# 1Hz Kbps trace generated by import_real_world_traces.py
1480.73
1667.47
1128.98
1679.19
1770.78
1877.58
2031.87
1910.70
1528.55
1528.55
1106.93
1150.07
1150.07
851.78
985.69
1840.22
1840.22
974.27
974.27
754.33
754.33
754.33
483.29
1320.64
1304.90
1385.71
1254.80
1409.94
1491.62
1596.09
1329.56
1585.78
1502.42
1718.49
1722.90
1926.90
1789.42
1925.39
2045.05
1534.84
2194.11
1663.05
1663.05
1305.00
1519.13
1519.13
863.31
863.31
749.58
951.69
1275.06
1275.06
896.94
2564.78
1297.55
849.35
1927.23
2136.60
1785.66
1678.30
1066.32
1066.32
1066.32
1066.32
381.32
381.32
381.32
381.32
409.71
409.71
658.68
841.74
1365.63
1319.52
1319.52
818.48
818.48
818.48
754.45
1392.17
1392.17
1392.17
1287.89
1287.89
1308.27
1308.27
1326.75
1298.80
1414.65
1414.65
1283.02
1783.17
1783.17
1355.74
1661.00
1661.00
688.62
1466.47
1411.77
1542.81
1175.58
1175.58
1097.77
1423.25
1041.00
1041.00
573.87
573.87
943.83
1482.64
1383.86
1383.86
1300.13
1138.87
1138.87
879.68
1228.49
1387.11
1552.99
1529.22
1824.43
1468.98
1626.39
1626.39
667.16
667.16
667.16
667.16
389.14
389.14
389.14
492.23
492.23
893.76
893.76
893.76
466.34
466.34
752.27
752.27
545.04
545.04
545.04
672.91
672.91
770.51
891.17
891.17
971.68
1122.45
1122.45
1116.19
1426.11
1371.27
1490.84
1393.09
1620.53
1459.39
1799.85
1730.90
1669.34
1850.84
1246.23
1680.46
1900.76
2029.08
1875.40
1875.40
1788.04
1936.92
2302.68
1758.94
1589.96
1892.68
1738.34
1502.98
1476.05
1424.83
1407.26
1407.26
1179.15
1207.34
1914.02
1732.18
1226.49
1224.84
1399.16
1571.73
1433.19
1427.68
958.21
958.21
954.64
954.64
824.26
824.26
855.69
855.69
667.23
618.58
618.58
618.58
762.52
953.23
953.23
1038.74
1018.68
1142.54
1142.54
1065.05
1030.00
1030.00
1101.59
1204.34
1050.72
1050.72
924.09
924.09
924.09
612.68
612.68
496.21
496.21
496.21
655.02
1061.06
1061.06
893.40
893.40
893.40
545.38
545.38
545.38
427.02
427.02
627.39
627.39
627.39
643.04
643.04
650.12
650.12
656.91
656.91
656.91
511.23
511.23
511.23
487.30
487.30
487.30
405.24
405.24
405.24
405.24
405.24
330.49
330.49
330.49
330.49
306.44
306.44
306.44
306.44
431.62
431.62
652.00
652.00
719.68
570.15
570.15
570.15
570.15
469.60
469.60
469.60
539.89
539.89
539.89
478.82
391.07
385.46
385.46
385.46
285.37
285.37
285.37
285.37
285.37
285.37
285.37
285.37
409.16
409.16
409.16
409.16
472.57
472.57
574.15
574.15
574.15
574.15
412.50
412.50
586.31
586.31
586.31
765.66
1272.06
967.76
967.76
967.76
967.76
430.92
430.92
683.86
