# 1Hz Kbps trace generated by import_real_world_traces.py
527.23
527.23
527.23
527.23
527.23
618.76
618.76
572.62
572.62
682.17
682.17
682.17
682.17
319.96
319.96
319.96
797.73
797.73
725.92
725.92
627.83
627.83
627.83
627.83
387.01
387.01
642.13
642.13
642.13
536.97
536.97
536.97
528.93
528.93
654.15
654.15
729.12
729.12
810.28
1040.47
1040.47
807.22
807.22
877.45
877.45
759.94
759.94
506.28
506.28
506.28
506.28
402.79
402.79
402.79
332.35
332.35
332.35
363.86
363.86
363.86
363.86
456.23
456.23
456.23
467.31
467.31
467.31
467.31
359.91
359.91
359.91
359.91
361.49
361.49
361.49
349.67
349.67
349.67
349.67
449.33
449.33
646.97
646.97
646.97
439.67
439.67
439.67
396.23
396.23
396.23
396.23
426.70
426.70
426.70
426.70
343.12
343.12
343.12
343.12
452.33
452.33
452.33
452.33
326.99
326.99
606.45
606.45
606.45
738.27
817.52
817.52
1074.98
819.00
819.00
819.00
661.31
661.31
693.08
693.08
693.08
527.08
527.08
527.08
527.08
356.13
356.13
356.13
445.58
445.58
445.58
554.22
554.22
601.87
601.87
601.87
535.46
535.46
535.46
535.46
357.33
357.33
357.33
499.06
499.06
499.06
481.41
481.41
481.41
504.66
504.66
585.98
585.98
685.97
685.97
685.97
663.21
663.21
796.20
747.64
794.63
794.63
794.63
706.00
706.00
825.82
825.82
590.33
732.97
677.39
704.79
704.79
704.79
704.79
704.79
657.22
657.22
657.22
591.23
591.23
515.19
515.19
515.19
579.95
579.95
580.11
580.11
580.11
700.35
700.35
700.35
369.21
369.21
539.67
539.67
539.67
603.42
603.42
603.42
628.56
628.56
628.56
416.28
416.28
416.28
486.38
486.38
486.38
499.59
499.59
499.59
536.49
536.49
536.49
617.62
735.17
735.17
1072.40
853.03
853.03
784.87
784.87
666.07
666.07
898.48
783.59
783.59
917.39
917.39
786.51
786.51
810.94
810.94
706.06
706.06
739.04
694.62
694.62
694.62
688.27
688.27
686.16
686.16
616.21
616.21
616.21
531.66
531.66
571.94
571.94
571.94
639.72
639.72
678.67
678.67
678.67
492.53
492.53
753.96
753.96
863.02
863.02
745.85
745.85
719.27
719.27
678.98
678.98
756.83
756.83
820.86
820.86
686.24
686.24
708.80
708.80
752.98
752.98
666.57
666.57
807.18
807.18
735.05
735.05
735.05
566.61
566.61
838.99
793.63
793.63
760.34
760.34
766.81
766.81
777.92
777.92
749.42
749.42
690.51
690.51
557.31
1036.64
1036.64
990.86
1013.18
1013.18
869.83
810.67
746.73
