# 1Hz Kbps trace generated by import_real_world_traces.py
665.80
665.80
652.95
652.95
652.95
617.49
617.49
632.35
632.35
529.22
529.22
529.22
545.24
545.24
545.24
474.51
474.51
474.51
543.72
543.72
543.72
378.86
378.86
378.86
693.89
693.89
774.12
774.12
867.83
909.93
909.93
915.71
1085.61
1085.61
1011.65
992.51
1056.09
951.79
951.79
1003.69
891.50
891.50
891.50
767.16
851.59
851.59
979.58
732.98
732.98
732.98
659.78
659.78
659.78
659.78
411.37
411.37
594.66
594.66
525.67
525.67
525.67
690.71
690.71
612.24
612.24
612.24
517.52
517.52
517.52
517.52
383.82
383.82
835.02
835.02
721.14
721.14
721.14
422.67
422.67
422.67
507.72
507.72
630.45
630.45
630.45
537.32
537.32
537.32
558.10
558.10
691.21
691.21
755.87
755.87
909.32
1005.16
1005.16
823.54
823.54
822.59
822.59
629.89
629.89
629.89
629.89
426.95
426.95
426.95
417.75
417.75
417.75
417.75
417.75
327.36
327.36
327.36
469.34
469.34
469.34
445.48
445.48
445.48
445.48
392.00
392.00
392.00
392.00
348.83
348.83
348.83
353.35
611.42
611.42
611.42
611.42
475.20
475.20
475.20
511.09
511.09
511.09
511.09
396.68
470.55
369.81
369.81
398.44
