# 1Hz Kbps trace generated by import_real_world_traces.py
914.15
914.15
914.15
664.96
812.77
812.77
894.16
894.16
848.83
848.83
1095.16
914.69
844.75
844.75
1042.08
1042.08
875.93
875.93
854.41
1117.60
1292.10
1292.10
1143.08
1143.08
732.56
1488.88
1663.25
1785.46
1255.13
1581.50
1036.27
1502.98
1718.80
1643.46
1664.29
1501.61
1345.49
1305.77
1749.70
1749.70
657.27
1467.05
1734.17
1694.16
1488.78
1951.25
1530.71
1692.34
1933.45
1716.22
1311.10
1306.92
1306.92
1111.34
2016.12
1626.77
2289.70
1806.40
1414.35
1507.83
1577.55
1759.37
1893.00
1774.74
1963.81
1479.97
1490.21
1429.84
1435.79
1547.03
1547.03
1137.34
1500.01
1500.01
1500.01
1162.35
1313.99
1117.24
1117.24
1391.00
1040.89
1040.89
952.34
1157.64
1440.63
1371.31
1371.31
1079.48
1023.10
1023.10
963.97
1446.14
1240.08
1240.08
1327.31
1623.26
1623.26
1125.47
1364.58
1605.27
1876.49
1691.93
1686.93
1600.86
1322.14
1201.80
999.90
999.90
1107.42
1192.07
1639.84
1639.84
1154.37
1124.07
1124.07
894.20
1044.63
1044.63
1070.68
1277.50
1277.50
747.14
747.14
694.55
694.55
878.02
1059.22
1131.35
1131.35
870.11
870.11
933.66
993.23
993.23
867.16
867.16
839.77
1021.36
1021.36
920.63
920.63
872.34
930.17
930.17
883.83
1028.56
1028.56
846.02
846.02
690.34
690.34
917.71
917.71
786.46
703.07
703.07
461.66
461.66
669.42
669.42
743.11
743.11
981.53
917.84
927.05
927.05
927.05
927.05
927.05
927.05
927.05
863.06
863.06
835.32
835.32
860.31
1047.48
1047.48
768.06
768.06
768.06
668.19
668.19
690.64
690.64
526.68
526.68
742.13
742.13
742.13
597.03
597.03
638.20
638.20
638.20
638.20
404.46
404.46
404.46
404.46
404.46
324.09
324.09
324.09
486.08
486.08
746.89
797.07
797.07
797.07
633.92
633.92
633.92
633.92
338.02
338.02
338.02
338.02
347.08
347.08
347.08
446.21
446.21
644.79
644.79
618.15
618.15
564.25
564.25
564.25
569.13
569.13
569.13
554.44
961.64
961.64
738.65
738.65
676.90
1172.94
1993.33
1881.79
1928.89
1781.48
1646.79
1767.93
1652.88
1065.59
1065.59
935.17
935.17
778.46
778.46
702.93
702.93
1018.91
862.64
862.64
846.32
846.32
730.04
730.04
657.47
657.47
748.91
748.91
806.24
806.24
929.14
929.14
567.94
567.94
567.94
670.21
850.65
850.65
734.37
734.37
1157.26
1157.26
634.72
634.72
665.94
665.94
665.94
609.85
1242.71
1242.71
1280.73
1016.16
1016.16
1079.82
861.05
686.99
686.99
686.99
1404.67
1260.18
1190.31
1190.31
941.47
1330.32
1330.32
1410.54
1410.54
1204.13
1204.13
642.71
642.71
642.71
558.04
558.04
558.04
589.01
