# 1Hz Kbps trace generated by import_real_world_traces.py
299.65
299.65
406.23
406.23
406.23
406.23
444.89
444.89
797.87
797.87
927.01
927.01
685.87
920.37
1283.82
1283.82
1283.82
590.87
590.87
590.87
590.87
590.87
338.14
1023.46
1115.27
1115.27
1130.32
1126.39
1126.39
636.02
636.02
839.14
839.14
725.73
725.73
884.50
884.50
484.61
484.61
1678.40
1736.59
1438.56
1404.78
1404.78
952.62
1264.09
1536.69
1180.60
1180.60
969.66
1105.38
1210.83
1627.84
1811.84
1915.35
2276.68
2166.70
1748.05
1652.80
1905.95
2300.27
2095.94
1829.43
2138.18
2307.01
2327.00
2358.28
1505.77
1597.34
1472.43
1690.38
1690.38
1357.65
1449.64
1540.58
1483.54
1668.62
1773.12
1536.54
1536.54
1536.54
1113.92
1113.92
1113.92
583.95
583.95
850.76
850.76
850.76
506.88
506.88
506.88
462.29
462.29
462.29
462.29
555.98
605.41
605.41
872.95
872.95
698.64
698.64
943.80
1365.68
1516.85
1526.56
2042.39
2429.85
2181.03
2118.86
2168.48
1210.41
1019.50
1917.00
1777.56
1777.56
1107.35
1056.73
1056.73
820.49
723.30
723.30
965.95
1570.02
1325.33
1412.40
1412.40
1136.32
1187.66
1187.66
1264.96
1081.64
979.17
979.17
1027.32
1027.32
842.04
1475.95
1222.83
1291.58
1291.58
996.43
1069.13
1127.97
1127.97
1102.78
1529.55
1184.14
1175.02
1175.02
801.68
801.68
731.80
731.80
731.80
533.38
1257.96
1558.66
1675.13
1657.34
1786.42
2020.93
1798.19
1693.19
1946.87
1971.72
1971.72
1559.28
1559.28
818.94
818.94
818.94
818.94
295.78
295.78
295.78
295.78
295.78
295.78
265.31
265.31
265.31
462.13
462.13
1266.30
1276.51
1451.06
1725.59
2339.58
2378.16
2509.84
3889.11
3707.95
2938.96
2997.83
2838.37
3429.61
2499.15
2590.25
2560.53
2696.37
3017.64
2593.95
2601.57
2683.26
3301.99
3017.62
2581.46
2021.16
2207.31
2523.29
2014.58
1583.30
1589.34
1132.97
1132.97
1003.07
1003.07
687.57
902.71
902.71
902.71
902.71
454.59
454.59
941.35
1037.82
1037.82
1069.47
1128.33
1128.33
892.46
564.34
574.04
969.75
969.75
969.75
987.79
987.79
1122.31
1560.56
1739.02
1982.33
1992.66
1972.01
2220.02
1264.84
1634.09
2280.75
2679.43
2664.04
2181.03
1711.59
1448.57
1083.39
2078.64
1919.53
1442.84
1442.84
918.05
918.05
777.94
777.94
824.79
583.94
583.94
583.94
601.88
601.88
601.88
503.91
503.91
503.91
503.91
503.91
260.63
260.63
260.63
486.66
486.66
486.66
508.59
508.59
508.59
458.21
458.21
458.21
708.82
1224.31
1224.31
729.03
729.03
729.03
427.77
427.77
427.77
427.77
369.20
