# 1Hz Kbps trace generated by import_real_world_traces.py
1254.05
1254.05
941.08
932.81
932.81
1197.66
1287.37
1230.05
1660.04
1645.59
1626.00
1603.00
1753.38
1775.87
1645.35
1671.48
1669.27
1647.07
1633.97
1696.18
1617.96
1914.95
2486.80
2359.52
1982.30
2062.29
1457.42
1457.42
1115.01
1524.42
1192.06
1479.57
1527.37
1475.38
1763.56
1846.34
1656.88
1857.90
1736.41
1891.36
2015.43
2295.20
1960.81
1788.65
1815.31
1864.91
1942.63
2099.79
2059.95
1365.29
1715.10
1841.22
1840.65
1736.01
1764.47
1838.78
1534.99
1597.61
1502.49
1502.49
1502.49
1536.16
1902.58
1335.40
1324.60
1274.89
1331.08
1331.08
1107.26
1286.55
1874.77
1874.77
1466.25
1338.20
1532.54
1425.97
1224.85
1351.02
1473.49
1415.60
1493.79
1562.40
1613.61
1679.93
1435.58
1535.68
1474.44
1270.16
1177.79
1064.29
1064.29
1052.23
1448.69
1448.69
658.95
658.95
646.72
646.72
1083.21
1248.81
1239.02
1239.02
1131.53
892.83
892.83
892.83
601.10
601.10
700.44
700.44
700.44
700.44
362.73
362.73
538.62
538.62
538.62
715.80
715.80
843.00
916.89
916.89
952.36
1054.87
1054.87
1004.50
1004.50
656.48
656.48
601.87
601.87
1004.87
1101.49
1101.49
1062.45
960.37
960.37
826.81
826.81
817.04
817.04
855.46
924.74
924.74
803.94
803.94
803.94
794.96
794.96
840.92
840.92
624.84
524.33
561.01
686.99
686.99
686.99
1223.26
1223.26
981.63
1145.85
1145.85
668.79
668.79
758.76
758.76
758.76
675.52
960.46
1110.74
1110.74
921.27
921.27
752.75
752.75
752.75
590.62
590.62
590.62
503.54
503.54
776.93
1138.49
1138.49
904.85
1076.60
1314.41
1316.61
1316.61
1307.41
1076.74
1211.44
1173.38
1161.13
1082.40
1082.40
1293.85
1136.13
1487.40
1291.91
1291.91
1052.23
1064.72
1064.72
856.89
842.53
842.53
996.02
996.02
865.64
1178.58
1173.08
1173.08
1001.41
1042.29
1042.29
882.27
882.27
1073.42
1248.79
913.98
913.98
750.38
750.38
750.38
688.55
688.55
688.55
402.01
402.01
1052.46
932.22
932.22
866.94
1063.07
1063.07
985.81
985.81
924.40
924.40
532.08
532.08
1075.16
992.89
992.89
749.22
749.22
843.83
1046.49
1046.49
959.49
959.49
959.49
959.49
467.73
467.73
467.73
625.83
625.83
828.88
1039.47
1078.74
1078.74
1078.74
852.63
852.63
854.45
854.45
829.08
829.08
723.79
723.79
723.79
480.35
480.35
480.35
480.35
488.64
682.45
682.45
682.45
513.19
513.19
975.19
854.64
854.64
1013.51
1098.59
1098.59
1084.36
1094.53
1094.53
1120.60
1158.02
1429.53
1189.47
1189.47
1061.79
949.55
949.55
890.42
765.38
765.38
663.13
663.13
622.95
622.95
783.25
783.25
989.77
1056.40
940.83
940.83
996.74
996.74
1101.21
