# 1Hz Kbps trace generated by import_real_world_traces.py
762.44
762.44
762.44
769.71
912.20
912.20
837.45
837.45
877.71
877.71
1007.93
1061.07
1503.66
1382.32
1382.32
936.38
825.51
825.51
1008.32
1008.32
689.61
689.61
689.61
593.31
593.31
592.01
592.01
613.98
613.98
613.98
697.64
1245.68
1251.56
1481.09
1376.11
1097.95
1097.95
644.72
644.72
799.90
799.90
800.03
800.03
834.10
914.95
938.81
938.81
1052.91
1052.91
852.59
852.59
903.00
852.60
852.60
813.46
813.46
937.24
937.24
837.26
837.26
787.21
1097.93
1086.64
1086.64
745.45
1290.17
1290.17
1021.55
1054.05
1054.05
994.32
1129.99
1129.99
920.78
920.78
814.59
814.59
906.57
968.39
968.43
968.43
1013.98
1013.98
762.52
762.52
762.52
441.02
441.02
441.02
441.02
441.02
314.20
314.20
314.20
314.20
314.20
250.70
250.70
250.70
250.70
250.70
318.68
318.68
318.68
448.53
448.53
797.10
797.10
695.49
638.82
638.82
638.82
638.82
495.69
495.69
495.69
388.72
388.72
388.72
476.96
591.98
680.05
636.10
636.10
636.10
636.10
737.00
737.00
737.00
737.00
458.97
458.97
458.97
388.73
388.73
388.73
388.73
444.89
895.03
895.03
1157.60
983.78
983.78
927.47
927.47
817.72
1176.35
1046.45
1046.45
1009.15
1009.15
790.27
790.27
879.29
879.29
735.38
987.45
1249.18
1249.18
1095.53
963.45
963.45
709.13
709.13
944.39
1020.22
760.17
760.17
760.17
680.93
864.65
864.65
1042.78
996.14
996.14
692.42
692.42
1005.37
1005.37
671.24
671.24
765.06
818.10
818.10
797.91
797.91
763.35
763.35
879.95
879.95
851.63
851.63
849.55
943.91
943.91
943.91
605.04
605.04
696.86
696.86
750.79
750.79
750.79
542.44
542.44
542.44
495.76
495.76
495.76
517.72
517.72
625.75
625.75
658.41
658.41
688.37
688.37
838.02
838.02
838.02
556.93
556.93
565.73
565.73
565.73
526.04
526.04
526.04
516.61
516.61
823.09
909.39
909.39
616.95
616.95
616.95
693.70
693.70
579.86
579.86
781.75
829.31
829.31
715.16
715.16
715.16
517.81
517.81
637.53
827.19
894.05
894.05
894.05
894.05
894.05
780.01
780.01
891.80
922.39
922.39
709.36
709.36
806.18
806.18
806.18
781.86
781.86
533.64
533.64
569.84
569.84
569.84
513.27
513.27
684.47
684.47
684.47
624.76
624.76
602.12
602.12
602.12
548.83
548.83
548.83
485.92
485.92
485.92
546.86
546.86
592.00
592.00
637.19
637.19
758.74
758.74
758.74
524.49
524.49
664.81
664.81
654.62
654.62
567.91
567.91
669.13
669.13
749.65
749.65
891.05
891.05
707.47
707.47
790.23
