# 1Hz Kbps trace generated by import_real_world_traces.py
707.84
707.84
707.84
573.82
573.82
952.67
952.67
759.02
835.89
835.89
835.89
877.27
798.52
798.52
907.19
860.40
860.40
820.63
820.63
820.63
777.18
824.68
824.68
898.75
898.75
960.31
840.61
840.61
760.42
760.42
932.38
932.38
776.16
776.16
746.12
765.30
765.30
839.18
836.91
836.91
878.60
878.60
878.60
510.99
510.99
661.58
661.58
661.58
604.04
604.04
712.96
810.28
810.28
853.38
853.38
641.96
641.96
641.96
659.62
659.62
628.30
628.30
628.30
472.39
472.39
566.34
566.34
566.34
683.61
683.61
698.01
698.01
808.83
808.83
779.73
779.73
668.10
668.10
668.10
532.83
532.83
478.33
478.33
478.33
478.33
478.33
381.74
381.74
381.74
381.74
325.76
325.76
325.76
474.42
474.42
728.13
728.13
879.84
879.84
773.75
773.75
768.15
1081.56
1081.56
916.86
916.86
631.82
631.82
752.72
752.72
723.56
723.56
672.87
672.87
672.87
621.07
621.07
621.07
534.52
534.52
534.52
534.52
534.52
286.00
286.00
286.00
286.00
254.18
254.18
325.10
325.10
325.10
325.10
325.10
325.10
325.10
263.90
263.90
263.90
263.90
413.41
413.41
618.81
583.61
677.39
466.50
466.50
466.50
466.50
466.50
586.73
586.73
1104.64
1116.07
1327.82
1447.40
1447.40
1594.08
1318.03
968.54
968.54
968.54
621.57
1200.07
1721.47
1014.99
1014.99
813.69
1249.93
1249.93
1218.01
1087.93
1087.93
805.47
805.47
714.32
714.32
714.32
542.53
542.53
434.25
434.25
434.25
571.73
571.73
571.73
346.98
346.98
510.50
510.50
510.50
525.19
525.19
525.19
546.52
546.52
546.52
471.10
471.10
471.10
471.10
443.01
443.01
363.30
363.30
363.30
363.30
363.30
363.30
286.97
286.97
286.97
286.97
286.97
303.30
303.30
303.30
528.50
528.50
528.50
447.03
447.03
611.72
611.72
611.72
611.72
611.72
321.50
321.50
321.50
482.39
482.39
482.39
482.39
384.25
384.25
384.25
384.25
384.25
264.35
264.35
264.35
264.35
264.35
264.35
284.19
284.19
284.19
284.19
284.19
266.61
266.61
266.61
266.61
354.63
354.63
354.63
448.78
448.78
448.78
559.16
559.16
865.29
865.29
846.32
846.32
561.93
561.93
687.86
687.86
997.88
997.88
962.99
876.14
876.14
787.79
787.79
787.79
787.79
431.28
431.28
431.28
431.28
431.28
242.75
242.75
242.75
242.75
362.35
362.35
362.35
362.35
362.35
362.35
362.35
220.50
220.50
220.50
220.50
330.51
330.51
330.51
330.51
330.51
301.17
301.17
807.56
807.56
787.92
787.92
787.92
628.13
