# 1Hz Kbps trace generated by import_real_world_traces.py
1221.41
1221.41
737.98
737.98
870.77
1450.14
1078.43
1078.43
1220.30
1220.30
475.64
475.64
668.66
668.66
1264.96
1004.48
1004.48
1004.48
690.00
690.00
664.39
664.39
567.55
567.55
567.55
669.86
669.86
669.86
459.36
459.36
459.36
459.36
323.57
323.57
323.57
323.57
413.61
413.61
686.42
996.90
1031.40
1031.40
1049.81
1000.30
962.89
962.89
985.66
985.66
826.38
826.38
690.62
690.62
690.62
594.84
937.81
907.19
907.19
907.19
785.40
785.40
573.03
573.03
573.03
359.27
359.27
359.27
359.27
359.27
359.27
273.44
273.44
273.44
273.44
273.44
284.51
284.51
284.51
284.51
284.51
284.51
308.17
308.17
308.17
308.17
308.17
260.56
260.56
260.56
441.37
441.37
1033.25
1135.67
1135.67
1072.64
985.68
985.68
1085.23
1023.99
1023.99
1023.99
481.78
481.78
752.19
1268.55
1468.78
1468.78
1279.53
1273.61
1218.64
1269.57
1349.33
1384.52
1352.97
1352.97
1276.92
1383.25
1048.04
1468.26
1540.95
1319.52
1350.25
1238.66
1362.19
1365.36
1365.36
1719.41
1630.28
1742.96
1210.95
1481.63
1481.63
1130.68
1199.53
1185.15
1403.60
1403.60
1101.78
1343.84
1354.45
1308.30
1308.30
1290.91
1374.78
1410.97
1410.52
1374.27
1240.74
1324.60
1317.92
1304.50
1460.36
1510.19
1510.19
1185.87
1370.59
1248.47
1286.21
1495.57
1621.76
1429.42
1283.86
1416.26
1375.55
1375.55
1338.02
1398.86
1223.75
1205.75
1227.00
1227.00
1356.57
807.75
807.75
1196.12
1395.79
1237.60
1594.19
1754.10
1424.61
1459.24
1521.50
1521.50
709.09
709.09
787.94
787.94
998.67
1121.60
1173.95
1173.95
1021.94
924.54
924.54
1027.49
1378.80
1378.80
1349.94
1415.34
1232.45
1468.04
1468.04
1468.04
1468.04
909.72
909.72
909.72
652.84
652.84
504.07
504.07
504.07
669.07
669.07
546.16
546.16
546.16
546.16
470.47
470.47
470.47
470.47
297.19
297.19
694.13
992.05
992.05
837.06
837.06
783.21
783.21
1054.23
1014.08
1014.08
1156.13
953.42
1111.33
1111.33
1050.41
1018.49
1018.49
1094.16
1188.55
1109.92
1030.48
1184.35
1184.35
1141.82
1059.84
1059.84
1014.49
939.26
994.22
994.22
955.16
955.16
1089.02
1077.72
1136.00
1136.00
952.49
952.49
831.29
831.29
801.54
801.54
782.28
782.28
523.33
523.33
812.51
812.51
879.50
879.50
756.12
756.12
606.61
606.61
777.50
777.50
785.13
785.13
1143.55
958.93
1111.63
1111.63
1111.63
771.00
771.00
669.52
669.52
648.83
648.83
753.52
1031.31
1031.31
1026.76
907.79
907.79
862.90
862.90
812.95
812.95
810.77
810.77
848.23
848.23
429.95
526.09
526.09
526.09
526.09
530.50
530.50
811.26
1138.30
1153.25
