# 1Hz Kbps trace generated by import_real_world_traces.py
1217.41
1217.41
904.21
904.21
668.53
668.53
867.17
1085.55
1085.55
1125.86
1048.87
1032.56
1032.56
1150.39
1146.70
1146.70
1267.31
843.39
843.39
992.22
1307.58
1213.17
1399.82
1436.44
1436.44
1016.92
1016.92
1068.73
1068.73
1039.51
1388.98
1451.41
1726.96
1798.06
1776.63
1637.16
1935.34
2169.05
2143.14
1867.22
1983.40
2261.04
2079.47
1953.58
1922.86
1706.30
1911.85
1929.63
1777.90
1527.54
1719.23
2174.73
2553.92
2397.13
2503.67
2448.77
2263.63
2629.07
2221.06
1767.91
2131.65
1670.71
1597.78
1690.78
1690.78
1120.70
1120.70
1120.70
1120.70
552.67
671.46
1679.19
2075.22
1999.50
1903.50
1903.50
1903.50
742.85
898.31
898.31
1233.23
1024.31
1024.31
1016.06
1219.81
1403.85
1974.90
1701.35
1462.74
1805.71
1530.60
1803.88
1954.38
1233.75
1331.40
1331.40
987.70
987.70
712.60
712.60
712.60
325.13
3224.78
4040.59
4216.55
4175.99
4053.98
4140.43
4788.69
4674.26
4399.78
4603.49
4423.65
4502.37
4498.30
3965.38
2323.31
2453.53
2809.34
3667.46
4633.70
4569.09
4501.54
4517.38
4306.17
4474.85
4737.37
4207.19
2964.72
2227.75
2833.13
2946.71
2216.45
1852.29
1793.82
2270.00
1836.33
2109.46
2096.81
2132.70
1774.51
1746.71
1728.45
1811.70
1961.21
2237.97
1903.44
2085.38
2291.43
1864.30
1796.62
1601.95
1624.88
1280.13
1518.08
1566.85
1480.91
1723.75
2017.47
1543.51
1661.77
1661.77
2255.12
1689.96
1893.59
1941.83
1941.83
1753.10
1771.62
1551.13
1326.67
1326.67
1122.53
1631.82
1328.29
2030.68
1875.34
1787.34
1757.24
1759.24
1430.78
1493.80
1620.88
1482.29
1212.18
1249.54
1249.54
1155.53
1410.29
1044.00
989.46
989.46
868.58
868.58
685.51
685.51
742.05
1244.82
1376.92
1376.92
1585.06
1049.41
1133.44
1133.44
1117.21
1052.24
1268.00
1367.73
1367.73
1367.73
719.55
719.55
701.03
1391.85
1391.85
907.54
1979.98
3198.83
2159.40
2417.55
1342.44
1363.93
1583.62
1934.38
2768.85
2911.11
2518.43
1855.27
1764.65
1891.71
1891.71
1891.71
1891.71
1891.71
1055.96
1055.96
1190.89
1600.10
1613.01
1277.37
1277.37
1278.57
