# 1Hz Kbps trace generated by import_real_world_traces.py
876.44
992.71
825.05
825.05
795.06
795.06
1076.48
1056.68
1056.68
1055.14
974.91
974.91
962.92
962.92
924.01
955.50
1088.12
1088.12
937.36
1057.87
1057.87
933.56
1098.42
811.87
811.87
1084.57
1054.18
1054.18
886.62
886.62
764.55
764.55
777.21
908.62
908.62
668.46
668.46
668.46
707.74
707.74
654.61
801.35
801.35
801.35
641.27
641.27
641.27
450.74
450.74
450.74
450.74
391.77
391.77
391.77
690.99
807.88
807.88
833.83
833.83
755.89
755.89
780.93
780.93
629.81
629.81
629.81
661.84
661.84
606.19
606.19
606.19
630.26
630.26
512.94
512.94
512.94
554.04
554.04
554.04
475.17
475.17
475.17
534.79
534.79
534.79
403.16
403.16
685.38
685.38
785.03
785.03
872.10
872.10
913.21
917.83
917.83
1068.12
1013.34
1013.34
999.19
983.94
983.94
1002.52
1002.52
841.95
841.95
794.85
840.27
896.48
