# 1Hz Kbps trace generated by import_real_world_traces.py
1944.91
1625.74
1198.29
1198.29
839.16
2095.04
2257.04
2755.28
3597.43
2808.63
2725.04
2787.20
2561.00
2915.67
3097.22
2565.34
3287.85
3401.52
2871.68
2167.58
2304.89
2351.26
2886.35
2743.85
2432.26
2189.93
2555.63
2174.39
2540.31
2573.40
2511.77
2303.62
2334.78
2133.51
2001.62
1991.36
2044.44
2222.06
2414.72
2284.30
2079.59
2053.50
2056.57
2001.96
2001.96
1918.42
2257.93
2212.44
2388.56
2839.65
2020.31
2288.31
2366.22
1721.37
2081.37
2236.29
2420.98
2357.65
2244.88
2240.15
2363.98
2159.98
1820.48
1919.41
1977.23
1977.72
2018.88
1973.74
2205.69
2255.19
2190.49
2190.59
2121.70
2080.81
2096.87
1981.56
1916.84
2101.75
1901.08
2002.36
2291.70
1842.61
1840.80
1693.62
1592.83
1419.58
1419.58
1140.27
1233.19
1532.88
1578.64
1455.88
1455.88
1008.00
1552.24
1629.54
1629.54
1817.45
1817.45
1468.32
1468.32
1551.86
1241.22
1308.45
1313.29
1313.29
723.78
723.78
822.49
822.49
880.92
985.14
1412.12
2100.31
2374.23
2240.82
2912.31
2198.54
1961.00
2297.19
2153.37
2159.74
2108.76
2310.96
1926.17
2003.47
2064.20
1962.89
2126.82
2124.69
1685.50
1619.58
1922.08
2134.32
2775.41
2688.18
2010.45
1836.69
2356.54
2050.29
2042.95
2011.13
2116.34
1733.26
1823.57
1862.33
1681.51
1670.42
1688.22
1949.75
2050.45
2320.35
2320.35
2169.52
2287.06
2097.00
2071.20
2106.65
2029.63
2464.57
2848.80
2760.71
2314.69
1897.48
2059.65
2455.01
2683.71
2525.31
2109.08
2302.50
2242.55
2259.62
2408.51
2528.29
2444.84
2218.00
2237.08
1994.41
1665.07
1782.17
2078.52
2050.86
2114.82
1903.85
1530.97
1620.67
1695.40
1828.25
1968.27
1908.55
1713.85
1735.67
1866.83
1930.17
1989.41
1821.95
1784.17
1818.46
1915.86
2081.38
1905.14
1948.05
1948.05
2155.41
1868.96
1868.96
1730.12
1926.52
