# 1Hz Kbps trace generated by import_real_world_traces.py
1396.05
1896.41
1038.36
1038.36
1483.39
2153.31
2327.59
2405.86
1691.68
1236.53
2016.57
1770.05
1894.94
2058.47
2046.60
2014.72
1796.67
1880.46
1935.25
2003.98
1980.71
1728.38
1447.36
1803.91
1803.91
1437.39
1477.23
1603.22
1308.79
2023.33
2023.33
1470.66
1164.14
1492.28
1610.39
1790.42
1444.18
1840.62
1821.90
1875.17
1975.16
1867.72
1609.11
1550.95
1963.08
1821.10
1739.78
1556.80
1706.64
1810.45
1758.44
1704.64
1544.22
1853.33
1890.35
2275.74
2446.40
2446.40
1791.90
1821.57
1529.44
2165.62
1526.32
1690.33
1778.67
2052.42
1893.39
1825.29
1557.27
1295.30
1295.30
941.18
1718.09
1009.15
2628.81
2143.04
2483.62
1184.36
1829.92
1170.31
1557.03
1192.03
1192.03
803.00
803.00
1370.47
1370.47
998.58
1198.42
1198.42
1124.62
877.26
1331.06
1331.06
1239.85
1164.78
1255.65
1627.30
1838.08
1909.78
2134.73
2215.62
1752.13
1691.64
2097.49
1708.62
1569.13
2016.66
2277.08
1949.23
1515.86
2117.24
1483.48
1892.05
2012.59
1851.66
1810.35
1818.12
2073.98
2114.08
2114.08
1776.54
1627.25
1544.84
1984.49
1248.28
1248.28
1248.28
839.03
1042.87
1126.34
1292.39
1527.04
1527.04
994.85
1425.24
1323.80
1198.15
1198.15
1137.29
1259.13
1308.62
1255.17
1255.17
723.92
723.92
860.34
860.34
737.89
630.40
630.40
630.40
590.99
590.99
708.09
1467.70
1467.70
805.27
805.27
857.28
793.40
793.40
824.80
824.80
640.39
640.39
737.55
737.55
859.85
987.94
1274.13
1274.13
1212.37
1212.37
736.95
1100.59
1571.45
1457.62
1752.91
1816.26
1409.60
1409.60
987.34
1318.66
1455.49
1696.06
1296.65
1559.70
1592.01
1506.27
1249.34
1845.85
1668.13
1416.67
1356.89
1356.89
921.90
1154.04
1154.04
1231.10
1231.10
1245.82
1449.53
1154.33
971.53
1267.26
1267.26
1866.57
1799.15
1170.84
2090.94
1547.87
1539.61
1945.03
1945.03
909.38
909.38
1315.39
1039.98
1893.72
2057.67
2151.25
2275.67
2084.63
1999.35
1873.77
2001.52
1910.25
2205.79
1794.04
2263.27
2100.51
2394.24
1069.06
2074.14
1602.71
1682.22
1583.54
1172.04
1641.19
1386.34
1916.92
2286.14
1318.99
1756.84
1986.33
1006.41
1006.41
1006.41
445.72
445.72
445.72
445.72
368.70
368.70
368.70
516.60
516.60
516.60
452.61
452.61
452.61
452.61
466.23
466.23
466.23
408.72
408.72
408.72
459.15
459.15
459.15
459.15
350.40
350.40
350.40
350.40
452.41
452.41
528.90
528.90
754.68
754.68
613.45
613.45
613.45
708.63
708.63
704.25
850.89
896.11
896.11
1100.24
1483.82
1725.69
958.36
958.36
958.36
958.36
2029.01
1773.69
809.70
809.70
809.70
619.22
619.22
676.10
