# 1Hz Kbps trace generated by import_real_world_traces.py
868.42
2866.47
1624.43
1341.90
1540.89
1541.87
1151.98
1713.87
1756.42
1681.35
1723.32
1665.57
1605.00
1602.71
1602.71
993.82
1079.99
948.03
430.93
995.31
1237.01
864.99
831.52
1088.13
743.73
732.80
864.61
1003.23
1050.82
1178.60
1063.75
971.51
971.51
1063.32
1184.46
1426.51
1402.93
1224.78
1177.55
368.30
662.54
984.99
1008.85
857.58
1122.41
1425.11
1393.72
1442.89
1090.44
880.08
697.63
897.12
953.01
923.79
1303.90
922.81
1075.21
1637.17
936.75
1233.61
1233.61
690.47
1090.19
1277.67
793.17
661.81
366.02
862.43
1061.82
918.11
781.86
975.13
962.26
1012.69
800.34
426.73
515.80
479.05
212.59
822.67
1113.87
1113.87
817.66
1027.22
1062.26
811.79
1101.69
791.36
892.69
957.09
1163.04
963.15
915.19
1006.24
1047.03
1084.93
1084.93
1066.91
999.37
842.26
1036.74
1166.35
1061.50
1112.93
985.89
1138.30
796.98
794.34
800.85
800.85
735.28
724.21
400.18
686.78
1052.99
836.86
899.69
1175.99
880.10
1151.51
1098.68
848.48
846.10
873.81
864.48
822.99
988.96
1362.28
830.54
841.79
631.80
631.68
604.93
604.93
516.84
661.43
951.06
744.31
660.80
808.87
391.34
505.15
613.11
600.91
675.37
758.09
811.63
702.53
392.85
195.04
788.31
1268.58
1268.58
1241.58
1125.75
1064.48
1116.96
1066.08
1072.44
1008.05
506.40
918.42
666.32
620.50
1076.27
1052.70
1221.51
1201.56
827.65
972.99
476.35
459.18
664.87
1170.89
1170.89
1217.13
1315.78
1282.00
405.21
1315.88
975.36
1304.23
1344.42
1439.29
1318.09
1005.30
955.69
949.95
695.42
687.78
389.41
461.26
483.36
483.36
306.17
172.41
622.71
552.58
441.54
534.75
433.56
657.93
795.12
208.82
915.34
846.84
1066.42
693.72
672.36
699.50
699.50
588.67
806.44
604.81
544.90
464.51
775.87
936.45
852.88
1083.73
548.67
245.36
439.91
456.11
702.63
1061.27
1075.69
683.35
1105.04
875.80
836.28
956.58
548.89
378.83
345.73
617.28
508.66
519.48
581.34
571.95
612.78
618.76
621.70
486.93
566.04
635.83
592.19
415.37
512.95
658.42
658.42
542.81
562.85
641.31
597.65
652.30
541.31
482.71
510.01
400.66
172.33
521.98
574.20
486.62
726.07
596.07
536.17
632.93
741.99
708.51
700.57
643.07
643.07
745.27
516.38
514.31
455.10
608.24
725.78
425.42
609.23
580.01
901.04
1162.57
1152.17
790.71
1146.46
731.72
745.06
989.22
620.58
572.38
639.67
413.16
427.31
304.47
128.63
541.10
351.11
268.24
367.49
278.03
278.03
100.05
507.22
815.07
672.65
1184.87
708.13
1282.79
908.15
1047.85
964.54
964.54
712.01
722.90
422.59
702.49
755.07
324.17
481.43
1256.26
1231.79
1231.79
839.17
1079.27
973.00
544.44
775.99
844.80
926.02
1106.55
974.18
654.28
849.08
882.00
1147.33
1147.33
658.32
524.94
599.04
397.02
763.92
446.00
423.74
460.79
500.89
752.02
1015.58
1724.06
1131.01
804.08
734.07
1521.52
1521.52
1123.64
1458.99
1020.37
1296.66
1128.98
1117.81
1807.66
1148.18
1375.43
1375.43
200.51
418.86
686.16
1036.56
1036.56
788.53
759.31
546.42
346.05
407.32
458.84
489.67
585.12
443.30
384.37
243.01
250.15
238.38
476.09
299.19
287.61
358.47
340.95
552.62
553.38
804.32
1002.10
1387.27
1113.14
901.03
901.03
1069.99
1242.47
1552.45
942.94
853.06
1331.72
1087.32
1088.19
1257.63
1213.67
1023.31
761.52
696.93
734.32
1178.61
608.33
805.10
759.00
556.79
693.54
607.40
425.21
425.21
392.50
314.55
472.03
224.44
332.41
755.60
1032.57
803.83
867.73
832.96
1046.04
608.83
909.37
1107.27
1182.95
858.17
1311.91
1152.90
1380.74
1324.59
1154.40
1310.42
1713.12
1081.88
896.79
592.55
561.17
693.62
981.76
1245.33
1522.36
1531.55
1661.16
1661.16
1521.35
1416.98
1164.88
1339.69
1605.79
1473.58
954.05
1502.77
1336.51
1068.71
1006.56
977.67
992.15
1290.42
1048.19
1526.31
1686.41
1319.91
894.58
1568.38
1568.38
1465.35
1634.29
1669.82
1659.71
1836.24
1866.50
1753.37
1832.89
2122.57
1881.81
2313.30
1709.47
1882.26
2300.42
2319.71
1697.92
1731.23
1731.23
2114.03
1890.48
2021.73
2070.61
2144.51
2165.05
1805.08
2265.50
2069.35
1780.89
1724.03
1060.53
1228.79
1228.79
1122.30
1204.12
1522.83
1310.70
1763.63
1973.88
2479.04
1989.23
1867.00
1650.13
2142.09
2150.91
1688.85
2236.32
1621.13
1621.13
1521.62
1494.00
1691.39
1580.84
1576.83
1913.01
1432.10
1737.72
1308.53
1539.20
1725.50
2264.57
1567.51
985.13
1056.99
1056.99
1343.09
1400.95
1597.59
1827.56
1660.71
2363.23
1861.52
2020.81
2070.27
1931.55
1676.48
1676.48
2248.45
2151.66
1937.15
1873.41
1972.26
1737.57
1960.02
1541.01
2051.56
1371.12
1831.43
1439.54
1586.62
1452.78
1573.06
1512.24
1512.24
1558.31
1667.06
1243.37
1389.80
1495.63
1365.58
1449.47
1701.48
1693.25
1730.33
1696.34
1696.34
1373.66
1286.95
1156.81
1026.71
936.13
1101.71
1370.77
718.53
733.44
498.79
457.11
673.51
559.68
768.98
625.73
318.12
689.90
876.02
837.17
282.75
364.74
364.74
442.08
815.06
1163.46
1328.79
1051.20
1011.49
1180.12
963.68
1241.81
1013.98
1166.50
1163.70
679.91
873.85
1057.29
564.49
763.25
706.00
641.11
636.16
636.16
1003.50
797.08
1088.74
800.31
909.26
837.50
958.13
1087.03
1003.74
966.40
1036.51
864.94
1222.83
756.74
865.06
570.96
887.53
1117.10
1117.10
560.56
586.63
583.71
461.74
292.12
550.00
477.24
382.79
460.48
500.64
481.69
572.74
444.38
309.14
280.44
520.11
352.56
254.37
361.26
232.49
510.27
711.52
711.52
944.57
1172.85
1084.71
1250.14
1190.35
990.81
1250.25
1292.40
1366.44
1268.34
1226.16
1029.28
962.05
1130.50
997.60
939.06
910.43
1031.13
1217.26
1146.40
980.22
1067.88
969.19
1080.86
1105.58
1037.22
1083.82
833.87
833.87
848.64
928.20
1017.81
1117.35
762.95
861.81
876.24
1019.94
859.29
922.31
734.43
766.23
856.11
954.18
586.68
674.54
844.32
816.69
480.61
414.97
604.92
652.22
1026.56
1026.56
775.63
781.86
795.00
742.46
996.12
1097.67
877.02
958.43
876.71
677.48
472.73
652.76
759.25
422.94
518.94
646.36
504.69
831.43
630.61
618.83
1100.47
944.69
1213.90
956.49
1168.86
1168.86
916.91
1019.69
1047.35
1020.29
886.13
639.21
708.88
903.90
1093.69
1104.15
1017.27
1245.12
981.14
1096.90
1102.77
1223.79
1194.42
639.03
1025.31
1314.15
1130.69
834.62
585.82
687.91
535.03
701.95
718.53
897.12
953.16
884.84
903.48
903.48
786.70
818.59
721.56
442.37
615.60
708.06
887.65
887.65
1058.40
788.92
821.86
835.04
1034.37
573.41
619.15
475.67
644.45
669.61
833.18
713.36
658.79
361.17
361.26
177.67
153.42
198.43
431.45
387.20
404.69
231.51
409.97
479.45
523.83
534.56
534.56
699.75
860.49
690.03
911.15
641.42
977.86
766.19
726.47
553.53
771.12
720.39
736.53
592.12
702.07
411.78
692.08
574.08
741.64
500.81
280.45
478.52
650.13
489.69
587.44
403.57
834.34
834.34
821.31
509.17
515.01
491.88
414.45
520.11
395.33
288.05
396.99
468.60
422.22
335.90
417.28
666.92
388.33
463.94
490.97
375.37
202.75
389.46
507.96
561.53
904.03
767.52
757.50
722.65
376.42
628.98
595.37
327.83
327.83
384.63
411.75
329.34
337.67
319.79
387.33
452.54
563.09
761.34
550.60
436.02
322.66
253.53
196.35
265.37
213.24
302.55
227.55
232.70
299.41
189.45
187.55
265.37
208.81
245.81
162.94
335.90
523.73
698.22
698.22
540.43
489.45
305.64
218.88
214.94
303.40
195.42
291.84
267.60
390.08
289.41
420.90
383.01
300.42
241.43
214.99
214.99
182.40
206.14
236.63
150.21
130.73
1017.24
1096.95
832.54
689.40
901.66
982.60
699.11
699.11
748.54
1032.27
1055.12
987.35
1072.94
1311.31
1001.73
587.68
159.38
244.38
289.63
986.95
559.39
579.38
918.31
978.75
690.17
1200.49
1359.56
1036.45
907.17
736.23
849.76
583.10
518.40
609.37
609.37
497.00
577.47
551.54
623.87
493.43
490.04
589.58
739.91
993.22
758.52
1003.72
1019.00
1265.25
859.83
1018.81
747.81
566.36
566.36
325.11
512.32
575.63
825.10
642.97
787.60
682.77
679.85
535.77
898.89
1248.58
1142.94
1170.91
1120.54
1110.26
1110.81
1255.69
1368.98
863.36
750.93
1121.70
1121.70
1050.61
1044.28
1012.86
1393.91
1508.90
1335.68
1196.70
1294.14
1529.50
1216.29
1216.29
1324.39
1503.33
891.12
869.43
1167.33
1626.38
895.25
1272.95
1431.00
873.48
602.13
728.13
816.58
786.93
926.47
1107.21
1107.21
1123.77
1135.05
1116.74
1071.26
802.21
892.89
1076.41
814.69
876.44
758.90
586.59
661.87
678.44
649.57
781.19
1001.91
948.34
676.53
1072.33
562.66
471.72
471.72
528.74
371.88
340.01
414.38
244.32
244.32
214.62
282.01
150.74
430.46
584.67
560.03
847.03
974.31
328.39
464.52
369.36
446.28
420.28
416.52
401.09
400.51
311.67
329.57
236.05
209.65
177.36
322.92
322.92
314.55
260.22
255.66
131.86
134.22
161.57
159.65
278.69
437.33
389.51
312.69
275.00
553.17
360.50
306.17
214.59
225.32
197.80
238.38
383.19
519.07
377.40
616.87
933.38
548.52
548.52
680.65
679.39
833.28
460.92
547.75
480.72
285.59
212.90
223.13
150.21
109.22
336.74
201.37
238.62
164.00
103.86
180.63
216.82
785.80
1118.44
1055.14
1055.14
826.36
954.38
707.30
1060.40
936.96
1159.65
1158.28
1037.14
1106.44
851.49
1216.07
1159.70
1087.87
745.97
780.77
996.14
1060.57
1020.08
1049.98
1049.98
953.44
887.24
971.24
1047.21
620.70
431.06
503.09
1027.50
1259.71
1259.71
1040.82
897.01
1303.09
911.14
897.30
1296.88
916.65
1144.03
884.97
850.91
823.78
910.60
954.42
1033.98
1027.46
871.37
1034.26
1072.14
1046.29
1046.29
1057.08
1080.41
810.28
1041.70
1076.12
980.16
1117.74
1195.34
1101.54
763.95
891.96
913.65
1230.12
1046.86
1067.86
1368.77
