# 1Hz Kbps trace generated by import_real_world_traces.py
1683.02
1975.83
1023.21
1185.89
1133.50
1247.49
985.29
1178.94
1051.11
1385.06
1393.07
1166.11
1444.11
1444.11
1113.60
1452.24
1038.56
1191.67
1303.82
1480.82
1098.89
1322.08
1161.90
930.99
744.23
965.56
1004.78
987.43
1003.14
968.49
1041.63
1041.63
852.18
1204.51
1041.12
1180.10
782.59
912.19
1117.45
1082.27
582.09
829.04
949.27
852.04
929.54
464.10
549.75
589.03
589.03
764.72
1516.00
637.39
981.08
1216.82
1215.91
704.31
782.26
997.37
1011.03
995.80
993.66
1177.78
1025.33
1455.50
1455.50
1178.96
1122.73
1155.55
992.64
1159.73
1018.36
1037.84
1126.31
1202.37
1292.17
1133.39
1345.88
1319.70
1235.17
927.58
1340.12
1306.79
1394.31
1244.31
1244.31
1072.88
915.64
1214.34
1024.02
1054.02
956.58
1023.74
933.29
1107.74
1040.88
1040.88
910.87
885.67
547.35
1010.00
932.65
905.59
450.94
764.13
552.93
882.43
820.54
787.30
804.38
747.41
960.90
944.28
310.44
844.59
1090.69
841.13
841.13
905.45
993.94
994.20
1051.42
748.31
1141.83
858.84
951.50
760.55
882.72
947.07
1329.74
898.16
891.87
976.73
1038.48
804.03
869.97
726.22
619.36
801.63
662.28
742.76
627.44
488.43
579.62
389.28
225.02
225.02
103.65
997.52
812.64
872.55
868.24
958.31
980.37
1019.61
1027.34
1242.74
1043.95
794.81
831.08
1090.06
999.12
1019.95
1020.73
1020.73
927.42
1135.90
1226.24
1072.35
1054.23
1104.97
1109.12
1182.82
822.27
888.69
935.74
523.26
716.05
740.32
459.71
396.58
373.66
363.71
411.75
411.75
448.30
599.82
266.90
382.28
382.28
193.49
1155.90
905.39
527.22
122.06
429.60
562.84
798.36
817.25
701.61
622.71
751.45
902.94
622.29
824.91
936.83
946.02
841.43
834.87
834.87
1032.98
1145.29
935.60
817.06
699.92
729.50
818.30
873.30
787.48
879.27
751.26
623.21
246.42
882.82
668.62
296.22
353.56
385.88
354.29
364.60
447.21
432.69
411.86
733.69
733.69
761.77
572.30
525.60
594.68
700.40
725.10
608.48
440.32
569.22
375.00
281.11
301.25
335.24
202.54
327.37
335.57
271.80
218.67
284.89
456.67
295.19
419.08
305.52
195.32
195.32
126.19
555.29
201.24
335.90
238.62
138.33
345.26
345.26
418.68
486.64
384.11
388.53
537.27
520.75
402.93
429.18
283.41
229.28
417.57
558.58
371.52
498.44
295.98
272.66
480.93
191.24
191.24
235.32
114.52
287.36
271.16
323.78
455.10
306.20
537.20
447.98
589.54
441.79
372.61
372.61
422.77
636.09
588.75
566.46
518.18
629.99
711.64
538.58
364.26
590.50
506.59
506.59
268.46
364.18
271.25
169.84
162.53
108.65
136.54
102.38
182.40
319.07
239.73
251.21
190.33
190.33
161.91
533.80
470.51
617.63
552.02
704.25
704.25
626.02
705.81
612.45
612.45
111.03
118.07
144.59
135.96
182.40
182.40
100.44
264.95
154.87
125.77
208.26
223.35
184.33
235.82
137.17
297.80
321.21
268.57
346.74
237.83
375.53
190.60
190.60
326.22
154.16
406.49
221.08
403.04
242.14
374.64
448.61
218.15
196.17
371.52
249.13
360.91
392.96
277.07
354.07
167.94
286.88
185.75
221.20
138.03
239.69
399.04
399.04
521.19
953.69
848.89
1077.67
871.88
899.60
957.97
937.96
1017.22
907.08
1071.72
1039.22
1041.28
1009.76
1009.76
919.64
1252.21
850.71
884.17
1008.69
1143.84
1007.50
1045.49
1020.66
1126.64
360.33
968.52
952.97
1021.68
1207.48
1370.56
1126.63
1332.08
1247.90
1247.90
996.52
1152.86
1293.70
1390.51
982.40
1359.19
1381.60
1269.21
985.34
1289.31
744.58
795.65
1030.96
885.99
1165.58
1013.21
668.04
975.44
756.13
654.64
654.64
290.39
584.20
1118.19
1371.41
1481.58
1008.44
1401.08
1107.23
1439.50
1209.04
1333.41
1130.32
1363.32
1100.68
1405.49
1081.61
1420.43
1138.51
751.13
751.13
1165.58
842.17
1150.14
968.36
1179.79
1259.27
1280.10
1072.37
1042.73
909.72
1307.14
1303.59
1269.85
871.36
1057.44
1154.61
1259.12
1021.30
912.41
912.41
569.45
1056.24
708.62
830.13
747.84
302.92
295.23
746.38
775.45
644.03
970.40
1028.40
1039.73
992.73
1051.02
1118.28
790.42
803.34
1111.38
1111.38
645.98
908.31
942.15
892.62
839.63
828.41
828.74
1363.20
859.83
777.33
767.40
1016.09
1037.62
1126.11
1165.53
768.30
897.23
1076.38
959.18
1019.53
1019.53
568.59
398.14
200.87
861.38
420.54
868.77
868.77
868.77
114.38
704.75
791.44
1034.09
775.79
745.84
806.76
811.65
992.20
968.31
968.31
593.25
809.54
893.52
1064.40
728.50
391.90
843.51
920.67
734.60
343.18
312.98
546.13
232.55
336.24
194.99
268.24
216.00
192.94
106.25
199.94
199.94
210.20
544.18
552.45
523.24
422.05
424.52
424.52
491.22
915.76
361.26
187.61
174.11
1507.08
1077.80
1508.27
1394.19
1137.46
249.22
276.91
1245.79
1111.49
1216.32
1517.79
1019.00
1511.49
1549.30
1475.24
1475.24
1574.46
1634.32
963.74
2010.69
1401.27
933.95
1282.35
1529.88
1135.43
661.30
1221.12
951.09
1113.85
1126.49
1119.56
971.88
1052.63
1055.27
1078.76
1078.76
890.42
679.97
1058.69
955.83
1466.01
918.42
1440.15
1511.67
1206.33
806.75
943.18
619.46
805.87
1143.98
1288.09
1424.36
1289.15
765.15
978.12
749.74
1177.23
1148.00
1544.14
1193.77
898.14
1124.19
1288.98
1288.98
1241.81
1291.56
1251.71
1345.20
979.03
1102.65
1254.69
1047.08
1133.10
941.37
913.03
799.76
1087.70
1161.66
1221.23
1221.23
1173.81
958.80
1019.96
909.50
1168.49
857.74
1141.27
1031.36
1041.85
932.10
730.85
848.78
906.71
644.31
644.43
371.88
165.65
235.82
193.03
284.12
315.91
560.93
609.28
609.28
884.42
768.62
447.28
371.39
593.70
816.09
652.89
603.29
929.62
1023.20
836.14
688.94
448.43
429.60
339.77
377.62
368.31
252.77
311.46
205.11
357.58
336.09
274.37
260.06
289.69
289.69
245.75
471.63
672.89
466.57
250.23
1052.70
1118.27
1146.87
1112.26
1122.73
958.67
1225.69
1239.90
1338.64
1137.75
749.50
730.89
493.73
521.09
510.01
435.88
351.85
433.43
435.16
344.90
356.97
263.08
263.08
143.76
164.00
132.05
184.21
272.24
174.75
278.96
259.18
444.70
248.93
325.07
118.72
238.08
225.23
124.46
125.07
150.51
103.15
103.15
363.80
190.59
294.65
154.57
305.52
255.04
418.45
282.39
466.66
550.65
574.37
444.34
754.06
589.99
488.70
511.61
531.55
518.12
831.10
886.44
886.44
809.59
426.66
361.61
314.01
388.78
388.78
110.61
760.49
928.84
929.83
1073.60
1120.03
1169.36
875.80
917.95
1012.92
1277.31
869.46
1024.31
991.78
689.37
1003.98
1003.98
1241.17
1181.64
1075.41
750.94
480.87
335.87
322.20
204.65
325.07
309.13
330.60
384.37
288.84
364.80
303.35
377.72
346.10
357.78
236.08
322.49
254.96
290.83
252.08
379.77
472.27
889.00
889.00
799.10
1223.08
852.49
1271.42
1109.07
912.35
822.24
546.34
284.26
203.96
611.98
840.43
403.62
683.19
819.59
724.59
999.10
1029.93
1267.99
1323.83
1355.82
1355.82
855.20
886.60
527.42
390.63
373.69
628.34
1042.14
1205.11
1289.84
1209.69
909.35
680.29
610.60
602.68
147.46
147.46
147.46
147.46
174.88
306.84
292.30
313.20
313.20
356.45
433.99
1001.70
1173.35
1047.95
582.20
827.75
924.35
482.23
246.52
347.61
640.22
1177.62
785.65
799.96
1017.49
657.42
932.56
746.32
801.06
853.62
461.89
337.24
130.68
130.68
132.27
805.34
1079.58
827.14
692.45
799.85
1085.19
950.36
1189.73
930.78
885.34
1199.44
733.59
970.92
1190.23
979.23
1199.41
657.88
488.62
488.62
732.11
682.20
356.29
886.64
698.14
1125.28
883.00
844.93
898.77
1041.25
1041.25
720.62
767.86
861.58
903.81
1021.69
910.75
992.21
1329.45
1096.46
1173.65
1025.74
1096.88
823.07
468.74
250.73
519.18
1088.96
772.36
594.11
1032.10
1365.54
992.88
1127.97
857.07
650.88
948.44
1082.69
1169.05
1192.16
1265.65
1256.78
1256.78
1088.94
285.85
616.20
822.56
937.81
665.40
862.25
919.94
951.44
1052.49
1100.49
1100.49
932.23
1038.01
905.86
538.59
792.53
960.19
774.51
508.51
541.85
434.79
449.97
766.66
720.04
1019.30
1021.16
986.55
1066.46
964.85
1076.58
1076.58
1115.51
1019.46
1215.07
1310.65
1274.75
1283.84
920.76
1241.77
874.71
1221.37
933.11
1114.49
1125.75
1298.16
1065.28
1085.93
1085.93
1234.44
796.86
1138.81
1303.98
1564.13
869.30
1048.66
1128.30
1283.60
827.02
1161.45
1206.36
1018.46
980.61
937.77
902.18
527.64
527.64
808.97
659.01
621.61
515.59
479.95
762.47
1124.11
1014.71
1333.21
568.19
961.05
1297.93
1094.97
1181.74
617.08
345.70
960.01
1427.36
1427.36
1258.14
1133.54
790.76
1121.35
380.41
755.47
1177.64
1021.84
1125.18
1195.85
784.75
1265.71
1265.71
956.86
1312.25
782.66
1359.01
1312.54
707.47
421.11
717.30
529.23
605.62
779.77
811.79
521.48
682.18
593.03
594.42
445.07
445.07
474.10
325.07
496.53
586.18
624.13
510.66
365.23
391.30
778.57
1318.17
834.67
739.43
722.57
744.81
1099.09
812.34
682.68
899.75
934.82
877.66
877.43
760.15
743.41
583.33
992.46
985.91
985.91
1026.25
1014.51
979.00
987.94
750.58
811.18
836.72
1010.95
953.57
939.38
946.03
931.35
783.38
1162.02
696.92
883.69
1028.51
736.27
736.27
861.98
1032.13
663.03
787.36
700.73
719.64
773.09
807.71
635.22
914.94
693.78
928.94
856.21
1008.10
602.29
814.12
509.53
369.09
369.09
463.72
357.78
130.68
819.83
914.81
696.04
869.48
1085.15
873.59
1083.68
653.25
375.09
401.03
760.63
734.08
410.62
707.18
799.70
544.62
642.67
605.09
596.96
442.43
442.43
347.75
583.89
919.70
702.41
661.09
951.16
1100.76
1165.07
1315.81
1078.01
1512.66
712.27
662.70
507.78
919.97
919.97
848.82
763.71
1289.08
1005.86
1228.56
876.51
662.75
704.20
785.69
672.78
588.90
804.53
701.30
394.02
446.95
515.01
257.10
405.33
283.57
357.58
367.18
367.18
224.90
584.39
292.67
202.99
368.00
586.81
468.62
418.80
529.26
718.23
575.17
521.60
239.95
323.82
456.97
209.25
404.15
350.22
261.75
290.99
440.22
440.22
430.70
351.83
207.06
379.25
468.50
138.13
487.60
371.41
278.96
428.72
624.27
824.92
876.12
782.64
631.98
637.38
600.85
523.41
896.28
965.20
744.27
824.14
648.24
790.10
790.10
920.64
654.66
417.71
302.47
394.67
804.88
866.17
