# 1Hz Kbps trace generated by import_real_world_traces.py
921.73
2934.49
425.79
1069.88
1080.43
847.78
1345.89
1045.69
1367.07
967.46
1482.73
1352.06
1352.06
939.29
1359.36
1340.76
954.57
1310.91
1287.60
1326.83
1031.75
1366.95
1078.20
1323.61
1386.99
817.87
1369.03
900.39
1361.01
1361.01
1045.75
1404.11
1008.95
1348.28
1362.79
1300.37
1467.43
1318.82
1388.86
1094.21
1453.51
883.19
1068.60
1348.62
1362.65
1396.48
1082.09
1019.22
1019.22
795.03
404.52
328.22
949.65
1038.17
1128.71
1149.81
1298.97
1410.51
1468.07
1343.37
1215.48
1008.59
843.70
784.82
877.04
858.20
943.04
974.77
974.77
971.90
930.40
1218.92
1002.25
996.24
945.29
498.13
752.78
795.89
917.30
784.74
566.33
743.82
602.91
691.39
880.71
537.79
546.09
633.50
774.29
642.63
733.39
1056.17
478.36
478.36
812.82
867.36
679.93
1174.58
813.95
945.12
870.38
881.55
808.78
1107.59
863.68
909.69
971.35
1009.92
1009.92
259.87
756.20
861.82
623.44
742.73
836.24
615.44
578.38
1117.59
867.51
867.51
795.59
1153.77
935.25
1238.39
965.77
1025.28
1015.75
1039.99
971.86
1172.25
1143.90
1057.50
1199.78
1030.64
708.28
1026.61
1117.57
992.48
763.51
763.51
699.69
851.96
826.54
766.45
716.25
854.54
933.52
789.55
799.96
722.80
828.14
996.90
661.61
886.66
716.07
799.18
905.88
952.18
954.81
1069.51
738.08
775.45
992.15
939.19
939.25
1216.33
829.71
829.71
874.92
1034.85
1027.18
459.72
654.81
590.39
294.88
512.87
435.63
417.76
385.76
260.31
102.80
604.63
533.87
533.87
223.45
407.54
733.44
804.97
962.17
973.95
1438.60
1100.53
1145.86
1033.55
672.83
763.40
868.95
1285.55
902.88
1278.95
1278.95
1112.04
1064.88
745.71
1063.21
988.59
1091.18
767.95
877.79
869.49
498.65
607.77
497.51
440.02
506.59
424.64
782.88
667.09
577.26
360.91
257.76
257.76
146.29
882.38
756.44
534.11
424.44
349.16
341.46
354.07
201.67
374.50
654.97
1038.11
721.89
965.29
764.77
634.32
836.84
982.31
982.31
800.66
898.69
622.86
923.44
1049.40
1195.27
1030.54
1070.21
839.65
399.82
608.16
601.24
418.45
186.22
359.24
245.70
166.77
105.60
105.60
256.42
407.55
405.68
523.82
523.82
224.29
523.03
262.66
326.53
239.54
289.69
210.99
225.02
186.86
470.70
520.67
407.41
567.29
521.01
783.25
288.90
249.47
127.38
104.03
343.00
323.69
388.12
323.51
355.21
363.80
247.80
247.80
351.25
292.76
222.41
303.10
308.43
225.82
311.15
325.07
218.54
204.48
271.16
204.60
225.32
162.28
162.28
254.98
303.40
353.60
230.58
237.21
296.07
246.78
131.58
498.44
470.36
407.58
516.92
635.04
799.53
644.08
934.53
968.86
844.79
947.93
445.86
552.75
514.46
681.98
420.89
543.78
386.64
386.64
180.27
541.78
502.12
348.17
281.42
276.26
182.42
691.25
203.66
205.88
119.56
250.14
307.86
533.02
400.02
553.84
553.84
532.94
455.37
1067.27
834.94
965.45
981.43
594.68
512.05
393.13
292.77
315.80
127.20
184.21
179.08
154.87
154.87
184.10
127.92
268.24
199.77
265.37
204.12
270.89
183.14
294.36
185.46
223.13
238.38
198.10
289.69
196.84
276.26
220.56
260.06
202.32
311.15
254.58
236.28
210.26
242.03
231.51
136.38
229.08
222.93
1274.80
1300.82
1334.18
1299.79
1299.79
1030.93
1401.52
910.10
670.51
1033.54
852.21
1043.59
1218.98
1403.35
1374.68
1035.56
1206.28
1500.48
1021.67
1294.29
582.04
933.72
1048.22
1048.22
1009.63
1220.77
920.86
916.84
1029.62
1076.49
756.15
863.29
888.25
886.04
1615.06
1164.48
1011.61
908.10
1298.14
1188.94
1285.73
1266.58
1266.58
1028.82
1146.45
992.06
1081.00
1123.27
1036.79
991.28
995.68
1013.28
1050.42
1015.51
1138.41
1375.33
1375.33
1026.51
1344.55
1011.16
732.30
929.78
1052.85
1273.51
1273.51
1159.92
1333.43
1301.73
956.88
1179.30
750.58
1168.00
1109.72
1115.04
888.49
1294.05
1030.96
1097.83
839.40
1196.35
1261.53
1261.53
1127.97
1089.94
873.62
1112.71
528.05
805.61
641.02
527.43
738.53
630.24
630.24
662.76
684.79
834.34
466.12
617.47
987.78
1005.47
695.02
744.13
762.44
479.34
507.11
604.32
421.02
244.38
244.38
108.36
182.40
335.13
511.65
1089.28
523.20
848.16
695.03
953.59
830.91
841.91
608.20
530.07
739.80
898.01
1077.45
918.93
924.92
1149.90
405.84
710.21
1042.71
1146.30
1146.30
962.79
1136.49
1258.79
790.61
1230.88
945.84
522.63
1041.63
1062.05
1416.31
1045.24
1153.04
859.83
876.94
1201.69
1185.92
1172.24
1172.24
1172.24
145.97
503.41
151.70
151.70
290.14
182.40
118.02
130.03
101.03
1154.37
594.05
490.97
1656.95
1117.28
1634.22
1553.21
1240.06
1343.50
973.95
1019.54
1173.33
1049.47
933.43
1076.82
1020.18
1150.14
1150.14
1043.20
1154.44
1385.28
1207.59
1259.54
1315.66
1361.80
1434.41
736.15
1177.00
1580.96
1371.25
444.38
1051.07
1120.36
1236.67
1152.58
1152.58
1017.89
1041.19
1012.93
1088.94
1090.19
1090.19
1067.09
1240.86
1055.01
1098.67
934.59
1704.02
1240.66
1249.69
1081.68
1075.62
896.45
1260.28
1140.72
1319.68
1533.67
1211.34
930.80
1429.29
1555.07
1194.96
1068.13
1068.13
963.31
1448.16
861.76
1100.37
1058.09
833.98
871.07
957.06
1089.99
1197.66
1154.39
1239.14
1060.65
801.01
1161.21
1005.80
1067.59
1069.25
1041.31
1041.31
797.19
838.11
963.25
1014.39
800.78
582.42
599.72
372.63
336.84
297.51
146.22
146.22
134.51
462.97
469.49
700.32
791.24
450.30
499.48
682.65
597.32
759.02
788.24
794.14
794.14
681.70
514.08
401.60
368.41
272.89
336.74
216.17
245.57
230.40
161.22
214.38
236.05
186.12
270.89
292.56
205.19
437.07
435.63
480.99
410.44
531.83
526.67
447.02
296.15
436.06
357.82
328.15
650.14
595.48
784.50
848.22
608.90
454.15
495.85
689.65
547.74
547.74
501.07
798.53
645.49
325.09
270.89
153.06
195.04
102.31
115.64
144.68
198.03
153.10
245.47
225.32
207.52
181.82
259.13
340.01
294.66
294.66
287.19
260.57
243.03
396.99
203.77
111.58
160.52
139.00
175.19
152.00
105.33
164.00
160.94
160.94
588.73
1279.56
1396.88
1132.42
1165.62
1837.53
1791.65
1260.44
720.95
1045.11
566.77
676.75
1084.24
767.50
516.28
661.63
481.81
1061.48
1206.53
966.04
1122.85
1106.00
993.91
993.91
973.04
935.67
796.59
894.57
592.62
1061.30
1291.34
1541.55
940.57
1230.57
893.55
1244.77
551.67
909.42
950.66
951.97
951.97
954.97
1684.79
2002.77
1400.05
1854.25
1791.70
1806.31
960.26
1281.62
1329.53
1329.53
735.18
1492.42
1750.39
1383.47
1823.89
1086.66
1064.22
1252.18
1242.15
1655.46
1827.74
1770.04
1932.77
1582.34
1360.19
1711.26
1683.31
2476.59
1412.22
1841.40
1934.09
1934.09
1691.23
1942.29
1820.77
2011.84
1605.33
1160.51
1584.60
2112.82
1870.30
1653.32
1218.95
1200.81
1324.68
1322.95
1322.95
1207.27
1061.95
1117.14
1164.07
1064.20
1253.00
1129.56
1546.44
1668.21
1059.88
1555.38
1078.65
873.31
909.43
1015.08
1151.49
1261.11
1181.93
1181.93
1081.96
1184.48
1373.38
1133.71
1362.23
1620.01
1591.04
1831.35
1919.45
1697.75
1544.68
1570.04
872.11
921.42
1328.70
495.52
193.13
322.76
322.76
181.19
613.53
410.62
355.69
418.45
398.10
456.75
452.69
1093.50
414.98
802.16
1093.14
825.40
950.08
1184.84
925.66
1237.35
728.25
1041.85
989.66
919.94
919.94
736.86
811.37
967.78
600.37
771.89
795.42
669.95
611.37
704.89
545.70
699.71
659.00
542.12
481.35
483.30
503.15
530.14
864.67
861.72
1083.84
1099.20
1148.83
818.97
368.41
368.41
491.87
465.46
598.93
741.47
388.98
369.52
425.96
424.29
321.35
302.51
387.02
447.33
665.58
928.72
853.16
1162.32
1114.05
965.39
1040.97
1196.10
982.04
713.00
1325.17
996.39
840.51
996.18
965.33
1390.39
1195.18
1133.56
1560.79
780.92
1239.08
1318.95
1138.84
1138.84
1359.70
1364.63
1510.91
1386.06
917.82
969.84
1049.78
1285.97
1108.21
901.33
970.85
661.31
833.82
893.63
931.42
727.77
714.38
590.03
564.27
794.91
818.80
798.57
578.57
517.87
517.87
218.88
539.30
996.77
792.08
912.60
1178.20
957.84
1007.57
995.19
519.26
715.98
601.20
992.05
802.02
485.95
522.48
852.78
738.78
738.78
944.02
397.62
262.39
634.51
1030.74
1007.26
1111.99
1064.10
1025.23
953.25
1118.70
1316.71
647.53
569.86
818.25
934.52
823.89
510.54
747.69
717.52
645.05
1051.62
1051.62
973.00
1060.89
1040.53
908.03
728.40
869.03
709.45
650.89
626.44
694.17
554.47
527.10
551.04
586.69
731.69
572.91
545.57
475.01
484.90
537.80
545.79
523.83
536.33
513.07
763.87
777.71
617.09
773.19
738.15
823.94
943.69
742.89
818.02
781.17
671.96
932.18
579.17
598.20
598.20
691.72
769.91
841.10
1230.44
1081.77
1129.59
1433.05
1256.05
1236.37
1423.93
1559.94
1373.75
1266.98
968.06
855.91
1007.27
1019.04
1074.75
886.24
763.16
796.72
1047.21
969.57
969.57
886.07
575.64
911.52
790.08
1037.35
951.63
1009.39
992.54
890.35
560.30
709.99
770.50
917.64
746.84
719.98
720.43
607.16
1070.66
1019.91
1232.07
1021.45
1142.77
1142.77
840.60
925.39
1069.55
1223.73
1436.40
1155.73
1077.34
1105.36
1122.12
1201.01
1024.86
1013.15
824.78
795.60
852.72
879.23
1038.90
1266.71
1057.43
1134.17
1180.69
1310.50
1192.44
1295.46
1196.61
1059.12
1409.46
1019.40
1350.62
1068.48
1068.48
1180.48
1455.85
752.82
1033.59
1051.10
1259.58
1062.34
1013.14
1069.90
1051.01
1073.32
883.11
1241.45
949.84
1083.82
1015.10
861.44
1006.73
1113.13
795.24
1188.72
841.38
1053.66
963.46
1038.02
933.75
992.52
992.52
1172.34
1181.97
1073.71
1221.47
1149.99
896.66
933.55
1056.23
1005.34
1061.74
772.07
961.32
1226.11
995.42
1038.68
1157.80
1601.96
1243.24
929.51
1038.09
1072.45
1176.10
1033.24
1033.24
420.04
551.98
221.30
650.13
671.15
263.99
286.97
325.43
119.19
324.13
320.62
164.63
282.29
220.20
