# 1Hz Kbps trace generated by import_real_world_traces.py
10.00
922.28
1022.56
1024.64
875.45
880.77
512.75
574.59
553.49
657.15
481.98
445.49
694.47
653.53
530.07
677.45
686.46
794.77
650.89
541.99
847.64
348.75
375.75
440.34
398.80
280.53
259.84
467.38
706.71
1082.14
1082.14
1305.11
1672.69
1621.52
1754.90
2040.37
1670.18
1785.82
1447.53
1613.44
1720.03
1680.27
1464.49
1468.64
2163.02
1653.67
1738.05
1738.05
1760.98
1718.02
1399.58
1554.30
2025.03
1772.32
1481.65
1205.90
1964.26
1928.58
1647.84
2191.53
2263.53
1803.92
1581.58
1512.60
1670.58
2011.54
2011.54
1669.21
2105.19
1646.71
2357.44
1942.77
2029.81
2125.17
1641.53
1751.09
1889.18
1796.46
1816.04
1780.08
2224.23
2224.23
1442.91
1607.89
1670.20
1644.38
1335.28
1709.82
1767.22
1982.27
2003.24
2023.01
2023.01
1373.38
1757.01
1620.69
1734.56
1825.81
1691.81
2040.84
1519.56
1340.93
1606.44
1785.89
1913.14
1515.79
1930.32
1522.42
1238.23
1238.23
1543.41
1809.47
1404.60
2066.91
1605.64
1843.42
2147.65
1402.76
1685.34
1107.48
1363.95
1774.02
1456.77
1699.86
1578.58
1648.41
1695.70
1511.23
1438.03
1438.03
1270.39
1290.79
1073.36
1378.88
1746.79
1555.27
1505.09
1018.88
1834.19
1991.00
1667.62
1512.18
2082.27
1739.99
1897.30
2107.33
1945.74
1585.80
1782.14
1778.43
1778.43
1737.62
1987.95
1160.66
1270.15
1196.36
1577.14
1531.79
1812.20
1547.86
1474.62
1873.55
947.86
1272.04
791.86
1069.67
1318.33
1318.33
1281.37
1191.70
874.81
849.84
1265.22
1497.28
1129.27
1701.31
1435.37
1412.24
1424.61
1790.20
1506.33
1544.86
1505.79
1632.37
1277.82
1465.78
1465.78
1445.94
1707.06
1629.52
1522.01
1268.30
1692.84
1229.39
957.33
910.45
934.88
1286.58
1303.29
1614.33
1689.01
1215.70
1402.40
1520.51
1590.19
1266.68
1516.11
1270.64
1270.64
1545.50
1858.14
1380.41
1175.04
1093.90
1237.41
1742.77
1651.68
1273.37
1543.83
1185.52
1393.28
1220.37
920.61
611.70
412.98
919.52
919.52
1067.98
1060.34
565.70
450.64
158.95
1224.86
946.92
1011.95
798.56
1040.63
935.31
1068.37
1171.50
794.95
951.59
594.40
655.79
740.06
740.06
511.38
417.62
346.40
193.46
562.78
498.50
379.25
272.47
573.23
546.73
549.45
515.63
234.01
557.59
388.73
661.44
644.05
518.08
575.52
579.52
500.28
511.94
443.91
636.96
696.97
645.19
468.57
377.52
459.85
300.42
210.05
210.05
450.64
404.47
479.87
446.83
136.28
185.19
361.83
388.99
360.07
325.70
431.88
431.88
417.10
482.69
458.77
355.77
249.22
249.22
347.18
661.04
520.74
629.38
830.13
984.90
633.48
709.50
981.20
833.43
709.74
486.58
699.89
639.45
486.05
581.86
578.94
447.32
379.25
251.43
250.15
102.28
102.28
101.33
946.79
1062.38
1241.98
1145.90
854.14
639.57
598.85
717.33
639.08
982.65
815.78
1030.46
1030.46
760.18
1022.40
865.84
693.42
447.61
442.83
259.20
394.11
837.32
647.48
852.22
837.93
584.80
408.35
465.09
373.28
678.56
520.99
689.03
621.22
564.70
645.60
642.21
633.45
567.21
980.88
980.88
597.45
821.75
649.27
521.64
488.26
609.97
547.27
514.40
961.46
800.99
605.61
692.62
286.88
236.21
528.23
806.51
425.01
284.93
386.26
399.07
454.70
336.57
347.26
316.82
476.02
309.25
195.04
198.07
596.10
735.75
561.35
484.97
484.97
411.33
339.31
631.08
576.93
593.00
853.38
991.85
923.34
470.12
334.85
326.09
523.24
1079.49
1107.41
1034.56
1101.05
978.48
978.48
917.36
1082.18
811.80
867.83
863.58
1117.19
966.98
821.60
948.44
913.17
965.53
874.42
951.94
1092.40
1164.96
742.72
779.57
879.11
547.93
855.33
855.33
607.46
1031.57
1041.12
1282.68
964.83
932.93
1060.87
819.96
787.98
464.62
581.63
586.75
565.17
618.20
454.10
768.58
770.69
806.37
631.75
879.84
650.92
483.13
480.67
706.23
1197.31
810.24
696.17
338.78
198.45
212.50
206.69
194.85
1100.17
1551.90
1551.90
431.51
734.75
592.57
687.87
733.87
835.41
582.89
444.26
420.67
492.54
568.66
461.50
676.74
773.49
1451.88
1394.57
1437.22
1029.04
1029.04
1284.62
1204.04
1159.26
1252.00
1244.85
1396.04
1173.14
1177.57
1318.30
1507.17
1112.88
944.29
963.41
1509.41
1509.41
1144.41
1359.14
1367.74
1050.79
1334.57
925.79
1235.19
1345.47
972.50
1100.78
1033.01
1333.39
1031.26
879.21
776.76
851.93
1170.92
949.79
894.22
616.95
326.02
316.00
617.21
617.21
195.35
963.43
1136.69
890.41
1015.69
990.20
1200.44
1374.68
1542.06
1180.56
1362.37
1355.97
968.11
968.11
1033.45
698.49
993.18
853.90
950.52
1034.44
947.92
909.06
759.45
621.65
1150.67
683.35
857.93
894.69
898.25
1063.30
1286.72
933.89
886.35
1136.42
659.04
1028.10
754.92
754.92
880.13
1178.68
960.45
1105.31
1065.28
778.58
796.71
700.25
791.59
787.04
774.99
783.22
508.69
443.72
647.58
603.98
505.23
585.36
451.12
375.58
325.82
578.57
578.57
434.24
919.71
852.90
996.13
957.85
830.78
764.45
806.33
736.24
790.29
1004.81
855.29
703.71
847.85
732.06
813.13
854.22
1191.40
911.47
711.68
536.93
526.50
787.68
729.35
787.22
688.81
720.47
622.45
622.45
551.02
801.28
1070.08
889.31
1429.79
1276.59
1347.93
1013.72
778.27
961.77
567.84
498.44
406.01
870.05
861.47
1149.50
1140.91
1010.15
1068.47
976.57
952.02
1513.22
1225.71
1581.86
1295.95
1295.95
1314.15
1432.72
1480.22
1672.16
1010.20
1036.05
1511.90
1288.84
1112.95
1298.98
1440.16
1340.37
1092.17
1397.36
1389.56
1373.14
1593.40
1784.07
1671.53
1508.02
1277.73
1277.73
1412.78
1398.25
1247.59
1245.17
1505.55
1521.45
1417.57
1372.15
1059.00
1327.25
1493.14
1610.95
946.91
1269.61
1407.44
1014.21
1014.21
845.63
1216.91
1077.73
1212.11
1582.10
1178.24
1535.84
696.04
1023.29
946.03
449.36
103.33
1020.41
1198.92
1198.92
1336.40
1686.47
1433.90
1275.16
1568.09
1278.44
1561.91
940.74
1154.17
1110.89
1360.59
1211.00
1357.00
910.52
853.67
772.55
796.75
765.50
765.50
493.69
196.98
892.32
635.47
656.93
542.83
306.91
306.04
393.69
384.34
494.35
555.43
426.07
384.12
397.27
509.34
427.48
415.19
367.30
604.76
593.91
297.35
375.15
724.10
1075.96
853.04
837.43
1167.70
1052.49
1201.32
1359.81
1158.54
772.32
619.78
994.02
994.02
1083.68
1095.29
943.75
978.00
936.29
883.48
1205.43
1235.44
1039.11
840.63
568.06
545.77
763.93
1160.43
710.54
880.49
787.12
661.16
767.23
671.60
574.32
291.10
291.10
224.19
1024.06
885.27
1216.79
1099.38
1088.01
1394.31
1389.72
1193.10
1475.93
996.49
1116.32
1213.02
1004.84
1145.78
865.75
865.75
1243.48
1264.32
780.51
481.22
571.14
857.16
876.00
119.06
1385.56
1353.99
1664.09
1333.93
1254.12
1383.61
1332.44
1626.40
1353.40
1562.97
1698.47
949.79
1066.35
1066.35
1302.00
1270.28
1066.29
848.33
496.97
594.84
1131.66
1521.02
1411.22
1674.39
1191.89
1611.96
1611.96
709.32
821.49
910.29
1406.03
1087.39
1460.77
1550.51
1637.36
1593.40
1483.91
1396.45
1540.11
1151.77
1551.73
1307.77
1307.77
1315.69
1379.96
1086.22
1167.51
1218.85
1440.19
1831.11
1097.50
1348.91
1593.25
1130.34
1230.09
732.68
825.52
1043.29
505.96
1322.46
1366.64
1140.56
1140.56
1381.49
1597.95
1193.77
931.97
1278.41
1480.13
1298.94
951.20
1290.50
1215.84
1315.00
1256.77
1416.31
1327.64
1361.34
1286.19
1286.19
954.88
1001.39
1117.08
1069.37
1302.70
936.66
942.87
970.03
921.46
535.11
587.28
482.82
412.53
441.96
612.25
671.08
703.95
651.19
424.91
557.93
408.58
536.47
360.53
446.72
435.83
547.68
741.64
324.93
450.49
622.03
720.80
907.39
565.50
740.42
734.60
858.99
852.32
852.32
937.27
897.18
606.49
842.14
653.40
671.30
665.88
504.15
760.16
610.69
544.25
687.25
595.60
962.83
939.47
913.72
820.77
773.53
738.96
986.23
726.91
983.56
730.65
690.60
628.89
381.37
435.71
357.86
357.86
350.63
202.35
297.51
209.48
349.25
411.75
273.64
216.50
143.19
400.52
303.56
697.17
1054.03
132.76
219.43
219.43
840.46
860.88
885.48
830.95
957.56
957.56
422.46
690.69
918.89
566.91
890.99
890.99
890.99
161.13
1035.36
914.53
918.01
1060.66
950.19
896.66
1073.71
980.01
796.86
998.61
876.98
957.84
908.18
934.46
934.46
817.21
779.55
898.76
1083.52
823.73
1090.36
441.59
404.14
413.12
574.76
481.40
519.29
555.11
548.45
354.47
477.79
558.31
630.64
557.25
660.09
577.51
440.21
463.75
542.28
567.34
567.34
578.18
529.69
430.00
418.86
273.54
352.13
418.86
376.56
439.33
507.99
597.49
675.95
337.06
568.86
574.29
494.31
444.26
418.45
391.40
248.35
162.13
160.65
180.63
364.80
208.98
208.98
302.26
230.27
312.69
312.58
440.34
374.83
339.26
450.64
337.44
493.55
314.90
310.85
175.12
641.44
628.47
596.14
669.26
250.40
166.11
499.18
397.81
216.38
400.52
349.00
332.59
411.75
337.12
337.12
331.80
340.41
332.94
327.95
351.74
204.51
328.91
385.92
513.85
391.07
425.74
436.22
492.46
437.24
448.87
448.61
435.81
451.81
478.78
461.24
414.30
460.10
475.44
475.44
472.04
481.49
510.05
621.81
652.65
625.78
536.78
648.29
500.34
631.55
645.79
651.55
533.69
698.68
692.33
480.14
632.65
632.65
660.34
826.85
579.76
712.67
693.23
476.85
642.44
456.15
697.38
679.26
521.72
213.86
654.50
531.85
682.73
697.89
642.65
684.37
532.82
675.62
669.20
676.02
475.98
434.88
434.88
506.32
488.94
316.69
499.46
547.32
593.53
629.53
669.81
688.71
676.82
569.34
646.66
609.47
653.18
552.76
536.70
576.71
557.37
547.55
598.40
598.40
599.95
643.13
420.20
566.63
558.07
523.97
538.14
547.98
593.84
603.29
548.47
518.12
536.84
536.84
544.41
595.96
477.85
536.85
559.30
616.59
697.93
596.09
506.49
678.18
522.22
766.16
790.44
671.06
925.42
814.91
1128.48
931.68
842.19
981.29
1131.53
569.13
575.55
1079.17
532.52
1036.38
667.41
607.95
857.28
651.34
651.34
823.93
912.28
551.31
764.86
796.44
627.09
530.55
491.76
518.00
482.27
292.65
519.18
301.86
769.69
648.37
849.67
574.00
864.75
604.93
846.70
852.16
652.73
639.85
811.48
618.38
544.77
652.19
652.19
882.96
628.68
897.33
846.79
685.86
846.20
862.47
685.34
811.98
854.72
615.46
815.29
647.92
615.89
752.02
565.21
720.06
721.90
852.55
764.18
618.93
562.35
865.26
865.26
587.65
864.99
685.90
855.24
652.83
854.37
637.31
785.90
602.53
895.28
573.55
653.07
936.81
694.09
919.96
757.40
1037.15
904.74
819.73
819.73
498.65
552.87
653.02
709.87
511.57
603.97
475.21
532.05
491.53
609.71
306.87
729.08
692.20
484.32
363.15
399.75
399.75
410.89
521.14
342.78
372.08
356.89
427.50
110.03
548.81
517.34
496.59
467.33
494.02
534.57
508.77
442.54
442.54
293.48
390.67
334.33
314.32
454.24
495.33
461.18
528.21
556.59
609.71
656.46
686.03
650.48
709.91
529.91
664.22
156.25
465.67
532.39
559.80
559.80
608.23
631.30
585.64
628.54
723.00
699.88
531.66
320.53
493.55
159.79
159.79
478.33
469.50
395.48
413.00
370.03
302.55
255.66
448.94
509.56
548.00
574.64
476.89
574.74
605.82
505.83
564.07
620.87
476.88
476.88
205.78
772.50
962.44
884.90
225.54
159.39
530.35
530.35
421.47
518.87
356.85
555.75
445.35
488.66
455.93
325.47
356.61
538.40
520.59
546.98
471.63
308.92
299.84
371.84
329.38
182.03
640.51
526.79
446.19
583.21
465.11
443.82
493.49
494.16
586.06
255.28
255.28
311.64
498.24
574.16
184.95
372.99
793.45
383.93
383.93
376.34
520.11
320.72
363.30
460.75
323.47
374.40
348.94
288.07
272.14
