# 1Hz Kbps trace generated by import_real_world_traces.py
3448.99
513.18
1281.09
1554.09
1356.00
1696.02
2382.00
2551.81
3258.76
4350.93
2501.38
3168.09
4162.02
3155.27
3106.31
4211.64
3276.66
4187.12
3341.08
3362.73
3362.73
3699.85
3798.81
3258.88
3663.40
3433.05
3590.68
3403.12
3571.61
3458.00
3480.46
3332.30
3102.60
3102.60
3510.88
3524.96
3816.22
4416.98
3155.55
3464.41
4190.24
3296.86
4299.16
3151.35
3222.27
3614.44
3866.87
3273.56
3217.13
3202.78
4309.61
3367.62
3212.02
4465.74
3052.59
2704.05
1688.80
2224.74
2258.99
2951.26
4118.47
3229.96
3044.76
3834.87
2844.12
3194.59
4753.58
3497.17
4042.68
2950.09
3354.25
3354.25
3478.87
4061.12
3300.86
3088.91
3875.84
3297.89
4267.33
3240.66
3742.09
4257.88
3503.56
4417.81
3425.15
2985.98
3224.91
4255.46
3345.43
4235.10
4230.69
3392.61
4107.35
3084.50
3189.17
4072.41
3543.79
3088.81
3312.47
3069.56
3298.02
2926.87
4312.21
4086.85
3048.36
1330.43
374.73
393.13
393.13
201.57
335.90
285.25
444.70
361.26
290.95
361.26
327.99
393.59
279.51
247.63
273.60
270.89
193.97
333.27
286.88
361.26
364.80
279.80
279.80
289.09
429.18
330.38
379.62
278.96
275.99
273.60
329.70
179.80
275.72
269.03
361.26
364.44
365.16
353.72
361.26
361.61
360.79
278.98
360.79
365.16
361.26
264.72
341.39
404.54
404.54
368.41
257.51
346.74
270.89
276.26
205.97
270.09
247.26
300.72
280.09
364.80
361.26
212.22
402.66
396.99
246.94
368.41
329.38
393.13
280.59
361.26
331.03
393.52
283.50
361.26
368.41
368.41
314.13
403.76
173.36
364.80
368.41
335.90
308.55
364.80
364.80
301.21
350.47
300.72
275.99
271.16
247.21
