# 1Hz Kbps trace generated by import_real_world_traces.py
2290.86
1359.11
2923.67
2592.29
2399.18
1781.54
2253.81
2182.46
2516.63
2458.22
2212.66
2147.42
2854.27
2203.98
2536.47
1871.94
1978.89
3222.69
3251.66
3388.57
2508.21
2510.02
2409.81
2115.04
1640.68
2119.55
2766.07
2778.42
2355.83
1989.38
2206.28
2047.06
2377.01
1974.04
1710.10
1760.22
1752.51
1957.02
1653.15
1863.16
2275.49
2085.96
1980.61
2022.62
1819.43
2084.57
1770.71
1744.54
1644.50
1735.42
1557.03
1905.32
1735.64
1731.96
1791.43
1803.19
2199.64
2030.79
2041.60
2167.13
1775.70
2082.51
2059.96
2054.47
2269.59
2689.53
2325.63
2486.35
2737.81
2643.77
2689.53
2401.55
2407.63
2759.48
2536.47
2336.48
2161.07
2204.13
2295.94
1523.00
2123.79
2214.97
3885.78
4055.79
3039.39
2892.51
2756.75
3033.00
2813.72
2366.67
2136.74
2344.21
1994.36
1878.29
1819.43
1995.73
1852.23
1889.90
2210.47
2256.75
2260.55
2722.33
2191.15
1509.53
1930.66
1725.66
1952.35
1808.50
1876.42
1830.36
1830.36
1785.54
2093.35
1886.17
2041.14
1705.70
1519.70
1436.23
1701.20
1557.03
1653.95
1337.28
1408.63
1410.01
1397.80
1105.24
838.84
1246.37
997.87
784.67
736.82
643.76
499.39
446.26
321.46
482.82
259.20
332.61
311.46
311.46
311.46
110.44
110.44
110.44
110.44
158.59
791.79
588.80
662.30
595.37
574.32
612.25
672.48
357.78
926.03
926.03
347.72
834.34
909.29
719.58
541.78
524.61
1029.39
931.87
917.00
1040.22
933.71
1040.22
1250.60
753.63
673.14
1363.29
769.33
568.52
698.10
535.67
643.76
637.51
569.22
349.51
393.90
476.77
253.72
476.77
347.26
404.52
404.52
316.00
265.88
254.76
276.26
260.06
178.89
180.80
181.34
382.88
248.97
249.47
229.59
248.14
224.19
184.10
166.92
140.44
159.19
1023.05
3973.24
4749.49
4147.87
4646.45
4334.03
4547.30
5258.09
5258.09
5258.09
244.43
244.43
3114.83
4771.36
4668.30
4506.43
4694.83
4065.08
3306.10
3255.47
3376.46
3786.14
3549.23
5497.33
5016.44
4918.03
5471.07
4272.98
4847.89
4696.10
5252.41
4976.65
5064.74
4533.81
5389.81
5235.08
5146.50
5087.18
4521.31
4880.69
4654.61
3204.95
4847.89
4623.36
4979.08
4673.42
5121.21
4538.03
4082.74
4891.62
4415.10
4968.15
4280.68
4618.29
4586.22
4382.31
4944.51
4173.92
4727.62
4640.16
4119.91
4810.28
4514.59
5110.28
4365.75
4727.62
4377.77
3964.95
4541.76
5186.81
3618.15
5022.83
4288.50
4787.73
4891.64
4316.56
2751.52
3973.24
3885.78
4184.51
3920.67
4027.91
4891.60
4165.30
4804.16
4804.16
4537.75
4618.32
4776.31
4188.08
4432.43
4778.00
4316.07
4355.90
4334.03
3791.92
4704.13
4027.91
4218.31
4418.98
4148.17
3926.61
4530.83
4607.36
3339.12
3847.94
4098.05
4690.14
4248.16
4651.37
4193.74
4480.70
4643.47
4445.42
3934.05
4957.22
4363.43
5208.68
4825.74
5313.34
4754.03
5389.16
4688.43
5334.55
4246.38
5121.21
4319.30
5230.55
4038.83
4301.23
4880.69
4065.25
4488.51
4241.16
4082.65
3923.12
4036.51
4126.31
4104.44
3989.63
4530.83
4071.64
3567.23
4280.34
3874.85
3648.89
3973.24
3645.25
3954.08
4371.29
4399.52
3748.18
4342.91
2412.55
3809.25
3350.06
3800.74
4180.97
3323.50
3215.03
2059.96
3306.33
3685.08
4154.55
3902.86
3201.82
3131.18
4935.35
4332.21
3645.28
3191.54
3168.77
3070.67
3126.86
1893.65
2661.27
3146.84
2453.55
1902.35
1928.80
2197.55
1882.79
1610.87
1265.52
1497.83
1750.77
1902.35
1902.35
1250.29
2256.75
2801.14
1521.49
2032.31
2077.28
1631.46
2175.68
1885.44
2188.97
3018.29
2213.02
2081.82
1813.12
2326.00
2312.49
2195.47
2131.95
2038.09
2412.57
2722.33
2585.94
2409.81
2737.81
2631.94
2866.14
2768.57
2453.55
2626.72
2781.18
2431.68
2973.79
3142.22
3301.75
3214.32
2488.33
2518.37
3146.84
3240.73
2637.55
2661.27
2806.21
3225.25
2642.79
3237.49
3533.08
2967.40
2923.67
2756.59
3754.58
3945.33
4100.34
5154.01
3988.72
4395.15
3423.17
3424.51
3376.92
3754.26
3331.04
3765.51
3600.57
4563.63
4267.13
4064.03
3842.05
4016.98
2990.16
4574.56
