# 1Hz Kbps trace generated by import_real_world_traces.py
1367.86
1659.50
1478.84
1571.12
1364.45
1299.55
1769.65
1723.23
1817.22
1689.43
2451.28
2120.58
1269.11
1964.36
1964.36
1845.63
1652.27
2164.75
1442.40
2395.32
2062.83
1784.56
2211.63
2152.49
2339.43
1863.70
1958.19
1958.19
1893.75
1629.03
1133.45
1966.10
1919.84
2052.35
2141.11
2056.78
2363.97
2660.21
2605.40
2367.87
2661.47
2709.48
2783.71
2687.24
2272.26
1848.30
2195.35
1897.73
1898.58
1790.64
2634.87
1948.91
2097.49
1839.32
2427.18
1892.10
1795.20
2186.61
1666.43
2069.61
1843.39
2247.34
2448.82
2907.51
2342.82
1478.42
1838.52
2362.17
1480.21
1809.55
1512.58
1813.08
1623.98
1044.57
1782.54
3254.89
2471.39
2552.39
3225.25
2379.17
2118.56
2413.80
2123.37
1961.77
1864.77
2340.50
2340.50
1838.04
2115.00
1966.13
2847.40
1739.46
1959.21
1182.26
1171.04
1311.11
997.67
877.69
558.48
899.13
733.14
775.64
509.28
478.92
617.63
568.66
490.55
644.40
563.45
215.57
182.40
171.67
160.94
865.99
551.81
1310.38
1088.42
1250.53
1364.00
1148.59
2024.97
2024.97
1579.89
2105.90
1707.81
1150.08
691.81
969.93
1755.44
1927.77
1507.38
2632.30
2209.55
2034.68
2698.08
1512.90
1512.90
2286.68
2224.32
2772.10
2977.95
3387.79
2579.42
3205.61
2393.12
2403.99
2446.40
3170.59
2906.65
2084.05
2084.05
2353.12
2983.72
3261.53
2650.72
1894.94
1673.40
2634.87
2133.99
2503.67
1571.12
1831.22
1554.42
2252.21
2038.57
1811.60
1820.82
1802.96
2574.43
2513.46
2623.94
1884.64
2263.14
1893.34
2219.41
1771.55
1834.86
1599.76
1599.76
113.87
5348.84
2083.55
1831.22
1021.61
2242.45
2356.77
2851.91
2328.05
1589.81
1879.68
2275.49
1830.05
2819.83
2369.31
2143.69
2428.65
2347.44
2340.05
2340.05
2324.93
2290.72
2132.37
1802.16
1336.93
1254.80
1207.54
1077.19
1786.64
2065.04
2550.62
3300.57
2017.98
3156.30
2904.30
2817.37
2504.95
2973.79
2569.45
2239.33
2371.64
2937.56
3201.09
3228.82
3305.81
3079.35
3035.31
2966.25
1732.43
1896.67
1237.26
1025.39
1158.27
1259.85
1924.22
1495.29
2285.44
2285.44
1971.66
1344.77
1667.70
1847.69
664.81
1224.50
1168.78
2066.83
2066.83
2254.32
2172.91
2661.58
3527.18
3069.90
3214.32
3801.30
2208.35
2246.43
2232.57
2355.92
3115.92
2208.18
2325.74
1883.45
1357.48
1651.20
1651.20
477.61
585.53
631.38
725.99
865.90
1679.52
947.86
343.34
396.99
396.99
697.41
834.34
1533.35
2502.35
1810.05
1650.85
1642.62
1421.68
1643.52
1896.23
1924.77
1597.83
1608.50
2305.54
2416.35
2087.66
2011.61
1975.61
2607.67
2279.90
2853.53
2653.81
2548.44
2475.38
2809.21
2107.55
2500.60
3185.68
2772.20
3603.12
3994.43
2929.97
2900.93
2673.35
2352.49
2141.70
3066.23
3066.23
2946.75
2972.55
3017.52
3367.49
3870.18
2473.68
3377.39
3001.99
3161.01
3209.69
3108.41
3558.35
1637.15
5751.33
1966.00
2798.02
2798.02
2904.79
2962.86
2703.69
2763.09
2076.92
1778.71
2202.20
2958.05
2978.30
3098.07
2447.06
2862.65
2500.57
2976.36
3802.04
2432.37
2792.89
2805.54
3156.11
2270.54
2051.33
1125.34
1933.19
3159.66
2961.00
2639.25
2784.90
3114.54
2849.40
2648.71
3073.00
2544.38
2100.04
636.16
1997.71
1558.79
1774.50
2754.76
2715.56
1796.94
1084.64
1094.83
1377.57
939.45
1395.25
950.23
857.08
1061.89
1224.43
1183.36
1095.48
487.60
638.15
638.15
1129.33
1261.17
450.65
557.93
472.09
774.77
395.05
658.77
437.63
535.72
535.72
1494.58
2013.90
2387.26
1254.11
517.13
323.15
1102.04
921.03
754.38
1271.53
1541.88
1415.49
1353.84
1233.56
1300.28
1093.07
833.22
1590.80
2206.15
2206.15
2029.19
2722.99
2022.10
2599.14
2052.19
1999.38
2092.82
2329.12
3503.70
2582.69
2513.54
2576.51
2480.79
2596.87
3552.29
3460.07
2727.46
2492.74
2492.74
1774.28
1762.72
1390.16
1416.28
1170.25
989.54
1592.84
903.01
801.04
1117.18
925.77
841.85
446.26
624.33
412.63
644.41
317.85
649.50
555.93
761.79
510.22
824.33
568.06
480.09
965.65
595.50
673.14
799.75
669.17
845.18
758.50
432.77
432.77
509.28
476.30
416.81
524.57
1061.89
718.34
912.00
219.86
155.11
396.99
538.68
1082.49
1116.51
1157.07
1013.40
864.06
1004.86
958.92
1408.63
709.35
675.95
403.76
418.45
661.58
634.75
291.84
291.84
747.66
620.13
655.69
890.54
744.13
719.88
747.77
819.86
897.12
1335.87
780.17
622.02
408.43
476.77
487.60
1144.98
1660.09
1526.81
1299.13
1413.15
1414.86
1415.38
1685.97
1980.03
2079.48
2007.42
1552.11
1805.12
2051.75
2768.82
2929.77
2334.35
751.53
2153.81
2132.27
2294.91
2103.72
2103.72
1635.23
1547.96
967.98
1563.43
1663.00
2097.05
1720.01
2145.46
1378.85
1128.02
525.48
888.52
1494.45
1891.42
1586.38
1419.59
1733.82
2134.62
1121.68
681.00
1002.56
988.07
1168.39
1619.95
1843.15
2537.18
2330.35
2330.35
2418.86
2507.07
2526.06
2087.69
2131.95
1883.46
1541.06
1898.12
1232.97
807.98
1366.63
1629.17
1989.82
1755.37
1343.61
1140.31
1321.95
631.38
422.24
1050.02
2219.63
2448.86
2155.73
2459.45
2307.80
