# 1Hz Kbps trace generated by import_real_world_traces.py
1016.42
870.89
772.73
962.42
956.51
760.90
1103.20
1176.32
1351.04
1068.75
1101.29
1005.64
969.63
1013.36
1031.71
1096.35
1196.44
1244.45
924.03
382.66
347.10
325.07
556.55
556.55
297.23
515.01
400.84
546.65
399.82
607.40
433.43
216.71
257.51
399.06
456.86
730.73
779.02
799.69
793.89
729.60
729.60
468.35
740.33
594.88
815.44
725.24
693.04
773.51
942.70
686.31
489.35
671.81
553.22
736.82
382.89
650.14
522.32
736.09
573.10
447.34
623.18
497.65
671.81
170.43
387.02
769.81
921.03
509.85
509.85
518.86
385.73
123.89
244.38
290.75
557.59
505.69
286.92
191.25
278.66
647.77
603.45
318.86
736.82
577.70
610.89
646.53
707.01
504.28
568.67
704.32
556.70
614.17
809.05
496.69
488.76
191.43
654.49
494.58
595.59
312.04
482.35
313.00
425.01
400.82
504.78
504.78
250.71
498.90
787.18
525.97
771.08
879.81
729.07
995.89
800.19
834.69
815.63
1095.48
863.69
998.42
1320.64
1149.57
871.47
1509.33
505.17
1067.53
1115.86
484.99
643.76
609.54
609.54
800.04
764.54
580.38
612.75
647.48
561.01
420.03
546.49
736.82
835.80
931.87
576.21
568.79
650.14
505.09
965.33
845.39
467.60
390.08
246.78
671.02
890.92
693.48
346.56
379.82
482.82
456.44
456.44
129.34
335.57
245.54
557.59
565.31
402.66
238.38
446.59
557.93
400.92
581.89
1046.13
1263.67
1314.78
1049.82
784.02
739.41
988.66
705.17
596.55
716.46
707.73
677.53
841.85
602.57
1094.40
927.05
858.35
648.79
762.54
714.45
720.81
793.79
1057.68
1146.40
1226.75
1065.02
794.76
671.98
696.76
696.76
965.21
1584.48
1465.89
1282.57
1469.25
1294.02
1448.55
1249.37
1434.97
1293.00
1505.33
1437.64
1165.95
1112.90
1086.70
1321.68
1125.54
1546.57
1467.50
1400.79
1740.17
1614.24
1980.80
1415.72
1963.56
1222.84
1824.81
1449.73
1838.25
1247.84
1545.84
1460.14
2032.81
1399.07
1399.07
1581.49
2078.44
1557.55
1584.74
1829.96
1334.48
1826.05
1680.20
1076.39
1292.15
665.93
1150.57
903.37
1140.31
877.99
908.41
1097.60
873.99
516.76
220.69
428.88
444.70
481.45
856.86
657.46
670.87
975.21
271.35
1008.71
734.77
719.33
1051.48
759.97
832.48
772.07
772.07
773.30
929.31
701.00
985.07
790.67
695.47
896.51
433.09
999.74
689.55
835.17
552.61
758.50
758.50
502.82
606.80
500.81
554.72
693.48
649.65
893.44
767.65
488.25
758.64
892.45
731.60
915.01
1235.26
741.85
1004.36
975.45
694.17
686.93
692.06
740.33
629.92
721.05
666.92
660.09
942.70
477.31
358.53
358.53
202.94
486.56
347.26
182.40
361.61
1343.72
310.85
591.47
970.55
919.14
1184.44
1039.30
762.00
1031.67
940.30
769.57
1006.78
1043.67
989.69
997.17
393.13
171.67
394.73
394.73
387.19
504.28
389.26
260.82
499.56
635.12
768.66
462.62
728.68
637.39
370.29
495.62
520.33
686.04
528.44
732.87
688.17
548.18
548.18
646.85
882.40
461.03
445.91
560.32
551.95
647.26
530.31
751.49
726.41
605.75
662.11
808.58
744.82
632.30
719.26
784.95
644.45
769.26
816.32
805.43
510.23
655.86
767.95
767.95
641.13
817.22
733.42
889.32
1011.79
783.22
995.21
1047.86
952.44
987.36
942.08
849.89
914.33
914.33
902.48
903.55
1085.06
1120.93
1012.76
880.07
1083.98
1149.99
1086.30
1258.30
999.47
934.29
830.92
659.74
718.94
920.44
542.47
665.73
786.86
698.04
655.63
216.50
350.17
661.99
661.99
658.85
576.78
1196.64
470.12
302.60
1118.07
1122.02
1055.62
1004.09
1278.15
1353.29
1496.10
1191.36
1538.41
1538.41
1012.32
1269.52
1330.86
1556.35
1127.52
1647.30
1238.89
1541.15
1655.12
1261.98
975.78
1439.49
1138.72
1061.72
1321.55
483.35
1231.68
1189.35
1006.55
1263.29
1343.33
945.07
1454.66
1512.94
1637.34
1178.35
1431.52
1334.15
2126.04
2126.04
1458.61
1939.28
1383.78
1918.03
1864.83
1717.22
1495.70
1942.45
1145.47
1519.67
1205.31
839.62
1166.99
1186.22
960.91
1102.84
1294.47
1063.50
801.20
590.23
726.71
633.47
814.04
988.26
1249.73
1479.53
1540.55
1267.99
1267.99
1384.45
1129.16
1149.64
1109.88
1159.34
867.15
1106.33
907.42
992.50
835.50
921.94
672.06
548.62
911.10
1051.28
1198.51
927.78
896.51
979.16
1349.03
945.14
773.81
773.81
787.68
950.33
973.65
1028.61
1093.98
1197.71
897.03
1473.78
1427.49
1269.91
1500.80
1229.98
1432.23
670.66
1137.74
468.49
222.11
752.05
1027.46
1437.84
1191.81
1346.07
772.67
1019.29
833.33
839.28
1300.28
864.44
1068.21
959.88
1246.10
899.33
1184.35
888.97
415.51
942.70
606.98
882.29
650.14
648.14
456.21
595.96
595.96
546.37
504.28
558.48
396.19
557.93
590.12
525.10
496.51
693.48
615.86
671.15
715.15
456.57
801.84
765.31
514.03
660.32
856.02
692.87
964.37
876.70
1029.40
1071.44
666.25
761.79
572.42
658.77
468.70
460.91
516.13
567.55
442.14
682.65
501.59
639.30
736.82
483.26
563.45
472.09
472.09
355.01
487.60
461.36
318.76
318.76
287.94
350.97
249.22
182.40
119.39
111.47
459.53
456.89
1018.55
705.36
618.86
594.10
233.76
400.92
906.58
1038.42
1083.67
549.99
954.92
928.57
1538.66
777.97
777.97
156.24
1102.66
378.07
769.33
814.71
772.52
1018.55
714.61
1019.29
865.76
1030.65
899.36
673.19
899.36
907.44
901.27
1909.87
856.86
911.10
806.53
874.65
1137.04
916.67
1224.43
1148.05
761.61
1247.33
820.56
988.15
1386.96
1063.30
1063.30
1141.70
1366.64
1202.76
1244.87
1163.62
1320.64
1265.44
1300.28
1114.97
1240.44
1537.32
1321.95
1220.09
1453.42
1721.16
915.15
1017.54
1605.26
799.44
743.33
1321.95
921.03
1278.61
1343.56
1060.51
1193.10
955.34
235.46
151.70
294.65
115.87
118.02
109.11
109.11
122.86
150.36
137.06
136.41
141.60
749.55
121.38
117.95
172.95
165.50
178.55
178.55
120.97
165.82
154.58
186.72
157.24
155.16
154.87
152.91
155.45
157.54
182.94
128.25
128.25
161.08
174.75
150.36
152.91
158.15
147.46
157.54
136.93
150.21
144.41
114.43
179.24
153.06
150.06
153.06
155.16
126.80
1373.36
109.22
109.22
136.68
115.87
120.26
201.78
105.03
101.52
120.14
802.60
109.64
115.98
134.22
108.90
101.99
101.99
127.60
109.05
168.69
105.43
148.32
123.54
124.25
174.93
147.75
133.97
158.00
154.72
154.72
111.01
150.06
139.48
124.80
158.15
114.46
179.41
120.02
169.02
366.24
366.24
212.81
141.87
141.87
160.81
150.21
118.26
141.99
107.95
103.15
144.95
105.42
1207.87
158.00
158.00
129.62
158.07
195.82
158.92
128.63
175.35
153.06
126.52
164.73
150.21
154.78
158.46
111.36
111.36
178.71
133.16
2653.38
164.00
118.37
131.20
118.02
113.25
101.43
338.67
109.77
109.77
100.26
406.67
104.31
115.53
103.05
101.52
101.33
103.15
103.15
111.36
134.60
100.22
101.33
101.33
1307.27
130.67
129.13
126.92
155.16
108.65
116.54
131.73
164.00
109.11
109.11
109.84
117.91
125.18
128.88
119.61
113.46
102.54
