# 1Hz Kbps trace generated by import_real_world_traces.py
1005.17
2287.32
1475.53
1380.97
1173.96
1150.83
951.80
1124.81
1202.84
1299.75
1391.49
1229.52
1509.71
1277.05
1412.94
1589.39
1524.92
1248.61
1248.61
1492.68
1441.25
1231.32
936.57
890.57
418.21
150.65
513.16
265.63
506.91
250.10
201.37
431.06
431.06
452.23
418.45
279.31
282.99
364.80
201.77
276.26
175.26
425.01
428.52
397.73
735.19
450.20
498.93
363.65
524.76
458.08
520.11
435.15
314.06
472.09
675.52
626.60
461.64
389.73
314.13
629.60
629.60
558.54
584.05
568.66
453.21
400.44
460.90
450.19
274.87
186.41
204.25
352.03
764.22
731.76
941.75
885.85
713.12
474.85
415.84
415.84
415.84
101.65
586.11
882.79
655.79
624.19
269.25
579.09
655.56
693.10
860.54
736.55
876.00
762.12
943.32
825.05
1210.01
898.31
1047.19
962.72
659.21
659.21
806.67
955.38
702.84
848.80
611.32
722.82
663.47
652.27
769.80
815.15
655.30
866.78
1090.21
952.22
1234.01
788.46
856.02
864.85
1158.34
1158.34
769.63
986.41
1219.35
570.39
1063.76
792.21
856.76
1086.26
860.79
738.22
845.98
622.64
1087.18
783.11
835.60
1098.64
710.60
916.45
916.45
628.10
957.73
1032.70
758.37
683.99
364.05
677.27
525.15
459.59
566.57
343.68
236.59
297.69
723.06
582.38
721.81
684.94
370.39
341.58
341.58
433.60
561.99
631.25
653.55
871.11
614.70
574.86
720.90
970.82
1249.03
880.66
1145.41
975.37
1177.23
1018.34
1019.19
799.73
1179.36
780.91
1243.45
812.49
812.49
596.21
404.52
753.46
927.85
899.68
1051.26
1165.55
1217.31
888.58
1138.80
1013.66
834.50
816.90
578.53
514.53
514.53
343.95
1022.04
1048.40
1118.85
1349.94
912.62
1322.36
893.74
1235.89
628.78
1162.30
806.95
783.58
506.36
745.10
744.88
1085.20
1115.80
978.00
978.00
1235.93
1153.87
1022.59
774.47
842.20
920.70
1089.12
956.70
895.11
864.70
960.40
912.05
665.70
907.45
793.68
384.76
384.76
555.68
142.71
422.51
413.36
877.06
810.19
611.58
396.97
451.20
894.49
1205.14
878.11
878.11
838.98
1113.92
1195.72
1237.05
924.28
1181.42
956.00
966.31
838.95
997.73
905.81
803.58
891.30
891.30
821.65
916.85
1058.80
1051.04
1017.60
1076.80
699.00
1331.29
823.89
1022.39
1002.18
1002.18
895.71
1122.13
708.24
1035.14
932.63
717.02
1057.92
904.64
1065.59
558.35
781.15
700.07
567.47
860.88
1161.16
978.29
844.28
844.28
759.06
908.97
887.18
726.60
963.61
676.24
853.49
458.12
535.95
342.13
335.00
371.72
232.60
941.95
1193.96
880.33
929.63
445.48
445.48
715.23
918.17
954.91
863.84
823.27
893.19
520.86
846.15
646.49
1055.61
671.26
368.26
301.21
332.61
120.63
981.30
1304.48
1298.97
1271.13
1271.13
1179.65
1429.48
1085.47
1015.30
1116.86
1365.62
910.61
1429.79
1091.39
1380.06
888.90
267.93
636.04
1257.53
1183.66
612.11
664.58
564.64
606.80
384.70
308.23
445.70
650.06
485.47
417.41
417.41
609.62
369.98
306.88
292.56
443.82
354.33
249.46
124.19
819.24
1119.10
1011.01
1390.96
1133.00
1215.70
947.76
1146.07
1212.01
1001.30
1186.91
779.94
881.40
923.14
756.54
756.54
524.46
881.89
942.56
882.98
669.92
664.63
476.97
768.84
424.97
433.01
385.26
346.74
216.82
378.50
569.21
375.53
375.53
124.56
212.50
162.86
435.70
552.51
354.21
298.83
284.40
139.97
185.84
185.84
104.88
173.54
109.34
139.62
199.75
290.67
162.53
157.85
170.00
115.20
134.60
429.18
179.48
275.72
204.63
297.51
151.70
151.70
277.11
461.36
513.26
588.04
607.28
463.22
547.36
469.38
995.84
1293.40
1027.23
1099.02
1080.30
1537.15
1135.60
1135.60
1442.50
1389.83
1391.95
1500.88
1194.61
1688.54
1562.49
1831.95
1461.13
1914.18
1415.22
1413.07
752.98
1584.41
1721.99
1595.56
1595.56
1727.26
1448.77
1674.43
1878.85
2051.04
2041.64
1595.12
1938.90
2507.35
1294.47
1040.57
1634.54
1356.40
1443.43
2020.15
1441.87
1750.81
1564.18
1249.61
1379.50
1495.41
1065.27
1477.16
1666.92
1666.92
1515.71
2009.51
1636.72
1695.91
1420.54
2068.46
1399.89
1496.39
1887.38
1632.46
1690.71
2150.94
1598.76
1688.00
1705.66
1690.26
1886.91
1929.24
2084.06
1398.75
1372.73
1355.84
1355.84
120.45
958.61
1416.38
1481.70
638.75
488.95
563.28
320.06
165.68
687.37
772.07
1256.77
721.68
925.19
925.19
693.02
910.22
897.30
908.00
843.12
842.83
1157.56
1410.57
1603.00
834.62
1073.87
1190.18
996.08
868.32
593.03
630.93
630.93
549.43
579.09
625.94
1137.99
1148.55
1035.55
1257.42
1238.84
1171.15
1281.33
1216.89
1359.97
1029.41
1215.11
1549.82
950.73
1201.55
1377.13
1472.70
1472.70
1341.27
967.32
1351.76
848.53
1040.01
1076.46
983.51
905.92
802.74
669.74
779.33
731.10
777.28
915.54
986.55
952.29
952.29
1255.32
1384.05
1035.29
979.87
739.64
979.12
685.13
866.50
1062.41
645.23
561.45
701.74
605.72
663.97
659.67
718.10
443.10
355.86
325.71
283.94
355.47
423.01
307.30
282.12
164.76
233.98
203.64
203.64
174.04
184.21
141.39
216.71
192.17
246.78
131.86
134.09
195.25
233.28
109.45
140.86
159.38
115.47
155.01
137.99
110.19
130.16
119.07
130.16
166.77
110.59
128.75
132.96
132.96
150.21
163.65
115.20
157.85
151.86
126.63
181.87
237.21
260.05
197.47
157.89
152.11
906.65
1403.48
1362.85
741.42
741.42
1059.97
1128.19
968.99
789.07
1119.18
961.02
1043.40
1061.92
1221.07
1171.72
1344.58
1394.65
1355.97
965.38
874.24
1280.39
938.52
1059.48
1059.48
915.55
1334.84
1168.91
1287.98
1385.37
1313.87
1250.52
916.68
1113.90
1155.66
866.03
981.89
1096.40
1071.80
1086.97
1098.01
1196.34
1162.41
965.98
965.98
1031.21
1054.04
1188.20
1266.13
1099.79
1089.07
1152.77
947.62
1174.32
816.96
801.70
1059.43
1095.53
1132.92
873.21
1190.54
977.54
977.54
1283.20
1336.58
1386.70
1264.88
1269.11
965.14
1437.15
573.94
1318.48
1149.69
1258.38
1194.43
914.22
1376.21
1376.21
708.48
1159.12
1135.32
1307.91
863.57
1306.87
1363.39
994.21
1129.78
1097.63
1084.49
1084.49
841.63
1186.35
889.09
870.70
926.04
878.87
938.39
1106.21
1033.75
774.23
1056.63
803.03
942.35
723.99
902.67
975.18
985.09
395.43
425.01
129.15
484.74
484.74
283.37
101.46
290.07
292.27
395.81
399.34
509.98
499.39
270.46
343.34
298.80
421.15
444.26
283.99
428.02
441.38
465.93
240.40
263.08
171.22
184.39
205.88
327.45
463.90
481.95
401.32
310.49
624.16
249.47
249.47
112.13
286.60
342.55
648.07
518.51
461.33
434.13
257.76
162.37
125.07
239.27
180.56
255.01
135.17
147.32
162.37
147.64
240.53
158.00
160.94
227.55
227.55
407.32
222.89
314.23
238.53
300.42
568.62
390.08
626.85
872.67
794.77
1125.48
1061.09
674.68
826.81
622.73
747.95
747.95
412.24
326.11
389.07
424.22
331.02
250.46
250.46
133.07
204.56
269.74
227.14
399.73
343.72
343.72
178.94
178.94
149.14
295.33
300.87
455.05
397.80
563.00
435.84
244.62
161.37
161.37
217.79
180.73
137.67
203.67
249.60
359.54
434.21
515.76
382.51
255.01
191.52
191.52
400.26
335.90
256.70
244.38
135.95
227.14
210.46
147.80
387.83
466.55
536.92
464.75
541.78
576.48
598.41
597.80
597.80
246.64
246.64
246.64
209.39
438.45
710.50
520.29
338.57
450.20
273.33
348.19
585.12
315.83
296.95
296.95
134.56
147.46
191.90
375.22
202.97
455.10
231.34
357.58
136.73
381.62
513.88
478.18
429.18
309.15
361.71
599.66
650.96
720.94
682.59
612.63
504.97
748.28
773.79
773.79
362.60
239.21
553.41
336.74
257.00
320.22
865.45
440.77
357.44
270.66
690.93
792.50
1159.00
814.56
1172.28
937.01
1125.78
1128.79
1128.79
1192.56
1146.70
1077.58
1224.76
1293.08
1048.40
1250.90
1022.45
1053.17
788.96
1052.52
1085.74
541.40
760.49
1011.60
1080.78
974.20
964.34
849.09
849.09
1001.25
893.92
1012.57
488.94
1006.26
674.81
568.06
507.79
474.58
341.45
534.05
534.05
438.81
458.88
328.08
556.92
780.85
856.25
610.74
665.06
617.50
583.02
566.27
627.37
684.94
621.99
836.13
710.18
806.34
817.94
906.45
792.04
1043.79
737.41
1064.53
781.39
1073.66
727.02
727.02
799.16
1089.94
736.53
1074.98
989.36
659.82
779.67
818.42
841.43
692.47
717.25
830.49
830.49
881.64
842.51
652.37
873.99
681.06
1007.22
751.35
858.46
942.95
885.27
533.49
861.65
978.17
971.93
747.91
1039.03
1164.80
1113.89
1273.72
1273.72
1340.20
1256.79
1252.33
1286.05
1185.45
1262.98
1022.11
1025.36
896.10
906.75
1067.18
1093.19
829.19
859.62
853.47
868.12
967.04
984.26
854.73
1218.75
811.39
1084.08
767.00
984.83
1071.66
1071.66
860.77
1046.87
889.51
853.95
1163.97
1137.47
1166.71
1114.04
868.30
824.17
328.38
1111.66
544.22
892.89
1195.76
761.84
817.37
998.85
963.72
920.94
1138.94
744.73
794.60
657.72
621.88
663.92
663.92
918.59
1042.99
1263.10
1003.89
949.15
913.88
719.09
1039.60
1006.52
1063.45
1031.33
979.28
1216.14
908.33
876.84
930.69
927.79
927.79
988.05
930.12
1058.18
1080.16
823.19
1108.29
609.53
1072.18
1053.72
1013.28
1435.00
1292.68
1226.22
1238.38
1155.34
1386.85
1283.03
1265.70
1385.19
1193.50
1226.77
1175.30
1084.99
1251.34
1354.38
996.55
1429.24
1429.24
1009.45
1396.52
1021.15
1427.47
753.71
889.05
1406.79
1044.89
995.69
1181.85
1244.41
1389.87
1494.41
