# 1Hz Kbps trace generated by import_real_world_traces.py
643.41
643.41
665.69
665.69
684.78
684.78
724.85
724.85
702.59
702.59
744.98
744.98
876.17
958.36
958.36
846.02
846.02
842.45
842.45
805.51
805.51
675.99
781.19
843.11
843.11
843.11
843.11
550.93
550.93
662.17
662.17
661.25
616.28
606.21
568.50
568.50
568.50
568.50
568.50
568.50
568.50
568.50
568.50
261.27
261.27
261.27
261.27
261.27
261.27
261.27
261.27
228.86
228.86
228.86
228.86
228.86
228.78
228.78
228.78
228.78
228.78
228.78
268.61
268.61
268.61
268.61
268.61
323.42
323.42
323.42
323.42
323.42
323.42
323.42
241.63
241.63
241.63
448.72
448.72
541.13
541.13
541.13
541.13
472.14
472.14
472.14
418.99
418.99
418.99
418.99
418.99
418.99
273.83
273.83
273.83
273.83
366.64
366.64
366.64
366.64
366.64
366.64
258.33
258.33
672.08
1439.57
2366.87
3468.15
3973.26
3489.97
3865.34
