# 1Hz Kbps trace generated by import_real_world_traces.py
1396.92
1171.87
1055.56
1055.56
888.11
1048.55
1048.55
1125.33
1000.81
1000.81
847.90
847.90
776.64
1041.45
1041.45
958.63
1021.68
1021.68
912.81
912.81
740.04
740.04
740.04
696.03
696.03
657.43
657.43
657.43
657.43
657.43
657.43
278.61
554.24
570.25
650.04
650.04
650.04
650.04
650.04
470.22
470.22
470.22
585.12
585.12
603.52
603.52
603.52
603.52
452.89
793.54
793.54
993.83
1065.21
1301.87
1301.87
1393.50
1027.84
1027.84
985.14
1105.52
1417.33
1286.22
1286.22
1381.00
1390.40
1534.38
1209.11
1307.41
989.71
989.71
1145.93
1144.27
1258.61
