# 1Hz Kbps trace generated by import_real_world_traces.py
1013.57
1013.57
719.65
719.65
719.65
719.65
317.80
317.80
317.80
317.80
317.80
317.80
317.80
264.38
264.38
264.38
264.38
264.38
264.38
224.68
224.68
224.68
224.68
224.68
224.68
224.68
203.02
203.02
203.02
203.02
203.02
203.02
203.02
209.90
209.90
209.90
209.90
209.90
278.23
278.23
704.18
1253.86
1253.86
1465.93
1454.97
1236.53
1236.53
1236.53
1236.53
378.76
378.76
582.24
582.24
1182.36
1373.65
1414.35
1487.79
1487.79
917.57
917.57
629.13
629.13
690.17
690.17
648.89
648.89
907.12
