# 1Hz Kbps trace generated by import_real_world_traces.py
1640.26
1645.38
1646.96
1646.96
1646.96
1646.96
1646.96
1607.66
1607.66
1607.66
1607.66
1606.94
1606.94
1606.94
1606.94
1606.94
1492.40
1492.40
1492.40
1492.40
1492.40
1492.40
1492.40
1492.40
1492.40
1492.40
900.53
1406.62
1535.48
1527.12
1527.12
1527.12
1527.12
1262.77
1262.77
1262.77
1262.77
1262.77
1262.77
1262.77
1262.77
1158.37
1158.37
1158.37
1158.37
1158.37
1158.37
995.92
995.92
995.92
995.92
995.92
995.92
995.92
995.92
1025.46
1111.40
1100.39
1102.56
1102.56
1102.56
1093.84
1093.84
1093.84
1092.50
1092.50
1092.50
1092.50
1092.50
1087.50
1087.50
1087.50
1087.50
1087.50
1087.50
1087.50
1087.50
1087.50
1087.50
782.09
782.09
782.09
782.09
782.09
782.09
1152.32
1152.32
1152.32
1152.32
1152.32
1528.47
1528.47
1528.47
1528.47
1500.82
1500.82
1500.82
1500.82
1500.82
1761.31
1761.31
1734.37
1778.35
1778.35
1814.31
1814.31
1573.72
1573.72
1573.72
1043.52
1043.52
1043.52
1043.52
1575.19
1575.19
1575.19
1575.19
1575.19
1575.19
1575.19
1575.19
1081.00
1081.00
1081.00
1081.00
1081.00
1081.00
1081.00
1194.83
1194.83
1194.83
1194.83
1194.83
1194.83
1287.56
1287.56
1287.56
1287.56
1287.56
1319.99
1319.99
1319.99
1319.99
1319.99
1443.98
1443.98
1247.57
1259.11
1259.11
1259.11
1335.33
1335.33
1583.95
1583.95
1381.96
1381.96
1381.96
1381.96
1268.77
1268.77
1268.77
1268.77
1268.77
1510.82
1510.82
1510.82
1510.82
1510.82
1510.82
1510.82
1212.80
1212.80
1212.80
1212.80
1545.90
1545.90
1545.90
1545.90
1545.90
1481.93
1481.93
1481.93
1481.93
1481.93
925.76
