# 1Hz Kbps trace generated by import_real_world_traces.py
2193.35
2193.35
2066.64
1774.27
1774.27
1774.27
1774.27
1774.27
1932.15
1932.15
1932.15
2056.63
2056.63
2056.63
2132.51
2132.51
2132.51
2132.51
2195.63
2195.63
2195.63
2215.87
2215.87
2215.87
2215.87
2217.50
2217.50
2217.50
2213.94
2213.94
2213.94
2213.94
2215.34
2215.34
2215.34
2214.21
2214.21
2214.21
2214.21
2224.75
2224.75
2224.75
2232.69
2232.69
2232.69
2232.69
2227.86
2227.86
2227.86
2228.06
2228.06
2228.06
2228.06
2219.83
2219.83
2219.83
2217.08
2217.08
2217.08
2217.08
2223.91
2223.91
2223.91
2227.62
2227.62
2227.62
2227.62
2218.89
2218.89
2218.89
2155.36
2155.36
2155.36
2155.36
2108.35
2108.35
2108.35
2107.92
2107.92
2107.92
2107.92
2160.85
2160.85
2160.85
2160.85
2201.63
2201.63
2226.72
2226.72
2226.72
2226.72
2218.47
2218.47
2218.47
2218.47
2190.37
2190.37
2190.37
2139.45
2139.45
2139.45
2139.45
2116.89
2116.89
2116.89
2210.58
2210.58
2210.58
2210.58
2224.12
2224.12
2224.12
2224.12
2208.35
2208.35
2208.35
2215.18
2215.18
2215.18
2215.18
2215.18
2215.18
2215.18
2167.41
2167.41
2167.41
2167.41
2167.41
2167.41
2167.41
2167.41
2173.82
2173.82
2173.82
2173.82
2173.82
2173.82
2173.82
2173.82
2220.47
2220.47
2220.47
2220.47
2220.47
2220.47
2220.47
2220.47
2173.56
2173.56
2173.56
2239.19
2239.19
2239.19
2239.19
2157.91
2157.91
2157.91
2157.91
2129.14
2129.14
2129.14
2137.66
2137.66
2137.66
2137.66
2203.95
2203.95
2203.95
2238.32
2238.32
2238.32
2238.32
2236.90
2236.90
2236.90
2154.30
2154.30
2197.61
