# 1Hz Kbps trace generated by import_real_world_traces.py
3551.73
3503.74
3515.91
4029.97
4029.97
2824.36
2824.36
2824.36
2777.65
2777.65
2777.65
2905.44
2905.44
2925.67
2925.67
2925.67
2925.67
2925.67
2925.67
2925.67
2925.67
2226.82
2226.82
2226.82
2226.82
2226.82
2226.82
2226.82
2502.62
2502.62
2502.62
2502.62
2502.62
2502.62
2502.62
2502.62
2109.57
2109.57
2109.57
2239.74
2239.74
2239.74
2239.74
2239.74
2239.74
1733.20
1733.20
1733.20
1986.42
1986.42
1986.42
2340.84
2340.84
2340.84
2340.84
2264.60
2264.60
3361.34
3361.34
3361.34
2842.33
2842.33
2842.33
2464.99
2464.99
2464.99
2468.11
2468.11
2468.11
2949.38
2949.38
2949.38
2949.38
2046.57
2046.57
2046.57
1943.69
1943.69
1943.69
1943.69
1861.09
1861.09
1861.09
1861.09
1829.71
1829.71
1829.71
1829.71
2183.22
2183.22
2183.22
2183.22
1911.02
1911.02
1911.02
1911.02
2044.23
2044.23
2044.23
2133.50
2133.50
2133.50
2133.50
1758.29
1758.29
1758.29
1758.29
1758.29
1782.36
1782.36
1782.36
2130.75
2130.75
2130.75
2130.75
2130.75
1841.81
1841.81
1841.81
2445.90
2445.90
2445.90
2869.12
2869.12
2815.88
2815.88
2815.88
2879.10
2879.10
3025.10
3025.10
3025.10
3025.10
2358.88
2358.88
2358.88
2358.88
1842.66
1842.66
1842.66
1842.66
1949.14
1949.14
1949.14
2284.90
2284.90
2284.90
2342.69
2342.69
2342.69
2342.69
2232.81
2232.81
2232.81
2232.81
1981.97
1981.97
1981.97
2388.87
2388.87
3219.67
8251.27
