# 1Hz Kbps trace generated by import_real_world_traces.py
1628.47
1614.51
1614.51
1614.51
1614.51
1614.51
1585.52
1585.52
1585.52
1585.52
1585.52
1540.87
1556.72
1626.47
1626.47
1626.47
1626.47
1626.47
1567.61
1567.61
1567.61
1567.61
1567.61
1567.71
1567.71
1567.71
1567.71
1567.71
1557.87
1557.87
1557.87
1557.87
1557.87
1538.17
1538.17
1538.17
1538.17
1538.17
1552.66
1552.66
1552.66
1552.66
1552.66
1547.77
1547.77
1547.77
1547.77
1547.77
1546.95
1546.95
1546.95
1574.16
1587.69
1585.43
1585.43
1585.43
1585.43
1556.66
1556.66
1556.66
1556.66
1556.66
1538.95
1538.95
1538.95
1538.95
1538.95
1541.90
1541.90
1541.90
1541.90
1570.14
1570.14
1570.14
1570.14
1570.14
1570.14
1558.82
1558.82
1558.82
1558.82
1571.55
1571.55
1571.55
1571.55
1571.55
1563.06
1563.06
1563.06
1563.06
1563.06
1562.97
1562.97
1562.97
1562.97
1562.97
1549.90
1549.90
1549.90
1549.90
1557.67
1557.67
1557.67
1557.67
1557.67
1563.98
1563.98
1563.98
1563.98
1563.98
1563.98
1548.60
1548.60
1548.60
1548.60
1543.84
1543.84
1559.19
1589.85
1589.85
1595.51
1595.51
1595.51
1561.41
1549.75
1549.75
1549.75
1549.75
1549.33
1549.33
1549.33
1549.33
1549.33
1540.88
1540.88
1540.88
1540.88
1540.88
1546.66
1546.66
1546.66
1546.66
1546.66
1552.90
1552.90
1552.90
1552.90
1552.90
1564.73
1564.73
1564.73
1564.73
1564.73
1556.28
1556.28
1556.28
1556.28
1556.28
1545.34
1545.34
1545.34
1545.34
1545.34
1569.66
1569.66
1569.66
1569.66
1569.66
1569.55
1569.55
1569.55
1569.55
1569.55
1551.14
1551.14
1551.14
1551.14
1551.14
1554.95
1554.95
1554.95
1554.95
1557.26
1557.26
1557.26
1568.18
