# 1Hz Kbps trace generated by import_real_world_traces.py
3064.96
3064.96
3016.61
3006.90
3006.90
3006.90
3007.26
3007.26
3007.26
1966.91
1966.91
1966.91
1966.91
1966.91
2063.71
2063.71
2063.71
1934.96
1934.96
1934.96
2437.85
2437.85
2437.85
2437.85
2368.79
2368.79
2911.31
2911.31
2911.31
2912.27
2912.27
2912.27
3186.64
3186.64
3587.91
3587.91
3587.91
3587.91
3639.79
3639.79
3639.79
3639.79
3639.79
3840.95
3840.95
3840.95
3840.95
3840.95
3840.95
3011.53
3011.53
3011.53
3011.53
3011.53
3011.53
3042.61
3042.61
3042.61
3042.61
3042.61
3042.61
2968.15
2968.15
2968.15
2968.15
2968.15
3016.86
3016.86
3016.86
3016.86
3016.86
3016.86
3297.06
3297.06
3297.06
3297.06
3809.66
3809.66
3809.66
3809.66
3809.66
3809.66
2904.55
2904.55
2904.55
2904.55
2904.55
2904.55
2893.06
2893.06
2893.06
3094.57
3094.57
3624.91
3624.91
3625.57
3625.57
3050.72
3050.72
3050.72
3050.72
2025.03
2025.03
2025.03
2025.03
1996.41
1996.41
1996.41
1996.41
1918.98
1918.98
1918.98
2918.59
2918.59
3438.20
3438.20
3438.20
3248.30
3248.30
3601.11
3601.11
3601.11
3601.11
3559.27
3559.27
3559.27
3559.27
3559.27
3559.27
3228.06
3228.06
3228.06
3228.06
3228.06
3412.14
3412.14
3412.14
3412.14
3412.14
3412.14
2864.84
2864.84
2864.84
2864.84
2864.84
3466.49
3466.49
3466.49
3466.49
3466.49
3466.49
3162.04
3162.04
3162.04
3162.04
3162.04
3082.52
3082.52
3082.52
3082.52
3082.52
3082.52
3082.52
2801.90
2801.90
3108.57
3108.57
3108.57
3118.90
3118.90
3131.88
3131.88
3107.37
3107.37
3011.19
