# 1Hz Kbps trace generated by import_real_world_traces.py
2714.18
2714.18
2683.71
2682.64
2682.64
2682.64
2779.79
2779.79
2779.79
3338.80
3338.80
3338.80
3338.80
3338.80
3242.06
3242.06
3242.06
3242.06
3242.06
3242.06
3013.30
3013.30
3013.30
3013.30
3013.30
3013.30
2657.12
2657.12
2657.12
2657.12
2657.12
2657.12
3009.95
3009.95
3331.05
3331.05
3331.05
3328.64
3328.64
3339.96
3339.96
3292.63
3292.63
3292.63
3283.90
3283.90
3286.51
3286.51
3286.51
3286.51
3286.51
3330.05
3330.05
3330.05
3330.05
3330.05
3330.05
3322.52
3322.52
3322.52
3322.52
3322.52
3228.13
3228.13
3228.13
3228.13
3228.13
3309.59
3309.59
3309.59
3309.59
3309.59
3342.50
3342.50
3342.50
3342.50
3342.50
3323.02
3323.02
3323.02
3323.02
3323.02
3323.02
3172.71
3172.71
3172.71
3172.71
3172.71
3172.71
3048.85
3048.85
3048.85
3048.85
3048.85
3048.85
3262.08
3262.08
3262.08
3262.08
3262.08
3261.61
3261.61
3261.61
3261.61
3261.61
3229.98
3229.98
3229.98
3229.98
3229.98
3229.98
3239.73
3239.73
3249.97
3249.97
3289.80
3289.80
3405.72
3405.72
3405.72
3394.52
3394.52
3408.66
3408.66
3326.67
3326.67
3272.56
3272.56
3276.05
3276.05
3276.05
3286.31
3286.31
3286.31
3286.31
3286.31
3316.39
3316.39
3316.39
3316.39
3316.39
3312.63
3312.63
3312.63
3312.63
3312.63
3312.63
3287.54
3287.54
3287.54
3287.54
3287.54
3318.10
3318.10
3318.10
3318.10
3318.10
3337.00
3337.00
3337.00
3337.00
3337.00
3306.67
3306.67
3306.67
3306.67
3306.67
3306.67
3258.76
3258.76
3258.76
3258.76
3258.76
3195.99
3195.99
3195.99
3195.99
3195.99
3314.13
3314.13
3314.13
3314.13
3326.35
