# 1Hz Kbps trace generated by import_real_world_traces.py
1232.55
1232.32
1239.04
1240.97
1222.00
1229.09
1229.09
1229.09
1229.09
1229.09
1229.09
1210.58
1210.58
1210.58
1210.58
1210.58
1210.58
1477.00
1477.00
1477.00
1477.00
1477.00
1451.01
1451.01
1451.01
1451.01
1639.26
1639.26
1639.26
1639.26
1639.26
1721.28
1721.28
1721.28
2258.28
2258.28
2258.28
2441.91
2441.91
2441.91
2441.91
2441.91
1580.86
1580.86
1580.86
1580.86
1976.26
1976.26
1976.26
1976.26
2009.62
2009.62
2009.62
2009.62
1719.34
1719.34
1719.34
1719.34
1778.99
1778.99
1778.99
1778.99
2228.33
2228.33
2228.33
2228.33
2228.33
1581.10
1581.10
1581.10
1581.10
1629.24
1629.24
1629.24
1629.24
1629.24
1629.24
1304.51
1304.51
1304.51
1304.51
1304.51
1304.51
1304.51
1189.04
1189.04
1571.66
1595.03
1595.03
1595.03
1532.96
1532.96
1532.96
1724.64
1724.64
1724.64
1724.64
1724.64
1724.64
1412.41
1412.41
1412.41
1412.41
1412.41
1724.05
1724.05
1724.05
2276.78
2276.78
2276.78
2276.78
2276.78
1595.74
1595.74
1595.74
1595.74
1865.74
1865.74
1865.74
1865.74
1897.95
1897.95
1897.95
1897.95
2010.89
2010.89
2010.89
2010.89
2010.89
1809.62
1809.62
1809.62
1600.36
1600.36
1600.36
1600.36
1954.88
1954.88
1954.88
1954.88
1999.81
1999.81
1999.81
2628.75
2628.75
2628.75
2325.63
2325.63
2325.63
2325.63
1847.69
1847.69
1847.69
1847.69
1847.69
1847.69
1368.47
1368.47
1368.47
1368.47
1368.47
1368.47
1368.47
1092.66
1092.66
1092.66
1092.66
1092.66
1092.66
1092.66
1092.66
1092.66
1092.66
754.45
1254.17
1257.21
1259.80
1259.80
1251.61
