# 1Hz Kbps trace generated by import_real_world_traces.py
793.46
801.44
801.44
797.47
801.20
801.20
801.20
464.32
464.32
464.32
471.45
471.45
502.40
502.40
502.40
499.57
499.57
499.57
523.53
523.53
531.95
531.95
531.95
531.95
531.95
646.63
646.63
646.63
646.63
759.57
759.57
759.57
759.57
759.57
654.97
654.97
654.97
654.97
654.97
654.97
654.97
654.97
654.97
654.97
654.97
654.97
662.80
662.80
917.62
971.47
976.25
976.25
976.25
1128.05
1128.05
1128.05
1128.05
1128.05
1108.77
1108.77
1108.77
1108.77
1108.77
1108.77
1108.77
1108.77
935.57
935.57
935.57
935.57
935.57
935.57
1214.51
1214.51
1214.51
1214.51
1214.51
1214.51
1214.51
1159.96
1159.96
1159.96
1010.00
1322.01
1402.67
1402.67
1526.43
1526.43
1526.43
1129.39
1129.39
1129.39
1129.39
1129.39
1170.28
1170.28
1170.28
1170.28
1170.28
1170.28
1170.28
1170.28
1011.09
1011.09
1011.09
1011.09
1011.09
1011.09
1011.09
1011.09
1011.09
1011.09
811.82
1258.11
1258.65
1260.73
1224.30
1224.30
1224.30
1228.45
1228.45
1228.45
1228.45
1228.45
1228.45
1213.88
1213.88
1213.88
1213.88
1213.88
1213.88
1083.76
1083.76
1083.76
1083.76
1083.76
1083.76
1083.76
1124.73
1124.73
1124.73
1124.73
1124.73
1124.73
1256.36
1256.36
1256.36
1256.36
1256.36
1256.36
1238.09
1238.09
1238.09
1238.09
1238.09
1384.32
1384.32
1387.48
1387.48
1387.48
1127.98
1127.98
1127.98
1127.98
1045.08
1045.08
1157.74
1157.74
1157.74
1171.60
1171.60
1171.60
1171.60
1302.57
1302.57
1302.57
1302.57
1302.57
1310.93
1310.93
1310.93
1310.93
1310.93
954.15
