# 1Hz Kbps trace generated by import_real_world_traces.py
4871.32
4809.50
4834.78
4811.16
4811.16
4811.16
4811.16
4811.16
4811.16
3397.02
3397.02
3397.02
3397.02
3860.38
3860.38
3860.38
3860.38
4407.33
4407.33
4407.33
4407.33
4590.90
4590.90
4590.90
4590.90
4780.91
4780.91
4780.91
4797.38
4797.38
4797.38
4797.38
4628.36
4628.36
4628.36
4628.36
4818.16
4818.16
4818.16
4818.16
4749.32
4749.32
4749.32
4749.32
4399.56
4399.56
4399.56
4399.56
4722.23
4722.23
4722.23
4761.88
4761.88
4761.88
4761.88
4754.03
4754.03
4754.03
4754.03
4802.07
4802.07
4802.07
4751.95
4751.95
4751.95
4751.95
4782.13
4782.13
4782.13
4782.13
4762.07
4762.07
4762.07
4762.07
4755.05
4755.05
4755.05
4750.02
4750.02
4750.02
4750.02
4764.31
4764.31
4764.31
4764.31
4782.81
4782.81
4782.81
4731.97
4731.97
4731.97
4731.97
4683.74
4683.74
4683.74
4683.74
4486.43
4486.43
4486.43
4486.43
4602.65
4602.65
4602.65
4602.65
4540.91
4540.91
4540.91
4540.91
4408.60
4408.60
4408.60
4408.60
4765.33
4765.33
4765.33
4765.33
4355.34
4355.34
4355.34
4355.34
4691.35
4691.35
4691.35
4741.66
4741.66
4741.66
4741.66
4745.78
4745.78
4745.78
4787.15
4787.15
4787.15
4787.15
4694.82
4694.82
4694.82
4694.82
4433.10
4433.10
4433.10
4433.10
4572.62
4572.62
4572.62
4572.62
4689.34
4689.34
4689.34
4689.34
4713.97
4713.97
4713.97
4720.80
4720.80
4720.80
4720.80
4782.34
4782.34
4782.34
4782.34
4742.78
4742.78
4742.78
4780.95
4780.95
4780.95
4591.38
