# 1Hz Kbps trace generated by import_real_world_traces.py
3426.17
3369.14
3365.06
3365.06
3365.06
2920.88
4306.76
4306.76
4306.76
4306.76
4306.76
3744.10
3744.10
3744.10
3744.10
3744.10
3670.15
3670.15
3670.15
3670.15
3670.15
3258.12
3258.12
3258.12
3258.12
3258.12
3704.87
3704.87
3704.87
3704.87
3704.87
3448.67
3448.67
3448.67
3448.67
4252.75
4252.75
4252.75
4252.75
4252.75
3949.00
3949.00
3949.00
3949.00
4204.90
4204.90
4204.90
4204.90
4258.88
4258.88
4258.88
4258.88
4638.97
4638.97
4638.97
4638.97
4668.07
4668.07
4649.45
4649.45
4639.85
4639.85
4618.77
4618.77
4618.77
4556.88
4556.88
4556.88
4556.88
4556.88
3541.13
3541.13
3541.13
3541.13
3541.13
4165.97
4165.97
4165.97
4165.97
4612.86
4612.86
4612.86
4612.86
4330.28
4330.28
4330.28
4554.31
4554.31
4554.31
4554.31
4554.31
4621.34
4621.34
4621.34
4629.22
4629.22
4629.22
4629.22
4595.51
4595.51
4595.51
4595.51
4180.90
4180.90
4180.90
4180.90
4639.28
4639.28
4639.28
4639.28
4644.00
4644.00
4644.00
4644.00
4445.50
4445.50
4445.50
4445.50
4295.40
4295.40
4295.40
4295.40
4295.40
4326.76
4326.76
4326.76
4326.76
4441.11
4441.11
4441.11
4598.28
4598.28
4598.28
4598.28
4149.69
4149.69
4149.69
4149.69
4582.81
4582.81
4582.81
4582.81
4431.84
4431.84
4431.84
4431.84
4243.50
4243.50
4243.50
4243.50
4643.08
4643.08
4643.08
4643.08
4343.76
4343.76
4343.76
4343.76
4335.24
4335.24
4335.24
4335.24
4296.08
4296.08
4296.08
4296.08
4296.08
3932.61
3932.61
3932.61
3932.61
3817.30
3817.30
3817.30
3817.30
4476.78
4476.78
4476.78
4582.21
