# 1Hz Kbps trace generated by import_real_world_traces.py
1927.71
1935.74
1918.23
1918.23
1918.23
2132.60
2132.60
2132.60
2132.60
2258.14
2258.14
2258.14
2258.14
2059.20
2059.20
2059.20
2121.48
2121.48
2121.48
2346.31
2346.31
2346.31
3801.09
3801.09
3801.09
3801.09
1758.79
1758.79
1758.79
1758.79
1769.81
1769.81
1769.81
1769.81
2098.62
2098.62
2098.62
2494.52
2494.52
2494.52
2395.51
2395.51
2395.51
2395.51
2228.06
2228.06
2228.06
2225.41
2225.41
2225.41
2225.41
2004.48
2004.48
2004.48
2004.48
1813.06
1813.06
1813.06
1813.06
1814.05
1814.05
1814.05
1814.05
2108.68
2108.68
2108.68
2108.68
2358.88
2358.88
2358.88
2258.85
2258.85
2258.85
2167.06
2167.06
2167.06
2167.06
2277.65
2277.65
2277.65
2357.09
2357.09
2357.09
2459.68
2459.68
2459.68
2520.20
2520.20
2520.20
2520.20
2520.20
2520.20
2520.20
2664.38
2664.38
2664.38
2664.38
2664.38
2664.38
2664.38
2315.83
2315.83
2315.83
2315.83
2315.83
2315.83
2315.83
2533.22
2533.22
2533.22
2533.22
2533.22
2533.22
2533.22
2550.73
2550.73
2550.73
2550.73
2550.73
2550.73
2550.73
2550.73
2392.95
2392.95
2392.95
2392.95
2392.95
2392.95
2036.73
2036.73
2036.73
2036.73
2036.73
1577.18
1577.18
1577.18
1553.46
1553.46
1553.46
1553.46
2029.93
2029.93
2029.93
2562.33
2562.33
2562.33
2777.84
2777.84
2777.84
2576.96
2576.96
2576.96
2382.35
2382.35
2382.35
2929.77
2929.77
3882.30
3882.30
3390.17
3390.17
3390.17
2722.28
2722.28
2722.28
2722.28
2717.70
2717.70
2717.70
2717.70
2717.70
2717.70
2804.18
2804.18
2804.18
2804.18
2910.24
