# 1Hz Kbps trace generated by import_real_world_traces.py
450.42
450.42
454.91
454.91
454.91
456.12
456.12
456.12
454.65
454.65
454.65
429.83
429.83
429.83
432.13
432.13
432.13
427.90
427.90
427.90
425.71
425.71
425.71
430.60
430.60
430.60
432.51
432.51
432.51
423.40
423.40
423.40
377.97
377.97
377.97
377.97
380.01
380.01
380.01
380.01
376.35
376.35
376.35
371.49
371.49
371.49
368.47
368.47
368.47
368.47
370.23
370.23
370.23
366.91
366.91
366.91
366.91
360.41
360.41
360.41
360.41
360.41
360.41
360.41
360.41
357.05
357.05
357.05
357.05
367.75
367.75
367.75
367.75
366.47
366.47
366.47
370.14
370.14
370.14
382.90
382.90
382.90
382.90
382.90
382.90
382.90
382.90
375.93
375.93
375.93
375.93
394.08
394.08
394.08
394.08
390.76
390.76
395.22
395.22
395.22
401.71
401.71
401.71
401.71
405.11
405.11
405.11
405.11
405.11
405.11
405.11
377.32
377.32
377.32
377.32
377.32
317.92
317.92
317.92
317.62
317.62
317.62
317.62
317.62
317.44
317.44
317.44
317.44
341.41
341.41
341.41
341.41
344.92
344.92
344.92
346.80
346.80
346.80
346.80
327.31
327.31
327.31
327.31
294.32
294.32
294.32
294.32
293.81
293.81
293.81
293.81
295.94
295.94
295.94
295.94
367.23
367.23
367.23
382.89
382.89
382.89
382.89
386.35
386.35
386.35
386.35
357.75
357.75
357.75
357.75
332.34
332.34
332.34
332.34
333.55
333.55
333.55
331.60
331.60
331.60
333.15
