# 1Hz Kbps trace generated by import_real_world_traces.py
500.48
500.48
504.52
504.52
504.52
503.76
503.76
511.50
511.50
511.50
594.33
600.66
600.66
997.04
1130.73
1112.25
1112.25
1112.25
1112.25
1112.25
1112.25
1317.08
1317.08
1317.08
2304.89
2304.89
2304.89
2304.89
1907.33
1907.33
1907.33
1907.33
1907.33
1527.18
1527.18
1527.18
1527.18
1527.18
1527.18
1527.18
1527.18
1527.18
917.22
917.22
917.22
917.22
917.22
917.22
917.22
917.22
917.22
917.22
917.22
623.63
623.63
763.63
763.85
763.85
1007.46
1151.50
1151.50
1126.34
1126.34
1126.34
1126.34
1126.34
1024.67
1024.67
1024.67
1024.67
921.15
921.15
921.15
1186.28
1186.28
1186.28
1186.28
1626.37
1626.37
1626.37
2934.56
2934.56
2934.56
2934.56
2934.56
1271.71
1271.71
1271.71
1271.71
1271.71
1271.71
1271.71
1230.05
1230.05
1230.05
1230.05
1230.05
1230.05
1129.95
1129.95
1129.95
1129.95
1129.95
1129.95
1129.95
1129.95
1129.95
880.46
2117.64
2078.13
2078.13
2023.11
2023.11
2807.49
2807.49
2698.05
2698.05
2698.05
2698.05
2698.05
2698.05
2698.05
2698.05
2698.05
2698.05
2698.05
801.37
801.37
801.37
801.37
801.37
801.37
801.37
1000.34
1000.34
3153.97
3153.97
4901.24
4901.24
4400.31
4400.31
4400.31
4400.31
4400.31
4400.31
1177.95
1177.95
1177.95
1177.95
1701.16
1701.16
1701.16
1701.16
1701.16
1812.16
1812.16
1812.16
1812.16
1812.16
1519.84
1519.84
1519.84
1519.84
1519.84
1519.84
1229.37
1229.37
1229.37
1229.37
1229.37
1229.37
1229.37
1163.12
1163.12
1163.12
1163.12
1329.51
906.14
897.98
897.98
897.98
889.89
