# 1Hz Kbps trace generated by import_real_world_traces.py
2191.40
2191.40
2145.64
4162.97
6976.37
7112.61
6118.34
6118.34
7189.74
7189.74
7673.24
7673.24
7862.99
7862.99
7862.99
7862.99
4137.09
4137.09
4137.09
6456.67
6456.67
6456.67
6456.67
4948.41
4948.41
7384.59
7384.59
7366.02
7366.02
7366.02
7034.26
7034.26
7034.26
6967.48
6967.48
6967.48
5534.46
5534.46
5534.46
5298.48
5298.48
5298.48
5651.44
5651.44
5651.44
5832.09
5832.09
5832.09
5571.76
5571.76
5571.76
5571.76
5101.05
5101.05
5101.05
4897.45
4897.45
4897.45
4897.45
4897.45
4004.19
4004.19
4004.19
4004.19
4154.38
4154.38
4154.38
4154.38
4721.53
4721.53
4721.53
4721.53
4646.95
4646.95
4646.95
4646.95
4042.83
4042.83
4042.83
4042.83
4042.29
4042.29
4042.29
4042.29
4042.29
4042.29
2892.80
2892.80
2892.80
2892.80
2892.80
2892.80
2892.80
2701.70
2701.70
2701.70
2701.70
2701.70
2701.70
2891.55
2891.55
2891.55
2891.55
2891.55
2891.55
3024.82
3024.82
3024.82
3024.82
3024.82
3024.82
3024.82
2837.73
2837.73
2837.73
2837.73
2837.73
2837.73
2662.05
2662.05
2662.05
2662.05
2662.05
2662.05
2554.17
2554.17
2554.17
2554.17
2554.17
2554.17
2554.17
2554.17
2328.82
2328.82
2328.82
2328.82
2328.82
2328.82
2328.82
2385.88
2385.88
2385.88
2385.88
2385.88
2385.88
2884.57
2884.57
2884.57
2884.57
2884.57
2884.57
2900.26
2900.26
2900.26
3152.65
3152.65
3173.70
3173.70
3173.84
3173.84
3173.84
3178.11
3178.11
3178.11
2843.47
2843.47
2843.47
2179.68
2179.68
2179.68
2175.06
2175.06
2174.67
