# 1Hz Kbps trace generated by import_real_world_traces.py
1133.60
1145.02
1144.02
1141.83
1134.03
1145.48
1145.48
1145.48
1125.75
1125.75
1125.75
1125.75
1125.75
1125.75
1125.75
1125.75
1118.51
1118.51
1118.51
1118.51
1118.51
1118.51
1120.12
1120.12
1120.12
1120.12
1120.12
1120.12
1153.53
1153.53
1153.53
1153.53
1153.53
1153.53
1310.77
1310.77
1310.77
1310.77
1310.77
1310.77
1203.38
1166.94
1166.94
1171.34
1171.34
1166.29
1166.29
1166.29
1222.75
1222.75
1224.19
1224.19
1224.19
1223.83
1223.83
1223.83
1223.83
1223.83
1223.83
1206.55
1206.55
1206.55
1206.55
1206.55
1206.55
1206.55
1203.00
1203.00
1203.00
1203.00
1203.00
1203.00
1204.06
1204.06
1204.06
1204.06
1204.06
1204.06
1204.06
1122.65
1116.10
1126.00
1265.12
1265.12
1354.86
1354.86
1354.86
1350.08
1350.08
1350.08
1350.08
1350.08
1196.84
1196.84
1196.84
1196.84
1196.84
1196.84
1196.84
1185.62
1185.62
1185.62
1185.62
1185.62
1185.62
1192.19
1192.19
1192.19
1192.19
1192.19
1192.19
1192.39
1192.39
1192.39
1192.39
1192.39
1192.39
1192.39
1197.93
1197.93
1197.93
1197.93
1197.93
1197.93
1214.91
1214.91
1214.91
1209.34
1209.34
1209.34
1208.55
1208.55
1230.02
1230.02
1234.86
1234.86
1234.86
1234.01
1234.01
1224.36
1224.36
1224.36
1224.36
1224.36
1224.36
1224.36
1213.07
1213.07
1213.07
1213.07
1213.07
1213.07
1143.27
1143.27
1143.27
1143.27
1143.27
1143.27
1143.27
1219.34
1225.40
1206.03
1213.62
1218.37
1218.37
1218.37
1218.37
1218.37
1218.37
1193.15
1193.15
1193.15
1193.15
1193.15
1193.15
1193.75
1193.75
1193.75
1193.75
1205.23
