# 1Hz Kbps trace generated by import_real_world_traces.py
1318.59
1327.70
1317.22
1317.22
1308.84
1308.84
1309.62
1309.62
1301.86
1301.86
1301.86
1301.86
1301.86
1301.86
1301.86
1301.86
1021.54
1021.54
1021.54
1021.54
1021.54
1021.54
1021.54
1109.92
1109.92
1109.92
1109.92
1109.92
1109.92
1109.92
930.52
930.52
930.52
930.52
930.52
930.52
930.52
930.52
980.13
980.13
962.39
969.81
969.81
979.17
979.17
979.17
982.68
982.68
982.68
1030.50
2484.21
2484.21
2484.21
2484.21
1667.23
1667.23
1667.23
1667.23
1667.23
1667.23
1667.23
1667.23
1667.23
1667.23
823.95
823.95
823.95
823.95
823.95
823.95
823.95
823.95
823.95
841.40
841.40
672.37
672.37
672.97
672.97
673.90
673.90
678.10
905.89
905.89
905.89
1055.82
1055.82
1055.82
1055.82
936.81
936.81
936.81
936.81
936.81
936.81
936.81
936.81
800.00
800.00
800.00
800.00
800.00
800.00
800.00
800.00
963.17
963.17
982.88
976.25
1062.31
1161.50
1161.50
1161.50
1161.50
1029.84
1029.84
1029.84
1029.84
1029.84
1029.84
1029.84
1029.84
1029.84
1029.84
842.50
842.50
842.50
842.50
842.50
842.50
842.50
842.50
985.58
985.58
985.58
985.58
985.58
985.58
985.58
832.74
832.74
832.74
832.74
832.74
832.74
1224.91
1520.46
1515.06
1515.06
1502.24
1502.24
1501.24
1501.24
1498.86
1498.86
1498.86
1499.04
1499.04
1499.04
1499.04
1499.04
1492.60
1492.60
1492.60
1492.60
1492.60
1639.51
1639.51
1639.51
1639.51
1552.04
1552.04
1552.04
1552.04
1552.04
1552.04
1125.68
1125.68
1125.68
1125.68
1125.68
1016.72
