# 1Hz Kbps trace generated by import_real_world_traces.py
3358.68
3306.85
3306.85
3306.85
3193.43
3193.43
3193.43
2020.96
2020.96
2020.96
2451.48
2451.48
4820.40
4820.40
4820.40
3605.51
3605.51
3605.51
3605.51
3605.51
3711.21
3711.21
3711.21
3711.21
3711.21
3711.21
2858.02
2858.02
2858.02
2858.02
2858.02
3617.90
3617.90
3617.90
3617.90
3617.90
3620.59
3620.59
3620.59
3620.59
4295.19
4295.19
4295.19
4295.19
4488.86
4488.86
4488.86
4488.86
4489.02
4489.02
4489.02
4489.02
4489.02
3338.35
3338.35
3338.35
3338.35
3338.35
3331.20
3331.20
3331.20
3331.20
3331.20
3865.49
3865.49
3865.49
3865.49
4380.26
4380.26
4380.26
4380.26
4378.37
4378.37
4378.37
4378.37
4408.04
4408.04
4408.04
4408.04
4414.32
4414.32
4414.32
4414.32
4412.47
4412.47
4412.47
4412.47
4008.78
4008.78
4008.78
4008.78
4010.92
4010.92
4010.92
4010.92
4010.92
4010.92
3740.91
3740.91
3740.91
3740.91
3580.66
3580.66
3580.66
3584.70
3584.70
3580.96
3580.96
4310.57
4945.35
4945.35
4945.35
4945.35
4940.41
4940.41
4940.41
4940.41
4734.49
4734.49
4734.49
4734.49
4131.19
4131.19
4131.19
4131.19
4131.19
4129.93
4129.93
4129.93
4129.93
3492.10
3492.10
3492.10
3492.10
3492.10
3492.10
2928.70
2928.70
2928.70
2928.70
2928.70
2928.70
2930.13
2930.13
2930.13
2930.13
2930.13
3671.72
3671.72
3671.72
3671.72
3815.41
3815.41
3815.41
3815.41
4320.54
4320.54
4320.54
4320.54
4609.13
4609.13
4609.13
4609.13
4609.13
3861.83
3861.83
3861.83
3861.83
3861.83
3861.83
3107.22
3107.22
2829.14
2829.14
3341.30
3341.30
3341.30
3424.87
3429.35
