# 1Hz Kbps trace generated by import_real_world_traces.py
1630.45
1633.37
1636.13
1624.27
1624.27
1612.98
1612.98
1612.98
1612.98
1601.97
1601.97
1601.97
1601.97
1601.97
1601.97
1599.53
1599.53
1599.53
1985.06
1985.06
1985.06
1985.06
2080.56
2080.56
2080.56
2080.56
1742.02
1742.02
1742.02
1742.02
1734.27
1734.27
1734.27
1734.27
1734.27
1565.69
1565.69
1565.69
1565.69
1565.69
1565.69
1498.04
1498.04
1498.04
1498.04
1839.64
1839.64
1839.64
1839.64
1841.74
1841.74
1841.74
1841.74
1793.09
1793.09
1793.09
1793.09
1793.09
1607.10
1607.10
1607.10
1607.10
1607.10
1445.34
1445.34
1445.34
1445.34
1445.34
1445.34
1349.29
1349.29
1349.29
1349.29
1349.29
1628.50
1628.50
1628.50
2128.65
2128.65
2128.65
2128.65
2115.33
2115.33
2115.33
2115.33
2101.38
2101.38
2101.38
2101.38
1604.96
1604.96
1604.96
1604.96
1604.96
1471.57
1471.57
1471.57
1471.57
2008.11
2008.11
2008.11
2008.11
1673.72
1673.72
1673.72
1673.72
2051.78
2051.78
2051.78
2051.78
2051.78
1688.62
1688.62
1688.62
1688.62
1822.97
1822.97
1822.97
1822.97
1964.91
1790.96
1790.96
2051.36
2051.36
2051.36
2083.78
2083.78
2083.78
2083.78
1969.62
1969.62
1969.62
1871.53
1871.53
1871.53
1871.53
1903.83
1903.83
1903.83
1903.83
1903.83
1903.83
1305.79
1305.79
1305.79
2093.54
2093.54
2093.54
2093.54
2169.86
2169.86
2169.86
2169.86
1989.34
1989.34
1989.34
2199.14
2199.14
2199.14
2199.14
2197.34
2197.34
2197.34
2175.21
2175.21
2175.21
2175.21
2264.78
2264.78
2264.78
2118.53
2118.53
2118.53
2169.48
2169.48
2169.48
2273.75
