# 1Hz Kbps trace generated by import_real_world_traces.py
2377.30
2380.54
2343.94
2343.94
2382.41
2654.67
2654.67
2654.67
2809.98
2809.98
5116.95
5116.95
5116.95
5116.95
3958.53
3958.53
3958.53
3958.53
3958.53
3583.98
3583.98
3583.98
3583.98
3583.98
3583.98
3062.92
3062.92
3062.92
3062.92
3062.92
3062.92
2504.41
2504.41
2504.41
2504.41
2504.41
2504.41
2504.41
2504.41
2315.09
2315.09
2932.78
4328.21
4298.91
4298.91
4298.91
4298.91
4298.91
3648.91
3648.91
3648.91
3648.91
3648.91
3648.91
3204.84
3204.84
3204.84
3204.84
3204.84
3089.71
3089.71
3089.71
3089.71
3089.71
3089.71
3043.54
3043.54
3904.12
3904.12
3986.36
3986.36
3998.04
3998.04
3998.04
3998.04
4063.77
4063.77
4063.77
4063.77
4063.77
3578.30
3578.30
3578.30
3578.30
3578.30
3362.99
3362.99
3362.99
3362.99
3362.99
3362.99
3362.99
2866.82
2866.82
2866.82
2866.82
2866.82
2866.82
2936.78
2936.78
2936.78
2936.78
2936.78
3672.45
3672.45
3672.45
4191.31
4191.31
4191.31
4191.31
4191.31
3285.82
3285.82
3285.82
4763.74
4763.74
4763.74
4763.74
4503.75
4503.75
4503.75
4503.75
4503.75
4258.40
4258.40
4258.40
4258.40
4258.40
3600.99
3600.99
3600.99
3600.99
3600.99
3600.99
3072.11
3072.11
3072.11
3072.11
4086.81
4086.81
4086.81
4086.81
4669.68
4669.68
4669.68
4714.43
4714.43
4714.43
4714.43
4369.80
4369.80
4369.80
4369.80
4369.80
3697.49
3697.49
3697.49
3697.49
3697.49
3697.49
3697.49
2574.25
2574.25
3294.63
3294.63
3296.01
3296.01
3296.01
3325.51
3325.51
3325.51
3479.39
3479.39
3492.30
3492.30
3224.27
3224.27
3133.29
