# 1Hz Kbps trace generated by import_real_world_traces.py
1246.28
1257.21
1251.52
1254.75
1232.36
748.38
748.38
748.38
748.38
748.38
668.04
668.04
668.04
668.04
668.04
668.04
668.04
1207.16
1207.16
1207.16
1207.16
1207.16
1207.16
1215.29
1215.29
1215.29
1215.29
1215.29
1215.29
1213.86
1213.86
1213.86
1213.86
1213.86
1213.86
1230.94
1230.94
1230.94
1230.94
1230.94
1230.94
1213.73
1225.90
1225.90
1238.94
1238.94
1241.47
1241.47
1241.47
1205.15
1205.15
1224.71
1224.71
1224.71
1224.71
1224.71
1224.71
1222.52
1222.52
1222.52
1222.52
1222.52
1222.52
1222.52
1204.15
1204.15
1204.15
1204.15
1204.15
1204.15
1226.97
1226.97
1226.97
1226.97
1226.97
1226.97
1211.62
1212.77
1222.20
1223.59
1223.59
1218.98
1218.98
1218.98
1224.35
1224.35
1224.35
1224.35
1224.35
1224.35
1224.35
1212.05
1212.05
1212.05
1212.05
1212.05
1205.16
1205.16
1205.16
1205.16
1205.16
1205.16
1205.16
1198.03
1198.03
1198.03
1198.03
1198.03
1198.03
1198.03
1214.64
1208.61
1210.28
1210.28
1201.74
1201.74
1201.74
1218.26
1218.26
1218.26
1218.26
1218.26
1218.26
1218.26
1191.88
1191.88
1191.88
1191.88
1191.88
1191.88
1191.88
1203.24
1203.24
1203.24
1203.24
1203.24
1208.64
1208.64
1208.64
1208.64
1208.64
1208.64
1210.10
1210.10
1210.10
1210.10
1210.10
1210.10
1208.93
1210.83
1219.10
1219.10
1207.89
1207.89
1203.21
1203.21
1203.21
1210.72
1210.72
1210.72
1218.75
1218.75
1218.75
1211.24
1211.24
1211.24
1211.24
1211.24
1200.69
1200.69
1200.69
1200.69
1200.69
1200.69
1205.01
1205.01
1205.01
1205.01
1227.15
