# 1Hz Kbps trace generated by import_real_world_traces.py
1747.60
1764.76
1764.76
1730.11
1743.38
1673.35
1673.35
1673.35
1673.35
1673.35
1673.35
1673.35
1673.35
1673.35
859.22
859.22
859.22
859.22
859.22
1585.18
1585.18
1585.18
1585.18
1585.18
1585.18
1585.18
1112.63
1112.63
1112.63
1112.63
1112.63
1512.12
1512.12
1512.12
1512.12
1512.12
1431.56
1431.56
1431.56
1431.56
1947.83
1346.56
1346.56
1542.51
1542.51
2006.47
2006.47
2006.47
2006.47
2006.47
1804.83
1804.83
1804.83
1804.83
1663.14
1663.14
1663.14
1663.14
1663.14
1589.79
1589.79
1589.79
1589.79
1589.79
1589.79
1589.79
1589.79
1589.79
876.99
876.99
712.42
960.68
1713.02
1713.02
1713.02
1713.02
1713.02
1128.68
1128.68
1128.68
1128.68
1128.68
1128.68
1128.68
1128.68
1128.68
1128.68
1128.68
1128.68
1128.68
1128.68
1128.68
1128.68
1128.68
1128.68
1128.68
372.68
1233.23
1242.69
1242.69
725.79
725.79
505.25
505.25
505.25
503.62
503.62
503.62
503.62
789.76
789.76
789.76
1098.83
1098.83
1098.83
1204.88
1204.88
1204.88
2113.58
2113.58
2113.58
2113.58
2231.91
2231.91
2231.91
2231.91
2231.91
2231.91
2231.91
2231.91
2231.91
958.48
958.48
958.48
958.48
958.48
958.48
958.48
958.48
938.78
938.78
938.78
938.78
1474.14
1474.14
1474.14
1474.14
1474.14
1438.72
1730.18
1273.81
1273.81
826.06
826.06
826.06
826.06
826.06
826.06
493.51
493.51
493.51
493.51
493.51
493.51
493.51
493.51
409.12
409.12
527.75
527.75
1225.87
1230.08
1020.46
1020.46
1020.46
1020.46
1020.46
857.44
857.44
857.44
857.44
857.44
857.44
857.44
857.44
857.44
857.44
524.96
