# 1Hz Kbps trace generated by import_real_world_traces.py
3300.36
3286.50
3263.12
3263.12
3263.12
3239.87
3239.87
3366.23
3366.23
3366.23
3366.23
3366.23
3331.16
3331.16
3331.16
3331.16
3331.16
3408.03
3408.03
3408.03
3408.03
3408.03
3550.25
3550.25
3550.25
3550.25
3550.25
3548.61
3548.61
3548.61
3548.61
3548.61
3694.99
3694.99
3694.99
3694.99
3694.99
3783.33
3783.33
3783.33
3783.33
3783.33
3750.10
3750.10
3750.10
3750.10
3624.76
3624.76
3624.76
3624.76
3624.76
3577.78
3577.78
3577.78
3577.78
3577.78
3693.05
3693.05
3693.05
3693.05
3693.05
3606.85
3606.85
3606.85
3606.85
3606.85
3491.71
3491.71
3702.42
3702.42
3705.37
3705.37
3820.92
3820.92
3860.52
3860.52
3855.24
3855.24
3841.61
3841.61
3841.61
3841.61
3841.61
3832.05
3832.05
3832.05
3832.05
3832.05
3819.19
3819.19
3819.19
3819.19
3742.91
3742.91
3742.91
3742.91
3742.91
3562.14
3562.14
3562.14
3562.14
3562.14
3624.27
3624.27
3624.27
3624.27
3624.27
3543.40
3543.40
3543.40
3543.40
3543.40
3499.56
3499.56
3499.56
3499.56
3499.56
3587.51
3587.51
3587.51
3587.51
3587.51
3663.21
3663.21
3663.21
3663.21
3663.21
3756.32
3756.32
3756.32
3756.32
3756.32
3665.65
3665.65
3665.65
3665.65
3623.94
3623.94
3623.94
3623.94
3623.94
3600.11
3600.11
3589.79
3589.79
3615.65
3615.65
3704.21
3704.21
3708.75
3708.75
3643.39
3643.39
3643.39
3598.97
3598.97
3598.97
3598.97
3600.08
3600.08
3600.08
3600.08
3600.08
3670.76
3670.76
3670.76
3670.76
3670.76
3661.40
3661.40
3661.40
3661.40
3661.40
3621.11
3621.11
3621.11
3596.51
