# 1Hz Kbps trace generated by import_real_world_traces.py
1171.02
1181.99
1180.23
1179.75
1179.75
1179.75
1161.78
1161.78
1411.14
1411.14
1411.14
1411.14
1937.45
1937.45
1937.45
1937.45
2173.69
2173.69
2702.05
2702.05
4059.47
4059.47
3461.58
3461.58
4026.01
4026.01
5224.01
5224.01
5224.01
5360.13
5360.13
5360.13
6060.90
6060.90
6857.77
6857.77
6857.77
6857.77
5241.06
5241.06
5241.06
5083.65
5083.65
5083.65
7754.61
7754.61
6971.25
6971.25
6971.25
5695.70
5695.70
5695.70
5695.70
5345.95
5345.95
5345.95
5176.83
5176.83
5176.83
5058.03
5058.03
5058.03
5058.03
5058.03
3766.27
3766.27
3766.27
3766.27
4594.07
4594.07
4594.07
5592.27
5592.27
5592.27
5592.27
5592.27
3587.17
3587.17
3587.17
4907.16
4907.16
4907.16
4907.16
4907.16
4205.28
4205.28
4205.28
4205.28
4205.28
4205.28
2747.98
2747.98
2747.98
2747.98
5062.70
5062.70
5062.70
5282.88
5282.88
5282.88
5282.88
5219.43
5219.43
5219.43
4814.16
4814.16
4814.16
4814.16
4626.81
4626.81
4626.81
4626.81
4093.35
4093.35
4093.35
4093.35
4093.35
3342.36
3342.36
3342.36
3342.36
5311.44
5311.44
6979.25
6979.25
6979.25
6979.25
4161.84
4161.84
4161.84
4161.84
4161.84
4161.84
4161.84
4161.84
2262.34
2262.34
2262.34
2262.34
2262.34
2262.34
2262.34
2262.34
2308.33
2308.33
2308.33
2308.33
2308.33
3580.64
3580.64
3580.64
4781.88
4781.88
4781.88
5536.68
5536.68
5536.68
6167.11
6167.11
6167.11
6292.01
6292.01
6292.01
4798.86
