# 1Hz Kbps trace generated by import_real_world_traces.py
1675.88
1682.49
1694.08
2059.11
2059.11
2059.11
2142.58
2142.58
2142.58
2213.97
2213.97
2213.97
2213.97
2304.15
2304.15
2304.15
2304.15
2304.15
1477.73
1477.73
1477.73
1477.73
1477.73
1477.73
1215.48
1215.48
1215.48
1215.48
1677.87
1677.87
1677.87
1677.87
1677.87
1535.12
1535.12
1535.12
1535.12
1535.12
1804.38
1804.38
1804.38
1804.38
2045.30
2045.30
2045.30
1854.70
1854.70
1854.70
1854.70
1854.70
1850.97
1850.97
1850.97
1650.93
1650.93
1650.93
1650.93
1650.93
1305.16
1305.16
1305.16
1305.16
1305.16
1305.16
1305.16
1138.40
1138.40
1138.40
1138.40
1138.40
1615.66
1615.66
1615.66
1615.66
1918.98
1918.98
1918.98
1918.98
1918.98
1500.46
1373.21
1385.20
1385.20
1353.65
1353.65
1250.04
1250.04
1250.04
1165.72
1165.72
1165.72
1165.72
1165.72
1420.84
1420.84
1420.84
1420.84
1420.84
1616.28
1616.28
1616.28
1616.28
1898.00
1898.00
1898.00
1898.00
1781.60
1781.60
1781.60
1781.60
1811.11
1811.11
1811.11
1811.11
1841.48
1841.48
1841.48
1841.48
2313.58
2313.58
2313.58
2313.58
2052.11
2052.11
2052.11
2052.11
1771.00
1771.00
1771.00
1771.00
1755.48
1755.48
1755.48
1755.48
1755.48
1639.81
1639.81
1639.81
1639.81
1502.55
1502.55
1502.55
1502.55
1502.55
1646.31
1646.31
1646.31
1646.31
1772.74
1772.74
1772.74
1772.74
1772.74
1720.89
1720.89
1720.89
1720.89
1720.89
1720.89
1197.44
1197.44
1197.44
1197.44
1197.44
1197.44
1197.44
1197.44
1000.23
1261.76
1269.09
1269.09
1269.09
1269.09
1269.09
613.35
613.35
961.31
961.31
1463.64
