# 1Hz Kbps trace generated by import_real_world_traces.py
1328.23
1339.86
1339.93
1330.15
1330.15
1330.15
1330.15
1330.15
1330.15
1275.06
1275.06
1275.06
1275.06
1275.06
1275.06
1157.39
1157.39
1157.39
1157.39
1157.39
1628.39
1628.39
1628.39
1628.39
1628.39
1533.18
1533.18
1533.18
1533.18
1533.18
1533.18
1129.48
1625.67
1488.90
1577.87
1577.87
1610.41
1610.41
1610.41
1610.41
1697.15
1697.15
1697.15
1697.15
1697.15
1527.79
1527.79
1527.79
1527.79
1527.79
1527.79
1527.79
1527.79
980.42
980.42
980.42
980.42
980.42
980.42
980.42
980.42
980.42
980.42
980.42
980.42
980.42
980.42
980.42
508.30
1075.67
1211.88
1274.11
1360.45
1360.45
1360.45
1186.72
1186.72
1186.72
1079.01
1079.01
1077.96
1077.96
1077.96
1077.96
1077.96
1077.96
1077.96
1077.96
932.39
932.39
932.39
932.39
932.39
932.39
932.39
932.39
932.39
932.39
857.68
857.68
758.09
758.09
771.88
898.44
898.44
893.80
893.80
893.80
883.23
883.23
883.23
883.23
883.23
883.23
883.23
883.23
883.23
883.23
883.23
883.23
883.23
558.93
558.93
558.93
1048.14
1048.14
1048.14
1048.14
904.11
904.11
904.11
904.11
904.11
904.11
904.11
904.11
904.11
904.11
904.11
904.11
676.54
676.54
425.41
425.41
425.41
422.88
858.65
858.65
985.97
1052.22
1518.00
1518.00
1482.44
1482.44
1482.44
1482.44
1482.44
1482.44
1482.44
1482.44
1482.44
1482.44
1482.44
1482.44
1482.44
1482.44
1482.44
1482.44
1482.44
1482.44
1482.44
1482.44
1482.44
1482.44
1482.44
1482.44
1482.44
1482.44
1482.44
287.09
287.09
759.20
759.20
759.50
759.50
743.28
1268.32
