# 1Hz Kbps trace generated by import_real_world_traces.py
1640.26
1642.96
2332.99
2332.99
2332.99
2660.22
2660.22
2660.22
2518.82
2518.82
2518.82
2518.82
2518.82
1592.92
1592.92
1592.92
2814.63
2814.63
3011.16
3011.16
3011.16
3149.79
3149.79
3759.95
3759.95
3755.48
3755.48
3592.56
3592.56
3592.56
3592.56
3592.56
3525.20
3525.20
3525.20
3525.20
3525.20
3269.39
3269.39
3269.39
3269.39
3269.39
3269.39
3269.39
2754.10
2754.10
2754.10
2754.10
2754.10
3381.79
3381.79
3381.79
3381.79
3381.79
3712.81
3712.81
3712.81
3712.81
3712.81
3699.36
3699.36
3699.36
3699.36
3707.84
3707.84
3707.84
3707.84
3707.84
3531.80
3531.80
3531.80
3531.80
3531.80
3531.80
3216.66
3216.66
3216.66
3216.66
3216.66
3634.72
3634.72
3634.72
3634.72
3634.72
3406.88
3406.88
3406.88
3406.88
3406.88
3728.55
3728.55
3728.55
3728.55
3728.55
3688.36
3688.36
3688.36
3688.36
3639.30
3639.30
3639.30
3639.30
3639.30
3696.30
3696.30
3696.30
3696.30
3696.30
3617.45
3617.45
3617.45
3617.45
3617.45
3637.95
3637.95
3670.97
3670.97
3534.95
3534.95
3533.55
3533.55
3810.79
3810.79
3811.98
3811.98
3637.99
3637.99
3637.99
3637.99
3637.99
3524.05
3524.05
3524.05
3524.05
3524.05
3582.57
3582.57
3582.57
3582.57
3582.57
3606.17
3606.17
3606.17
3606.17
3606.17
3622.84
3622.84
3622.84
3622.84
3622.84
3311.21
3311.21
3311.21
3311.21
3311.21
3559.54
3559.54
3559.54
3559.54
3559.54
3559.54
3559.54
2545.57
2545.57
2545.57
2648.24
2648.24
2648.24
2652.43
2652.43
3134.83
3134.83
3634.44
3643.19
