# 1Hz Kbps trace generated by import_real_world_traces.py
599.76
599.76
603.90
603.90
601.21
601.21
603.03
603.03
591.38
591.38
567.91
567.91
567.91
548.22
548.22
550.59
550.59
550.59
550.54
550.54
495.92
495.92
495.92
468.12
468.12
468.12
468.12
468.12
468.12
468.12
468.12
468.12
468.12
468.12
468.12
586.12
586.12
586.12
570.27
570.27
570.27
523.82
523.82
528.74
528.74
617.81
1128.88
1128.88
1128.88
1128.88
1128.88
1128.88
1128.88
1038.05
1038.05
1038.05
1038.05
1038.05
1038.05
1038.05
1218.08
1218.08
1218.08
1218.08
1218.08
1218.08
1218.08
1218.08
1218.08
808.98
808.98
808.98
808.98
808.98
808.98
808.98
987.24
2246.43
1460.37
1460.37
703.21
703.21
703.21
885.37
885.37
885.37
1135.98
1135.98
1135.98
1096.67
1096.67
1096.67
1096.67
1096.67
1096.67
1096.67
1096.67
1096.67
1096.67
630.71
630.71
630.71
630.71
2197.17
2197.17
2197.17
2197.17
1896.16
1896.16
1896.16
2015.41
2015.41
2015.41
2015.41
2020.01
2020.01
2020.01
2020.01
2017.24
2017.24
2017.24
2017.24
1971.59
1971.59
1971.59
1971.59
1971.76
1971.76
1971.76
1971.76
1997.23
1997.23
1997.23
1913.91
1913.91
1913.91
1913.91
1913.91
1614.08
1614.08
1614.08
1614.08
1816.42
1816.42
1816.42
1816.42
1952.43
1952.43
1952.43
1952.43
2152.18
2152.18
2152.18
2141.56
2141.56
2141.56
2141.56
2140.07
2140.07
2052.91
2052.91
2052.91
2052.91
2009.94
2009.94
2009.94
2009.94
2010.88
2010.88
2010.88
2010.88
1876.30
1876.30
1876.30
1876.30
1826.04
1826.04
1826.04
1828.55
