# 1Hz Kbps trace generated by import_real_world_traces.py
2010.54
2012.20
2012.20
1982.23
1982.23
1982.23
1982.23
2052.02
2052.02
2052.02
2151.51
2151.51
2151.51
2151.51
2122.57
2122.57
2122.57
2287.18
2287.18
2287.18
2287.18
2132.76
2132.76
2132.76
2069.52
2069.52
2069.52
2069.52
2071.53
2071.53
2071.53
2071.53
2194.32
2194.32
2194.32
2194.32
2045.30
2045.30
2045.30
2072.21
2072.21
2072.21
2072.21
2053.20
2053.20
2053.20
2053.20
2009.25
2009.25
2009.25
2009.25
1816.38
1816.38
1816.38
2405.38
2405.38
2405.38
2400.14
2400.14
2400.14
2400.14
2275.23
2275.23
2275.23
2070.40
2070.40
2070.40
2070.40
2068.43
2068.43
2068.43
2068.43
1933.48
1933.48
1933.48
2166.41
2166.41
2166.41
2166.41
2139.16
2139.16
2139.16
2139.16
2045.31
2045.31
2045.31
1936.03
1936.03
1936.03
1936.03
2188.52
2188.52
2188.52
2188.52
2070.69
2070.69
2070.69
2055.13
2055.13
2055.13
2055.13
2092.53
2092.53
2092.53
2092.53
2190.75
2190.75
2190.75
2189.43
2189.43
2189.43
2189.43
2263.77
2263.77
2263.77
2263.77
2298.79
2298.79
2299.56
2299.56
2299.56
2299.56
2299.56
2299.56
2299.56
2299.56
2114.69
2114.69
2114.69
2114.69
2114.69
2114.69
2114.69
2114.69
2203.27
2203.27
2203.27
2203.27
2203.27
2203.27
2203.27
2203.27
2345.17
2345.17
2345.17
2443.99
2443.99
2443.99
2401.89
2401.89
2401.89
2281.96
2281.96
2281.96
2281.96
2286.32
2286.32
2286.32
2205.22
2205.22
2205.22
2205.22
2044.37
2044.37
2044.37
2044.37
2049.92
2049.92
2049.92
2066.84
2066.84
2065.89
