# 1Hz Kbps trace generated by import_real_world_traces.py
2204.49
2215.56
2170.93
2170.93
2730.09
3670.65
3670.65
2632.88
2632.88
2632.88
2477.05
2477.05
2477.05
2477.05
2477.05
1319.92
1319.92
1319.92
1319.92
1319.92
1695.92
1695.92
3052.60
3052.60
3752.26
3752.26
3751.76
3751.76
3751.76
3944.64
3944.64
3944.64
3944.64
3987.87
3987.87
3987.87
3987.87
3987.87
3396.42
3396.42
3396.42
3396.42
3396.42
3396.42
3222.08
3222.08
3222.08
3222.08
3222.08
3132.34
3132.34
3132.34
3132.34
3132.34
3132.34
2834.37
2834.37
2834.37
2834.37
2834.37
2834.37
3043.54
3043.54
3043.54
3043.54
3043.54
3043.54
3133.29
3133.29
3133.29
3133.29
3133.29
3322.85
3322.85
3322.85
3322.85
3322.85
3692.51
3692.51
3692.51
3692.51
3692.51
3050.29
3050.29
3050.29
3050.29
3050.29
3050.29
3097.98
3097.98
3076.18
3076.18
3076.18
3076.18
2551.18
2551.18
2550.70
2550.70
2550.70
3230.55
3230.55
4026.04
4026.04
3714.74
3714.74
3714.74
3714.74
1987.41
1987.41
1987.41
1987.41
1900.80
1900.80
1900.80
1900.80
2312.94
2312.94
4166.72
4235.30
4235.30
4235.30
6150.68
6150.68
6150.68
5436.63
5436.63
5436.63
5436.63
5436.63
3843.95
3843.95
3843.95
3843.95
3843.95
3843.95
2701.22
2701.22
2701.22
2701.22
2701.22
2701.22
2725.47
2725.47
2725.47
2725.47
2725.47
2725.47
3153.48
3153.48
3153.48
5465.37
5465.37
5465.37
5465.37
5465.37
3788.48
3788.48
3788.48
3788.48
3788.48
3788.48
2985.00
2985.00
2985.00
2985.00
2985.00
2985.00
3277.78
3277.78
3277.78
3277.78
3277.78
3085.98
3085.98
3085.98
5389.21
5389.21
5389.21
4967.20
