# 1Hz Kbps trace generated by import_real_world_traces.py
1726.13
1737.35
1741.54
1741.54
1705.95
1705.95
1705.95
1705.95
1644.04
1644.04
1644.04
1644.04
1758.28
1758.28
1758.28
1758.28
1758.28
1758.28
1758.28
1261.92
1261.92
1261.92
1261.92
1261.92
1261.92
1261.92
968.17
968.17
968.17
968.17
2047.35
2047.35
2047.35
2172.99
2172.99
2172.99
2172.99
1879.01
1879.01
1879.01
1879.01
2270.63
2270.63
3965.39
3965.39
3965.39
1917.46
1917.46
1917.46
1917.46
2369.38
2369.38
2369.38
2371.54
2371.54
2371.54
2371.54
2037.88
2037.88
2037.88
2037.88
2037.88
1637.31
1637.31
1637.31
1637.31
1637.31
1637.31
1253.19
1253.19
1253.19
1253.19
1253.19
1305.90
1305.90
1305.90
1305.90
1305.90
1626.27
1626.27
1626.27
1626.27
1626.27
1559.45
1559.45
3472.39
3472.39
3472.39
2888.54
2888.54
3743.53
5927.59
6023.41
6023.41
6014.21
6014.21
6014.21
5996.92
5996.92
5996.92
5996.92
5996.92
5996.92
5996.92
2370.71
2370.71
2370.71
2370.71
2370.71
2370.71
2370.71
2370.71
2370.71
2028.43
2028.43
2028.43
2037.55
2037.55
2037.55
2037.55
2150.77
2150.77
2150.77
2150.77
2147.68
2147.68
2147.68
2147.68
2147.68
1619.81
1619.81
1619.81
1619.81
1619.81
1251.71
1251.71
1251.71
2085.17
2085.17
2085.17
2320.24
2320.24
2320.24
2320.24
2446.47
2446.47
2446.47
2405.46
2405.46
2405.46
2405.46
1846.02
1846.02
1846.02
1846.02
1713.40
1713.40
1713.40
1713.40
1713.40
1712.85
1712.85
1712.85
1712.85
1712.85
1720.17
1720.17
1720.17
1720.17
1949.99
1949.99
1949.99
2132.13
2132.13
2132.13
2371.61
2371.61
2007.04
