# 1Hz Kbps trace generated by import_real_world_traces.py
882.53
882.53
882.53
882.53
882.53
906.99
906.99
906.99
1861.62
1861.62
2354.19
2354.19
2550.29
2550.29
3089.91
6250.32
6250.32
6506.06
6675.80
6675.80
6675.80
4827.15
4827.15
4827.15
4827.15
4827.15
3555.14
3555.14
13160.89
11123.79
11123.79
11123.79
11123.79
5590.60
5590.60
5590.60
5590.60
3899.66
3899.66
3899.66
3899.66
3899.66
3900.31
3900.31
3900.31
3900.31
3900.31
3900.31
2668.25
2668.25
2668.25
2668.25
5321.74
5321.74
7631.36
7631.36
10750.05
10750.05
7301.20
7301.20
7301.20
7301.20
5300.38
5300.38
8548.36
8548.36
8552.62
8552.62
7457.08
7457.08
7457.08
6712.57
6712.57
6712.57
6710.33
6710.33
6913.40
6913.40
6913.40
7263.68
7263.68
7317.46
7317.46
7317.46
6542.39
6542.39
6542.39
6542.39
6542.39
3217.76
3217.76
3217.76
3217.76
3217.76
3217.76
3221.58
3221.58
3221.58
3221.58
3221.58
3221.58
3221.58
3221.58
2271.99
2271.99
2271.99
2271.99
2271.99
2271.99
2271.99
2271.99
2271.99
2271.99
2271.99
2271.99
2271.99
2271.99
2271.99
2271.99
2271.99
1113.53
1113.53
1113.53
1113.53
1113.53
1113.53
1113.53
1113.53
1113.53
1113.53
1113.53
1113.53
590.56
590.56
1524.34
1524.34
1524.34
1524.34
1524.34
1625.26
1625.26
1625.26
1625.26
1958.33
1958.33
1958.33
2355.89
2355.89
2355.89
2355.89
1770.91
1770.91
1770.91
1770.91
1770.91
1770.91
1376.08
1376.08
1376.08
2376.02
2376.02
2376.02
2884.77
2884.77
5452.70
6445.05
6329.37
6329.37
6329.37
5132.51
5132.51
5132.51
5132.51
5132.51
2576.78
