# 1Hz Kbps trace generated by import_real_world_traces.py
2631.12
2608.06
2587.85
2587.85
2587.85
2575.58
2575.58
2575.58
2572.65
2572.65
2572.65
2576.15
2576.15
2576.15
2564.66
2564.66
2564.66
2543.87
2543.87
2789.43
2789.43
2789.43
3115.85
3115.85
3029.06
3029.06
3029.06
2803.41
2803.41
2803.41
3047.27
3047.27
3745.33
3745.33
3745.33
3745.33
3745.33
3745.33
2772.48
2772.48
2772.48
2772.48
2772.48
2772.48
3254.71
3254.71
3254.71
3254.71
3254.71
3287.99
3287.99
3287.99
3287.99
3287.99
3456.38
3456.38
3456.38
3456.38
3456.38
3642.35
3642.35
3642.35
3642.35
3972.29
3972.29
3972.29
3972.29
4331.28
4331.28
4331.28
4331.28
4331.28
4331.28
3253.17
3253.17
3253.17
3253.17
3253.17
3253.17
3253.17
3253.17
3253.17
3253.17
1605.24
1605.24
1605.24
1605.24
1605.24
1605.24
1605.24
1835.50
1835.50
3221.10
3221.10
3221.10
3222.14
3222.14
2990.92
2990.92
2990.92
2827.90
2827.90
2837.69
2837.69
2837.69
3225.96
3225.96
3667.45
3667.45
3666.75
3666.75
3499.21
3499.21
3499.21
3444.59
3444.59
3444.59
3444.59
3444.59
3299.02
3299.02
3299.02
3299.02
3299.02
3238.77
3238.77
3238.77
3238.77
4116.88
4116.88
4116.88
4116.88
4116.88
3679.88
3679.88
3679.88
3679.88
3679.88
3643.67
3643.67
3643.67
3643.67
4036.36
4036.36
4036.36
4036.36
4036.36
3264.82
3264.82
3264.82
3264.82
3264.82
3264.82
3306.47
3306.47
3306.47
3306.47
3306.47
3405.49
3405.49
3405.49
3405.49
3405.49
3576.60
3576.60
3576.60
3576.60
3576.60
3523.24
3523.24
3523.24
3523.24
3523.24
3469.51
3469.51
3469.51
3469.51
3909.32
3909.32
3909.32
4204.28
