# 1Hz Kbps trace generated by import_real_world_traces.py
1605.24
1591.54
1596.22
1600.41
1600.41
1581.94
1581.94
1581.94
1581.94
1656.56
1656.56
1656.56
1656.56
1656.56
1656.56
1402.53
1402.53
1402.53
1402.53
1402.53
1402.53
1275.98
1275.98
1275.98
2041.64
2041.64
2041.64
2041.64
2041.64
2041.64
1509.75
1509.75
1509.75
1509.75
1637.17
1637.17
1637.17
1637.17
1798.81
1798.81
1798.81
1798.81
1798.81
1838.50
1838.50
1838.50
1838.50
1677.65
1677.65
1677.65
1677.65
1677.65
1631.04
1631.04
1631.04
1631.04
1631.04
1693.36
1693.36
1693.36
1693.36
1697.58
1697.58
1697.58
1697.58
1697.58
1602.77
1602.77
1602.77
1602.77
1602.77
1539.27
1539.27
1539.27
1539.27
1539.27
1532.95
1532.95
1490.06
1507.37
1510.13
1510.13
1510.13
1510.13
1510.13
1624.27
1624.27
1624.27
1624.27
1624.27
1687.13
1687.13
1687.13
1687.13
1676.04
1676.04
1676.04
1676.04
1784.95
1784.95
1784.95
1784.95
1784.95
1708.20
1708.20
1708.20
1708.20
1709.25
1709.25
1709.25
3513.86
3513.86
3513.86
1852.56
1852.56
1852.56
1852.56
1852.56
1852.56
1543.54
1543.54
1543.54
1543.54
1543.54
1543.54
1541.78
1541.78
1541.78
1541.78
1798.84
1798.84
1798.84
2009.54
2009.54
2009.54
2009.54
2010.36
2010.36
2010.36
2010.36
1826.00
1826.00
1826.00
1826.00
1826.00
1575.25
1575.25
1575.25
1575.25
1577.67
1577.67
1577.67
1577.67
1577.67
1548.64
1548.64
1548.64
1548.64
1548.64
1528.36
1528.36
1528.36
1528.36
1528.36
1528.36
1503.62
1503.62
1503.62
1503.62
1684.29
1684.29
1684.29
1684.29
1684.29
1650.18
1650.18
1650.18
1650.18
1650.18
1345.04
1345.04
1345.04
1345.04
1345.04
1535.02
1535.02
2530.80
