# 1Hz Kbps trace generated by import_real_world_traces.py
5850.27
5807.93
5827.41
5827.41
5827.41
5789.41
5789.41
5789.41
5817.42
5817.42
5817.42
5817.42
4961.11
4961.11
4961.11
4503.90
4503.90
4503.90
4503.90
4479.51
4479.51
4479.51
4479.51
4479.51
3537.06
3537.06
3537.06
3537.06
3537.06
3537.06
3537.06
2701.51
2701.51
2701.51
2701.51
2701.51
3130.66
3130.66
3130.66
3130.66
3130.66
3130.66
3130.66
2679.67
2679.67
2679.67
2612.50
2612.50
2409.33
2409.33
2409.33
2409.33
2102.66
2102.66
2102.66
2102.66
1817.78
1817.78
1817.78
2238.43
2238.43
2238.43
2238.43
2049.37
2049.37
2049.37
2049.37
1914.34
1914.34
1914.34
1914.34
1854.82
1854.82
1854.82
1854.82
1946.76
1946.76
1946.76
1946.76
2022.38
2022.38
2022.38
2022.38
1941.57
1941.57
1941.57
1941.57
1875.64
1875.64
1875.64
1875.64
1875.64
1750.92
1750.92
1750.92
1842.52
1842.52
1842.52
1842.52
2002.16
2002.16
2002.16
2002.16
2288.62
2288.62
2899.35
2899.35
2899.35
2693.34
2693.34
2693.34
2710.76
2710.76
2710.76
2818.18
2818.18
2818.18
3088.20
3088.20
3332.54
3332.54
3489.94
3489.94
3489.94
3489.94
3489.94
3675.60
3675.60
3675.60
3675.60
3675.60
3149.04
3149.04
3149.04
3149.04
3149.04
3149.04
3193.04
3193.04
3193.04
3193.04
3193.04
3067.45
3067.45
3067.45
3067.45
3067.45
3067.45
3210.24
3210.24
3210.24
3210.24
3680.71
3680.71
3680.71
3680.71
3680.71
3733.50
3733.50
3733.50
3733.50
3733.50
3873.23
3873.23
3873.23
3873.23
4911.74
4911.74
4911.74
4947.69
4947.69
7189.36
7189.36
6436.18
