# 1Hz Kbps trace generated by import_real_world_traces.py
3320.57
3309.67
3271.49
3279.37
3279.37
3170.94
3170.94
3291.29
3291.29
3291.29
3933.19
3933.19
3933.19
3933.19
3882.82
3882.82
3882.82
3882.82
4297.58
4297.58
4297.58
4297.58
4378.79
4378.79
4378.79
4378.79
4466.18
4466.18
4466.18
4466.18
5111.54
5111.54
5111.54
5162.51
5162.51
5162.51
4947.02
4947.02
4947.02
4947.02
4907.34
4907.34
4907.34
4907.34
4907.34
4907.34
3342.00
3342.00
3342.00
5287.58
5287.58
5287.58
5287.58
4914.47
4914.47
4914.47
4914.47
4055.91
4055.91
4055.91
4055.91
4268.42
4268.42
4268.42
4268.42
4404.69
4404.69
4404.69
4404.69
4116.76
4116.76
4116.76
4116.76
4071.86
4071.86
4071.86
4071.86
4071.86
4138.71
4138.71
4138.71
4138.71
4209.41
4209.41
4209.41
4209.41
4209.41
3797.25
3797.25
3797.25
3797.25
3797.25
3109.87
3109.87
3109.87
3109.87
3109.87
3538.52
3538.52
3538.52
3538.52
3538.52
3562.37
3562.37
3562.37
3562.37
3562.37
3719.59
3719.59
3719.59
3719.59
3719.59
3391.79
3391.79
3391.79
3391.79
3391.79
3391.79
2977.51
2977.51
2977.51
3271.18
3271.18
3793.18
3793.18
3802.38
3802.38
3802.38
3802.38
3536.32
3536.32
3536.32
3536.32
3536.32
3365.94
3365.94
3365.94
3365.94
3365.94
3610.61
3610.61
3610.61
3610.61
3610.61
4118.24
4118.24
4118.24
4118.24
4211.72
4211.72
4211.72
4211.72
4510.08
4510.08
4510.08
4510.08
4182.17
4182.17
4182.17
4182.17
4041.16
4041.16
4041.16
4041.16
4041.16
3513.77
3513.77
3513.77
3513.77
3513.77
4179.55
4179.55
4179.55
4462.21
4462.21
4462.21
4462.21
4644.42
4644.42
4644.42
4747.21
