# 1Hz Kbps trace generated by import_real_world_traces.py
4088.86
4088.86
4026.47
4026.47
4024.91
4024.91
4031.34
4022.89
4022.89
3965.04
3965.04
3965.04
3965.04
3965.04
3860.38
3860.38
3860.38
3860.38
3860.38
3814.37
3814.37
3814.37
3814.37
3848.66
3848.66
3848.66
3848.66
3848.66
3911.85
3911.85
3911.85
3911.85
3817.43
3817.43
3817.43
3817.43
3817.43
3851.76
3851.76
3851.76
3851.76
3851.76
3877.93
3877.93
3877.93
3877.93
3870.49
3870.49
3870.49
3870.49
3870.49
3842.86
3842.86
3842.86
3842.86
3842.86
3742.09
3742.09
3742.09
3742.09
3759.95
3759.95
3759.95
3759.95
3759.95
3781.57
3781.57
3781.57
3781.57
3781.57
3831.63
3831.63
3831.63
3831.63
3848.63
3848.63
3848.63
3848.63
3858.99
3858.99
3858.99
3841.37
3906.93
3906.93
3908.49
3908.49
3830.59
3830.59
3830.59
3814.35
3893.18
3893.18
3893.18
3893.18
3893.18
3860.06
3860.06
3860.06
3860.06
3842.24
3842.24
3842.24
3842.24
3842.24
3856.19
3856.19
3856.19
3856.19
3819.25
3819.25
3819.25
3819.25
3819.25
3857.52
3857.52
3857.52
3857.52
3857.52
3744.19
3744.19
3744.19
3744.19
3744.19
3626.46
3626.46
3626.46
3626.46
3626.46
3582.95
3582.95
3582.95
3582.95
3794.03
3794.03
3794.03
3794.03
3794.03
3900.05
3900.05
3900.05
3900.05
3900.05
3782.62
3782.62
3782.62
3782.62
3842.65
3842.65
3842.65
3842.65
3842.65
3870.57
3870.57
3870.57
3870.57
3856.26
3856.26
3856.26
3856.26
3856.26
3837.12
3837.12
3837.12
3837.12
3837.12
3759.60
3759.60
3759.60
3759.60
3853.04
3853.04
3853.04
3853.04
3853.04
3840.18
3840.18
3840.18
3840.18
3646.09
3646.09
3646.09
3646.09
3646.09
3646.09
3230.90
3230.90
2833.12
