# 1Hz Kbps trace generated by import_real_world_traces.py
1408.31
1412.70
1262.39
1262.39
1428.63
1428.63
2065.25
2065.25
2065.25
2653.71
2653.71
2653.71
2578.48
2578.48
2578.48
2542.11
2542.11
2542.11
2542.11
2542.11
2542.11
2542.11
1136.76
1136.76
1136.76
2065.12
2065.12
2065.12
2065.12
2069.05
2069.05
2069.05
2069.05
2255.00
2255.00
2866.57
2866.57
2866.57
2380.07
2380.07
2380.07
2380.07
2380.07
2380.07
1460.27
1460.27
1460.27
1460.27
1460.27
1460.27
1460.27
1460.27
1460.27
756.70
756.70
756.70
756.70
756.70
756.70
1326.90
1326.90
1326.90
1326.90
2320.26
2320.26
2893.64
2893.64
2893.64
3251.85
3251.85
3306.66
3306.66
3306.66
2625.15
2625.15
3253.54
3253.54
3253.54
3247.08
3247.08
3247.08
2508.09
2508.09
2508.09
2142.56
2142.56
2142.56
2142.56
2142.56
2142.56
2142.56
2355.76
2355.76
2355.76
2355.76
2355.76
2355.76
2355.76
2692.97
2692.97
2692.97
2692.97
2692.97
2692.97
2884.91
2884.91
2884.91
2884.91
2884.91
3101.03
3101.03
3101.03
3101.03
3101.03
3101.03
3101.03
3101.03
2214.04
2214.04
2214.04
2214.04
2214.04
1817.96
1817.96
1817.96
1817.96
1817.96
1817.96
1492.45
1492.45
1492.45
1492.45
1492.45
1580.81
1580.81
1580.81
1885.45
1885.45
1885.45
1885.45
1885.45
1885.45
1215.59
1215.59
1215.59
1215.59
1215.59
1215.59
1215.59
1215.59
966.28
966.28
1783.93
2640.87
2640.87
2640.87
2461.82
2461.82
2461.82
2461.82
2415.31
2415.31
2415.31
2162.33
2162.33
2162.33
2162.33
2162.33
1891.77
1891.77
1891.77
2265.88
2265.88
2265.88
2267.57
2267.57
2261.95
