# 1Hz Kbps trace generated by import_real_world_traces.py
891.73
897.36
897.24
897.24
897.15
891.91
891.91
898.85
893.85
893.85
893.85
1154.22
1154.22
1154.22
1154.22
1154.22
1154.22
1239.36
1239.36
1239.36
1239.36
1239.36
1427.39
1427.39
1427.39
1427.39
2144.48
2144.48
2144.48
2144.48
1732.63
1732.63
1732.63
1732.63
1864.80
1864.80
1864.80
1864.80
1864.80
1864.80
1864.80
1190.81
1190.81
1190.81
1190.81
1190.81
1190.81
1235.77
1235.77
1235.77
1235.77
1235.77
1235.77
1153.60
1153.60
1153.60
1042.49
1042.49
1042.49
1042.49
1042.49
1042.49
1042.49
1042.49
1042.49
822.58
822.58
758.64
757.93
757.93
761.70
761.70
821.94
821.94
821.94
821.94
808.76
808.76
808.76
808.76
808.76
808.76
808.76
808.76
808.76
768.93
768.93
733.77
737.87
737.87
737.87
733.10
808.40
1227.61
1227.61
1227.61
1227.61
1227.61
1227.61
1227.61
1180.65
1180.65
1180.65
1180.65
1180.65
1180.65
1180.65
1035.79
1035.79
1035.79
1035.79
1035.79
1035.79
1035.79
987.66
987.66
987.66
987.66
987.66
987.66
987.66
987.66
987.66
987.66
987.66
691.86
691.86
658.72
658.72
661.12
661.12
693.39
693.39
704.27
704.27
704.27
704.27
689.84
689.84
689.84
689.84
689.84
690.06
690.06
690.06
1102.45
1102.45
1102.45
1102.45
1097.32
1097.32
1097.32
1097.32
1947.29
1947.29
1947.29
1947.29
1947.29
1595.06
1595.06
1595.06
1595.06
1595.06
1494.68
1494.68
1494.68
1494.68
1494.68
1514.10
1514.10
1514.10
1514.10
1997.59
1997.59
1997.59
1997.59
2086.61
2086.61
2086.61
2151.56
2151.56
2151.56
1794.31
