# 1Hz Kbps trace generated by import_real_world_traces.py
1366.92
1376.51
1378.55
1366.29
1376.45
1376.45
1376.45
1376.45
1376.45
1376.45
1348.50
1348.50
1348.50
1348.50
1348.50
1348.50
1346.65
1346.65
1346.65
1346.65
1346.65
1345.43
1345.43
1345.43
1345.43
1345.43
1345.43
1329.05
1329.05
1329.05
1329.05
1329.05
1409.82
1409.82
1409.82
1409.82
1409.82
1409.82
1409.82
1409.82
988.61
1527.28
1522.12
1543.26
1543.26
1514.85
1514.85
1494.12
1494.12
1494.12
1494.12
1494.12
1482.99
1482.99
1482.99
1482.99
1482.99
1465.17
1465.17
1465.17
1465.17
1465.17
1465.17
1304.51
1304.51
1304.51
1304.51
1304.51
1304.51
1216.79
1216.79
1216.79
1216.79
1216.79
1216.79
1357.83
1357.83
1357.83
1357.83
1357.83
1357.83
1180.52
1180.52
1180.52
1180.52
1180.52
1180.52
1180.52
1047.54
1047.54
1047.54
993.18
993.18
993.18
979.55
979.55
989.26
989.26
1036.74
1327.04
1327.04
1327.04
1305.12
1305.12
1310.35
1310.35
1310.35
1310.35
1310.35
1310.35
1310.35
1310.35
1310.35
897.57
897.57
897.57
897.57
897.57
897.57
1121.75
1121.75
1121.75
1121.75
1121.75
1121.75
1366.77
1366.77
1366.77
1366.77
1366.77
1366.77
1331.24
1331.24
1331.24
1331.24
1331.24
1331.24
1349.69
1519.31
1523.94
1523.94
1523.94
1414.79
1414.79
1414.79
1332.81
1332.81
1332.11
1332.11
1483.14
1483.14
1483.14
1483.14
1483.14
1452.28
1452.28
1452.28
1452.28
1452.28
1452.28
1372.52
1372.52
1372.52
1372.52
1372.52
1484.80
1484.80
1484.80
1484.80
1484.80
1484.80
1294.32
1294.32
1388.06
1388.06
1388.06
1388.06
1388.06
1624.90
1624.90
1624.90
1353.33
