# 1Hz Kbps trace generated by import_real_world_traces.py
1216.06
1231.10
1228.16
1229.93
1222.00
1222.00
1222.00
1222.00
1222.00
1203.69
1203.69
1203.69
1203.69
1203.69
1203.69
1203.69
1174.85
1174.85
1174.85
1174.85
1174.85
1174.85
1260.23
1290.88
1295.51
1292.39
1292.39
1292.39
1292.39
1292.39
1292.39
1252.46
1252.46
1252.46
1252.46
1252.46
1252.46
1252.46
1221.55
1221.55
1221.55
1221.55
1221.55
1221.55
1221.55
1199.95
1199.95
1279.16
1288.13
1294.33
1294.33
1294.33
1294.33
1294.33
1294.33
1252.11
1252.11
1252.11
1252.11
1252.11
1252.11
1252.11
1198.49
1198.49
1198.49
1198.49
1198.49
1198.49
1212.28
1212.28
1212.28
1212.28
1212.28
1212.28
1249.40
1249.40
1249.40
1249.40
1249.40
1249.40
1241.57
1274.46
1283.49
1269.22
1269.22
1269.22
1255.21
1255.21
1258.31
1258.31
1258.31
1258.31
1258.31
1252.96
1252.96
1252.96
1252.96
1252.96
1252.96
1252.96
1230.42
1230.42
1230.42
1230.42
1230.42
1230.42
1245.65
1245.65
1245.65
1245.65
1245.65
1245.65
1246.64
1246.64
1246.64
1246.64
1238.40
1238.40
1238.40
1238.40
1238.40
1238.40
1200.90
1200.90
1200.90
1200.90
1200.90
1200.90
1200.90
1221.45
1221.45
1221.45
1233.64
1278.03
1287.14
1287.14
1252.17
1252.17
1257.95
1257.95
1257.95
1242.72
1242.72
1242.72
1242.72
1242.72
1242.72
1232.74
1232.74
1232.74
1232.74
1232.74
1232.74
1232.74
1215.72
1215.72
1215.72
1215.72
1215.72
1322.52
1322.52
1322.52
1322.52
1322.52
1322.52
1258.97
1258.97
1258.97
1258.97
1258.97
1258.97
1258.97
1240.21
1240.21
1240.21
1240.21
1240.21
1240.21
1249.45
1295.71
1288.94
1286.76
