# 1Hz Kbps trace generated by import_real_world_traces.py
1758.66
1758.66
1736.66
1736.66
1736.66
1735.06
1735.06
1735.06
1743.02
1743.02
1743.02
1706.86
1706.86
1706.86
1733.66
1733.66
1733.66
1733.66
1723.97
1723.97
1723.97
1723.97
1723.97
1668.42
1668.42
1668.42
1668.42
1643.62
1643.62
1643.62
2814.13
2814.13
2814.13
2814.88
2814.88
2844.74
2844.74
2844.74
2913.39
2913.39
2913.39
2910.37
2910.37
2910.37
2903.29
2903.29
2840.52
2840.52
2840.52
2841.14
2841.14
2841.14
2841.10
2841.10
2869.16
2869.16
2869.16
2874.38
2874.38
2874.38
2872.67
2872.67
2877.20
2877.20
2877.20
2876.75
2876.75
2876.75
2853.28
2853.28
2853.28
2853.28
2853.28
2853.28
2848.31
2848.31
2848.31
2848.31
2848.31
2848.31
2954.71
2954.71
2954.71
2954.71
2954.71
2954.71
2963.92
2963.92
2963.92
2963.92
2963.92
2963.92
2904.34
2904.34
2904.34
2904.34
2904.34
2904.34
2835.75
2835.75
2835.75
2835.75
2835.75
2835.75
2917.61
2917.61
2917.61
2917.61
2917.61
2917.61
2927.87
2927.87
2927.87
2927.87
2927.87
2927.87
2855.24
2855.24
2855.24
2855.24
2855.24
2855.24
2825.37
2825.37
2825.37
2891.98
2891.98
2891.98
2888.26
2888.26
2888.26
2886.67
2886.67
2888.41
2888.41
2888.41
2892.41
2892.41
2847.36
2847.36
2847.36
2841.46
2841.46
2841.46
2839.02
2839.02
2839.02
2836.40
2836.40
2836.40
2035.61
2035.61
2035.61
2035.61
2035.61
1769.65
1769.65
1769.65
1769.65
1725.59
1725.59
1725.59
1725.59
1725.59
1718.77
1718.77
1718.77
1718.77
1715.06
1715.06
1715.06
1715.06
1657.92
1657.92
1657.92
1624.55
