# 1Hz Kbps trace generated by import_real_world_traces.py
834.91
839.84
913.35
913.35
937.04
929.97
1288.66
1288.66
1288.66
1288.66
1288.66
1288.66
1178.48
1178.48
1178.48
1178.48
1178.48
1178.48
1453.97
1453.97
1453.97
1453.97
1453.97
1453.97
1453.97
1135.41
1135.41
1135.41
1135.41
1135.41
1135.41
1135.41
1135.41
892.69
863.56
863.56
855.61
1603.45
1603.45
2202.33
1772.83
1772.83
1772.83
1772.83
1772.83
1636.10
1636.10
1636.10
2419.77
2419.77
2419.77
2419.77
1963.34
1963.34
1963.34
1963.34
1913.24
1913.24
1913.24
1913.24
2175.46
2175.46
2175.46
2312.85
2312.85
4327.21
4327.21
3139.12
3139.12
3139.12
2405.71
2405.71
3600.91
3600.91
3600.91
3600.91
4695.25
4695.25
4695.25
4695.25
4695.25
3826.05
3826.05
3826.05
3826.05
3826.05
3234.19
3234.19
3234.19
3234.19
3234.19
3234.19
2774.48
2774.48
2774.48
2774.48
2774.48
2774.48
3158.18
3158.18
3158.18
3158.18
3158.18
3158.18
3158.18
2516.45
2516.45
2516.45
2516.45
2516.45
2516.45
2694.92
2694.92
2694.92
2694.92
2694.92
2694.92
2694.92
2819.01
2819.01
2819.01
2688.29
2688.29
3444.59
3444.59
3810.06
3810.06
3983.40
3983.40
3983.40
3591.52
3591.52
3591.52
3591.52
3591.52
3591.52
3280.35
3280.35
3280.35
3280.35
4064.62
4064.62
4064.62
5654.69
5654.69
5654.69
5452.91
5452.91
5452.91
5452.91
5131.63
5131.63
5131.63
4694.03
4694.03
4694.03
4694.03
4470.05
4470.05
4470.05
4470.05
4470.05
3811.68
3811.68
3811.68
3811.68
3811.68
3445.13
3445.13
3445.13
5195.93
5195.93
5195.93
5287.81
