# 1Hz Kbps trace generated by import_real_world_traces.py
1966.55
1980.28
1968.50
1968.50
1968.50
1968.50
1939.02
1939.02
1939.02
1939.02
1939.02
1411.01
1411.01
1411.01
1411.01
1411.01
1827.24
1827.24
3043.12
3043.12
3760.86
3760.86
3738.71
3738.71
3738.71
3738.71
2096.38
2096.38
2096.38
2096.38
2096.38
2096.38
1341.15
1341.15
1341.15
1341.15
1933.68
1933.68
3684.44
3684.44
4553.24
4553.24
4553.24
4553.24
1841.33
1841.33
1841.33
1841.33
1841.33
1841.33
1841.33
1841.33
1841.33
811.56
811.56
811.56
811.56
811.56
1465.99
1465.99
1465.99
1465.99
1465.99
1761.63
1761.63
1761.63
1761.63
1756.86
1756.86
1756.86
2416.78
2416.78
2416.78
2416.78
2416.78
2416.78
2416.78
1231.98
1231.98
1231.98
2419.86
2419.86
2823.82
2823.82
2823.82
2823.82
2143.59
2143.59
2143.59
2143.59
2143.59
2143.59
1363.86
1363.86
1363.86
1363.86
1363.86
1355.74
1355.74
4148.39
4148.39
4148.39
4148.39
4148.39
4148.39
4148.39
4148.39
4148.39
870.29
870.29
870.29
870.29
870.29
870.29
1077.31
1077.31
1077.31
1077.31
1077.31
1913.21
2749.70
2743.10
2740.14
2740.14
2740.14
2731.12
2731.12
2730.19
2730.19
2730.19
2728.45
2728.45
2728.45
2998.89
2998.89
3947.30
3947.30
3947.30
3947.30
3939.26
3939.26
3939.26
3939.26
4952.27
4952.27
4952.27
4952.27
4952.27
3019.46
3019.46
3019.46
3019.46
3019.46
3019.46
3019.46
3019.46
2296.02
2296.02
2296.02
2296.02
2296.02
2296.02
2296.02
2664.10
2664.10
2664.10
2664.10
2664.10
2258.03
2258.03
2258.03
2265.88
2265.88
2265.88
2265.88
2265.88
1379.86
1379.86
1379.86
1379.86
1362.96
