# 1Hz Kbps trace generated by import_real_world_traces.py
3283.84
3280.89
3240.64
3240.64
3225.20
3225.20
3223.91
3223.91
4823.14
4823.14
4823.14
5289.08
5289.08
5289.08
5289.08
5448.54
5448.54
5448.54
5459.40
5459.40
5459.40
5416.95
5416.95
5416.95
5416.95
5032.95
5032.95
5032.95
5032.95
4316.58
4316.58
4316.58
5015.06
5015.06
5015.06
5015.06
5459.69
5459.69
5459.69
5248.57
5248.57
5248.57
5481.07
5481.07
5481.07
5481.07
5383.58
5383.58
5383.58
5489.61
5489.61
5489.61
5305.00
5305.00
5305.00
5305.00
5407.38
5407.38
5407.38
5453.22
5453.22
5453.22
5411.18
5411.18
5411.18
5377.90
5377.90
5377.90
5377.90
5424.11
5424.11
5424.11
5424.11
5424.11
5424.11
5424.11
5424.11
2274.74
2274.74
2274.74
2274.74
4562.29
4562.29
4562.29
4570.91
4570.91
4570.91
4570.91
4423.38
4423.38
4423.38
4423.38
4423.38
4259.40
4259.40
4259.40
4936.17
4936.17
4936.17
4936.17
4936.17
4936.17
2945.98
2945.98
2945.98
2945.98
4379.72
4379.72
4379.72
4379.72
5224.19
5224.19
5224.19
5316.67
5316.67
5316.67
5316.67
4861.74
4861.74
4861.74
4589.83
4589.83
4589.83
4589.83
4833.23
4833.23
4833.23
5307.25
5307.25
5307.25
5307.25
5401.19
5401.19
5401.19
5415.73
5415.73
5415.73
5495.44
5495.44
5495.44
5495.44
5247.65
5247.65
5247.65
4937.44
4937.44
4937.44
4937.44
4675.35
4675.35
4675.35
4675.35
4675.35
3458.80
3458.80
3458.80
3458.80
4581.48
4581.48
4127.12
