# 1Hz Kbps trace generated by import_real_world_traces.py
392.66
392.66
392.66
394.50
394.50
394.50
392.44
392.44
392.44
456.31
1331.50
1331.50
1016.15
1016.15
923.46
929.05
929.05
824.11
818.87
818.87
818.87
818.87
818.87
818.87
818.87
818.87
995.97
995.97
995.97
995.97
995.97
995.97
995.97
1144.28
1144.28
1144.28
1144.28
1144.28
1589.34
1589.34
1589.34
1589.34
1589.34
1546.95
1546.95
1546.95
2436.27
2436.27
3213.82
3213.82
3213.82
3087.26
3087.26
3087.26
3087.26
1848.13
1848.13
1848.13
1848.13
1848.13
1502.79
1502.79
1502.79
1502.79
2279.47
2279.47
2560.24
2560.24
2560.24
2892.45
2892.45
2892.45
2958.06
2958.06
3462.08
3462.08
3609.95
3609.95
4067.05
4067.05
4067.05
4067.05
4947.01
4947.01
4947.01
5380.76
5380.76
5380.76
6510.45
6510.45
6510.45
5219.51
5219.51
5219.51
5219.51
4839.84
4839.84
4839.84
5417.03
5417.03
5417.03
5417.03
4176.46
4176.46
4176.46
4176.46
4490.45
4490.45
4490.45
4490.45
6514.57
6514.57
6340.70
6340.70
6340.70
6121.26
6121.26
7525.07
7525.07
7525.07
5606.23
5606.23
5606.23
5606.23
5428.06
5428.06
6870.85
6870.85
6870.85
5874.48
5874.48
5874.48
6294.19
6294.19
6294.19
5959.32
5959.32
5959.32
5513.98
5513.98
5513.98
5513.98
5509.52
5509.52
5882.68
5882.68
5882.68
6408.96
6408.96
6896.73
