# 1Hz Kbps trace generated by import_real_world_traces.py
671.47
677.54
677.54
675.23
675.23
675.23
675.23
675.23
675.23
228.70
228.70
228.70
228.70
228.70
228.70
228.70
183.28
183.28
183.28
183.28
183.28
244.63
244.63
244.63
244.63
244.63
245.08
245.08
245.08
245.08
245.08
245.08
247.52
247.52
247.52
247.52
247.52
258.01
258.01
258.01
258.01
258.01
259.46
259.46
259.46
259.46
259.46
216.96
216.96
216.96
216.96
216.96
216.96
213.94
213.94
213.94
213.94
213.94
213.94
252.25
252.25
252.25
439.34
439.34
439.34
445.14
445.14
445.14
410.12
410.12
410.12
396.71
396.71
396.71
419.11
419.11
419.11
428.59
428.59
428.59
414.66
414.66
414.66
414.66
414.66
268.49
268.49
268.49
268.49
268.49
268.79
268.79
268.79
268.79
268.79
317.23
317.23
317.23
394.85
394.85
394.85
391.21
391.21
629.93
629.93
855.50
862.50
1022.33
1022.33
1022.33
1022.33
854.42
854.42
854.42
854.42
854.42
854.42
854.42
854.42
944.50
944.50
944.50
944.50
944.50
944.50
944.50
944.50
944.50
809.63
809.63
1026.80
1016.76
1016.76
1016.76
1016.76
1016.76
1016.76
1016.76
1016.76
1016.76
1016.76
835.81
835.81
744.22
740.94
740.94
744.25
744.25
744.25
744.25
662.42
662.42
662.42
662.42
662.42
737.83
887.36
887.36
887.36
887.36
887.36
764.80
764.80
764.80
764.80
764.80
764.80
764.80
764.80
764.80
764.51
764.51
694.81
694.81
711.12
711.12
726.33
726.33
726.33
726.33
749.20
749.20
749.20
861.16
861.16
861.16
1397.55
