# 1Hz Kbps trace generated by import_real_world_traces.py
3189.82
3204.78
3335.85
3335.85
3580.15
3580.15
3288.30
3288.30
3288.30
3613.24
3613.24
3613.24
3613.24
3613.24
3375.15
3375.15
3375.15
3375.15
3879.64
3879.64
3879.64
3879.64
3879.64
3751.49
3751.49
3751.49
3751.49
3768.68
3768.68
3768.68
3768.68
3768.68
3977.43
3977.43
3977.43
3977.43
3977.43
3748.56
3748.56
3748.56
3748.56
3663.67
3663.67
3663.67
3663.67
3663.67
3842.86
3842.86
3842.86
3842.86
3842.86
3834.52
3834.52
3834.52
3834.52
3967.28
3967.28
3967.28
3967.28
4094.45
4094.45
4094.45
4094.45
4094.45
3911.55
3911.55
3911.55
3911.55
3911.55
3612.62
3612.62
3612.62
3612.62
4329.13
4329.13
4329.13
4329.13
4149.44
4149.44
4149.44
4149.44
4149.44
3509.89
3509.89
3509.89
3509.89
3509.89
3592.26
3592.26
3592.26
3592.26
4105.76
4105.76
4105.76
4105.76
4105.76
4043.19
4043.19
4043.19
4043.19
4058.76
4058.76
4058.76
4058.76
4058.76
3443.62
3443.62
3443.62
3443.62
3443.62
3771.10
3771.10
3771.10
3771.10
3784.54
3784.54
3784.54
3784.54
3784.54
3815.01
3815.01
3903.25
3903.25
3868.58
3868.58
3846.51
3846.51
3823.56
3823.56
3663.13
3663.13
3636.17
3636.17
3872.84
3872.84
3872.84
3872.84
3962.37
3962.37
3962.37
3962.37
3962.37
3781.20
3781.20
3781.20
3781.20
3781.20
3722.38
3722.38
3722.38
3722.38
3973.65
3973.65
3973.65
3973.65
3973.65
3858.47
3858.47
3858.47
3858.47
3910.65
3910.65
3910.65
3910.65
3910.65
3815.72
3815.72
3815.72
3815.72
3849.15
3849.15
3849.15
3849.15
3849.15
3953.24
3953.24
3953.24
4064.23
