# 1Hz Kbps trace generated by import_real_world_traces.py
1306.75
1315.15
1315.83
1306.23
1313.80
1313.80
1313.80
1313.80
1313.80
1313.80
1313.80
1313.80
1313.80
1313.80
1313.80
1313.80
1313.80
598.14
598.14
539.28
539.28
946.37
946.37
946.37
946.37
946.37
1414.69
1414.69
1414.69
1414.69
1414.69
1414.69
1414.69
1414.69
1414.69
1414.69
754.87
754.87
754.87
577.79
577.79
492.33
492.33
804.48
1329.07
1325.15
1325.15
1325.15
1325.15
1325.15
650.73
650.73
650.73
650.73
650.73
624.08
929.78
929.78
1489.23
1489.23
1489.23
1489.23
1489.23
1489.23
1489.23
1489.23
1489.23
830.75
830.75
830.75
830.75
830.75
1574.99
1574.99
1574.99
1574.99
1890.21
1890.21
1890.21
1890.21
1891.13
1891.13
1891.13
1891.13
1891.13
1458.94
1458.94
1458.94
1458.94
1458.94
1458.94
1458.94
1458.94
1458.94
1458.94
761.45
868.26
975.04
975.04
1007.25
1007.25
1007.25
1055.36
2836.01
2836.01
2836.01
2836.01
2836.01
2836.01
2836.01
2836.01
2836.01
943.72
943.72
943.72
943.72
943.72
1346.87
1346.87
1346.87
1346.87
1346.87
1346.87
1307.44
1307.44
1307.44
1307.44
1307.44
1307.44
1307.44
1307.44
1307.44
1307.44
1351.61
1778.51
1778.51
1742.48
1742.48
1744.45
1744.45
1764.79
1764.79
1764.79
1764.79
1764.79
1764.79
1764.79
1764.79
816.70
816.70
816.70
816.70
816.70
816.70
816.70
1215.54
1215.54
1215.54
1215.54
1215.54
1215.54
1214.88
1214.88
1214.88
1214.88
1214.88
1214.88
1270.26
1270.26
1270.26
1270.26
1270.26
1769.36
1769.36
1769.36
1769.36
1954.84
1954.84
1954.84
1936.43
1936.43
1818.27
1897.71
