# 1Hz Kbps trace generated by import_real_world_traces.py
3140.83
3092.86
3092.86
3097.35
3097.35
3097.35
3285.50
4547.47
4547.47
4812.19
4812.19
4812.19
4812.19
4622.93
4622.93
4622.93
4622.93
4648.70
4648.70
4648.70
4648.70
4200.04
4200.04
4200.04
4200.04
3959.42
3959.42
3959.42
3959.42
4697.24
4697.24
4697.24
4697.24
4663.85
4663.85
4663.85
4729.71
4729.71
4729.71
4729.71
4799.29
4799.29
4799.29
4799.29
4725.88
4725.88
4725.88
4725.88
4651.64
4651.64
4651.64
4651.64
4651.64
3411.91
3411.91
3411.91
3411.91
3411.91
3770.51
3770.51
3770.51
4786.79
4786.79
4786.79
4786.79
4184.51
4184.51
4184.51
4184.51
4184.51
4184.51
4184.51
4184.51
2500.64
2500.64
2500.64
2500.64
2500.64
3348.88
3348.88
3348.88
3348.88
3348.88
3348.88
3348.88
3348.88
2057.91
2057.91
3772.76
3772.76
3772.76
3717.22
3638.62
3638.62
3638.62
3597.96
3597.96
3597.96
3597.96
3654.87
3654.87
3654.87
3654.87
3654.87
3717.96
3717.96
3717.96
3717.96
3717.96
3717.96
2912.84
2912.84
2912.84
2912.84
2912.84
3719.20
3719.20
3719.20
3719.20
3719.20
3788.38
3788.38
3788.38
3788.38
4608.66
4608.66
4608.66
4608.66
4670.91
4670.91
4670.91
4808.47
4808.47
4808.47
4808.47
4668.41
4668.41
4668.41
4668.41
4390.68
4390.68
4390.68
4390.68
4331.22
4331.22
4331.22
4331.22
4162.86
4162.86
4162.86
4162.86
4162.86
3584.20
3584.20
3584.20
3584.20
3584.20
3280.91
3280.91
3280.91
3280.91
3280.91
3280.91
3231.31
3231.31
3231.31
3231.31
4101.23
4101.23
4101.23
4101.23
4101.23
4101.23
3348.00
3348.00
3348.00
4336.41
4336.41
4336.41
4336.41
4336.41
3904.89
3904.89
3904.89
3881.31
