# 1Hz Kbps trace generated by import_real_world_traces.py
2292.26
2297.45
2257.45
2257.45
2245.90
2245.90
2470.49
2470.49
2470.49
2732.60
2732.60
2732.60
2732.60
2234.96
2234.96
3390.99
3390.99
3956.23
3956.23
3956.23
3956.23
4033.44
4033.44
4033.44
4033.44
4033.44
3602.40
3602.40
3602.40
3602.40
3602.40
3454.31
3454.31
3454.31
3454.31
3454.31
3454.31
2999.84
2999.84
2999.84
2999.84
2999.84
3402.59
3402.59
3402.59
3402.59
3402.59
3553.42
3553.42
3553.42
3553.42
3553.42
3967.41
3967.41
3967.41
4575.42
4575.42
4575.42
4575.42
4847.42
4847.42
4847.42
4847.42
4718.03
4718.03
4718.03
4718.03
4718.03
4718.03
2958.34
2958.34
2958.34
2958.34
2958.34
2958.34
2549.68
2549.68
4069.47
4069.47
3708.06
3708.06
3708.06
3512.86
3512.86
3512.86
3512.86
3512.86
3302.32
3302.32
3302.32
3302.32
3302.32
4050.02
4050.02
4050.02
4896.46
4896.46
4896.46
4896.46
4787.47
4787.47
4787.47
4787.47
4787.47
3555.06
3555.06
3555.06
3555.06
3555.06
3556.07
3556.07
3556.07
3556.07
3556.07
3510.28
3510.28
3510.28
3510.28
3510.28
3372.83
3372.83
3372.83
2758.12
2758.12
2758.12
2453.21
2453.21
2453.21
2453.21
2454.99
3834.12
3834.12
5302.75
5302.75
5302.75
5204.56
5204.56
5204.56
5204.56
4728.44
4728.44
4728.44
4728.44
4728.44
3552.64
3552.64
3552.64
3552.64
3552.64
3481.39
3481.39
3481.39
3481.39
4214.36
4214.36
4214.36
6360.74
6360.74
9032.73
9032.73
8449.48
8449.48
8449.48
8449.48
8449.48
3352.38
3352.38
3352.38
3352.38
3352.38
3158.68
3158.68
3158.68
3158.68
3160.45
