# 1Hz Kbps trace generated by import_real_world_traces.py
819.38
825.91
825.91
822.08
824.57
824.57
855.16
957.64
957.64
842.86
842.86
842.86
1042.72
1042.72
1042.72
1042.72
1042.72
1042.72
1042.72
1081.42
1081.42
1081.42
1081.42
1081.42
1368.10
1368.10
1368.10
1368.10
1745.25
1745.25
1745.25
1745.25
1745.25
1745.25
1398.52
1398.52
1398.52
1398.52
1398.52
1448.34
1448.34
1448.34
1448.34
1859.53
1859.53
1859.53
1859.53
1859.53
1859.53
1153.77
1153.77
1153.77
1153.77
1153.77
1153.77
1153.77
1153.77
1153.77
814.26
2551.27
2547.42
1152.50
1152.50
1130.42
1130.42
1130.42
1172.90
1172.90
1442.36
1442.36
1442.36
1442.36
1442.36
1442.36
1442.36
1442.36
1442.36
892.29
892.29
892.29
892.29
892.29
892.29
1309.38
1309.38
1309.38
1309.38
1309.38
1309.38
1061.59
1061.59
985.99
985.99
979.28
990.24
990.24
990.24
990.24
990.24
634.29
634.29
634.29
1051.89
1051.89
1576.32
1576.32
1576.32
1576.32
852.43
852.43
852.43
852.43
852.43
852.43
1177.53
1177.53
1177.53
1177.53
1177.53
1177.53
1322.47
1322.47
1322.47
1322.47
1322.47
1322.47
1322.47
1322.47
1322.47
968.09
1077.77
1077.77
1077.77
949.19
949.19
949.19
949.19
766.03
1383.73
1383.73
1369.01
1369.01
1369.01
1433.39
1433.39
1433.39
1433.39
1433.39
1433.39
1433.39
1374.00
1374.00
1374.00
1374.00
1374.00
1374.00
1374.00
977.94
977.94
977.94
977.94
977.94
977.94
1284.08
1284.08
1284.08
1284.08
1284.08
1284.08
1284.08
1167.01
1167.01
1167.01
1167.01
1167.01
1167.01
1167.01
1167.01
1167.01
1167.01
1167.01
1240.86
1710.05
1670.17
