# 1Hz Kbps trace generated by import_real_world_traces.py
3269.29
3223.22
3218.46
3218.46
3218.46
2781.45
2781.45
2781.45
2557.95
2557.95
2557.95
2557.95
2557.95
2557.95
1423.47
1423.47
1423.47
1423.47
1779.98
1779.98
1779.98
2041.07
2041.07
2041.07
2041.07
2447.45
2447.45
3227.54
3227.54
3227.54
2880.16
2880.16
4325.32
4325.32
4318.69
4318.69
4318.69
4318.69
4318.69
3010.47
3010.47
3010.47
3010.47
3010.47
3010.47
3010.47
3010.47
3010.47
3010.47
1830.47
1830.47
1830.47
1830.47
3297.06
3297.06
4367.97
4367.97
4222.88
4222.88
4222.88
4222.88
4128.05
4128.05
4128.05
4128.05
4321.61
4321.61
4321.61
4321.61
4240.53
4240.53
4240.53
4240.53
4023.77
4023.77
4023.77
4023.77
4023.77
4023.77
4023.77
2697.66
2697.66
2697.66
2697.66
2697.66
2697.66
2697.66
2697.66
2697.66
2697.66
2697.66
1589.60
1589.60
1589.60
1589.60
1589.60
1589.60
1589.60
1202.57
1202.57
1202.57
1202.57
1202.57
1202.57
967.55
967.55
967.55
967.55
881.69
881.69
881.69
1112.14
2605.22
3668.47
4238.79
4238.79
4247.50
4247.50
4354.61
4354.61
4181.36
4181.36
4181.36
4181.36
4116.39
4116.39
4116.39
4116.39
4146.69
4146.69
4146.69
4146.69
4178.94
4178.94
4178.94
4178.94
4289.02
4289.02
4289.02
4289.02
4289.02
4242.44
4242.44
4242.44
4242.44
4334.47
4334.47
4334.47
4334.47
4224.84
4224.84
4224.84
4224.84
4224.84
3806.35
3806.35
3806.35
3806.35
3580.37
3580.37
3580.37
3580.37
3580.37
3942.10
3942.10
3942.10
3942.10
4138.52
4138.52
4138.52
4138.52
4255.76
4255.76
4255.76
4205.82
