# 1Hz Kbps trace generated by import_real_world_traces.py
4066.03
4009.28
3992.08
3992.08
3977.94
3977.94
3954.21
3954.21
3954.21
3954.21
3954.21
3605.86
3605.86
3605.86
3605.86
3605.86
3173.24
3173.24
3173.24
3173.24
3173.24
3626.67
3626.67
3626.67
3626.67
3626.67
3647.61
3647.61
3647.61
3647.61
3647.61
3698.24
3698.24
3698.24
3698.24
3698.24
3626.53
3626.53
3626.53
3626.53
3626.53
3804.98
3804.98
3804.98
3804.98
3866.76
3866.76
3866.76
3866.76
3866.76
3385.07
3385.07
3385.07
3385.07
3385.07
3786.17
3786.17
3786.17
3786.17
3786.17
3238.86
3238.86
2867.99
2867.99
3592.63
3592.63
3816.39
3816.39
3816.39
3816.39
3816.39
3647.20
3647.20
3647.20
3647.20
3647.20
3704.05
3704.05
3704.05
3704.05
3704.05
3528.83
3528.83
3528.83
3528.83
3528.83
3680.69
3680.69
3680.69
3680.69
3680.69
3122.33
3122.33
3122.33
3548.74
3548.74
3298.30
3298.30
3383.65
3383.65
3787.72
3787.72
3633.61
3633.61
3633.61
3653.41
3653.41
3653.41
3653.41
3676.30
3676.30
3676.30
3676.30
3676.30
3676.30
3676.30
3676.30
2429.49
2429.49
2429.49
2429.49
2429.49
2429.49
2429.49
2429.49
2429.49
2429.49
2429.49
2429.49
2429.49
1457.05
1457.05
1457.05
2266.37
2266.37
2266.37
2356.24
2356.24
2356.24
3106.62
3106.62
3468.19
3468.19
3918.22
3918.22
3597.49
3597.49
3597.49
3615.98
3615.98
3930.18
3930.18
3930.18
3930.18
3930.18
3930.18
3359.73
3359.73
3359.73
3359.73
3719.82
3719.82
3719.82
3719.82
3719.82
3506.06
3506.06
3506.06
3506.06
3506.06
3497.35
3497.35
3497.35
3497.35
3497.35
3497.35
3497.35
3497.35
3497.35
3497.35
3497.35
3497.35
1435.72
1435.72
1435.72
1786.95
