# 1Hz Kbps trace generated by import_real_world_traces.py
919.93
919.23
924.67
924.67
924.50
920.15
920.15
924.35
924.35
924.35
907.99
907.99
907.99
907.99
907.99
907.99
907.99
907.99
907.99
907.99
848.39
874.95
874.95
879.72
879.72
879.72
906.56
906.56
906.56
906.56
904.57
904.57
904.57
895.63
895.63
895.63
895.63
895.63
895.63
895.63
895.63
895.63
895.63
863.35
863.35
863.35
909.74
909.74
909.74
909.74
909.74
909.74
909.74
909.74
909.74
906.29
935.67
932.61
932.61
930.43
930.43
930.43
902.16
902.16
902.16
902.16
902.44
902.44
902.44
907.82
907.82
907.82
907.82
907.82
907.82
904.85
904.85
904.85
904.85
904.85
904.85
904.85
904.85
904.24
904.24
904.24
904.24
904.24
904.24
904.24
904.24
903.28
903.28
890.46
854.50
854.50
864.18
858.13
858.13
858.13
858.13
876.39
876.39
876.39
910.05
910.05
910.05
910.05
887.63
887.63
887.63
887.63
887.63
887.63
887.63
887.63
881.87
881.87
881.87
881.87
881.87
881.87
881.87
881.87
881.87
881.87
898.24
930.37
930.37
935.17
941.75
942.15
942.15
942.15
942.15
913.01
913.01
913.01
900.44
900.44
900.44
900.44
900.44
900.44
900.44
900.44
854.50
854.50
854.50
854.50
854.50
854.50
854.50
854.50
854.50
854.50
870.49
870.49
870.49
870.49
870.49
870.49
870.49
870.49
892.05
892.05
915.34
917.09
917.09
922.56
922.56
922.56
910.42
910.42
910.42
897.13
897.13
902.44
