# 1Hz Kbps trace generated by import_real_world_traces.py
966.38
973.14
972.07
972.07
937.75
879.31
879.31
826.09
819.21
819.21
850.64
850.64
850.64
850.64
850.64
850.64
850.64
850.64
885.60
885.60
885.60
885.60
885.60
885.60
885.60
885.60
885.60
885.60
885.60
885.60
885.60
885.60
885.60
493.83
493.83
493.83
411.73
411.73
411.73
411.73
318.18
318.18
318.18
318.18
318.15
318.15
318.15
462.06
462.06
638.05
638.05
627.27
627.27
627.27
627.27
627.27
597.53
597.53
597.53
597.53
368.93
368.93
368.93
367.01
367.01
367.01
437.35
437.35
437.35
512.54
512.54
512.54
538.84
538.84
612.52
612.52
622.16
622.16
640.85
640.85
640.85
640.85
640.85
640.85
640.85
640.85
640.85
839.02
839.02
839.02
839.02
839.02
839.02
839.02
839.02
839.02
839.02
815.14
815.07
815.07
806.85
806.85
814.37
814.37
810.40
810.40
810.40
810.40
801.24
801.24
801.24
801.24
801.24
801.24
801.24
801.24
801.24
801.24
801.24
612.76
612.76
612.76
598.70
598.70
669.76
669.76
764.22
765.73
765.73
765.73
765.73
765.73
666.33
666.33
666.33
666.33
695.29
695.29
695.29
695.29
695.29
734.88
734.88
734.88
734.88
734.88
830.78
830.78
830.78
830.78
830.78
830.78
830.78
830.78
830.78
830.78
830.78
830.78
693.74
693.74
818.66
918.39
1348.34
1348.34
1348.34
1339.47
1339.47
1376.52
1376.52
1376.52
1376.52
1376.52
1376.52
1376.52
918.84
918.84
918.84
918.84
918.84
918.84
918.84
918.84
624.86
