# 1Hz Kbps trace generated by import_real_world_traces.py
1671.20
1671.20
1671.20
1572.60
1572.60
2772.98
2772.98
2772.98
3407.69
3407.69
3407.69
3407.69
1679.37
1679.37
3934.88
3934.88
3934.88
3934.88
2058.70
2058.70
2058.70
2058.70
1485.45
1485.45
1485.45
2813.05
2813.05
2813.05
2813.05
2074.08
2074.08
2074.08
2074.08
1730.18
1730.18
1730.18
1730.18
2074.15
2074.15
2074.15
2512.62
2512.62
2512.62
2516.48
2516.48
2516.48
2514.59
2514.59
2514.59
2578.72
2578.72
2578.72
2561.72
2561.72
2561.72
2561.72
2561.72
1597.59
1597.59
1597.59
1597.59
1597.59
1712.64
1712.64
1712.64
2467.25
2467.25
3508.65
3508.65
5579.40
5579.40
5579.40
5579.40
4176.91
4176.91
4176.91
4176.91
4192.26
4192.26
4192.26
4192.26
4192.26
4192.26
2605.89
2605.89
2605.89
2605.89
2605.89
2605.89
2605.89
2605.89
2499.96
2499.96
2499.96
2499.96
2499.96
3346.00
3346.00
3346.00
3346.00
3346.00
3342.52
3342.52
3342.52
3342.52
3342.52
3342.52
3218.05
3218.05
3218.05
4546.95
4546.95
4546.95
4546.95
4588.20
4588.20
4588.20
5923.82
5923.82
5923.82
5923.82
4789.03
4789.03
4789.03
4789.03
4862.34
4862.34
4862.34
5414.01
5414.01
5414.01
5414.01
5321.64
5321.64
5321.64
5252.14
5252.14
5252.14
5826.27
5826.27
5826.27
5826.27
4489.79
4489.79
4489.79
4489.79
4489.79
4489.79
4489.79
4489.79
2249.66
2249.66
2249.66
2249.66
2249.66
2249.66
2249.66
2249.66
2060.67
2060.67
2060.67
2332.25
2332.25
5381.06
7551.13
7551.13
3778.99
3778.99
3778.99
2531.75
5378.05
5378.05
6199.60
