# 1Hz Kbps trace generated by import_real_world_traces.py
3829.41
3787.44
3781.01
3781.01
3729.65
3729.65
2707.42
2707.42
3086.76
3086.76
3772.30
3772.30
3772.30
3772.30
3772.30
3269.14
3269.14
3269.14
3269.14
4625.16
4625.16
4625.16
4625.16
4625.16
3860.61
3860.61
3860.61
4964.47
4964.47
4964.47
5623.83
5623.83
5623.83
5623.83
5526.11
5526.11
5526.11
4888.24
4888.24
4888.24
4888.24
4883.68
4883.68
4883.68
4883.68
4883.68
4883.68
4883.68
4883.68
4883.68
2059.30
2059.30
2059.30
2059.30
2059.30
3073.90
3073.90
3073.90
3073.90
3073.90
3793.68
3793.68
3793.68
3793.68
3793.68
3517.60
3517.60
3517.60
3517.60
3517.60
3712.90
3712.90
3712.90
3712.90
3633.50
3633.50
3633.50
3633.50
4617.32
4617.32
4617.32
4617.32
4476.49
4476.49
4476.49
4476.49
4199.31
4199.31
4199.31
4199.31
4199.31
4201.01
4201.01
4201.01
4201.01
4303.77
4303.77
4303.77
4303.77
4348.51
4348.51
4348.51
4348.51
4345.27
4345.27
4345.27
4345.27
4635.37
4635.37
4635.37
4635.47
4635.47
4635.47
4635.47
4546.92
4546.92
4546.92
4546.92
4393.13
4393.13
4393.13
4393.13
4391.28
4391.28
4391.28
4391.28
4391.28
4932.49
4932.49
4932.49
5133.67
5133.67
5133.67
5100.71
5100.71
5100.71
5100.71
4608.30
4608.30
4608.30
4608.30
4612.53
4612.53
4612.53
4612.53
3806.86
3806.86
3806.86
3806.86
3806.86
3361.48
3361.48
3361.48
3361.48
3361.48
3361.48
3362.17
3362.17
3362.17
3362.17
4007.42
4007.42
4007.42
4007.42
4238.97
4238.97
4238.97
4238.97
4238.97
4257.35
4257.35
4257.35
4257.35
4284.16
4284.16
4284.16
4551.53
4551.53
4551.53
4551.53
4878.35
4878.35
4884.70
