# 1Hz Kbps trace generated by import_real_world_traces.py
6258.13
6220.60
6220.60
6220.60
6179.33
6179.33
6179.33
6181.06
6181.06
6181.06
4840.24
4840.24
4840.24
6311.19
6311.19
6311.19
7484.64
7484.64
7484.64
6285.26
6285.26
6285.26
5449.13
5449.13
5449.13
4849.95
4849.95
4849.95
4849.95
5993.80
5993.80
5993.80
5324.07
5324.07
5324.07
5324.07
4667.79
4667.79
4667.79
5623.73
5623.73
5623.73
5251.58
5251.58
5251.58
5251.58
4123.15
4123.15
4123.15
4123.15
4306.86
4306.86
4306.86
4306.86
4428.60
4428.60
4428.60
4428.60
5074.06
5074.06
5074.06
5074.06
4989.04
4989.04
4989.04
4989.04
3862.65
3862.65
3862.65
3862.65
4138.85
4138.85
4138.85
4138.85
4332.42
4332.42
4332.42
4332.42
4332.42
3604.85
3604.85
3604.85
3604.85
3604.85
3604.85
3611.89
3611.89
3611.89
3611.89
3881.03
3881.03
3881.03
4610.40
4610.40
4610.40
4610.40
5786.47
5786.47
5786.47
5786.47
3706.54
3706.54
3706.54
3706.54
3706.54
3737.83
3737.83
3737.83
3737.83
4168.51
4168.51
4168.51
4168.51
4168.51
4076.22
4076.22
4076.22
4076.22
4076.22
4030.19
4030.19
4030.19
4900.45
4900.45
4900.45
5020.68
5020.68
5020.68
5020.68
5310.58
5310.58
5310.58
4676.98
4676.98
4676.98
4676.98
4676.98
3600.87
3600.87
3600.87
3600.87
3600.87
4113.13
4113.13
4113.13
4113.13
4442.44
4442.44
4442.44
4442.44
3922.23
3922.23
3922.23
3922.23
3922.23
3892.31
3892.31
3892.31
3892.31
4107.18
4107.18
4107.18
4107.18
3955.99
3955.99
3955.99
3955.99
3955.99
3810.81
3810.81
3810.81
3810.81
3669.67
3669.67
3669.67
3669.67
3523.58
