# 1Hz Kbps trace generated by import_real_world_traces.py
2523.42
2531.35
2478.80
2488.65
2488.65
2488.65
2488.65
1768.34
1768.34
1768.34
2645.77
2645.77
2645.77
2543.90
2543.90
2543.90
2194.49
2194.49
2194.49
2194.49
2229.00
2229.00
4088.39
4088.39
4088.39
2656.32
2656.32
2656.32
2442.70
2442.70
2442.70
2440.87
2440.87
3363.89
3363.89
3363.89
3531.98
6221.72
6221.72
6221.72
6221.72
6221.72
6221.72
2766.30
2766.30
2766.30
2766.30
2766.30
2766.30
2766.30
2674.77
2674.77
2674.77
2674.77
2674.77
3280.82
3280.82
3280.82
3280.82
3280.82
3300.60
3300.60
3300.60
5638.52
5638.52
7774.30
7774.30
7774.30
7774.30
7774.30
7774.30
3325.73
3325.73
3325.73
3325.73
3325.73
3325.73
2623.23
2623.23
2623.23
2623.23
2623.23
2623.23
2623.23
2623.23
2623.23
2089.82
2089.82
2089.82
2089.82
2089.82
2089.82
2089.82
2655.86
2655.86
2655.86
2655.86
2655.86
2953.27
2953.27
2953.27
2953.27
2953.27
2953.27
3150.72
3150.72
3150.72
3150.72
3150.72
3229.46
3229.46
3229.46
3229.46
3229.46
3447.30
3447.30
3404.20
3404.20
3404.20
3108.21
3108.21
2883.83
2883.83
2883.83
2872.10
2872.10
2876.78
2876.78
3157.39
3157.39
3577.27
3577.27
3577.27
3572.15
3572.15
3177.39
3177.39
3177.39
2998.95
2998.95
2998.19
2998.19
2998.19
2751.28
2751.28
2751.28
2751.28
2751.28
2751.28
2841.81
2841.81
2841.81
2841.81
2841.81
3515.22
3515.22
3515.22
3515.22
3515.22
3515.22
3380.11
3380.11
3380.11
3380.11
3291.19
3291.19
3291.19
3291.19
3291.19
3291.19
3045.42
3045.42
3045.42
3045.42
2993.02
