# 1Hz Kbps trace generated by import_real_world_traces.py
3662.26
3602.87
3606.23
3606.23
3586.16
3586.16
3587.97
3587.97
3587.97
3018.11
3018.11
3018.11
3018.11
3018.11
3018.11
3018.11
2562.53
2562.53
2562.53
2562.53
2562.53
2562.53
2626.55
2626.55
2626.55
2626.55
2626.55
2626.55
2626.55
2626.55
2626.55
2066.09
2066.09
2066.09
2066.09
2066.09
2066.09
1976.85
1976.85
1976.85
2876.87
2876.87
3654.31
3654.31
3986.08
4992.58
6493.36
6493.36
6493.36
6468.82
6468.82
6468.82
6468.82
4666.62
4666.62
4666.62
4666.62
4666.62
3097.08
3097.08
3097.08
3097.08
3097.08
3097.08
3097.08
2551.31
2551.31
2551.31
2551.31
2551.31
2551.31
2551.31
2551.31
2551.31
2010.13
2010.13
2010.13
2010.13
2010.13
2010.13
2127.16
2127.16
2127.16
2312.63
2312.63
2312.63
2312.63
1865.92
1865.92
1865.92
1865.92
1649.40
1649.40
3841.57
3841.57
3841.57
2359.23
2359.23
2359.23
2806.49
2806.49
4134.79
4134.79
3527.22
3527.22
3527.22
3015.65
3015.65
3015.65
2782.12
2782.12
2782.12
2777.54
2777.54
2777.54
2776.88
2776.88
2778.34
2778.34
2778.34
2778.34
4843.35
4843.35
4843.35
6240.37
6240.37
6240.37
4534.12
4534.12
4534.12
4534.12
4534.12
3853.00
3853.00
3853.00
3853.00
3853.00
3853.00
2915.80
2915.80
2915.80
2915.80
2915.80
2915.80
2915.68
2915.68
2915.68
2915.68
2915.68
3148.26
3148.26
3148.26
3148.26
3148.26
3148.26
3148.26
3148.26
2449.68
2449.68
2449.68
2449.68
2449.68
2449.68
2449.68
2380.23
2380.23
2380.23
2380.23
2380.23
2380.23
3156.31
3156.31
3156.31
3156.31
3156.31
2826.87
2826.87
2826.87
2792.15
2792.15
2309.93
