# 1Hz Kbps trace generated by import_real_world_traces.py
4373.55
4373.55
3915.16
3915.16
3915.16
3915.16
1915.44
1915.44
1915.44
1915.44
1804.18
1804.18
1804.18
1804.18
2099.14
2099.14
2099.14
2196.19
2196.19
2196.19
2196.19
2231.09
2231.09
2231.09
2149.06
2149.06
2149.06
2149.06
2155.55
2155.55
2155.55
2173.36
2173.36
2173.36
2173.36
2173.36
1525.03
1525.03
1525.03
1525.03
1525.03
1525.03
1458.00
1458.00
1458.00
1458.00
1892.61
1892.61
1892.61
1892.61
1937.40
1937.40
1937.40
2131.64
2131.64
2131.64
2131.64
1962.26
1962.26
1962.26
1962.26
1904.02
1904.02
1904.02
1904.02
1836.49
1836.49
1836.49
1836.49
1981.34
1981.34
1981.34
1981.34
2252.90
2252.90
2252.90
2209.47
2209.47
2209.47
2209.47
2168.50
2168.50
2168.50
1987.22
1987.22
1987.22
1987.22
1833.88
1833.88
1833.88
1833.88
1833.88
1851.82
1851.82
1851.82
2107.57
2107.57
2107.57
2107.57
2122.85
2122.85
2122.85
2122.85
2141.11
2141.11
2141.11
2138.79
2138.79
2138.79
2138.79
2144.24
2144.24
2144.24
2144.24
1531.91
1531.91
1531.91
1531.91
1531.91
1531.91
1507.85
1507.85
1507.85
1507.85
1507.85
1507.85
1507.85
1270.26
1270.26
1270.26
1270.26
1270.26
1531.44
1531.44
1531.44
1531.44
1373.13
1373.13
1373.13
1373.13
2044.30
2044.30
2044.30
2132.39
2132.39
2132.39
2132.39
2054.25
2054.25
2054.25
2118.32
2118.32
2118.32
2118.32
2153.37
2153.37
2153.37
2162.23
2162.23
2162.23
2161.98
2161.98
2161.98
2161.98
2152.02
2152.02
2152.02
2152.02
2143.66
2143.66
2143.66
2147.28
2147.28
2147.28
2144.07
2144.07
2144.07
2154.14
