# 1Hz Kbps trace generated by import_real_world_traces.py
1617.58
1621.53
2581.91
2581.91
2581.91
2765.85
2765.85
3824.77
3824.77
3913.24
3913.24
4105.09
4105.09
4105.09
4105.09
4663.69
4663.69
4663.69
5846.73
5846.73
5846.73
5159.39
5159.39
5159.39
5159.39
5159.39
3885.62
3885.62
3885.62
3885.62
3885.62
3885.62
2955.51
2955.51
2955.51
2955.51
2955.51
2955.51
2491.57
2491.57
2491.57
2491.57
2491.57
2491.57
2491.57
2428.41
2428.41
2428.41
2428.41
2428.41
2428.41
2428.41
2428.41
2428.41
2428.41
1988.01
1988.01
1988.01
1988.01
1562.45
1562.45
1562.45
1562.45
2397.35
2397.35
2397.35
2038.07
2038.07
2038.07
2038.07
2021.78
2021.78
2021.78
2021.78
2035.65
2035.65
2035.65
2035.65
1951.17
1951.17
1951.17
1951.17
1995.26
1995.26
1995.26
2298.82
2298.82
2298.82
2549.24
2549.24
3468.70
3468.70
3634.26
3634.26
3371.92
3371.92
3371.92
3220.50
3220.50
3108.29
3108.29
3108.29
2520.01
2520.01
2520.01
3438.80
3438.80
3438.80
3438.80
3741.89
3741.89
3741.89
3741.89
4806.64
4806.64
4806.64
4806.64
4291.11
4291.11
4291.11
4291.11
4291.11
3238.09
3238.09
3238.09
3238.09
3238.09
3238.09
2866.63
2866.63
2866.63
2866.63
2866.63
2866.63
2866.63
2480.88
2480.88
2480.88
2480.88
2480.88
2480.88
2480.88
2632.07
2632.07
2632.07
2632.07
4586.17
4586.17
4586.17
4586.17
4586.17
4586.17
3183.93
3183.93
3183.93
3183.93
3183.93
3183.93
3183.93
3183.93
2046.46
2046.46
2046.46
2387.92
2387.92
2387.92
2591.00
2591.00
2591.00
2591.00
2549.16
2549.16
2549.16
2212.33
2212.33
2212.33
2168.79
2168.79
2256.62
