# 1Hz Kbps trace generated by import_real_world_traces.py
2841.33
2851.96
2851.96
2781.15
2781.15
2907.65
2907.65
2907.65
2907.65
1774.22
1774.22
1774.22
1774.22
2214.54
2214.54
2214.54
2756.63
2756.63
2756.63
2650.87
2650.87
2650.87
2803.34
2803.34
2858.03
2858.03
2858.03
2648.53
2648.53
2648.53
2985.82
2985.82
3134.50
3134.50
3134.50
3134.50
3134.50
3134.50
3133.16
3133.16
3133.16
3133.16
3133.16
3133.16
3228.89
3228.89
3228.89
3228.89
3228.89
3123.43
3123.43
3123.43
3123.43
3123.43
3123.43
3023.45
3023.45
3023.45
3023.45
3023.45
3023.45
3023.45
2584.46
2584.46
2584.46
2584.46
2584.46
2584.46
2592.66
2592.66
2592.66
2751.84
2751.84
2751.84
2751.84
2751.84
1711.05
1711.05
1711.05
1711.05
1711.05
1711.05
1228.21
1228.21
1228.21
1228.21
1228.21
1228.21
1264.31
1264.31
1264.31
2476.92
2476.92
2476.92
2788.21
2788.21
3179.02
3179.02
3179.02
2756.78
2756.78
2756.78
2246.47
2246.47
2246.47
2246.47
2246.47
1459.36
1459.36
1459.36
1459.36
1459.36
1459.36
1496.89
1496.89
2815.31
2815.31
2815.31
2947.56
2947.56
2947.56
2984.89
2984.89
2984.89
2790.66
2790.66
2857.27
2857.27
2857.27
2976.10
2976.10
2725.65
2725.65
2725.65
2718.01
2718.01
2718.01
2716.61
2716.61
2716.61
2901.64
2901.64
2901.64
2901.64
2901.64
3159.39
3159.39
3159.39
3159.39
3159.39
3159.39
3199.86
3199.86
3199.86
3199.86
3199.86
3230.02
3230.02
3230.02
3230.02
3230.02
3230.02
2981.43
2981.43
2981.43
2981.43
2981.43
2981.43
2983.86
2983.86
2983.86
2983.86
2983.86
3051.88
3051.88
3051.88
3051.88
3024.59
