# 1Hz Kbps trace generated by import_real_world_traces.py
1157.97
1170.87
1169.13
1168.66
1159.16
1167.99
1162.43
1162.43
1162.43
1162.43
1162.43
1162.43
1162.43
1162.43
1106.55
1106.55
1106.55
1106.55
1106.55
1106.55
1120.12
1120.12
1120.12
1120.12
1120.12
1120.12
1120.12
1111.28
1111.28
1111.28
1111.28
1111.28
1111.28
1111.28
1113.53
1113.53
1113.53
1113.53
1113.53
1113.53
1113.53
1098.88
1101.94
1101.94
1088.05
1108.22
1108.22
1102.64
1102.64
1133.34
1133.34
1117.07
1117.07
1117.07
1117.07
1117.07
1117.07
1117.07
1117.07
1098.67
1098.67
1098.67
1098.67
1098.67
1098.67
1101.02
1101.02
1101.02
1101.02
1101.02
1101.02
1101.02
1099.05
1099.05
1099.05
1099.05
1099.05
1099.05
1099.05
1092.79
1130.53
1130.53
1149.51
1137.63
1137.63
1109.02
1109.02
1109.02
1109.02
1086.87
1086.87
1086.87
1086.87
1086.87
1062.09
1062.09
1062.09
1062.09
1062.09
1062.09
1062.09
1062.09
1032.56
1032.56
1032.56
1032.56
1032.56
1032.56
1032.56
1116.33
1116.33
1100.85
1102.28
1102.54
1102.54
1102.54
1087.84
1087.84
1087.84
1087.84
1087.84
1084.03
1084.03
1084.03
1084.03
1084.03
1084.03
1084.03
1084.03
1089.69
1089.69
1089.69
1089.69
1089.69
1092.08
1092.08
1092.08
1092.08
1092.08
1092.08
1092.08
1085.07
1085.07
1085.07
1104.20
1102.88
1102.88
1102.88
1104.77
1104.77
1104.77
1092.34
1092.34
1092.34
1087.99
1087.99
1087.99
1087.99
1087.99
1082.46
1082.46
1082.46
1082.46
1082.46
1082.46
1082.46
1075.11
1075.11
1075.11
1075.11
1075.11
1075.11
1075.11
1108.89
1108.89
1108.89
1130.36
1142.78
1142.78
1131.91
