# 1Hz Kbps trace generated by import_real_world_traces.py
1664.52
1664.96
1671.31
1671.31
1642.96
1683.85
1661.73
1661.73
1661.73
2342.32
2342.32
2342.32
2179.76
2179.76
2179.76
2179.76
2038.22
2038.22
2038.22
2038.22
1886.71
1886.71
1886.71
1886.71
1886.71
1886.71
1267.17
1267.17
1267.17
1267.17
1267.17
1267.17
1389.11
1389.11
1389.11
1389.11
1837.28
1837.28
1837.28
1837.28
2096.67
2096.67
2096.67
2096.67
1592.02
1592.02
1592.02
1592.02
1592.02
1592.02
1423.97
1423.97
1423.97
1423.97
1926.51
1926.51
1926.51
1926.51
1893.07
1893.07
1893.07
1893.07
1942.70
1942.70
1942.70
1942.70
1841.21
1841.21
1841.21
1841.21
1841.21
1528.98
1528.98
1528.98
1528.98
1528.98
1528.36
1528.36
1528.36
1528.36
1528.36
1573.67
1573.67
1573.67
1573.67
1639.02
1639.02
1639.02
1639.02
2164.72
2164.72
2164.72
2164.72
2384.49
2384.49
2384.49
1936.65
1936.65
1936.65
1936.65
1736.36
1736.36
1736.36
1736.36
1736.36
1601.33
1601.33
1601.33
1601.33
1937.19
1937.19
1937.19
1937.19
1936.99
1936.99
1936.99
1936.99
1966.26
1966.26
1966.26
1966.26
1937.46
1937.46
1937.46
1937.46
1937.46
1852.50
1852.50
1852.50
1852.50
1852.50
1429.67
1429.67
1429.67
1429.67
1429.67
1429.67
1083.56
1083.56
1273.12
5404.67
4986.35
4986.35
4986.35
4986.35
4986.35
1600.09
1600.09
1600.09
1600.09
1600.09
1600.09
1349.13
1349.13
1349.13
1349.13
1349.13
1431.75
1431.75
1431.75
1431.75
1431.75
1431.75
1431.75
1431.75
1431.75
910.89
910.89
781.86
938.10
2902.52
2836.18
2828.91
