# 1Hz Kbps trace generated by import_real_world_traces.py
2976.83
2976.83
2921.53
2921.53
2912.34
2912.34
2912.34
2859.64
2859.64
2858.77
2858.77
2858.77
2853.65
2853.65
2853.65
2813.47
2813.47
2813.47
2302.71
2302.71
2302.71
3246.35
3246.35
3250.41
3250.41
3250.41
2535.93
2535.93
2535.93
2535.93
2535.93
1919.80
1919.80
2931.78
2931.78
2931.78
2730.26
2730.26
2730.26
2735.62
2735.62
2735.62
2735.62
2735.62
2735.62
2709.88
2709.88
2709.88
2709.88
2709.88
2709.88
2899.59
2899.59
2899.59
2899.59
3924.89
3924.89
3924.89
3924.89
3924.89
4157.50
4157.50
4157.50
4157.50
4444.04
4444.04
4444.04
4444.04
4444.04
3515.74
3515.74
3515.74
3515.74
3574.34
3574.34
3574.34
3574.34
3574.34
3807.25
3807.25
3807.25
3807.25
4258.37
4258.37
4258.37
4258.37
4258.37
3997.64
3997.64
3997.64
3997.64
4502.39
4502.39
4502.39
4502.39
4236.40
4236.40
4236.40
4236.40
4165.81
4165.81
4165.81
4165.81
4548.17
4548.17
4548.17
4548.17
4673.05
4673.05
4673.05
4654.43
4654.43
4654.43
4654.43
4654.43
4564.39
4564.39
4564.39
4564.39
4791.67
4791.67
4791.67
4658.22
4658.22
4658.22
4658.22
4158.75
4158.75
4158.75
4158.75
4158.75
4158.75
4158.75
2460.22
2460.22
2460.22
2460.22
2460.22
2460.22
2460.22
2460.22
2195.34
2195.34
2195.34
2195.34
2195.34
2195.34
2195.34
2499.48
2499.48
2499.48
2499.48
3217.05
3217.05
3423.82
3423.82
3423.82
2460.96
2460.96
2460.96
3512.97
3512.97
3511.19
3511.19
3597.30
3597.30
3925.48
3925.48
3920.65
3920.65
3920.65
3985.15
