# 1Hz Kbps trace generated by import_real_world_traces.py
3359.62
3296.16
3299.09
3299.09
3291.46
3291.46
3291.46
3389.85
3389.85
3447.34
3447.34
3447.34
3447.34
3447.34
3366.17
3366.17
3366.17
3366.17
3366.17
3538.66
3538.66
3538.66
3538.66
3538.66
3697.25
3697.25
3697.25
3697.25
3697.25
3337.89
3337.89
3337.89
3337.89
3337.89
3337.89
2922.57
2922.57
2922.57
2922.57
2922.57
2922.57
2922.30
2922.30
2922.30
2927.86
2927.86
3417.57
3417.57
3429.53
3429.53
3429.53
3429.53
3429.53
3429.53
2949.53
2949.53
2949.53
2949.53
2949.53
2949.53
2949.66
2949.66
3114.22
3114.22
3114.22
3113.41
3113.41
3120.40
3120.40
3120.40
3112.62
3112.62
3119.27
3119.27
3597.30
3597.30
3597.30
3597.30
3597.30
3713.75
3713.75
3713.75
3713.75
3713.75
3713.75
3625.56
3625.56
3625.56
3625.56
3595.35
3595.35
3595.35
3595.35
3595.35
3418.80
3418.80
3418.80
3418.80
3418.80
3639.50
3639.50
3639.50
3639.50
3639.50
3487.84
3487.84
3487.84
3487.84
3487.84
3433.13
3433.13
3433.13
3433.13
3433.13
3549.02
3549.02
3549.02
3549.02
3549.02
3550.87
3550.87
3550.87
3550.87
3550.87
3550.87
3642.92
3642.92
3642.92
3642.92
3634.58
3634.58
3634.58
3634.58
3634.58
3571.69
3571.69
3571.69
3571.69
3571.69
3263.01
3263.01
3263.01
3263.01
3263.01
3263.01
3084.74
3084.74
3681.81
3663.35
3663.35
3606.00
3606.00
3606.00
3610.00
3610.00
3612.32
3612.32
3669.03
3669.03
3548.56
3548.56
3479.50
3479.50
3479.50
3479.50
3479.50
3439.08
3439.08
3439.08
3439.08
3104.00
