# 1Hz Kbps trace generated by import_real_world_traces.py
4386.22
4371.49
4369.77
4369.77
4354.99
4341.78
4341.78
4341.78
4341.78
4345.49
4345.49
4345.49
4345.49
4345.49
4345.49
3499.12
3499.12
3499.12
3499.12
3499.12
3027.76
3027.76
3027.76
3027.76
3027.76
3027.76
2960.36
2960.36
2960.36
2960.36
2960.36
2960.36
2838.89
2838.89
2838.89
2838.89
2838.89
2838.89
2785.63
2785.63
2785.63
3561.26
3561.26
3617.64
3617.64
3496.30
3496.30
3496.30
2888.29
2888.29
2888.29
2885.67
2885.67
3052.87
3052.87
5178.02
5178.02
5178.02
4767.57
4767.57
4767.57
4767.57
4174.52
4174.52
4174.52
4174.52
4544.96
4544.96
4544.96
4544.96
4438.57
4438.57
4438.57
4438.57
4438.57
3944.19
3944.19
3944.19
3944.19
3944.19
3348.20
3348.20
3348.20
3348.20
3348.20
3348.20
2988.79
2988.79
2988.79
2988.79
2988.79
3796.49
3796.49
3796.49
3796.49
3894.44
3894.44
3894.44
3894.44
3894.44
3665.36
3665.36
3665.36
3665.36
3665.36
3380.81
3380.81
3380.81
3380.81
3380.81
3541.17
3541.17
3541.17
3541.17
3778.93
3778.93
3778.93
3778.93
3778.93
3748.63
3748.63
3748.63
3748.63
3748.63
4102.73
4102.73
4102.73
5621.89
5621.89
5621.89
5904.16
5904.16
5904.16
5994.63
5994.63
6798.47
6798.47
6798.47
6538.09
6538.09
6538.09
6538.09
4568.64
4568.64
4568.64
4568.64
4883.59
4883.59
4883.59
5227.81
5227.81
5227.81
5227.81
4418.38
4418.38
4418.38
4418.38
4172.22
4172.22
4172.22
4172.22
4381.34
4381.34
4381.34
4381.34
4902.36
4902.36
4902.36
6064.60
6064.60
6064.60
5928.51
5928.51
5848.68
