# 1Hz Kbps trace generated by import_real_world_traces.py
3233.58
3182.98
3181.15
3181.15
3181.15
3172.51
3172.51
3172.51
2343.62
2343.62
4600.81
4600.81
6494.37
6494.37
6494.37
6494.37
6494.37
6494.37
6494.37
2712.35
2712.35
2712.35
2712.35
2712.35
2712.35
2976.41
2976.41
2976.41
4893.69
4893.69
4893.69
4893.69
5263.76
5263.76
5263.76
4931.73
4931.73
4931.73
4931.73
4559.02
4559.02
4559.02
4559.02
4553.11
4553.11
4553.11
4553.11
4549.80
4549.80
4549.80
4549.80
4710.15
4710.15
4710.15
5432.97
5432.97
5432.97
5435.99
5435.99
5435.99
5435.99
5435.99
5435.99
2879.00
2879.00
2879.00
2879.00
2879.00
2879.00
2761.14
2761.14
2761.14
2761.14
4771.02
4771.02
4771.02
7532.29
7532.29
7097.09
7097.09
7097.09
6203.26
6203.26
6203.26
6022.85
6022.85
6022.85
6022.85
4092.45
4092.45
4092.45
4092.45
4092.45
3984.35
3984.35
3984.35
3984.35
3839.68
3839.68
3839.68
3839.68
3839.68
3760.13
3760.13
3760.13
3760.13
3981.19
3981.19
3981.19
3981.19
4415.26
4415.26
4415.26
4415.26
4564.39
4564.39
4564.39
4564.39
5521.02
5521.02
5521.02
5525.64
5525.64
5525.64
5648.49
5648.49
5648.49
5664.27
5664.27
5664.27
5255.84
5255.84
5255.84
5255.84
4815.98
4815.98
4815.98
4815.98
4494.52
4494.52
4494.52
4494.52
4494.52
3578.33
3578.33
3578.33
3578.33
3577.54
3577.54
3577.54
3577.54
6096.43
6096.43
6096.43
6101.79
6101.79
6101.79
5574.46
5574.46
5574.46
5462.79
5462.79
5462.79
5918.33
5918.33
6770.52
