# 1Hz Kbps trace generated by import_real_world_traces.py
3145.55
3104.53
3102.27
3111.99
3111.99
3091.40
3091.40
3091.40
3090.49
3090.49
3090.49
3112.21
3112.21
3064.99
3064.99
3056.48
3056.48
3056.48
3046.41
3046.41
3046.41
3046.41
3046.41
3073.20
3073.20
3073.20
3073.20
3073.20
3073.20
3039.67
3039.67
3039.67
3039.67
3039.67
3039.67
3039.67
2960.80
2960.80
2960.80
2960.80
2960.80
2996.49
2996.49
2996.49
2996.49
2996.49
2996.49
3077.17
3077.17
3077.17
3077.17
3077.17
3077.17
3106.24
3106.24
3106.24
3106.24
3106.24
3063.04
3063.04
3063.04
3063.04
3063.04
3063.04
3072.61
3072.61
3072.61
3055.00
3055.00
3191.42
3191.42
3185.43
3185.43
3185.43
3193.49
3193.49
3188.96
3188.96
3188.96
3087.15
3087.15
3022.30
3022.30
3022.30
2993.67
2993.67
3155.87
3155.87
3155.87
3155.87
3155.87
3155.87
3078.59
3078.59
3078.59
3078.59
3078.59
3078.59
3004.71
3004.71
3004.71
3004.71
3004.71
3009.71
3009.71
3009.71
3009.71
3009.71
3009.71
3025.14
3025.14
3025.14
3025.14
3025.14
3025.14
3058.56
3058.56
3058.56
2890.97
2890.97
2890.97
2958.00
2958.00
3123.05
3123.05
3101.97
3101.97
3101.97
3051.08
3051.08
3049.21
3049.21
3049.21
3121.43
3121.43
3128.75
3128.75
3128.75
3128.75
3128.75
3128.75
3061.77
3061.77
3061.77
3061.77
3061.77
3061.77
3065.26
3065.26
3065.26
3065.26
3065.26
3065.26
3025.88
3025.88
3025.88
3025.88
3025.88
3045.98
3045.98
3045.98
3045.98
3045.98
3045.98
3157.42
3157.42
3157.42
3157.42
3157.42
3058.31
3058.31
3058.31
3058.31
3058.31
3058.31
3081.89
3081.89
3081.89
3081.89
3084.79
