# 1Hz Kbps trace generated by import_real_world_traces.py
4159.06
4101.69
4101.69
4101.69
4089.23
4084.43
4084.43
4084.43
4084.43
5002.98
5002.98
5002.98
4926.43
4926.43
4926.43
4926.43
4663.57
4663.57
4663.57
4663.57
4571.55
4571.55
4571.55
4571.55
4325.42
4325.42
4325.42
4325.42
4479.26
4479.26
4479.26
4479.26
4442.25
4442.25
4442.25
4442.25
4442.25
3644.25
3644.25
3644.25
3644.25
3885.49
3885.49
3885.49
3885.49
3885.49
3594.96
3594.96
3594.96
3594.96
4550.93
4550.93
4550.93
4550.93
5032.41
5032.41
5032.41
5032.41
4159.64
4159.64
4159.64
4159.64
4159.64
4159.64
2894.45
2894.45
2894.45
5520.36
5520.36
5520.36
5520.36
4491.04
4491.04
4491.04
4491.04
4491.04
4491.04
4491.04
2632.90
2632.90
2632.90
2632.90
2632.90
2632.90
2632.90
2632.90
2632.90
1844.83
1844.83
4481.48
4910.22
4910.22
4683.41
4574.34
4574.34
4482.94
4482.94
4482.94
4482.94
4482.94
4126.10
4126.10
4126.10
4686.87
4686.87
4686.87
4686.87
4585.75
4585.75
4585.75
4585.75
4585.75
3981.06
3981.06
3981.06
3981.06
4270.33
4270.33
4270.33
4270.33
4270.33
4323.72
4323.72
4323.72
4686.23
4686.23
4686.23
4686.23
4610.70
4610.70
4610.70
4610.70
3943.92
3943.92
3943.92
3943.92
3878.88
3878.88
3878.88
3878.88
3878.88
3936.03
3936.03
3936.03
4990.51
4990.51
4990.51
4990.51
4990.51
3995.56
3995.56
3995.56
3995.56
4482.55
4482.55
4482.55
4482.55
4242.01
4242.01
4242.01
4242.01
4242.01
4242.01
4242.01
2626.23
2626.23
2626.23
2626.23
4183.44
4183.44
4183.44
4183.44
4183.44
4183.44
4183.44
4183.44
4183.44
4183.44
1621.28
1621.28
3091.76
3091.76
3965.89
