# 1Hz Kbps trace generated by import_real_world_traces.py
2942.63
2942.63
2899.37
2900.87
2900.87
2881.50
2881.50
2881.50
2871.23
2871.23
2871.23
2552.32
2552.32
3679.97
3679.97
3679.97
3679.97
4037.60
4037.60
4037.60
4037.60
4996.60
4996.60
4996.60
5277.57
5277.57
5277.57
5277.57
5277.57
3742.47
3742.47
3742.47
3742.47
3742.47
3742.47
3742.47
2809.54
2809.54
2809.54
2809.54
2809.54
3383.93
3383.93
3383.93
3383.93
3383.93
3089.32
3089.32
3089.32
3089.32
3089.32
4458.99
4458.99
4458.99
4458.99
4458.99
4458.99
4458.99
4458.99
4458.99
1841.52
1841.52
3353.85
3353.85
3346.94
3346.94
3346.94
3372.50
3372.50
3481.48
3481.48
3474.30
3474.30
3474.30
2604.62
2604.62
2604.62
2503.07
2503.07
2503.07
2689.23
2689.23
2689.23
2732.48
2732.48
2732.48
2734.71
2734.71
2734.71
2684.51
2684.51
2684.51
2684.51
2684.51
2684.51
2570.62
2570.62
2570.62
2570.62
2570.62
2570.62
3084.95
3084.95
3084.95
3084.95
3084.95
3431.76
3431.76
3431.76
3431.76
3431.76
3431.76
3431.76
2727.76
2727.76
2727.76
2727.76
2727.76
2727.76
2834.97
2834.97
2834.97
3424.47
3424.47
3429.40
3429.40
3296.61
3296.61
3296.61
3296.61
3296.61
3296.61
3296.61
2509.09
2509.09
2509.09
2509.09
2509.09
2509.09
2509.09
2498.31
2498.31
2498.31
2479.06
2479.06
2479.06
2479.28
2479.28
2479.28
2847.24
2847.24
4081.77
4081.77
4094.47
4094.47
4094.47
4094.47
4094.47
3478.53
3478.53
3478.53
3478.53
3478.53
3478.53
3092.23
3092.23
7425.04
7425.04
7425.04
7425.04
7425.04
3716.34
3716.34
3716.34
3716.34
2842.44
