# 1Hz Kbps trace generated by import_real_world_traces.py
1218.10
1232.32
1228.16
1231.14
1205.10
1161.28
1161.28
1161.28
1161.28
1161.28
1161.28
1119.65
1119.65
1119.65
1119.65
1119.65
1119.65
1119.65
1119.65
1148.80
1148.80
1148.80
1148.80
1148.80
1329.95
1329.95
1329.95
1329.95
1839.73
1839.73
1839.73
1839.73
2239.00
2239.00
2239.00
2430.27
2430.27
2430.27
2493.35
2493.35
2493.35
2441.59
2441.59
2441.59
2441.59
2441.59
1679.80
1679.80
1679.80
1679.80
1589.62
1589.62
1589.62
1589.62
1589.62
1588.99
1588.99
1588.99
1588.99
1768.77
1768.77
1768.77
1768.77
1768.77
1801.56
1801.56
1801.56
1801.56
1659.94
1659.94
1659.94
1659.94
1966.05
1966.05
1966.05
2347.00
2347.00
2347.00
2347.00
2539.92
2539.92
2539.92
2276.50
2276.50
2276.50
2276.96
2276.96
2033.88
2033.88
2033.88
2033.88
2033.88
1965.49
1965.49
1965.49
1967.43
1967.43
1967.43
1967.43
2267.59
2267.59
2267.59
2456.42
2456.42
2456.42
2441.45
2441.45
2441.45
2311.02
2311.02
2311.02
2311.02
2305.60
2305.60
2305.60
2421.82
2421.82
2421.82
3113.98
3113.98
3120.47
3120.47
2758.61
2758.61
2758.61
2758.61
2238.06
2238.06
2238.06
2240.16
2240.16
2240.16
2240.16
2171.71
2171.71
2171.71
1854.60
1854.60
1854.60
1854.60
1854.60
1852.28
1852.28
1852.28
1852.28
1852.28
1547.37
1547.37
1547.37
1547.37
1547.37
1502.46
1502.46
1502.46
1502.46
2200.16
2200.16
2200.16
2211.86
2211.86
2211.86
2217.50
2217.50
2217.50
2217.50
2217.50
2217.50
1330.25
1330.25
1330.25
1443.45
