# 1Hz Kbps trace generated by import_real_world_traces.py
6328.15
6255.00
6255.00
6234.55
6234.55
6234.55
5286.93
5286.93
5286.93
5055.74
5055.74
5055.74
7142.84
7142.84
7103.13
7103.13
7103.13
5689.71
5689.71
5689.71
5689.71
5059.11
5059.11
5059.11
5059.11
4062.71
4062.71
4062.71
4062.71
4527.59
4527.59
4527.59
4527.59
5428.87
5428.87
5428.87
5171.89
5171.89
5171.89
5171.89
4533.93
4533.93
4533.93
4533.93
4533.93
3635.87
3635.87
3635.87
3635.87
3635.87
3419.70
3419.70
3419.70
3419.70
3419.70
3419.70
2988.36
2988.36
2988.36
2988.36
2988.36
3226.82
3226.82
3226.82
3226.82
4236.29
4236.29
4236.29
4236.29
3847.05
3847.05
3847.05
3847.05
3847.05
3847.05
3700.97
3700.97
3700.97
3700.97
3479.28
3479.28
3479.28
3479.28
3479.28
3479.28
3422.21
3422.21
3422.21
3422.21
3422.21
3290.07
3290.07
3290.07
3290.07
3290.07
3290.07
3226.92
3226.92
3226.92
3226.92
3226.92
3192.95
3192.95
3601.29
3601.29
3634.31
3634.31
3633.61
3633.61
3706.61
3706.61
4568.06
4568.06
4880.75
4880.75
4880.75
4880.75
4871.32
4871.32
4871.32
4871.32
4210.01
4210.01
4210.01
4210.01
3879.33
3879.33
3879.33
3879.33
4005.53
4005.53
4005.53
4005.53
4353.73
4353.73
4353.73
4353.73
4405.69
4405.69
4405.69
5812.52
5812.52
5812.52
5817.77
5817.77
5817.77
5947.94
5947.94
5947.94
6083.90
6083.90
6083.90
6090.86
6090.86
6090.86
6090.86
4525.82
4525.82
4525.82
4525.82
4525.82
3876.73
3876.73
3876.73
3876.73
3880.28
3880.28
4988.81
