# 1Hz Kbps trace generated by import_real_world_traces.py
695.89
701.60
701.60
699.72
699.72
704.11
704.11
698.47
837.74
837.74
739.22
739.22
739.22
488.00
488.00
488.00
488.00
307.26
307.26
692.93
692.93
692.93
692.93
869.20
869.20
869.20
869.20
869.20
869.20
869.20
869.20
869.20
869.20
869.20
628.16
628.16
628.16
628.16
408.37
408.37
408.37
408.37
408.37
307.68
307.68
307.68
307.68
294.77
294.77
294.77
316.23
316.23
316.23
316.23
313.17
313.17
313.17
313.17
315.51
315.51
315.51
315.51
315.51
315.51
315.51
315.51
459.40
459.40
459.40
381.92
381.92
381.92
381.92
314.79
314.79
314.79
314.79
314.79
306.21
306.21
306.21
306.21
341.16
341.16
558.72
913.64
913.64
913.64
913.64
913.64
913.64
913.64
913.64
913.64
913.64
333.25
333.25
333.25
333.25
345.82
345.82
578.18
578.18
578.18
326.73
326.73
326.73
326.73
418.47
930.80
930.80
930.80
930.80
930.80
293.55
293.55
293.55
329.15
329.15
329.15
329.15
348.49
348.49
348.49
348.49
348.49
348.49
291.71
291.71
553.34
553.34
553.34
553.34
272.91
272.91
272.91
385.13
385.13
600.75
600.75
600.75
600.75
600.75
600.75
600.75
600.75
600.75
368.44
368.44
640.55
640.55
759.00
759.00
759.00
347.29
347.29
347.29
347.29
347.29
276.47
276.47
276.47
276.47
276.47
306.40
306.40
945.03
945.03
945.03
945.03
945.03
514.76
514.76
514.76
514.76
514.76
514.76
514.76
514.76
514.76
514.76
267.78
267.78
369.61
