# 1Hz Kbps trace generated by import_real_world_traces.py
1378.59
1390.27
1389.34
1379.26
1379.26
1379.26
1379.26
1379.26
1596.53
1596.53
2554.34
2554.34
2554.34
2554.34
2838.37
2838.37
2984.54
2984.54
3518.34
3518.34
3455.22
3455.22
3455.22
3455.22
1881.90
1881.90
1881.90
1881.90
1881.90
1631.10
1631.10
1631.10
1631.10
1631.10
1698.76
1698.76
1698.76
1698.76
1770.28
1770.28
1770.28
1770.28
1766.83
1766.83
1766.83
1766.83
2585.62
4833.36
4833.36
4833.36
4833.36
4833.36
4833.36
2794.24
2794.24
2794.24
2794.24
2794.24
3542.88
3542.88
3542.88
3542.88
3542.88
3542.88
3242.24
3242.24
3242.24
3242.24
4492.20
4492.20
4492.20
4492.20
3834.31
3834.31
3834.31
3834.31
4898.92
4898.92
4898.92
4898.92
4465.11
4465.11
4465.11
4465.11
4008.06
4008.06
4008.06
4008.06
4008.06
4008.06
3256.53
3256.53
3256.53
3256.53
3256.53
3256.53
2689.46
2689.46
2689.46
2689.46
2689.46
2689.46
3124.21
3124.21
3124.21
3124.21
4335.87
4335.87
4335.87
4335.87
4138.44
4138.44
4138.44
4138.44
4138.44
3681.77
3681.77
3681.77
3681.77
3681.77
3499.42
3499.42
3499.42
3139.74
3139.74
3131.80
3131.80
3131.80
3138.63
3138.63
3230.86
3230.86
3489.17
3489.17
3491.51
3491.51
3490.21
3490.21
3487.86
3487.86
3487.86
3487.86
3487.86
4145.30
4145.30
4145.30
4668.71
4668.71
4668.71
4668.71
4668.71
4131.44
4131.44
4131.44
4131.44
3723.90
3723.90
3723.90
3723.90
3723.90
3688.84
3688.84
3688.84
3688.84
3688.84
3613.34
3613.34
3613.34
3613.34
3613.34
3548.81
3548.81
3548.81
3548.81
2902.14
