# 1Hz Kbps trace generated by import_real_world_traces.py
1457.20
2602.44
2602.44
1194.09
1194.09
3515.74
3515.74
393.42
393.42
4120.72
4120.72
70.09
70.09
922.65
922.65
4256.03
4256.03
3993.71
3993.71
1830.87
1830.87
2015.02
2015.02
52.71
52.71
1824.97
1824.97
2738.82
2738.82
3712.15
3712.15
381.62
381.62
4099.30
4099.30
3966.53
3966.53
3600.46
3600.46
1404.38
1404.38
106.47
106.47
4101.03
4101.03
3606.11
3606.11
864.39
864.39
4048.56
4048.56
1269.36
1269.36
3806.09
3806.09
4162.42
4162.42
4009.70
4009.70
949.46
949.46
472.16
472.16
1021.36
1021.36
172.72
172.72
1648.66
1648.66
1480.51
1480.51
2664.71
2664.71
1399.98
1399.98
430.86
430.86
3844.52
3844.52
4102.55
4102.55
3613.86
3613.86
4055.48
4055.48
2881.20
2881.20
4052.09
4052.09
4054.02
4054.02
4060.56
4060.56
3605.16
3605.16
524.14
524.14
3697.18
3697.18
3885.00
3885.00
3735.80
3735.80
4006.51
4006.51
3695.91
3695.91
4102.17
4102.17
4105.08
4105.08
4121.88
4121.88
4287.41
4287.41
745.50
745.50
4138.74
4138.74
3056.92
3056.92
3995.60
3995.60
3826.78
3826.78
3558.42
3558.42
4018.22
4018.22
2482.59
2482.59
1378.07
1378.07
1590.85
1590.85
3999.31
3999.31
258.57
258.57
92.16
92.16
622.65
622.65
4067.33
4067.33
1391.32
1391.32
205.31
205.31
2962.06
2962.06
217.12
217.12
4106.66
4106.66
4039.22
4039.22
1000.86
1000.86
241.02
241.02
97.60
97.60
1939.08
1939.08
3078.74
3078.74
2493.16
2493.16
1032.77
1032.77
2037.59
2037.59
1747.41
1747.41
2266.16
2266.16
37.18
37.18
138.06
138.06
110.08
110.08
939.69
939.69
37.30
37.30
906.99
906.99
772.65
772.65
335.80
335.80
652.25
652.25
3547.64
3547.64
179.07
179.07
3745.24
3745.24
45.89
45.89
129.37
129.37
3713.54
3713.54
2439.40
2439.40
4158.19
4158.19
3001.65
3001.65
1339.29
1339.29
2552.83
2552.83
3828.53
3828.53
620.73
620.73
2000.18
2000.18
3918.17
3918.17
607.22
607.22
24.85
24.85
3826.83
3826.83
3829.53
3829.53
1666.21
1666.21
684.82
684.82
26.80
