# 1Hz Kbps trace generated by import_real_world_traces.py
1357.07
1525.91
2031.30
1099.82
277.27
496.97
496.97
959.44
959.44
230.50
230.50
2053.80
2053.80
1892.47
1892.47
1740.75
1740.75
653.94
653.94
1244.64
1244.64
255.80
255.80
2160.36
2160.36
2267.14
2267.14
396.56
396.56
396.56
396.56
396.56
396.56
396.56
396.56
396.56
1942.28
2077.37
2029.06
1866.98
1866.98
10.00
10.00
10.00
10.00
10.00
10.00
10.00
10.00
10.00
986.68
1108.53
1500.26
1500.26
1432.09
1865.26
441.67
441.67
2047.58
2047.58
714.26
714.26
121.80
121.80
2080.01
2080.01
2079.09
2079.09
1874.67
1874.67
1783.50
1783.50
2082.72
2082.72
2284.40
2284.40
2000.85
2000.85
2000.85
2000.85
1739.58
1739.58
1821.13
1821.13
1795.19
1795.19
2198.26
2198.26
81.92
81.92
433.72
433.72
1846.58
1846.58
2086.47
2086.47
1386.14
1386.14
1273.79
1273.79
1971.28
1971.28
1911.22
1911.22
2066.92
2066.92
100.90
100.90
719.01
719.01
305.04
305.04
1837.90
1837.90
1677.72
1677.72
1742.43
1742.43
1023.55
1023.55
2199.05
2199.05
2052.85
2052.85
1730.95
1730.95
2004.41
2004.41
1995.85
1995.85
1981.11
1981.11
756.32
756.32
166.92
166.92
2391.14
2391.14
1163.68
1163.68
1163.68
1163.68
34.81
34.81
34.81
618.33
618.33
618.33
1648.08
1648.08
1648.08
87.70
87.70
99.54
99.54
1849.00
1849.00
829.41
829.41
289.14
289.14
1403.16
1403.16
1403.16
1721.83
1918.30
1918.30
2265.95
2265.95
449.44
449.44
1714.37
1714.37
2455.70
2455.70
1873.89
1873.89
1954.60
1954.60
1948.08
1948.08
1437.12
1437.12
2112.18
2112.18
1883.96
1883.96
2309.12
2309.12
1657.61
1657.61
2054.17
2054.17
1930.02
1930.02
714.91
714.91
1960.82
1960.82
1041.08
1041.08
258.51
258.51
2027.79
2027.79
2215.72
2215.72
1542.20
1542.20
1210.15
1210.15
1913.19
1913.19
2006.10
2006.10
951.34
951.34
1445.42
1445.42
1783.75
1783.75
2018.56
2018.56
1654.84
1654.84
1865.75
1865.75
2090.33
2090.33
782.20
782.20
2093.75
2093.75
213.97
213.97
541.56
541.56
1992.43
1992.43
1735.88
1735.88
1368.91
1368.91
1757.91
1757.91
2226.14
2226.14
2187.18
2187.18
2181.24
2181.24
2191.07
2191.07
692.28
692.28
692.28
104.71
104.71
1757.66
1757.66
2019.09
2019.09
1031.63
1031.63
150.26
150.26
2221.64
2221.64
693.38
693.38
2135.96
2135.96
1942.83
1942.83
2062.49
2062.49
1775.06
1775.06
2017.77
2017.77
1874.91
1874.91
2180.27
2180.27
2015.24
2015.24
384.13
384.13
2091.01
2091.01
1839.27
1839.27
2256.09
2256.09
1734.73
1734.73
2125.04
2125.04
354.25
354.25
69.32
69.32
1130.81
1130.81
1326.53
1326.53
737.36
737.36
1929.91
1929.91
1546.28
1546.28
222.02
222.02
1962.34
1962.34
803.22
803.22
1948.14
1948.14
1893.15
1893.15
1904.01
1904.01
2051.31
2051.31
1798.33
1798.33
2207.08
2207.08
526.18
526.18
1926.15
1926.15
1919.33
1919.33
10.00
10.00
18.95
18.95
1796.73
1796.73
1796.73
1796.73
412.49
412.49
1623.08
1623.08
1623.08
1623.08
1623.08
1623.08
1219.75
1219.75
598.06
598.06
1502.05
1502.05
1086.86
1086.86
2202.97
2202.97
1127.01
1127.01
533.57
533.57
2006.48
2006.48
1623.62
1623.62
1881.52
1881.52
1907.10
1907.10
1670.41
1670.41
2225.13
2225.13
1793.22
1793.22
2009.64
2009.64
1714.27
1714.27
1697.05
1697.05
1339.98
1339.98
1101.98
1101.98
1579.63
1579.63
1287.42
1287.42
2090.90
2090.90
2101.12
2101.12
2085.67
2085.67
2205.51
2205.51
2188.53
2188.53
2034.42
2034.42
1924.94
1924.94
1918.44
1918.44
2070.79
2070.79
2317.51
2317.51
2165.88
2165.88
1870.67
1870.67
121.35
121.35
841.77
841.77
17.48
17.48
801.22
801.22
658.22
658.22
1033.89
1033.89
654.92
654.92
840.23
840.23
1021.80
1021.80
1214.12
1214.12
1022.38
1022.38
1773.70
1773.70
1774.78
1774.78
1370.85
1370.85
1890.78
1890.78
1497.13
1497.13
1336.07
1336.07
1793.73
1793.73
1559.60
1559.60
1789.49
1789.49
1960.12
1960.12
1623.97
1623.97
1763.45
1763.45
1733.64
1733.64
1943.12
1943.12
2151.70
2151.70
2116.89
2116.89
2065.37
2065.37
1389.76
1389.76
1504.19
1504.19
1870.70
1870.70
2126.74
2126.74
1415.04
1415.04
2291.20
2291.20
2144.64
2144.64
703.68
703.68
2397.14
2397.14
1626.26
1626.26
2016.14
2016.14
1829.55
1829.55
1942.27
1942.27
1409.99
1409.99
1400.79
1400.79
2186.85
2186.85
2241.17
2241.17
1039.45
1039.45
1672.80
1672.80
1636.94
1636.94
2088.46
2088.46
684.45
684.45
48.32
48.32
114.97
114.97
2322.34
2322.34
1727.02
1727.02
1425.20
1425.20
1114.18
1114.18
1972.45
1972.45
1894.78
1894.78
1370.69
1370.69
1983.19
1983.19
1729.01
1729.01
39.42
39.42
18.25
18.25
1372.41
1372.41
521.25
521.25
220.14
220.14
1708.23
1708.23
665.50
665.50
1923.82
1923.82
1942.44
1942.44
1694.56
1694.56
1993.11
1993.11
2060.10
2060.10
2060.10
2060.10
2003.37
2003.37
1731.93
1731.93
926.20
926.20
2150.58
2150.58
427.82
427.82
1628.93
1628.93
2360.10
2360.10
108.76
108.76
237.98
237.98
1738.29
1738.29
1251.01
1251.01
2027.08
2027.08
2470.93
2470.93
1934.22
1934.22
1797.15
1797.15
1797.15
1797.15
1516.23
1516.23
1581.35
1581.35
2077.35
2077.35
1640.55
1640.55
1622.85
1622.85
1354.70
1354.70
1478.76
1478.76
1852.54
1852.54
1708.09
1708.09
1984.97
1984.97
2099.00
2099.00
2172.27
2172.27
1876.30
1876.30
1834.11
1834.11
1874.59
1874.59
2679.77
2679.77
1750.13
1750.13
1434.36
1434.36
1922.36
1922.36
2558.62
2558.62
144.26
144.26
2075.27
2075.27
2067.66
2067.66
1636.79
1636.79
792.62
792.62
268.62
268.62
1926.36
1926.36
2230.37
2230.37
2105.06
2105.06
1220.07
1220.07
636.51
636.51
2048.31
2048.31
51.55
51.55
2081.14
2081.14
1452.99
1452.99
54.74
54.74
678.91
678.91
222.13
222.13
2321.11
2321.11
2010.37
2010.37
2138.14
2138.14
1933.31
1933.31
1933.31
1933.31
414.90
414.90
2072.59
2072.59
2018.26
2018.26
2078.36
2078.36
2108.79
2108.79
1984.03
1984.03
2145.97
2145.97
2252.61
2252.61
2097.27
2097.27
2285.89
2285.89
661.64
661.64
2205.98
2205.98
1990.91
1990.91
514.89
514.89
2240.90
2240.90
1716.10
1716.10
44.75
44.75
691.79
691.79
548.49
548.49
206.52
206.52
2260.13
2260.13
1303.55
1303.55
2165.09
2165.09
1540.06
1540.06
2181.59
2181.59
1810.30
1810.30
157.59
157.59
2174.88
2174.88
2034.34
2034.34
659.27
659.27
1850.82
1850.82
2049.78
2049.78
562.67
562.67
1950.06
1950.06
989.55
989.55
2280.07
2280.07
2183.90
2183.90
858.08
858.08
605.02
605.02
2097.46
2097.46
381.29
381.29
693.65
693.65
203.56
203.56
583.77
583.77
1809.45
1809.45
301.19
301.19
1692.90
1692.90
204.04
204.04
67.39
67.39
2358.79
2358.79
2054.16
2054.16
2138.84
2138.84
1453.06
1453.06
1351.49
1351.49
1904.37
1904.37
2108.88
2108.88
1201.45
1201.45
2013.57
2013.57
2376.40
2376.40
1713.24
1713.24
1508.94
1508.94
1991.65
1991.65
315.70
315.70
113.31
113.31
321.95
321.95
1679.21
1679.21
2119.99
2119.99
2119.99
308.29
111.04
111.04
2093.11
2093.11
2294.89
2294.89
1902.95
1902.95
1797.54
1797.54
121.78
121.78
1853.69
1853.69
1054.11
1054.11
2029.66
2029.66
1787.61
1787.61
2146.26
2146.26
1962.78
1962.78
2320.88
2320.88
529.37
529.37
577.63
577.63
325.84
325.84
2186.80
2186.80
2045.84
2045.84
1889.44
1889.44
659.47
659.47
1973.16
1973.16
2058.07
2058.07
1661.26
1661.26
2021.31
2021.31
281.73
281.73
2168.56
2168.56
2144.23
2144.23
2102.52
2102.52
2263.93
2263.93
2263.93
2263.93
226.16
672.46
1151.94
1151.94
1151.94
1141.47
630.19
630.19
785.28
785.28
785.28
785.28
86.37
86.37
1312.34
1312.34
1287.99
1287.99
1811.45
1811.45
1883.20
1883.20
1710.77
1710.77
1786.78
1786.78
345.42
345.42
333.49
333.49
711.42
711.42
61.49
61.49
1768.98
1768.98
1805.70
1805.70
1456.51
1456.51
704.08
704.08
563.59
563.59
193.69
193.69
62.92
62.92
2044.61
2044.61
2123.50
2123.50
2123.50
2123.50
2221.46
2221.46
1869.15
1869.15
2115.22
2115.22
152.15
152.15
48.67
48.67
636.50
636.50
1433.54
1433.54
2382.67
2382.67
2047.82
2047.82
2307.71
2307.71
2149.79
2149.79
2026.27
2026.27
2012.79
2012.79
2141.45
2141.45
388.38
388.38
1319.87
1319.87
470.88
470.88
2228.13
2228.13
2122.72
2122.72
1736.71
1736.71
1975.75
1975.75
1975.75
1975.75
2050.27
2050.27
2189.00
2189.00
690.76
690.76
379.16
379.16
426.14
426.14
2254.31
2254.31
2113.69
2113.69
2073.47
2073.47
2042.86
2042.86
229.73
229.73
175.18
175.18
2094.31
2094.31
2134.05
2134.05
2218.67
2218.67
2211.76
2211.76
117.97
117.97
1840.00
1840.00
2065.05
2065.05
2116.43
2116.43
537.28
537.28
316.08
316.08
2046.18
2046.18
10.00
10.00
2196.56
2196.56
2206.23
2206.23
2129.27
2129.27
2063.67
2063.67
138.67
138.67
2063.46
2063.46
2249.49
2249.49
1982.99
1982.99
1953.93
1953.93
373.72
373.72
2550.97
2550.97
2205.46
2205.46
1773.52
1773.52
355.54
355.54
549.52
549.52
2036.78
2036.78
1687.04
1687.04
1972.54
1972.54
1990.20
1990.20
2029.45
2029.45
2277.95
2277.95
2152.58
2152.58
1020.25
1020.25
1409.49
1409.49
2150.89
2150.89
724.71
724.71
199.57
199.57
738.47
738.47
413.35
413.35
224.63
224.63
1858.60
1858.60
397.16
397.16
684.38
684.38
2040.39
2040.39
1915.61
1915.61
1779.88
1779.88
1979.31
1979.31
1979.31
2127.21
370.10
370.10
370.10
2238.75
2238.75
615.10
615.10
84.38
84.38
1049.86
1049.86
38.22
38.22
2071.64
581.36
581.36
581.36
2070.63
2070.63
2151.83
2151.83
2050.19
2050.19
243.14
243.14
268.15
268.15
1103.79
1103.79
1849.70
1849.70
424.26
424.26
1180.24
1180.24
2010.11
2010.11
669.31
669.31
1928.18
1928.18
715.21
715.21
10.00
10.00
2153.77
2153.77
1785.44
1785.44
336.52
336.52
717.40
717.40
1053.99
1053.99
1320.76
1320.76
237.16
237.16
20.51
20.51
679.47
679.47
2155.08
2155.08
939.04
939.04
2094.28
2094.28
1885.54
1885.54
1970.24
1970.24
1894.71
1894.71
2113.26
2113.26
1845.44
1845.44
2201.40
2201.40
2103.61
2103.61
1840.58
1840.58
2366.87
2366.87
553.75
553.75
2246.56
2246.56
1712.36
1712.36
1051.03
1051.03
1080.91
1080.91
2086.82
2086.82
730.47
730.47
1657.34
1657.34
1787.41
1787.41
92.99
92.99
1938.03
1938.03
1720.22
1720.22
2067.79
2067.79
2067.79
2067.79
2437.81
2437.81
2437.81
2437.81
1859.50
1859.50
1752.50
1752.50
1752.50
1752.50
2092.05
2092.05
1898.51
1898.51
110.69
110.69
2129.62
2129.62
2129.62
2129.62
1113.57
1113.57
620.88
620.88
2026.84
2026.84
2026.84
2026.84
515.74
515.74
2055.10
2055.10
2099.13
2099.13
2073.24
2073.24
2073.24
2073.24
2145.98
2145.98
2040.50
2040.50
1922.89
1922.89
2031.88
2031.88
2137.40
2137.40
2108.22
2108.22
2033.27
2033.27
1814.45
1814.45
324.72
324.72
1332.85
1332.85
1942.24
1942.24
241.95
241.95
1175.38
1175.38
136.72
136.72
767.87
767.87
2112.26
2112.26
2112.26
2112.26
2112.26
2112.26
1178.27
1178.27
2506.04
2506.04
2506.04
2506.04
669.62
669.62
2062.08
2062.08
571.93
571.93
2147.51
2147.51
163.97
163.97
716.75
716.75
2172.51
2172.51
1951.03
1951.03
1909.23
1909.23
1842.23
1842.23
17.85
17.85
2083.33
2083.33
1888.25
1888.25
10.00
10.00
2160.61
2160.61
75.98
75.98
2238.28
2238.28
2319.89
2319.89
2170.00
2170.00
698.31
698.31
2140.59
2140.59
80.90
80.90
1935.29
1935.29
10.00
10.00
1888.04
1888.04
995.00
995.00
2007.58
2007.58
2294.86
2294.86
2057.84
2057.84
719.16
719.16
70.04
70.04
2157.90
2157.90
1683.09
1683.09
1683.09
1683.09
2075.10
2075.10
1114.05
1114.05
2190.13
2190.13
121.16
121.16
54.52
54.52
2053.95
2053.95
209.56
209.56
2092.38
2092.38
2092.38
2092.38
2092.38
2092.38
2092.38
2092.38
2092.38
2092.38
398.41
398.41
1009.28
1009.28
720.89
720.89
354.88
354.88
1208.25
1208.25
2056.56
2056.56
2035.52
2035.52
263.90
263.90
1764.79
1764.79
2138.71
2138.71
1835.19
1835.19
1963.86
1963.86
2091.11
2091.11
1999.69
1999.69
2291.53
2291.53
1926.90
1926.90
811.11
811.11
522.30
522.30
1586.98
1586.98
2072.18
2072.18
139.48
139.48
704.64
704.64
2078.04
2078.04
2055.91
2055.91
1921.18
1921.18
1863.80
1863.80
2147.88
2147.88
222.38
222.38
2156.01
2156.01
1999.68
1999.68
1780.99
1780.99
1864.25
1864.25
71.69
71.69
718.14
718.14
761.77
761.77
2003.69
2003.69
2104.36
2104.36
254.22
254.22
603.51
603.51
1679.21
1679.21
1840.37
1840.37
1912.99
1912.99
320.85
320.85
1960.50
1960.50
1873.80
1873.80
668.76
668.76
2200.99
2200.99
101.16
101.16
1460.21
1460.21
1892.35
1892.35
2006.13
2006.13
2351.82
2351.82
1498.59
1498.59
2109.37
2109.37
272.56
272.56
849.29
849.29
2113.90
2113.90
614.12
614.12
10.00
10.00
159.18
159.18
2075.55
2075.55
2148.77
2148.77
2001.91
2001.91
195.13
195.13
518.51
518.51
2010.60
2010.60
427.92
427.92
643.42
643.42
60.85
60.85
730.81
730.81
1938.84
1938.84
1676.60
1676.60
2257.90
2257.90
62.15
62.15
1982.11
1982.11
1175.42
1175.42
1608.01
1608.01
2203.67
2203.67
92.20
92.20
1112.55
1112.55
1903.88
1903.88
416.53
416.53
63.95
63.95
293.18
293.18
31.53
31.53
281.22
281.22
2038.22
2038.22
1956.93
1956.93
1812.88
1812.88
1319.54
1319.54
2000.70
2000.70
2171.44
2171.44
233.97
233.97
1012.96
1012.96
1846.83
1846.83
1994.25
1994.25
150.08
150.08
1036.02
1036.02
903.65
903.65
40.30
40.30
708.28
708.28
1273.36
1273.36
1412.04
1412.04
637.66
637.66
129.98
129.98
703.85
703.85
272.99
272.99
441.54
441.54
1155.60
1155.60
604.34
604.34
1964.88
1964.88
841.75
841.75
2039.52
2039.52
922.52
922.52
899.02
899.02
320.96
320.96
1885.35
1885.35
2051.11
2051.11
925.73
925.73
826.37
826.37
1789.50
1789.50
1979.20
1979.20
2014.92
2014.92
2227.77
2227.77
478.66
478.66
1550.26
1550.26
672.41
672.41
351.58
351.58
10.00
10.00
17.66
17.66
2262.55
2262.55
2157.85
2157.85
733.14
733.14
338.44
338.44
1317.90
1317.90
1317.90
1317.90
2328.68
2328.68
2163.85
2163.85
2160.41
2160.41
2160.41
2160.41
2128.90
2128.90
1974.00
1974.00
1618.62
1618.62
1990.23
1990.23
763.37
763.37
88.15
88.15
508.36
508.36
89.36
89.36
2014.68
2014.68
1249.53
1249.53
326.00
326.00
103.02
103.02
2600.97
2600.97
2538.01
2538.01
371.99
371.99
636.45
636.45
198.07
198.07
71.17
71.17
2224.14
2224.14
216.24
216.24
678.28
678.28
1763.05
1763.05
2047.54
2047.54
2239.12
2239.12
2582.36
2582.36
2047.48
2047.48
2848.11
2848.11
524.15
524.15
1617.19
1617.19
1778.73
1778.73
666.58
666.58
1230.19
1230.19
362.31
362.31
157.55
157.55
2376.18
2376.18
1968.85
1968.85
345.48
345.48
2144.37
2144.37
2144.37
2144.37
2110.36
2110.36
1423.70
1423.70
133.80
133.80
2029.79
2029.79
2023.45
2023.45
1040.73
1040.73
392.78
392.78
1455.99
1455.99
2160.96
2160.96
1976.35
1976.35
636.25
636.25
568.71
568.71
1218.84
1218.84
357.79
357.79
2240.86
2240.86
1701.37
1701.37
1992.66
1992.66
1992.66
1992.66
284.87
284.87
284.87
284.87
284.87
428.30
428.30
428.30
311.76
556.31
991.64
991.64
929.26
391.21
1855.89
189.62
1981.38
1981.38
1950.36
1950.36
1901.83
1901.83
2044.53
2044.53
2044.53
2044.53
2044.53
2044.53
284.09
284.09
991.87
991.87
1983.77
1983.77
2160.40
2160.40
2160.40
2160.40
302.88
302.88
1896.07
1896.07
1996.75
1996.75
2134.33
2134.33
2134.33
2134.33
2134.33
2134.33
2148.91
2148.91
1294.46
1294.46
2537.84
2537.84
1961.04
1961.04
1961.04
1961.04
1912.92
1912.92
1793.51
1793.51
2360.69
2360.69
2156.22
2156.22
2123.09
2123.09
1873.08
1873.08
1999.89
1999.89
2154.38
2154.38
2085.67
2085.67
2085.67
2085.67
2116.79
2116.79
2159.92
2159.92
2195.76
2195.76
2295.44
2295.44
2424.39
2424.39
2173.90
2173.90
2173.90
1530.80
1530.80
1530.80
1530.80
1530.80
1530.80
1530.80
1530.80
1530.80
1530.80
1530.80
1530.80
1530.80
1530.80
1530.80
1530.80
1530.80
1530.80
1530.80
1530.80
171.25
809.59
1355.22
1542.48
2025.23
2305.56
2115.30
2115.30
1550.42
1550.42
1936.51
1936.51
13.67
13.67
819.06
819.06
471.06
471.06
560.95
560.95
747.50
747.50
997.54
997.54
1186.48
1186.48
1353.23
1353.23
1745.58
1745.58
1871.20
1871.20
2134.29
2134.29
2117.45
2117.45
2117.45
2117.45
2117.45
2117.45
2117.45
2117.45
2117.45
2117.45
2117.45
2117.45
2117.45
2117.45
2117.45
2117.45
10.00
10.00
10.00
10.00
110.75
1203.80
1810.39
2112.78
2114.46
1630.48
1630.48
1630.48
1630.48
1630.48
1630.48
2014.24
2014.24
2099.88
2099.88
1676.37
1676.37
2403.17
2403.17
20.62
20.62
2024.18
2024.18
1753.43
1753.43
1753.43
1753.43
1753.43
1753.43
1753.43
1753.43
268.96
2104.19
674.38
166.00
1298.76
1298.76
1298.76
1298.76
1970.62
1970.62
2142.76
2142.76
1197.63
1197.63
2108.02
2108.02
65.32
65.32
17.02
17.02
548.02
548.02
548.02
754.04
754.04
1026.21
1555.21
1555.21
1555.21
1909.71
1909.71
914.06
914.06
1742.41
1742.41
741.00
741.00
2042.30
2042.30
96.75
96.75
2217.75
2217.75
2132.71
2132.71
1888.54
1888.54
1941.82
1941.82
1941.82
1941.82
1941.82
744.75
1684.35
1684.35
1594.66
1571.21
1932.91
1932.91
2169.21
2169.21
2036.95
2036.95
1391.20
1391.20
1091.10
1091.10
1265.59
1265.59
1245.48
1245.48
17.99
17.99
2081.83
2081.83
843.58
843.58
1755.68
1755.68
634.21
634.21
517.69
517.69
180.04
180.04
1418.17
1418.17
136.81
136.81
234.09
234.09
1004.62
1004.62
1004.62
1004.62
1004.62
1004.62
1004.62
1004.62
2562.76
88.15
2194.20
2194.20
468.17
2165.21
193.14
372.67
2282.41
2282.41
2071.22
2071.22
2077.96
2077.96
1346.29
1346.29
2051.32
2051.32
94.18
94.18
744.16
744.16
2168.76
2168.76
88.08
88.08
1994.27
1994.27
312.24
312.24
2178.86
2178.86
1152.51
1152.51
693.04
693.04
1934.56
1934.56
257.16
257.16
2269.36
2269.36
339.61
339.61
1564.70
1564.70
355.35
355.35
674.69
674.69
173.60
173.60
172.68
172.68
10.00
10.00
2081.42
2081.42
82.46
82.46
54.25
54.25
273.92
273.92
386.83
386.83
1948.70
1948.70
559.23
559.23
906.61
906.61
2209.68
2209.68
19.38
19.38
2071.83
2071.83
1171.07
1171.07
458.02
458.02
1556.39
1556.39
1983.84
1983.84
452.36
452.36
1716.52
1716.52
942.91
942.91
2004.29
2004.29
200.04
200.04
153.57
153.57
2147.74
2147.74
1981.00
1981.00
2132.29
2132.29
1997.88
1997.88
692.52
692.52
243.14
243.14
1104.89
1104.89
2133.03
2133.03
212.21
212.21
2064.39
2064.39
1985.38
1985.38
1057.52
1057.52
1215.26
1215.26
90.47
90.47
18.28
18.28
2283.58
2283.58
1399.72
1399.72
400.50
400.50
2483.50
2483.50
271.12
271.12
1301.99
1301.99
1103.14
1103.14
2125.60
2125.60
39.22
39.22
170.47
170.47
142.02
142.02
1784.77
1784.77
57.32
57.32
680.47
680.47
167.39
167.39
205.35
205.35
345.73
345.73
2034.76
2034.76
208.49
208.49
419.38
419.38
617.79
617.79
373.65
373.65
530.06
530.06
1009.39
1009.39
353.75
353.75
802.83
802.83
267.33
267.33
1598.03
1598.03
2015.39
2015.39
1966.79
1966.79
730.65
730.65
554.98
554.98
790.83
790.83
1139.88
1139.88
443.94
443.94
2438.31
2438.31
2311.72
2311.72
1862.29
1862.29
1189.15
1189.15
2110.82
2110.82
2049.44
2049.44
2207.05
2207.05
756.05
756.05
1226.84
1226.84
1239.36
1239.36
1978.93
1978.93
224.90
224.90
2382.72
2382.72
2333.54
2333.54
621.46
621.46
2168.89
2168.89
1959.26
1959.26
59.59
59.59
233.16
233.16
620.42
620.42
2115.41
2115.41
1958.38
1958.38
327.04
327.04
159.29
159.29
2156.52
2156.52
2073.61
2073.61
1244.83
1244.83
1652.66
1652.66
2182.57
2182.57
1482.25
1482.25
1451.35
1451.35
1923.25
1923.25
506.97
506.97
1194.41
1194.41
502.33
502.33
599.08
599.08
1511.45
1511.45
1813.90
1813.90
1051.73
1051.73
166.28
166.28
2031.83
2031.83
2360.27
2360.27
331.99
331.99
718.00
718.00
170.37
170.37
1069.00
1069.00
1889.97
1889.97
2215.85
2215.85
1909.11
1909.11
2084.37
2084.37
2182.15
2182.15
1949.90
1949.90
2122.18
2122.18
1922.15
1922.15
2511.11
2511.11
1918.75
1918.75
2180.67
2180.67
2374.41
2374.41
2197.02
2197.02
2197.02
2197.02
2197.02
2197.02
221.24
221.24
1518.31
1518.31
1227.88
1227.88
2170.76
2170.76
485.62
485.62
198.61
198.61
2011.00
2011.00
344.06
344.06
1704.38
1704.38
1784.56
1784.56
1618.98
1618.98
2130.69
2130.69
2068.77
2068.77
2101.92
2101.92
2101.92
2101.92
2074.55
2074.55
295.74
295.74
416.75
416.75
2337.52
2337.52
2224.16
2224.16
667.99
667.99
2259.40
2259.40
245.77
245.77
2284.43
2284.43
159.33
159.33
568.27
568.27
223.50
223.50
1310.82
1310.82
1310.82
1310.82
1310.82
1310.82
942.56
942.56
258.72
258.72
2305.10
2305.10
2228.91
2228.91
2302.56
2302.56
2245.43
2245.43
2046.13
2046.13
2086.14
2086.14
2115.60
2115.60
148.63
148.63
1735.81
1735.81
755.25
755.25
2146.02
2146.02
2146.02
2146.02
2013.18
2013.18
1978.72
1978.72
376.60
376.60
2114.15
2114.15
2034.13
2034.13
664.81
664.81
1919.53
1919.53
2078.97
2078.97
2415.95
2415.95
2259.47
2259.47
192.95
192.95
596.12
596.12
722.59
722.59
2058.65
2058.65
1463.79
1463.79
634.58
634.58
2128.55
2128.55
1985.03
1985.03
1349.27
1349.27
544.98
544.98
349.14
349.14
1220.36
1220.36
1968.83
1968.83
1755.80
1755.80
1819.74
1819.74
1974.52
1974.52
443.39
443.39
2266.29
2266.29
1810.80
1810.80
683.41
683.41
210.72
210.72
482.27
482.27
2052.12
2052.12
288.69
288.69
993.37
993.37
2111.68
2111.68
1920.82
1920.82
1916.87
1916.87
2068.24
2068.24
373.85
373.85
2102.66
2102.66
705.42
705.42
2178.49
2178.49
231.09
231.09
1210.57
1210.57
1455.93
1455.93
1560.94
1560.94
2061.10
2061.10
2054.58
2054.58
2157.80
2157.80
1097.77
1097.77
757.95
757.95
2079.16
2079.16
2562.47
2562.47
1809.95
1809.95
277.44
277.44
1279.65
1279.65
846.40
846.40
1834.73
1834.73
808.71
808.71
1439.13
1439.13
505.95
505.95
385.58
385.58
2160.76
2160.76
1614.60
1614.60
728.50
728.50
264.88
264.88
2039.09
2039.09
2228.88
2228.88
731.48
731.48
140.39
140.39
2035.20
2035.20
590.55
590.55
1317.41
1317.41
2209.66
2209.66
2235.96
2235.96
1980.60
1980.60
1984.65
1984.65
1659.28
1659.28
2062.84
2062.84
1977.05
1977.05
88.58
88.58
994.78
994.78
247.13
247.13
608.14
608.14
661.85
661.85
2317.87
2317.87
38.11
38.11
2090.90
2090.90
731.67
731.67
73.83
73.83
702.13
702.13
432.23
432.23
2069.77
2069.77
2140.61
2140.61
873.13
873.13
647.27
647.27
2048.71
2048.71
389.82
389.82
389.82
389.82
714.97
714.97
714.97
714.97
714.97
714.97
714.97
714.97
35.78
35.78
1618.15
1544.57
1920.77
164.09
1955.31
1955.31
1356.25
2292.02
183.04
183.04
473.95
473.95
97.41
97.41
1933.11
1933.11
480.91
480.91
69.81
69.81
1880.09
1880.09
409.34
409.34
1441.05
1441.05
767.61
767.61
2074.45
2074.45
1480.07
1480.07
722.08
722.08
528.23
528.23
2272.11
2272.11
2280.84
2280.84
1374.76
1374.76
504.66
504.66
1212.81
1212.81
2491.81
2491.81
375.10
375.10
2086.49
2086.49
2171.90
2171.90
730.03
730.03
1807.59
1807.59
1921.08
1921.08
1752.19
1752.19
30.74
30.74
1262.28
1262.28
1416.53
1416.53
689.77
689.77
2139.79
2139.79
51.42
51.42
59.30
59.30
1929.19
1929.19
2517.01
2517.01
1831.54
1831.54
289.04
289.04
58.76
58.76
1807.43
1807.43
2073.16
2073.16
1397.52
1397.52
705.02
705.02
375.90
375.90
953.16
953.16
2087.53
2087.53
1993.71
1993.71
2290.64
2290.64
2149.00
2149.00
1235.12
1235.12
2292.75
2292.75
1111.25
1111.25
2438.99
2438.99
2559.35
2559.35
1778.43
1778.43
1950.20
1950.20
2046.49
2046.49
72.18
72.18
1919.85
1919.85
2096.06
2096.06
157.57
157.57
1227.36
1227.36
1988.17
1988.17
2510.24
2510.24
633.07
633.07
1973.04
1973.04
2267.74
2267.74
151.88
151.88
2142.53
2142.53
2481.88
2481.88
516.34
516.34
1044.28
1044.28
60.89
60.89
98.29
98.29
2003.06
2003.06
2192.07
2192.07
1039.46
1039.46
1627.39
1627.39
2053.65
2053.65
1695.52
1695.52
717.28
717.28
447.03
447.03
2142.67
2142.67
1856.19
1856.19
1856.19
1856.19
1856.19
1856.19
2117.99
2117.99
2122.33
2122.33
2312.57
2312.57
542.02
542.02
1116.05
1116.05
52.10
52.10
283.16
283.16
1799.21
1799.21
2112.07
2112.07
1355.29
1355.29
2181.32
2181.32
2281.71
2281.71
2030.54
2030.54
907.76
907.76
1092.91
1092.91
1092.91
1092.91
2212.53
2212.53
1816.70
1816.70
1816.70
1816.70
20.60
20.60
2579.74
2579.74
1191.40
1191.40
2048.39
2048.39
1864.63
1864.63
2200.17
2200.17
2159.22
2159.22
2159.22
2240.71
2240.71
2142.65
2089.08
2089.08
216.64
216.64
216.64
1960.71
1960.71
2111.24
2111.24
1912.10
1912.10
658.38
658.38
2157.76
2157.76
2252.43
2252.43
2252.43
2252.43
2169.97
2169.97
1994.07
1994.07
2137.20
2137.20
2183.31
2183.31
536.12
536.12
1641.20
1641.20
660.62
660.62
52.14
52.14
2076.01
2076.01
2181.87
2181.87
2010.51
2010.51
2026.68
2026.68
948.38
948.38
2377.41
2377.41
2316.29
2316.29
1170.52
1170.52
157.41
157.41
577.23
577.23
2061.51
2061.51
2213.25
2213.25
2209.71
2209.71
2052.13
2052.13
2052.13
2052.13
2052.13
2052.13
128.79
128.79
838.99
838.99
2038.79
2038.79
2134.50
2134.50
1182.42
1182.42
1823.57
1823.57
1912.43
1912.43
2192.29
2192.29
877.78
877.78
514.74
514.74
592.39
592.39
1314.01
1314.01
2195.85
2195.85
1075.36
1075.36
2056.51
2056.51
2116.14
2116.14
1391.77
1391.77
841.84
841.84
432.49
432.49
2107.17
2107.17
747.42
747.42
300.56
300.56
2326.49
2326.49
101.67
101.67
62.39
62.39
691.80
691.80
1964.86
1964.86
1682.63
1682.63
357.38
357.38
16.83
16.83
124.68
124.68
1943.45
1943.45
2371.56
2371.56
490.51
490.51
125.49
125.49
337.40
337.40
2037.15
2037.15
1137.10
1137.10
2143.85
2143.85
1958.11
1958.11
1819.40
1819.40
584.26
584.26
111.74
111.74
73.56
73.56
1595.99
1595.99
372.20
372.20
16.65
16.65
1274.20
1274.20
318.73
318.73
115.38
115.38
217.45
217.45
2518.69
2518.69
2033.16
2033.16
2185.88
2185.88
2107.09
2107.09
17.19
17.19
897.29
897.29
293.34
293.34
2107.06
2107.06
275.53
275.53
56.46
56.46
16.70
16.70
299.77
299.77
2002.89
2002.89
2152.21
2152.21
2115.79
2115.79
2161.31
2161.31
63.74
63.74
772.85
772.85
1352.79
1352.79
1362.41
1362.41
487.73
487.73
2038.90
2038.90
759.60
759.60
117.50
117.50
661.69
661.69
1009.87
1009.87
563.47
563.47
914.51
914.51
1853.76
1853.76
696.64
696.64
1866.76
1866.76
2270.84
2270.84
1536.64
1536.64
1604.00
1604.00
346.25
346.25
2215.19
2215.19
2050.41
2050.41
2183.44
2183.44
351.80
351.80
341.25
341.25
176.66
176.66
945.53
945.53
2092.64
2092.64
1342.28
1342.28
1130.28
1130.28
1918.43
1918.43
289.70
289.70
89.29
89.29
1971.30
1971.30
102.63
102.63
217.72
217.72
2194.18
2194.18
322.86
322.86
2160.11
2160.11
1250.35
1250.35
1827.23
1827.23
1228.44
1228.44
1795.53
1795.53
82.38
82.38
2067.21
2067.21
924.16
924.16
2072.05
2072.05
438.81
438.81
1226.94
1226.94
2292.47
2292.47
691.44
691.44
1280.51
1280.51
611.47
611.47
216.29
216.29
501.36
501.36
1850.43
1850.43
470.27
470.27
726.28
726.28
237.53
237.53
2146.63
2146.63
2048.55
2048.55
1962.94
1962.94
1395.87
1395.87
27.31
27.31
452.16
452.16
2113.12
2113.12
2575.11
2575.11
130.69
130.69
560.11
560.11
2169.23
2169.23
1803.95
1803.95
1002.87
1002.87
368.26
368.26
1819.47
1819.47
2015.43
2015.43
42.36
42.36
2291.00
2291.00
2163.43
2163.43
260.76
260.76
1114.18
1114.18
315.71
315.71
627.09
627.09
2086.44
2086.44
452.07
452.07
2041.30
2041.30
1682.97
1682.97
669.08
669.08
117.25
117.25
743.20
743.20
2176.76
2176.76
2052.94
2052.94
303.78
303.78
2349.91
2349.91
2108.44
2108.44
322.64
322.64
87.41
87.41
665.23
665.23
25.35
25.35
2229.23
2229.23
60.39
60.39
1857.29
1857.29
2071.38
2071.38
2071.38
2071.38
2071.38
2071.38
2071.38
2071.38
2071.38
2071.38
2071.38
2071.38
2060.63
2060.63
2060.63
2060.63
2060.63
2060.63
2129.34
2129.34
2074.46
2074.46
2442.55
2442.55
2446.65
2446.65
2503.67
2503.67
2503.67
2503.67
2503.67
2503.67
895.34
895.34
2052.46
2052.46
1286.00
1286.00
794.14
794.14
2108.52
2108.52
2004.23
2004.23
191.25
191.25
628.71
628.71
2163.69
2163.69
2055.28
2055.28
24.31
24.31
308.91
308.91
1640.63
1640.63
2029.96
2029.96
2029.96
2029.96
1518.16
1518.16
2107.11
2107.11
1961.10
1961.10
1241.33
1241.33
2194.54
2194.54
2124.61
2124.61
2144.08
2144.08
517.11
517.11
2200.24
2200.24
1527.99
1527.99
55.67
55.67
790.90
790.90
2132.63
2132.63
2147.58
2147.58
2147.58
2147.58
2057.00
2057.00
2114.65
2114.65
2486.00
2486.00
207.81
207.81
2215.30
2215.30
2419.14
2419.14
1904.23
1904.23
2005.85
2005.85
1321.85
1321.85
827.43
827.43
744.54
744.54
1595.06
1595.06
2199.26
2199.26
757.27
757.27
512.68
512.68
281.62
281.62
2225.11
2225.11
174.22
174.22
209.45
209.45
2016.86
2016.86
1367.53
1367.53
2125.54
2125.54
1938.53
1938.53
1938.53
1938.53
609.35
609.35
1664.83
1664.83
1924.51
1924.51
2184.62
2184.62
40.42
40.42
2021.07
2021.07
2021.07
2021.07
856.08
856.08
710.81
710.81
1275.99
1275.99
1843.46
1843.46
100.29
100.29
39.75
39.75
1976.37
1976.37
2179.90
2179.90
1459.13
1459.13
2090.34
2090.34
2051.27
2051.27
2239.29
2239.29
2053.18
2053.18
1995.61
1995.61
2066.69
2066.69
619.74
619.74
351.24
351.24
40.72
40.72
40.72
40.72
40.72
40.72
40.72
118.21
118.21
118.21
118.21
118.21
118.21
53.98
53.98
329.29
329.29
438.17
51.81
309.99
71.30
52.14
79.09
528.58
87.31
87.31
84.33
408.37
46.73
46.73
812.71
812.71
371.73
371.73
221.56
221.56
143.83
143.83
256.19
256.19
120.04
120.04
85.24
85.24
48.86
48.86
365.97
365.97
18.52
18.52
66.37
66.37
958.08
958.08
71.35
71.35
305.55
305.55
305.55
305.55
25.82
25.82
25.82
186.52
186.52
59.84
59.84
244.98
244.98
61.23
159.13
159.13
432.82
432.82
12.74
12.74
1478.76
1478.76
24.18
24.18
382.97
382.97
78.38
78.38
321.66
321.66
227.05
227.05
96.02
96.02
692.00
692.00
164.95
164.95
2137.07
2137.07
12.77
12.77
108.51
108.51
108.51
563.31
563.31
95.37
56.80
56.80
753.29
753.29
137.60
137.60
137.60
137.60
137.60
137.60
621.02
621.02
727.75
727.75
727.75
2297.68
2299.02
2153.11
1671.90
1671.90
1908.52
1908.52
1908.52
1908.52
1908.52
1908.52
1908.52
1908.52
1908.52
1904.91
1818.69
2094.94
1439.81
2059.97
1941.85
1941.85
2266.85
2266.85
17.43
17.43
2029.62
2029.62
1423.10
1423.10
245.44
245.44
1080.27
1080.27
38.97
38.97
123.28
123.28
2004.97
2004.97
2265.43
2265.43
676.08
676.08
2253.56
2253.56
1959.18
1959.18
2086.11
2086.11
583.12
583.12
2323.18
2323.18
1995.74
1995.74
300.32
300.32
191.30
191.30
2135.68
2135.68
670.09
670.09
137.21
137.21
2072.89
2072.89
562.88
562.88
562.88
455.38
455.38
455.38
455.38
455.38
455.38
455.38
1565.55
1386.96
2002.76
1913.15
1913.15
451.58
700.40
700.40
287.60
287.60
581.96
581.96
690.64
690.64
115.90
115.90
270.38
270.38
346.81
346.81
1689.55
1689.55
670.03
670.03
158.85
158.85
2100.52
2100.52
1885.82
1885.82
1876.00
1876.00
2057.44
2057.44
829.11
829.11
2128.67
2128.67
315.39
315.39
461.92
461.92
1359.07
1359.07
18.71
18.71
2010.31
2010.31
1893.51
1893.51
1065.06
1065.06
174.11
174.11
2054.86
2054.86
1775.39
1775.39
1775.39
1996.36
1996.36
1996.36
1996.36
1996.36
1996.36
1996.36
1996.36
1996.36
1996.36
1996.36
287.27
287.27
34.90
34.90
34.90
34.90
2003.94
2099.94
2113.09
1871.14
1651.33
1651.33
1651.33
1651.33
1151.05
2218.07
1744.34
1744.34
1928.74
1928.74
399.11
399.11
256.58
256.58
496.42
496.42
741.54
741.54
2007.23
2007.23
1340.18
1340.18
482.74
482.74
116.90
116.90
2126.13
2126.13
1984.55
1984.55
2350.71
2350.71
756.18
756.18
336.88
336.88
1938.35
1938.35
2053.82
2053.82
1627.93
1627.93
1627.93
218.41
218.41
61.63
61.63
61.63
61.63
61.63
61.63
1868.77
1687.86
564.20
1351.14
1351.14
2152.12
2152.12
1271.33
1271.33
642.69
642.69
642.69
719.95
45.52
45.52
201.38
201.38
77.98
77.98
136.52
136.52
136.52
1602.98
1602.98
1602.98
687.52
687.52
687.52
998.06
2206.86
2206.86
2206.86
2206.86
2206.86
2206.86
226.16
226.16
462.23
462.23
73.40
73.40
518.13
518.13
518.13
17.95
17.95
282.42
282.42
1027.71
1027.71
34.32
34.32
137.00
137.00
773.79
773.79
304.22
304.22
122.73
122.73
608.31
608.31
269.70
269.70
471.37
471.37
84.84
84.84
346.70
346.70
26.91
26.91
1349.02
1349.02
84.32
84.32
364.02
364.02
13.20
13.20
1729.76
1729.76
130.99
130.99
1010.00
1010.00
553.63
553.63
1179.11
1179.11
747.84
747.84
83.64
83.64
16.07
16.07
366.88
366.88
733.87
733.87
183.93
183.93
60.80
60.80
341.60
341.60
756.58
756.58
10.43
10.43
60.80
60.80
14.34
14.34
211.01
211.01
203.05
203.05
53.85
53.85
903.45
903.45
39.42
39.42
68.58
68.58
177.45
177.45
260.20
260.20
68.90
68.90
647.57
647.57
170.20
170.20
81.04
81.04
14.06
14.06
80.02
80.02
86.77
86.77
116.91
116.91
14.61
14.61
537.83
537.83
537.83
537.83
537.83
554.66
554.66
1411.15
2393.84
2393.84
148.35
148.35
1719.27
1719.27
2476.58
2476.58
1992.37
1992.37
1992.37
1992.37
2320.89
2320.89
582.79
582.79
1833.91
1833.91
1589.19
1589.19
1974.25
1974.25
1810.40
1810.40
2111.16
2111.16
46.80
46.80
1101.38
1101.38
1259.30
1259.30
2061.72
2061.72
353.59
353.59
65.35
65.35
65.35
65.35
65.35
65.35
1153.05
201.22
2215.87
2215.87
2162.50
74.16
1995.51
1995.51
2331.98
2331.98
2151.97
2151.97
1964.66
1964.66
2068.56
2068.56
2083.57
2083.57
1684.86
1684.86
1887.83
1887.83
2258.95
2258.95
2269.35
2269.35
2133.27
2133.27
21.15
21.15
1895.62
1895.62
20.66
20.66
534.80
534.80
2261.09
2261.09
1931.69
1931.69
2221.33
2221.33
2103.04
2103.04
2128.07
2128.07
2317.74
2317.74
346.76
346.76
238.41
238.41
43.58
43.58
43.58
43.58
1108.70
1408.95
1875.12
1875.12
2173.12
2173.12
489.31
489.31
17.48
17.48
2450.72
2450.72
2336.73
2336.73
1940.83
1940.83
16.91
16.91
921.62
921.62
307.33
307.33
2196.86
2196.86
1909.72
1909.72
567.02
567.02
94.92
94.92
811.64
811.64
952.10
952.10
1826.23
1826.23
1861.76
1861.76
152.75
152.75
1545.75
1545.75
801.71
801.71
2138.98
2138.98
682.35
682.35
101.30
101.30
1195.77
1195.77
1573.52
1573.52
814.26
814.26
814.26
814.26
814.26
814.26
814.26
814.26
2712.24
1283.12
381.22
191.99
703.44
1163.95
618.19
618.19
1602.54
1602.54
95.29
95.29
681.37
681.37
635.50
635.50
2009.89
2009.89
2279.63
2279.63
1272.89
1272.89
334.80
334.80
735.25
735.25
2096.28
2096.28
788.41
788.41
2421.99
2421.99
377.61
377.61
757.24
757.24
2217.07
2217.07
1561.50
1561.50
866.36
866.36
126.30
126.30
841.41
841.41
1951.81
1951.81
132.54
132.54
1516.81
1516.81
1900.32
1900.32
421.91
421.91
694.46
694.46
169.52
169.52
2051.64
2051.64
33.82
33.82
527.32
527.32
1714.80
1714.80
2252.92
2252.92
2087.81
2087.81
387.40
387.40
173.17
173.17
173.17
256.88
54.78
54.78
2205.36
2205.36
2069.38
2069.38
2389.81
2389.81
514.86
514.86
467.19
467.19
467.19
467.19
467.19
467.19
467.19
1380.32
1854.06
1890.65
534.77
1248.58
640.92
640.92
2270.47
2270.47
17.14
17.14
2545.53
2545.53
805.15
805.15
307.49
307.49
2116.90
2116.90
2089.10
2089.10
346.65
346.65
1517.89
1517.89
32.95
32.95
16.10
16.10
543.60
543.60
123.78
123.78
720.54
720.54
1298.49
1298.49
1266.96
1266.96
363.07
363.07
184.99
184.99
317.35
317.35
1711.01
1711.01
1824.73
1824.73
1715.57
1715.57
1955.65
1955.65
254.38
254.38
397.68
397.68
1904.02
1904.02
2098.78
2098.78
1805.35
1805.35
495.63
495.63
1730.99
1730.99
1450.82
1450.82
458.00
458.00
2052.71
2052.71
683.00
683.00
1047.54
1047.54
1984.17
1984.17
838.96
838.96
365.39
365.39
1587.22
1587.22
2149.11
2149.11
16.74
16.74
468.43
468.43
1874.56
1874.56
2139.24
2139.24
706.70
706.70
1845.56
1845.56
2101.64
2101.64
2299.05
2299.05
1448.98
1448.98
893.13
893.13
2089.25
2089.25
2071.90
2071.90
109.86
109.86
17.10
17.10
137.79
137.79
2176.63
2176.63
2210.13
2210.13
2066.30
2066.30
103.50
103.50
664.98
664.98
2110.31
2110.31
339.95
339.95
1803.63
1803.63
1151.21
1151.21
95.68
95.68
1266.99
1266.99
358.75
358.75
58.66
58.66
2466.52
2466.52
2061.39
2061.39
2042.80
2042.80
669.91
669.91
1290.92
1290.92
2046.84
2046.84
2147.50
2147.50
1917.51
1917.51
1321.31
1321.31
381.03
381.03
1689.28
1689.28
1345.77
1345.77
1971.85
1971.85
242.27
242.27
699.93
699.93
1936.27
1936.27
10.00
10.00
2010.29
2010.29
2061.20
2061.20
608.17
608.17
1469.40
1469.40
2006.54
2006.54
1875.19
1875.19
150.77
150.77
2055.54
2055.54
1938.02
1938.02
618.62
618.62
1259.83
1259.83
65.16
65.16
1001.51
1001.51
1653.01
1653.01
729.43
729.43
511.87
511.87
463.99
463.99
729.84
729.84
2284.53
2284.53
2173.36
2173.36
2173.36
2173.36
1204.53
1204.53
1204.53
1204.53
1204.53
1204.53
1204.53
1204.53
1204.53
1204.53
1204.53
1204.53
10.00
10.00
132.57
132.57
94.41
123.55
900.66
124.62
321.39
135.49
157.71
190.07
56.05
56.05
12.61
12.61
515.43
515.43
41.50
41.50
24.64
24.64
120.39
120.39
572.09
572.09
109.39
109.39
92.68
92.68
657.46
657.46
481.79
481.79
668.01
668.01
638.80
638.80
296.63
296.63
73.66
73.66
71.61
71.61
249.55
249.55
22.84
22.84
752.26
752.26
122.41
122.41
311.16
311.16
702.62
702.62
80.55
80.55
195.65
195.65
38.32
38.32
46.76
46.76
172.03
172.03
46.63
46.63
37.65
37.65
1092.00
1092.00
51.29
51.29
60.57
60.57
974.75
974.75
372.16
372.16
12.80
12.80
224.97
224.97
65.70
65.70
54.83
54.83
36.17
36.17
426.46
426.46
517.60
517.60
51.13
51.13
249.52
249.52
139.07
139.07
163.85
163.85
341.00
341.00
23.97
23.97
101.90
101.90
36.03
36.03
892.77
892.77
892.77
35.43
35.43
1274.60
106.51
106.51
127.18
127.18
1456.21
1456.21
52.53
52.53
547.08
547.08
186.43
186.43
48.17
48.17
65.95
65.95
50.79
50.79
213.39
213.39
11.58
11.58
101.65
101.65
24.25
24.25
1516.76
1516.76
85.08
85.08
89.96
89.96
642.96
642.96
44.86
44.86
149.70
149.70
40.11
40.11
73.89
73.89
12.79
12.79
12.79
271.66
166.75
166.75
26.04
26.04
231.11
231.11
124.04
124.04
401.25
401.25
160.82
160.82
1724.35
1724.35
879.82
879.82
58.05
58.05
25.23
25.23
49.52
49.52
133.44
133.44
544.54
544.54
114.10
114.10
114.10
63.07
63.07
42.12
42.12
642.55
642.55
642.55
106.09
106.09
53.88
53.88
820.44
820.44
85.68
981.48
141.34
141.34
267.21
267.21
17.90
17.90
13.97
13.97
1215.26
1215.26
40.94
40.94
40.94
78.13
78.13
770.43
770.43
1079.45
43.34
43.34
120.00
120.00
152.28
152.28
237.72
237.72
356.75
356.75
1710.23
1710.23
1175.48
1175.48
951.51
951.51
286.49
286.49
61.68
61.68
298.54
298.54
484.88
484.88
13.84
13.84
12.87
12.87
12.59
12.59
437.64
437.64
868.82
868.82
188.75
188.75
905.57
905.57
17.35
17.35
139.50
139.50
484.96
484.96
41.27
41.27
150.76
150.76
10.00
10.00
391.74
391.74
131.10
131.10
25.64
25.64
54.76
54.76
216.56
216.56
443.88
443.88
68.38
68.38
105.04
105.04
182.05
182.05
182.05
169.46
169.46
69.63
311.48
311.48
25.73
25.73
26.33
26.33
482.99
482.99
642.45
642.45
346.80
346.80
346.80
12.82
106.73
106.73
106.73
1084.66
61.38
61.38
83.45
83.45
228.32
228.32
17.77
17.77
47.49
47.49
47.49
28.32
515.29
515.29
900.41
900.41
55.32
55.32
1104.84
1104.84
238.21
238.21
451.85
451.85
113.14
113.14
308.21
308.21
1555.05
1555.05
115.09
115.09
10.00
10.00
76.86
76.86
232.41
232.41
88.84
88.84
207.54
207.54
66.18
66.18
66.18
61.95
61.95
159.49
79.06
79.06
79.06
101.78
101.78
225.83
225.83
122.02
122.02
25.25
25.25
35.26
35.26
179.63
179.63
316.81
316.81
225.15
225.15
232.36
232.36
17.63
17.63
23.63
23.63
107.53
107.53
993.03
993.03
93.60
93.60
34.84
34.84
52.90
52.90
641.19
641.19
40.93
40.93
174.70
174.70
37.79
37.79
54.02
54.02
357.63
357.63
49.49
49.49
39.74
39.74
121.67
121.67
57.10
57.10
262.41
262.41
208.49
208.49
148.59
148.59
200.55
200.55
169.10
169.10
1269.24
1269.24
1866.27
1866.27
51.16
51.16
73.45
73.45
24.54
24.54
242.46
242.46
254.89
254.89
791.56
791.56
108.37
108.37
605.21
605.21
179.78
179.78
444.86
444.86
358.20
358.20
12.79
12.79
30.43
30.43
133.19
133.19
354.76
354.76
26.98
26.98
49.84
49.84
746.60
746.60
257.46
257.46
14.31
14.31
1544.51
1544.51
67.65
67.65
563.24
563.24
541.88
541.88
232.68
232.68
36.46
36.46
40.99
40.99
725.81
725.81
279.17
279.17
282.77
282.77
34.19
34.19
205.54
205.54
89.06
89.06
1496.03
1496.03
177.34
177.34
197.94
197.94
503.52
503.52
503.52
339.59
339.59
368.05
368.05
368.05
39.33
39.33
39.33
274.92
274.92
48.31
48.31
121.56
464.40
156.86
559.48
559.48
147.74
147.74
152.84
152.84
347.45
347.45
24.38
24.38
453.71
453.71
124.64
124.64
53.40
53.40
197.91
197.91
118.68
118.68
591.40
591.40
117.51
117.51
213.11
213.11
345.78
345.78
117.89
117.89
96.60
96.60
142.84
142.84
41.20
41.20
1712.70
1712.70
575.52
575.52
563.78
563.78
13.74
13.74
656.60
656.60
182.22
182.22
300.41
300.41
13.99
13.99
498.26
498.26
34.75
34.75
319.69
319.69
44.38
44.38
124.26
124.26
382.56
382.56
1687.20
1687.20
28.82
28.82
12.45
12.45
215.78
215.78
38.48
38.48
407.23
407.23
1458.05
1458.05
761.76
761.76
12.52
12.52
77.97
77.97
156.25
156.25
27.14
27.14
139.70
139.70
84.63
84.63
193.14
193.14
56.17
56.17
48.63
48.63
34.76
34.76
220.28
220.28
157.82
157.82
67.06
67.06
24.02
24.02
205.43
205.43
167.84
167.84
61.65
61.65
116.31
116.31
64.91
64.91
1296.04
1296.04
13.67
13.67
129.67
129.67
549.67
549.67
53.18
53.18
946.74
946.74
799.00
799.00
799.00
799.00
799.00
799.00
799.00
799.00
1519.71
2140.97
2048.35
2048.35
417.84
417.84
896.33
