# 1Hz Kbps trace generated by import_real_world_traces.py
124.22
438.69
414.25
505.02
361.93
445.89
383.62
383.62
469.83
469.83
469.83
393.53
393.53
387.66
437.90
437.90
442.99
350.41
350.41
350.41
219.70
426.23
426.23
420.69
411.12
103.27
103.27
103.27
240.72
240.72
240.72
240.72
240.72
240.72
240.72
240.72
240.72
240.72
360.20
360.20
147.95
147.95
131.58
131.58
255.03
262.34
220.40
220.40
156.15
190.31
210.48
210.48
195.47
344.15
409.27
409.27
427.06
427.06
303.49
366.12
366.12
416.53
427.10
427.10
427.10
427.10
285.45
285.45
285.45
275.31
275.31
275.31
327.27
327.27
234.20
234.20
290.53
290.53
316.86
316.86
278.66
278.66
278.66
111.26
111.26
487.41
487.41
365.51
271.23
327.32
266.37
266.37
452.30
452.30
452.30
256.44
256.44
464.88
464.88
458.95
458.95
462.06
462.06
314.87
426.80
426.80
426.80
375.33
321.88
321.88
321.88
321.88
454.84
270.95
270.95
270.95
437.13
531.11
531.11
424.33
424.33
453.54
453.54
445.29
527.16
527.16
441.19
441.19
441.19
392.51
392.51
392.51
392.51
207.20
207.20
197.63
199.61
199.61
199.61
402.90
402.90
214.97
214.97
214.97
142.98
142.98
240.03
240.03
240.03
166.71
166.71
166.71
123.30
123.30
99.79
99.79
131.23
247.03
247.03
204.12
238.49
225.74
332.60
441.42
441.42
409.68
409.68
273.52
273.52
392.07
392.07
392.07
392.07
392.07
392.07
392.07
265.08
265.08
407.55
407.55
446.44
298.55
298.55
387.43
254.75
254.75
402.46
402.46
470.26
470.26
470.26
433.28
433.28
433.28
478.71
478.71
365.63
422.36
422.36
279.97
279.97
279.97
424.44
429.40
421.78
421.78
209.40
209.40
209.40
133.78
133.78
133.78
109.88
423.76
