# 1Hz Kbps trace generated by import_real_world_traces.py
5437.65
4527.07
4527.07
5982.10
5982.10
7529.36
7529.36
3362.61
3362.61
3452.95
3452.95
1659.35
1659.35
1122.42
1122.42
3075.31
3075.31
6960.24
6960.24
2213.57
2213.57
10.00
10.00
39.43
39.43
1382.60
1382.60
121.66
121.66
10.00
10.00
303.99
303.99
445.39
445.39
2985.41
2985.41
2985.41
294.11
436.20
436.20
1298.01
1298.01
207.80
207.80
235.53
235.53
3218.31
3218.31
2739.09
2739.09
7467.31
7467.31
406.94
406.94
490.23
490.23
5131.99
5131.99
6606.81
6606.81
4018.73
4018.73
107.62
107.62
2505.89
2505.89
370.75
370.75
3096.12
3096.12
4565.76
4565.76
27.54
27.54
75.75
75.75
308.44
308.44
477.69
477.69
477.82
477.82
183.41
183.41
79.94
79.94
159.83
159.83
159.83
357.53
259.60
259.60
164.82
164.82
699.82
699.82
185.41
185.41
1535.84
1535.84
6518.28
6518.28
6518.28
624.95
624.95
29.54
52.60
52.60
52.60
47.09
20.29
20.29
4334.54
4334.54
177.04
177.04
3288.28
3288.28
4088.93
4088.93
970.47
970.47
81.91
81.91
2610.16
2610.16
30.25
30.25
3245.18
3245.18
2881.91
2881.91
6839.44
6839.44
5538.15
5538.15
3398.58
3398.58
2883.54
2883.54
2770.17
2770.17
152.08
152.08
3352.35
3352.35
164.51
164.51
200.09
200.09
53.75
53.75
2310.12
2310.12
734.81
734.81
979.57
979.57
217.23
217.23
217.23
38.12
38.12
53.86
53.86
1668.61
1668.61
1939.60
1939.60
187.17
20.32
20.32
525.42
525.42
2537.88
2537.88
445.90
445.90
5420.00
5420.00
3326.83
3326.83
104.36
104.36
104.36
2181.51
96.25
96.25
5069.07
5069.07
5609.99
5609.99
1326.56
1326.56
128.29
128.29
4240.81
4240.81
162.39
162.39
373.45
373.45
795.99
795.99
25.14
25.14
25.14
307.28
205.09
205.09
590.72
590.72
597.62
597.62
547.84
547.84
1339.81
1339.81
6400.57
6400.57
2221.19
2221.19
2221.19
5422.76
655.25
655.25
818.14
818.14
2213.64
2213.64
2213.64
1069.68
2542.25
2542.25
2542.25
79.70
2815.90
2815.90
3653.06
3653.06
170.92
170.92
3630.29
3630.29
2551.56
2551.56
659.71
659.71
187.15
187.15
1450.90
1450.90
2528.52
2528.52
555.29
555.29
4705.34
4705.34
570.33
570.33
3215.92
3215.92
2990.21
2990.21
2324.03
2324.03
793.45
793.45
2822.30
2822.30
2822.30
4742.04
4538.36
4538.36
4538.36
119.58
119.58
1153.54
10.00
10.00
10.00
3534.10
3534.10
8010.56
2961.26
2961.26
2961.26
659.96
659.96
6664.74
6664.74
2864.30
2864.30
8416.08
8416.08
6100.58
6100.58
2694.56
2694.56
6286.31
6286.31
4907.71
4907.71
9272.66
9272.66
5153.85
5153.85
4691.79
4691.79
6850.56
6850.56
8229.75
8229.75
7396.45
7396.45
4330.60
4330.60
4911.28
4911.28
4494.37
4494.37
7226.78
7226.78
5841.36
5841.36
6093.20
6093.20
496.12
496.12
11693.19
11693.19
1192.35
1192.35
8051.05
8051.05
1378.51
1378.51
4835.06
4835.06
4886.02
4886.02
3196.74
3196.74
753.73
753.73
13.01
13.01
71.35
71.35
289.49
289.49
8602.13
8602.13
8602.13
8602.13
380.06
380.06
3953.32
3953.32
3135.81
3135.81
3532.77
3532.77
1199.18
1199.18
6434.96
6434.96
5361.61
5361.61
7421.69
7421.69
3872.53
3872.53
6588.81
6588.81
19.64
19.64
4137.55
4137.55
2758.56
2758.56
3926.06
3926.06
5151.70
5151.70
3164.20
3164.20
6333.86
6333.86
6591.55
6591.55
4577.15
4577.15
3555.14
3555.14
8314.90
8314.90
6012.08
6012.08
5900.90
5900.90
6415.77
6415.77
605.27
605.27
6630.47
6630.47
3591.04
3591.04
4428.62
4428.62
2309.30
2309.30
3313.79
3313.79
1987.63
1987.63
3213.31
3213.31
6691.79
6691.79
3083.48
3083.48
3063.37
3063.37
2941.02
2941.02
1851.05
1851.05
272.32
272.32
416.99
416.99
2067.46
2067.46
4728.20
4728.20
7476.04
7476.04
2726.41
2726.41
3769.53
3769.53
4576.86
4576.86
4114.98
4114.98
217.36
217.36
3362.38
3362.38
2739.07
2739.07
85.39
85.39
6425.64
6425.64
4623.98
4623.98
1396.34
1396.34
90.72
90.72
60.86
60.86
2437.29
2437.29
3203.80
3203.80
3235.93
3235.93
3613.93
3613.93
2998.02
2998.02
2711.46
2711.46
304.14
304.14
1129.61
1129.61
1049.36
1049.36
7446.39
7446.39
94.68
94.68
547.84
547.84
559.32
559.32
31.34
31.34
7280.23
7280.23
4393.25
4393.25
8914.85
8914.85
2710.50
2710.50
3963.83
3963.83
1685.41
1685.41
246.82
246.82
4237.79
4237.79
565.05
565.05
3899.20
3899.20
5152.35
5152.35
4292.02
4292.02
3053.69
3053.69
1071.12
1071.12
222.97
222.97
1439.33
1439.33
3546.41
3546.41
97.29
97.29
156.76
156.76
441.81
441.81
24.75
24.75
1321.79
1321.79
6947.64
6947.64
5016.99
5016.99
8918.73
8918.73
103.61
103.61
3788.57
3788.57
2112.82
2112.82
5083.36
5083.36
2690.25
2690.25
3174.68
3174.68
4328.77
4328.77
159.96
159.96
99.35
99.35
20.90
20.90
81.61
81.61
1806.24
1806.24
99.71
99.71
4719.10
4719.10
86.11
86.11
4418.92
4418.92
3915.36
3915.36
140.88
140.88
507.44
507.44
2115.49
2115.49
3928.17
3928.17
3515.12
3515.12
2999.01
2999.01
39.18
39.18
25.10
25.10
10.00
10.00
30.75
30.75
3588.26
3588.26
192.00
192.00
81.05
81.05
80.14
80.14
5589.68
5589.68
1416.83
1416.83
8627.14
8627.14
8227.76
8227.76
179.51
179.51
91.04
91.04
10.00
10.00
162.09
162.09
22.99
22.99
154.03
154.03
92.05
92.05
62.13
62.13
43.26
43.26
192.04
192.04
26.38
26.38
2811.65
2811.65
2985.30
2985.30
905.68
905.68
4696.74
4696.74
3098.47
3098.47
3382.01
3382.01
1491.47
1491.47
590.72
590.72
8205.31
8205.31
2308.61
2308.61
358.79
358.79
10.00
10.00
53.90
53.90
457.79
457.79
457.79
10.00
37.57
37.57
115.06
115.06
4414.63
4414.63
1941.26
1941.26
112.79
112.79
1784.42
1784.42
28.01
28.01
89.58
89.58
212.16
212.16
70.60
70.60
225.95
225.95
22.95
22.95
446.13
446.13
5331.62
5331.62
5700.79
5700.79
1529.16
1529.16
4241.14
4241.14
5477.60
5477.60
6738.99
6738.99
5917.96
5917.96
83.78
83.78
18.58
18.58
1569.93
1569.93
216.45
216.45
5762.04
5762.04
3250.23
3250.23
1819.57
1819.57
1110.20
1110.20
2581.84
2581.84
585.68
585.68
91.94
91.94
2941.98
2941.98
28.79
28.79
2416.47
2416.47
580.76
580.76
3322.27
3322.27
356.06
356.06
1317.23
1317.23
168.79
168.79
5608.14
5608.14
863.06
863.06
6027.60
6027.60
2856.02
2856.02
1745.06
1745.06
26.09
26.09
257.53
257.53
114.90
114.90
374.14
374.14
533.26
533.26
3387.13
3387.13
1352.48
1352.48
5201.27
5201.27
167.65
167.65
940.43
940.43
2396.98
2396.98
1170.77
1170.77
2338.12
2338.12
79.44
79.44
4515.42
4515.42
9289.64
9289.64
656.82
656.82
3666.24
3666.24
1155.48
1155.48
3174.10
3174.10
2791.28
2791.28
21.50
21.50
5447.39
5447.39
5034.77
5034.77
257.10
257.10
2457.75
2457.75
3524.79
3524.79
1456.74
1456.74
4658.28
4658.28
6429.06
6429.06
7854.52
7854.52
432.90
432.90
447.54
447.54
91.79
91.79
507.16
507.16
4294.70
4294.70
1776.69
1776.69
2980.01
2980.01
1191.55
1191.55
636.54
636.54
32.45
32.45
2066.62
2066.62
2259.75
2259.75
2311.74
2311.74
3609.97
3609.97
27.36
27.36
8678.85
8678.85
3418.99
3418.99
603.67
603.67
168.42
168.42
124.93
124.93
1147.78
1147.78
1148.86
1148.86
2579.85
2579.85
336.51
336.51
336.51
420.37
420.37
420.37
1477.75
1477.75
2017.02
353.42
400.99
400.99
702.60
702.60
4349.88
4349.88
2182.33
2182.33
2523.45
2523.45
1302.54
1302.54
158.43
158.43
1421.48
1421.48
5571.27
5571.27
183.86
183.86
563.07
563.07
3507.83
3507.83
100.04
100.04
2115.79
2115.79
570.68
570.68
21.37
21.37
2555.29
2555.29
2360.80
2360.80
188.78
188.78
3537.99
3537.99
90.19
90.19
1994.85
1994.85
5267.28
5267.28
5297.43
5297.43
3619.64
3619.64
3473.89
3473.89
102.83
102.83
2386.10
2386.10
387.52
387.52
295.16
295.16
26.58
26.58
169.44
169.44
62.62
62.62
1351.31
1351.31
73.83
73.83
961.72
961.72
32.04
32.04
2754.18
2754.18
7414.36
7414.36
96.89
96.89
3080.08
3080.08
1363.78
1363.78
213.37
213.37
3021.91
3021.91
80.93
80.93
3567.22
3567.22
213.21
213.21
4808.66
4808.66
502.25
502.25
1009.39
1009.39
2785.12
2785.12
92.28
92.28
6393.06
6393.06
14.20
14.20
235.69
235.69
1466.42
1466.42
1754.03
1754.03
44.16
44.16
28.85
28.85
169.65
169.65
90.16
90.16
793.82
793.82
226.81
226.81
573.01
573.01
202.31
202.31
85.49
85.49
117.24
117.24
243.94
243.94
156.61
156.61
2584.67
2584.67
1303.60
1303.60
2005.21
2005.21
36.17
36.17
3170.54
3170.54
451.25
451.25
1943.49
1943.49
239.61
239.61
3005.91
3005.91
36.13
36.13
4909.66
4909.66
4909.66
308.48
3212.81
3212.81
3016.94
3016.94
3121.28
3121.28
1024.19
1024.19
33.25
33.25
3434.29
3434.29
7137.52
7137.52
6633.51
6633.51
6633.51
6562.01
7621.37
7621.37
7621.37
3157.95
236.28
236.28
5479.66
5479.66
146.50
146.50
146.50
161.15
182.29
182.29
182.29
217.69
4719.69
4719.69
230.66
230.66
113.41
113.41
4504.84
4504.84
11142.92
11142.92
4440.93
4440.93
6508.49
6508.49
2623.62
2623.62
4804.12
4804.12
4804.12
557.35
5118.99
5118.99
5118.99
1243.89
1243.89
1662.14
1446.03
1446.03
5054.88
5054.88
5054.88
5378.50
4227.77
4227.77
4227.77
2586.06
2346.75
2346.75
48.67
48.67
2123.69
2123.69
8257.57
8257.57
789.15
789.15
97.37
97.37
97.37
1601.90
1601.90
858.36
2912.94
2912.94
3612.20
3612.20
3612.20
1000.32
1000.32
319.14
319.14
684.19
4435.68
4435.68
6690.91
6690.91
6690.91
818.59
5304.55
5304.55
3091.02
3091.02
3357.90
3357.90
4510.61
4510.61
6713.84
6713.84
3307.12
3307.12
4669.18
4669.18
4669.18
5955.26
5955.26
920.24
3681.01
3681.01
4710.54
4710.54
4710.54
5548.64
4251.58
4251.58
4508.56
4508.56
6087.77
6087.77
494.08
494.08
6585.92
6585.92
687.09
687.09
29.19
29.19
69.10
69.10
3810.22
3810.22
10.00
10.00
5973.21
5973.21
723.61
723.61
1666.70
1666.70
1666.70
4224.11
4224.11
3363.69
4642.71
4642.71
4642.71
3407.42
3407.42
2531.59
3328.40
3328.40
3328.40
3646.80
3646.80
4664.48
64.87
64.87
64.87
3114.80
146.28
146.28
6597.45
6597.45
6597.45
6549.45
6549.45
281.81
157.06
157.06
4399.97
4399.97
9005.70
9005.70
3153.96
3153.96
3153.96
5673.44
5673.44
46.67
46.67
3917.12
3917.12
25.59
2295.50
2295.50
2627.53
2627.53
218.96
218.96
4291.03
4291.03
4497.80
4497.80
3229.51
3229.51
106.72
106.72
5395.52
5395.52
5395.52
975.34
975.34
231.85
231.85
231.85
12.76
12.76
12.76
271.62
2030.14
1520.91
1520.91
4878.59
2635.51
2635.51
404.56
404.56
404.56
100.32
100.32
7632.39
11229.73
11229.73
11229.73
4899.58
1452.66
1452.66
4335.09
4335.09
4335.09
1997.77
1997.77
297.25
8057.03
8057.03
224.12
224.12
6598.22
6598.22
3286.45
3286.45
3286.45
5612.57
5612.57
2732.26
2732.26
1078.27
1078.27
1712.46
1712.46
10.00
10.00
10.00
10.00
158.16
158.16
9187.89
9187.89
3496.48
3496.48
7701.44
7701.44
3853.69
3853.69
6746.57
6746.57
5167.96
5167.96
3907.75
3907.75
6964.73
6964.73
3833.34
3833.34
2631.10
2631.10
62.62
62.62
164.75
164.75
2104.14
2104.14
10.00
10.00
141.82
141.82
2307.84
2307.84
3224.16
3224.16
5145.94
5145.94
1143.11
1143.11
6685.27
6685.27
18.84
18.84
522.95
522.95
85.08
85.08
1469.55
1469.55
121.36
121.36
3401.52
3401.52
28.41
28.41
7460.71
7460.71
1222.48
1222.48
10.00
10.00
34.70
34.70
3232.24
3232.24
4897.82
4897.82
59.42
59.42
3007.78
3007.78
5159.77
5159.77
1829.29
1829.29
360.57
360.57
4444.45
4444.45
1054.64
1054.64
192.78
192.78
100.30
100.30
174.63
174.63
1912.97
1912.97
1173.35
1173.35
7303.19
7303.19
6987.69
6987.69
6802.62
6802.62
6774.20
6774.20
4593.24
4593.24
5957.25
5957.25
4642.76
4642.76
275.06
275.06
5134.75
5134.75
950.33
950.33
798.30
798.30
1084.73
1084.73
2300.95
2300.95
5204.14
5204.14
973.66
973.66
45.37
45.37
158.88
158.88
465.17
465.17
88.41
88.41
522.70
522.70
5393.11
5393.11
436.50
436.50
3713.39
3713.39
383.50
383.50
4780.24
4780.24
6121.13
6121.13
7695.89
7695.89
78.40
78.40
91.88
91.88
891.49
891.49
59.86
59.86
138.48
138.48
174.40
174.40
228.72
228.72
2923.09
2923.09
3083.15
3083.15
107.58
107.58
2065.97
2065.97
3017.56
3017.56
2854.48
2854.48
1396.20
1396.20
3274.38
3274.38
683.74
683.74
2240.53
2240.53
2518.53
2518.53
3431.87
3431.87
2421.69
2421.69
5757.31
5757.31
3663.25
3663.25
2967.78
2967.78
290.79
290.79
3455.24
3455.24
3907.18
3907.18
2029.86
2029.86
162.49
162.49
690.97
690.97
5793.93
5793.93
562.22
562.22
862.11
862.11
1743.48
1743.48
239.76
239.76
3630.25
3630.25
11.56
11.56
3085.45
3085.45
46.02
46.02
5011.13
5011.13
2775.13
2775.13
2536.52
2536.52
6403.69
6403.69
81.38
81.38
4875.42
4875.42
3669.54
3669.54
3796.41
3796.41
3203.70
3203.70
569.40
569.40
8980.86
8980.86
5214.70
5214.70
4724.48
4724.48
284.64
284.64
25.59
25.59
3292.02
3292.02
2641.99
2641.99
7421.72
7421.72
5564.14
5564.14
5157.24
5157.24
3638.53
3638.53
21.67
21.67
3337.91
3337.91
1853.12
1853.12
2018.86
2018.86
2297.74
2297.74
8541.97
8541.97
2933.37
2933.37
2933.37
2933.37
2935.18
2935.18
20.68
20.68
33.11
33.11
1170.33
1170.33
42.06
42.06
3354.76
3354.76
7557.12
7557.12
5472.60
5472.60
8314.03
8314.03
5176.11
5176.11
3111.47
3111.47
5229.60
5229.60
3416.90
3416.90
5698.88
5698.88
2229.49
2229.49
3339.76
3339.76
5074.80
5074.80
5512.11
5512.11
784.72
784.72
1408.63
1408.63
7403.60
7403.60
4992.37
4992.37
4241.55
4241.55
5625.39
5625.39
2590.47
2590.47
4031.77
4031.77
452.76
452.76
3274.10
3274.10
5859.88
5859.88
2056.50
2056.50
5858.21
5858.21
3874.33
3874.33
2990.52
2990.52
5455.59
5455.59
41.54
41.54
6126.81
6126.81
9205.51
9205.51
9616.49
9616.49
1892.25
1892.25
3694.60
3694.60
33.45
33.45
3706.55
3706.55
3706.55
3706.55
3706.55
3706.55
4720.78
4720.78
3887.89
3887.89
7305.80
7305.80
4774.09
4774.09
4025.63
4025.63
4172.79
4172.79
9567.65
9567.65
8013.88
8013.88
5604.04
5604.04
3158.89
3158.89
2501.40
2501.40
4625.25
4625.25
4216.57
4216.57
6107.48
6107.48
2925.71
2925.71
2558.21
2558.21
8346.70
8346.70
3639.28
3639.28
3736.06
3736.06
4281.79
4281.79
6104.30
6104.30
6881.29
6881.29
6185.90
6185.90
7099.56
7099.56
6430.95
6430.95
6186.82
6186.82
2619.34
2619.34
2862.73
2862.73
4059.20
4059.20
4059.20
4059.20
7229.17
7229.17
2979.81
2979.81
2979.81
2979.81
5796.60
5796.60
4278.00
4278.00
4233.07
4233.07
6230.49
6230.49
175.98
175.98
2901.37
2901.37
4559.21
4559.21
4666.15
4666.15
5997.15
5997.15
325.38
325.38
3303.98
3303.98
4011.94
4011.94
7471.37
7471.37
1878.32
1878.32
255.85
255.85
2094.20
2094.20
357.37
357.37
3368.75
3368.75
136.28
136.28
146.24
146.24
1203.50
1203.50
6727.37
6727.37
165.79
165.79
182.28
182.28
5070.66
5070.66
7995.02
7995.02
78.31
78.31
6518.15
6518.15
7589.93
7589.93
379.67
379.67
8126.69
8126.69
3202.53
3202.53
3599.97
3599.97
3405.47
3405.47
3580.88
3580.88
3016.77
3016.77
10.00
10.00
1639.30
1639.30
24.26
24.26
1232.70
1232.70
4873.75
4873.75
8894.12
8894.12
4178.77
4178.77
4006.56
4006.56
6894.28
6894.28
30.04
30.04
4616.02
4616.02
7691.20
7691.20
3465.92
3465.92
3124.09
3124.09
3046.55
3046.55
6883.36
6883.36
7830.22
7830.22
6458.80
6458.80
1348.92
1348.92
3378.24
3378.24
3340.64
3340.64
697.09
697.09
6771.07
6771.07
4959.76
4959.76
833.16
833.16
6249.73
6249.73
2642.72
2642.72
3487.15
3487.15
2741.77
2741.77
4120.25
4120.25
2961.49
2961.49
2902.79
2902.79
2185.70
2185.70
694.86
694.86
3180.78
3180.78
4935.02
4935.02
160.53
160.53
370.48
370.48
305.10
305.10
467.15
467.15
33.93
33.93
34.56
34.56
2020.63
2020.63
2415.59
2415.59
2520.78
2520.78
2866.64
2866.64
3804.75
3804.75
3289.12
3289.12
689.38
689.38
1143.01
1143.01
6908.58
6908.58
8821.13
8821.13
3887.68
3887.68
6734.61
6734.61
194.97
194.97
6261.02
6261.02
3648.52
3648.52
6305.55
6305.55
5394.04
5394.04
9731.46
9731.46
8074.01
8074.01
4555.49
4555.49
8764.15
8764.15
8314.35
8314.35
8314.35
8314.35
8314.35
8314.35
5900.34
5900.34
3116.19
3116.19
216.88
216.88
5056.25
5056.25
3467.70
3467.70
6230.58
6230.58
2864.18
2864.18
3357.23
3357.23
2184.07
2184.07
6493.39
6493.39
3574.52
3574.52
32.62
32.62
6573.87
6573.87
4963.27
4963.27
3504.54
3504.54
1734.78
1734.78
3653.67
3653.67
2886.65
2886.65
3794.42
3794.42
2982.54
2982.54
6800.56
6800.56
7434.29
7434.29
390.65
390.65
8902.10
8902.10
809.59
809.59
3554.50
3554.50
5475.21
5475.21
1092.53
1092.53
2711.81
2711.81
4047.02
4047.02
6128.19
6128.19
7773.66
7773.66
6681.46
6681.46
4539.70
4539.70
614.78
614.78
70.70
70.70
6319.36
6319.36
1968.25
1968.25
42.40
42.40
4061.77
4061.77
4061.77
254.92
3435.39
3435.39
2671.77
2671.77
3843.36
3843.36
3843.36
5334.16
5334.16
2122.81
1347.85
1347.85
3150.78
3150.78
3150.78
3324.38
3324.38
1332.04
1047.57
1047.57
1047.57
1889.03
1889.03
2172.82
2172.82
44.19
44.19
2975.51
2975.51
2709.22
2709.22
5794.32
5794.32
6330.71
6330.71
320.20
320.20
247.69
247.69
77.88
77.88
1357.79
657.70
657.70
657.70
6949.46
6949.46
6822.81
6822.81
4854.57
4854.57
3470.42
23.65
23.65
23.65
454.95
454.95
1270.23
6629.02
6629.02
6629.02
2620.11
2620.11
6374.89
6374.89
3246.91
779.65
779.65
779.65
103.59
103.59
5612.79
5612.79
6658.40
6658.40
1869.86
1869.86
14.98
91.72
91.72
91.72
1317.21
1317.21
83.86
83.86
51.42
51.42
5979.79
35.10
35.10
35.10
2832.84
2832.84
103.03
103.03
29.43
29.43
612.30
612.30
187.28
187.28
8677.31
8677.31
498.75
3946.94
3946.94
3946.94
2052.08
2052.08
324.98
324.98
611.10
611.10
1804.27
1804.27
900.05
900.05
515.52
515.52
4085.86
4085.86
3179.37
34.37
34.37
34.37
1158.97
1158.97
96.03
96.03
3086.90
3086.90
179.61
179.61
143.85
143.85
3349.91
3349.91
3421.14
3421.14
10.00
107.08
107.08
107.08
62.32
62.32
3628.25
3628.25
6413.79
6413.79
3455.43
3455.43
5214.82
5214.82
29.29
29.29
1554.59
1554.59
7868.77
7868.77
817.72
817.72
3629.77
3629.77
7693.48
7693.48
5721.23
5721.23
3376.15
3376.15
6341.22
6341.22
5038.59
5038.59
194.69
194.69
352.35
352.35
438.92
438.92
5210.91
5210.91
968.85
968.85
4711.85
4711.85
2539.34
2539.34
6696.83
6696.83
1290.66
1290.66
364.35
364.35
2715.32
2715.32
2094.76
2094.76
50.06
50.06
587.39
587.39
1843.57
1843.57
3596.03
3596.03
94.99
94.99
22.96
22.96
494.99
494.99
3153.48
3153.48
6652.30
6652.30
5876.52
5876.52
8473.83
8473.83
2886.80
2886.80
6137.02
6137.02
6066.74
6066.74
5921.68
5921.68
2217.06
2217.06
4634.54
4634.54
8375.30
8375.30
5904.80
5904.80
352.46
352.46
3195.75
3195.75
5252.35
5252.35
4718.60
4718.60
2100.01
2100.01
2100.01
2100.01
2485.12
2485.12
80.73
80.73
121.44
121.44
66.35
66.35
87.50
87.50
5059.78
5059.78
1356.24
1356.24
6467.13
6467.13
4162.73
4162.73
7346.15
7346.15
87.78
87.78
6247.08
6247.08
5023.31
5023.31
944.25
944.25
3455.19
3455.19
33.59
33.59
4777.54
4777.54
3430.07
3430.07
7951.19
7951.19
9489.41
9489.41
6213.93
6213.93
291.42
291.42
2794.85
2794.85
6439.24
6439.24
1154.41
1154.41
3106.95
3106.95
701.16
701.16
93.73
93.73
283.09
283.09
3006.23
3006.23
3310.55
3310.55
8073.79
8073.79
6568.20
6568.20
5936.07
5936.07
5006.25
5006.25
4753.91
4753.91
37.57
37.57
84.67
84.67
2859.57
2859.57
5629.03
5629.03
5013.32
5013.32
5742.63
5742.63
5182.86
5182.86
3477.42
3477.42
6387.80
6387.80
4817.17
4817.17
4268.45
4268.45
7506.24
7506.24
6900.82
6900.82
5150.87
5150.87
2859.57
2859.57
4774.53
4774.53
8089.96
8089.96
8790.74
8790.74
6488.69
6488.69
4395.40
4395.40
6862.89
6862.89
3399.44
3399.44
845.55
845.55
435.60
435.60
1216.62
1216.62
700.13
700.13
6066.12
6066.12
4347.04
4347.04
415.31
415.31
5731.37
5731.37
7008.94
7008.94
177.18
177.18
5835.96
5835.96
7466.39
7466.39
3428.87
3428.87
7641.16
7641.16
5179.73
5179.73
8065.58
8065.58
215.74
215.74
3967.54
3967.54
2185.38
2185.38
113.73
113.73
8505.89
8505.89
6285.95
6285.95
4754.54
4754.54
1104.78
1104.78
3433.39
3433.39
3197.09
3197.09
1341.43
1341.43
515.65
515.65
639.48
639.48
1459.24
1459.24
1501.36
1501.36
94.55
94.55
5749.65
5749.65
870.07
870.07
3669.43
3669.43
102.82
102.82
3604.23
3604.23
2625.09
2625.09
3749.32
3749.32
4588.59
4588.59
1851.85
1851.85
93.04
93.04
3381.66
3381.66
5971.84
5971.84
5916.82
5916.82
5930.12
5930.12
3215.99
3215.99
329.73
329.73
9741.72
9741.72
7431.39
7431.39
5221.15
5221.15
7177.20
7177.20
6095.73
6095.73
67.40
67.40
1383.42
1383.42
3810.68
3810.68
4360.77
4360.77
6398.01
6398.01
7236.01
7236.01
3441.62
3441.62
3445.32
3445.32
6241.07
6241.07
1849.65
1849.65
259.52
259.52
2699.92
2699.92
87.28
87.28
4277.11
4277.11
8593.66
8593.66
575.26
575.26
1504.88
1504.88
1776.39
1776.39
1877.71
1877.71
5187.58
5187.58
4305.33
4305.33
4613.37
4613.37
564.26
564.26
51.48
51.48
775.84
775.84
1997.53
1997.53
2796.17
2796.17
1377.46
1377.46
635.90
635.90
2182.04
2182.04
30.55
30.55
5373.45
5373.45
869.45
869.45
1572.10
1572.10
5372.25
5372.25
209.91
209.91
1335.06
1335.06
6964.79
6964.79
1757.59
1757.59
291.82
291.82
2582.56
2582.56
1254.39
1254.39
19.55
19.55
2303.42
2303.42
69.21
69.21
3445.64
3445.64
493.70
493.70
4949.44
4949.44
6193.92
6193.92
3459.10
3459.10
1224.63
1224.63
4281.86
4281.86
6035.73
6035.73
2042.03
2042.03
23.10
23.10
248.04
248.04
24.33
24.33
885.52
885.52
342.62
342.62
5006.47
5006.47
109.76
109.76
977.18
977.18
2947.99
2947.99
2092.22
2092.22
188.12
188.12
62.34
62.34
2231.80
2231.80
43.65
43.65
869.03
869.03
3904.54
3904.54
4176.66
4176.66
7111.41
7111.41
1152.17
1152.17
7827.85
7827.85
2886.91
2886.91
3039.93
3039.93
2758.68
2758.68
407.20
407.20
2965.41
2965.41
1851.34
1851.34
17.26
17.26
5819.26
5819.26
2199.52
2199.52
147.50
147.50
1683.42
1683.42
3261.26
3261.26
3657.74
3657.74
6596.72
6596.72
1283.29
1283.29
3947.34
3947.34
2531.05
2531.05
4193.86
4193.86
5965.33
5965.33
1085.74
1085.74
4678.87
4678.87
32.75
32.75
49.03
49.03
8034.90
8034.90
3843.68
3843.68
6823.57
6823.57
2586.23
2586.23
6350.72
6350.72
4105.23
4105.23
2189.09
2189.09
5529.51
5529.51
4385.53
4385.53
5396.65
5396.65
8617.75
8617.75
3520.65
3520.65
1891.84
1891.84
4134.66
4134.66
4350.75
4350.75
7760.17
7760.17
6745.72
6745.72
4009.30
4009.30
5950.86
5950.86
5635.53
5635.53
4842.40
4842.40
434.15
434.15
4287.76
4287.76
26.81
26.81
231.10
231.10
283.68
283.68
6438.64
6438.64
133.56
133.56
317.59
317.59
3960.08
3960.08
5205.21
5205.21
998.34
998.34
1186.93
1186.93
29.80
29.80
29.47
29.47
429.04
429.04
6684.10
6684.10
4371.50
4371.50
152.78
152.78
2298.75
2298.75
2625.41
2625.41
2037.32
2037.32
3428.73
3428.73
1643.67
1643.67
268.85
268.85
903.75
903.75
212.03
212.03
212.03
34.77
34.77
15.10
201.61
201.61
77.09
77.09
1387.79
1387.79
15.38
15.38
3134.62
3134.62
133.86
133.86
1057.03
1057.03
177.36
177.36
3123.16
3123.16
7045.19
7045.19
331.18
331.18
3509.84
3509.84
5184.19
5184.19
280.65
280.65
2169.58
2169.58
146.37
146.37
2075.92
2075.92
96.03
96.03
186.19
186.19
4305.10
4305.10
1848.05
1848.05
5201.88
5201.88
187.15
187.15
1726.45
1726.45
2315.77
2315.77
1049.46
1049.46
7553.88
7553.88
4042.57
4042.57
4205.86
4205.86
6155.76
6155.76
1031.30
1031.30
5908.78
5908.78
259.16
259.16
23.96
23.96
6765.26
6765.26
5582.56
5582.56
3143.60
3143.60
4216.11
4216.11
3539.22
3539.22
6987.64
6987.64
4847.92
4847.92
2861.04
2861.04
5688.91
5688.91
83.75
83.75
343.51
343.51
226.06
226.06
338.46
338.46
6593.43
6593.43
59.60
59.60
385.11
385.11
130.62
130.62
5209.68
5209.68
18.14
18.14
72.84
72.84
335.38
335.38
6362.18
6362.18
21.29
21.29
2097.23
2097.23
48.20
48.20
782.34
782.34
1794.54
1794.54
12.81
12.81
142.11
142.11
824.89
824.89
30.24
30.24
5569.08
5569.08
21.22
21.22
3125.80
3125.80
23.34
23.34
23.34
259.72
259.72
26.87
176.30
176.30
143.40
143.40
120.36
120.36
98.56
98.56
61.54
61.54
3452.65
3452.65
10.00
10.00
10.00
10.00
45.96
45.96
308.95
308.95
308.95
2508.91
2508.91
545.89
167.08
167.08
167.08
181.00
181.00
18.14
18.14
7557.15
7557.15
83.84
83.84
1055.68
1055.68
796.55
796.55
51.24
51.24
3539.62
3539.62
6329.23
6802.53
6802.53
6802.53
3488.71
3488.71
8150.19
8150.19
5566.76
5566.76
3953.07
3953.07
7402.70
7402.70
3151.74
3151.74
545.43
545.43
3407.33
3407.33
1388.55
1388.55
8786.41
8786.41
32.86
32.86
3715.11
3715.11
4161.76
4161.76
938.84
938.84
7421.07
7421.07
3488.13
3488.13
2268.46
2268.46
307.80
307.80
142.69
142.69
125.59
125.59
162.13
162.13
2285.71
2285.71
88.09
88.09
597.37
597.37
4245.22
4245.22
2668.36
2668.36
3236.72
3236.72
8839.20
8839.20
294.92
294.92
6700.49
6700.49
9865.76
9865.76
1200.43
1200.43
395.49
395.49
142.26
142.26
66.10
36.32
36.32
36.32
3478.21
3478.21
5665.13
5665.13
3946.90
3946.90
1655.03
1655.03
4400.72
4400.72
2557.05
2557.05
2451.38
2451.38
202.36
202.36
295.04
295.04
2366.80
2366.80
2764.35
2764.35
3393.17
3393.17
29.05
29.05
8082.79
8082.79
6781.33
6781.33
7995.28
7995.28
581.53
581.53
1489.96
1489.96
102.08
102.08
480.88
480.88
7524.21
7524.21
3119.94
3119.94
1410.48
195.87
195.87
195.87
2781.89
2781.89
6124.21
6124.21
1556.67
1556.67
412.56
412.56
1960.18
1960.18
468.00
468.00
3568.08
3568.08
278.02
278.02
33.55
33.55
148.57
148.57
3824.56
3824.56
7336.36
7336.36
211.35
211.35
124.60
124.60
1135.09
1135.09
26.14
26.14
277.63
277.63
2295.35
2295.35
566.54
566.54
2810.53
2810.53
67.70
67.70
2691.91
2691.91
173.38
173.38
2225.64
2225.64
7994.48
7994.48
3415.18
3415.18
7027.55
7027.55
5924.41
5924.41
1701.19
1701.19
6024.11
6024.11
1302.56
1302.56
6175.93
6175.93
505.76
505.76
6736.74
6736.74
1146.89
1146.89
3366.88
3366.88
166.65
166.65
94.21
94.21
325.36
325.36
3395.64
3395.64
390.25
390.25
4669.36
4669.36
5516.19
5516.19
6561.34
6561.34
1879.59
1879.59
2868.48
2868.48
6072.57
6072.57
859.41
859.41
1923.06
1923.06
4340.25
4340.25
110.28
110.28
3767.22
3767.22
1523.65
1523.65
146.59
146.59
3506.46
3506.46
482.95
482.95
85.74
85.74
2512.35
2512.35
4552.71
4552.71
69.17
69.17
277.39
277.39
40.75
40.75
4498.25
4498.25
4922.77
4922.77
3610.11
3610.11
5543.70
5543.70
3122.60
3122.60
1600.11
1600.11
7471.23
7471.23
7775.20
7775.20
2252.51
2252.51
8669.45
8669.45
20.54
20.54
4160.63
4160.63
1421.08
1421.08
2479.17
2479.17
3488.84
3488.84
32.62
32.62
70.82
70.82
5202.85
5202.85
4196.79
4196.79
1100.45
1100.45
4203.28
4203.28
3283.03
3283.03
6466.91
6466.91
10.00
10.00
4314.85
4314.85
3679.21
3679.21
6423.32
6423.32
91.88
91.88
2497.50
2497.50
4899.86
4899.86
5138.46
5138.46
1109.81
1109.81
2848.75
2848.75
3614.64
3614.64
4087.54
4087.54
3767.91
3767.91
1220.29
1220.29
3034.28
3034.28
1230.73
1230.73
4034.80
4034.80
1171.22
1171.22
6743.54
6743.54
4292.41
4292.41
7466.61
7466.61
3783.70
3783.70
3149.92
3149.92
3612.79
3612.79
5172.11
5172.11
66.61
66.61
953.57
953.57
3985.32
3985.32
306.80
306.80
1365.90
1365.90
278.09
278.09
3731.29
3731.29
7560.28
7560.28
1753.63
1753.63
230.72
230.72
191.65
191.65
20.82
20.82
80.57
80.57
98.88
98.88
3560.25
3560.25
201.14
201.14
3511.47
3511.47
1111.12
1111.12
7889.56
7889.56
7451.69
7451.69
3003.73
3003.73
1441.29
1441.29
694.79
694.79
145.50
145.50
83.55
83.55
781.58
781.58
1329.27
1329.27
2265.71
2265.71
3497.52
3497.52
5435.01
5435.01
438.06
438.06
3507.27
3507.27
1966.69
1966.69
1599.58
1599.58
339.98
339.98
96.45
96.45
78.16
78.16
493.45
493.45
31.76
31.76
29.80
29.80
3942.22
3942.22
4117.70
4117.70
43.29
43.29
8462.19
8462.19
2595.65
2595.65
964.60
964.60
2683.50
2683.50
1996.71
1996.71
233.47
233.47
10.00
10.00
2177.01
2177.01
2177.01
2177.01
2177.01
121.71
121.71
2069.85
2846.07
2846.07
316.18
316.18
3704.51
3704.51
264.51
264.51
1948.53
1948.53
7171.71
7171.71
3373.55
3373.55
7691.53
7691.53
3498.88
3498.88
4876.05
4876.05
33.07
33.07
3622.42
3622.42
5801.35
5801.35
2780.46
2780.46
4170.71
4170.71
58.66
58.66
4941.37
4941.37
6336.69
6336.69
4700.26
4700.26
8117.78
8117.78
2588.88
2588.88
4015.95
4015.95
806.68
806.68
7130.59
7130.59
3857.37
3857.37
6061.95
6061.95
1606.33
1606.33
237.02
237.02
2591.13
2591.13
559.69
559.69
846.24
846.24
24.42
24.42
2165.99
2165.99
7263.68
7263.68
5031.72
5031.72
796.43
796.43
3503.14
3503.14
7134.82
7134.82
4686.83
4686.83
3770.51
3770.51
5071.47
5071.47
5071.47
5071.47
3638.19
3638.19
1211.72
1211.72
4563.05
4563.05
1660.38
1660.38
152.25
152.25
6581.15
6581.15
6559.88
6559.88
1878.00
1878.00
3287.54
3287.54
5267.06
5267.06
8538.16
8538.16
6983.16
6983.16
597.59
597.59
6161.59
6161.59
5821.06
5821.06
6459.11
6459.11
5964.25
5964.25
3252.51
3252.51
6580.39
6580.39
5320.40
5320.40
6131.02
6131.02
4181.86
4181.86
1817.12
1817.12
1072.18
1072.18
4949.89
4949.89
4949.89
4949.89
6368.78
6368.78
4627.44
4627.44
7070.15
7070.15
6371.65
6371.65
3822.10
3822.10
3780.13
3780.13
6780.17
6780.17
2317.46
2317.46
4694.68
4694.68
5216.14
5216.14
5105.21
5105.21
6298.97
6298.97
8284.23
8284.23
977.62
977.62
3225.48
3225.48
6538.66
6538.66
566.79
566.79
2770.43
2770.43
3209.19
3209.19
4111.42
4111.42
6753.96
6753.96
7740.27
7740.27
6157.22
6157.22
3115.24
3115.24
8567.56
8567.56
4418.98
4418.98
4254.05
4254.05
7830.00
7830.00
979.07
979.07
7943.82
7943.82
1693.30
1693.30
7153.95
7153.95
6857.19
6857.19
4724.55
4724.55
5815.11
5815.11
5511.82
5511.82
3577.43
3577.43
2827.77
2827.77
3977.62
3977.62
63.14
63.14
67.92
67.92
131.13
131.13
1286.87
1286.87
4499.86
4499.86
2624.64
2624.64
51.09
51.09
1071.62
1071.62
2688.18
2688.18
1312.79
1312.79
102.63
102.63
2729.36
2729.36
24.66
24.66
100.37
100.37
416.48
416.48
115.92
115.92
120.54
120.54
117.98
117.98
2881.67
2881.67
406.88
406.88
406.88
39.02
1697.37
1697.37
581.01
581.01
2956.02
2956.02
4839.63
4839.63
4057.99
4057.99
3587.91
3587.91
3279.73
3279.73
6635.63
6635.63
2993.62
2993.62
4867.96
4867.96
208.27
208.27
40.30
40.30
486.85
486.85
1431.23
1431.23
304.11
304.11
1662.74
1662.74
3440.00
3440.00
1305.74
1305.74
3673.45
3673.45
831.15
831.15
31.77
31.77
51.91
51.91
51.91
207.66
704.66
704.66
46.25
46.25
2148.89
2148.89
4447.32
4447.32
6645.46
6645.46
2943.32
2943.32
5310.62
5310.62
4092.28
4092.28
34.93
34.93
25.77
25.77
89.82
89.82
76.25
76.25
3689.09
3689.09
960.61
960.61
6073.85
6073.85
3681.36
3681.36
6803.48
6803.48
1080.89
1080.89
635.17
635.17
385.31
385.31
29.34
29.34
86.86
86.86
2372.13
2372.13
2398.60
2398.60
619.85
619.85
78.38
78.38
2519.90
2519.90
3373.23
3373.23
1105.52
1105.52
4979.94
4979.94
555.43
555.43
4687.00
4687.00
1595.64
1595.64
42.84
42.84
42.84
42.84
10.00
10.00
10.00
10.00
10.00
10.00
235.14
235.14
235.14
525.29
2184.43
3985.19
495.86
495.86
4131.72
4131.72
1330.26
1330.26
3755.97
3755.97
4615.88
4615.88
100.05
100.05
24.22
24.22
1974.18
1974.18
79.01
79.01
6370.40
6370.40
3125.68
3125.68
51.61
51.61
42.11
42.11
4508.98
4508.98
27.28
27.28
3791.40
3791.40
28.56
28.56
4137.52
4137.52
6806.24
6806.24
3922.96
3922.96
2809.29
2809.29
2282.86
2282.86
2412.66
2412.66
7308.65
7308.65
6076.80
6076.80
4781.15
4781.15
5762.50
5762.50
382.23
382.23
382.23
382.23
382.23
57.27
57.27
57.27
57.27
57.27
918.29
918.29
918.29
606.53
968.98
2004.58
2588.91
2588.91
2988.44
2988.44
548.45
548.45
223.80
223.80
36.90
36.90
70.14
70.14
29.44
29.44
87.33
87.33
5152.19
5152.19
2812.43
2812.43
1013.04
1013.04
4200.74
4200.74
10.00
10.00
1228.64
1228.64
105.32
105.32
126.17
126.17
126.17
287.10
287.10
3627.28
585.21
585.21
585.21
42.74
42.74
132.64
132.64
408.23
408.23
15.30
15.30
97.23
44.30
44.30
44.30
619.22
619.22
4424.46
4424.46
39.19
41.79
41.79
41.79
66.90
24.40
24.40
24.40
3335.54
3335.54
3102.23
3102.23
107.85
107.85
2151.30
2151.30
2470.76
2470.76
1457.45
1457.45
933.44
933.44
4312.59
4312.59
8828.25
8828.25
1412.43
1412.43
7417.06
7417.06
2469.07
2469.07
30.27
30.27
24.29
24.29
2584.53
2584.53
7602.86
7602.86
565.96
565.96
85.86
85.86
3573.23
3573.23
1344.43
1344.43
7199.05
7199.05
5767.94
5767.94
2779.40
216.85
216.85
216.85
280.40
280.40
10.00
10.00
28.87
28.87
24.32
24.32
8298.99
8298.99
7004.69
7004.69
348.46
348.46
374.65
374.65
5238.81
5238.81
3639.16
3639.16
2676.45
2676.45
59.40
59.40
1053.15
1053.15
6360.57
6360.57
4640.60
4640.60
5853.70
5853.70
6485.95
6485.95
3039.00
3039.00
6232.31
6232.31
33.61
33.61
485.68
485.68
851.43
851.43
83.94
83.94
36.00
36.00
187.78
187.78
3867.61
3867.61
5711.05
5711.05
3245.77
3245.77
1921.15
1921.15
4108.10
4108.10
4699.87
4699.87
119.42
119.42
961.25
961.25
436.21
436.21
2049.97
65.67
65.67
65.67
76.45
76.45
2080.49
2080.49
2242.00
2242.00
3773.36
3773.36
2615.38
2615.38
3282.71
3282.71
4802.59
4802.59
99.59
99.59
27.12
27.12
55.71
55.71
458.37
458.37
3386.09
3386.09
5439.30
5439.30
49.74
49.74
4468.03
4468.03
465.96
465.96
81.40
81.40
150.47
150.47
464.03
464.03
903.00
903.00
426.03
426.03
2329.37
2329.37
1416.48
1416.48
335.86
335.86
3475.94
3475.94
12.52
12.52
84.65
84.65
3267.35
3267.35
545.62
545.62
1112.40
1112.40
62.22
62.22
72.37
72.37
3219.46
3219.46
8249.32
8249.32
643.67
643.67
3163.37
3163.37
214.17
214.17
3053.44
3053.44
1989.56
1989.56
84.97
84.97
79.15
79.15
933.91
933.91
1783.95
1783.95
5419.43
5419.43
5700.57
5700.57
313.32
313.32
38.69
38.69
2323.83
2323.83
163.21
163.21
344.77
344.77
75.41
75.41
268.48
268.48
462.09
462.09
275.77
275.77
28.69
28.69
1516.44
1516.44
157.28
157.28
1189.18
1189.18
234.90
234.90
6420.68
6420.68
737.11
737.11
7810.09
7810.09
1580.86
1580.86
1085.19
1085.19
25.86
25.86
593.56
593.56
2313.33
2313.33
43.16
43.16
426.15
426.15
1842.98
1842.98
935.85
935.85
3404.49
3404.49
7961.55
7961.55
480.53
480.53
7050.98
7050.98
1086.03
1086.03
2704.76
2704.76
1647.33
1647.33
2907.18
2907.18
2726.93
2726.93
1352.73
1352.73
2883.72
2883.72
563.20
563.20
7804.15
7804.15
26.91
26.91
3494.22
3494.22
5998.98
5998.98
6764.59
6764.59
8029.95
8029.95
6625.59
6625.59
94.07
94.07
335.12
335.12
3537.21
3537.21
397.32
397.32
2557.19
2557.19
3242.62
3242.62
165.28
165.28
4906.15
4906.15
5533.26
5533.26
587.24
587.24
3012.48
3012.48
4936.87
4936.87
104.88
104.88
4606.54
4606.54
9319.13
9319.13
35.26
35.26
8523.27
8523.27
3294.65
3294.65
1562.76
1562.76
220.37
220.37
60.93
60.93
168.59
168.59
162.42
162.42
263.45
263.45
2567.12
2567.12
2402.41
2402.41
2365.88
2365.88
1163.40
1163.40
2021.24
2021.24
5802.87
5802.87
382.74
382.74
19.79
19.79
149.37
149.37
629.84
629.84
62.93
62.93
282.35
282.35
261.06
261.06
411.95
411.95
107.44
107.44
63.20
63.20
383.75
383.75
916.58
916.58
2487.17
2487.17
488.73
488.73
252.63
