# 1Hz Kbps trace generated by import_real_world_traces.py
3638.00
5028.84
4054.77
4799.52
4799.52
5110.46
5110.46
5110.46
5110.46
4809.35
4809.35
6472.26
6472.26
5991.73
5991.73
5991.73
5991.73
5002.09
5002.09
4004.93
4004.93
3192.01
3192.01
5488.13
5488.13
4611.28
4611.28
5975.02
5975.02
5022.10
5022.10
5022.10
5022.10
3549.17
3549.17
3386.15
3386.15
2727.37
3263.67
3263.67
3263.67
2557.51
2557.51
4243.28
4243.28
2357.40
2357.40
4311.55
4311.55
4136.48
4136.48
3140.02
3140.02
4149.64
4149.64
1296.15
1296.15
1645.29
1645.29
1645.29
1645.29
1847.77
3167.67
3167.67
3167.67
2247.11
2247.11
584.96
584.96
2191.26
2191.26
3864.67
3864.67
1042.93
1042.93
2305.55
2305.55
2375.82
2375.82
3518.23
3518.23
4372.52
4372.52
741.16
741.16
2619.26
2619.26
967.74
967.74
1229.41
1229.41
2562.18
2562.18
3874.99
3874.99
2731.81
2731.81
3164.83
3164.83
684.26
684.26
110.14
110.14
101.08
101.08
101.08
115.18
115.18
1746.69
714.24
714.24
1595.69
1595.69
1370.90
1370.90
1483.90
1483.90
809.97
809.97
67.77
67.77
828.95
828.95
1984.00
1984.00
2627.19
2627.19
2875.51
2875.51
602.62
602.62
1659.04
1659.04
364.15
364.15
1974.13
