# 1Hz Kbps trace generated by import_real_world_traces.py
453.99
862.47
995.30
1435.54
1435.54
844.62
844.62
844.62
704.33
22.05
1286.22
490.69
1862.13
1862.13
35.59
35.59
35.59
186.79
1536.16
1836.80
1521.95
1521.95
185.62
185.62
10.00
10.00
187.89
187.89
2966.31
2966.31
197.35
197.35
14.36
14.36
14.36
27.12
27.12
440.40
440.40
695.26
528.25
528.25
620.75
620.75
620.75
256.10
858.99
858.99
858.99
1794.75
1794.75
1982.61
1982.61
159.47
1161.77
1161.77
524.86
524.86
925.13
925.13
357.48
357.48
357.48
160.76
2969.62
2969.62
3816.90
3816.90
4660.84
4660.84
781.40
781.40
2992.15
2992.15
3700.07
3700.07
668.99
668.99
28.75
28.75
156.51
156.51
156.51
156.51
96.62
96.62
96.62
96.62
96.62
119.54
119.54
3377.60
3377.60
4642.24
4617.36
1573.70
1573.70
397.22
3227.33
2938.65
4836.66
4836.66
2628.71
2628.71
2628.71
2224.64
621.36
621.36
2070.28
2070.28
2592.44
2592.44
2592.44
873.85
3084.80
3084.80
340.16
340.16
73.60
73.60
352.17
352.17
352.17
67.65
67.65
1136.62
926.57
926.57
3249.71
3249.71
306.78
306.78
46.63
46.63
2944.79
2944.79
3378.78
3378.78
3378.78
744.15
2003.87
2003.87
2967.67
2967.67
32.15
32.15
2058.38
2058.38
2151.48
2151.48
2427.21
2427.21
2854.10
2854.10
588.03
588.03
2963.15
2963.15
1921.65
1921.65
1921.65
67.22
67.22
67.22
67.22
402.24
402.24
402.24
402.24
402.24
564.77
564.77
564.77
564.77
1041.96
1041.96
951.90
1256.83
1256.83
152.19
152.19
2391.95
68.43
1169.42
1369.45
1369.45
1062.68
1062.68
1062.68
1062.68
556.83
556.83
556.83
974.47
974.47
974.47
974.47
1303.60
1303.60
56.63
524.15
524.15
10.00
796.53
796.53
796.53
256.80
256.80
1586.32
1358.38
98.35
1746.13
1746.13
24.19
24.19
24.19
12.71
12.71
1253.72
578.43
578.43
13.66
13.66
11.11
11.11
148.85
148.85
72.96
72.96
1174.05
1174.05
380.23
380.23
10.11
710.13
710.13
710.13
185.61
185.61
29.16
29.16
427.17
363.90
363.90
363.90
891.88
155.54
155.54
352.54
352.54
43.66
43.66
208.54
208.54
961.49
961.49
1471.21
1471.21
10.00
10.00
791.54
791.54
863.31
863.31
916.31
916.31
356.52
356.52
84.95
84.95
1012.62
1012.62
913.10
913.10
693.12
693.12
950.56
950.56
1256.65
1256.65
10.00
10.00
206.19
206.19
19.45
19.45
589.65
589.65
127.33
127.33
21.38
21.38
21.38
771.09
451.40
451.40
625.18
625.18
625.18
11.95
11.95
70.84
862.06
862.06
284.28
284.28
988.27
988.27
10.00
10.00
629.10
629.10
1657.80
1657.80
1586.51
1586.51
1586.51
2139.87
2139.87
2163.41
2163.41
666.04
666.04
10.00
10.00
2295.44
2295.44
302.46
302.46
1129.69
1129.69
1694.73
1694.73
790.31
790.31
804.26
182.76
182.76
182.76
139.33
139.33
1718.49
1718.49
1790.72
350.67
350.67
350.67
397.59
397.59
1671.51
1671.51
1720.55
1720.55
1209.25
1209.25
133.20
133.20
133.20
133.20
133.20
133.20
133.20
133.20
133.20
133.20
133.20
133.20
133.20
133.20
285.00
285.00
661.55
406.40
32.77
2755.76
97.68
2764.59
2764.59
2764.59
73.28
73.28
428.73
428.73
961.26
1303.07
1303.07
1418.03
1418.03
113.69
113.69
1778.15
1778.15
14.46
14.46
2420.13
2420.13
105.27
105.27
1141.86
1141.86
1215.99
1215.99
1702.26
1702.26
44.92
44.92
1008.05
1008.05
1412.85
1412.85
272.03
272.03
943.85
943.85
2180.59
2180.59
150.30
150.30
150.30
24.20
28.76
28.76
267.88
267.88
26.87
26.87
365.60
365.60
771.87
771.87
44.31
44.31
44.31
29.61
29.61
1627.57
1627.57
1648.36
1648.36
1597.51
47.48
47.48
47.48
271.45
271.45
278.56
12.62
12.62
144.76
144.76
144.76
826.62
826.62
929.45
537.75
537.75
537.75
140.26
140.26
987.55
987.55
1377.38
1377.38
1265.79
1265.79
13.86
117.89
117.89
117.89
1590.54
1590.54
1955.16
1955.16
1193.84
1193.84
2399.65
2399.65
248.68
920.01
920.01
920.01
236.95
236.95
533.05
533.05
229.36
229.36
72.32
450.88
450.88
721.74
721.74
1446.25
1446.25
115.54
115.54
276.83
276.83
13.54
13.54
1340.79
1340.79
1057.13
1057.13
214.43
214.43
143.13
143.13
490.82
490.82
1674.94
1674.94
2347.06
2347.06
351.02
351.02
72.35
72.35
1886.61
1886.61
680.90
680.90
406.91
406.91
154.98
154.98
22.20
22.20
1240.02
1240.02
1240.02
1240.02
95.02
973.65
2572.80
2572.80
1406.28
1406.28
1406.28
1406.28
376.25
91.06
13.79
13.79
13.79
418.31
418.31
418.31
347.22
1080.80
1280.64
1280.64
1280.64
10.28
10.28
220.08
220.08
220.08
1478.79
1943.12
2484.53
2484.53
2484.53
736.82
1888.93
1888.93
1888.93
52.23
52.23
167.15
167.15
167.15
10.00
142.46
142.46
24.62
24.62
63.87
63.87
63.87
10.00
10.00
10.00
956.12
956.12
1456.04
1456.04
1334.64
1334.64
11.06
11.06
1168.48
1168.48
1744.97
1744.97
2139.38
2139.38
1954.80
16.67
16.67
16.67
190.50
190.50
28.41
28.41
2336.53
2336.53
2336.53
2336.53
239.90
673.54
673.54
969.74
969.74
969.74
557.97
557.97
1552.23
11.46
11.46
2497.41
2497.41
2497.41
2497.41
198.08
198.08
798.04
798.04
798.04
109.95
109.95
109.95
109.95
684.04
739.07
739.07
1978.21
1978.21
26.22
741.35
1671.79
815.32
815.32
815.32
93.90
93.90
645.83
645.83
263.47
263.47
263.47
3376.85
3376.85
4861.78
4861.78
4740.48
4740.48
4623.79
4623.79
1661.74
1661.74
4931.06
4931.06
4981.10
4981.10
243.41
243.41
1241.88
1241.88
1538.24
1538.24
1458.82
1458.82
178.88
178.88
22.79
22.79
1951.15
1951.15
2044.35
2044.35
2263.71
2263.71
827.01
827.01
1312.95
1312.95
1508.12
1508.12
1508.12
1508.12
1508.12
272.89
976.84
976.84
757.06
471.50
15.46
15.46
1921.49
1921.49
2214.58
2214.58
2336.91
2336.91
2664.83
2664.83
2664.83
432.65
655.70
655.70
774.40
774.40
968.94
968.94
95.59
11.11
11.11
11.11
172.37
172.37
1293.34
1293.34
1540.33
249.32
249.32
249.32
116.32
116.32
2072.58
2072.58
2192.11
2192.11
47.06
47.06
191.85
191.85
2129.28
2129.28
2778.12
2778.12
2778.12
463.07
829.58
853.16
853.16
866.08
866.08
1209.87
1209.87
288.73
288.73
334.14
334.14
1339.85
1339.85
12.64
12.64
12.64
136.56
136.56
136.56
677.28
948.89
948.89
1024.98
1024.98
485.86
485.86
1247.68
1247.68
2052.90
2052.90
2297.79
2297.79
392.25
392.25
19.92
19.92
36.16
36.16
3579.83
