# 1Hz Kbps trace generated by import_real_world_traces.py
3026.78
1915.29
768.76
1093.91
1093.91
1499.07
1499.07
3709.54
3709.54
3208.59
3208.59
254.02
254.02
3594.51
3594.51
3815.27
3815.27
3896.51
3896.51
2745.39
2745.39
3907.93
3907.93
3784.01
3784.01
3881.45
3881.45
3757.96
3757.96
1998.03
1998.03
3527.67
3527.67
3790.46
3790.46
3531.00
3531.00
1049.77
1049.77
1668.59
1668.59
3897.76
3897.76
3892.37
3892.37
1297.68
1297.68
2975.27
2975.27
2370.16
2370.16
3856.70
3856.70
1665.66
1665.66
359.08
359.08
3762.35
3762.35
3634.23
3634.23
858.97
858.97
1279.37
1279.37
806.23
806.23
24.37
24.37
2017.30
2017.30
121.84
121.84
400.85
400.85
396.34
396.34
399.83
399.83
729.56
729.56
1685.84
1685.84
268.39
268.39
388.48
388.48
398.74
398.74
562.29
562.29
528.80
528.80
35.36
35.36
43.22
43.22
963.41
963.41
1863.64
1863.64
2382.75
2382.75
3474.14
3474.14
3696.39
3696.39
203.14
203.14
539.82
539.82
759.25
759.25
1362.51
1362.51
388.04
388.04
412.95
412.95
470.75
470.75
797.47
797.47
694.70
694.70
539.00
539.00
864.64
864.64
1786.64
1786.64
339.13
339.13
607.00
607.00
1540.74
1540.74
2381.24
2381.24
3365.45
3365.45
3436.83
3436.83
3937.13
3937.13
3940.82
3940.82
3366.72
3366.72
3878.82
3878.82
3579.73
3579.73
4232.45
4232.45
263.93
263.93
360.28
360.28
348.60
348.60
3255.95
3255.95
1466.80
1466.80
3429.29
3429.29
3888.99
3888.99
3307.19
3307.19
97.10
97.10
3986.60
3986.60
68.00
68.00
3753.80
3753.80
3870.94
3870.94
3842.23
3842.23
149.70
149.70
497.73
497.73
3607.27
3607.27
3865.03
3865.03
4211.82
4211.82
2078.74
2078.74
2078.74
3676.52
3841.62
3841.62
3460.89
3460.89
3661.89
3661.89
3794.09
3794.09
71.54
71.54
3904.47
3904.47
3635.25
3635.25
3725.24
3725.24
4040.69
4040.69
3686.31
3686.31
3824.42
3824.42
4036.45
4036.45
3762.26
3762.26
178.04
178.04
504.86
504.86
3859.00
3859.00
3601.61
3601.61
3840.96
3840.96
3336.05
3336.05
3908.90
3908.90
3470.64
3470.64
3842.57
3842.57
3606.91
3606.91
3852.01
3852.01
139.29
139.29
1435.72
1435.72
2789.50
2789.50
3590.33
3590.33
3690.54
3690.54
3865.00
3865.00
3805.37
3805.37
3578.55
3578.55
3816.15
3816.15
3844.47
3844.47
3552.16
3552.16
3869.59
3869.59
3398.29
3398.29
3944.45
3944.45
3470.14
3470.14
3911.29
3911.29
3478.24
3478.24
3848.14
3848.14
3397.05
3397.05
3830.69
3830.69
50.51
50.51
3799.31
3799.31
3608.48
3608.48
3802.36
3802.36
3475.32
3475.32
3873.11
3873.11
3727.41
3727.41
3808.07
3808.07
3654.14
3654.14
3823.80
3823.80
1031.85
1031.85
1658.79
1658.79
3687.10
3687.10
3809.48
3809.48
3444.79
3444.79
3863.85
3863.85
3782.84
3782.84
3869.51
3869.51
3846.93
3846.93
3928.84
3928.84
3774.61
3774.61
3818.09
3818.09
3308.39
3308.39
3681.82
3681.82
3836.51
3836.51
629.71
629.71
3901.41
3901.41
40.72
40.72
3275.15
3275.15
381.43
381.43
394.98
394.98
34.70
34.70
1193.40
1193.40
594.19
594.19
184.65
184.65
83.16
83.16
397.79
397.79
390.61
390.61
889.35
889.35
209.82
209.82
145.86
145.86
147.37
147.37
485.17
485.17
38.59
38.59
139.96
139.96
387.85
387.85
487.48
487.48
836.36
836.36
703.47
703.47
1428.31
1428.31
1878.40
1878.40
2379.09
2379.09
3436.93
3436.93
3131.55
3131.55
3491.15
3491.15
3914.05
3914.05
3841.20
3841.20
3888.95
3888.95
2422.79
2422.79
3734.49
3734.49
3682.25
3682.25
3452.62
3452.62
1649.75
1649.75
1181.79
1181.79
3819.86
3819.86
3835.66
3835.66
3872.49
3872.49
3403.64
3403.64
3809.78
3809.78
3461.50
3461.50
3940.72
3940.72
145.43
145.43
29.11
29.11
3523.97
3523.97
1811.33
1811.33
3404.90
3404.90
3781.35
3781.35
3377.26
3377.26
3731.96
3731.96
3226.66
3226.66
3916.27
3916.27
2374.16
2374.16
3892.20
3892.20
2926.24
2926.24
4036.44
4036.44
3929.20
3929.20
3791.30
3791.30
3312.19
3312.19
2363.40
2363.40
3815.04
3815.04
367.29
367.29
1023.07
1023.07
3777.65
3777.65
3944.12
3944.12
3954.93
3954.93
3410.56
3410.56
3863.37
3863.37
2281.86
2281.86
1628.84
1628.84
3827.67
3827.67
1296.77
1296.77
502.68
502.68
3911.81
3911.81
3921.02
3921.02
4171.44
4171.44
1653.69
1653.69
3879.08
3879.08
1678.72
1678.72
4357.60
4357.60
22.67
22.67
621.25
621.25
3956.19
3956.19
4015.37
4015.37
3857.76
3857.76
3901.64
3901.64
3831.85
3831.85
3555.02
3555.02
3454.34
3454.34
2510.45
2510.45
3812.30
3812.30
4039.50
4039.50
3799.57
3799.57
21.35
21.35
3789.45
3789.45
3862.38
3862.38
3524.09
3524.09
4014.59
4014.59
3507.64
3507.64
4018.06
4018.06
3420.09
3420.09
3927.93
3927.93
575.92
575.92
3351.43
3351.43
4033.90
4033.90
3461.69
3461.69
3929.50
3929.50
3784.50
3784.50
3930.96
3930.96
3312.62
3312.62
3937.71
3937.71
3428.14
3428.14
4007.07
4007.07
3483.53
3483.53
2344.70
2344.70
3617.14
3617.14
3586.76
3586.76
3743.03
3743.03
52.58
52.58
3598.91
3598.91
3792.43
3792.43
3298.82
3298.82
3451.64
3451.64
3553.62
3553.62
3756.10
3756.10
3815.55
3815.55
3863.05
3863.05
3816.92
3816.92
3930.32
3930.32
3403.70
3403.70
3625.19
3625.19
21.61
21.61
243.50
243.50
974.50
974.50
815.69
815.69
3023.17
3023.17
3853.43
3853.43
3831.02
3831.02
3728.86
3728.86
3013.11
3013.11
3829.09
3829.09
3578.31
3578.31
3816.38
3816.38
3193.30
3193.30
2271.65
2271.65
3771.70
3771.70
3831.76
3831.76
3793.14
3793.14
1676.42
1676.42
3871.89
3871.89
3882.53
3882.53
3368.41
3368.41
3923.14
3923.14
3910.57
3910.57
3944.16
3944.16
3947.73
3947.73
3645.10
3645.10
3823.08
3823.08
3675.81
3675.81
3318.12
3318.12
3399.32
3399.32
3917.04
3917.04
3917.04
216.21
544.04
544.04
1650.78
1650.78
1650.78
3268.91
3268.91
3690.74
3690.74
3689.56
3689.56
3516.09
3516.09
3809.35
3809.35
3832.24
3832.24
453.03
453.03
49.62
49.62
3867.90
3867.90
2109.06
2109.06
3870.12
3789.45
3789.45
3789.45
3510.43
3510.43
3844.34
3844.34
3694.46
3694.46
1559.43
1559.43
4064.68
4064.68
3798.91
3798.91
3798.91
3798.91
3937.75
3937.75
46.88
46.88
3946.82
3946.82
3664.18
3664.18
3690.63
3690.63
3910.71
3910.71
3793.34
3793.34
852.09
852.09
852.09
1086.66
1973.29
1973.29
2194.90
2194.90
2450.00
2450.00
3254.16
3254.16
3365.71
3365.71
3569.47
3569.47
3854.39
3854.39
2606.39
2606.39
3724.57
3724.57
3500.85
3500.85
3887.94
3887.94
1725.07
1725.07
3878.00
3878.00
3358.46
3358.46
2587.70
2587.70
2677.86
2677.86
1335.39
1335.39
3363.97
3363.97
3964.67
3964.67
3303.96
3303.96
3185.40
3185.40
1062.23
1062.23
34.74
34.74
291.98
291.98
389.63
389.63
474.59
474.59
575.95
575.95
378.88
378.88
378.88
378.88
321.14
321.14
260.21
260.21
336.01
336.01
394.12
394.12
889.56
889.56
239.72
239.72
2355.05
2355.05
2303.86
2303.86
2402.65
2402.65
2358.64
2358.64
2486.32
2486.32
3077.74
3077.74
3920.65
