# 1Hz Kbps trace generated by import_real_world_traces.py
2230.10
7695.31
63.44
27.36
27.36
1861.39
1861.39
1240.19
1240.19
2549.28
2549.28
3293.61
3293.61
2842.64
2842.64
6958.12
6958.12
8218.69
8218.69
3139.77
3139.77
3793.77
3793.77
109.45
109.45
4471.19
4471.19
5182.18
5182.18
10109.43
10109.43
1401.89
1401.89
51.46
51.46
5326.78
5326.78
5326.78
5326.78
2163.85
2163.85
10237.86
10237.86
2298.65
2298.65
1400.69
1400.69
103.55
103.55
3664.39
3664.39
5285.43
5285.43
28.40
28.40
2477.53
2477.53
18.66
18.66
1402.32
1402.32
2968.26
2968.26
7407.22
7407.22
1380.63
1380.63
1237.70
1237.70
1366.68
1366.68
6751.42
6751.42
17.79
17.79
19.43
19.43
6806.85
6806.85
1908.23
1908.23
5491.74
5491.74
1337.99
1337.99
4902.97
4902.97
5472.61
5472.61
5181.89
5181.89
2256.20
2256.20
2275.98
2275.98
6367.37
6367.37
7460.33
7460.33
7110.97
7110.97
4515.47
4515.47
2119.53
2119.53
6334.67
6334.67
1277.20
1277.20
15.78
15.78
7531.50
7531.50
2446.99
2446.99
59.72
59.72
3580.92
3580.92
3041.47
3041.47
1819.86
1819.86
1292.15
1292.15
3219.96
3219.96
76.47
76.47
5954.43
5954.43
3529.43
3529.43
126.02
126.02
973.06
973.06
57.49
57.49
6356.98
6356.98
7070.24
7070.24
3035.39
3035.39
277.18
277.18
1365.13
1365.13
45.77
45.77
1605.10
1605.10
466.05
466.05
1364.92
1364.92
20.58
20.58
177.04
177.04
58.91
58.91
128.95
128.95
4438.31
4438.31
3130.38
3130.38
19.65
19.65
5489.67
5489.67
561.28
561.28
134.17
134.17
2217.04
2217.04
3491.95
3491.95
1355.94
1355.94
3767.81
3767.81
6205.58
6205.58
216.33
216.33
1242.61
1242.61
35.77
35.77
42.06
42.06
245.80
245.80
3399.55
3399.55
40.79
40.79
85.88
85.88
1318.76
1318.76
6240.12
6240.12
691.88
691.88
147.66
147.66
156.22
156.22
9916.49
9916.49
7453.01
7453.01
19.19
19.19
5577.42
5577.42
19.96
19.96
8511.62
8511.62
386.93
386.93
1363.44
1363.44
36.26
36.26
17.77
17.77
2169.31
2169.31
256.84
256.84
57.91
57.91
5569.57
5569.57
9451.55
9451.55
9451.55
499.94
499.94
262.66
262.66
345.15
345.15
14.44
14.44
1387.51
1387.51
4703.12
4703.12
9990.36
9990.36
1959.40
1959.40
85.72
85.72
62.62
62.62
6676.48
3254.74
3254.74
3254.74
790.47
790.47
2931.53
2931.53
9576.83
9576.83
1893.16
1893.16
7986.15
7986.15
44.05
44.05
121.46
121.46
2371.59
2371.59
2435.25
2435.25
8964.71
8964.71
29.27
39.88
39.88
39.88
3783.26
3783.26
26.02
26.02
297.70
297.70
305.81
305.81
1425.92
1425.92
1565.60
1565.60
88.70
88.70
595.03
595.03
8444.81
8444.81
1337.91
1337.91
6267.14
5552.58
5552.58
5552.58
1366.43
1366.43
19.54
19.54
3834.99
3834.99
7671.03
7671.03
1365.54
1365.54
19.92
19.92
243.36
243.36
1741.22
1741.22
2447.72
2447.72
543.68
543.68
6659.27
742.80
742.80
742.80
1022.32
1022.32
3498.75
3498.75
1375.65
1375.65
9964.28
5408.75
5408.75
5408.75
4938.59
4938.59
1712.82
1712.82
26.34
26.34
8548.19
8548.19
4544.81
4544.81
47.81
9828.99
9828.99
9828.99
193.26
193.26
4012.26
4012.26
804.33
804.33
203.03
203.03
1534.67
1534.67
86.14
86.14
6075.48
6075.48
153.18
3690.90
3690.90
1295.45
1295.45
1295.45
3931.40
2663.05
2663.05
2663.05
4894.06
4651.94
4651.94
1375.97
1375.97
862.71
862.71
1372.83
1372.83
1372.83
2461.52
961.47
961.47
961.47
6737.11
6737.11
144.73
144.73
4673.46
4673.46
81.20
1404.66
1404.66
1404.66
16.64
16.64
19.20
1440.46
1440.46
1504.36
1504.36
1994.17
1994.17
3623.42
3623.42
3623.42
2765.88
3328.92
3328.92
42.63
42.63
4501.53
4501.53
197.20
197.20
9121.52
9121.52
156.58
156.58
7917.80
7917.80
17.83
17.83
17.83
1302.00
8026.84
8026.84
7228.19
7228.19
2324.74
2324.74
2324.74
2492.29
9398.66
9398.66
7032.82
7032.82
7032.82
61.67
3763.30
3763.30
3763.30
29.22
29.22
588.07
588.07
9247.93
1433.72
1433.72
40.72
40.72
18.70
18.70
18.69
18.69
1744.40
1744.40
1744.40
6197.84
3961.81
3961.81
19.79
19.79
1015.73
1015.73
1015.73
39.71
3298.18
3298.18
1419.27
1419.27
1419.27
9601.85
8764.27
8764.27
8764.27
451.38
451.38
1474.36
1474.36
3273.93
3273.93
1554.72
1554.72
1139.43
1139.43
3277.76
3277.76
936.70
936.70
5638.16
5638.16
2130.13
2130.13
26.55
26.55
499.41
499.41
5360.68
5360.68
2155.47
2155.47
2560.69
2560.69
1883.96
1883.96
5285.56
5285.56
1416.29
1416.29
5060.65
5060.65
7324.08
7324.08
4025.12
4025.12
10000.93
10000.93
4005.73
4005.73
4710.57
4710.57
6424.37
6424.37
8391.02
8391.02
2618.84
2618.84
21.00
21.00
6527.78
6527.78
4390.87
4390.87
1759.57
1759.57
1353.58
1353.58
3739.47
3739.47
1648.68
1648.68
26.34
26.34
9412.01
9412.01
3931.00
3931.00
2788.02
2788.02
8922.17
8922.17
6711.57
6711.57
1392.04
1392.04
1385.28
1385.28
5959.23
5959.23
8954.11
8954.11
3441.74
3441.74
2245.61
2245.61
258.10
258.10
4726.41
4726.41
1423.72
1423.72
1304.30
1304.30
9215.28
9215.28
2131.30
2131.30
1900.53
1900.53
4196.98
4196.98
2455.12
2455.12
1387.24
1387.24
7473.64
7473.64
187.59
187.59
7584.74
7584.74
3358.34
3358.34
4846.93
4846.93
7592.46
7592.46
7592.46
7592.46
7592.46
7592.46
253.69
253.69
9967.77
9967.77
20.10
20.10
1954.79
1954.79
3187.00
3187.00
8296.89
8296.89
4615.76
4615.76
9177.02
9177.02
4822.39
4822.39
119.83
119.83
1119.70
1119.70
92.32
92.32
67.69
67.69
2882.66
2882.66
304.76
304.76
1417.83
1417.83
898.91
898.91
10.00
10.00
4878.89
4878.89
468.50
468.50
1358.32
1358.32
87.43
87.43
34.20
34.20
18.20
18.20
1376.24
1376.24
1377.86
1377.86
2321.44
2321.44
10573.69
10573.69
9404.31
9404.31
2971.52
2971.52
1242.54
1242.54
10031.06
10031.06
2074.50
2074.50
4684.13
4684.13
1428.58
1428.58
29.21
29.21
265.69
265.69
3008.83
3008.83
3820.48
3820.48
3648.09
3648.09
9800.63
9800.63
22.26
22.26
3697.90
3697.90
5082.64
5082.64
106.07
106.07
2359.90
2359.90
7196.54
7196.54
29.36
29.36
2917.61
2917.61
1363.42
1363.42
21.84
21.84
1381.36
1381.36
29.95
29.95
16.39
16.39
725.30
725.30
119.96
119.96
513.07
513.07
5004.77
5004.77
1402.58
1402.58
3167.34
3167.34
2027.08
2027.08
73.46
73.46
932.65
932.65
3706.57
3706.57
5480.49
5480.49
16.94
16.94
1362.02
1362.02
18.35
18.35
20.50
20.50
20.58
20.58
1258.30
1258.30
17.02
17.02
1946.52
1946.52
1373.98
1373.98
6114.69
6114.69
3731.18
3731.18
17.75
17.75
18.44
18.44
562.71
562.71
17.03
17.03
7400.22
7400.22
9714.19
9714.19
6309.92
6309.92
3822.44
3822.44
3317.72
3317.72
6795.44
6795.44
6831.73
6831.73
1435.14
1435.14
17.88
17.88
590.15
590.15
1818.98
1818.98
5902.36
5902.36
4481.95
4481.95
3168.37
3168.37
1377.66
1377.66
4273.32
4273.32
4258.04
4258.04
133.20
133.20
3350.79
3350.79
3588.88
3588.88
1021.33
1021.33
253.74
253.74
383.38
383.38
1129.49
1129.49
101.92
101.92
7126.18
7126.18
3821.17
3821.17
5995.92
5995.92
534.83
534.83
20.08
20.08
23.01
23.01
58.54
58.54
115.10
115.10
122.65
122.65
26.86
26.86
3970.44
3970.44
30.37
30.37
4886.09
4886.09
2649.64
2649.64
20.43
20.43
9278.31
9278.31
2706.02
2706.02
6563.22
6563.22
3663.61
3663.61
20.51
20.51
4314.98
4314.98
5874.41
5874.41
256.24
256.24
58.02
58.02
989.55
989.55
2064.20
2064.20
51.40
51.40
16.90
16.90
5993.64
5993.64
1117.62
1117.62
1427.46
1427.46
44.06
44.06
96.67
96.67
58.59
58.59
4882.65
4882.65
2265.43
2265.43
1825.62
1825.62
7739.24
7739.24
2062.92
2062.92
2697.28
2697.28
2798.57
2798.57
7207.58
7207.58
2744.28
2744.28
2269.64
2269.64
321.47
321.47
38.65
38.65
3756.47
3756.47
81.26
81.26
487.89
487.89
5989.22
5989.22
167.66
167.66
1881.27
1881.27
1512.29
1512.29
3656.94
3656.94
79.39
79.39
4995.62
4995.62
5158.01
5158.01
1732.28
1732.28
174.83
174.83
1333.92
1333.92
1149.97
1149.97
1366.25
1366.25
2281.50
2281.50
39.43
39.43
6719.49
6719.49
3712.88
3712.88
1378.00
1378.00
22.08
22.08
153.22
153.22
17.03
17.03
5174.48
5174.48
17.17
17.17
8454.29
8454.29
1375.34
1375.34
4271.71
4271.71
45.67
45.67
1493.92
1493.92
81.12
81.12
105.41
105.41
1355.76
1355.76
220.06
220.06
244.08
244.08
173.25
173.25
99.98
99.98
2075.06
2075.06
1407.85
1407.85
9609.03
9609.03
115.86
115.86
1868.79
1868.79
85.60
85.60
1400.01
1400.01
711.81
711.81
1388.47
1388.47
6800.26
6800.26
25.61
25.61
2908.60
2908.60
4892.28
4892.28
1352.08
1352.08
6724.19
6724.19
19.98
19.98
96.06
96.06
67.27
67.27
491.59
491.59
21.00
21.00
6364.37
6364.37
15.00
15.00
965.69
965.69
87.35
87.35
2248.33
2248.33
1363.85
1363.85
21.72
21.72
4299.56
4299.56
140.11
140.11
314.88
314.88
1109.64
1109.64
638.83
638.83
37.41
37.41
18.36
18.36
37.09
37.09
10.00
10.00
3625.91
3625.91
874.34
874.34
5831.26
5831.26
1177.64
1177.64
131.57
131.57
139.28
139.28
1369.99
1369.99
5178.85
5178.85
1357.37
1357.37
1153.18
1153.18
101.35
101.35
10.00
10.00
2833.83
2833.83
6273.81
6273.81
235.68
235.68
513.37
513.37
26.58
26.58
17.76
17.76
7082.12
7082.12
2775.08
2775.08
5450.34
5450.34
234.70
234.70
17.23
17.23
9800.94
9800.94
4654.54
4654.54
1433.87
1433.87
7053.20
7053.20
4837.29
4837.29
7085.96
7085.96
1889.85
1889.85
6848.65
6848.65
5802.85
5802.85
1402.35
1402.35
4827.49
4827.49
6348.28
6348.28
1250.76
1250.76
631.95
631.95
3690.78
3690.78
8782.43
8782.43
6655.24
6655.24
3679.18
3679.18
2909.46
2909.46
6737.80
6737.80
21.24
21.24
8645.91
8645.91
2256.52
2256.52
3211.81
3211.81
4204.07
4204.07
3031.45
3031.45
2724.62
2724.62
7482.77
7482.77
1714.54
1714.54
8559.90
8559.90
5908.54
5908.54
3187.96
3187.96
4987.98
4987.98
5327.34
5327.34
4261.72
4261.72
5430.06
5430.06
1389.44
1389.44
7996.32
7996.32
616.59
616.59
20.42
20.42
9185.33
9185.33
9177.30
9177.30
110.43
110.43
2556.74
2556.74
5727.97
5727.97
4287.74
4287.74
4527.86
4527.86
10181.92
10181.92
1411.69
1411.69
4976.01
4976.01
7151.35
7151.35
109.23
109.23
732.25
732.25
4833.90
4833.90
2917.01
2917.01
9780.01
9780.01
5885.47
5885.47
1839.51
1839.51
8478.61
8478.61
2315.50
2315.50
1644.30
1644.30
5528.91
5528.91
2113.87
2113.87
2663.49
2663.49
5907.84
5907.84
56.83
56.83
2538.57
2538.57
1421.49
1421.49
530.24
530.24
1365.15
1365.15
5936.09
5936.09
5936.09
3119.19
81.08
81.08
3416.00
3416.00
37.87
37.87
30.09
30.09
421.09
421.09
8329.86
8329.86
1555.62
1555.62
10.00
10.00
20.41
20.41
4252.88
4252.88
5776.60
5776.60
2559.26
2559.26
670.38
670.38
3231.85
3231.85
3009.81
3009.81
681.47
681.47
731.96
731.96
10257.80
10257.80
1841.58
1841.58
4865.35
4865.35
4688.52
4688.52
136.45
136.45
1444.98
1444.98
382.80
382.80
24.98
24.98
16.96
16.96
1368.69
1368.69
1796.63
1796.63
733.07
733.07
1628.61
1628.61
4500.12
4500.12
1387.46
1387.46
1021.96
1021.96
3267.92
3267.92
173.97
173.97
242.85
242.85
1657.44
1657.44
37.89
37.89
7741.13
7741.13
9981.33
9981.33
144.82
144.82
55.56
55.56
9813.17
9813.17
3543.79
3543.79
75.95
75.95
75.95
6871.46
85.51
85.51
20.97
20.97
26.52
26.52
19.05
19.05
1410.59
1410.59
17.21
17.21
1836.71
1836.71
6632.81
6632.81
147.30
147.30
59.58
59.58
344.74
344.74
120.08
120.08
3741.65
3741.65
7865.28
7865.28
6964.04
6964.04
116.94
116.94
560.39
560.39
3425.00
3425.00
196.98
196.98
652.48
652.48
51.64
51.64
3495.80
3495.80
5991.79
5991.79
3373.11
3373.11
25.18
25.18
7221.09
7221.09
3573.39
3573.39
278.08
278.08
3906.13
3906.13
7016.11
7016.11
1888.03
1888.03
1888.03
1894.31
1123.46
1123.46
3520.98
3520.98
76.65
76.65
1415.65
1415.65
3730.50
3730.50
3405.21
3405.21
432.42
432.42
10404.51
10404.51
1263.97
1263.97
19.58
19.58
144.86
144.86
2983.72
2983.72
278.06
278.06
1400.64
1400.64
104.04
104.04
78.92
78.92
8503.63
8503.63
383.10
383.10
3989.88
3989.88
10.00
10.00
10.00
113.74
3630.56
3630.56
120.58
120.58
16.94
16.94
627.77
627.77
1400.29
1400.29
847.47
847.47
7224.84
7224.84
2423.41
2423.41
2474.55
2474.55
116.22
116.22
1559.31
1559.31
820.30
820.30
958.81
958.81
17.29
17.29
112.46
112.46
1165.89
1165.89
1413.96
1413.96
3247.09
3247.09
3247.09
126.23
126.23
6112.68
6112.68
2013.27
2013.27
1640.88
1640.88
9304.44
9304.44
1377.61
1377.61
4647.80
4647.80
1059.14
1059.14
5306.62
5306.62
204.79
204.79
1405.39
1405.39
3402.71
3402.71
1389.09
1389.09
5032.22
5032.22
320.15
320.15
27.10
27.10
3745.24
3745.24
40.39
40.39
2896.02
2896.02
1410.67
1410.67
58.61
58.61
21.16
21.16
5532.24
5532.24
349.10
349.10
1360.85
1360.85
18.93
18.93
2250.06
2250.06
8999.84
8999.84
7363.00
7363.00
1389.09
1389.09
3982.60
3982.60
19.17
19.17
2684.03
2684.03
8964.76
8964.76
7431.74
7431.74
145.58
145.58
1348.72
1348.72
6357.77
6357.77
20.09
20.09
10237.43
10237.43
5754.77
5754.77
146.83
146.83
6103.27
6103.27
1389.26
1389.26
6685.49
6685.49
5974.69
5974.69
10472.31
10472.31
3562.01
3562.01
7384.35
7384.35
6328.25
6328.25
18.67
18.67
55.79
55.79
9222.41
9222.41
24.76
24.76
3725.33
3725.33
2659.18
2659.18
2732.97
2732.97
18.95
18.95
1338.12
1338.12
9918.59
9918.59
3419.25
3419.25
205.47
205.47
7051.55
7051.55
390.65
390.65
956.37
956.37
1366.63
1366.63
41.47
41.47
1342.44
1342.44
1448.61
1448.61
21.57
21.57
1404.49
1404.49
4241.22
4241.22
2547.40
2547.40
2704.40
2704.40
99.22
99.22
1585.05
1585.05
10275.75
10275.75
20.60
20.60
74.49
74.49
1329.30
1329.30
3386.77
3386.77
5311.11
5311.11
69.58
69.58
362.58
362.58
1419.46
1419.46
116.22
116.22
191.07
191.07
27.23
27.23
3158.76
3158.76
1317.78
1317.78
3505.74
3505.74
1403.93
1403.93
9323.56
9323.56
3669.74
3669.74
1404.61
1404.61
1947.31
1947.31
1235.94
1235.94
6460.59
6460.59
8179.81
8179.81
120.88
120.88
6101.56
6101.56
1478.33
1478.33
2324.68
2324.68
5970.62
5970.62
3594.98
3594.98
640.76
640.76
10077.82
10077.82
21.26
21.26
1398.51
1398.51
8566.16
8566.16
9797.65
9797.65
1794.87
1794.87
396.11
396.11
7961.64
7961.64
9844.49
9844.49
1281.95
1281.95
28.15
28.15
5284.67
5284.67
1205.51
1205.51
175.03
175.03
1589.34
1589.34
5993.42
5993.42
10230.21
10230.21
4824.15
4824.15
826.18
826.18
8408.21
8408.21
8015.06
8015.06
1364.42
1364.42
3253.43
3253.43
7097.28
7097.28
25.73
25.73
1909.73
1909.73
1404.69
1404.69
5617.70
5617.70
1413.58
1413.58
8482.50
8482.50
7768.86
7768.86
5689.56
5689.56
1276.86
1276.86
1411.61
1411.61
4448.13
4448.13
1786.90
1786.90
4320.81
4320.81
63.83
63.83
9803.46
9803.46
7047.46
7047.46
3598.28
3598.28
17.74
17.74
7673.92
7673.92
9582.72
9582.72
816.08
816.08
1363.94
1363.94
17.93
17.93
3533.47
3533.47
10035.42
10035.42
4304.67
4304.67
1400.19
1400.19
1197.58
1197.58
9006.80
9006.80
6927.56
6927.56
29.27
29.27
4470.50
4470.50
5657.55
5657.55
7369.69
7369.69
7354.02
7354.02
3314.25
3314.25
576.86
576.86
787.75
787.75
1375.55
1375.55
151.47
151.47
2949.32
2949.32
10.00
10.00
81.59
81.59
4539.64
4539.64
117.33
117.33
8072.68
8072.68
491.26
491.26
1842.36
1842.36
87.01
87.01
4848.68
4848.68
5969.98
5969.98
10032.75
10032.75
4458.68
4458.68
17.81
17.81
9962.05
9962.05
1424.13
1424.13
140.14
140.14
1285.48
1285.48
18.57
18.57
1849.76
1849.76
1660.45
1660.45
7060.11
7060.11
7341.30
7341.30
4402.11
4402.11
1378.20
1378.20
2305.27
2305.27
1650.17
1650.17
1419.32
1419.32
10.00
10.00
1324.86
1324.86
243.94
243.94
236.27
236.27
6753.97
6753.97
17.34
17.34
1361.68
1361.68
2912.46
2912.46
9557.56
9557.56
450.13
450.13
593.10
593.10
1366.32
1366.32
5469.93
5469.93
6642.98
6642.98
8095.43
8095.43
22.10
22.10
26.86
26.86
16.72
16.72
6601.87
6601.87
474.68
474.68
4006.39
4006.39
147.54
147.54
1381.13
1381.13
1465.41
1465.41
13.04
13.04
3953.95
3953.95
1578.45
1578.45
7205.22
7205.22
159.59
159.59
4896.90
4896.90
1377.56
1377.56
2273.23
2273.23
4637.33
4637.33
3484.65
3484.65
242.81
242.81
7884.68
7884.68
4633.97
4633.97
1402.16
1402.16
2578.81
2578.81
2262.40
2262.40
241.73
241.73
4848.30
4848.30
1446.94
1446.94
3522.00
3522.00
1353.22
1353.22
1052.67
1052.67
8609.02
8609.02
8752.34
8752.34
7417.69
7417.69
4603.49
4603.49
144.60
144.60
17.24
17.24
4883.94
4883.94
3713.26
3713.26
2276.62
2276.62
4707.06
4707.06
1428.16
1428.16
101.80
101.80
2439.32
2439.32
283.56
283.56
866.18
866.18
1339.27
1339.27
7546.05
7546.05
139.49
139.49
41.67
41.67
5137.40
5137.40
2122.81
2122.81
2043.84
2043.84
1411.38
1411.38
116.14
116.14
19.83
19.83
9551.98
9551.98
5612.86
5612.86
5980.54
5980.54
2846.74
2846.74
2738.40
2738.40
148.10
148.10
1206.23
1206.23
71.87
71.87
18.88
18.88
10.00
10.00
7550.59
7550.59
947.57
947.57
53.99
53.99
258.25
258.25
1010.85
1010.85
2769.09
2769.09
855.90
855.90
4739.42
4739.42
3790.19
3790.19
6669.04
6669.04
5284.99
5284.99
3677.90
3677.90
713.21
713.21
2724.64
2724.64
6986.08
6986.08
470.27
470.27
4179.87
4179.87
3154.95
3154.95
5779.33
5779.33
244.45
244.45
350.15
350.15
10223.14
10223.14
7127.56
7127.56
9262.20
9262.20
6700.90
6700.90
6700.90
2668.26
86.56
86.56
619.48
619.48
3813.81
3813.81
18.45
18.45
687.82
687.82
22.27
22.27
3117.07
3117.07
10330.35
10330.35
10252.45
10252.45
1365.42
1365.42
254.97
254.97
108.01
108.01
10114.56
10114.56
639.30
639.30
1391.84
1391.84
5386.59
5386.59
187.91
187.91
3875.50
3875.50
550.61
550.61
1374.76
1374.76
2946.60
2946.60
3927.74
3927.74
5646.25
5646.25
7723.04
7723.04
3217.13
3217.13
1093.51
1093.51
7415.05
7415.05
7719.46
7719.46
9829.50
9829.50
213.78
213.78
5245.56
5245.56
3923.21
3923.21
6489.64
6489.64
1387.10
1387.10
7067.51
7067.51
6889.45
6889.45
3344.50
3344.50
4453.49
4453.49
4453.49
4453.49
22.43
22.43
7746.32
7746.32
351.13
351.13
2377.59
2377.59
6644.93
6644.93
117.55
117.55
5489.61
5489.61
2740.04
2740.04
7208.14
7208.14
3115.57
3115.57
2149.96
2149.96
1388.82
1388.82
10352.36
10352.36
139.60
139.60
2460.88
2460.88
2460.88
2460.88
1357.71
1357.71
9462.63
9462.63
3338.78
3338.78
7526.35
7526.35
1097.26
1097.26
25.84
25.84
4969.45
4969.45
3582.89
3582.89
7225.46
7225.46
7225.46
7225.46
7225.46
7225.46
7225.46
7225.46
3391.03
3391.03
4636.45
4636.45
4636.45
4636.45
4636.45
4636.45
18.85
18.85
377.31
377.31
63.65
63.65
3333.40
3333.40
2185.82
2185.82
3934.86
3934.86
5512.80
5512.80
22.09
22.09
7136.14
7136.14
6327.94
6327.94
9377.87
9377.87
348.77
348.77
5736.06
5736.06
5724.57
5724.57
9855.13
9855.13
28.94
28.94
645.61
645.61
7076.43
7076.43
2799.93
2799.93
2030.36
2030.36
540.25
540.25
19.24
19.24
1328.69
1328.69
51.84
51.84
8670.15
8670.15
61.47
61.47
6484.91
6484.91
2268.69
2268.69
78.26
78.26
6888.30
6888.30
8698.03
8698.03
260.70
260.70
4915.24
4915.24
6741.92
6741.92
7949.65
7949.65
148.04
148.04
10270.32
10270.32
3318.61
3318.61
3711.55
3711.55
2432.23
2432.23
7151.47
7151.47
3996.26
3996.26
1912.15
1912.15
7909.80
7909.80
46.73
46.73
86.56
86.56
7885.79
7885.79
6856.28
6856.28
17.15
17.15
6606.51
6606.51
422.06
422.06
6102.82
6102.82
3731.26
3731.26
1377.30
1377.30
534.91
534.91
10095.13
10095.13
10208.17
10208.17
10115.16
10115.16
6362.34
6362.34
2744.03
2744.03
7439.44
7439.44
2053.02
2053.02
60.63
60.63
1387.14
1387.14
246.61
246.61
5811.68
5811.68
5832.78
5832.78
86.28
86.28
5077.88
5077.88
388.24
388.24
6578.02
6578.02
4514.70
4514.70
2858.51
2858.51
2930.59
2930.59
17.52
17.52
9878.46
9878.46
50.78
50.78
2470.07
2470.07
175.55
175.55
2402.43
2402.43
1443.38
1443.38
289.25
289.25
9938.15
9938.15
1723.38
1723.38
9700.05
9700.05
29.54
29.54
54.22
54.22
1417.75
1417.75
6997.42
6997.42
7656.71
7656.71
3277.75
3277.75
5742.96
5742.96
9464.78
9464.78
1898.90
1898.90
127.51
127.51
2423.74
2423.74
5846.24
5846.24
7549.69
7549.69
6224.40
6224.40
1413.01
1413.01
27.32
27.32
6073.15
6073.15
8220.01
8220.01
3896.86
3896.86
5282.07
5282.07
9975.17
9975.17
3923.87
3923.87
6827.76
6827.76
8354.34
8354.34
87.17
87.17
19.02
19.02
1338.93
1338.93
2819.33
2819.33
1363.18
1363.18
9013.42
9013.42
924.96
924.96
1401.34
1401.34
368.63
368.63
1439.18
1439.18
10246.52
10246.52
6069.47
6069.47
6757.09
6757.09
10060.09
10060.09
9533.56
9533.56
9533.56
2895.83
2895.83
1432.22
1432.22
18.31
18.31
1122.36
1122.36
4799.91
4799.91
406.20
406.20
10410.38
10410.38
10219.90
1318.65
1318.65
1318.65
1179.92
1179.92
203.02
203.02
1770.52
1770.52
4732.03
4732.03
1330.38
1330.38
5800.98
5800.98
191.22
191.22
595.04
595.04
2788.49
2788.49
99.48
99.48
16.99
1407.70
1407.70
1407.70
98.06
98.06
64.21
64.21
1390.65
1390.65
39.50
39.50
1699.42
1699.42
257.53
257.53
909.55
909.55
4628.15
4628.15
39.68
39.68
752.61
752.61
1324.58
1324.58
3244.96
3244.96
4013.79
4013.79
19.12
19.12
841.03
841.03
466.18
466.18
2510.25
2510.25
235.19
235.19
3483.73
3483.73
1456.89
1456.89
443.20
443.20
64.19
64.19
1645.62
1645.62
3362.20
3362.20
9049.63
9049.63
17.97
17.97
5927.91
5927.91
6064.65
6064.65
1376.01
1376.01
715.30
715.30
88.11
88.11
103.45
103.45
1127.44
1127.44
44.54
44.54
1344.75
1344.75
1351.84
1351.84
3805.55
3805.55
2632.57
2632.57
910.14
910.14
37.63
37.63
1148.31
1148.31
19.18
19.18
2578.32
2578.32
106.98
106.98
28.73
28.73
85.14
85.14
29.36
29.36
56.77
56.77
90.55
90.55
67.28
67.28
408.64
408.64
373.80
373.80
1178.87
1178.87
3584.86
3584.86
4918.52
4918.52
25.84
25.84
3311.64
3311.64
1410.31
1410.31
729.75
729.75
8831.00
8831.00
6148.51
6148.51
3834.31
3834.31
2394.38
2394.38
107.51
107.51
6029.29
6029.29
4565.81
4565.81
899.99
899.99
8873.88
8873.88
9790.99
9790.99
5164.97
5164.97
8046.12
8046.12
18.85
18.85
523.66
523.66
2201.33
2201.33
3713.37
3713.37
4396.88
4396.88
3699.73
3699.73
983.69
983.69
23.19
23.19
1566.91
1566.91
2334.46
2334.46
1402.87
1402.87
6428.54
6428.54
2573.19
2573.19
3677.00
3677.00
4604.65
4604.65
7746.55
7746.55
3122.03
3122.03
6925.89
6925.89
1845.75
1845.75
1767.46
1767.46
9324.01
9324.01
8152.37
8152.37
3895.81
3895.81
115.82
115.82
84.72
84.72
407.23
407.23
2764.72
2764.72
1426.89
1426.89
258.61
258.61
1754.96
1754.96
7408.80
7408.80
1265.34
1265.34
77.22
77.22
9350.34
9350.34
1338.61
1338.61
471.87
471.87
1411.97
1411.97
421.63
421.63
4744.38
4744.38
8177.38
8177.38
881.73
881.73
10190.53
10190.53
1973.48
1973.48
2612.11
2612.11
8046.76
8046.76
4184.25
4184.25
1411.56
1411.56
186.70
186.70
7936.20
7936.20
7224.63
7224.63
6741.82
6741.82
2588.41
2588.41
7252.38
7252.38
626.49
626.49
1190.54
1190.54
6129.04
6129.04
613.15
613.15
3217.11
3217.11
5445.14
5445.14
22.27
22.27
1373.41
1373.41
196.76
196.76
1607.23
1607.23
9371.98
9371.98
305.37
305.37
1361.31
1361.31
231.72
231.72
20.24
20.24
430.17
430.17
41.43
41.43
1170.06
1170.06
1478.62
1478.62
8907.41
8907.41
931.58
931.58
5814.90
5814.90
2604.62
2604.62
6613.26
6613.26
6864.06
6864.06
7200.58
7200.58
4532.71
4532.71
7830.92
7830.92
8406.64
8406.64
1363.65
1363.65
5624.09
5624.09
1429.45
1429.45
3334.41
3334.41
5084.43
5084.43
150.08
150.08
162.39
162.39
1409.65
1409.65
259.64
259.64
1802.99
1802.99
25.63
25.63
334.10
334.10
59.53
59.53
764.91
764.91
2576.31
2576.31
4639.26
4639.26
359.57
359.57
3124.76
3124.76
2685.13
2685.13
1393.35
1393.35
9318.32
9318.32
2934.87
2934.87
5926.67
5926.67
2733.00
2733.00
59.23
59.23
3919.81
3919.81
4803.22
4803.22
3990.95
3990.95
17.99
17.99
16.72
16.72
944.85
944.85
192.01
192.01
18.03
18.03
753.18
753.18
16.49
16.49
200.14
200.14
2814.35
2814.35
58.31
58.31
6426.60
6426.60
4000.00
4000.00
16.66
16.66
676.69
676.69
19.56
19.56
79.69
79.69
87.11
87.11
1271.61
1271.61
2020.34
2020.34
2020.34
2020.34
2166.78
2166.78
18.90
18.90
41.31
41.31
29.58
29.58
172.08
172.08
1397.43
1397.43
89.10
89.10
275.97
275.97
1872.17
1872.17
8955.51
8955.51
1255.89
1255.89
8166.70
8166.70
159.71
159.71
4299.34
4299.34
7182.76
7182.76
3024.86
3024.86
250.44
250.44
29.33
29.33
765.62
765.62
2858.96
2858.96
1991.92
1991.92
2300.84
2300.84
8861.62
8861.62
5134.70
5134.70
9871.36
9871.36
6778.17
6778.17
6291.90
6291.90
7220.58
7220.58
202.06
202.06
2282.95
2282.95
6843.82
6843.82
1373.57
1373.57
8777.13
8777.13
3117.78
3117.78
6409.04
6409.04
113.97
113.97
3875.23
3875.23
9297.50
9297.50
4441.92
4441.92
20.12
20.12
6161.80
6161.80
1644.20
1644.20
9009.60
9009.60
8905.04
8905.04
1592.02
1592.02
7791.34
7791.34
10560.52
10560.52
23.04
23.04
1355.83
1355.83
6868.69
6868.69
2762.21
2762.21
6547.53
6547.53
17.76
17.76
7298.47
7298.47
91.47
91.47
9630.74
9630.74
5561.18
5561.18
10431.98
10431.98
1004.16
1004.16
2572.11
2572.11
4414.82
4414.82
9418.55
9418.55
1376.40
1376.40
4603.13
4603.13
175.18
175.18
8006.51
8006.51
44.84
44.84
3532.60
3532.60
4401.65
4401.65
1457.80
1457.80
7524.62
7524.62
9490.97
9490.97
4585.72
4585.72
1045.05
1045.05
706.75
706.75
6955.25
6955.25
10.00
10.00
1069.18
1069.18
342.69
342.69
20.96
20.96
76.45
76.45
1400.19
1400.19
7149.25
7149.25
31.13
31.13
1585.34
1585.34
16.77
16.77
63.09
63.09
1002.54
1002.54
7525.93
7525.93
51.24
51.24
58.54
58.54
1362.94
1362.94
227.62
227.62
3080.88
3080.88
10.00
10.00
166.19
166.19
26.88
26.88
18.33
18.33
29.23
29.23
62.10
62.10
228.26
228.26
138.96
138.96
3399.83
3399.83
1097.95
1097.95
3600.48
3600.48
2763.13
2763.13
105.03
105.03
40.69
40.69
19.73
19.73
1301.43
1301.43
21.40
21.40
21.40
21.40
296.58
296.58
117.40
117.40
831.92
831.92
1063.27
1063.27
3946.59
3946.59
141.43
141.43
10.00
10.00
30.05
30.05
1150.73
1150.73
4759.59
4759.59
4811.18
4811.18
4032.22
4032.22
56.77
56.77
8276.77
8276.77
1814.54
1814.54
1857.77
1857.77
8771.59
8771.59
2940.57
2940.57
2627.90
2627.90
559.54
559.54
1366.01
1366.01
1250.53
1250.53
10459.79
10459.79
410.55
410.55
280.95
280.95
63.06
63.06
2897.22
2897.22
1042.99
1042.99
2008.79
2008.79
4159.69
4159.69
94.81
94.81
4588.92
4588.92
59.94
59.94
1636.81
1636.81
1363.96
1363.96
2991.54
2991.54
7031.89
7031.89
28.93
28.93
455.66
455.66
9564.71
9564.71
10172.37
10172.37
8751.91
8751.91
3535.65
3535.65
87.81
87.81
956.67
956.67
943.26
943.26
2102.35
2102.35
3855.50
3855.50
1308.10
1308.10
5472.09
5472.09
41.39
41.39
789.96
789.96
432.82
432.82
2621.84
2621.84
2401.74
2401.74
137.65
137.65
2807.93
2807.93
1207.97
1207.97
2100.71
2100.71
5163.06
5163.06
7994.49
7994.49
58.32
58.32
685.62
685.62
1245.93
1245.93
434.28
434.28
1429.03
1429.03
2916.04
2916.04
5233.20
5233.20
25.42
25.42
2682.27
2682.27
65.09
65.09
3215.46
3215.46
351.35
351.35
2240.42
2240.42
16.84
16.84
4697.82
4697.82
9862.30
9862.30
8367.33
8367.33
4130.18
4130.18
2976.45
2976.45
4026.13
4026.13
1551.11
1551.11
1425.38
1425.38
762.96
762.96
16.48
16.48
176.41
176.41
7438.28
7438.28
10163.60
10163.60
151.56
151.56
576.39
576.39
1074.21
1074.21
7732.87
7732.87
27.21
27.21
1908.53
1908.53
1411.79
1411.79
3288.31
3288.31
629.12
629.12
9377.94
9377.94
5740.25
5740.25
7815.49
7815.49
6703.79
6703.79
2246.28
2246.28
8598.07
8598.07
4908.08
4908.08
5347.19
5347.19
8406.21
8406.21
9995.80
9995.80
6959.39
6959.39
1283.39
1283.39
2540.22
2540.22
1563.81
1563.81
1406.30
1406.30
742.14
742.14
10423.67
10423.67
7087.46
7087.46
24.07
24.07
6452.64
6452.64
2650.32
2650.32
2650.32
9618.14
5740.31
5740.31
3146.56
3146.56
410.85
410.85
2663.32
2663.32
7279.28
7279.28
3129.11
3129.11
29.68
29.68
738.24
738.24
6295.02
6295.02
2533.48
2533.48
4459.60
4459.60
1296.35
1296.35
8191.81
8191.81
3327.60
3327.60
16.55
16.55
2256.84
2256.84
57.51
57.51
55.36
55.36
1401.29
1401.29
59.50
59.50
117.19
117.19
20.10
20.10
7178.86
7178.86
41.46
41.46
18.10
18.10
575.39
575.39
4175.41
4175.41
3708.62
3708.62
55.67
55.67
661.92
661.92
1256.36
1256.36
10.00
10.00
56.72
56.72
6175.14
6175.14
2185.08
2185.08
7781.65
7781.65
5887.14
5887.14
2794.02
2794.02
2877.10
2877.10
8361.17
8361.17
4110.43
4110.43
989.98
989.98
58.70
58.70
7516.71
7516.71
3505.73
3505.73
18.50
18.50
646.07
646.07
646.07
10.00
10.00
524.31
1233.53
1233.53
1233.53
206.27
206.27
289.90
289.90
208.64
208.64
161.63
161.63
80.26
80.26
197.84
197.84
24.37
24.37
27.81
27.81
119.98
119.98
691.26
691.26
16.21
2908.95
2908.95
2908.95
222.06
222.06
17.43
17.43
9061.16
9061.16
768.11
768.11
85.95
85.95
10201.95
10201.95
1196.59
1196.59
27.52
27.52
204.20
204.20
1376.79
1376.79
3479.41
1340.60
1340.60
1340.60
8016.03
8016.03
2192.62
2192.62
1402.22
1402.22
17.75
17.75
85.26
85.26
1208.42
1208.42
67.74
67.74
115.69
115.69
1387.80
1387.80
1338.67
1338.67
322.84
322.84
3184.20
3184.20
10.00
10.00
201.02
201.02
97.21
97.21
57.99
57.99
322.55
322.55
43.78
43.78
731.70
731.70
177.90
177.90
1405.39
1405.39
1241.01
1241.01
89.05
89.05
1873.42
1873.42
2802.85
2802.85
753.44
753.44
1142.27
1142.27
22.98
22.98
43.45
43.45
21.90
21.90
3652.51
3652.51
3289.20
3289.20
449.64
449.64
3943.40
3943.40
1286.81
1286.81
3913.70
3913.70
25.88
25.88
373.42
373.42
2654.62
2654.62
2510.02
2510.02
38.36
38.36
271.33
271.33
279.06
279.06
148.11
148.11
2696.46
2696.46
10.00
10.00
40.75
40.75
59.40
59.40
27.99
27.99
495.76
495.76
1327.27
1327.27
8672.44
8672.44
1762.62
1762.62
1767.22
1767.22
1767.22
1767.22
4556.49
4556.49
5895.27
5895.27
1329.98
1329.98
17.99
17.99
1363.30
1363.30
260.85
260.85
114.40
114.40
41.90
41.90
322.05
322.05
111.64
111.64
2528.47
2528.47
87.16
87.16
190.12
190.12
300.51
300.51
1375.17
1375.17
2661.24
2661.24
162.35
162.35
808.39
808.39
118.55
118.55
3959.97
3959.97
59.08
59.08
3854.97
3854.97
1570.50
1570.50
1569.23
1569.23
23.16
23.16
244.90
244.90
5431.08
5431.08
323.88
323.88
1378.24
1378.24
20.81
20.81
18.87
18.87
1398.63
1398.63
9511.37
9511.37
148.31
148.31
290.61
290.61
607.77
607.77
39.63
39.63
53.34
53.34
18.60
18.60
2149.17
2149.17
1306.12
1306.12
7102.88
7102.88
7952.66
7952.66
6653.23
6653.23
40.25
40.25
2739.93
2739.93
7254.75
7254.75
1355.50
1355.50
4983.36
4983.36
219.33
219.33
1366.11
1366.11
174.49
174.49
1269.89
1269.89
7199.10
7199.10
172.19
172.19
199.42
199.42
2707.47
2707.47
48.65
48.65
23.31
23.31
101.11
101.11
87.75
87.75
38.13
38.13
399.34
399.34
58.49
58.49
1294.57
1294.57
179.52
179.52
1406.99
1406.99
866.72
866.72
18.96
18.96
1835.97
1835.97
131.62
131.62
16.34
16.34
6744.42
6744.42
83.33
83.33
20.19
20.19
1066.73
1066.73
1264.96
1264.96
42.88
42.88
347.83
347.83
241.13
241.13
224.35
224.35
1364.35
1364.35
262.91
262.91
1358.04
1358.04
4852.28
4852.28
5540.18
5540.18
1380.78
1380.78
3274.45
3274.45
1398.41
1398.41
4190.80
4190.80
1050.35
1050.35
2117.90
2117.90
113.19
113.19
114.23
114.23
15.86
15.86
1264.71
1264.71
205.50
205.50
29.26
29.26
19.82
19.82
61.34
61.34
8235.10
8235.10
6106.79
6106.79
9369.15
9369.15
8382.18
8382.18
4769.28
4769.28
6494.23
6494.23
4118.24
4118.24
5087.87
5087.87
6057.07
6057.07
616.29
616.29
3920.50
3920.50
5808.10
5808.10
1399.33
1399.33
9592.07
9592.07
7371.86
7371.86
8058.12
8058.12
9291.13
9291.13
1421.48
1421.48
2364.65
2364.65
1376.67
1376.67
10487.31
10487.31
2810.50
2810.50
6323.14
6323.14
75.72
75.72
1430.31
1430.31
467.43
467.43
4271.70
4271.70
9073.88
9073.88
6870.18
6870.18
5510.66
5510.66
401.81
401.81
6233.22
6233.22
2889.64
2889.64
10046.09
10046.09
1417.50
1417.50
2676.18
2676.18
6509.77
6509.77
786.91
786.91
7082.77
7082.77
2249.40
2249.40
5546.82
5546.82
5400.95
5400.95
4867.19
4867.19
1038.43
1038.43
1339.34
1339.34
3130.30
3130.30
156.61
156.61
35.31
35.31
5716.49
5716.49
20.23
20.23
5175.08
5175.08
5470.90
5470.90
10186.25
10186.25
60.12
60.12
1449.79
1449.79
4543.68
4543.68
184.00
184.00
5234.36
5234.36
622.96
622.96
16.51
16.51
4799.44
4799.44
4881.26
4881.26
4881.26
4881.26
6829.72
6829.72
5654.09
5654.09
1308.06
1308.06
1786.52
1786.52
1602.04
1602.04
368.01
368.01
3109.49
3109.49
1439.23
1439.23
4771.49
4771.49
1414.06
1414.06
561.58
561.58
166.69
166.69
26.07
26.07
20.89
20.89
1284.13
1284.13
56.10
56.10
40.34
40.34
102.57
102.57
188.45
188.45
1340.30
1340.30
1340.30
1340.30
1340.30
1340.30
236.14
236.14
221.11
221.11
980.45
980.45
1672.28
1672.28
1414.42
1414.42
10324.21
10324.21
1321.64
1321.64
1321.64
1321.64
1321.64
1321.64
1351.12
1351.12
17.71
17.71
62.07
62.07
85.86
85.86
31.67
31.67
26.51
26.51
375.27
375.27
19.53
19.53
140.00
140.00
201.21
201.21
10.00
10.00
59.12
59.12
602.95
602.95
124.98
124.98
1267.82
1267.82
58.46
58.46
116.77
116.77
25.38
25.38
77.70
77.70
871.07
871.07
2894.11
2894.11
4439.21
4439.21
178.61
178.61
820.69
820.69
1295.96
1295.96
7654.05
7654.05
4584.94
4584.94
18.02
18.02
2074.97
2074.97
43.82
43.82
2604.84
2604.84
1399.71
1399.71
209.87
209.87
1330.45
1330.45
171.58
171.58
1751.75
1751.75
19.80
19.80
9210.16
9210.16
1397.78
1397.78
659.89
659.89
170.22
170.22
251.24
251.24
6979.30
6979.30
9256.24
9256.24
344.15
344.15
1425.69
1425.69
1716.86
1716.86
79.58
79.58
4659.34
4659.34
403.40
403.40
2466.48
2466.48
12.21
12.21
2726.54
2726.54
1368.03
1368.03
7210.58
7210.58
1391.39
1391.39
3911.20
3911.20
1412.45
1412.45
7460.74
7460.74
180.43
180.43
709.75
709.75
348.86
348.86
26.89
26.89
26.89
26.89
231.08
231.08
1242.57
1242.57
1167.33
1167.33
65.43
65.43
3235.35
3235.35
4713.87
4713.87
3740.93
3740.93
2542.66
2542.66
25.22
25.22
2161.74
2161.74
74.25
74.25
8184.93
8184.93
286.98
286.98
37.22
37.22
465.48
465.48
289.75
289.75
255.99
255.99
10.00
10.00
17.34
17.34
136.03
136.03
3852.29
3852.29
2731.51
2731.51
42.73
42.73
3926.88
3926.88
6999.93
6999.93
3522.66
3522.66
6582.32
6582.32
137.34
137.34
2856.95
2856.95
1356.81
1356.81
296.22
296.22
2113.57
2113.57
499.69
499.69
231.81
231.81
178.55
178.55
294.33
294.33
5311.37
5311.37
18.94
18.94
6325.26
6325.26
1208.33
1208.33
9249.44
9249.44
1340.56
1340.56
10070.86
10070.86
10237.52
10237.52
9652.95
9652.95
133.59
133.59
1352.17
1352.17
9432.27
9432.27
5683.36
5683.36
7889.10
7889.10
715.06
715.06
3783.26
3783.26
626.42
626.42
98.52
98.52
127.34
127.34
22.22
22.22
25.63
25.63
23.48
23.48
112.15
112.15
945.20
945.20
127.91
127.91
6717.51
6717.51
4451.27
4451.27
4412.94
4412.94
2946.05
2946.05
10018.67
10018.67
28.73
28.73
33.76
33.76
20.40
20.40
141.98
141.98
1235.63
1235.63
84.48
84.48
5352.77
5352.77
563.02
563.02
113.18
113.18
6486.55
6486.55
284.21
284.21
36.61
36.61
39.19
39.19
106.53
106.53
3885.24
3885.24
20.09
20.09
1377.06
1377.06
20.97
20.97
85.36
85.36
42.03
42.03
7234.11
7234.11
94.98
94.98
22.76
22.76
1378.51
1378.51
5978.02
5978.02
2309.78
2309.78
754.84
754.84
5388.93
5388.93
1352.03
1352.03
333.85
333.85
97.14
97.14
373.55
373.55
770.33
770.33
26.32
26.32
217.69
217.69
9351.34
9351.34
3506.72
3506.72
21.30
21.30
7628.43
7628.43
23.30
23.30
10104.13
10104.13
471.52
471.52
1365.58
1365.58
7134.46
7134.46
20.90
20.90
3517.64
3517.64
8808.45
8808.45
9678.86
9678.86
10135.89
10135.89
5769.95
5769.95
8746.80
8746.80
4514.09
4514.09
1399.56
1399.56
1121.76
1121.76
5224.82
5224.82
9108.18
9108.18
3472.74
3472.74
6861.48
6861.48
64.71
64.71
9958.09
9958.09
10418.74
10418.74
8138.29
8138.29
573.95
573.95
6361.85
6361.85
8000.26
8000.26
5620.61
5620.61
10402.13
10402.13
3769.99
3769.99
7573.75
7573.75
5499.34
5499.34
4306.52
4306.52
3269.10
3269.10
8351.54
8351.54
9822.94
9822.94
2558.35
2558.35
9700.04
9700.04
5159.48
5159.48
5080.11
5080.11
1519.46
1519.46
2698.71
2698.71
349.84
349.84
3504.57
3504.57
4957.07
4957.07
4872.37
4872.37
10.00
10.00
44.42
44.42
7270.48
7270.48
289.30
289.30
3668.37
3668.37
16.80
16.80
1415.85
1415.85
9158.06
9158.06
9544.62
9544.62
7215.35
7215.35
7215.35
7170.08
7170.08
9968.62
9968.62
6537.58
6537.58
387.51
387.51
269.29
269.29
5345.78
5345.78
2836.26
2836.26
529.78
529.78
9610.74
9610.74
883.56
883.56
9483.92
9483.92
9800.29
9800.29
10.00
10.00
540.25
540.25
64.38
64.38
67.36
67.36
4252.02
4252.02
4797.89
4797.89
5496.91
5496.91
1892.98
1892.98
7652.82
7652.82
1477.22
1477.22
366.62
366.62
26.26
26.26
209.12
209.12
2054.04
2054.04
68.78
1216.96
1216.96
1216.96
18.38
18.38
26.89
26.89
148.99
148.99
109.39
109.39
28.89
28.89
16.03
16.03
896.90
896.90
427.80
427.80
29.06
29.06
37.82
37.82
272.66
1291.81
1291.81
1291.81
289.29
289.29
2804.20
2804.20
591.89
591.89
109.30
109.30
854.85
854.85
173.64
173.64
560.51
560.51
1690.02
1690.02
1373.20
1373.20
1376.55
1376.55
28.03
146.72
146.72
146.72
698.10
698.10
284.15
284.15
1372.09
1372.09
455.33
455.33
1364.18
1364.18
173.62
173.62
298.93
298.93
9381.27
9381.27
3138.93
3138.93
2370.04
2370.04
3879.85
3879.85
1366.30
1366.30
4660.94
4660.94
72.38
72.38
3870.73
3870.73
1033.93
1033.93
1354.72
1354.72
605.88
605.88
227.98
227.98
328.84
328.84
1687.73
1687.73
1345.47
1345.47
607.86
607.86
1377.15
1377.15
758.51
758.51
531.62
531.62
1413.86
1413.86
5770.51
5770.51
1440.45
1440.45
7460.93
7460.93
116.64
116.64
584.18
584.18
19.89
19.89
10.00
10.00
78.77
78.77
84.30
84.30
18.78
18.78
2696.54
2696.54
1387.46
1387.46
2922.87
2922.87
20.60
20.60
1292.59
1292.59
218.87
218.87
5036.56
5036.56
90.66
90.66
1437.64
1437.64
6453.15
6453.15
3571.15
3571.15
3850.33
3850.33
2892.07
2892.07
467.26
467.26
148.26
148.26
1377.39
1377.39
1904.87
1904.87
925.17
925.17
8469.74
8469.74
3843.49
3843.49
1404.21
1404.21
2496.82
2496.82
1402.11
1402.11
88.86
88.86
106.44
106.44
259.50
259.50
3186.03
3186.03
61.25
61.25
1441.94
1441.94
1907.37
1907.37
1039.98
1039.98
4730.09
4730.09
1387.96
1387.96
510.77
510.77
1401.01
1401.01
18.61
18.61
2497.21
2497.21
8592.81
8592.81
315.64
315.64
3233.81
3233.81
2340.01
2340.01
6212.56
6212.56
2271.83
2271.83
7272.44
7272.44
1268.56
1268.56
1773.44
1773.44
42.06
42.06
104.71
104.71
7229.11
7229.11
1715.57
1715.57
3099.04
3099.04
188.49
188.49
114.33
114.33
10.00
10.00
42.84
42.84
548.73
548.73
1324.25
1324.25
56.75
56.75
1361.04
1361.04
5750.71
5750.71
344.00
344.00
1623.68
1623.68
9676.11
9676.11
1409.98
1409.98
7659.72
7659.72
73.89
73.89
26.94
26.94
172.59
172.59
1387.32
1387.32
1387.32
1387.32
1362.42
1362.42
10.00
10.00
2423.96
2423.96
4813.85
4813.85
28.17
28.17
4084.66
4084.66
252.12
252.12
7667.53
7667.53
4055.45
4055.45
18.07
18.07
1353.20
1353.20
4365.37
4365.37
5029.85
5029.85
1365.86
1365.86
8211.23
8211.23
153.63
153.63
4280.62
4280.62
4280.62
4280.62
17.24
17.24
890.62
890.62
176.56
176.56
356.67
356.67
1296.87
1296.87
202.64
202.64
59.77
59.77
61.14
61.14
13.10
13.10
12.63
12.63
23.94
23.94
1135.90
1135.90
18.22
18.22
1281.54
1281.54
56.36
56.36
172.59
172.59
19.53
19.53
1136.21
1136.21
2382.32
2382.32
8290.34
8290.34
3890.92
3890.92
1399.41
1399.41
129.79
129.79
83.44
83.44
226.51
226.51
279.89
279.89
126.10
126.10
187.51
187.51
1389.24
1389.24
172.51
172.51
75.61
75.61
2142.91
2142.91
736.07
736.07
4015.56
4015.56
7358.28
7358.28
7740.98
7740.98
3551.93
3551.93
2406.63
2406.63
4859.36
4859.36
917.58
917.58
5055.40
5055.40
69.48
69.48
22.59
22.59
5629.73
5629.73
7202.30
7202.30
18.95
18.95
116.15
116.15
1330.22
1330.22
363.67
363.67
42.68
42.68
16.66
16.66
16.82
16.82
1423.79
1423.79
3541.10
3541.10
561.69
561.69
87.73
87.73
2229.81
2229.81
4602.92
4602.92
5122.15
5122.15
4963.66
4963.66
41.20
41.20
3969.07
3969.07
392.00
392.00
3134.72
3134.72
10248.33
10248.33
380.84
380.84
154.30
154.30
2309.09
2309.09
2175.26
2175.26
1419.48
1419.48
401.58
401.58
1420.33
1420.33
9645.68
9645.68
3238.09
3238.09
6489.77
6489.77
202.41
202.41
6786.64
6786.64
124.12
124.12
5361.65
5361.65
2661.13
2661.13
9376.90
9376.90
58.45
58.45
1947.50
1947.50
1384.78
1384.78
3738.78
3738.78
2803.23
2803.23
1213.94
1213.94
19.87
19.87
3721.61
3721.61
151.23
151.23
1398.06
1398.06
18.67
18.67
787.96
787.96
7473.32
7473.32
4936.20
4936.20
3638.71
3638.71
319.42
319.42
9657.60
9657.60
4463.47
4463.47
10108.97
10108.97
1303.00
1303.00
7003.31
7003.31
1396.46
1396.46
6272.10
6272.10
9903.13
9903.13
10171.90
10171.90
7493.94
7493.94
905.59
905.59
1493.97
1493.97
1274.36
1274.36
1591.94
1591.94
1850.66
1850.66
3905.01
3905.01
356.04
356.04
6918.23
6918.23
1904.59
1904.59
9088.24
9088.24
2305.14
2305.14
21.47
21.47
506.92
506.92
101.68
101.68
5064.44
5064.44
3040.56
3040.56
198.91
198.91
1514.64
1514.64
271.42
271.42
1413.99
1413.99
19.20
19.20
249.88
249.88
2111.63
2111.63
29.23
29.23
81.23
81.23
250.15
250.15
1353.90
1353.90
18.00
18.00
144.83
144.83
1363.65
1363.65
126.06
126.06
84.91
84.91
346.14
346.14
17.43
17.43
84.50
84.50
16.84
16.84
150.28
150.28
409.72
409.72
1309.80
1309.80
16.51
16.51
3214.64
3214.64
142.19
142.19
208.96
208.96
59.46
59.46
1654.76
1654.76
2774.95
2774.95
20.39
20.39
675.14
675.14
1354.58
1354.58
65.51
65.51
1046.23
1046.23
218.75
218.75
280.73
280.73
285.20
285.20
192.47
192.47
1551.70
1551.70
196.50
196.50
160.89
160.89
7133.87
7133.87
524.85
524.85
3406.66
3406.66
229.23
229.23
38.03
38.03
4135.35
4135.35
3854.57
3854.57
8523.95
8523.95
3041.97
3041.97
2659.42
2659.42
1246.80
1246.80
2337.18
2337.18
6847.62
6847.62
641.70
641.70
1177.57
1177.57
2853.64
2853.64
5060.46
5060.46
9977.79
9977.79
17.95
17.95
84.57
84.57
10088.89
10088.89
9298.88
9298.88
5485.06
5485.06
339.01
339.01
3084.58
3084.58
746.46
746.46
8946.51
8946.51
1012.76
1012.76
1268.26
1268.26
72.10
72.10
6284.21
6284.21
95.57
95.57
18.00
18.00
17.24
17.24
183.69
183.69
1302.82
1302.82
106.39
106.39
3123.00
3123.00
20.59
20.59
344.53
344.53
32.66
32.66
5384.65
5384.65
7872.82
7872.82
5868.42
5868.42
2373.91
2373.91
1428.22
1428.22
1005.39
1005.39
321.65
321.65
59.16
59.16
1789.27
1789.27
27.99
27.99
2952.00
2952.00
6388.14
6388.14
1553.71
1553.71
4554.12
4554.12
4093.43
4093.43
3086.43
3086.43
99.93
99.93
82.37
82.37
9179.89
9179.89
1980.60
1980.60
2845.94
2845.94
4681.51
4681.51
1432.29
1432.29
1419.17
1419.17
16.63
16.63
162.63
162.63
114.64
114.64
5393.05
5393.05
1344.04
1344.04
1281.84
1281.84
20.25
20.25
237.62
237.62
18.90
18.90
1475.31
1475.31
303.25
303.25
1296.22
1296.22
782.08
782.08
2676.52
2676.52
28.41
28.41
4058.34
4058.34
2974.28
2974.28
2095.05
2095.05
6103.65
6103.65
8569.03
8569.03
5691.12
5691.12
1209.79
1209.79
3721.90
3721.90
1398.51
1398.51
2962.72
2962.72
7122.26
7122.26
293.06
293.06
7790.18
7790.18
7537.63
7537.63
4818.79
4818.79
4808.97
4808.97
874.51
874.51
5231.85
5231.85
1921.50
1921.50
8045.59
8045.59
6806.22
6806.22
2558.71
2558.71
7046.84
7046.84
9241.25
9241.25
225.88
225.88
732.16
732.16
6350.27
6350.27
6555.47
6555.47
3239.56
3239.56
3037.89
3037.89
71.95
71.95
3939.92
3939.92
1352.87
1352.87
13.32
13.32
10.00
10.00
10.00
2893.76
4982.91
4982.91
1811.36
1811.36
632.33
632.33
3824.10
3824.10
7511.77
7511.77
4532.45
4532.45
1410.41
1410.41
1401.04
1401.04
12.73
12.73
9714.58
9714.58
8179.70
8179.70
7840.73
7840.73
5400.85
5400.85
4351.92
4351.92
5857.09
5857.09
2583.10
2583.10
3484.51
3484.51
1477.76
1477.76
1656.59
1656.59
31.40
31.40
15.93
15.93
59.07
59.07
6516.19
6516.19
29.35
29.35
1458.15
1458.15
4408.43
4408.43
1288.57
1288.57
3292.94
3292.94
2471.83
2471.83
3026.77
3026.77
1287.41
1287.41
1631.36
1631.36
39.66
39.66
98.92
98.92
563.66
563.66
8438.66
8438.66
17.98
17.98
7701.65
7701.65
6587.68
6587.68
2091.77
2091.77
10255.20
10255.20
3584.30
3584.30
2294.77
2294.77
650.15
650.15
650.15
7735.77
884.77
884.77
5304.76
5304.76
2819.68
2819.68
9608.47
9608.47
7017.36
7017.36
1137.08
1137.08
7899.46
7899.46
7899.46
2282.92
5474.48
5474.48
27.26
27.26
7133.20
7133.20
7133.20
8408.86
8164.33
8164.33
6728.85
6728.85
26.99
26.99
7169.64
7169.64
3295.22
3295.22
372.11
372.11
1347.48
1347.48
1868.88
1868.88
1868.88
2590.79
379.51
379.51
366.91
366.91
1306.84
1306.84
175.95
175.95
13.33
13.33
3329.47
3329.47
5127.38
5127.38
2810.80
2810.80
4331.65
4331.65
8355.43
8355.43
5737.03
5737.03
3672.30
3672.30
1278.52
1278.52
3814.05
3814.05
1423.43
1423.43
509.58
509.58
10418.71
10418.71
5362.56
5362.56
437.53
437.53
8972.72
8972.72
6711.39
6711.39
3813.26
3813.26
4127.88
4127.88
481.99
481.99
2170.94
2170.94
6796.99
6796.99
5915.68
5915.68
2513.32
2513.32
3718.60
3718.60
4707.99
4707.99
606.68
606.68
4940.35
4940.35
3159.79
3159.79
648.09
648.09
1678.43
1678.43
983.79
983.79
127.81
127.81
286.07
286.07
1387.56
1387.56
5525.40
5525.40
4383.20
4383.20
3295.59
3295.59
9117.94
9117.94
753.05
753.05
3998.13
3998.13
10171.01
10171.01
3081.53
3081.53
89.24
89.24
27.08
27.08
1436.93
1436.93
5042.98
5042.98
2030.48
2030.48
22.83
22.83
3649.21
3649.21
355.41
355.41
661.85
661.85
4048.46
4048.46
1400.81
1400.81
83.56
83.56
5122.34
5122.34
147.03
147.03
85.51
85.51
6253.15
6253.15
7565.09
7565.09
4187.85
4187.85
4953.60
4953.60
7854.20
7854.20
10.00
10.00
905.30
905.30
1213.78
1213.78
289.78
289.78
3375.64
3375.64
3032.61
3032.61
3032.61
230.77
10341.20
10341.20
18.00
18.00
1355.67
1355.67
5856.83
5856.83
7460.57
7460.57
2301.14
2301.14
2835.50
2835.50
8139.32
8139.32
2425.01
2425.01
18.09
18.09
1287.03
1287.03
681.07
681.07
5669.12
5669.12
3854.53
3854.53
3590.56
3590.56
2731.29
2731.29
1633.60
1633.60
2086.79
2086.79
7186.91
7186.91
1415.27
1415.27
11.86
11.86
33.93
33.93
1264.61
1264.61
3801.77
3801.77
4125.52
4125.52
1705.92
1705.92
6213.94
6213.94
6213.94
7287.01
7287.01
231.86
231.86
2745.36
2745.36
3811.52
3811.52
1936.57
1936.57
1667.37
1667.37
7839.71
7839.71
107.24
107.24
1113.53
1113.53
3892.71
3892.71
6045.99
6045.99
10125.28
10125.28
5560.90
5560.90
10327.64
10327.64
8838.91
8838.91
2476.55
2476.55
10139.40
10139.40
6358.39
6358.39
7591.14
7591.14
1670.62
1670.62
19.18
19.18
1256.70
1256.70
6667.07
6667.07
1876.51
1876.51
98.00
98.00
105.09
105.09
35.31
35.31
10207.91
10207.91
9353.27
9353.27
16.64
16.64
4415.18
4415.18
326.40
326.40
9039.20
9039.20
1386.79
1386.79
75.17
75.17
8034.47
8034.47
3086.70
3086.70
91.56
91.56
9667.96
9667.96
56.46
56.46
9464.97
9464.97
84.56
84.56
179.43
179.43
3495.32
3495.32
7394.17
7394.17
3322.49
3322.49
6188.12
6188.12
1542.44
1542.44
2186.88
2186.88
219.07
219.07
6518.44
6518.44
22.29
22.29
6673.15
6673.15
6326.80
6326.80
5499.53
5499.53
5748.72
5748.72
9511.22
9511.22
6245.61
6245.61
3838.67
3838.67
3200.23
3200.23
5212.20
5212.20
21.43
21.43
1438.12
1438.12
967.46
967.46
5406.78
5406.78
8298.25
8298.25
133.41
133.41
6374.69
6374.69
10156.75
10156.75
4907.34
4907.34
7933.47
7933.47
6279.69
6279.69
5914.43
5914.43
128.63
128.63
4595.77
4595.77
4404.14
4404.14
5402.67
5402.67
5579.11
5579.11
5898.17
5898.17
3647.13
3647.13
6307.53
6307.53
4979.73
4979.73
6169.05
6169.05
1273.07
1273.07
2211.32
2211.32
306.22
306.22
9741.30
9741.30
2746.79
2746.79
2668.27
2668.27
1527.56
1527.56
3762.01
3762.01
7098.31
7098.31
6675.53
6675.53
6622.20
6622.20
9764.76
9764.76
2442.22
2442.22
3536.22
3536.22
1335.57
1335.57
6291.68
6291.68
586.30
586.30
7129.25
7129.25
7405.87
7405.87
8741.17
8741.17
9578.59
9578.59
262.68
262.68
705.15
705.15
487.20
487.20
1408.41
1408.41
7105.12
7105.12
7065.33
7065.33
5022.60
5022.60
9418.95
9418.95
9702.71
9702.71
2813.73
2813.73
18.57
18.57
6338.34
6338.34
4557.55
4557.55
3244.58
3244.58
10538.27
10538.27
5231.97
5231.97
1385.29
1385.29
6236.53
6236.53
66.94
66.94
1278.94
1278.94
8109.89
8109.89
275.69
275.69
4982.39
4982.39
6239.55
6239.55
9131.08
9131.08
1174.25
1174.25
3412.61
3412.61
3944.14
3944.14
3454.56
3454.56
12.44
12.44
5615.41
5615.41
6279.34
6279.34
6709.00
6709.00
4313.69
4313.69
7926.43
7926.43
8966.26
8966.26
10111.57
10111.57
1376.52
1376.52
10354.41
10354.41
5057.47
5057.47
9393.66
9393.66
7128.29
7128.29
4804.73
4804.73
7011.50
7011.50
2897.45
2897.45
6155.91
6155.91
2975.69
2975.69
9841.17
9841.17
4649.48
4649.48
10253.58
10253.58
7318.51
7318.51
3578.68
3578.68
384.43
384.43
1821.11
1821.11
1393.94
1393.94
4182.82
4182.82
9698.11
9698.11
3203.02
3203.02
9335.06
9335.06
769.85
769.85
2660.52
2660.52
583.84
583.84
114.48
114.48
9352.49
9352.49
1768.94
1768.94
7665.12
7665.12
4523.63
4523.63
1887.63
1887.63
1714.62
1714.62
6103.17
6103.17
3042.94
3042.94
3369.55
3369.55
4916.89
4916.89
2613.35
2613.35
7795.58
7795.58
3599.75
3599.75
201.99
201.99
4100.66
4100.66
153.73
153.73
3065.59
3065.59
33.16
33.16
17.88
17.88
1914.81
1914.81
115.80
115.80
3746.81
3746.81
8656.18
8656.18
1596.60
1596.60
1359.74
1359.74
103.91
103.91
9651.48
9651.48
1496.70
1496.70
1496.70
1496.70
184.77
184.77
10520.09
10520.09
2106.47
2106.47
9933.08
9933.08
741.15
741.15
1392.56
1392.56
390.01
390.01
53.47
53.47
4919.84
4919.84
22.99
22.99
1948.12
1948.12
1011.89
1011.89
3887.45
3887.45
20.98
20.98
4338.99
4338.99
106.77
106.77
61.16
61.16
194.67
194.67
4534.18
4534.18
85.37
85.37
2401.27
2401.27
112.65
112.65
965.86
965.86
965.86
965.86
1975.10
1975.10
1819.62
1819.62
1923.09
1923.09
1379.37
1379.37
10101.79
10101.79
1535.52
1535.52
101.24
101.24
2532.05
2532.05
5835.20
5835.20
5835.20
5835.20
5835.20
5835.20
27.33
27.33
5374.08
5374.08
8520.43
8520.43
1938.51
1938.51
23.16
23.16
5942.15
5942.15
658.62
658.62
2728.36
2728.36
67.09
67.09
3627.46
3627.46
16.31
16.31
83.31
83.31
122.03
122.03
100.02
100.02
39.77
39.77
9204.53
9204.53
2980.89
2980.89
851.45
851.45
8725.12
8725.12
2618.36
2618.36
2199.62
2199.62
96.45
96.45
2481.38
2481.38
391.05
391.05
3221.07
3221.07
1399.13
1399.13
4932.35
4932.35
8111.73
8111.73
9969.26
9969.26
3214.35
3214.35
234.90
234.90
5698.41
5698.41
1411.33
1411.33
3970.59
3970.59
16.07
16.07
7154.42
7154.42
1567.73
1567.73
6732.58
6732.58
3935.20
3935.20
4660.32
4660.32
8694.55
8694.55
381.52
381.52
3754.94
3754.94
23.94
23.94
3286.70
3286.70
21.00
21.00
103.05
103.05
319.19
319.19
2753.67
2753.67
107.39
107.39
10.00
10.00
1399.93
1399.93
7023.24
7023.24
2807.69
2807.69
48.99
48.99
5634.45
5634.45
1985.77
1985.77
10136.93
10136.93
18.64
18.64
19.85
19.85
10041.85
10041.85
5879.11
5879.11
3387.23
3387.23
1890.44
1890.44
87.68
87.68
21.27
21.27
1226.16
1226.16
3374.98
3374.98
3436.97
3436.97
4281.67
4281.67
4281.67
4281.67
1875.39
1875.39
2880.07
2880.07
1236.22
1236.22
17.35
17.35
4928.51
4928.51
387.77
387.77
6467.24
6467.24
1133.68
1133.68
476.07
476.07
6268.50
6268.50
8155.28
8155.28
4356.22
4356.22
137.17
137.17
2335.48
2335.48
1367.04
1367.04
519.79
519.79
1307.89
1307.89
709.57
709.57
345.30
345.30
2214.07
2214.07
9049.66
9049.66
9049.66
9049.66
3846.46
3846.46
734.81
734.81
8741.40
8741.40
338.94
338.94
1390.52
1390.52
23.30
23.30
1354.84
1354.84
28.75
28.75
7999.31
7999.31
1352.43
1352.43
3417.76
3417.76
1389.22
1389.22
21.99
21.99
10712.33
10712.33
10712.33
10712.33
147.66
147.66
1416.55
1416.55
22.80
22.80
2152.12
2152.12
1113.40
1113.40
5904.30
5904.30
1684.10
1684.10
1784.89
1784.89
7221.18
7221.18
3333.77
3333.77
285.54
285.54
7058.47
7058.47
1763.95
1763.95
1986.97
1986.97
1022.71
1022.71
6743.56
6743.56
1792.08
1792.08
7850.45
7850.45
9096.34
9096.34
972.39
972.39
739.97
739.97
8131.32
8131.32
7863.44
7863.44
26.80
26.80
4073.53
4073.53
4987.93
4987.93
8015.10
8015.10
8015.10
8015.10
95.90
95.90
2754.74
2754.74
8344.74
8344.74
8344.74
8344.74
1955.14
1955.14
10071.83
10071.83
2825.95
2825.95
4486.54
4486.54
21.85
21.85
5330.58
5330.58
5330.58
5330.58
5330.58
5330.58
5330.58
5330.58
21.77
21.77
8135.49
8135.49
8217.47
8217.47
7863.08
7863.08
9290.14
9290.14
1002.91
1002.91
3619.33
3619.33
4592.67
4592.67
8740.44
8740.44
8740.44
8740.44
1306.03
1306.03
2439.27
2439.27
8392.86
8392.86
8653.73
8653.73
9129.92
9129.92
34.27
34.27
4442.77
4442.77
4581.75
4581.75
7886.98
7886.98
9279.70
9279.70
9279.70
9279.70
2009.71
2009.71
5293.00
5293.00
607.73
607.73
4961.60
4961.60
1326.19
1326.19
2713.06
2713.06
1391.49
1391.49
229.08
229.08
1777.93
1777.93
478.03
478.03
6894.13
6894.13
17.77
17.77
5080.53
5080.53
1390.28
1390.28
4490.82
4490.82
5236.58
5236.58
1363.11
1363.11
787.28
787.28
5843.44
5843.44
1083.73
1083.73
1393.60
1393.60
639.19
639.19
2270.03
2270.03
2244.13
2244.13
465.29
465.29
9447.29
9447.29
8314.08
8314.08
8586.59
8586.59
8586.59
8586.59
8586.59
8586.59
8173.92
8173.92
742.14
742.14
8308.85
8308.85
1619.14
1619.14
2615.31
2615.31
5195.54
5195.54
5213.64
5213.64
10352.67
10352.67
688.73
688.73
5156.49
5156.49
52.77
52.77
28.73
28.73
104.33
104.33
4593.93
4593.93
1240.83
1240.83
9940.91
9940.91
4195.95
4195.95
5475.64
5475.64
24.99
24.99
2745.61
2745.61
4585.31
4585.31
1104.53
1104.53
4812.53
4812.53
54.23
54.23
9663.10
9663.10
7448.65
7448.65
1377.03
1377.03
4547.08
4547.08
4029.46
4029.46
1431.56
1431.56
25.41
25.41
973.13
973.13
46.74
46.74
21.60
21.60
1358.50
1358.50
1197.95
1197.95
846.25
846.25
140.53
140.53
1412.22
1412.22
14.09
14.09
1350.37
1350.37
10.00
10.00
1396.98
1396.98
8324.19
8324.19
3036.61
3036.61
231.19
231.19
251.39
251.39
40.32
40.32
7023.44
7023.44
2943.62
2943.62
19.76
19.76
9772.15
9772.15
9811.22
9811.22
2370.89
2370.89
402.14
402.14
1308.32
1308.32
5298.50
5298.50
9978.43
9978.43
3121.77
3121.77
4271.92
4271.92
4271.92
4271.92
4271.92
4271.92
6071.63
6071.63
2508.06
2508.06
9035.67
9035.67
9473.03
9473.03
1360.43
1360.43
1997.76
1997.76
229.10
229.10
229.10
5962.40
5962.40
303.78
303.78
3187.07
3187.07
1382.34
1382.34
3948.27
3948.27
10.00
10.00
951.45
951.45
38.10
38.10
173.38
173.38
113.43
113.43
102.31
102.31
19.58
19.58
574.73
574.73
281.02
281.02
44.15
44.15
1127.93
1127.93
166.31
166.31
633.55
633.55
82.82
82.82
246.06
246.06
1375.09
1375.09
21.38
21.38
1342.70
1342.70
4243.54
4243.54
331.96
331.96
66.17
66.17
4056.33
4056.33
4941.46
4941.46
3436.17
3436.17
1310.19
1310.19
7720.84
7720.84
6456.49
6456.49
1941.63
1941.63
2912.14
2912.14
8495.80
8495.80
10137.62
10137.62
5838.80
5838.80
8801.01
8801.01
2875.05
2875.05
1410.19
1410.19
4841.71
4841.71
1364.39
1364.39
6072.81
6072.81
3235.91
3235.91
1435.82
1435.82
185.92
185.92
1202.86
1202.86
2475.85
2475.85
23.35
23.35
4783.34
4783.34
4280.32
4280.32
545.88
545.88
541.14
541.14
1942.10
1942.10
4873.99
4873.99
4873.99
4873.99
1297.21
1297.21
9096.79
9096.79
9096.79
9096.79
9096.79
9096.79
2508.42
2508.42
5891.67
5891.67
8885.40
8885.40
8885.40
8885.40
445.76
445.76
1410.08
1410.08
3889.95
3889.95
3964.25
3964.25
3964.25
3964.25
4563.63
4563.63
3207.98
3207.98
3050.77
3050.77
4573.47
4573.47
4477.06
4477.06
5045.49
5045.49
4245.78
4245.78
3341.00
3341.00
2881.44
2881.44
6571.34
6571.34
5475.27
5475.27
6565.55
6565.55
7464.35
7464.35
1515.81
1515.81
3420.00
3420.00
169.27
169.27
115.76
115.76
7450.71
7450.71
1605.07
1605.07
231.44
231.44
1389.54
1389.54
2388.53
2388.53
9524.05
9524.05
8629.11
8629.11
406.05
406.05
2630.29
2630.29
5195.57
5195.57
94.62
94.62
7832.81
7832.81
18.37
18.37
1392.01
1392.01
21.14
21.14
21.99
21.99
4222.77
4222.77
85.56
85.56
4860.04
4860.04
4860.04
4860.04
4860.04
4860.04
4860.04
4860.04
824.35
824.35
22.80
22.80
768.79
768.79
4425.07
4425.07
44.12
44.12
38.15
38.15
1843.40
1843.40
4389.91
4389.91
4138.75
4138.75
4638.31
4638.31
5849.09
5849.09
5910.01
5910.01
7521.02
7521.02
7481.26
7481.26
7687.99
7687.99
6316.35
6316.35
6802.82
6802.82
8136.45
8136.45
3120.13
3120.13
29.62
29.62
396.43
396.43
8086.48
8086.48
3635.10
3635.10
1357.04
1357.04
41.20
41.20
3149.38
3149.38
346.80
346.80
1341.29
1341.29
229.74
229.74
1307.69
1307.69
8399.78
8399.78
395.61
395.61
143.48
143.48
7951.98
7951.98
9714.69
9714.69
104.81
104.81
4794.70
4794.70
86.25
86.25
683.74
683.74
1410.13
1410.13
7769.54
7769.54
7769.54
7769.54
7769.54
7769.54
1796.97
1796.97
1675.80
1675.80
7260.58
7260.58
1413.70
1413.70
3376.85
3376.85
1510.29
1510.29
195.28
195.28
7513.04
7513.04
1365.92
1365.92
90.06
90.06
57.66
57.66
22.83
22.83
4941.83
4941.83
26.77
26.77
195.74
195.74
7781.32
7781.32
9507.16
9507.16
9598.83
9598.83
180.64
180.64
17.45
17.45
10217.34
10217.34
393.64
393.64
5033.19
5033.19
10090.79
10090.79
752.69
752.69
1405.50
1405.50
5370.26
5370.26
5370.26
5370.26
13.91
13.91
4399.54
4399.54
9187.69
9187.69
115.12
115.12
8457.55
8457.55
1835.23
1835.23
1412.22
1412.22
4082.45
4082.45
9670.95
9670.95
26.33
26.33
9545.47
9545.47
1412.33
1412.33
4778.62
4778.62
544.73
544.73
2497.61
2497.61
624.60
624.60
1423.35
1423.35
23.39
23.39
1385.47
1385.47
4294.81
4294.81
108.26
108.26
611.12
611.12
64.26
64.26
17.06
17.06
4548.80
4548.80
98.10
98.10
135.99
135.99
444.28
444.28
5455.64
5455.64
4843.68
4843.68
1267.66
1267.66
2030.79
2030.79
101.17
101.17
1061.93
1061.93
251.08
251.08
77.86
77.86
146.19
146.19
20.36
20.36
22.23
22.23
2074.25
2074.25
3934.16
3934.16
3637.08
3637.08
7933.70
7933.70
9415.98
9415.98
2125.12
2125.12
321.13
321.13
64.63
64.63
838.46
838.46
141.97
141.97
939.53
939.53
132.59
132.59
4474.27
4474.27
3545.99
3545.99
46.50
46.50
1398.86
1398.86
331.33
331.33
5754.06
5754.06
5744.90
5744.90
77.21
77.21
1397.78
1397.78
1099.45
1099.45
8045.46
8045.46
4192.93
4192.93
1583.31
1583.31
4040.52
4040.52
2296.76
2296.76
5890.97
5890.97
124.74
124.74
157.09
157.09
520.84
520.84
60.05
60.05
1330.04
1330.04
283.90
283.90
1891.75
1891.75
199.27
199.27
201.97
201.97
27.02
27.02
20.15
20.15
2640.77
2640.77
2640.77
2640.77
258.06
258.06
1410.04
1410.04
2695.70
2695.70
8011.89
8011.89
7463.92
7463.92
104.81
104.81
297.77
297.77
74.18
74.18
9223.49
9223.49
9223.49
9223.49
5875.80
5875.80
5060.65
5060.65
68.55
68.55
5214.11
5214.11
7778.63
7778.63
99.28
99.28
1390.88
1390.88
99.25
99.25
9362.57
9362.57
9362.57
9362.57
9585.66
9585.66
8133.35
8133.35
8133.35
8133.35
335.43
335.43
390.54
390.54
60.97
60.97
1345.77
1345.77
1404.94
1404.94
98.59
98.59
2555.28
2555.28
65.29
65.29
1356.55
1356.55
9591.37
9591.37
3837.75
3837.75
10185.71
10185.71
5283.93
5283.93
23.93
23.93
7420.82
7420.82
10421.25
10421.25
1410.41
1410.41
22.32
22.32
8382.90
8382.90
801.40
801.40
137.56
137.56
37.61
37.61
3687.32
3687.32
1394.70
1394.70
1213.39
1213.39
109.05
109.05
24.98
24.98
1350.29
1350.29
37.30
37.30
21.67
21.67
17.27
17.27
173.32
173.32
4924.78
4924.78
34.26
34.26
22.83
22.83
1419.71
1419.71
6858.51
6858.51
64.05
64.05
4854.51
4854.51
1411.86
1411.86
4406.42
4406.42
1620.69
1620.69
1418.22
1418.22
8380.11
8380.11
3048.79
3048.79
581.22
581.22
44.99
44.99
4290.11
4290.11
1430.17
1430.17
456.26
456.26
1165.56
1165.56
2444.60
2444.60
513.35
513.35
257.19
257.19
1789.67
1789.67
485.51
485.51
99.27
99.27
30.13
30.13
88.30
88.30
1380.51
1380.51
98.32
98.32
9260.53
9260.53
144.66
144.66
73.15
73.15
2429.28
2429.28
3637.90
3637.90
1290.55
1290.55
17.70
17.70
191.62
191.62
1996.84
1996.84
4970.27
4970.27
10181.89
10181.89
10.00
10.00
77.97
77.97
2053.94
2053.94
459.85
459.85
2168.20
2168.20
1438.41
1438.41
2824.41
2824.41
8176.07
8176.07
2433.23
2433.23
9878.72
9878.72
83.27
83.27
9404.47
9404.47
167.77
167.77
6561.52
6561.52
5692.54
5692.54
3396.42
3396.42
970.70
970.70
5298.95
5298.95
2434.64
2434.64
2291.95
2291.95
5223.15
5223.15
6180.47
6180.47
949.12
949.12
1377.25
1377.25
6347.48
6347.48
5609.46
5609.46
5250.80
5250.80
104.68
104.68
5793.39
5793.39
10111.45
10111.45
9280.52
9280.52
7003.36
7003.36
3380.72
3380.72
33.12
33.12
9246.66
9246.66
1574.93
1574.93
3179.84
3179.84
9196.53
9196.53
3184.34
3184.34
4854.48
4854.48
2903.20
2903.20
17.28
17.28
5155.55
5155.55
5155.55
5155.55
1095.70
1095.70
26.07
26.07
107.37
107.37
248.73
248.73
5152.37
5152.37
1395.11
1395.11
4655.26
4655.26
4655.26
4655.26
4655.26
4655.26
4655.26
4655.26
4655.26
4655.26
5167.59
5167.59
1472.03
1472.03
8006.75
8006.75
8204.13
8204.13
8204.13
8204.13
7755.28
7755.28
7755.28
7755.28
7755.28
7755.28
8190.41
8190.41
1319.54
1319.54
8982.88
8982.88
8407.54
8407.54
8407.54
8407.54
9751.42
9751.42
411.71
411.71
9501.94
9501.94
1388.40
1388.40
9751.33
9751.33
1378.95
1378.95
10067.04
10067.04
10571.73
10571.73
8293.16
8293.16
8293.16
8293.16
1432.27
1432.27
7725.93
7725.93
7406.48
7406.48
9927.13
9927.13
2059.72
2059.72
1414.57
1414.57
480.37
480.37
58.17
58.17
20.85
20.85
40.77
40.77
21.20
21.20
2560.64
2560.64
1347.67
1347.67
8756.54
8756.54
121.55
121.55
415.09
415.09
2898.17
2898.17
8029.79
8029.79
157.62
157.62
115.08
115.08
166.87
166.87
142.36
142.36
60.97
60.97
255.04
255.04
6717.63
6717.63
43.46
43.46
4218.72
4218.72
229.89
229.89
7299.46
7299.46
1204.86
1204.86
9395.27
9395.27
65.31
65.31
6846.34
6846.34
52.09
52.09
2679.19
2679.19
8921.06
8921.06
1424.43
1424.43
6955.85
6955.85
17.01
17.01
2432.40
2432.40
5664.04
5664.04
2020.50
2020.50
375.54
375.54
89.35
89.35
109.70
109.70
6849.11
6849.11
96.60
96.60
5038.57
5038.57
1397.88
1397.88
2751.47
2751.47
361.75
361.75
22.99
22.99
306.78
306.78
10285.32
10285.32
10024.87
10024.87
10024.87
10024.87
2520.31
2520.31
3224.62
3224.62
230.17
230.17
29.36
29.36
10.00
10.00
247.00
247.00
1669.52
1669.52
7694.93
7694.93
160.69
160.69
2549.03
2549.03
2936.05
2936.05
1378.88
1378.88
1378.88
19.57
19.57
40.51
40.51
153.88
153.88
59.84
59.84
1376.77
1376.77
340.36
1618.42
1618.42
1618.42
3245.72
3245.72
10042.10
10042.10
1360.12
1360.12
627.89
627.89
1433.06
1433.06
9571.00
9571.00
18.43
18.43
99.17
99.17
4851.57
4851.57
8014.64
8014.64
7415.88
3977.60
3977.60
3977.60
7496.54
7496.54
147.12
147.12
444.23
444.23
16.71
16.71
1365.68
1365.68
408.32
408.32
1961.23
1961.23
8785.53
8785.53
1736.46
1736.46
3634.67
3634.67
4585.30
1384.93
1384.93
1384.93
19.39
19.39
133.73
133.73
65.86
65.86
87.47
87.47
162.04
162.04
228.23
228.23
333.38
333.38
7465.65
7465.65
1052.04
1052.04
2910.91
2910.91
4203.48
4203.48
4210.88
4210.88
83.72
83.72
61.99
61.99
1216.28
1216.28
376.93
376.93
951.23
951.23
68.87
68.87
61.18
61.18
75.32
75.32
19.82
19.82
81.81
81.81
2382.03
2382.03
138.85
138.85
1152.28
1152.28
3806.26
3806.26
36.04
36.04
118.97
118.97
4957.68
4957.68
4692.07
4692.07
85.21
85.21
52.02
52.02
6192.02
6192.02
85.68
85.68
64.75
64.75
5628.37
5628.37
32.76
32.76
7091.65
7091.65
7091.65
7091.65
4893.61
4893.61
1337.03
1337.03
5484.85
5484.85
7646.56
7646.56
7178.29
7178.29
86.20
86.20
8336.08
8336.08
8745.73
8745.73
91.94
91.94
2522.72
2522.72
6560.52
6560.52
1472.14
1472.14
2966.91
2966.91
30.39
30.39
4121.93
4121.93
1823.44
1823.44
7224.46
7224.46
2711.82
2711.82
1480.91
1480.91
3751.10
3751.10
1341.75
1341.75
3023.08
3023.08
10359.35
10359.35
1426.13
1426.13
275.59
275.59
7098.76
7098.76
9856.99
9856.99
2128.73
2128.73
9836.70
9836.70
2790.09
2790.09
658.24
658.24
166.07
166.07
4355.66
4355.66
5340.66
5340.66
5340.66
5340.66
965.90
965.90
10647.06
10647.06
7169.77
7169.77
4416.86
4416.86
6033.50
6033.50
574.79
574.79
8314.13
8314.13
1515.25
1515.25
305.07
305.07
1497.14
1497.14
4780.97
4780.97
1568.75
1568.75
4136.89
4136.89
4937.40
4937.40
1410.13
1410.13
5821.74
5821.74
69.66
69.66
5205.58
5205.58
5205.58
5205.58
5205.58
5205.58
5205.58
5205.58
1446.10
1446.10
4909.60
4909.60
4909.60
4909.60
4909.60
4909.60
4265.64
4265.64
7611.00
7611.00
3070.16
3070.16
25.50
25.50
26.55
26.55
3031.54
3031.54
1288.02
1288.02
2894.43
2894.43
1366.66
1366.66
19.59
19.59
74.08
74.08
1892.42
1892.42
1288.21
1288.21
1298.16
1298.16
88.31
88.31
4644.65
4644.65
7327.88
7327.88
902.56
902.56
1350.77
1350.77
9654.05
9654.05
83.86
83.86
1049.11
1049.11
312.41
312.41
322.22
322.22
76.11
76.11
1386.85
1386.85
308.75
308.75
991.86
991.86
25.25
25.25
4448.94
4448.94
2166.97
2166.97
2725.26
2725.26
98.50
98.50
374.43
374.43
191.24
191.24
5615.80
5615.80
5615.80
5615.80
2006.71
2006.71
4670.97
4670.97
9813.00
9813.00
5352.25
5352.25
312.58
312.58
97.21
97.21
1954.69
1954.69
1384.25
1384.25
5758.89
5758.89
5912.74
5912.74
1320.41
1320.41
501.61
501.61
548.92
548.92
6319.52
6319.52
152.64
152.64
10.00
10.00
319.36
319.36
32.40
32.40
49.45
49.45
5204.06
5204.06
5204.06
5204.06
9073.77
9073.77
9282.92
9282.92
21.97
21.97
8516.67
8516.67
142.22
142.22
23.92
23.92
10.00
10.00
9285.54
9285.54
10088.52
10088.52
3069.92
3069.92
1423.41
1423.41
647.68
647.68
518.18
518.18
1326.93
1326.93
1436.08
1436.08
213.57
213.57
1533.25
1533.25
3820.95
3820.95
7234.01
7234.01
7421.72
7421.72
5499.61
5499.61
2597.10
2597.10
4089.98
4089.98
1420.15
1420.15
7850.87
7850.87
4297.16
4297.16
22.29
22.29
36.70
36.70
1966.09
1966.09
3848.94
3848.94
29.12
29.12
3917.36
3917.36
1610.64
1610.64
518.13
518.13
64.75
64.75
21.11
21.11
112.63
112.63
2900.18
2900.18
1820.11
1820.11
1384.91
1384.91
19.42
19.42
16.62
16.62
122.82
122.82
43.28
43.28
100.56
100.56
201.19
201.19
144.69
144.69
2549.53
2549.53
19.54
19.54
1949.06
1949.06
104.08
104.08
37.76
37.76
80.46
80.46
5597.00
5597.00
23.78
23.78
3348.15
3348.15
19.95
19.95
4534.09
4534.09
40.22
40.22
746.23
746.23
2564.79
2564.79
1390.92
1390.92
21.93
21.93
9116.86
9116.86
6050.97
6050.97
3996.56
3996.56
647.28
647.28
235.55
235.55
3722.59
3722.59
35.78
35.78
2065.59
2065.59
209.91
209.91
174.29
174.29
1149.04
1149.04
834.51
834.51
82.97
82.97
81.24
81.24
59.12
59.12
2123.20
2123.20
113.79
113.79
80.48
80.48
279.90
279.90
88.18
88.18
92.13
92.13
5515.51
5515.51
6999.49
6999.49
6324.69
6324.69
8022.94
8022.94
4429.92
4429.92
59.18
59.18
6154.61
6154.61
3241.59
3241.59
1362.54
1362.54
1132.58
1132.58
1372.70
1372.70
117.05
117.05
197.72
197.72
69.75
69.75
291.92
291.92
4801.19
4801.19
1957.65
1957.65
34.42
34.42
283.42
283.42
35.20
35.20
1904.06
1904.06
300.84
300.84
20.83
20.83
4106.11
4106.11
996.01
996.01
224.90
224.90
417.94
417.94
1295.47
1295.47
114.89
114.89
85.24
85.24
145.90
145.90
390.76
390.76
1249.27
1249.27
7729.01
7729.01
1388.85
1388.85
1948.28
1948.28
20.50
20.50
8446.60
8446.60
8446.60
8446.60
43.35
43.35
204.32
204.32
1340.56
1340.56
3505.62
3505.62
5289.67
5289.67
324.68
324.68
502.21
502.21
5007.32
5007.32
946.22
946.22
503.87
503.87
9117.31
9117.31
3160.90
3160.90
1416.16
1416.16
2884.76
2884.76
96.49
96.49
18.77
18.77
19.26
19.26
70.55
70.55
113.68
113.68
2475.38
2475.38
442.43
442.43
8296.49
8296.49
1392.41
1392.41
9479.83
9479.83
1314.24
1314.24
27.35
27.35
5344.45
5344.45
99.91
99.91
1387.11
1387.11
96.90
96.90
23.21
23.21
10.00
10.00
4145.00
4145.00
1177.37
1177.37
26.30
26.30
1549.94
1549.94
1389.73
1389.73
2351.31
2351.31
1389.71
1389.71
1497.35
1497.35
801.24
801.24
1379.85
1379.85
1246.62
1246.62
1419.53
1419.53
265.54
265.54
18.56
18.56
715.66
715.66
1615.91
1615.91
3684.55
3684.55
641.79
641.79
1411.76
1411.76
4104.58
4104.58
7200.92
7200.92
7200.92
7200.92
9409.91
9409.91
7405.99
7405.99
79.27
79.27
5013.94
5013.94
587.90
587.90
39.18
39.18
5138.79
5138.79
2839.24
2839.24
1275.44
1275.44
2752.06
2752.06
147.41
147.41
19.39
19.39
850.65
850.65
20.32
20.32
72.02
72.02
1360.66
1360.66
3132.23
3132.23
8920.95
8920.95
876.68
876.68
33.95
33.95
1338.28
1338.28
6427.49
6427.49
59.28
59.28
5568.84
5568.84
18.38
18.38
955.78
955.78
719.66
719.66
2869.69
2869.69
4578.63
4578.63
21.11
21.11
1403.08
1403.08
26.88
26.88
8612.50
8612.50
5594.68
5594.68
893.62
893.62
77.24
77.24
56.09
56.09
6495.43
6495.43
4193.40
4193.40
6901.08
6901.08
1975.91
1975.91
10134.41
10134.41
1427.82
1427.82
128.84
128.84
8112.81
8112.81
61.66
61.66
4570.04
4570.04
1359.39
1359.39
20.85
20.85
1317.18
1317.18
414.95
414.95
1382.90
1382.90
4522.72
4522.72
133.31
133.31
10103.66
10103.66
21.78
21.78
5355.05
5355.05
29.29
29.29
1776.51
1776.51
853.11
853.11
242.41
242.41
753.93
753.93
1628.16
1628.16
1400.76
1400.76
63.68
63.68
600.37
600.37
1094.60
1094.60
5390.90
5390.90
1363.99
1363.99
123.60
123.60
21.97
21.97
102.72
102.72
637.95
637.95
1413.93
1413.93
57.84
57.84
7994.30
7994.30
2542.95
2542.95
3035.87
3035.87
4942.57
4942.57
8627.80
8627.80
1218.02
1218.02
4692.20
4692.20
5171.10
5171.10
6481.41
6481.41
2587.39
2587.39
1363.08
1363.08
4722.26
4722.26
4825.06
4825.06
9208.85
9208.85
110.87
110.87
1411.20
1411.20
5229.10
5229.10
139.87
139.87
217.98
217.98
402.04
402.04
5744.95
5744.95
6379.40
6379.40
836.30
836.30
7180.76
7180.76
1425.82
1425.82
9568.02
9568.02
132.35
132.35
172.79
172.79
86.52
86.52
19.62
19.62
8363.39
8363.39
43.69
43.69
27.39
27.39
203.15
203.15
6185.74
6185.74
6185.74
6185.74
9910.66
9910.66
5058.06
5058.06
448.48
448.48
3704.91
3704.91
156.84
156.84
10.00
10.00
775.46
775.46
10.00
10.00
195.16
195.16
23.20
23.20
83.17
83.17
189.54
189.54
163.65
163.65
50.53
50.53
58.32
58.32
15.61
15.61
15.61
58.13
139.96
139.96
20.09
20.09
23.36
23.36
3709.12
3709.12
155.23
155.23
2329.92
2329.92
448.61
448.61
448.61
1331.92
1331.92
170.60
170.60
1665.75
1665.75
82.86
82.86
1407.38
1407.38
1365.13
1365.13
5237.58
5237.58
1818.11
1818.11
5249.35
5249.35
191.53
191.53
83.54
83.54
476.01
476.01
2685.89
2685.89
712.99
712.99
3120.00
3120.00
82.29
82.29
261.56
261.56
1385.69
1385.69
214.38
214.38
1688.36
1688.36
29.51
29.51
234.38
234.38
9310.21
9310.21
7803.75
7803.75
4866.39
4866.39
9907.05
9907.05
9907.05
9907.05
9907.05
9907.05
741.49
741.49
5644.15
5644.15
49.97
49.97
254.51
254.51
817.96
817.96
21.99
21.99
1353.46
1353.46
18.93
18.93
812.87
812.87
28.66
28.66
635.38
635.38
5626.59
5626.59
4081.46
4081.46
38.10
38.10
1887.26
1887.26
20.23
20.23
2995.21
2995.21
18.93
18.93
1258.43
1258.43
472.09
472.09
1051.12
1051.12
3884.40
3884.40
3884.40
3884.40
3972.90
3972.90
1336.50
1336.50
1348.56
1348.56
19.04
19.04
384.87
384.87
60.76
60.76
136.27
136.27
2666.45
2666.45
60.05
60.05
1317.98
1317.98
1264.02
1264.02
4956.06
4956.06
5011.46
5011.46
1544.50
1544.50
1648.57
1648.57
2053.07
2053.07
1016.72
1016.72
955.84
955.84
4574.63
4574.63
1433.35
1433.35
7945.91
7945.91
1354.65
1354.65
3483.75
3483.75
5830.64
5830.64
1402.87
1402.87
888.78
888.78
7968.90
7968.90
4913.64
4913.64
6951.06
6951.06
4947.04
4947.04
3065.52
3065.52
3566.61
3566.61
2782.56
2782.56
1373.60
1373.60
5870.39
5870.39
8574.93
8574.93
4168.66
4168.66
172.63
172.63
1400.64
1400.64
57.75
57.75
3614.59
3614.59
40.80
40.80
6191.66
6191.66
6191.66
6191.66
6417.60
6417.60
10231.06
10231.06
7970.60
7970.60
64.31
64.31
1013.91
1013.91
1071.46
1071.46
10175.92
10175.92
1088.44
1088.44
9054.99
9054.99
7119.65
7119.65
8052.67
8052.67
10.00
10.00
651.15
651.15
9898.00
9898.00
140.44
140.44
6755.71
6755.71
1400.61
1400.61
2542.20
2542.20
3723.12
3723.12
3211.29
3211.29
104.92
104.92
5162.38
5162.38
20.43
20.43
3907.58
3907.58
4042.72
4042.72
5122.57
5122.57
5122.57
5122.57
5122.57
5122.57
10231.80
10231.80
1802.58
1802.58
1362.11
1362.11
2640.77
2640.77
3817.62
3817.62
4336.61
4336.61
5392.48
5392.48
6078.85
6078.85
2307.18
2307.18
9887.04
9887.04
29.09
29.09
5238.55
5238.55
8479.10
8479.10
2218.26
2218.26
10.00
10.00
43.26
43.26
58.97
58.97
43.86
43.86
21.20
21.20
19.39
19.39
56.46
56.46
3886.77
3886.77
4504.57
4504.57
3628.32
3628.32
4505.95
4505.95
4505.38
4505.38
5812.81
5812.81
5708.32
5708.32
5708.32
5708.32
5708.32
5708.32
5708.32
5708.32
5708.32
5708.32
125.36
125.36
31.46
31.46
84.66
84.66
241.10
241.10
6427.77
6427.77
708.96
708.96
1383.59
1383.59
18.63
18.63
9678.28
9678.28
512.22
512.22
2638.62
2638.62
10577.78
10577.78
5749.10
5749.10
2878.83
2878.83
2878.83
2878.83
10.00
10.00
253.64
253.64
13.91
13.91
101.53
101.53
988.66
988.66
1285.59
1285.59
944.70
944.70
60.77
60.77
1388.72
1388.72
1229.10
1229.10
4130.30
4130.30
605.26
605.26
1047.75
1047.75
2140.70
2140.70
16.85
16.85
900.39
900.39
142.96
142.96
132.46
132.46
107.41
107.41
620.08
620.08
3162.67
3162.67
219.67
219.67
1190.22
1190.22
6368.81
6368.81
3883.91
3883.91
383.35
383.35
88.74
88.74
1365.42
1365.42
739.68
739.68
2293.08
2293.08
352.50
352.50
622.67
622.67
237.38
237.38
1301.67
1301.67
124.64
124.64
23.18
23.18
353.16
353.16
1399.06
1399.06
370.50
370.50
5063.18
5063.18
9765.43
9765.43
1412.27
1412.27
25.57
25.57
4895.55
4895.55
26.59
26.59
9877.02
9877.02
1372.27
1372.27
4260.95
4260.95
2146.99
2146.99
40.24
40.24
29.56
29.56
19.82
19.82
1899.34
1899.34
1324.27
1324.27
5176.92
5176.92
5176.92
5176.92
5176.92
5176.92
2071.11
2071.11
56.38
56.38
5121.15
5121.15
1332.33
1332.33
4826.29
4826.29
9156.04
9156.04
2604.42
2604.42
5244.79
5244.79
112.16
112.16
3469.34
3469.34
2301.03
2301.03
3750.68
3750.68
1980.16
1980.16
6003.49
6003.49
3976.95
3976.95
2994.47
2994.47
4305.73
4305.73
45.22
45.22
139.89
139.89
98.41
98.41
19.69
19.69
864.84
864.84
268.45
268.45
1288.09
1288.09
676.44
676.44
30.44
30.44
432.78
432.78
23.02
23.02
1500.20
1500.20
78.67
78.67
3348.69
3348.69
1154.33
1154.33
74.57
74.57
1547.43
1547.43
117.25
117.25
8032.33
8032.33
9880.15
9880.15
4473.85
4473.85
6538.17
6538.17
6538.17
6538.17
371.64
371.64
7783.10
7783.10
1412.53
1412.53
5043.62
5043.62
4182.32
4182.32
5334.23
5334.23
7190.82
7190.82
317.13
317.13
19.31
19.31
144.14
144.14
197.08
197.08
5836.76
5836.76
23.39
23.39
3398.25
3398.25
964.63
964.63
37.47
37.47
81.10
81.10
5850.86
5850.86
201.08
201.08
1462.63
1462.63
403.53
403.53
10.00
10.00
1097.82
1097.82
2039.55
2039.55
1044.23
1044.23
3485.72
3485.72
4877.62
4877.62
2859.89
2859.89
1622.33
1622.33
20.72
20.72
6470.60
6470.60
8612.04
8612.04
1919.93
1919.93
2581.76
2581.76
114.69
114.69
297.89
297.89
283.94
283.94
157.56
157.56
55.16
55.16
23.79
23.79
1346.26
1346.26
2828.67
2828.67
1131.23
1131.23
97.70
97.70
2621.89
2621.89
4713.75
4713.75
1735.53
1735.53
3178.89
3178.89
860.80
860.80
6077.12
6077.12
5245.92
5245.92
4460.04
4460.04
4460.04
4460.04
4460.04
4460.04
6316.19
6316.19
3125.20
3125.20
1554.84
1554.84
6032.16
6032.16
807.67
807.67
5042.64
5042.64
6484.14
6484.14
6484.14
6484.14
2732.29
2732.29
22.73
22.73
1399.81
1399.81
9270.31
9270.31
2289.60
2289.60
9341.93
9341.93
3575.10
3575.10
1263.20
1263.20
6984.73
6984.73
9991.11
9991.11
9991.11
9991.11
8110.51
8110.51
1428.03
1428.03
9386.56
9386.56
5659.62
5659.62
10179.01
10179.01
8316.38
8316.38
8861.12
8861.12
43.62
43.62
10336.44
10336.44
6305.79
6305.79
6341.38
6341.38
9792.26
9792.26
266.63
266.63
4946.88
4946.88
4336.58
4336.58
1999.24
1999.24
3976.11
3976.11
3897.51
3897.51
27.74
27.74
5072.18
5072.18
9822.22
9822.22
1700.09
1700.09
5003.38
5003.38
638.71
638.71
1821.23
1821.23
1432.03
1432.03
5380.28
5380.28
6517.93
6517.93
57.85
57.85
10011.40
10011.40
783.13
783.13
5226.47
5226.47
958.45
958.45
453.36
453.36
1431.67
1431.67
4004.12
4004.12
5282.92
5282.92
3344.45
3344.45
333.00
333.00
1265.13
1265.13
4910.93
4910.93
7630.08
7630.08
6035.40
6035.40
7212.93
7212.93
7510.14
7510.14
6101.03
6101.03
8360.91
8360.91
612.51
612.51
88.13
88.13
1278.11
1278.11
108.28
108.28
5246.19
5246.19
174.69
174.69
2100.26
2100.26
26.56
26.56
8252.96
8252.96
1372.99
1372.99
177.43
177.43
8359.41
8359.41
1472.53
1472.53
1439.09
1439.09
5292.33
5292.33
148.92
148.92
1411.69
1411.69
17.67
17.67
21.16
21.16
5676.63
5676.63
48.49
48.49
1384.74
1384.74
7214.05
7214.05
1629.86
1629.86
5361.57
5361.57
3117.30
3117.30
1137.19
1137.19
9765.63
9765.63
18.30
18.30
28.78
28.78
2073.75
2073.75
209.47
209.47
753.16
753.16
1052.48
1052.48
2287.09
2287.09
4134.71
4134.71
17.04
17.04
18.45
18.45
8857.01
8857.01
56.46
56.46
80.20
80.20
10.00
10.00
18.56
18.56
6667.02
6667.02
17.99
17.99
3243.61
3243.61
3051.42
3051.42
5540.56
5540.56
6807.38
6807.38
8326.39
8326.39
1669.37
1669.37
5462.25
5462.25
98.84
98.84
1494.53
1494.53
407.17
407.17
116.55
116.55
51.93
51.93
270.20
270.20
1688.21
1688.21
71.57
71.57
2248.26
2248.26
45.79
45.79
1045.09
1045.09
1314.08
1314.08
20.70
20.70
18.72
18.72
355.52
355.52
191.21
191.21
100.68
100.68
27.10
27.10
18.93
18.93
19.13
19.13
163.53
163.53
17.51
17.51
28.09
28.09
165.37
165.37
80.28
80.28
78.39
78.39
4595.99
4595.99
267.35
267.35
3450.42
3450.42
1330.61
1330.61
6478.49
6478.49
5019.55
5019.55
10.00
10.00
1821.50
1821.50
1789.15
1789.15
984.74
984.74
25.78
25.78
2766.59
2766.59
1183.83
1183.83
6694.73
6694.73
10146.53
10146.53
1402.61
1402.61
2069.72
2069.72
5664.67
5664.67
882.61
882.61
5267.96
5267.96
2364.76
2364.76
774.00
774.00
2329.43
2329.43
6546.77
6546.77
3114.91
3114.91
6911.46
6911.46
5745.56
5745.56
9527.55
9527.55
5038.85
5038.85
1737.85
1737.85
5951.21
5951.21
3778.31
3778.31
5575.46
5575.46
9535.30
9535.30
3429.02
3429.02
3429.02
518.21
6685.39
6685.39
6685.39
141.61
141.61
145.66
145.66
125.70
125.70
226.12
226.12
1378.75
1378.75
101.63
101.63
21.70
21.70
25.52
25.52
4031.58
4031.58
1362.97
1362.97
9861.52
579.45
579.45
579.45
4267.84
4267.84
1554.63
1554.63
95.53
95.53
67.96
67.96
665.46
665.46
179.82
179.82
2548.12
2548.12
223.51
223.51
106.53
106.53
112.17
112.17
18.69
36.60
36.60
36.60
87.58
87.58
20.85
20.85
90.54
90.54
1415.07
1415.07
1142.07
1142.07
9553.25
9553.25
259.00
259.00
56.40
56.40
418.50
418.50
49.05
49.05
444.23
79.22
79.22
79.22
21.43
21.43
10.00
10.00
1222.82
1222.82
73.33
73.33
112.80
112.80
234.31
234.31
7407.37
7407.37
195.03
195.03
261.14
261.14
6144.27
6144.27
1242.20
1242.20
2538.01
2538.01
7902.56
7902.56
3786.25
3786.25
10.83
10.83
100.55
100.55
53.14
53.14
1304.31
1304.31
20.50
20.50
127.20
127.20
471.58
471.58
508.01
508.01
188.34
188.34
1420.48
1420.48
10101.26
10101.26
999.86
999.86
5059.84
5059.84
56.77
56.77
1413.09
1413.09
65.46
65.46
126.48
126.48
91.64
91.64
15.61
15.61
14.26
14.26
317.46
506.48
506.48
506.48
98.19
98.19
9930.16
9930.16
1415.50
1415.50
7125.70
7125.70
1353.11
1353.11
3582.31
3582.31
45.91
45.91
177.75
177.75
2238.16
2238.16
4337.55
4337.55
8783.18
8783.18
5776.53
5776.53
5776.53
5776.53
25.20
25.20
16.57
16.57
6263.42
6263.42
1315.59
1315.59
120.40
120.40
207.72
207.72
214.43
214.43
950.04
950.04
1339.62
1339.62
65.28
65.28
1296.22
1296.22
821.33
821.33
371.77
371.77
990.57
990.57
2971.05
2971.05
193.67
193.67
899.34
899.34
3587.62
3587.62
19.45
19.45
98.38
98.38
114.53
114.53
3700.22
3700.22
4616.39
4616.39
7625.95
7625.95
4387.17
4387.17
8246.71
8246.71
23.07
23.07
31.81
31.81
30.17
30.17
65.94
65.94
658.37
658.37
10.00
10.00
1706.39
1706.39
824.47
824.47
2169.54
2169.54
7066.03
7066.03
6273.30
6273.30
20.37
20.37
2348.18
2348.18
7952.78
7952.78
8247.10
8247.10
3638.25
3638.25
8994.42
8994.42
9365.12
9365.12
1398.63
1398.63
93.54
93.54
5899.71
5899.71
183.53
183.53
39.98
39.98
763.48
763.48
114.37
114.37
1345.01
1345.01
72.36
72.36
173.71
173.71
83.37
83.37
21.79
21.79
7303.38
7303.38
9025.31
9025.31
364.74
364.74
6194.27
6194.27
1586.55
1586.55
1012.46
1012.46
1633.31
1633.31
1388.18
1388.18
126.76
126.76
1811.10
1811.10
1929.38
1929.38
9984.11
9984.11
9984.11
9984.11
9984.11
9984.11
3717.29
3717.29
3626.61
3626.61
1401.55
1401.55
304.72
304.72
4345.36
4345.36
4054.04
4054.04
20.73
20.73
528.50
528.50
3083.08
3083.08
3243.29
3243.29
58.26
58.26
1196.31
1196.31
130.06
130.06
125.36
125.36
85.12
85.12
3821.52
3821.52
298.29
298.29
532.41
532.41
16.76
16.76
260.67
260.67
158.95
158.95
88.91
88.91
87.18
87.18
18.51
18.51
56.52
56.52
29.01
29.01
113.90
113.90
8842.97
8842.97
7512.78
7512.78
7555.63
7555.63
2665.49
2665.49
7357.17
7357.17
17.38
17.38
1351.19
1351.19
6801.43
6801.43
5203.03
5203.03
1354.37
1354.37
4435.00
4435.00
2758.09
2758.09
7550.68
7550.68
9309.74
9309.74
9214.45
9214.45
1366.81
1366.81
286.63
286.63
5510.99
5510.99
405.49
405.49
3757.55
3757.55
1734.47
1734.47
1421.13
1421.13
78.12
78.12
4017.76
4017.76
10076.37
10076.37
68.90
68.90
6342.74
6342.74
10055.96
10055.96
3406.42
3406.42
2161.87
2161.87
1169.81
1169.81
1412.20
1412.20
2282.34
2282.34
2140.84
2140.84
2746.91
2746.91
27.19
27.19
9562.56
9562.56
3544.62
3544.62
3667.79
3667.79
227.72
227.72
147.09
147.09
8137.14
8137.14
175.20
175.20
9657.42
9657.42
4493.63
4493.63
4998.70
4998.70
9004.87
9004.87
202.32
202.32
491.80
491.80
6126.45
6126.45
3005.06
3005.06
2597.28
2597.28
6948.86
6948.86
2417.43
2417.43
20.58
20.58
1425.72
1425.72
5893.54
5893.54
5643.10
5643.10
7996.51
7996.51
10458.93
10458.93
10458.93
10458.93
4955.03
4955.03
2735.53
2735.53
2920.82
2920.82
3303.98
3303.98
9842.69
9842.69
608.22
608.22
1342.01
1342.01
64.92
64.92
1402.22
1402.22
10.00
10.00
21.32
21.32
7567.72
7567.72
3702.19
3702.19
1400.54
1400.54
2900.65
2900.65
4276.89
4276.89
544.14
544.14
9601.35
9601.35
100.60
100.60
458.41
458.41
100.58
100.58
2050.19
2050.19
108.37
108.37
962.20
962.20
194.41
194.41
1391.17
1391.17
7418.67
7418.67
7153.02
7153.02
7153.02
7153.02
7153.02
7153.02
7153.02
7153.02
7153.02
7153.02
9732.35
9732.35
4567.00
4567.00
1037.39
1037.39
8177.65
8177.65
8398.22
8398.22
1365.20
1365.20
16.76
16.76
9680.64
9680.64
60.33
60.33
21.15
21.15
1385.42
1385.42
144.03
144.03
7104.61
7104.61
19.64
19.64
18.94
18.94
195.16
195.16
4661.73
4661.73
1365.61
1365.61
675.10
675.10
2436.99
2436.99
232.04
232.04
1713.42
1713.42
62.60
62.60
59.87
59.87
98.73
98.73
1299.07
1299.07
5471.86
5471.86
6409.22
6409.22
2995.81
2995.81
7400.77
7400.77
2574.91
2574.91
5913.74
5913.74
767.30
767.30
1862.59
1862.59
4948.89
4948.89
4948.89
4948.89
4948.89
4948.89
10001.36
10001.36
3512.22
3512.22
6250.52
6250.52
3772.24
3772.24
5015.75
5015.75
2493.85
2493.85
2639.38
2639.38
2639.38
2639.38
5981.94
5981.94
1546.52
1546.52
5983.64
5983.64
4351.75
4351.75
8986.90
8986.90
5506.38
5506.38
9587.66
9587.66
3855.50
3855.50
9920.22
9920.22
6073.82
6073.82
16.66
16.66
2804.81
2804.81
144.77
144.77
335.26
335.26
533.25
533.25
1390.13
1390.13
69.16
69.16
19.73
19.73
1803.30
1803.30
175.36
175.36
560.73
560.73
4528.56
4528.56
1363.18
1363.18
3043.75
3043.75
4747.49
4747.49
1725.43
1725.43
58.76
58.76
5452.38
5452.38
2200.89
2200.89
34.70
34.70
26.33
26.33
33.84
33.84
50.50
50.50
58.45
58.45
1398.71
1398.71
144.43
144.43
2812.79
2812.79
1134.84
1134.84
93.29
93.29
1388.21
1388.21
5657.35
5657.35
7498.18
7498.18
100.43
100.43
6222.67
6222.67
2156.17
2156.17
734.35
734.35
1380.12
1380.12
2278.45
2278.45
202.96
202.96
807.43
807.43
9997.18
9997.18
1440.67
1440.67
2122.75
2122.75
3026.24
3026.24
213.01
213.01
6861.50
6861.50
18.91
18.91
9699.65
9699.65
1443.40
1443.40
173.35
173.35
16.13
16.13
27.13
27.13
56.20
56.20
81.74
81.74
3585.61
3585.61
1289.09
1289.09
16.58
16.58
617.63
617.63
1377.50
1377.50
4636.42
4636.42
3748.16
3748.16
4064.16
4064.16
5288.40
5288.40
9853.31
9853.31
10251.69
10251.69
2538.76
2538.76
3128.34
3128.34
115.80
115.80
6896.59
6896.59
357.72
357.72
58.25
58.25
64.00
64.00
4662.27
4662.27
291.68
291.68
3138.24
3138.24
1947.23
1947.23
9794.23
9794.23
1412.53
1412.53
114.85
114.85
1673.01
1673.01
3177.44
3177.44
1048.62
1048.62
15.56
15.56
1956.32
1956.32
18.12
18.12
5883.33
5883.33
357.55
357.55
60.34
60.34
1130.19
1130.19
47.78
47.78
2626.21
2626.21
8368.12
8368.12
9170.12
9170.12
3302.74
3302.74
7111.41
7111.41
465.62
465.62
9977.56
9977.56
3564.21
3564.21
146.86
146.86
8949.62
8949.62
268.89
268.89
10.00
10.00
52.60
52.60
8902.84
8902.84
9493.40
9493.40
2422.94
2422.94
4363.46
4363.46
6849.87
6849.87
89.69
89.69
10164.45
10164.45
84.64
84.64
9728.67
9728.67
4517.10
4517.10
6960.69
6960.69
2562.21
2562.21
2029.64
2029.64
7435.76
7435.76
8404.35
8404.35
3629.97
3629.97
4580.41
4580.41
69.64
69.64
845.68
845.68
4041.15
4041.15
10464.87
10464.87
7061.37
7061.37
107.64
107.64
1047.52
1047.52
8801.98
8801.98
20.82
20.82
50.52
50.52
10344.79
10344.79
10397.67
10397.67
10397.67
10397.67
3526.14
3526.14
7352.48
7352.48
365.27
365.27
404.31
404.31
1439.71
1439.71
5253.87
5253.87
10059.59
10059.59
10116.78
10116.78
19.33
19.33
5934.52
5934.52
19.56
19.56
1552.86
1552.86
1266.42
1266.42
152.48
152.48
3042.46
3042.46
3696.40
3696.40
3869.13
3869.13
9016.04
9016.04
3187.49
3187.49
1523.37
1523.37
10159.04
10159.04
1370.83
1370.83
5069.44
5069.44
10003.19
10003.19
5582.25
5582.25
117.01
117.01
5949.99
5949.99
6701.34
6701.34
80.16
80.16
19.73
19.73
1420.25
1420.25
234.22
234.22
7827.03
7827.03
3422.17
3422.17
3405.26
3405.26
6494.09
6494.09
4059.01
4059.01
2725.60
2725.60
10111.02
10111.02
167.89
167.89
63.28
63.28
4885.87
4885.87
1279.67
1279.67
4101.93
4101.93
50.65
50.65
3057.04
3057.04
9310.58
9310.58
9310.58
9310.58
59.11
59.11
3530.11
3530.11
5480.68
5480.68
7435.92
7435.92
1437.99
1437.99
16.96
16.96
3516.02
3516.02
4230.32
4230.32
3843.09
3843.09
9703.18
9703.18
200.50
200.50
1388.03
1388.03
8545.74
8545.74
115.64
115.64
6395.92
6395.92
17.99
17.99
1015.70
1015.70
37.61
37.61
1331.90
1331.90
7841.02
7841.02
85.87
85.87
1353.55
1353.55
1879.56
1879.56
9371.41
9371.41
6816.64
6816.64
1674.53
1674.53
123.57
123.57
2227.46
2227.46
72.30
72.30
3278.16
3278.16
7565.09
7565.09
2070.73
2070.73
9452.16
9452.16
2737.58
2737.58
6972.44
6972.44
1435.19
1435.19
4126.28
4126.28
20.39
20.39
9044.92
9044.92
5646.30
5646.30
6454.56
6454.56
7864.93
7864.93
4384.12
4384.12
17.98
17.98
157.49
157.49
9850.72
9850.72
41.17
41.17
14.57
14.57
20.11
20.11
4520.21
4520.21
6064.98
6064.98
5711.46
5711.46
262.90
262.90
5867.26
5867.26
39.65
39.65
6650.38
6650.38
140.16
140.16
27.19
27.19
139.22
139.22
1398.53
1398.53
4404.72
4404.72
58.69
58.69
1347.88
1347.88
9561.69
9561.69
5019.93
5019.93
9798.52
9798.52
1413.37
1413.37
3584.03
3584.03
1218.44
1218.44
3967.39
3967.39
9916.48
9916.48
4898.80
4898.80
9219.16
9219.16
719.76
719.76
4741.86
4741.86
21.84
21.84
1438.48
1438.48
1645.89
1645.89
5448.84
5448.84
538.29
538.29
17.86
17.86
8382.72
8382.72
359.56
359.56
1436.53
1436.53
2366.13
2366.13
9970.75
9970.75
8648.91
8648.91
5134.92
5134.92
3402.83
3402.83
6749.80
6749.80
19.26
19.26
6423.65
6423.65
568.93
568.93
8130.70
8130.70
29.54
29.54
1309.00
1309.00
20.66
20.66
3637.38
3637.38
550.32
550.32
8976.70
8976.70
9583.32
9583.32
87.64
87.64
3843.89
3843.89
2389.15
2389.15
3288.20
3288.20
8152.79
8152.79
8152.79
8152.79
8152.79
8152.79
8152.79
8152.79
8152.79
8152.79
8152.79
8152.79
8152.79
8152.79
8152.79
1415.88
1415.88
4449.84
4449.84
1510.89
1510.89
4861.62
4861.62
334.69
334.69
9132.46
9132.46
4485.53
4485.53
1426.57
1426.57
3327.36
3327.36
7354.77
7354.77
7753.13
7753.13
6378.13
6378.13
3599.88
3599.88
1594.04
1594.04
1406.53
1406.53
4347.25
4347.25
80.33
80.33
2657.90
2657.90
9157.52
9157.52
1761.04
1761.04
314.51
314.51
1340.44
1340.44
41.81
41.81
1633.84
1633.84
1283.91
1283.91
840.22
840.22
6512.74
6512.74
3867.07
3867.07
3960.80
3960.80
9430.50
9430.50
4037.23
4037.23
10055.15
10055.15
5596.11
5596.11
7947.97
7947.97
19.57
19.57
1645.14
1645.14
9674.53
9674.53
294.25
294.25
1220.86
1220.86
3580.66
3580.66
6795.75
6795.75
663.75
663.75
394.84
394.84
3451.66
3451.66
9652.78
9652.78
9853.25
9853.25
777.40
777.40
92.20
92.20
10223.40
10223.40
664.82
664.82
1448.13
1448.13
1872.60
1872.60
5458.72
5458.72
9965.75
9965.75
46.96
46.96
6102.24
6102.24
61.83
61.83
2505.36
2505.36
19.44
19.44
2793.48
2793.48
1438.36
1438.36
23.77
23.77
1362.73
1362.73
10077.27
10077.27
120.56
120.56
9991.46
9991.46
19.13
19.13
4480.71
4480.71
4519.83
4519.83
1366.56
1366.56
523.62
523.62
6984.89
6984.89
1396.73
1396.73
5007.45
5007.45
1243.97
1243.97
3001.30
3001.30
2106.54
2106.54
5897.93
5897.93
706.90
706.90
2041.72
2041.72
466.31
466.31
3337.18
3337.18
4466.02
4466.02
230.69
230.69
4384.65
4384.65
23.34
23.34
1287.42
1287.42
1961.19
1961.19
6398.45
6398.45
155.27
155.27
3526.21
3526.21
63.96
63.96
98.78
98.78
497.63
497.63
4094.25
4094.25
3392.47
3392.47
1047.96
1047.96
2342.89
2342.89
181.02
181.02
6495.76
6495.76
3451.33
3451.33
344.24
344.24
9036.97
9036.97
9708.04
9708.04
9708.04
9708.04
1420.69
1420.69
10051.73
10051.73
894.48
894.48
178.52
178.52
10.00
10.00
1342.24
1342.24
3044.79
3044.79
9556.47
9556.47
1444.15
1444.15
10028.93
10028.93
1375.24
1375.24
1711.09
1711.09
2710.76
2710.76
4822.98
4822.98
4841.48
4841.48
1418.73
1418.73
2806.39
2806.39
1237.54
1237.54
1282.55
1282.55
2632.25
2632.25
2999.67
2999.67
3465.47
3465.47
1403.67
1403.67
4997.72
4997.72
3211.01
3211.01
6027.15
6027.15
351.53
351.53
1191.34
1191.34
4310.13
4310.13
1387.12
1387.12
19.58
19.58
17.87
17.87
7505.65
7505.65
3164.72
3164.72
1449.42
1449.42
20.12
20.12
112.83
112.83
6071.34
6071.34
1440.82
1440.82
5338.29
5338.29
8527.56
8527.56
7065.14
7065.14
477.80
477.80
6901.91
6901.91
9592.22
9592.22
6830.49
6830.49
2144.63
2144.63
6144.11
6144.11
2747.26
2747.26
18.55
18.55
18.32
18.32
114.21
114.21
111.45
111.45
128.56
128.56
4922.35
4922.35
4219.23
4219.23
4169.65
4169.65
7157.84
7157.84
1227.69
1227.69
16.40
16.40
208.21
208.21
337.70
337.70
245.73
245.73
40.88
40.88
48.90
48.90
1991.16
1991.16
20.17
20.17
133.60
133.60
3045.12
3045.12
9489.65
9489.65
1200.95
1200.95
10.00
10.00
4869.98
4869.98
19.37
19.37
87.33
87.33
711.18
711.18
18.58
18.58
695.96
695.96
6009.03
6009.03
3945.90
3945.90
2758.58
2758.58
8603.08
8603.08
3860.97
3860.97
4440.55
4440.55
2343.34
2343.34
3270.60
3270.60
4739.19
4739.19
1397.28
1397.28
4347.27
4347.27
1405.42
1405.42
6845.16
6845.16
206.85
206.85
8500.38
8500.38
138.07
138.07
4488.05
4488.05
9675.15
9675.15
4655.20
4655.20
4852.07
4852.07
6109.38
6109.38
1658.38
1658.38
117.31
117.31
498.98
498.98
101.99
101.99
10.00
10.00
20.15
20.15
138.76
138.76
27.03
27.03
709.31
709.31
3200.05
3200.05
210.05
210.05
160.94
160.94
9106.19
9106.19
9905.05
9905.05
3010.13
3010.13
6837.18
6837.18
2883.03
2883.03
373.44
373.44
2227.40
2227.40
10134.68
10134.68
1607.49
1607.49
1353.78
1353.78
83.99
83.99
6269.00
6269.00
26.97
26.97
19.67
19.67
3565.05
3565.05
2683.42
2683.42
16.82
16.82
113.55
113.55
62.05
62.05
1404.03
1404.03
9593.29
9593.29
1409.63
1409.63
9186.71
9186.71
41.98
41.98
1277.04
1277.04
4076.44
4076.44
595.48
595.48
29.84
29.84
1204.35
1204.35
17.21
17.21
381.23
381.23
111.41
111.41
132.06
132.06
21.75
21.75
207.22
207.22
3283.03
3283.03
59.15
59.15
25.23
25.23
25.23
10.00
28.76
28.76
77.13
77.13
21.68
21.68
4551.83
4551.83
29.41
29.41
76.90
76.90
1236.92
1236.92
713.78
713.78
601.44
601.44
2310.41
2310.41
9878.00
9878.00
1543.96
1543.96
463.13
463.13
7703.64
7703.64
3264.74
3264.74
810.05
810.05
1411.23
1411.23
417.17
417.17
1343.23
1343.23
1048.07
1048.07
10.00
10.00
153.30
153.30
698.70
698.70
1398.66
1398.66
7390.93
7390.93
1399.61
1399.61
2812.67
2812.67
272.93
272.93
270.36
270.36
16.84
16.84
1419.81
1419.81
81.84
81.84
1526.57
1526.57
4151.25
4151.25
9868.51
9868.51
19.86
19.86
10323.46
10323.46
362.90
362.90
1943.49
1943.49
347.37
347.37
1092.40
1092.40
19.99
19.99
261.57
261.57
4366.47
4366.47
4374.52
4374.52
3384.77
3384.77
4904.17
4904.17
4294.87
4294.87
5313.49
5313.49
5493.10
5493.10
724.08
724.08
824.76
824.76
5775.62
5775.62
4807.73
4807.73
21.19
21.19
729.54
729.54
421.08
421.08
6070.21
6070.21
1051.79
1051.79
1944.26
1944.26
3677.06
3677.06
1330.81
1330.81
19.77
19.77
4340.74
4340.74
1422.32
1422.32
18.70
18.70
6808.87
6808.87
704.57
704.57
8787.59
8787.59
2627.07
2627.07
499.83
499.83
1782.60
1782.60
2292.98
2292.98
8901.69
8901.69
63.05
63.05
4655.19
4655.19
77.84
77.84
17.29
17.29
124.23
124.23
182.63
182.63
8747.51
8747.51
468.30
468.30
3289.10
3289.10
2640.86
2640.86
1787.02
1787.02
1407.44
1407.44
6844.54
6844.54
4728.33
4728.33
7116.68
7116.68
9079.42
9079.42
2025.24
2025.24
569.32
569.32
687.18
687.18
7260.77
7260.77
7527.52
7527.52
6259.20
6259.20
22.12
22.12
19.45
19.45
10.00
10.00
7907.36
7907.36
262.01
262.01
381.07
381.07
1388.93
1388.93
1323.61
1323.61
7321.93
7321.93
9902.93
9902.93
374.94
374.94
1602.01
1602.01
3561.83
3561.83
406.87
406.87
2145.46
2145.46
487.85
487.85
8227.78
8227.78
977.72
977.72
1533.00
1533.00
192.59
192.59
9382.35
9382.35
9051.23
9051.23
3953.78
3953.78
2424.67
2424.67
3999.19
3999.19
3575.24
3575.24
57.54
57.54
113.64
113.64
7733.96
7733.96
3031.47
3031.47
8582.52
8582.52
306.12
306.12
2641.79
2641.79
4792.98
4792.98
4792.98
4792.98
2153.02
2153.02
1469.33
1469.33
1410.72
1410.72
351.02
351.02
2451.76
2451.76
7684.47
7684.47
5023.53
5023.53
2411.07
2411.07
6993.38
6993.38
6190.63
6190.63
6143.00
6143.00
6143.00
6143.00
6143.00
6143.00
6143.00
6143.00
1394.50
1394.50
5698.83
5698.83
1697.01
1697.01
5268.05
5268.05
9199.60
9199.60
220.65
220.65
7795.42
7795.42
5526.37
5526.37
811.72
811.72
6614.15
6614.15
1409.35
1409.35
9984.47
9984.47
2314.46
2314.46
9442.20
9442.20
10457.01
10457.01
2748.68
2748.68
5760.88
5760.88
8435.91
8435.91
8974.87
8974.87
4673.86
4673.86
7244.15
7244.15
73.79
73.79
5408.53
5408.53
5408.53
5408.53
1368.48
1368.48
18.54
18.54
7324.22
7324.22
66.87
66.87
7608.57
7608.57
4837.48
4837.48
5835.63
5835.63
1397.98
1397.98
18.34
18.34
2117.73
2117.73
1376.06
1376.06
657.10
657.10
8087.38
8087.38
50.51
50.51
65.11
65.11
833.27
833.27
20.84
20.84
59.09
59.09
1392.40
1392.40
10345.80
10345.80
3163.51
3163.51
2022.48
2022.48
5811.67
5811.67
4259.00
4259.00
1428.01
1428.01
1328.14
1328.14
57.93
57.93
1425.87
1425.87
2535.66
2535.66
2535.66
7995.02
175.66
175.66
17.43
17.43
495.89
495.89
23.64
23.64
1353.55
1353.55
2295.54
2295.54
16.98
16.98
18.99
18.99
28.83
28.83
10171.66
10171.66
5022.03
5022.03
1351.42
1351.42
4856.55
4856.55
1362.99
1362.99
10000.12
10000.12
556.53
556.53
1388.11
1388.11
5307.47
5307.47
2533.50
2533.50
16.67
16.67
4087.60
4087.60
469.29
469.29
9780.91
9780.91
949.03
949.03
9662.53
9662.53
1679.97
1679.97
292.68
292.68
3233.12
3233.12
58.44
58.44
16.51
16.51
1414.46
1414.46
10099.87
10099.87
1136.88
1136.88
8023.93
8023.93
160.83
160.83
1300.29
1300.29
5077.93
5077.93
4883.70
4883.70
295.44
295.44
177.18
177.18
2240.72
2240.72
6300.37
6300.37
1306.73
1306.73
8035.07
8035.07
887.56
887.56
3658.03
3658.03
3658.03
5943.33
5943.33
4238.60
4238.60
434.49
434.49
1437.36
1437.36
482.30
482.30
20.66
20.66
166.96
166.96
2618.62
2618.62
5582.76
5582.76
4005.73
4005.73
41.48
41.48
347.80
347.80
647.31
647.31
101.02
101.02
57.98
57.98
2907.63
2907.63
86.38
86.38
3424.24
3424.24
27.03
27.03
6891.78
6891.78
7486.68
7486.68
5204.31
5204.31
568.55
568.55
94.27
94.27
122.28
122.28
6530.58
6530.58
144.61
144.61
1392.53
1392.53
212.50
212.50
2519.82
2519.82
1053.53
1053.53
2143.88
2143.88
57.22
57.22
697.44
697.44
173.91
173.91
6957.90
6957.90
148.69
148.69
9764.60
9764.60
20.17
20.17
1212.28
1212.28
9109.80
9109.80
3282.44
3282.44
323.45
323.45
545.48
545.48
10370.61
10370.61
8140.73
8140.73
5901.56
5901.56
1595.54
1595.54
2164.70
2164.70
9091.47
9091.47
6733.12
6733.12
97.81
97.81
1348.79
1348.79
22.37
22.37
20.15
20.15
3165.45
3165.45
1362.37
1362.37
7710.51
7710.51
9438.43
9438.43
7624.41
7624.41
55.07
55.07
20.28
20.28
8773.30
8773.30
1395.31
1395.31
134.17
134.17
579.86
579.86
1420.66
1420.66
160.62
160.62
20.04
20.04
3910.94
3910.94
9966.22
9966.22
341.08
341.08
7332.80
7332.80
1412.22
1412.22
965.72
965.72
1459.65
1459.65
10080.09
10080.09
225.64
225.64
5527.71
5527.71
2395.60
2395.60
65.39
65.39
857.31
857.31
116.13
116.13
1229.90
1229.90
1931.70
1931.70
9880.39
9880.39
3877.11
3877.11
3197.39
3197.39
3354.37
3354.37
3142.41
3142.41
179.91
179.91
23.71
23.71
1297.84
1297.84
979.10
979.10
5572.95
5572.95
9508.87
9508.87
2630.34
2630.34
2076.69
2076.69
1134.53
1134.53
1224.47
1224.47
356.88
356.88
23.18
23.18
1388.08
1388.08
120.72
120.72
1376.72
1376.72
1401.53
1401.53
818.88
818.88
9785.09
9785.09
4736.20
4736.20
9637.27
9637.27
7496.02
7496.02
9911.92
9911.92
9922.01
9922.01
23.15
23.15
1814.51
1814.51
4966.74
4966.74
3209.42
3209.42
2693.55
2693.55
2446.14
2446.14
165.20
165.20
5615.53
5615.53
7857.39
7857.39
81.10
81.10
2148.24
2148.24
272.57
272.57
2348.06
2348.06
2345.56
2345.56
22.28
22.28
60.33
60.33
21.93
21.93
7147.09
7147.09
735.15
735.15
3264.91
3264.91
7122.43
7122.43
3745.73
3745.73
2925.36
2925.36
991.74
991.74
336.08
336.08
1071.18
1071.18
2293.37
2293.37
3853.66
3853.66
5803.37
5803.37
1424.21
1424.21
5360.16
5360.16
8153.69
8153.69
1826.79
1826.79
10084.16
10084.16
39.82
39.82
1424.70
1424.70
6548.43
6548.43
6659.94
6659.94
2623.05
2623.05
2160.81
2160.81
5351.95
5351.95
52.36
52.36
21.09
21.09
6894.96
6894.96
1297.15
1297.15
61.20
61.20
4920.56
4920.56
1364.56
1364.56
1327.12
1327.12
146.27
146.27
69.47
69.47
3089.72
3089.72
57.15
57.15
120.07
120.07
23.42
23.42
8305.05
8305.05
5330.38
5330.38
8952.87
8952.87
2877.21
2877.21
7457.77
7457.77
4433.38
4433.38
471.62
471.62
9757.68
9757.68
3766.40
3766.40
5703.65
5703.65
4362.52
4362.52
4663.77
4663.77
23.33
23.33
10195.11
10195.11
5431.21
5431.21
3629.88
3629.88
148.00
148.00
10.00
10.00
1460.93
1460.93
9522.51
9522.51
10159.78
10159.78
10405.59
10405.59
1426.89
1426.89
559.35
559.35
4391.01
4391.01
1365.37
1365.37
22.11
22.11
1969.51
1969.51
8036.57
8036.57
69.06
69.06
8185.17
8185.17
4821.80
4821.80
1393.82
1393.82
1102.61
1102.61
21.05
21.05
438.04
438.04
3569.80
3569.80
6611.87
6611.87
439.59
439.59
8992.05
8992.05
105.03
105.03
9221.52
9221.52
1154.86
1154.86
2617.37
2617.37
136.30
136.30
80.59
80.59
2506.27
2506.27
2124.64
2124.64
9737.73
9737.73
41.74
41.74
37.50
37.50
618.25
618.25
357.65
357.65
6229.99
6229.99
4419.29
4419.29
1616.70
1616.70
70.23
70.23
3685.61
3685.61
121.26
121.26
116.10
116.10
25.34
25.34
1251.71
1251.71
19.95
19.95
7025.05
7025.05
28.70
28.70
9442.74
9442.74
2266.68
2266.68
5484.71
5484.71
8169.63
8169.63
4576.61
4576.61
126.82
126.82
7117.04
7117.04
5875.69
5875.69
1066.65
1066.65
117.03
117.03
10.00
10.00
10.00
10.00
985.39
985.39
2251.67
2251.67
7156.14
7156.14
3151.06
3151.06
857.11
857.11
5674.33
5674.33
4910.76
4910.76
25.43
25.43
505.96
505.96
8993.79
8993.79
1413.78
1413.78
19.72
19.72
18.75
18.75
7221.34
7221.34
3472.34
3472.34
3472.34
3472.34
2641.45
2641.45
7778.77
7778.77
5242.66
5242.66
175.98
175.98
8596.02
8596.02
2821.45
2821.45
7934.68
7934.68
412.26
412.26
3690.49
3690.49
281.39
281.39
7515.53
7515.53
1328.91
1328.91
8077.44
8077.44
5670.68
5670.68
5539.18
5539.18
2091.47
2091.47
6637.97
6637.97
6038.97
6038.97
1857.94
1857.94
8611.07
8611.07
8056.23
8056.23
2138.66
2138.66
528.89
528.89
6519.24
6519.24
3835.72
3835.72
1330.36
1330.36
6971.40
6971.40
1062.40
1062.40
2709.25
2709.25
7906.11
7906.11
7906.11
7906.11
28.99
28.99
10195.99
10195.99
10195.99
10195.99
566.65
566.65
1419.56
1419.56
10211.40
10211.40
3358.88
3358.88
3876.57
3876.57
2518.30
2518.30
5102.94
5102.94
6517.57
6517.57
10081.76
10081.76
9712.96
9712.96
9712.96
9712.96
4321.45
4321.45
732.20
732.20
8812.25
8812.25
721.89
721.89
8475.45
8475.45
21.00
21.00
6662.16
6662.16
6662.16
6662.16
9649.34
9649.34
1404.31
1404.31
1538.99
1538.99
1430.17
1430.17
1065.40
1065.40
133.44
133.44
17.30
17.30
3432.49
3432.49
1387.56
1387.56
2096.91
2096.91
348.29
348.29
10340.96
10340.96
20.10
20.10
3088.15
3088.15
1341.10
1341.10
1919.59
1919.59
3469.74
3469.74
5681.87
5681.87
2385.19
2385.19
18.48
18.48
8376.67
8376.67
293.42
293.42
16.84
16.84
1685.53
1685.53
3367.72
3367.72
9683.10
9683.10
3995.43
3995.43
1399.71
1399.71
78.12
78.12
23.70
23.70
1399.73
1399.73
85.82
85.82
4301.45
4301.45
611.02
611.02
7948.14
7948.14
8446.97
8446.97
3250.90
3250.90
2965.55
2965.55
8012.22
8012.22
3907.80
3907.80
7252.69
7252.69
7633.77
7633.77
5967.72
5967.72
7125.66
7125.66
1878.75
1878.75
10020.47
10020.47
2276.80
2276.80
3989.64
3989.64
878.25
878.25
1415.50
1415.50
5813.39
5813.39
5518.35
5518.35
3525.39
3525.39
5915.13
5915.13
4997.37
4997.37
3963.52
3963.52
1400.44
1400.44
7648.01
7648.01
2477.58
2477.58
8387.05
8387.05
10460.54
10460.54
9109.80
9109.80
6005.21
6005.21
794.12
794.12
5490.95
5490.95
9376.83
9376.83
3327.28
3327.28
2212.04
2212.04
5638.47
5638.47
7765.75
7765.75
3394.02
3394.02
4162.38
4162.38
4356.37
4356.37
1391.19
1391.19
2546.79
2546.79
1585.00
1585.00
8988.32
8988.32
3973.61
3973.61
7828.56
7828.56
176.68
176.68
551.34
551.34
2536.22
2536.22
8815.83
8815.83
996.12
996.12
11.12
11.12
1304.80
1304.80
2485.26
2485.26
6517.95
6517.95
6616.71
6616.71
7054.12
7054.12
10177.42
10177.42
14.16
14.16
1352.87
1352.87
7927.14
7927.14
3470.99
3470.99
2916.20
2916.20
350.04
350.04
104.29
104.29
3456.21
3456.21
569.68
569.68
37.06
37.06
2794.21
2794.21
29.21
29.21
255.53
255.53
9236.66
9236.66
4781.12
4781.12
17.42
17.42
86.95
86.95
19.42
19.42
9694.20
9694.20
5117.60
5117.60
1397.98
1397.98
4539.53
4539.53
7328.87
7328.87
1378.90
1378.90
4134.17
4134.17
5010.95
5010.95
2916.70
2916.70
2663.79
2663.79
2003.79
2003.79
5248.75
5248.75
1398.58
1398.58
21.30
21.30
5071.85
5071.85
4166.60
4166.60
22.66
22.66
5518.03
5518.03
4585.09
4585.09
1308.13
1308.13
6291.42
6291.42
3445.59
3445.59
6166.09
6166.09
4130.28
4130.28
4377.67
4377.67
6723.68
6723.68
4331.24
4331.24
5872.15
5872.15
5504.44
5504.44
6181.99
6181.99
9320.02
9320.02
3225.53
3225.53
3940.46
3940.46
9583.52
9583.52
5903.71
5903.71
5599.74
5599.74
1342.14
1342.14
7456.36
7456.36
4516.08
4516.08
7474.84
7474.84
81.46
81.46
7639.48
7639.48
4127.49
4127.49
5920.65
5920.65
7750.24
7750.24
382.49
382.49
18.90
18.90
5067.75
5067.75
3331.63
3331.63
16.16
16.16
6856.94
6856.94
6464.86
6464.86
8611.33
8611.33
5663.43
5663.43
7427.70
7427.70
3789.25
3789.25
124.95
124.95
5967.45
5967.45
8527.85
8527.85
10218.41
10218.41
9519.36
9519.36
3926.20
3926.20
7130.53
7130.53
2502.18
2502.18
3952.27
3952.27
107.24
107.24
2898.64
2898.64
5244.66
5244.66
127.85
127.85
2739.24
2739.24
6697.16
6697.16
945.71
945.71
4183.15
4183.15
9921.75
9921.75
3022.28
3022.28
5514.07
5514.07
5045.98
5045.98
5045.98
1353.20
1353.20
413.60
413.60
6799.99
6799.99
1986.34
8941.83
8941.83
8941.83
17.04
17.04
80.46
80.46
2520.24
2520.24
10108.10
10108.10
79.72
79.72
2298.01
2298.01
7199.74
7199.74
7293.91
7293.91
4883.14
4883.14
2291.84
2291.84
352.38
