# 1Hz Kbps trace generated by import_real_world_traces.py
1900.93
2783.99
2783.99
4913.08
4913.08
4913.08
4913.08
597.99
597.99
393.09
393.09
1290.43
1290.43
727.54
727.54
1123.65
1123.65
2193.51
2193.51
2193.51
2193.51
2193.51
2193.51
2400.30
2400.30
4723.02
4723.02
4723.02
4723.02
4723.02
4723.02
572.14
572.14
112.95
112.95
135.64
135.64
1399.07
1399.07
152.13
152.13
754.93
754.93
883.79
883.79
345.74
345.74
10.00
10.00
18.44
18.44
1235.98
1235.98
26.74
26.74
254.90
254.90
129.72
129.72
1709.34
1709.34
1811.82
1811.82
837.98
837.98
1612.88
1612.88
2210.49
2210.49
1940.16
1940.16
2389.27
2389.27
2791.36
2791.36
2861.07
2861.07
103.26
103.26
481.34
481.34
2026.69
2026.69
49.74
49.74
3180.31
3180.31
2577.82
2577.82
2577.82
2577.82
1298.93
1298.93
1392.82
1392.82
2513.73
2513.73
2513.73
