# 1Hz Kbps trace generated by import_real_world_traces.py
984.61
1249.57
2464.74
2891.87
2891.87
1427.87
1427.87
2968.47
2968.47
3796.23
3796.23
481.51
481.51
467.64
467.64
4533.22
4533.22
2482.53
2482.53
3322.87
3322.87
181.12
181.12
476.70
476.70
189.94
189.94
100.40
100.40
729.94
729.94
6640.45
6640.45
5164.74
5164.74
666.40
666.40
838.59
838.59
6985.20
6985.20
5141.01
5141.01
3420.97
3420.97
3019.12
3019.12
103.22
103.22
33.63
33.63
193.72
193.72
529.75
529.75
1592.36
1592.36
1641.27
1641.27
2467.73
2467.73
6188.94
6188.94
5209.93
5209.93
16.77
16.77
5233.49
5233.49
5579.93
5579.93
6413.79
6413.79
2764.46
2764.46
2002.14
2002.14
3235.00
3235.00
6623.54
6623.54
6487.97
6487.97
6443.14
6443.14
5523.20
5523.20
1864.69
1864.69
6257.69
6257.69
4962.62
4962.62
1332.35
1332.35
7402.10
7402.10
22.45
22.45
4737.91
4737.91
1350.05
1350.05
17.28
17.28
100.68
100.68
308.28
308.28
210.53
210.53
905.14
905.14
5936.74
5936.74
6642.24
6642.24
6339.40
6339.40
34.78
34.78
6684.54
6684.54
5989.91
5989.91
6991.27
6991.27
4086.57
4086.57
1235.61
1235.61
6460.79
6460.79
6840.53
6840.53
4766.63
4766.63
738.94
738.94
3208.04
3208.04
3208.04
184.07
354.49
354.49
751.59
751.59
2066.05
2066.05
1479.71
1479.71
597.73
597.73
3676.10
3676.10
6438.01
6438.01
907.13
907.13
3456.37
3456.37
548.27
548.27
149.51
149.51
17.34
17.34
194.51
194.51
3668.37
3668.37
6555.76
6555.76
7150.10
7150.10
7454.98
7454.98
6970.55
6970.55
6916.64
6916.64
3394.42
3394.42
86.80
86.80
16.09
16.09
4139.03
4139.03
816.11
816.11
1303.85
1303.85
525.22
525.22
585.44
585.44
2571.49
2571.49
23.73
23.73
5140.13
5140.13
4007.13
4007.13
695.68
695.68
1181.24
1181.24
257.15
257.15
1368.77
1368.77
791.97
791.97
363.99
363.99
822.86
822.86
10.00
10.00
10.00
10.00
209.36
209.36
903.38
903.38
253.99
253.99
2297.46
2297.46
854.18
854.18
6844.10
6844.10
2924.76
2924.76
4754.03
4754.03
4902.18
4902.18
33.10
33.10
85.04
85.04
4450.17
