# 1Hz Kbps trace generated by import_real_world_traces.py
1674.05
3408.02
3408.02
3756.79
3756.79
2117.51
2117.51
3433.92
3433.92
2059.21
2059.21
1798.83
1798.83
918.19
918.19
1516.46
1516.46
63.50
63.50
1744.69
1744.69
1182.19
1182.19
3630.57
3630.57
3393.32
3393.32
898.65
898.65
1773.52
1773.52
3642.34
3642.34
188.38
188.38
375.24
375.24
1940.64
1940.64
2681.81
2681.81
515.22
515.22
507.27
507.27
1588.30
1588.30
533.48
533.48
3271.68
3271.68
358.66
358.66
1216.56
1216.56
576.87
576.87
483.88
483.88
515.58
515.58
1273.05
1273.05
1451.78
1451.78
3212.83
3212.83
658.75
658.75
3733.85
3733.85
1425.35
1425.35
1915.65
1915.65
585.69
585.69
1394.66
1394.66
3314.39
3314.39
21.03
21.03
1075.65
1075.65
998.82
998.82
482.21
482.21
127.01
127.01
580.86
580.86
1492.76
1492.76
1338.83
1338.83
736.82
736.82
607.81
607.81
315.77
315.77
1512.79
1512.79
596.73
596.73
1625.04
1625.04
3585.45
3585.45
1921.47
1921.47
567.76
567.76
976.59
976.59
85.41
85.41
80.69
80.69
212.96
212.96
584.37
584.37
2121.91
