# 1Hz Kbps trace generated by import_real_world_traces.py
1139.43
2757.21
5413.64
292.11
311.93
58.69
4054.42
4054.42
4574.39
4574.39
771.58
771.58
5277.56
5277.56
4897.69
4897.69
122.31
122.31
6458.86
6458.86
57.99
57.99
390.28
390.28
6249.96
6249.96
4313.55
4313.55
380.06
380.06
10.00
10.00
17.05
17.05
4733.97
4733.97
4707.76
4707.76
7210.23
7210.23
15.81
15.81
546.75
546.75
905.80
905.80
9134.36
9134.36
900.68
900.68
19.39
19.39
9553.27
9553.27
563.95
563.95
6005.95
6005.95
751.49
751.49
3849.73
3849.73
4295.57
4295.57
5488.72
5488.72
2866.12
2866.12
16.86
16.86
1963.33
1963.33
5476.01
5476.01
39.05
39.05
10.00
10.00
4335.05
4335.05
6715.73
6715.73
835.16
835.16
1376.35
1376.35
11.90
11.90
7673.31
7673.31
3290.66
3290.66
876.11
876.11
438.55
438.55
892.30
892.30
2606.88
2606.88
8727.56
8727.56
7258.25
7258.25
48.63
48.63
1001.89
1001.89
7034.60
7034.60
5297.49
5297.49
356.08
356.08
7613.65
7613.65
776.58
776.58
7801.21
7801.21
898.54
898.54
8403.49
8403.49
9645.54
9645.54
482.81
482.81
35.84
35.84
9519.28
9519.28
3665.31
3665.31
4520.86
4520.86
5453.06
5453.06
603.49
603.49
7269.99
7269.99
11.25
11.25
8778.54
8778.54
111.21
111.21
237.46
237.46
99.04
99.04
2638.96
2638.96
862.62
862.62
1010.37
1010.37
5295.39
5295.39
356.84
356.84
5904.15
5904.15
751.25
751.25
51.33
51.33
932.98
932.98
9126.64
9126.64
4234.61
4234.61
8927.50
8927.50
10004.36
10004.36
1720.92
1720.92
10914.78
10914.78
1904.16
1904.16
88.95
88.95
2908.66
2908.66
3222.91
3222.91
336.64
336.64
8221.96
8221.96
8851.73
8851.73
3872.02
3872.02
1962.22
1962.22
1462.51
1462.51
910.13
910.13
1054.76
1054.76
11.05
11.05
125.78
125.78
4413.60
4413.60
838.72
838.72
6561.93
6561.93
6561.16
6561.16
5679.63
5679.63
2188.13
2188.13
7211.42
7211.42
2424.69
2424.69
7403.20
7403.20
2895.44
2895.44
7431.70
7431.70
4114.89
4114.89
896.08
896.08
882.56
882.56
6489.91
6489.91
1529.05
1529.05
2133.34
2133.34
8218.09
8218.09
5183.00
5183.00
2325.15
2325.15
748.07
748.07
3180.30
3180.30
3180.30
3180.30
3180.30
3180.30
6405.33
6405.33
5207.80
5207.80
5207.80
5207.80
5207.80
5207.80
6019.18
6019.18
6019.18
6019.18
6393.15
6393.15
7160.90
7160.90
7160.90
7160.90
7160.90
7160.90
7160.90
7160.90
7160.90
7160.90
7341.30
7341.30
5336.60
5336.60
6234.42
6234.42
7676.50
7676.50
468.02
468.02
7709.02
7709.02
8109.37
8109.37
2421.03
2421.03
8086.10
8086.10
8086.10
8086.10
8258.17
8258.17
88.91
88.91
1056.22
1056.22
8211.74
8211.74
8211.74
8211.74
8791.97
8791.97
8791.97
8791.97
8791.97
8791.97
7443.15
7443.15
1995.55
1995.55
8329.03
8329.03
8329.03
8329.03
8329.03
8329.03
8329.03
8329.03
3311.11
3311.11
11205.16
11205.16
10511.32
10511.32
10511.32
10511.32
10511.32
10511.32
10511.32
10511.32
501.95
501.95
1739.20
1739.20
3364.97
3364.97
729.28
729.28
5134.49
5134.49
6602.91
6602.91
7621.95
7621.95
8040.76
8040.76
273.14
273.14
1454.59
1454.59
8049.97
8049.97
10225.28
10225.28
10225.28
10225.28
11250.51
11250.51
11250.51
11250.51
11148.39
11148.39
1868.74
1868.74
8524.08
8524.08
826.79
826.79
9147.67
9147.67
9147.67
9147.67
9147.67
9147.67
1961.98
1961.98
114.42
114.42
9872.00
9872.00
2845.96
2845.96
9929.41
9929.41
4509.81
4509.81
171.69
171.69
54.82
54.82
8029.80
8029.80
8254.80
8254.80
905.56
905.56
850.19
850.19
9238.89
9238.89
5757.88
5757.88
391.68
391.68
6034.80
6034.80
7920.58
7920.58
633.81
633.81
10.88
10.88
2323.09
2323.09
1048.71
1048.71
8044.73
8044.73
69.98
69.98
8020.63
8020.63
555.29
555.29
11112.26
11112.26
3501.65
3501.65
5747.05
5747.05
846.83
846.83
377.37
377.37
1021.21
1021.21
7435.43
7435.43
48.02
48.02
7394.62
7394.62
8878.79
8878.79
8301.31
8301.31
11.07
11.07
2356.15
2356.15
257.80
257.80
6114.55
6114.55
7397.32
7397.32
9404.64
9404.64
23.78
23.78
1164.29
1164.29
264.44
264.44
894.34
894.34
560.16
560.16
52.51
52.51
10023.14
10023.14
6411.16
6411.16
1344.78
1344.78
9997.10
9997.10
5907.86
5907.86
4714.55
4714.55
395.00
395.00
2160.90
2160.90
9438.03
9438.03
902.93
902.93
3300.92
3300.92
5277.43
5277.43
5443.39
5443.39
2076.12
2076.12
92.30
92.30
5483.79
5483.79
7978.17
7978.17
7639.62
7639.62
8445.28
8445.28
45.27
45.27
8634.97
8634.97
684.37
684.37
295.67
295.67
8696.72
8696.72
9353.96
9353.96
3028.24
3028.24
9545.60
9545.60
242.65
242.65
8632.67
8632.67
11.05
11.05
1742.01
1742.01
4689.24
4689.24
36.03
36.03
2145.88
2145.88
9132.27
9132.27
1821.13
1821.13
9325.67
9325.67
9985.64
9985.64
16.18
16.18
4108.97
4108.97
9119.23
9119.23
9862.63
9862.63
2749.92
2749.92
985.18
985.18
11377.03
11377.03
455.38
455.38
5943.34
5943.34
871.33
871.33
9635.14
9635.14
6156.60
6156.60
14.68
14.68
1344.43
1344.43
1196.38
1196.38
776.60
776.60
7092.30
7092.30
2059.70
2059.70
4132.63
4132.63
7543.99
7543.99
8353.24
8353.24
855.05
855.05
8564.11
8564.11
15.06
15.06
2763.20
2763.20
10228.51
10228.51
8938.02
8938.02
10039.08
10039.08
930.05
930.05
10.00
10.00
6447.32
6447.32
5560.00
5560.00
261.10
261.10
5578.56
5578.56
93.23
93.23
29.56
29.56
8078.95
8078.95
2015.70
2015.70
3955.94
3955.94
404.68
404.68
8466.43
8466.43
8110.14
8110.14
3893.85
3893.85
9248.52
9248.52
1388.38
1388.38
907.01
907.01
1399.10
1399.10
6624.87
6624.87
4382.71
4382.71
7132.23
7132.23
7236.95
7236.95
6234.06
6234.06
840.16
840.16
9035.09
9035.09
1163.62
1163.62
939.81
939.81
2764.37
2764.37
3691.87
3691.87
2299.64
2299.64
6203.65
6203.65
8090.81
8090.81
2458.16
2458.16
810.89
810.89
7684.04
7684.04
928.06
928.06
274.06
274.06
86.54
86.54
1014.17
1014.17
4207.40
4207.40
910.39
910.39
10883.23
10883.23
245.33
245.33
15.16
15.16
2448.82
2448.82
14.29
14.29
3595.48
3595.48
1592.14
1592.14
84.18
84.18
3824.85
3824.85
5195.16
5195.16
7402.51
7402.51
6737.86
6737.86
48.34
48.34
1459.84
1459.84
7992.21
7992.21
81.29
81.29
1261.50
1261.50
33.16
33.16
913.92
913.92
913.92
5210.21
1918.00
1918.00
5832.60
5832.60
5832.60
2703.58
2973.29
2973.29
2973.29
12.78
12.78
682.92
4230.42
4230.42
4230.42
18.61
18.61
5479.52
5479.52
5335.42
5335.42
877.93
877.93
3259.89
3259.89
2413.93
2413.93
2070.22
2070.22
4150.98
4150.98
7545.49
7545.49
8051.46
8051.46
7477.82
7477.82
8161.87
8161.87
46.32
46.32
924.42
924.42
864.25
864.25
901.27
901.27
1528.58
1528.58
401.97
401.97
5445.09
5445.09
1140.58
1140.58
827.03
827.03
4275.41
4275.41
83.27
83.27
10.79
10.79
4976.44
4976.44
268.14
268.14
8015.11
8015.11
39.61
39.61
8848.37
8848.37
6054.14
6054.14
47.18
47.18
3106.30
3106.30
904.78
904.78
39.83
39.83
639.29
639.29
1551.67
1551.67
378.60
378.60
429.78
429.78
321.62
321.62
2844.19
2844.19
4262.07
4262.07
10208.30
10208.30
776.72
776.72
5335.48
5335.48
803.83
803.83
2784.12
2784.12
25.47
25.47
4760.96
4760.96
5846.42
5846.42
5521.37
5521.37
6187.35
6187.35
1777.33
1777.33
862.68
862.68
875.10
875.10
15.71
15.71
853.67
853.67
928.44
928.44
9313.69
9313.69
53.32
53.32
10.00
10.00
29.22
29.22
1198.86
1198.86
96.82
96.82
899.00
899.00
1428.91
1428.91
9362.92
9362.92
532.16
532.16
8963.12
8963.12
922.17
922.17
222.25
222.25
296.79
296.79
3496.00
3496.00
3592.80
3592.80
4268.77
4268.77
1206.36
1206.36
5727.77
5727.77
3619.17
3619.17
5197.08
5197.08
7619.57
7619.57
6531.97
6531.97
827.22
827.22
31.75
31.75
9633.34
9633.34
8517.06
8517.06
135.15
135.15
1784.04
1784.04
2107.01
2107.01
10237.57
10237.57
3691.35
3691.35
9639.72
9639.72
15.86
15.86
125.15
125.15
9543.26
9543.26
9670.83
9670.83
9670.83
9670.83
9670.83
9670.83
9670.83
9670.83
887.85
887.85
4362.15
4362.15
4362.15
4362.15
4362.15
4362.15
9029.41
9029.41
965.28
965.28
10427.15
10427.15
863.52
863.52
414.12
414.12
8623.05
8623.05
10532.19
10532.19
10532.19
10532.19
10532.19
10532.19
10532.19
10532.19
901.91
901.91
2964.16
2964.16
9646.62
9646.62
15.14
15.14
2137.82
2137.82
3487.28
3487.28
1649.70
1649.70
840.36
840.36
2652.79
2652.79
2652.79
2652.79
5589.10
5589.10
3319.79
3319.79
3319.79
3319.79
5175.29
5175.29
5430.49
5430.49
3920.42
3920.42
3920.42
3920.42
3920.42
3920.42
6494.04
6494.04
6769.23
6769.23
6628.14
6628.14
7764.27
7764.27
7049.65
7049.65
7956.77
7956.77
7956.77
7956.77
7956.77
7956.77
6166.67
6166.67
6166.67
6166.67
6781.22
6781.22
8330.04
8330.04
8955.90
8955.90
4999.57
4999.57
30.44
30.44
1616.10
1616.10
4316.90
4316.90
10993.55
10993.55
11679.72
11679.72
10075.74
10075.74
2922.83
2922.83
11165.38
11165.38
11165.38
11165.38
806.02
806.02
40.43
40.43
3988.41
3988.41
11.34
11.34
4947.60
4947.60
148.43
148.43
6412.33
6412.33
936.37
936.37
609.28
609.28
6212.39
6212.39
720.95
720.95
28.59
28.59
10308.33
10308.33
24.01
24.01
773.59
773.59
6974.33
6974.33
2425.60
2425.60
10169.89
10169.89
10443.48
10443.48
846.85
846.85
2398.03
2398.03
4333.67
4333.67
3266.70
3266.70
6125.88
6125.88
3151.44
3151.44
92.86
92.86
1383.43
1383.43
4936.43
4936.43
6317.44
6317.44
468.88
468.88
6842.05
6842.05
8767.19
8767.19
2102.52
2102.52
2060.59
2060.59
5971.44
5971.44
11.46
11.46
6650.27
6650.27
91.19
91.19
8914.51
8914.51
664.08
664.08
4809.73
4809.73
2160.06
2160.06
8704.69
8704.69
811.48
811.48
6444.71
6444.71
4690.65
4690.65
4010.73
4010.73
4273.77
4273.77
812.16
812.16
11.23
11.23
895.06
895.06
1857.57
1857.57
95.47
95.47
1057.98
1057.98
1997.13
1997.13
876.34
876.34
3930.70
3930.70
5142.12
5142.12
6201.95
6201.95
5912.79
5912.79
6358.12
6358.12
504.10
504.10
834.67
834.67
6420.53
6420.53
7608.65
7608.65
3203.72
3203.72
1625.56
1625.56
9388.76
9388.76
217.77
217.77
96.64
96.64
3974.53
3974.53
2322.77
2322.77
9497.93
9497.93
3346.26
3346.26
823.19
823.19
893.98
893.98
1967.16
1967.16
5325.99
5325.99
3176.87
3176.87
4296.53
4296.53
1831.41
1831.41
6822.95
6822.95
2604.37
2604.37
6003.65
6003.65
922.76
922.76
33.48
33.48
2910.39
2910.39
12.04
12.04
354.49
354.49
2664.00
2664.00
10.00
10.00
865.17
865.17
436.53
436.53
740.99
740.99
5440.82
5440.82
10.82
10.82
14.54
14.54
6316.00
6316.00
905.53
905.53
7467.61
7467.61
2601.93
2601.93
134.88
134.88
741.30
741.30
8791.69
8791.69
10.83
10.83
6579.44
6579.44
6633.37
6633.37
9711.48
9711.48
9259.84
9259.84
31.57
31.57
3542.88
3542.88
5623.27
5623.27
6129.12
6129.12
20.05
20.05
8270.88
8270.88
9368.26
9368.26
14.07
14.07
911.94
911.94
9874.25
9874.25
8777.69
8777.69
4116.03
4116.03
369.82
369.82
7805.80
7805.80
10.00
10.00
11.12
11.12
2851.56
2851.56
70.55
70.55
119.67
119.67
5887.98
5887.98
937.81
937.81
6644.85
6644.85
26.48
26.48
15.04
15.04
13.79
13.79
886.59
886.59
10488.68
10488.68
9606.19
9606.19
15.90
15.90
7670.73
7670.73
10518.49
10518.49
11.33
11.33
10703.58
10703.58
2219.58
2219.58
1977.66
1977.66
8560.48
8560.48
1643.05
1643.05
10147.16
10147.16
10060.02
10060.02
1340.08
1340.08
9449.07
9449.07
367.16
367.16
807.73
807.73
12.05
12.05
933.13
933.13
3872.07
3872.07
98.35
98.35
10536.26
10536.26
509.79
509.79
1636.17
1636.17
9646.29
9646.29
161.88
161.88
54.34
54.34
8013.43
8013.43
873.68
873.68
10614.09
10614.09
903.43
903.43
1291.13
1291.13
4798.03
4798.03
7606.09
7606.09
627.75
627.75
803.92
803.92
4779.49
4779.49
2395.80
2395.80
2908.79
2908.79
526.13
526.13
1757.32
1757.32
5008.54
5008.54
2593.48
2593.48
6422.47
6422.47
5180.95
5180.95
8329.22
8329.22
8697.88
8697.88
752.41
752.41
8902.36
8902.36
45.39
45.39
15.06
15.06
873.29
873.29
10235.56
10235.56
7899.63
7899.63
9147.96
9147.96
9147.96
9147.96
9147.96
9147.96
9147.96
9147.96
9147.96
9147.96
9147.96
9147.96
9147.96
9147.96
9147.96
9147.96
15.25
15.25
15.25
547.69
767.73
767.73
920.70
920.70
857.89
857.89
31.39
31.39
1561.42
1561.42
3266.96
3266.96
3169.42
3169.42
4289.22
4289.22
2966.36
2966.36
911.25
911.25
5619.99
5619.99
5619.99
5619.99
5619.99
5619.99
5989.41
5989.41
4440.14
4440.14
4440.14
4440.14
4440.14
4440.14
4440.14
4440.14
4440.14
4440.14
6277.59
6277.59
5091.94
5091.94
6035.24
6035.24
5095.48
5095.48
67.59
67.59
2617.21
2617.21
6479.08
6479.08
796.60
796.60
7019.31
7019.31
7607.12
7607.12
7746.04
7746.04
8044.12
8044.12
8934.44
8934.44
132.29
132.29
9125.52
9125.52
3131.53
3131.53
236.04
236.04
8056.99
8056.99
8708.70
8708.70
9422.03
9422.03
9614.46
9614.46
9614.46
9614.46
9238.99
9238.99
9686.20
9686.20
1258.32
1258.32
644.50
644.50
644.50
644.50
10.11
10.11
4819.65
4819.65
5430.81
5430.81
2408.08
2408.08
6278.53
6278.53
5145.27
5145.27
6573.65
6573.65
1123.27
1123.27
3120.00
3120.00
6485.67
6485.67
4971.70
4971.70
5997.03
5997.03
3676.18
3676.18
7488.77
7488.77
13.44
13.44
29.12
29.12
753.91
753.91
56.02
56.02
9804.15
9804.15
5185.99
5185.99
3655.49
3655.49
2159.38
2159.38
11104.49
11104.49
11104.49
11104.49
245.29
245.29
10357.30
10357.30
869.60
869.60
10.33
10.33
7872.61
7872.61
7872.61
7872.61
7872.61
7872.61
881.75
881.75
3560.42
3560.42
7569.88
7569.88
2712.33
2712.33
6699.36
6699.36
10.00
10.00
1499.91
1499.91
9937.85
9937.85
1715.59
1715.59
3102.13
3102.13
9087.22
9087.22
9321.11
9321.11
15.73
15.73
477.25
477.25
1313.52
1313.52
2073.69
2073.69
2757.84
2757.84
109.58
109.58
1356.53
1356.53
6639.39
6639.39
3371.45
3371.45
6314.39
6314.39
229.78
229.78
406.39
406.39
4771.61
4771.61
7727.36
7727.36
2820.14
2820.14
1015.19
1015.19
296.29
296.29
966.96
966.96
10.00
10.00
878.07
878.07
2646.24
2646.24
10788.87
10788.87
9806.35
9806.35
869.24
869.24
373.57
373.57
3617.37
3617.37
6007.58
6007.58
6135.04
6135.04
3328.35
3328.35
23.05
23.05
7782.29
7782.29
8610.54
8610.54
4930.03
4930.03
8775.99
8775.99
241.33
241.33
3900.44
3900.44
1872.77
1872.77
3872.32
3872.32
3872.32
3872.32
326.10
326.10
67.14
67.14
4696.38
4696.38
4696.38
4696.38
4018.68
4018.68
5507.84
5507.84
5507.84
5507.84
4025.52
4025.52
5800.51
5800.51
2932.28
2932.28
2932.28
2932.28
2932.28
5256.97
5339.70
5339.70
6724.73
6724.73
6447.94
6447.94
15.87
15.87
2076.88
2076.88
281.01
281.01
8363.11
8363.11
8363.11
20.89
20.89
431.34
431.34
10.96
10.96
9323.42
9323.42
4627.43
4627.43
26.75
873.47
873.47
873.47
9847.45
9847.45
5602.81
5602.81
837.41
837.41
196.45
196.45
29.72
29.72
7286.41
7286.41
6892.27
6892.27
8660.03
8660.03
8431.40
8431.40
8431.40
8431.40
10.76
4433.37
4433.37
4433.37
7366.52
7366.52
8232.42
8232.42
4939.88
4939.88
1670.68
1670.68
1670.68
1670.68
3446.15
3446.15
4237.96
4237.96
15.08
15.08
2304.64
2304.64
2304.64
2304.64
5409.69
5409.69
5409.69
5409.69
4214.85
4214.85
5757.12
5757.12
6043.24
6043.24
6266.38
6266.38
6266.38
6266.38
6266.38
6266.38
6266.38
6266.38
5404.14
5404.14
5404.14
5404.14
5404.14
5404.14
7204.41
6743.50
6743.50
6743.50
6743.50
6743.50
6743.50
6743.50
6743.50
6743.50
6743.50
6743.50
6578.38
6578.38
6578.38
6578.38
6578.38
6578.38
6578.38
6578.38
7837.56
7837.56
7687.72
7687.72
7892.93
7892.93
3294.35
3294.35
7968.28
7968.28
5357.44
5357.44
8682.63
8682.63
9745.06
9745.06
1030.03
1030.03
8642.56
8642.56
9987.60
9987.60
1749.89
1749.89
10.00
10.00
9230.31
9230.31
2557.06
2557.06
3118.41
3118.41
44.43
44.43
7062.85
7062.85
2301.35
2301.35
8493.01
8493.01
833.31
833.31
1196.25
1196.25
204.06
204.06
144.52
144.52
6580.29
6580.29
8649.39
8649.39
509.87
509.87
806.95
806.95
76.95
76.95
8018.92
8018.92
6272.82
6272.82
471.47
471.47
852.25
852.25
877.41
877.41
30.03
30.03
330.19
330.19
22.30
22.30
5216.34
5216.34
618.00
618.00
838.62
838.62
3232.46
3232.46
2303.62
2303.62
3926.29
3926.29
2968.32
2968.32
7032.64
7032.64
7946.00
7946.00
5733.75
5733.75
14.74
14.74
831.96
831.96
1170.27
1170.27
102.19
102.19
854.05
854.05
6196.70
6196.70
6901.22
6901.22
5765.03
5765.03
32.18
32.18
6714.28
6714.28
288.61
288.61
930.81
930.81
3642.37
3642.37
277.92
277.92
960.12
960.12
47.15
47.15
3927.00
3927.00
33.53
33.53
3846.46
3846.46
6062.08
6062.08
7734.84
7734.84
7734.84
7734.84
7734.84
7734.84
8513.52
8513.52
8513.52
8513.52
8513.52
8513.52
8513.52
8513.52
63.46
63.46
3849.78
3849.78
3909.16
3909.16
5343.45
5343.45
1007.45
1007.45
5209.48
5209.48
5209.48
5209.48
5209.48
5209.48
5209.48
5209.48
6026.58
6026.58
6026.58
6026.58
5928.38
5928.38
1102.20
1102.20
6073.77
6073.77
5902.52
5902.52
5902.52
5902.52
46.95
46.95
18.37
18.37
6783.54
6783.54
7391.79
7391.79
7035.57
7035.57
339.21
339.21
7260.37
7260.37
7260.37
7260.37
458.30
458.30
8008.50
8008.50
6914.83
6914.83
8829.16
8829.16
8852.30
8852.30
26.98
26.98
2271.41
2271.41
3248.20
3248.20
9716.55
9716.55
259.39
259.39
8528.86
8528.86
966.14
966.14
9721.89
9721.89
9721.89
9721.89
9721.89
9721.89
150.46
150.46
15.98
15.98
3509.47
3509.47
4364.73
4364.73
4364.73
4364.73
785.34
785.34
5318.48
5318.48
762.30
762.30
1983.07
1983.07
1983.07
1983.07
5718.33
5718.33
5741.96
5741.96
6036.80
6036.80
6372.02
6372.02
6372.02
6372.02
6372.02
6372.02
6372.02
6372.02
6551.22
6551.22
283.89
283.89
7254.74
7254.74
795.86
795.86
5248.45
5248.45
4265.70
4265.70
3762.96
3762.96
3762.96
3762.96
4570.46
4570.46
4570.46
4570.46
4570.46
4570.46
4570.46
4570.46
4570.46
4570.46
6613.03
6613.03
7886.64
7886.64
5885.72
5885.72
7484.13
7484.13
7484.13
7484.13
7484.13
7484.13
7484.13
7484.13
7424.55
7424.55
8419.95
8419.95
1707.36
1707.36
9652.19
9652.19
872.15
872.15
9964.28
9964.28
4844.26
4844.26
1016.74
1016.74
16.88
16.88
8260.49
8260.49
9040.47
9040.47
2994.52
2994.52
8653.81
8653.81
9718.72
9718.72
908.11
908.11
4307.93
4307.93
2375.77
2375.77
5907.20
5907.20
11.54
11.54
7910.92
7910.92
55.97
55.97
9113.38
9113.38
301.24
301.24
65.84
65.84
9957.63
9957.63
4863.31
4863.31
8439.90
8439.90
1867.58
1867.58
7145.15
7145.15
6676.74
6676.74
36.88
36.88
7270.06
7270.06
414.38
414.38
771.48
771.48
404.00
404.00
81.01
81.01
2273.25
2273.25
1782.50
1782.50
3148.96
3148.96
10.15
10.15
4785.65
4785.65
5823.33
5823.33
1483.67
1483.67
6524.99
6524.99
3640.76
3640.76
909.64
909.64
5177.41
5177.41
1518.93
1518.93
10.17
10.17
11.91
11.91
6383.26
6383.26
5054.64
5054.64
5768.74
5768.74
6493.12
6493.12
6256.84
6256.84
8145.73
8145.73
408.20
408.20
3375.95
3375.95
7329.43
7329.43
8652.14
8652.14
15.91
15.91
10114.60
10114.60
10078.55
10078.55
861.16
861.16
895.91
895.91
1387.32
1387.32
6351.80
6351.80
4591.40
4591.40
4807.34
4807.34
21.26
21.26
4496.44
4496.44
6968.08
6968.08
1005.57
1005.57
231.50
231.50
15.06
15.06
349.32
349.32
15.04
15.04
11.84
11.84
6500.96
6500.96
13.89
13.89
5494.06
5494.06
8471.02
8471.02
4750.41
4750.41
33.45
33.45
1843.86
1843.86
11.47
11.47
98.51
98.51
28.37
28.37
19.32
19.32
7108.76
7108.76
1262.91
1262.91
806.85
806.85
1341.15
1341.15
17.13
17.13
448.25
448.25
29.94
29.94
15.08
15.08
5024.59
5024.59
9089.39
9089.39
7802.47
7802.47
9500.97
9500.97
6100.64
6100.64
464.86
464.86
8837.21
8837.21
2118.65
2118.65
4408.50
4408.50
433.34
433.34
4322.55
4322.55
3502.61
3502.61
6344.09
6344.09
7009.60
7009.60
2823.80
2823.80
852.39
852.39
6270.52
6270.52
125.70
125.70
14.24
14.24
868.56
868.56
814.07
814.07
91.23
91.23
6118.11
6118.11
7336.67
7336.67
8964.35
8964.35
9535.78
9535.78
5975.97
5975.97
9250.04
9250.04
92.74
92.74
31.71
31.71
9599.93
9599.93
71.70
71.70
1652.74
1652.74
11.50
11.50
5548.62
5548.62
7443.50
7443.50
6432.56
6432.56
889.84
889.84
376.86
376.86
3400.55
3400.55
7876.27
7876.27
397.07
397.07
9554.86
9554.86
4513.96
4513.96
9632.03
9632.03
5005.11
5005.11
1391.34
1391.34
1237.22
1237.22
4119.44
4119.44
830.76
830.76
6226.34
6226.34
63.23
63.23
3118.49
3118.49
1298.73
1298.73
105.13
105.13
8058.80
8058.80
806.22
806.22
6714.55
6714.55
526.19
526.19
90.07
90.07
10.23
10.23
7056.80
7056.80
427.66
427.66
5175.10
5175.10
9624.72
9624.72
4832.29
4832.29
5955.06
5955.06
732.72
732.72
3265.83
3265.83
140.43
140.43
1569.74
1569.74
6873.19
6873.19
3701.59
3701.59
14.33
14.33
6266.55
6266.55
104.98
104.98
66.58
66.58
10.00
10.00
53.84
53.84
349.96
349.96
6195.81
6195.81
6261.95
6261.95
5687.07
5687.07
209.98
209.98
6696.33
6696.33
6696.33
6696.33
3159.14
3159.14
2018.22
2018.22
3635.56
3635.56
7124.28
7124.28
79.79
79.79
2018.93
2018.93
918.44
918.44
3476.73
3476.73
8042.04
8042.04
8892.06
8892.06
8239.54
8239.54
874.32
874.32
7737.57
7737.57
9306.24
9306.24
9306.24
9306.24
78.00
78.00
15.15
15.15
138.28
138.28
1472.20
1472.20
1869.36
1869.36
5939.26
5939.26
5424.78
5424.78
7022.76
7022.76
7313.93
7313.93
7313.93
7313.93
7328.17
7328.17
8860.72
8860.72
8340.27
8340.27
10245.70
10245.70
8883.49
8883.49
8883.49
8883.49
64.57
64.57
8870.22
8870.22
8450.02
8450.02
1327.75
1327.75
3722.54
3722.54
5120.27
5120.27
5120.27
5120.27
3044.68
3044.68
6559.20
6559.20
10363.95
10363.95
3287.76
3287.76
825.96
825.96
1856.44
1856.44
2751.86
2751.86
5910.26
5910.26
5704.22
5704.22
7265.48
7265.48
7265.48
7265.48
4867.87
4867.87
4467.00
4467.00
1050.40
1050.40
111.66
111.66
4755.01
4755.01
5612.61
5612.61
6181.25
6181.25
829.97
829.97
29.69
29.69
6567.19
6567.19
7507.69
7507.69
29.37
29.37
34.53
34.53
2029.80
2029.80
2029.80
2029.80
15.32
15.32
6979.20
6979.20
4351.75
4351.75
2918.87
2918.87
7630.06
7630.06
7373.55
7373.55
21.30
21.30
8848.22
8848.22
8555.18
8555.18
9870.58
9870.58
10885.73
10885.73
10882.65
10882.65
14.77
14.77
6250.24
6250.24
818.20
818.20
119.81
119.81
850.21
850.21
990.16
990.16
3441.21
3441.21
2026.09
2026.09
6833.65
6833.65
4683.33
4683.33
156.09
156.09
4950.85
4950.85
2456.60
2456.60
1050.64
1050.64
6633.97
6633.97
16.50
16.50
6796.53
6796.53
1554.68
1554.68
7616.55
7616.55
3629.59
3629.59
1916.37
1916.37
836.89
836.89
1444.56
1444.56
5634.60
5634.60
7823.00
7823.00
107.73
107.73
8823.97
8823.97
288.17
288.17
4687.31
4687.31
11.89
11.89
1558.39
1558.39
6130.55
6130.55
6019.46
6019.46
993.21
993.21
11.13
11.13
22.78
22.78
3404.39
3404.39
42.88
42.88
42.88
4329.19
4329.19
4516.64
2839.33
2839.33
2839.33
7396.75
7396.75
1306.28
7055.44
7055.44
7055.44
1136.76
1136.76
7725.57
7725.57
7466.31
7466.31
182.73
182.73
753.95
753.95
8174.11
8174.11
889.77
889.77
6041.26
6041.26
6453.02
6453.02
646.74
646.74
625.31
625.31
7304.07
7304.07
1049.73
1049.73
861.50
861.50
8774.85
3772.75
3772.75
3772.75
4854.60
4854.60
506.69
506.69
854.26
854.26
5647.33
5647.33
7670.40
7670.40
7670.40
7670.40
7670.40
7670.40
12.76
12.76
885.21
885.21
8634.18
8634.18
8805.71
8805.71
4394.12
4394.12
3974.39
3974.39
3966.60
3966.60
868.69
868.69
7368.71
7368.71
10.00
10.00
9048.79
9048.79
376.07
376.07
56.37
56.37
97.63
97.63
807.63
807.63
205.00
205.00
3650.00
3650.00
2869.17
2869.17
8580.00
8580.00
9032.46
9032.46
11.41
11.41
8659.39
8659.39
1654.23
1654.23
1744.92
1744.92
2001.36
2001.36
7005.80
7005.80
8009.66
8009.66
7149.59
7149.59
36.52
36.52
2095.23
2095.23
5417.30
5417.30
918.88
918.88
216.27
216.27
6692.73
6692.73
1721.69
1721.69
7960.57
7960.57
14.73
14.73
2083.26
2083.26
4268.91
4268.91
9307.02
9307.02
3691.82
3691.82
1407.80
1407.80
469.41
469.41
2338.15
2338.15
8226.60
8226.60
9028.57
9028.57
24.87
24.87
3204.53
3204.53
15.14
15.14
2906.68
2906.68
826.27
826.27
4937.29
4937.29
91.91
91.91
8475.33
8475.33
2759.10
2759.10
9824.82
9824.82
32.30
32.30
3015.76
3015.76
3095.99
3095.99
4362.09
4362.09
3005.90
3005.90
6162.79
6162.79
4556.22
4556.22
5958.34
5958.34
3305.74
3305.74
2468.78
2468.78
7152.26
7152.26
915.16
915.16
7416.88
7416.88
845.92
845.92
8319.33
8319.33
53.89
53.89
212.54
212.54
48.44
48.44
8593.65
8593.65
885.65
885.65
45.82
45.82
62.88
62.88
7432.16
7432.16
833.63
833.63
2179.23
2179.23
871.59
871.59
11.67
11.67
986.76
986.76
4435.52
4435.52
8575.44
8575.44
8673.60
8673.60
819.92
819.92
1264.92
1264.92
3592.50
3592.50
3592.50
3592.50
3592.50
3592.50
3592.50
3592.50
1964.08
1964.08
5176.56
5176.56
5949.80
5949.80
783.83
783.83
5677.16
5677.16
5677.16
5677.16
5626.16
5626.16
5876.23
5876.23
2214.83
2214.83
1317.85
1317.85
1485.72
1485.72
6630.52
6630.52
6630.52
6630.52
6630.52
6630.52
6629.15
6629.15
6629.15
6629.15
6629.15
6629.15
6629.15
6629.15
6629.15
6629.15
6629.15
6629.15
6629.15
6629.15
6629.15
6629.15
6629.15
6629.15
6629.15
6629.15
6629.15
6629.15
6629.15
6629.15
6629.15
6629.15
6629.15
6629.15
6629.15
6629.15
6629.15
6629.15
6629.15
6629.15
6629.15
6629.15
6103.24
6103.24
6710.46
6710.46
6710.46
6710.46
6825.14
6825.14
6825.14
6825.14
6825.14
6825.14
8129.51
8129.51
8129.51
8129.51
7957.68
7957.68
7995.95
7995.95
434.59
434.59
929.89
929.89
1404.24
1404.24
7861.70
7861.70
7861.70
7861.70
2015.52
2015.52
858.94
858.94
2368.68
2368.68
2368.68
2368.68
15.95
15.95
17.07
17.07
837.51
837.51
1191.69
1191.69
870.53
870.53
247.86
247.86
9697.85
9697.85
9439.85
9439.85
340.79
340.79
875.72
875.72
9263.71
9263.71
284.46
284.46
2424.37
2424.37
9069.25
9069.25
884.88
884.88
8710.33
8710.33
7994.34
7994.34
128.95
128.95
8856.51
8856.51
974.28
974.28
10113.48
10113.48
858.00
858.00
491.00
491.00
375.54
375.54
2833.26
2833.26
39.68
39.68
869.25
869.25
5994.65
5994.65
886.40
886.40
6487.02
6487.02
6535.87
6535.87
176.49
176.49
10.57
10.57
3737.32
3737.32
10.00
10.00
421.23
421.23
22.86
22.86
10.00
10.00
1316.28
1316.28
3278.51
3278.51
827.76
827.76
4284.59
4284.59
5640.69
5640.69
15.56
15.56
6849.40
6849.40
868.34
868.34
2476.03
2476.03
601.58
601.58
7130.38
7130.38
67.82
67.82
8178.16
8178.16
6023.01
6023.01
3799.15
3799.15
47.62
47.62
4564.48
4564.48
957.54
957.54
8917.10
8917.10
8917.10
8917.10
8885.25
8885.25
8772.70
8772.70
9038.23
9038.23
2300.50
2300.50
8762.54
8762.54
166.38
166.38
3562.60
3562.60
74.08
74.08
175.59
175.59
6400.80
6400.80
16.43
16.43
6757.85
6757.85
7352.85
7352.85
7363.33
7363.33
1369.94
1369.94
7904.37
7904.37
838.72
838.72
11.09
11.09
856.93
856.93
6905.40
6905.40
7144.62
7144.62
3451.84
3451.84
7624.88
7624.88
7624.88
7624.88
3661.39
3661.39
848.90
848.90
1501.09
1501.09
578.87
578.87
14.94
14.94
28.62
28.62
28.42
28.42
22.66
22.66
3497.08
3497.08
3559.45
3559.45
6070.40
6070.40
5153.10
5153.10
1190.04
1190.04
710.51
710.51
37.73
37.73
1445.36
1445.36
19.72
19.72
425.03
425.03
94.79
94.79
10.00
10.00
8838.80
8838.80
15.19
15.19
613.34
613.34
9681.15
9681.15
773.16
773.16
839.70
839.70
1726.66
1726.66
438.33
438.33
17.42
17.42
369.42
369.42
8614.34
8614.34
9086.35
9086.35
94.77
94.77
5720.13
5720.13
10.00
10.00
787.73
787.73
9530.97
9530.97
894.45
894.45
961.96
961.96
5336.97
5336.97
8231.99
8231.99
11546.02
11546.02
880.31
880.31
10365.91
10365.91
12734.21
12734.21
1085.26
1085.26
207.24
207.24
956.23
956.23
1672.56
1672.56
946.51
946.51
1998.73
1998.73
322.39
322.39
807.11
807.11
2516.66
2516.66
838.17
838.17
1004.95
1004.95
888.92
888.92
184.97
184.97
1849.45
1849.45
6481.56
6481.56
10.00
10.00
825.18
825.18
48.81
48.81
5632.68
5632.68
5632.68
5632.68
7142.67
7142.67
8698.38
8698.38
25.51
25.51
9719.26
9719.26
1433.66
1433.66
390.86
390.86
9752.21
9752.21
3087.56
3087.56
3087.56
3087.56
392.91
392.91
5687.55
5687.55
925.34
925.34
34.70
34.70
792.01
792.01
1047.25
1047.25
5159.10
5159.10
13.90
13.90
6745.74
6745.74
964.30
964.30
158.74
158.74
830.32
830.32
883.82
883.82
7222.59
7222.59
1040.18
1040.18
75.21
75.21
841.81
841.81
1308.28
1308.28
348.96
348.96
2720.27
2720.27
716.72
716.72
4918.45
4918.45
9084.26
9084.26
860.92
860.92
116.80
116.80
6656.51
6656.51
44.42
44.42
6819.38
6819.38
6576.38
6576.38
2784.89
2784.89
3803.84
3803.84
14.61
14.61
6696.50
6696.50
844.97
844.97
6234.91
6234.91
2227.69
2227.69
8457.65
8457.65
80.52
80.52
49.51
49.51
16.59
16.59
883.84
883.84
7555.72
7555.72
133.36
133.36
7523.84
7523.84
6917.07
6917.07
7073.26
7073.26
7073.26
7073.26
7556.51
7556.51
8009.66
8009.66
10.00
10.00
34.41
34.41
8507.26
8507.26
1157.62
1157.62
44.64
44.64
696.45
696.45
3030.59
3030.59
5666.11
5666.11
883.77
883.77
3932.03
3932.03
6903.66
6903.66
4194.71
4194.71
5357.37
5357.37
7684.78
7684.78
7775.05
7775.05
5117.68
5117.68
5074.41
5074.41
6191.40
6191.40
8028.59
8028.59
8894.07
8894.07
8195.65
8195.65
4317.68
4317.68
2231.26
2231.26
11.22
11.22
2289.97
2289.97
5651.26
5651.26
987.88
987.88
7147.60
7147.60
2477.58
2477.58
7121.31
7121.31
4129.45
4129.45
10188.33
10188.33
880.51
880.51
4461.71
4461.71
4461.71
6242.26
103.97
103.97
1814.64
1814.64
11477.49
11477.49
362.78
362.78
9768.91
9768.91
2086.04
2086.04
71.86
71.86
8013.81
8013.81
9040.84
9040.84
8872.07
8872.07
4257.18
4257.18
4141.34
4141.34
1996.14
1996.14
8039.05
8039.05
9492.53
9492.53
1484.98
1484.98
4473.98
4473.98
1361.61
1361.61
340.92
340.92
459.45
459.45
69.42
69.42
15.08
15.08
40.77
40.77
2380.90
2380.90
6272.96
6272.96
3144.50
3144.50
7019.44
7019.44
25.63
25.63
10.00
10.00
292.48
292.48
1241.91
1241.91
1070.97
1070.97
11.66
11.66
5100.41
5100.41
7043.57
7043.57
904.70
904.70
2520.21
2520.21
8472.65
8472.65
10756.04
10756.04
209.28
209.28
1286.65
1286.65
9739.02
9739.02
2959.82
2959.82
5123.37
5123.37
9845.38
9845.38
9845.38
9845.38
9845.38
9845.38
8047.15
8047.15
9459.30
9459.30
1063.47
1063.47
1389.19
1389.19
293.36
293.36
9246.73
9246.73
8920.81
8920.81
8257.44
8257.44
9824.00
9824.00
11189.56
11189.56
4505.49
4505.49
1128.18
1128.18
752.92
752.92
6524.97
6524.97
456.87
456.87
629.52
629.52
6051.72
6051.72
864.99
864.99
246.70
246.70
11006.15
11006.15
10.20
10.20
564.52
564.52
946.50
946.50
9178.92
9178.92
905.41
905.41
33.78
33.78
39.10
39.10
4031.75
4031.75
3196.62
3196.62
7123.12
7123.12
662.69
662.69
10.00
10.00
7999.74
7999.74
7999.74
54.03
54.03
5413.16
34.04
34.04
34.04
941.57
695.63
695.63
257.05
257.05
257.05
15.88
9417.69
9417.69
9417.69
908.13
908.13
530.53
1911.03
1911.03
1911.03
51.60
8137.62
8137.62
8137.62
881.52
881.52
186.95
186.95
1209.23
1209.23
2445.92
2445.92
63.24
63.24
554.66
554.66
120.00
120.00
1397.12
1397.12
39.72
5956.85
5956.85
5956.85
6817.66
6817.66
925.49
925.49
14.73
14.73
111.39
111.39
46.82
46.82
643.03
643.03
2770.86
2770.86
262.76
262.76
5621.27
5621.27
9417.78
9417.78
1371.64
7977.82
7977.82
7977.82
1287.31
1287.31
949.90
949.90
3453.62
3453.62
36.06
36.06
917.29
917.29
15.41
15.41
11.93
11.93
3804.34
3804.34
3064.60
3064.60
4748.45
4748.45
2256.17
914.43
914.43
914.43
2344.07
2344.07
4349.43
4349.43
14.66
14.66
365.57
365.57
883.83
883.83
135.87
135.87
21.07
21.07
9183.58
9183.58
321.46
321.46
4845.70
4845.70
11.38
11.38
858.98
858.98
154.79
154.79
4487.48
4487.48
15.46
15.46
11.78
11.78
904.60
904.60
6507.80
6507.80
20.89
20.89
242.37
242.37
11.56
11.56
4784.34
4784.34
55.02
55.02
838.99
838.99
8433.71
8433.71
8433.71
8433.71
15.58
15.58
4174.84
4174.84
1198.93
1198.93
4224.89
4224.89
1334.20
1334.20
93.74
93.74
81.38
81.38
2341.53
2341.53
603.72
603.72
848.01
848.01
5173.26
5173.26
89.64
89.64
1100.81
1100.81
207.26
207.26
23.55
23.55
1702.86
1702.86
6746.47
6746.47
9277.58
9277.58
16.46
16.46
9623.42
9623.42
9682.73
9682.73
8175.26
8175.26
632.32
632.32
121.24
121.24
3494.83
3494.83
4515.61
4515.61
3502.57
3502.57
23.75
23.75
746.54
746.54
7408.93
7408.93
7655.43
7655.43
50.26
50.26
128.43
128.43
772.27
772.27
6704.58
6704.58
9268.70
9268.70
912.40
912.40
533.39
533.39
14.00
14.00
5987.31
5987.31
11.50
11.50
7038.61
7038.61
6967.17
6967.17
2558.23
2558.23
929.29
929.29
767.12
767.12
1719.12
1719.12
1065.63
1065.63
5699.70
5699.70
855.21
855.21
1967.76
1967.76
560.13
560.13
736.67
736.67
1205.80
1205.80
24.62
24.62
4719.35
4719.35
4093.02
4093.02
794.62
794.62
5224.71
5224.71
84.49
84.49
14.39
14.39
411.16
411.16
10.00
10.00
410.94
410.94
640.50
640.50
30.26
30.26
21.67
21.67
82.44
82.44
4271.07
4271.07
10.00
10.00
11.28
11.28
1822.64
1822.64
951.42
951.42
13.71
13.71
708.31
708.31
10.13
10.13
4296.01
4296.01
6554.76
6554.76
6052.70
6052.70
16.03
16.03
34.85
34.85
838.05
838.05
7002.51
7002.51
1724.50
1724.50
26.71
26.71
74.51
74.51
10.00
10.00
82.08
82.08
6666.45
6666.45
123.96
123.96
29.41
29.41
22.34
22.34
13.82
13.82
1030.81
1030.81
10.32
10.32
1206.88
1206.88
15.80
15.80
10.00
10.00
927.53
927.53
10.00
10.00
3608.55
3608.55
199.53
199.53
266.15
266.15
169.27
169.27
257.75
257.75
603.39
603.39
106.55
106.55
2863.45
2863.45
88.08
88.08
22.55
22.55
603.98
603.98
11.94
11.94
2208.67
2208.67
2379.56
2379.56
831.63
831.63
29.91
29.91
11.06
11.06
804.23
804.23
34.93
34.93
3990.95
3990.95
11.34
11.34
1292.41
1292.41
607.14
607.14
1287.72
1287.72
663.77
663.77
2986.87
2986.87
501.14
501.14
15.56
15.56
877.64
877.64
819.78
819.78
12.76
12.76
4237.95
4237.95
3865.62
3865.62
4956.91
4956.91
5202.61
5202.61
5973.39
5973.39
3114.70
3114.70
10.27
10.27
4619.63
4619.63
580.51
580.51
10.01
10.01
616.09
616.09
10.00
10.00
4327.81
4327.81
287.87
287.87
709.94
709.94
2009.23
2009.23
1701.10
1701.10
3704.21
3704.21
3920.90
3920.90
3398.92
3398.92
671.54
671.54
1082.94
1082.94
1487.49
1487.49
1487.49
1487.49
1487.49
1487.49
1487.49
1487.49
1487.49
1487.49
1487.49
1487.49
1657.37
1657.37
1657.37
1657.37
1701.54
1701.54
1701.54
1701.54
1701.54
1701.54
1714.60
1714.60
12.16
12.16
12.16
12.16
12.16
117.97
117.97
371.88
371.88
714.93
714.93
247.12
1411.78
1411.78
572.64
572.64
1488.35
1488.35
1459.90
1459.90
2310.95
2310.95
52.12
52.12
17.06
17.06
1738.80
1738.80
23.01
23.01
3053.16
3053.16
10.00
10.00
5248.95
5248.95
74.95
74.95
5393.91
5393.91
24.25
24.25
5907.05
5907.05
472.47
472.47
2388.71
2388.71
734.65
734.65
5714.69
5714.69
4073.87
4073.87
4820.85
4820.85
1018.24
1018.24
31.79
31.79
3614.07
3614.07
1317.79
1317.79
4714.78
4714.78
4508.57
4508.57
13.05
13.05
5941.49
5941.49
781.86
781.86
35.33
35.33
17.25
17.25
200.97
200.97
1522.29
1522.29
962.85
962.85
6130.42
6130.42
613.56
613.56
25.27
25.27
6084.62
6084.62
739.58
739.58
33.54
33.54
622.08
622.08
29.77
29.77
27.37
27.37
152.84
152.84
1729.26
1729.26
33.54
33.54
21.27
21.27
535.46
535.46
113.79
113.79
10.30
10.30
1113.55
1113.55
32.69
32.69
774.15
774.15
31.37
31.37
3023.87
3023.87
1632.91
1632.91
1489.87
1489.87
4340.39
4340.39
194.56
194.56
18.13
18.13
29.96
29.96
14.67
14.67
362.56
362.56
13.62
13.62
1441.91
1441.91
11.15
11.15
155.68
155.68
22.76
22.76
12.60
12.60
15.88
15.88
3372.74
3372.74
793.68
793.68
12.27
12.27
4055.00
4055.00
17.89
17.89
3475.23
3475.23
462.18
462.18
462.18
462.18
512.69
512.69
4241.18
4241.18
4067.92
4067.92
4067.92
4067.92
4067.92
4067.92
436.13
436.13
3492.03
3492.03
3492.03
3492.03
3113.51
3113.51
3113.51
3113.51
3113.51
3113.51
3000.16
3000.16
3407.76
3407.76
3029.13
3029.13
3029.13
3029.13
2723.54
2723.54
10.00
10.00
811.33
811.33
482.59
482.59
3720.45
3720.45
3720.45
3720.45
3720.45
3720.45
3544.55
3544.55
3544.55
3544.55
3405.06
3405.06
3594.12
3594.12
3573.32
3573.32
642.38
642.38
4100.07
4100.07
4100.07
4100.07
21.42
21.42
1678.21
1678.21
3928.12
3928.12
1744.72
1744.72
3931.75
3931.75
3660.41
3660.41
3660.41
3660.41
3660.41
3660.41
3801.61
3801.61
3350.10
3350.10
3113.84
3113.84
3113.84
3113.84
3577.77
3577.77
3577.77
3577.77
4344.06
4344.06
3662.62
3662.62
10.00
10.00
3499.41
3499.41
3499.41
3499.41
3499.41
3499.41
3499.41
3499.41
4500.63
4500.63
4462.66
4462.66
4462.66
4462.66
3535.82
3535.82
5109.55
5109.55
2528.09
2528.09
10.00
10.00
6184.32
6184.32
5906.60
5906.60
858.73
858.73
2707.11
2707.11
510.67
510.67
920.46
920.46
45.50
45.50
4844.24
4844.24
5528.86
5528.86
23.54
23.54
2712.94
2712.94
93.33
93.33
5607.18
5607.18
596.60
596.60
2990.63
2990.63
1911.53
1911.53
4861.97
4861.97
897.04
897.04
3771.62
3771.62
29.36
29.36
4434.69
4434.69
3910.51
3910.51
14.94
14.94
3261.15
3261.15
2911.83
2911.83
148.28
148.28
5290.09
5290.09
2003.28
2003.28
2302.87
2302.87
962.59
962.59
5284.80
5284.80
3221.39
3221.39
1108.32
1108.32
6045.79
6045.79
5975.41
5975.41
8054.61
8054.61
4553.44
4553.44
3546.97
3546.97
2656.52
2656.52
2850.71
2850.71
4224.36
4224.36
5141.20
5141.20
43.75
43.75
5049.64
5049.64
4016.64
4016.64
11.49
11.49
5722.51
5722.51
224.23
224.23
6695.68
6695.68
34.85
34.85
16.70
16.70
606.85
606.85
24.84
24.84
2006.15
2006.15
59.67
59.67
16.54
16.54
73.34
73.34
10.00
10.00
17.20
17.20
4560.67
4560.67
791.11
791.11
4882.04
4882.04
3518.03
3518.03
5094.25
5094.25
778.29
778.29
3281.55
3281.55
116.45
116.45
5927.10
5927.10
10.00
10.00
102.81
102.81
29.40
29.40
531.39
531.39
880.87
880.87
27.65
27.65
817.39
817.39
140.39
140.39
584.90
584.90
699.55
699.55
118.34
118.34
1403.62
1403.62
2136.44
2136.44
227.94
227.94
4157.25
4157.25
574.69
574.69
18.26
18.26
2244.43
2244.43
5558.51
5558.51
5136.37
5136.37
1481.81
1481.81
54.86
54.86
54.86
19.81
19.81
10.00
10.00
10.00
276.00
276.00
101.82
101.82
372.16
372.16
1359.67
1359.67
2059.61
2059.61
3135.29
3135.29
4753.93
4753.93
10.00
10.00
103.90
103.90
1722.51
1722.51
547.18
547.18
90.05
90.05
715.68
715.68
171.73
171.73
30.97
30.97
234.93
234.93
10.00
10.00
30.33
30.33
95.37
95.37
73.72
73.72
1330.64
1330.64
61.90
61.90
886.50
886.50
110.12
110.12
6475.81
6475.81
6969.08
6969.08
6969.08
6278.67
5114.56
5114.56
53.46
53.46
53.46
2470.22
5095.21
5095.21
5095.21
2661.46
2661.46
9108.51
84.12
84.12
84.12
909.70
909.70
10.00
1669.91
1669.91
1669.91
14.89
14.89
6171.99
6171.99
54.11
54.11
264.62
264.62
845.78
845.78
302.78
302.78
521.08
521.08
49.28
49.28
6569.14
6569.14
77.29
77.29
42.07
42.07
783.62
783.62
16.06
16.06
179.58
179.58
118.08
118.08
904.90
904.90
872.57
872.57
2309.55
2309.55
3789.94
3789.94
13.61
13.61
2412.74
2412.74
17.10
17.10
2541.01
2541.01
4965.72
4965.72
5691.68
5691.68
6528.31
6528.31
843.25
843.25
31.17
31.17
807.49
807.49
2131.51
2131.51
31.32
31.32
55.38
55.38
40.09
40.09
893.99
893.99
6628.19
6628.19
1174.65
1174.65
2677.61
2677.61
19.85
19.85
108.49
108.49
918.37
918.37
5027.33
5027.33
12.39
12.39
10.76
10.76
3433.30
3433.30
15.04
15.04
4126.36
4126.36
65.82
65.82
363.01
363.01
294.98
294.98
3058.02
3058.02
828.90
828.90
7358.38
7358.38
4696.40
4696.40
2555.72
2555.72
296.03
296.03
3156.31
3156.31
241.22
241.22
903.12
903.12
2280.82
2280.82
1572.74
1572.74
10.00
10.00
10.00
10.00
2930.27
2930.27
6670.15
6670.15
840.21
840.21
22.18
22.18
125.49
125.49
14.85
14.85
148.42
148.42
15.00
15.00
19.17
19.17
624.71
624.71
25.60
25.60
1640.89
1640.89
1056.89
1056.89
7053.38
7053.38
7219.83
7219.83
4800.02
4800.02
825.06
825.06
1570.84
1570.84
3212.19
3212.19
4938.22
4938.22
337.40
337.40
16.36
16.36
2096.57
2096.57
84.02
84.02
858.00
858.00
2834.21
2834.21
3554.27
3554.27
692.30
692.30
5127.58
5127.58
1563.13
1563.13
118.01
118.01
2744.12
2744.12
84.07
84.07
4768.95
4768.95
1859.35
1859.35
215.34
215.34
7702.24
7702.24
95.25
95.25
934.17
934.17
147.89
147.89
226.65
226.65
15.66
15.66
774.19
774.19
3121.12
3121.12
2794.80
2794.80
437.23
437.23
9254.68
9254.68
184.41
184.41
893.18
893.18
190.81
190.81
835.81
835.81
4155.62
4155.62
4732.14
4732.14
3452.15
3452.15
147.59
147.59
877.26
877.26
12.58
12.58
1029.31
1029.31
3817.95
3817.95
4727.38
4727.38
2871.27
2871.27
94.55
94.55
875.46
875.46
10.00
10.00
1805.91
1805.91
364.84
364.84
3375.50
3375.50
2708.68
2708.68
5195.97
5195.97
2778.54
2778.54
10.86
10.86
51.84
51.84
77.02
77.02
12.93
12.93
804.60
804.60
31.41
31.41
157.18
157.18
4558.51
4558.51
928.61
928.61
15.93
15.93
2696.86
2696.86
807.48
807.48
1659.90
1659.90
319.00
319.00
175.19
175.19
5108.91
5108.91
831.72
831.72
300.98
300.98
5026.70
5026.70
5279.31
5279.31
17.36
17.36
2075.71
2075.71
72.21
72.21
645.16
645.16
17.48
17.48
94.11
94.11
31.81
31.81
31.61
31.61
708.87
708.87
708.87
18.61
17.06
17.06
52.58
52.58
2672.42
2672.42
130.81
130.81
41.69
41.69
850.77
850.77
11.15
11.15
11.87
11.87
70.97
70.97
339.67
339.67
776.30
776.30
948.72
948.72
1880.30
1880.30
4372.99
4372.99
47.70
47.70
878.90
878.90
67.43
67.43
1066.48
1066.48
276.09
276.09
583.07
583.07
34.60
34.60
3442.13
3442.13
1329.92
1329.92
1125.95
1125.95
10.00
10.00
45.62
45.62
5712.44
5712.44
877.72
877.72
11.12
11.12
757.21
757.21
121.66
121.66
77.46
77.46
4855.89
4855.89
40.92
40.92
1474.21
1474.21
97.08
97.08
293.44
293.44
3101.53
3101.53
99.14
99.14
779.83
779.83
33.98
33.98
42.53
42.53
101.43
101.43
42.02
42.02
2405.46
2405.46
2861.43
2861.43
537.52
537.52
1819.88
1819.88
2039.91
2039.91
5511.22
5511.22
5569.96
5569.96
6091.42
6091.42
5349.82
