# 1Hz Kbps trace generated by import_real_world_traces.py
1078.10
1039.64
1039.64
82.46
82.46
634.90
634.90
2535.84
2535.84
3238.17
3238.17
52.21
52.21
19.45
19.45
3083.17
3083.17
3016.80
3016.80
103.80
103.80
3342.51
3342.51
3311.32
3311.32
2707.99
2707.99
3272.27
3272.27
130.38
130.38
12.35
12.35
488.86
488.86
955.75
955.75
1341.13
1341.13
3340.59
3340.59
741.52
741.52
3184.05
3184.05
2261.65
2261.65
11.92
11.92
2085.33
2085.33
2085.33
2533.24
2533.24
3223.55
3223.55
2823.30
2823.30
2817.28
2817.28
140.89
140.89
3190.49
3190.49
2141.65
516.20
516.20
22.20
22.20
22.20
3401.78
3401.78
2824.46
2824.46
3142.30
3142.30
3134.60
3134.60
161.91
161.91
1629.76
1629.76
3154.51
3154.51
3276.79
3276.79
3025.88
3025.88
3250.48
3250.48
772.23
772.23
3083.33
3083.33
3083.33
3083.33
3175.62
3175.62
97.20
97.20
3288.18
3288.18
3022.22
3022.22
3164.66
3164.66
3324.18
3324.18
2577.79
2577.79
3411.62
3411.62
24.10
24.10
3235.60
3235.60
2982.32
743.15
743.15
1674.75
1674.75
3099.57
3099.57
3323.64
3323.64
3073.35
3073.35
2939.03
2939.03
3146.98
3146.98
3209.51
3209.51
801.67
801.67
1396.16
1396.16
3192.75
3192.75
3183.94
3183.94
3041.02
3041.02
3158.41
3158.41
1292.27
1292.27
800.12
800.12
2992.46
2992.46
3170.47
3170.47
1890.57
1890.57
3170.25
3170.25
3088.87
3088.87
3088.87
3023.08
3023.08
2169.49
2169.49
10.73
10.73
2926.26
2926.26
2798.56
2798.56
3112.37
3112.37
55.53
55.53
3485.61
3485.61
13.25
3351.82
3351.82
3351.82
1148.09
1148.09
12.70
12.70
3179.99
3179.99
2013.73
2013.73
1175.02
1175.02
3262.13
3262.13
1416.25
1416.25
1655.40
1655.40
3085.05
2008.08
2008.08
2008.08
1907.17
1907.17
3208.70
3208.70
3293.48
3201.04
3201.04
3201.04
3365.62
2608.55
2608.55
2608.55
3371.88
3375.94
3375.94
3375.94
1674.88
1674.88
3245.65
3245.65
2589.18
3322.17
3322.17
3104.32
3104.32
3412.81
3412.81
2144.26
2144.26
3101.02
3101.02
3309.35
3309.35
742.39
742.39
3335.63
3335.63
1403.76
1403.76
790.91
790.91
1185.56
1185.56
2539.87
2539.87
2816.38
2816.38
3204.06
3204.06
509.69
509.69
34.03
34.03
34.03
148.37
148.37
129.57
129.57
13.41
13.41
2595.24
2595.24
3053.12
3053.12
3120.70
3120.70
3130.93
3130.93
3376.51
3376.51
3193.67
3193.67
2974.97
2974.97
2954.47
2954.47
517.59
517.59
16.46
16.46
1796.06
1796.06
1544.83
1544.83
2167.31
2167.31
16.48
16.48
181.85
181.85
82.44
82.44
489.59
489.59
74.02
74.02
249.97
249.97
39.53
39.53
2418.24
2418.24
73.93
1020.46
1020.46
1020.46
364.06
364.06
1505.95
1505.95
3374.93
3374.93
566.32
566.32
3123.36
3123.36
3203.70
3203.70
2250.29
2250.29
164.96
164.96
3275.61
3275.61
3200.42
3200.42
3350.92
3350.92
55.36
55.36
3314.75
1142.06
1142.06
1142.06
1221.15
1221.15
3205.76
3205.76
3146.66
3146.66
3119.59
3119.59
3752.54
3752.54
3206.07
3206.07
3187.96
3187.96
3146.50
3241.45
3241.45
3210.34
3210.34
3349.21
3349.21
3130.75
3130.75
23.48
23.48
62.39
62.39
3261.94
3261.94
10.00
10.00
10.00
10.00
867.66
867.66
2594.51
2594.51
26.97
26.97
26.97
1541.95
1541.95
977.45
977.45
3262.37
3262.37
2639.23
2639.23
85.85
85.85
3262.57
3262.57
3070.53
3070.53
55.36
55.36
24.73
24.73
741.94
741.94
939.64
939.64
2468.31
2468.31
29.64
19.62
19.62
19.62
10.00
10.00
2828.82
3368.58
3368.58
34.67
34.67
34.67
3097.59
1597.20
1597.20
1597.20
845.05
845.05
111.38
2396.36
2396.36
2396.36
3265.39
3265.39
2159.93
185.30
185.30
185.30
453.39
2675.75
2675.75
1672.26
1672.26
1672.26
1043.69
1043.69
3109.57
3109.57
3109.57
3109.57
3109.57
3109.57
3194.17
3309.16
3309.16
3309.16
3061.62
3061.62
26.97
26.97
1911.45
1911.45
425.69
425.69
2595.87
2595.87
1795.96
1795.96
697.91
697.91
233.86
179.42
179.42
179.42
10.93
10.93
2045.62
2045.62
1908.86
1908.86
1632.02
1632.02
3094.16
3094.16
1091.77
24.74
24.74
24.74
1430.75
1430.75
2291.02
3195.72
3195.72
3195.72
3314.51
3314.51
3262.16
3262.16
2821.63
2821.63
3135.77
3135.77
53.91
53.91
77.08
77.08
3245.91
3245.91
3392.67
3392.67
1179.76
1179.76
471.66
471.66
44.38
44.38
2480.49
2480.49
2738.87
2738.87
51.66
51.66
3115.98
3115.98
1858.96
1858.96
1259.56
1259.56
44.44
44.44
284.19
284.19
284.19
873.77
873.77
1698.66
3254.23
3254.23
54.01
54.01
3410.70
3410.70
3308.59
638.03
638.03
638.03
479.51
479.51
1517.35
1517.35
3416.00
3416.00
741.03
741.03
2500.81
2500.81
2998.79
2998.79
2998.79
3219.89
12.37
12.37
2708.51
2708.51
2708.51
1941.52
550.70
550.70
550.70
1447.17
1447.17
2660.82
74.16
74.16
2772.86
2772.86
3467.61
3467.61
2415.30
2415.30
2510.28
2510.28
815.01
815.01
2661.44
2661.44
3408.65
3408.65
59.33
59.33
2789.40
2789.40
1955.48
1955.48
3047.33
3047.33
3171.39
3171.39
3222.33
3222.33
412.77
412.77
10.00
10.00
91.84
91.84
3199.95
3199.95
10.00
10.00
131.98
131.98
435.73
435.73
686.37
686.37
595.16
595.16
2590.95
2590.95
1763.45
1763.45
37.08
37.08
66.60
66.60
66.60
112.33
112.33
1767.58
2225.71
2225.71
1315.78
1315.78
34.22
34.22
1512.13
1512.13
90.82
90.82
12.35
12.35
407.96
407.96
28.94
28.94
432.09
432.09
3372.48
3372.48
13.91
13.91
1530.65
1530.65
36.45
36.45
40.09
40.09
415.69
415.69
1065.66
1065.66
19.74
19.74
213.01
213.01
3159.50
3159.50
3265.06
3265.06
19.94
19.94
3071.89
3071.89
2875.09
2875.09
3066.61
3066.61
224.57
224.57
224.57
296.63
1437.35
1437.35
1437.35
350.96
87.86
87.86
87.86
247.83
2128.24
2128.24
2128.24
2442.88
2442.88
558.91
558.91
906.68
906.68
3206.31
3206.31
2020.23
2020.23
351.34
351.34
861.97
1631.50
1631.50
3354.73
3354.73
2847.97
2847.97
3211.49
3211.49
3421.19
3421.19
2228.53
2228.53
3028.57
3028.57
3227.13
3227.13
3227.13
3227.13
3153.84
3153.84
13.98
13.98
2090.85
2090.85
3025.15
3025.15
3294.40
3294.40
3144.04
3144.04
3302.89
3302.89
3298.50
3298.50
3004.23
3004.23
2997.67
2997.67
2997.67
2997.67
2997.67
2997.67
2997.67
2997.67
3160.17
3160.17
1217.84
1217.84
680.84
680.84
695.11
695.11
861.51
861.51
3070.90
3070.90
3357.89
3357.89
3357.89
3357.89
3357.89
3357.89
3357.89
3357.89
3381.96
3381.96
3381.96
3381.96
2498.07
2498.07
2255.90
2255.90
3002.38
3002.38
397.23
397.23
13.49
13.49
3213.31
3213.31
1999.62
1999.62
800.69
800.69
2717.89
2717.89
2717.89
2717.89
2949.76
2949.76
2798.79
2798.79
10.00
10.00
10.00
2660.73
2660.73
542.97
542.97
2609.62
2609.62
3034.04
3034.04
2932.75
2932.75
25.72
25.72
625.65
625.65
3230.31
680.61
680.61
680.61
457.89
457.89
1978.95
1978.95
169.29
169.29
169.29
370.95
370.95
370.95
46.20
46.20
2816.28
2231.26
2231.26
174.40
174.40
2865.54
2865.54
2479.29
2479.29
2828.06
2828.06
3047.20
3047.20
2601.66
2601.66
18.54
18.54
3349.60
3349.60
3289.81
3289.81
2650.05
2650.05
3194.16
3194.16
3258.38
3258.38
882.18
882.18
757.56
757.56
1147.17
1147.17
2451.52
2451.52
1073.19
1073.19
3232.13
3232.13
10.00
10.00
2030.44
2030.44
3096.89
3096.89
3337.06
3337.06
3317.68
3317.68
3147.10
3147.10
2050.81
2050.81
3419.90
3419.90
1777.35
1777.35
3416.04
3416.04
1821.39
1821.39
1080.76
1080.76
3366.32
3366.32
3033.29
3033.29
1675.79
1675.79
3431.52
3431.52
3320.71
3320.71
1947.13
1947.13
98.71
98.71
3331.38
3331.38
130.34
130.34
3267.24
3267.24
3267.24
12.15
12.15
2351.43
2351.43
92.74
92.74
3340.75
3340.75
686.89
686.89
668.23
668.23
3348.96
3348.96
28.58
28.58
3135.86
3135.86
2834.43
2834.43
3155.88
3155.88
1913.35
1913.35
2660.62
2660.62
2964.84
2964.84
2084.90
2084.90
3125.47
3125.47
78.29
78.29
2721.33
3347.33
3347.33
3347.33
24.21
1935.31
1935.31
1935.31
2359.65
364.28
364.28
3438.41
3438.41
3156.07
3156.07
3442.56
3442.56
3115.80
3115.80
3055.82
3055.82
14.57
14.57
2234.99
2234.99
2767.52
2767.52
3085.11
3085.11
3246.63
3246.63
2098.20
2098.20
2207.74
2207.74
2708.24
2708.24
801.85
801.85
528.80
528.80
3017.31
3017.31
1799.58
1799.58
25.61
25.61
3208.00
3208.00
2907.48
2907.48
49.43
49.43
816.11
816.11
3320.30
3320.30
2537.48
2537.48
2654.00
2654.00
129.77
129.77
185.27
185.27
555.92
555.92
40.17
40.17
61.03
61.03
129.56
129.56
65.89
65.89
181.01
181.01
491.86
491.86
1214.22
1214.22
1214.22
1461.79
1461.79
16.49
16.49
3314.65
3314.65
466.10
466.10
2617.10
2617.10
35.96
242.51
242.51
89.11
