# 1Hz Kbps trace generated by import_real_world_traces.py
1016.17
1363.03
1363.03
21.88
21.88
3020.78
3020.78
2842.57
2842.57
355.04
355.04
47.36
47.36
4373.27
4373.27
622.14
622.14
622.14
136.35
136.35
4014.79
4014.79
504.89
504.89
1012.45
1012.45
1012.45
1339.71
1339.71
575.60
575.60
575.60
3452.30
3452.30
1088.66
1088.66
1088.66
995.60
995.60
2604.10
2604.10
2772.71
2772.71
3377.56
3377.56
3377.56
71.97
71.97
2537.00
2537.00
2537.00
1863.14
1863.14
2073.21
2073.21
2073.21
256.80
256.80
64.99
64.99
574.03
574.03
1621.20
1621.20
1621.20
278.87
278.87
2678.93
2678.93
2678.93
1070.64
1070.64
524.34
524.34
524.34
3115.78
3115.78
863.87
863.87
809.73
809.73
2348.01
2348.01
2348.01
4094.64
4094.64
20.72
20.72
20.72
4213.41
4213.41
3671.87
3671.87
3671.87
642.09
642.09
3602.26
3602.26
183.21
183.21
77.89
77.89
77.89
381.60
381.60
3630.48
3630.48
3630.48
2861.51
2861.51
24.23
24.23
24.23
706.49
706.49
400.28
400.28
400.28
583.46
583.46
12.69
12.69
10.00
10.00
1003.78
1003.78
1003.78
397.99
397.99
901.17
901.17
901.17
1457.16
1457.16
29.16
29.16
1197.35
1197.35
685.82
