# 1Hz Kbps trace generated by import_real_world_traces.py
516.85
809.33
1649.33
3774.74
3774.74
171.44
171.44
2062.37
2062.37
2303.21
2303.21
2303.21
50.34
50.34
49.19
49.19
369.91
369.91
2080.23
2080.23
3201.01
3201.01
80.11
80.11
1880.36
1880.36
181.91
181.91
86.53
86.53
362.93
362.93
927.33
927.33
1388.83
1388.83
34.88
34.88
2329.92
2329.92
2121.16
2121.16
432.26
432.26
14.81
14.81
5272.05
5272.05
3628.64
3628.64
54.16
54.16
2201.61
2201.61
182.48
182.48
23.91
23.91
3548.19
3548.19
4179.01
4179.01
1756.20
1756.20
932.58
932.58
680.02
680.02
81.41
81.41
2856.66
2856.66
600.86
600.86
967.87
967.87
948.08
948.08
3630.19
3630.19
2554.00
2554.00
3339.71
3339.71
3846.78
3846.78
3035.07
3035.07
2546.65
2546.65
817.74
817.74
4473.31
4473.31
4350.72
4350.72
45.74
45.74
115.04
115.04
10.00
10.00
18.54
18.54
81.33
81.33
10.00
10.00
2543.85
2543.85
2543.85
2543.85
3681.80
3681.80
2827.80
2827.80
294.78
294.78
2181.66
2181.66
5183.22
5183.22
75.63
75.63
454.92
454.92
3176.59
3176.59
5222.22
5222.22
4256.17
4256.17
4056.41
4056.41
3821.92
3821.92
584.30
584.30
4475.25
4475.25
5188.61
5188.61
2697.88
2697.88
135.72
135.72
495.32
495.32
2736.95
2736.95
4702.84
4702.84
12.66
12.66
279.12
279.12
61.61
61.61
1238.26
1238.26
19.76
19.76
731.94
731.94
3125.49
3125.49
2370.67
2370.67
607.21
607.21
2887.59
2887.59
3189.57
3189.57
957.44
957.44
112.28
112.28
1420.68
1420.68
10.00
10.00
3908.39
3908.39
798.93
798.93
979.60
979.60
1303.85
1303.85
3400.42
3400.42
792.14
792.14
4060.85
4060.85
3582.93
3582.93
3582.93
3582.93
3582.93
3582.93
2065.53
2065.53
2647.46
2647.46
2647.46
2647.46
14.27
14.27
628.09
628.09
792.71
792.71
3739.03
3739.03
3739.03
3739.03
3739.03
3739.03
3739.03
3739.03
3349.36
3349.36
2970.97
2970.97
3014.07
3014.07
71.36
71.36
1691.14
1691.14
2518.31
2518.31
2188.46
2188.46
2979.37
2979.37
3712.88
3712.88
10.60
10.60
62.21
62.21
3447.27
3447.27
2925.48
2925.48
3467.57
3467.57
3292.87
3292.87
2920.66
2920.66
3897.09
3897.09
1641.34
1641.34
4265.56
4265.56
3956.16
3956.16
334.99
334.99
3046.95
3046.95
1120.38
1120.38
4552.84
4552.84
2944.78
2944.78
18.11
18.11
3179.66
3179.66
2825.47
2825.47
2239.06
2239.06
2350.08
2350.08
2158.22
2158.22
19.84
19.84
4737.67
4737.67
3735.41
3735.41
4517.50
4517.50
631.14
631.14
2034.28
2034.28
3000.69
3000.69
2337.95
2337.95
1228.47
1228.47
49.64
49.64
489.98
489.98
4865.63
4865.63
2457.48
2457.48
2457.48
2457.48
3355.64
3355.64
3355.64
3355.64
3355.64
3355.64
3355.64
3355.64
3355.64
3355.64
3355.64
3355.64
3355.64
3355.64
3355.64
3355.64
3355.64
3355.64
3355.64
3355.64
3355.64
3355.64
3355.64
3355.64
3355.64
3355.64
3355.64
3355.64
3355.64
3355.64
3355.64
3355.64
3355.64
3355.64
3355.64
3355.64
3355.64
3355.64
3355.64
3355.64
3355.64
3355.64
3355.64
3355.64
3355.64
3355.64
3355.64
3355.64
3355.64
3355.64
3355.64
3355.64
3355.64
3355.64
3355.64
3355.64
3355.64
3355.64
3355.64
3355.64
4303.88
