# 1Hz Kbps trace generated by import_real_world_traces.py
2521.55
58.50
58.50
10.00
10.00
26.59
10.39
36.84
273.60
153.21
153.21
2353.49
2353.49
587.34
587.34
2394.71
2394.71
12.45
12.45
15.63
15.63
27.60
27.60
10.00
10.00
3253.43
3253.43
2322.90
2322.90
71.68
71.68
10.00
10.00
1349.22
1349.22
73.93
830.45
830.45
830.45
3388.71
3388.71
83.86
83.86
730.08
730.08
510.86
510.86
617.92
617.92
2491.98
2491.98
365.32
365.32
113.81
113.81
55.65
55.65
38.09
38.09
10.00
10.00
4645.81
4645.81
4645.81
4645.81
29.75
29.75
4446.87
4446.87
4804.40
4804.40
4804.40
4804.40
14.91
14.91
2397.11
2397.11
21.39
21.39
1680.60
1680.60
31.12
31.12
10.00
10.00
407.91
407.91
17.32
17.32
189.04
189.04
10.00
10.00
224.90
224.90
27.50
27.50
144.04
144.04
54.41
54.41
108.04
108.04
252.79
252.79
26.72
26.72
228.19
228.19
615.81
615.81
85.32
85.32
10.00
10.00
723.97
723.97
144.30
144.30
620.73
620.73
3926.21
3926.21
2656.36
2656.36
4318.07
4318.07
4054.61
4054.61
39.49
39.49
31.38
31.38
616.79
616.79
26.03
26.03
259.27
259.27
613.81
613.81
29.81
29.81
662.52
662.52
43.26
43.26
1128.04
1128.04
1995.28
1995.28
40.94
40.94
28.25
28.25
10.00
10.00
661.29
661.29
26.40
26.40
118.37
118.37
11.69
11.69
15.88
15.88
1213.19
1213.19
1536.91
1536.91
16.03
16.03
10.59
10.59
76.31
76.31
22.27
22.27
63.53
63.53
10.00
10.00
236.56
236.56
19.51
19.51
938.91
938.91
10.00
10.00
578.19
578.19
3237.71
3237.71
3479.95
3479.95
11.57
11.57
3549.20
3549.20
3649.20
3649.20
153.28
153.28
615.57
615.57
2549.31
2549.31
2549.31
2549.31
14.19
14.19
1677.48
1677.48
1677.48
1677.48
1905.46
1905.46
49.70
49.70
35.44
35.44
4653.10
4653.10
773.49
773.49
748.43
748.43
5436.89
5436.89
5346.94
5346.94
56.42
56.42
744.58
744.58
10.00
10.00
6580.61
6580.61
6580.61
6580.61
6580.61
6580.61
6580.61
6580.61
6580.61
6580.61
613.57
613.57
14.51
14.51
14.51
14.51
246.56
246.56
246.56
299.51
10.00
821.88
713.35
713.35
979.91
979.91
1079.16
1079.16
1400.13
1400.13
1372.44
1372.44
288.24
288.24
570.63
570.63
1839.84
1839.84
2402.69
2402.69
2275.50
2275.50
2697.09
2697.09
10.00
10.00
37.52
37.52
608.82
608.82
2404.91
2404.91
22.51
22.51
2990.54
2990.54
48.55
48.55
579.64
579.64
49.55
49.55
630.44
630.44
88.97
88.97
41.32
41.32
12.04
12.04
21.11
21.11
3368.56
3368.56
24.17
24.17
3079.36
3079.36
34.52
34.52
4099.09
4099.09
4152.06
4152.06
3388.85
3388.85
4659.68
4659.68
4659.68
4659.68
3748.13
3748.13
4437.91
4437.91
3883.49
3883.49
4302.97
4302.97
4302.97
4302.97
4302.97
4302.97
24.37
24.37
5000.34
5000.34
5000.34
5000.34
4952.96
4952.96
4438.76
4438.76
4435.72
4435.72
4435.72
4435.72
3411.99
3411.99
3411.99
3411.99
3411.99
3411.99
3411.99
3411.99
3411.99
3411.99
5025.64
5025.64
4088.22
4088.22
4088.22
4088.22
3130.43
3130.43
656.75
656.75
4297.42
4297.42
14.29
14.29
4391.52
4391.52
4159.59
4159.59
4159.59
4159.59
4677.97
4677.97
4711.07
4711.07
4711.07
4711.07
5012.35
5012.35
6033.39
6033.39
6033.39
6033.39
1311.46
1311.46
2975.08
2975.08
393.68
393.68
3629.99
3629.99
6186.37
6186.37
1332.55
1332.55
193.93
193.93
3559.21
3559.21
1548.60
1548.60
5079.65
5079.65
610.97
610.97
1175.11
1175.11
3195.12
3195.12
3195.12
3195.12
3195.12
3195.12
3195.12
3195.12
3195.12
3195.12
3195.12
3195.12
10.00
10.00
10.00
10.00
10.00
292.73
515.42
660.45
593.88
593.88
813.07
813.07
10.00
10.00
17.25
17.25
1163.31
1163.31
14.48
14.48
14.87
14.87
2036.46
2036.46
24.37
24.37
1344.86
1344.86
1598.59
1598.59
12.47
12.47
45.88
45.88
16.84
16.84
663.76
663.76
17.17
17.17
2785.07
2785.07
22.78
22.78
4820.64
4820.64
49.95
49.95
10.00
10.00
2584.52
2584.52
97.22
97.22
10.30
10.30
393.54
393.54
2760.07
2760.07
713.72
713.72
3197.09
3197.09
3197.09
3197.09
51.16
51.16
32.36
32.36
88.06
88.06
88.06
10.00
657.59
657.59
24.31
24.31
948.87
948.87
10.00
10.00
1412.22
1412.22
1991.04
1991.04
65.14
65.14
17.82
17.82
778.84
778.84
10.00
10.00
590.10
590.10
917.61
917.61
615.89
615.89
66.94
66.94
12.05
12.05
1367.41
1367.41
3744.01
3744.01
637.79
637.79
18.20
18.20
3508.45
3508.45
52.63
52.63
67.16
67.16
10.00
10.00
32.28
32.28
18.27
18.27
68.03
68.03
132.11
132.11
1650.26
1650.26
2449.44
2449.44
2638.60
2638.60
2692.16
2692.16
5998.72
5998.72
5296.67
5296.67
5296.67
5296.67
5296.67
5296.67
5296.67
5296.67
5296.67
5296.67
7667.36
7667.36
8606.93
8606.93
7115.85
7115.85
8412.66
8412.66
8412.66
8412.66
75.44
75.44
119.26
119.26
95.32
95.32
252.61
252.61
6744.79
6744.79
39.48
39.48
611.63
611.63
4366.24
4366.24
15.48
15.48
4841.51
4841.51
9488.04
9488.04
658.62
658.62
10.00
10.00
53.81
53.81
1578.32
1578.32
4970.73
4970.73
11301.23
11301.23
11277.05
11277.05
608.16
608.16
4199.13
4199.13
4199.13
4199.13
28.55
28.55
9136.20
9136.20
547.69
547.69
3982.10
3982.10
3982.10
3982.10
3982.10
3982.10
4165.85
4165.85
4165.85
4165.85
4572.90
4572.90
4572.90
4572.90
13.70
13.70
168.03
168.03
1235.69
1235.69
715.98
715.98
1560.67
1560.67
1651.80
1651.80
1370.09
1370.09
1593.05
1593.05
1362.42
1362.42
987.31
987.31
1710.53
1710.53
19.15
19.15
1784.53
1784.53
528.02
528.02
31.27
31.27
1976.33
1976.33
11.12
11.12
2074.88
2074.88
1432.82
1432.82
153.39
153.39
108.31
108.31
572.05
572.05
19.67
19.67
558.35
558.35
3354.16
3354.16
4113.55
4113.55
3607.36
3607.36
27.62
27.62
98.28
98.28
215.87
215.87
45.41
45.41
3192.24
3192.24
72.66
72.66
19.06
19.06
4657.97
4657.97
20.59
20.59
74.57
74.57
40.71
