# 1Hz Kbps trace generated by import_real_world_traces.py
808.81
316.22
316.22
163.77
402.81
402.81
241.30
241.30
241.30
241.30
108.86
108.86
377.61
546.60
546.60
520.97
520.97
204.20
204.20
690.30
690.30
355.21
355.21
932.48
932.48
932.48
932.48
588.33
588.33
247.03
247.03
247.03
347.25
723.99
723.99
1133.69
1024.28
1818.78
1818.78
2531.28
2531.28
521.62
521.62
36.09
36.09
36.09
36.09
36.09
36.09
36.09
251.85
251.85
536.49
684.43
826.63
487.42
540.09
1538.32
1538.32
138.07
138.07
583.42
583.42
778.34
778.34
3025.60
3025.60
3025.60
10.00
41.62
41.62
390.52
390.52
99.88
99.88
5810.95
5810.95
5810.95
5810.95
547.33
547.33
547.33
515.10
681.49
681.49
1138.54
97.13
1214.99
1214.99
1283.20
1283.20
2277.35
2277.35
14.91
14.91
14.91
14.91
14.91
14.91
16.31
826.88
826.88
193.20
193.20
461.75
532.40
532.40
532.40
23.18
23.18
135.20
135.20
587.51
587.51
204.34
204.34
657.10
362.89
362.89
362.89
362.89
264.50
264.50
51.44
51.44
55.17
55.17
55.17
226.13
345.80
338.27
612.42
612.42
777.91
777.91
184.37
184.37
500.52
500.52
496.40
496.40
490.43
490.43
1228.06
1228.06
1228.06
1228.06
1804.39
409.56
409.56
857.04
124.00
124.00
1468.20
1468.20
1606.67
1606.67
1695.15
1695.15
483.18
483.18
3190.94
3190.94
3190.94
502.48
502.48
173.14
173.14
269.59
42.41
42.41
306.93
306.93
685.18
685.18
1067.19
1067.19
1420.11
1420.11
1643.01
1643.01
3078.69
3078.69
56.19
56.19
2641.93
2641.93
1155.01
1155.01
999.20
999.20
3947.87
3947.87
6253.88
6253.88
6081.27
6081.27
5960.82
5960.82
5444.69
5444.69
4897.80
4897.80
3278.60
3278.60
6310.21
6310.21
8031.44
8031.44
4079.26
4079.26
4953.62
4953.62
3953.04
3953.04
2860.65
2860.65
6771.71
6771.71
6771.71
6771.71
1464.99
1464.99
1903.86
1903.86
2673.54
2673.54
2979.29
2979.29
5516.90
5516.90
5813.81
5813.81
4185.09
4185.09
2321.93
2321.93
6963.33
6963.33
8227.56
8227.56
8243.24
8243.24
8243.24
8243.24
7606.49
7606.49
4806.09
4806.09
7346.84
7346.84
7182.00
7182.00
7182.00
7182.00
3432.47
3432.47
2353.78
2353.78
6423.05
6423.05
7489.08
7489.08
2801.39
2801.39
6933.02
6933.02
6862.98
6862.98
4170.81
4170.81
1893.12
1893.12
3491.46
3491.46
7430.48
7430.48
4022.92
4022.92
2575.58
2575.58
997.48
997.48
7483.72
7483.72
995.39
995.39
1466.66
1466.66
516.97
516.97
903.79
903.79
739.16
739.16
10.00
10.00
503.87
503.87
503.87
1027.08
907.47
907.47
243.97
243.97
243.97
706.95
1256.49
1256.49
187.52
187.52
187.52
413.28
413.28
1168.37
370.65
370.65
2556.51
2556.51
2960.10
2960.10
2960.10
1418.62
1418.62
248.81
390.65
390.65
390.65
1653.43
1653.43
327.23
327.23
358.98
626.52
626.52
751.33
751.33
1316.11
1316.11
1115.49
1115.49
3331.23
3331.23
1774.75
1774.75
6339.62
