# 1Hz Kbps trace generated by import_real_world_traces.py
3735.01
5239.43
5239.43
3602.66
3602.66
3253.60
3253.60
1937.39
1937.39
3073.32
3073.32
1651.42
1651.42
4581.62
4581.62
4835.17
4835.17
4473.18
4473.18
30.52
30.52
4634.67
4634.67
4323.27
4323.27
4902.95
4902.95
4687.58
4687.58
3205.91
3205.91
112.18
112.18
5373.33
5373.33
5826.62
5826.62
505.99
505.99
4154.61
4154.61
1658.06
1658.06
4443.82
4443.82
4236.50
4236.50
4724.26
4724.26
3858.93
3858.93
3525.08
3525.08
2830.05
2830.05
3891.95
3891.95
1191.75
1191.75
1636.91
1636.91
5319.47
5319.47
1513.84
1513.84
3991.23
3991.23
4753.87
4753.87
313.65
313.65
2295.99
2295.99
4159.62
4159.62
147.58
147.58
1156.01
1156.01
3872.32
3872.32
5068.13
5068.13
4842.58
4842.58
5069.74
5069.74
4628.52
4628.52
4346.15
4346.15
1479.47
1479.47
4722.01
4722.01
1976.76
1976.76
1505.06
1505.06
1021.40
1021.40
3157.03
3157.03
3699.89
3699.89
4639.10
4639.10
4313.57
4313.57
2571.56
2571.56
2513.09
2513.09
3307.32
3307.32
2576.07
2576.07
4904.68
4904.68
4280.36
4280.36
912.75
912.75
1699.13
1699.13
4744.75
4744.75
4597.24
4597.24
2651.80
2651.80
1655.89
1655.89
523.60
523.60
5132.64
5132.64
5152.08
5152.08
3911.65
3911.65
3950.26
3950.26
3421.77
3421.77
4930.07
4930.07
3980.36
3980.36
4546.19
4546.19
5052.27
5052.27
4996.38
4996.38
4879.32
4879.32
4582.56
4582.56
3797.60
3797.60
2572.27
2572.27
3699.95
3699.95
2199.30
2199.30
28.65
28.65
4119.05
4119.05
4811.16
4811.16
3878.09
3878.09
3439.84
3439.84
4669.19
4669.19
4058.11
4058.11
4446.53
4446.53
5142.34
5142.34
5144.26
5144.26
3538.61
3538.61
4227.94
4227.94
1174.31
1174.31
2972.49
2972.49
4604.54
4604.54
3361.96
3361.96
4094.13
4094.13
3729.17
3729.17
4234.53
4234.53
4084.51
4084.51
3549.76
3549.76
3458.21
3458.21
2829.21
2829.21
4231.04
4231.04
4249.69
4249.69
2258.73
2258.73
3878.92
3878.92
2351.76
2351.76
2278.23
2278.23
100.35
100.35
1457.21
1457.21
51.59
51.59
55.34
55.34
2304.07
2304.07
67.48
67.48
4148.73
4148.73
3087.64
3087.64
400.60
400.60
25.88
25.88
383.54
383.54
80.11
80.11
1381.02
1381.02
1634.23
1634.23
2750.67
2750.67
3535.93
3535.93
91.00
91.00
3253.12
3253.12
224.53
224.53
2784.34
2784.34
1382.98
1382.98
1476.46
1476.46
2288.15
2288.15
2101.68
2101.68
1896.41
1896.41
1022.04
1022.04
55.39
55.39
127.64
127.64
1922.21
1922.21
201.94
201.94
128.10
128.10
10.00
10.00
74.83
74.83
193.71
193.71
414.78
414.78
4248.72
4248.72
1548.00
1548.00
25.00
25.00
2106.99
2106.99
110.26
110.26
1992.52
1992.52
94.85
94.85
64.00
64.00
947.43
947.43
3639.91
3639.91
3731.13
3731.13
4570.83
4570.83
2081.94
2081.94
3781.69
3781.69
1634.93
1634.93
1573.86
1573.86
1783.98
1783.98
1669.40
1669.40
327.92
327.92
1649.26
1649.26
3343.26
3343.26
1857.89
1857.89
3761.36
3761.36
2297.84
2297.84
48.47
48.47
377.03
377.03
1855.40
1855.40
4154.35
4154.35
3060.93
3060.93
2262.04
2262.04
224.61
224.61
476.98
476.98
220.37
220.37
178.80
178.80
141.49
141.49
4128.15
4128.15
2898.03
2898.03
4248.64
4248.64
2403.91
2403.91
110.67
110.67
3864.54
3864.54
323.37
323.37
770.53
770.53
3270.03
3270.03
4459.53
4459.53
95.02
95.02
1912.66
1912.66
181.05
181.05
213.71
213.71
110.92
110.92
1685.79
1685.79
1675.21
1675.21
76.02
76.02
2252.30
2252.30
1096.12
1096.12
3474.99
3474.99
4315.54
4315.54
3929.30
3929.30
1588.57
1588.57
4666.72
4666.72
4007.87
4007.87
3968.75
3968.75
24.61
24.61
84.93
84.93
219.63
219.63
665.04
665.04
4100.15
4100.15
2784.16
2784.16
4084.66
4084.66
2071.44
2071.44
2024.93
2024.93
942.55
942.55
1229.02
1229.02
1536.15
1536.15
3321.55
3321.55
2598.40
2598.40
343.88
343.88
4436.18
4436.18
3812.13
3812.13
1299.38
1299.38
3494.85
3494.85
1522.59
1522.59
5155.45
5155.45
334.28
334.28
4851.49
4851.49
118.98
118.98
1619.36
1619.36
140.16
140.16
1924.95
1924.95
1018.39
1018.39
4478.00
4478.00
107.67
107.67
3293.98
3293.98
3326.43
3326.43
282.20
282.20
5055.11
5055.11
1698.50
1698.50
2313.97
2313.97
2431.29
2431.29
2559.28
2559.28
4378.48
4378.48
4369.58
4369.58
4174.72
4174.72
4499.40
4499.40
57.84
57.84
1656.17
1656.17
1130.99
1130.99
1398.78
1398.78
642.53
642.53
3075.18
3075.18
3754.72
3754.72
5308.52
5308.52
3438.42
3438.42
3510.00
3510.00
3550.61
3550.61
83.58
83.58
4857.44
4857.44
1542.49
1542.49
4784.57
4784.57
2163.65
2163.65
3233.40
3233.40
93.70
93.70
3826.24
3826.24
1766.81
1766.81
4824.25
4824.25
122.85
122.85
1003.67
1003.67
2982.79
2982.79
777.12
777.12
132.36
132.36
842.01
842.01
4278.42
4278.42
762.02
762.02
2006.60
2006.60
2006.60
204.27
204.27
4097.86
4097.86
178.22
178.22
3664.11
3664.11
53.73
53.73
2379.50
2379.50
53.45
53.45
1709.09
1709.09
1252.80
1252.80
26.14
26.14
694.30
694.30
5140.14
5140.14
1961.84
1961.84
3688.27
3688.27
2387.56
2387.56
3397.60
3397.60
2127.06
2127.06
2533.25
2533.25
5430.95
5430.95
5400.04
5400.04
5214.03
5214.03
3338.26
3338.26
3045.04
3045.04
2425.44
2425.44
3091.27
3091.27
4779.48
4779.48
3849.95
3849.95
3836.70
3836.70
4314.74
4314.74
4950.91
4950.91
24.22
24.22
1515.57
1515.57
4784.23
4784.23
5104.11
5104.11
4989.69
4989.69
3071.90
3071.90
3888.70
3888.70
4288.00
4288.00
4033.79
4033.79
4233.02
4233.02
602.55
602.55
1630.16
1630.16
4432.76
4432.76
3071.23
3071.23
3317.10
3317.10
1453.50
1453.50
4931.09
4931.09
4832.74
4832.74
4404.93
4404.93
4347.07
4347.07
3864.98
3864.98
1442.45
1442.45
2035.59
2035.59
3136.87
3136.87
3196.87
3196.87
5318.57
5318.57
1448.19
1448.19
594.72
594.72
4333.98
4333.98
2609.70
2609.70
2986.65
2986.65
4839.86
4839.86
4960.69
4960.69
3497.70
3497.70
1200.40
1200.40
4363.02
4363.02
2500.64
2500.64
2373.37
2373.37
1621.97
1621.97
5362.14
5362.14
4931.08
4931.08
5387.30
5387.30
4622.07
4622.07
3450.60
3450.60
614.89
614.89
4284.66
4284.66
5086.47
5086.47
1952.34
1952.34
2642.15
2642.15
1556.95
1556.95
3289.08
3289.08
3899.57
3899.57
3599.16
3599.16
4693.54
4693.54
74.29
74.29
251.17
251.17
984.77
984.77
4767.15
4767.15
29.71
29.71
5095.82
5095.82
4951.01
4951.01
61.33
61.33
1799.77
1799.77
88.64
88.64
1321.36
1321.36
110.52
110.52
1485.82
1485.82
808.46
808.46
997.62
997.62
187.07
187.07
130.68
130.68
71.81
71.81
2879.82
2879.82
2992.83
2992.83
3018.84
3018.84
3858.52
3858.52
4775.95
4775.95
3468.70
3468.70
5064.19
5064.19
5315.25
5315.25
5209.45
5209.45
3678.48
3678.48
1631.05
1631.05
2340.35
2340.35
4119.51
4119.51
37.21
37.21
4514.53
4514.53
2146.06
2146.06
5167.93
5167.93
3513.91
3513.91
5238.78
5238.78
3830.05
3830.05
4398.73
4398.73
1563.30
1563.30
3087.09
3087.09
900.67
900.67
2424.30
2424.30
54.44
54.44
2296.20
2296.20
2351.68
2351.68
191.69
191.69
1893.17
1893.17
1939.96
1939.96
3675.01
3675.01
4972.95
4972.95
4664.64
4664.64
22.45
22.45
40.37
40.37
3119.69
3119.69
4494.87
4494.87
3458.01
3458.01
3158.24
3158.24
5324.67
5324.67
193.58
193.58
1694.21
1694.21
10.00
10.00
1617.91
1617.91
85.45
85.45
1087.77
1087.77
3954.42
3954.42
1499.68
1499.68
4549.46
4549.46
3308.36
3308.36
3964.12
3964.12
5343.09
5343.09
5490.99
5490.99
4613.34
4613.34
4473.08
4473.08
1561.60
1561.60
1488.05
1488.05
1241.56
1241.56
2749.89
2749.89
4091.51
4091.51
1327.74
1327.74
3513.61
3513.61
3709.31
3709.31
822.05
822.05
3426.08
3426.08
5907.94
5907.94
4992.33
4992.33
4992.33
4992.33
867.90
867.90
95.24
95.24
27.71
27.71
1148.22
1148.22
3505.77
3505.77
4166.91
4166.91
4589.50
4589.50
4589.50
4589.50
4105.53
4105.53
4258.86
4258.86
4968.81
4968.81
4968.81
4968.81
4968.81
4968.81
1605.13
1605.13
369.27
369.27
3083.85
3083.85
860.26
860.26
4792.68
4792.68
2657.42
2657.42
2812.26
2812.26
55.55
55.55
1886.40
1886.40
987.24
987.24
4029.14
4029.14
4283.39
4283.39
5613.59
5613.59
1165.67
1165.67
4271.26
4271.26
4271.26
4271.26
3661.52
3661.52
1704.62
1704.62
5439.55
5439.55
3708.19
3708.19
4015.53
4015.53
3820.13
3820.13
1455.31
1455.31
4875.25
4875.25
4676.16
4676.16
725.98
725.98
3334.48
3334.48
2026.61
2026.61
5407.90
5407.90
5407.90
5407.90
10.00
10.00
2199.60
2199.60
1770.17
1770.17
2824.09
2824.09
2824.09
2824.09
2805.87
2805.87
2810.77
2810.77
1873.75
1873.75
2821.31
2821.31
3955.26
3955.26
142.54
142.54
4184.64
4184.64
4085.95
4085.95
4085.95
4085.95
4765.63
4765.63
1359.39
1359.39
964.81
964.81
4386.71
4386.71
79.80
79.80
3271.51
3271.51
1090.62
1090.62
4176.01
4176.01
5028.13
5028.13
4233.42
4233.42
4383.35
4383.35
1428.18
1428.18
1130.45
1130.45
1813.20
1813.20
4117.90
4117.90
84.56
84.56
5216.47
5216.47
72.73
72.73
4185.50
4185.50
1651.06
1651.06
2431.66
2431.66
749.75
749.75
145.09
145.09
644.75
644.75
3245.49
3245.49
569.25
569.25
1682.76
1682.76
48.65
48.65
2682.52
2682.52
47.80
47.80
10.00
10.00
183.48
183.48
951.97
951.97
1543.74
1543.74
3392.32
3392.32
2113.47
2113.47
4576.74
4576.74
828.32
828.32
344.76
344.76
512.82
512.82
95.31
95.31
1467.41
1467.41
2498.85
2498.85
1722.87
1722.87
543.93
543.93
1706.56
1706.56
3984.16
3984.16
1660.54
1660.54
3194.61
3194.61
266.74
266.74
1605.87
1605.87
358.24
358.24
1625.05
1625.05
4839.32
4839.32
204.59
204.59
3126.32
3126.32
1348.55
1348.55
3258.78
3258.78
2940.58
2940.58
472.69
472.69
4962.70
4962.70
5030.91
5030.91
3515.60
3515.60
2293.91
2293.91
1364.26
1364.26
47.46
47.46
3049.09
3049.09
2791.18
2791.18
2175.57
2175.57
1510.70
1510.70
87.37
87.37
80.50
80.50
24.57
24.57
1675.50
1675.50
1540.95
1540.95
2285.21
2285.21
4934.50
4934.50
378.09
378.09
2408.84
2408.84
2729.82
2729.82
1256.67
1256.67
1618.06
1618.06
4828.99
4828.99
94.87
94.87
1290.31
1290.31
1640.88
1640.88
1115.74
1115.74
483.90
483.90
1513.69
1513.69
642.40
642.40
895.48
895.48
4622.22
4622.22
3948.86
3948.86
1719.18
1719.18
711.83
711.83
1489.53
1489.53
806.84
806.84
3916.12
3916.12
1702.15
1702.15
4696.09
4696.09
4249.56
4249.56
275.88
275.88
4127.33
4127.33
3825.73
3825.73
5212.95
5212.95
5351.97
5351.97
2527.70
2527.70
786.68
786.68
2023.59
2023.59
4370.82
4370.82
3491.15
3491.15
85.44
85.44
1200.74
1200.74
1111.41
1111.41
4979.54
4979.54
3716.38
3716.38
3609.87
3609.87
79.77
79.77
4322.74
4322.74
4690.76
4690.76
4535.80
4535.80
4669.23
4669.23
4679.65
4679.65
3137.07
3137.07
3314.25
3314.25
695.57
695.57
1972.63
1972.63
4603.61
4603.61
4724.91
4724.91
3805.03
3805.03
4009.66
4009.66
4085.65
4085.65
4813.59
4813.59
4332.31
4332.31
1393.16
1393.16
1987.40
1987.40
3516.31
3516.31
4081.39
4081.39
5123.77
5123.77
3639.22
3639.22
686.66
686.66
1587.21
1587.21
2765.61
2765.61
4024.39
4024.39
1518.31
1518.31
4920.47
4920.47
1639.82
1639.82
147.90
147.90
2451.87
2451.87
3911.35
3911.35
4041.65
4041.65
3807.47
3807.47
3703.32
3703.32
5172.07
5172.07
3202.15
3202.15
58.46
58.46
1826.90
1826.90
3395.80
3395.80
3171.51
3171.51
892.29
892.29
1455.61
1455.61
1301.60
1301.60
138.17
138.17
62.19
62.19
622.76
622.76
1701.81
1701.81
1011.96
1011.96
713.03
713.03
240.29
240.29
89.96
89.96
1544.98
1544.98
2475.06
2475.06
909.76
909.76
1154.23
1154.23
44.62
44.62
12.66
12.66
10.00
10.00
979.59
979.59
2900.90
2900.90
1156.03
1156.03
1004.97
1004.97
129.88
129.88
48.59
48.59
3427.47
3427.47
2524.47
2524.47
1995.38
1995.38
931.14
931.14
3824.53
3824.53
1369.15
1369.15
2870.84
2870.84
1472.59
1472.59
645.33
645.33
1854.62
1854.62
1662.84
1662.84
481.64
481.64
843.36
843.36
1450.28
1450.28
3496.33
3496.33
2248.72
2248.72
56.96
56.96
1848.32
1848.32
1569.79
1569.79
1143.85
1143.85
1075.71
1075.71
4619.20
4619.20
4167.99
4167.99
4829.43
4829.43
5084.26
5084.26
1290.96
1290.96
2599.76
2599.76
2263.59
2263.59
996.29
996.29
4078.92
4078.92
1434.59
1434.59
4661.66
4661.66
10.00
10.00
446.48
446.48
4017.04
4017.04
4934.00
4934.00
4638.22
4638.22
115.84
115.84
2530.52
2530.52
114.56
114.56
79.36
79.36
2016.86
2016.86
1115.56
1115.56
1354.65
1354.65
2535.40
2535.40
103.95
103.95
3553.95
3553.95
958.94
958.94
3765.67
3765.67
4381.36
4381.36
1121.40
1121.40
5309.90
5309.90
1364.68
1364.68
2467.97
2467.97
4099.55
4099.55
236.38
236.38
24.18
24.18
1067.03
1067.03
2963.61
2963.61
125.41
125.41
171.27
171.27
4558.95
4558.95
4884.24
4884.24
4580.80
4580.80
3888.70
3888.70
71.23
71.23
1990.20
1990.20
4725.19
4725.19
709.23
709.23
688.91
688.91
1380.01
1380.01
2733.61
2733.61
193.88
193.88
4244.89
4244.89
1825.90
1825.90
1667.15
1667.15
4500.87
4500.87
458.17
458.17
2464.41
2464.41
4720.47
4720.47
12.00
12.00
1538.77
1538.77
1067.52
1067.52
832.20
832.20
4385.78
4385.78
1673.28
1673.28
3793.03
3793.03
4036.73
4036.73
525.30
525.30
3455.66
3455.66
2505.93
2505.93
2545.67
2545.67
323.46
323.46
51.52
51.52
1210.06
1210.06
50.07
50.07
1130.25
1130.25
55.30
55.30
55.30
73.55
73.55
2451.20
2451.20
82.91
82.91
3948.28
3948.28
37.08
37.08
1641.62
1641.62
3393.88
3393.88
126.85
126.85
2974.08
2974.08
2111.89
2111.89
3608.87
2785.27
2785.27
2785.27
2615.14
2615.14
81.34
81.34
10.00
10.00
2020.57
2020.57
3778.72
3778.72
3753.68
3753.68
1239.64
1239.64
1585.15
1585.15
4999.32
4999.32
4646.06
4646.06
4354.74
2256.72
2256.72
2256.72
4481.30
4481.30
4945.33
4945.33
26.92
26.92
367.27
367.27
3307.12
3307.12
1170.77
1170.77
2956.28
2956.28
285.30
285.30
3485.01
3485.01
3797.20
3797.20
2189.05
2189.05
1637.94
1637.94
3991.02
3991.02
3332.31
3332.31
4137.89
4137.89
659.03
659.03
4835.14
4835.14
2216.86
2216.86
4140.65
4140.65
4918.78
4918.78
3462.79
3462.79
3355.93
3355.93
2608.58
2608.58
165.97
165.97
4371.96
4371.96
4440.84
4440.84
3947.07
3947.07
4596.78
4596.78
4151.27
4151.27
2153.08
2153.08
23.84
23.84
2952.73
2952.73
2092.13
2092.13
4259.42
4259.42
4259.42
4259.42
4259.42
4259.42
29.29
29.29
4054.26
4054.26
108.10
108.10
2363.06
2363.06
4081.40
4081.40
4403.10
4403.10
1980.53
1980.53
2489.28
2489.28
488.90
488.90
1669.35
1669.35
3095.95
3095.95
3346.81
3346.81
2466.61
2466.61
1605.99
1605.99
1624.75
1624.75
632.50
632.50
4187.78
4187.78
1377.93
1377.93
3041.37
3041.37
3153.86
3153.86
2254.79
2254.79
93.15
93.15
4612.50
4612.50
1638.63
1638.63
16.33
16.33
3578.51
3578.51
4375.33
4375.33
4361.95
4361.95
366.21
366.21
2347.29
2347.29
26.95
26.95
177.75
177.75
251.56
251.56
3212.65
3212.65
3882.84
3882.84
3061.45
3061.45
3877.51
3877.51
4069.37
4069.37
4331.86
4331.86
2641.46
2641.46
3757.32
3757.32
4066.87
4066.87
4159.53
4159.53
5355.03
5355.03
2599.99
2599.99
3167.21
3167.21
1399.34
1399.34
3896.27
3896.27
3419.28
3419.28
3792.66
3792.66
3651.26
3651.26
3982.90
3982.90
5228.96
5228.96
2879.12
2879.12
3606.14
3606.14
3875.70
3875.70
4080.82
4080.82
4103.20
4103.20
4402.12
4402.12
2316.60
2316.60
2316.60
2316.60
5053.99
5053.99
26.75
26.75
4788.64
4788.64
4208.84
4208.84
4208.84
4208.84
4208.84
4208.84
2593.32
2593.32
1959.38
1959.38
46.84
46.84
4524.64
4524.64
4902.27
4902.27
622.50
622.50
1890.83
1890.83
3923.15
3923.15
3923.15
3923.15
3923.15
3923.15
4908.07
4908.07
4908.07
4908.07
4908.07
4908.07
4908.07
4908.07
4789.04
4789.04
4789.04
4789.04
4789.04
4789.04
3591.10
3591.10
3591.10
3591.10
3458.78
3458.78
3458.78
3458.78
3801.93
3801.93
4664.09
4664.09
2625.75
2625.75
3590.40
3590.40
4486.12
4486.12
28.21
28.21
75.36
75.36
3856.99
3856.99
1301.34
1301.34
1462.86
1462.86
2785.55
2785.55
2342.20
2342.20
1428.65
1428.65
1176.57
1176.57
2550.87
2550.87
1738.70
1738.70
2622.98
2622.98
2752.26
2752.26
2325.87
2325.87
2911.00
2911.00
2911.00
2911.00
2911.00
2911.00
1521.59
1521.59
3826.09
3826.09
52.34
52.34
674.04
674.04
1175.64
1175.64
42.49
42.49
1221.00
1221.00
2445.99
2445.99
648.60
648.60
1308.76
1308.76
2484.91
2484.91
1007.71
1007.71
2500.30
2500.30
2875.18
2875.18
2821.61
2821.61
1729.66
1729.66
1444.17
1444.17
1022.53
1022.53
1035.91
1035.91
342.71
342.71
1019.26
1019.26
2926.14
2926.14
3328.55
3328.55
3159.02
3159.02
816.60
816.60
2170.69
2170.69
904.47
904.47
3937.97
3937.97
1472.07
1472.07
1079.05
1079.05
1079.05
1079.05
20.89
20.89
1285.73
1285.73
244.66
244.66
79.64
79.64
124.34
124.34
2064.64
2064.64
3311.71
3311.71
1589.44
1589.44
613.72
613.72
2006.71
2006.71
2919.01
2919.01
374.40
374.40
412.78
412.78
1023.53
1023.53
3923.18
3923.18
2681.20
2681.20
774.62
774.62
2851.27
2851.27
19.02
19.02
1443.58
1443.58
314.42
314.42
1539.71
1539.71
1297.33
1297.33
3686.60
3686.60
199.44
199.44
2410.07
2410.07
1688.41
1688.41
4747.57
4747.57
4747.57
4747.57
4086.67
4086.67
2195.62
2195.62
20.78
20.78
1540.82
1540.82
1646.46
1646.46
4140.58
4140.58
5034.43
5034.43
5034.43
5034.43
2574.56
2574.56
4194.04
4194.04
3915.34
3915.34
143.93
143.93
1018.63
1018.63
2330.26
2330.26
1887.20
1887.20
2037.41
2037.41
1578.46
1578.46
1472.16
1472.16
51.23
51.23
54.53
54.53
2113.76
2113.76
1992.57
1992.57
231.22
231.22
462.06
462.06
140.87
140.87
2107.14
2107.14
27.03
27.03
3614.90
3614.90
174.64
174.64
27.05
27.05
547.73
547.73
1675.55
1675.55
333.27
333.27
644.38
644.38
50.80
50.80
67.64
67.64
111.05
111.05
4429.58
4429.58
1665.17
1665.17
2396.54
2396.54
2707.30
2707.30
3528.20
3528.20
223.50
223.50
3687.39
3687.39
3687.39
3687.39
1340.34
1340.34
3756.67
3756.67
729.82
729.82
1672.94
1672.94
1680.05
1680.05
3492.45
3492.45
3492.45
3492.45
4257.16
4257.16
3068.24
3068.24
42.30
42.30
926.68
926.68
88.89
88.89
1619.60
1619.60
1944.57
1944.57
1778.42
1778.42
4635.23
4635.23
1735.80
1735.80
193.82
193.82
3979.04
3979.04
4028.66
4028.66
529.35
529.35
2240.54
2240.54
2084.00
2084.00
2084.00
2084.00
1366.40
1366.40
2668.78
2668.78
3153.45
3153.45
3158.41
3158.41
3743.82
3743.82
1091.20
1091.20
1233.64
1233.64
2800.08
2800.08
4008.66
4008.66
4239.11
4239.11
4294.20
4294.20
3715.21
3715.21
3715.21
3715.21
4426.40
4426.40
3813.73
3813.73
5097.10
5097.10
2819.54
2819.54
2937.59
2937.59
4767.67
4767.67
2291.85
2291.85
4391.16
4391.16
4014.60
4014.60
4816.16
4816.16
3938.61
3938.61
4129.47
4129.47
3192.54
3192.54
4609.98
4609.98
4007.93
4007.93
3703.19
3703.19
3007.90
3007.90
1819.88
1819.88
4224.38
4224.38
1825.53
1825.53
736.53
736.53
1887.61
1887.61
5086.18
5086.18
2473.36
2473.36
4101.56
4101.56
4419.32
4419.32
3087.32
3087.32
3087.32
3087.32
3087.32
3087.32
4592.10
4592.10
5047.44
5047.44
4657.60
4657.60
3018.97
3018.97
5145.17
5145.17
3511.06
3511.06
4995.59
4995.59
4508.90
4508.90
1275.71
1275.71
5088.78
5088.78
4105.31
4105.31
2459.30
2459.30
4354.00
4354.00
4623.51
4623.51
3934.25
3934.25
3071.05
3071.05
3331.91
3331.91
2319.26
2319.26
266.25
266.25
2399.12
2399.12
4195.98
4195.98
377.70
377.70
4015.71
4015.71
2961.32
2961.32
3978.44
3978.44
4631.63
4631.63
3982.33
3982.33
5497.06
5497.06
2981.77
2981.77
4726.76
4726.76
4688.65
4688.65
4688.65
4688.65
2779.97
2779.97
3532.34
3532.34
3001.78
3001.78
3066.41
3066.41
3893.34
3893.34
3893.34
3893.34
1498.48
1498.48
3979.70
3979.70
261.81
261.81
66.76
66.76
10.00
10.00
55.97
55.97
4157.37
4157.37
178.80
178.80
511.07
511.07
4003.94
4003.94
1037.00
1037.00
111.61
111.61
110.23
110.23
944.65
944.65
131.87
131.87
1254.44
1254.44
615.05
615.05
311.95
311.95
3003.22
3003.22
3386.67
3386.67
3386.67
3386.67
3341.49
3341.49
102.18
102.18
75.57
75.57
163.35
163.35
1203.22
1203.22
254.22
254.22
575.29
575.29
4295.52
4295.52
4295.52
4295.52
4186.34
4186.34
1509.63
1509.63
2394.53
2394.53
422.70
422.70
1267.89
1267.89
315.18
315.18
982.20
982.20
1981.74
1981.74
4356.34
4356.34
4829.19
4829.19
4128.66
4128.66
3355.43
3355.43
3743.76
3743.76
2203.29
2203.29
353.98
353.98
4995.66
4995.66
3846.33
3846.33
3437.81
3437.81
4456.68
4456.68
3588.14
3588.14
2752.61
2752.61
2752.61
2752.61
4647.39
4647.39
4118.05
4118.05
1555.42
1555.42
4270.73
4270.73
3309.64
3309.64
3725.86
3725.86
4916.72
4916.72
2205.50
2205.50
112.95
112.95
3791.12
3791.12
3983.32
3983.32
3670.79
3670.79
82.88
82.88
1291.37
1291.37
2274.50
2274.50
3442.39
3442.39
3537.28
3537.28
1946.41
1946.41
4327.22
4327.22
3903.05
3903.05
2784.56
2784.56
2388.31
2388.31
2537.64
2537.64
4308.60
4308.60
4143.64
4143.64
2706.44
2706.44
2857.97
2857.97
3997.77
3997.77
4647.30
4647.30
1830.78
1830.78
4536.44
4536.44
3607.66
3607.66
4299.36
4299.36
4077.28
4077.28
4549.57
4549.57
4256.15
4256.15
3810.67
3810.67
39.25
39.25
3265.21
3265.21
4443.53
4443.53
428.71
428.71
4270.73
4270.73
4261.00
4261.00
2955.54
2955.54
5308.83
5308.83
3067.30
3067.30
3478.35
3478.35
708.30
708.30
1638.69
1638.69
2229.33
2229.33
2355.48
2355.48
3918.46
3918.46
3633.18
3633.18
1620.30
1620.30
3378.32
3378.32
4963.06
4963.06
3616.71
3616.71
2545.36
2545.36
1907.45
1907.45
148.43
148.43
646.52
646.52
217.01
217.01
1193.55
1193.55
48.62
48.62
1408.93
1408.93
1405.66
1405.66
162.54
162.54
1944.00
1944.00
334.15
334.15
4179.82
4179.82
4407.93
4407.93
4265.13
4265.13
3405.54
3405.54
4632.12
4632.12
4637.03
4637.03
3735.12
3735.12
5031.41
5031.41
4288.26
4288.26
4288.26
4019.69
4019.69
1591.23
1591.23
2559.56
2948.51
2948.51
2948.51
629.28
629.28
585.97
585.97
1206.96
1206.96
696.51
696.51
151.93
151.93
358.74
358.74
2227.74
2227.74
3646.12
3646.12
2198.28
2198.28
172.97
172.97
2505.90
3845.84
3845.84
3845.84
2353.47
2353.47
4622.21
4622.21
559.81
559.81
4350.91
4350.91
293.95
293.95
3016.14
3016.14
1678.84
1678.84
4199.74
4199.74
1147.43
1147.43
80.66
80.66
2988.72
3194.80
3194.80
3194.80
4254.85
4254.85
1244.65
1244.65
136.39
136.39
88.06
88.06
1053.06
1053.06
2112.41
2112.41
1971.30
1971.30
1717.57
1717.57
1953.71
1953.71
91.52
91.52
4111.83
4111.83
4646.00
4646.00
1790.04
1790.04
4693.04
4693.04
1709.13
1709.13
1820.96
1820.96
1657.25
1657.25
1178.38
1178.38
427.52
427.52
632.59
632.59
79.23
79.23
94.96
94.96
483.30
