# 1Hz Kbps trace generated by import_real_world_traces.py
1659.35
3458.06
3458.06
3071.65
3071.65
3580.14
3580.14
2935.10
2935.10
3581.84
3581.84
3581.84
3581.84
3581.84
3581.84
2822.33
2822.33
2611.25
2611.25
3445.67
3445.67
3306.04
3306.04
2525.44
2525.44
2525.44
2525.44
2525.44
2525.44
3717.72
3717.72
3397.03
3397.03
3544.07
3544.07
1140.83
1140.83
3775.59
3775.59
3712.61
3712.61
3447.01
3447.01
3482.66
3482.66
3708.68
3708.68
1702.36
1702.36
3389.10
3389.10
3750.70
3750.70
708.40
708.40
3338.50
3338.50
3523.93
3523.93
3634.95
3634.95
3733.18
3733.18
3668.33
3668.33
3251.28
3251.28
3598.16
3598.16
694.72
694.72
3530.79
3530.79
3522.58
3522.58
3522.58
3522.58
3522.58
3522.58
3527.19
3527.19
3477.40
3477.40
3477.40
3477.40
3480.90
3480.90
3702.86
3702.86
1801.45
1801.45
3692.68
3692.68
3488.08
3488.08
29.27
29.27
1635.88
1635.88
1635.88
1635.88
1635.88
1635.88
1635.88
1635.88
648.87
648.87
3646.80
3646.80
3477.15
3477.15
3260.51
3260.51
3260.51
3260.51
3729.51
3729.51
2035.69
2035.69
3562.61
3562.61
3733.07
3733.07
3635.00
3635.00
3635.00
3635.00
3678.85
3678.85
3710.90
3710.90
3490.90
3490.90
2927.18
2927.18
3659.07
3659.07
3050.06
3050.06
3653.57
3653.57
3699.39
3699.39
3068.12
3068.12
3167.99
3167.99
3509.98
3509.98
3589.99
3589.99
794.09
794.09
2959.77
2959.77
2894.43
2894.43
2894.43
2923.84
2544.86
2544.86
257.95
257.95
1223.03
1223.03
3152.30
3152.30
3640.07
3640.07
3635.94
3635.94
3510.29
3510.29
3690.33
3690.33
2233.69
2233.69
369.06
369.06
3653.27
3653.27
3668.68
3668.68
3168.88
3168.88
3753.18
3753.18
336.55
336.55
2829.80
2829.80
1910.32
1910.32
1821.66
1821.66
3644.85
3644.85
3099.16
3099.16
3646.16
3646.16
1247.31
1247.31
362.47
362.47
229.57
229.57
1012.15
1012.15
377.55
377.55
3532.90
3532.90
568.64
568.64
1090.58
1090.58
1082.27
1082.27
3521.27
3521.27
3058.53
3058.53
2315.25
2315.25
465.00
465.00
2512.26
2512.26
2316.16
2316.16
3485.60
3485.60
400.07
400.07
530.92
530.92
1474.98
1474.98
914.29
914.29
1936.50
1936.50
3356.03
3356.03
908.11
908.11
598.22
598.22
1155.53
1155.53
3591.56
3591.56
3681.13
3681.13
3756.47
3756.47
3755.89
3755.89
3206.36
3206.36
3682.98
3682.98
3230.78
3230.78
3346.18
3346.18
276.16
276.16
2390.79
2390.79
3715.24
3715.24
2921.17
2921.17
3560.14
3560.14
341.66
341.66
3164.64
3164.64
2070.14
2070.14
205.09
205.09
593.91
593.91
2039.89
2039.89
2039.89
63.55
63.55
63.55
63.55
63.55
3032.25
2667.07
874.31
675.71
675.71
1899.63
1899.63
1899.63
1899.63
1899.63
1899.63
1899.63
1899.63
1899.63
1899.63
235.46
1332.09
1332.09
1395.54
1888.22
296.30
296.30
894.24
894.24
1520.67
1520.67
3368.46
3368.46
922.77
922.77
41.67
41.67
3681.40
3681.40
3607.88
3607.88
3166.33
3166.33
3397.12
3397.12
3643.41
3643.41
3665.60
3665.60
3578.07
3578.07
3358.32
3358.32
3725.51
3725.51
3725.51
3725.51
3662.02
3662.02
3640.22
3640.22
1613.66
1613.66
3245.42
3245.42
903.55
903.55
1057.83
1057.83
3206.88
3206.88
3488.20
