# 1Hz Kbps trace generated by import_real_world_traces.py
1152.55
5390.41
1696.63
1776.52
1046.02
2535.36
2535.36
2008.32
2008.32
965.92
965.92
851.68
851.68
2335.60
2335.60
2387.09
2387.09
3553.01
3553.01
3895.81
3895.81
897.52
897.52
232.62
232.62
2970.53
2970.53
5578.68
5578.68
2301.41
2301.41
1655.13
1655.13
17.25
17.25
368.85
368.85
71.95
71.95
998.98
998.98
34.96
34.96
34.96
53.37
53.37
15.70
15.70
235.67
235.67
169.68
1186.37
1186.37
2743.42
2743.42
103.68
103.68
4193.08
4193.08
3947.39
3947.39
4986.32
4986.32
2735.56
2735.56
361.19
361.19
38.88
38.88
1931.07
1931.07
917.92
917.92
2706.10
2706.10
1300.80
1300.80
1300.80
225.91
1338.80
1338.80
529.35
529.35
33.50
33.50
51.83
51.83
1714.14
1714.14
1739.85
1739.85
17.64
17.64
69.67
69.67
5624.54
5624.54
208.20
208.20
3082.00
3082.00
2328.26
2328.26
3458.67
3458.67
4030.33
4030.33
650.42
650.42
3165.18
3165.18
11.50
11.50
12.50
12.50
984.78
984.78
934.41
934.41
17.45
17.45
10.00
10.00
570.73
570.73
53.62
53.62
701.19
701.19
13.67
13.67
991.84
991.84
1737.22
1737.22
162.99
162.99
606.54
606.54
787.48
787.48
832.20
832.20
1646.25
1646.25
5308.74
5308.74
5620.32
5620.32
2313.84
2313.84
3469.35
3469.35
190.79
190.79
1577.49
1577.49
290.54
290.54
5253.61
5253.61
4280.66
4280.66
5871.15
5871.15
2083.63
2083.63
2624.54
2624.54
543.40
543.40
4038.63
4038.63
2668.99
2668.99
79.97
79.97
6109.63
6109.63
4610.41
4610.41
5804.20
5804.20
5976.94
5976.94
2067.48
2067.48
6072.04
6072.04
5482.26
5482.26
6296.51
6296.51
502.29
502.29
546.59
546.59
5229.32
5229.32
2865.44
2865.44
5620.61
5620.61
5368.57
5368.57
1718.50
1718.50
4902.98
4902.98
4644.22
4644.22
5448.44
5448.44
5713.15
5713.15
5713.15
5713.15
5713.15
5713.15
5713.15
5713.15
5713.15
5713.15
981.74
981.74
1240.65
1240.65
2608.77
2608.77
6137.26
6137.26
6137.26
6137.26
6137.26
6137.26
6137.26
6137.26
6137.26
4076.62
2792.95
2792.95
4350.06
4350.06
6142.06
