# 1Hz Kbps trace generated by import_real_world_traces.py
2726.04
2795.02
2431.91
2537.89
2537.89
2699.65
1745.01
1745.01
1745.01
1745.01
2306.54
2306.54
2782.50
2782.50
2782.50
2782.50
2782.50
2970.23
2970.23
333.59
333.59
2098.20
2098.20
2730.50
2730.50
710.24
710.24
1576.22
1576.22
1576.22
1576.22
2965.73
2965.73
2432.52
2432.52
2207.14
2207.14
10.00
10.00
2902.71
2902.71
2734.35
2734.35
2734.35
2734.35
46.37
46.37
1098.41
1098.41
1098.41
1098.41
1098.41
1098.41
1098.41
1098.41
1178.81
1178.81
1353.13
1353.13
2863.55
2863.55
2487.40
2487.40
1800.76
1800.76
2975.17
2975.17
2975.17
2975.17
2975.17
2975.17
2975.17
2975.17
2975.17
2975.17
2975.17
2975.17
2442.48
2442.48
2424.01
2424.01
1277.75
1277.75
2428.72
2428.72
2428.72
2428.72
2428.72
2428.72
2428.72
2428.72
2753.78
2753.78
2753.78
2753.78
2753.78
2753.78
2753.78
2753.78
2753.78
2753.78
2753.78
2753.78
2753.78
2753.78
2753.78
2753.78
2753.78
2753.78
2467.74
2467.74
2164.03
2164.03
126.63
126.63
2587.71
2587.71
2401.24
2401.24
2401.24
2401.24
2401.24
2401.24
1622.87
1622.87
1622.87
1622.87
2821.58
2821.58
1175.09
1175.09
2494.39
2494.39
2489.67
2489.67
2489.67
2489.67
2820.62
2820.62
2801.27
2801.27
1987.00
1987.00
2686.93
2686.93
2686.93
2686.93
2686.93
2686.93
2708.85
2708.85
2689.93
2689.93
2689.93
2689.93
2689.93
2689.93
1104.27
1104.27
2815.84
2815.84
2266.83
2266.83
2795.54
2795.54
2517.51
2517.51
2864.76
2864.76
2831.02
2831.02
2831.02
2831.02
2831.02
2831.02
2831.02
2831.02
2831.02
2831.02
2831.02
2831.02
2831.02
2831.02
2831.02
2831.02
524.24
524.24
501.52
501.52
616.68
616.68
598.40
598.40
618.95
618.95
969.71
969.71
1103.12
1103.12
1176.26
1176.26
1166.79
1166.79
1369.35
1369.35
1293.98
1293.98
1284.64
1284.64
1474.76
1474.76
1770.21
1770.21
1744.07
1744.07
1744.07
1744.07
1744.07
1744.07
1744.07
