# 1Hz Kbps trace generated by import_real_world_traces.py
400.07
103.21
103.21
933.19
877.38
379.09
379.09
379.09
278.11
441.06
441.06
659.97
1594.76
2158.95
3350.47
2139.51
2139.51
421.13
421.13
421.13
2398.39
3465.49
3465.49
201.37
201.37
201.37
722.22
722.22
300.37
300.37
302.74
302.74
302.74
330.07
919.21
919.21
1278.32
1278.32
1278.32
1278.32
1278.32
1278.32
1278.32
1278.32
1278.32
1278.32
1278.32
1278.32
195.01
195.01
47.06
247.23
200.92
200.92
128.69
128.69
249.41
178.83
178.83
145.98
145.98
369.36
736.12
516.84
67.25
754.12
754.12
652.38
652.38
652.38
1302.10
1302.10
947.52
628.09
628.09
849.92
849.92
864.78
864.78
873.42
873.42
1757.24
1757.24
1049.23
1049.23
529.09
529.09
1467.14
1467.14
459.87
459.87
1524.48
1524.48
1521.95
1521.95
951.61
951.61
844.29
844.29
1170.26
1170.26
1095.44
1095.44
107.38
107.38
107.38
633.70
633.70
633.70
633.70
656.77
656.77
681.73
681.73
681.73
1015.16
1015.16
974.18
974.18
466.04
466.04
228.50
228.50
751.99
751.99
935.11
991.19
1013.30
1013.30
1013.30
903.53
990.07
990.07
790.93
790.93
589.60
589.60
975.70
975.70
1224.64
1224.64
1591.38
1591.38
1521.34
1521.34
1284.59
1284.59
766.12
766.12
392.51
392.51
467.83
467.83
902.90
902.90
740.00
740.00
693.77
693.77
693.77
693.77
280.27
280.27
280.27
280.27
373.01
200.75
200.75
245.83
245.83
245.83
946.06
990.00
1565.16
1586.22
1322.28
1322.28
1735.89
1735.89
10.40
10.40
711.23
711.23
711.23
711.23
635.70
635.70
369.11
369.11
369.11
369.11
369.11
485.78
485.78
485.78
485.78
481.60
597.99
597.99
48.57
887.69
610.35
750.06
1128.48
564.47
564.47
564.47
564.47
149.32
149.32
146.11
146.11
146.11
221.40
221.40
221.40
996.83
996.83
996.83
996.83
996.83
996.83
948.19
779.87
315.42
432.78
1068.48
876.33
876.33
876.33
470.25
470.25
617.59
617.59
614.63
53.62
53.62
53.62
13.24
13.24
13.24
13.24
265.62
265.62
1734.77
1084.13
1084.13
58.53
58.53
58.53
102.84
102.84
102.84
191.80
191.80
191.80
191.80
191.80
191.80
271.72
271.72
271.72
325.80
325.80
1078.35
450.89
988.97
314.35
314.35
314.35
25.14
658.80
658.80
925.63
925.63
925.63
20.64
20.64
452.89
452.89
671.53
1096.13
1096.13
1096.13
915.68
930.10
930.10
882.90
882.90
533.05
1086.65
1086.65
889.91
889.91
977.10
977.10
1133.83
1133.83
958.71
958.71
20.22
62.00
62.00
62.00
175.68
175.68
796.51
796.51
927.11
927.11
1037.81
1037.81
762.72
762.72
1432.15
1432.15
436.40
436.40
1221.27
1751.76
1751.76
1751.76
1510.47
1510.47
1310.06
1310.06
1612.50
1612.50
1247.12
1247.12
1493.17
1493.17
746.58
746.58
827.48
827.48
144.79
144.79
638.28
638.28
298.58
298.58
1349.14
1349.14
1277.61
1277.61
1969.86
1969.86
2292.00
2292.00
1777.20
1777.20
1831.72
1831.72
2222.81
2222.81
2415.62
2415.62
2093.89
2093.89
255.79
255.79
1699.46
1699.46
1592.05
1592.05
2288.55
1652.87
1652.87
1652.87
1403.89
1403.89
513.69
513.69
1534.34
1534.34
1389.89
1389.89
2168.44
2168.44
2843.54
2843.54
4342.23
4342.23
463.50
463.50
1309.11
1309.11
3989.76
3989.76
1522.58
1522.58
506.06
506.06
862.59
862.59
1232.06
1232.06
909.49
909.49
1199.62
1199.62
1180.28
1180.28
848.90
848.90
356.97
356.97
356.97
1214.68
1005.23
1005.23
2166.78
2166.78
1976.10
1976.10
144.42
144.42
1072.97
1072.97
988.18
988.18
1357.80
1357.80
929.60
929.60
419.10
419.10
419.10
419.10
138.28
138.28
138.28
138.28
366.61
366.61
366.61
366.61
366.61
28.05
28.05
28.05
28.05
514.90
817.72
783.85
783.85
1065.89
870.37
870.37
1430.08
1430.08
911.61
581.98
581.98
883.11
616.97
662.98
326.16
326.16
647.64
647.64
484.41
484.41
484.41
484.41
661.53
442.42
442.42
442.42
488.66
767.11
985.25
985.25
985.25
985.25
985.25
743.43
743.43
743.43
743.43
592.29
592.29
764.56
764.56
434.81
434.81
513.55
513.55
452.33
452.33
680.71
680.71
422.13
422.13
706.04
914.89
914.89
793.39
1078.22
1078.22
900.61
979.73
979.73
424.01
424.01
669.03
656.19
656.19
1156.65
1156.65
1156.65
37.69
37.69
678.15
678.15
774.25
774.25
104.78
104.78
104.78
601.85
601.85
953.12
1356.26
824.15
824.15
1298.97
1298.97
1298.97
754.50
754.50
754.50
413.55
413.55
989.00
989.00
989.00
177.08
177.08
131.10
131.10
663.77
677.65
677.65
947.49
947.49
180.47
180.47
180.47
1158.28
812.22
1139.48
1139.48
699.94
699.94
1206.08
1206.08
1164.56
1164.56
371.84
371.84
371.84
104.43
104.43
1020.17
1020.17
321.27
321.27
321.27
775.13
775.13
1235.25
1235.25
1235.25
223.02
223.02
628.05
628.05
107.34
107.34
492.48
492.48
492.48
453.34
453.34
421.70
1233.87
1233.87
197.34
197.34
144.34
144.34
61.62
61.62
61.62
10.00
10.00
10.00
19.60
19.60
944.55
944.55
944.55
1116.05
1116.05
1116.05
1070.45
954.98
954.98
945.71
1471.60
1244.93
870.52
701.95
1238.25
1238.25
1463.87
1123.06
1123.06
682.11
966.37
1210.86
1210.86
921.23
921.23
186.85
186.85
535.15
535.15
532.96
532.96
959.28
959.28
485.87
485.87
320.21
320.21
666.80
666.80
880.23
880.23
1115.60
1115.60
517.41
517.41
1202.72
1202.72
844.29
844.29
844.29
844.29
27.09
27.09
27.09
27.09
386.54
386.54
236.13
236.13
421.62
421.62
421.62
421.62
421.62
568.86
475.77
475.77
423.93
375.24
375.24
375.24
354.23
1192.03
1230.77
1230.77
868.80
868.80
869.56
869.56
506.50
506.50
347.77
347.77
539.30
539.30
640.17
640.17
896.43
896.43
649.09
649.09
62.77
62.77
308.43
308.43
876.27
876.27
642.38
642.38
661.84
661.84
66.84
66.84
426.98
426.98
689.86
689.86
689.86
398.96
398.96
517.08
517.08
517.08
314.62
314.62
789.83
789.83
811.28
811.28
811.28
811.28
110.88
110.88
477.85
477.85
1791.71
1791.71
680.74
680.74
16.64
16.64
236.73
236.73
1066.23
1066.23
745.34
745.34
1189.56
1189.56
1841.35
1841.35
1670.30
1670.30
1703.00
1703.00
1485.42
1485.42
1796.88
1796.88
1796.88
1404.06
1204.62
1204.62
1059.97
1059.97
1303.59
1303.59
1462.37
1462.37
318.68
318.68
1615.17
1615.17
778.94
778.94
1116.92
1116.92
1116.92
1116.92
220.50
220.50
106.44
106.44
1002.07
1002.07
784.82
1521.13
1022.89
1022.89
822.76
822.76
822.76
822.76
1009.59
1009.59
327.49
101.67
101.67
2827.26
3071.50
3071.50
1005.51
1005.51
1858.41
1858.41
997.65
997.65
2291.18
2291.18
2162.43
2162.43
2164.22
2164.22
706.50
706.50
2321.85
2321.85
1033.35
1033.35
1587.63
1587.63
1587.63
1587.63
11.21
11.21
1284.17
1863.75
1863.75
10.00
10.00
10.00
305.46
305.46
70.42
1403.03
1403.03
40.56
40.56
173.59
173.59
173.59
60.00
60.00
60.00
89.62
89.62
95.56
95.56
1686.40
1772.85
1772.85
2363.25
2363.25
587.63
587.63
438.50
438.50
10.60
10.60
1944.59
1944.59
2153.73
2153.73
823.05
823.05
838.27
838.27
558.43
558.43
433.35
433.35
66.02
66.02
39.29
39.29
39.29
39.29
39.29
39.29
1128.65
802.54
520.29
520.29
520.29
520.29
520.29
46.44
46.44
46.44
46.44
46.44
46.44
46.44
46.44
979.90
664.55
14.46
715.35
2268.61
31.80
32.71
32.71
1489.41
397.73
397.73
1523.98
1523.98
1935.92
1935.92
1170.88
1170.88
1573.87
1573.87
713.61
713.61
713.61
713.61
713.61
1033.72
17.07
17.07
1379.95
1379.95
832.46
558.09
558.09
558.09
948.21
1444.32
1444.32
1444.32
1444.32
1107.28
1349.93
1349.93
1308.00
1308.00
1464.84
1464.84
1464.84
1464.84
1464.84
1464.84
1464.84
1464.84
1464.84
2006.79
2006.79
1914.75
1914.75
1612.10
1612.10
2317.16
2317.16
2817.90
2817.90
3978.31
3978.31
4501.29
4501.29
4110.59
4110.59
4110.59
4110.59
4110.59
2135.65
1735.44
1735.44
934.35
934.35
1804.47
1804.47
2103.45
2103.45
770.53
770.53
1160.72
1160.72
904.50
904.50
297.51
297.51
844.40
844.40
882.27
882.27
831.19
831.19
762.53
762.53
1805.11
1805.11
1535.15
1535.15
1058.20
1058.20
1954.37
1954.37
2126.57
2126.57
2524.60
2524.60
14.85
14.85
1600.92
1600.92
813.95
813.95
688.01
688.01
1282.33
1282.33
835.69
835.69
1339.56
1339.56
1567.47
1567.47
1699.28
1699.28
2645.29
2645.29
2669.65
2669.65
1695.02
1695.02
2852.96
2852.96
925.71
925.71
1356.58
1356.58
716.27
716.27
1787.73
1787.73
2247.02
2247.02
1560.75
1560.75
1482.60
1482.60
1210.49
1210.49
1704.23
1704.23
971.18
971.18
1020.35
1020.35
19.02
19.02
1177.45
1177.45
1175.47
1175.47
1528.00
1528.00
1771.31
1771.31
1771.31
1771.31
1771.31
1771.31
421.91
421.91
31.03
31.03
31.03
59.11
59.11
532.27
532.27
1376.82
1376.82
597.10
597.10
27.20
27.20
285.98
285.98
659.77
340.46
340.46
184.09
184.09
657.62
657.62
256.65
256.65
256.65
730.44
730.44
730.44
730.44
730.44
1232.48
1232.48
1065.32
1065.32
31.85
31.85
46.56
205.90
205.90
205.90
205.90
10.00
10.00
10.00
10.00
221.03
13.81
13.81
13.81
105.45
105.45
105.45
105.45
785.77
785.77
415.93
1547.21
1547.21
18.73
18.73
1400.90
1400.90
505.63
505.63
505.63
329.92
1114.41
118.83
894.42
894.42
10.98
10.98
10.98
1035.28
92.16
69.30
69.30
261.88
261.88
27.78
27.78
19.04
19.04
19.04
512.79
434.68
434.68
1294.52
2346.26
2346.26
2346.26
2346.26
2346.26
823.61
823.61
823.61
1177.04
5067.30
4285.66
4285.66
65.75
65.75
20.30
20.30
151.46
151.46
73.89
73.89
62.73
62.73
62.73
62.73
48.53
48.53
685.64
685.64
280.96
88.46
88.89
88.89
64.47
64.47
517.63
517.63
16.98
16.98
90.78
90.78
2870.18
2870.18
4217.44
4217.44
3703.55
3703.55
4245.01
4245.01
479.02
479.02
1210.07
1210.07
463.02
463.02
91.16
91.16
44.31
44.31
64.50
64.50
19.63
19.63
158.82
158.82
3795.65
3795.65
56.72
56.72
56.72
81.28
81.28
35.60
1517.39
1517.39
1965.93
1965.93
2918.62
2918.62
88.49
88.49
883.59
883.59
4048.25
4048.25
1872.30
1872.30
2947.66
2947.66
4287.37
4287.37
1726.14
1726.14
2087.32
2087.32
2434.76
2434.76
39.33
39.33
3179.28
3179.28
1245.80
1245.80
1426.90
1426.90
1426.90
21.21
21.21
3494.96
3494.96
4866.93
4866.93
5866.86
5491.85
5491.85
5491.85
3199.17
3199.17
2783.98
2783.98
651.49
651.49
690.34
690.34
811.55
811.55
2962.78
2962.78
1834.92
1834.92
1714.91
1714.91
809.27
809.27
606.64
606.64
2090.02
2300.85
2300.85
2300.85
2574.39
2574.39
2440.18
2440.18
2997.32
2997.32
2997.32
2997.32
2997.32
2997.32
1847.59
1847.59
2472.73
2472.73
10.00
10.00
127.04
127.04
987.79
987.79
1925.10
880.08
880.08
880.08
2456.65
2456.65
1696.62
1696.62
2024.05
2024.05
496.06
496.06
1727.93
1727.93
1907.41
1907.41
28.95
28.95
1038.82
1038.82
1433.95
1433.95
1538.69
1538.69
2199.65
2199.65
114.79
114.79
1883.08
1883.08
10.00
10.00
649.30
649.30
1640.57
1640.57
1484.55
1484.55
1277.52
1277.52
69.95
69.95
14.23
14.23
1630.18
1630.18
1023.21
1023.21
32.40
32.40
2362.91
2362.91
918.45
918.45
1299.76
1299.76
1195.21
1195.21
1678.56
1678.56
1406.73
1406.73
1701.43
1701.43
1411.57
1411.57
1803.18
1803.18
2393.51
2393.51
2484.53
2484.53
12.12
12.12
717.05
717.05
717.05
717.05
717.05
717.05
615.74
615.74
1664.17
1664.17
690.95
690.95
1485.30
1485.30
2083.56
2083.56
1858.77
1858.77
715.75
715.75
78.21
78.21
38.12
38.12
881.31
881.31
881.31
881.31
881.31
881.31
881.31
226.25
226.25
226.25
226.25
1457.96
1457.96
16.77
1109.11
133.50
133.50
10.00
10.00
10.00
152.57
152.57
152.57
152.57
152.57
55.25
55.25
1302.08
110.81
1181.24
1181.24
1449.28
1449.28
1449.28
1449.28
1449.28
736.79
736.79
736.79
736.79
1092.99
208.97
438.81
438.81
428.20
414.24
1188.87
705.74
154.47
1082.58
501.14
501.14
187.44
187.44
645.07
645.07
272.05
272.05
117.67
117.67
1121.88
1121.88
1121.88
10.00
10.00
10.00
33.83
268.55
268.55
268.55
185.18
185.18
185.18
185.18
185.18
1012.27
1012.27
1012.27
474.44
474.44
985.61
876.50
876.50
534.31
1203.93
1203.93
1203.93
354.65
15.08
15.08
15.08
463.07
463.07
256.10
256.10
256.10
256.10
256.10
256.10
256.10
279.66
279.66
226.50
226.50
335.97
335.97
215.23
409.20
30.86
815.75
381.41
1207.08
966.64
966.64
86.14
86.14
453.12
453.12
741.90
741.90
741.90
741.90
741.90
165.11
165.11
475.98
475.98
10.00
10.00
215.03
279.88
1376.69
1563.66
1563.66
1383.35
1383.35
1164.22
1164.22
1164.22
61.69
61.69
58.40
58.40
58.40
21.67
567.27
567.27
534.88
534.88
592.92
592.92
482.67
482.67
75.09
75.09
75.09
743.36
743.36
743.36
743.36
15.49
15.49
15.49
15.49
917.84
576.92
1140.03
778.54
24.58
24.58
1187.74
1187.74
344.00
1435.89
1745.27
1745.27
1815.20
1995.39
1666.86
1720.14
1720.14
1206.04
1206.04
1909.88
867.26
867.26
104.08
104.08
577.08
577.08
2002.50
2002.50
705.03
705.03
73.51
73.51
73.51
10.00
10.00
10.00
280.98
280.98
280.98
280.98
105.72
105.72
105.72
634.13
634.13
634.13
82.90
82.90
82.90
669.04
627.70
627.70
1201.82
1697.34
1697.34
720.17
720.17
1745.01
1745.01
2210.75
2210.75
56.19
644.67
934.73
2039.23
455.54
14.38
14.38
1103.11
1103.11
1302.07
1302.07
1429.92
1429.92
1699.06
1699.06
1678.75
1678.75
1036.91
1036.91
22.06
22.06
22.06
257.82
257.82
10.00
10.00
431.55
431.55
229.77
229.77
1762.08
1762.08
1762.08
1762.08
1495.03
1495.03
193.74
1888.86
1888.86
147.86
1948.56
2020.03
2020.03
584.65
584.65
3853.47
3853.47
2249.27
2249.27
728.00
728.00
104.35
104.35
1291.99
1291.99
1038.67
1038.67
40.57
40.57
40.57
860.24
860.24
860.24
119.44
119.44
119.44
273.86
273.86
293.22
113.34
867.36
867.36
867.36
27.23
27.23
27.23
1298.97
1298.97
1298.97
1156.52
1156.52
1156.52
721.20
721.20
787.51
787.51
787.51
1634.68
1403.30
11.17
11.17
879.70
879.70
1186.86
231.68
231.68
103.79
331.75
558.99
65.76
65.76
508.26
508.26
508.26
94.13
94.13
1331.12
1331.12
528.93
528.93
528.93
660.01
660.01
697.92
697.92
78.96
78.96
78.96
199.85
199.85
142.04
142.04
57.51
57.51
38.19
38.19
38.19
1124.45
1124.45
1124.45
1141.32
1141.32
965.59
965.59
1086.85
1086.85
1258.43
1258.43
1258.43
575.48
835.62
835.62
577.30
1506.11
423.71
298.63
520.53
520.53
520.53
46.87
46.87
773.84
729.76
729.76
729.76
46.91
46.91
104.51
104.51
388.51
388.51
351.36
351.36
1484.53
1484.53
10.44
1408.98
1408.98
1408.98
1408.98
1001.77
1001.77
244.67
244.67
10.00
1297.61
1297.61
454.54
454.54
40.89
299.71
299.71
1016.10
1594.08
1594.08
999.08
999.08
999.08
632.35
632.35
57.07
57.07
934.63
934.63
934.63
114.92
1663.31
1663.31
1663.31
1663.31
154.14
1733.56
2276.59
2276.59
2276.59
1637.94
906.70
906.70
1496.54
1496.54
2081.74
2054.83
2054.83
2014.81
2014.81
2074.61
2074.61
1560.45
1560.45
2155.69
2155.69
1485.06
1485.06
1526.18
1526.18
412.81
412.81
564.83
564.83
43.44
43.44
459.24
459.24
646.87
646.87
1364.68
1364.68
1192.28
1192.28
653.77
653.77
1160.60
1160.60
18.50
18.50
637.86
637.86
637.86
519.85
1287.93
1287.93
1571.34
1571.34
709.92
709.92
1180.23
1180.23
1153.22
1153.22
1715.42
1715.42
950.67
950.67
1239.33
1239.33
1242.82
1242.82
976.82
976.82
1963.69
1963.69
1173.66
1173.66
1175.16
1175.16
664.68
664.68
1211.10
1211.10
740.45
740.45
1518.32
1518.32
1308.33
1308.33
967.97
967.97
258.67
258.67
821.21
821.21
1705.23
1705.23
1349.24
1349.24
1800.15
1800.15
1014.92
1014.92
10.00
10.00
951.11
951.11
184.93
184.93
88.88
88.88
1329.83
1329.83
1329.83
1319.19
1319.19
625.94
625.94
625.94
625.94
625.94
625.94
702.77
702.77
702.77
702.77
702.77
702.77
71.80
379.59
894.67
511.10
473.36
1201.03
1201.03
1201.03
14.05
14.05
14.05
187.67
187.67
392.70
392.70
392.70
392.70
23.46
749.32
894.05
894.05
530.91
530.91
530.91
552.04
532.71
532.71
21.41
21.41
988.83
650.89
650.89
976.33
958.54
958.54
13.49
13.49
340.56
340.56
757.01
757.01
994.88
829.84
2255.68
852.54
902.46
902.46
902.46
902.46
1895.57
377.12
377.12
1297.54
1297.54
1606.32
1606.32
1606.32
10.00
10.00
10.00
709.42
709.42
59.36
59.36
597.37
597.37
65.99
65.99
313.95
313.95
313.95
1311.29
1311.29
1311.29
545.00
545.00
545.00
545.00
545.00
67.40
67.40
116.43
1095.98
84.57
12.15
12.15
12.15
179.51
179.51
179.51
179.51
179.51
594.53
594.53
442.60
442.60
443.39
443.39
443.39
443.39
351.57
16.59
1071.91
1409.08
1153.68
1153.68
769.46
769.46
769.46
1106.43
1650.01
1650.01
1549.53
1189.68
882.88
882.88
898.60
898.60
373.93
373.93
446.69
446.69
446.69
511.46
511.46
511.46
37.99
37.99
25.86
25.86
256.80
256.80
256.80
256.80
638.75
638.75
426.49
652.16
652.16
2110.84
2110.84
808.69
808.69
1328.48
1328.48
882.32
882.32
882.32
17.35
635.36
715.94
1400.93
1249.14
1348.96
1348.96
1476.57
1476.57
557.74
557.74
272.93
13.86
1910.19
1910.19
336.15
336.15
1426.66
1426.66
1426.66
1426.66
508.86
508.86
508.86
648.78
1368.00
272.07
272.07
272.07
272.07
10.00
238.09
238.09
291.81
291.81
1044.31
1044.31
1044.31
31.04
31.04
31.04
31.04
571.28
571.28
36.98
36.98
167.74
167.74
167.74
167.74
1162.55
1582.25
1582.25
35.83
35.83
150.52
150.52
150.52
150.52
568.25
626.05
81.58
836.66
581.97
1524.76
1524.76
175.29
174.06
174.06
174.06
174.06
179.23
830.13
830.13
218.66
218.66
218.66
627.35
627.35
627.35
627.35
14.82
14.82
14.82
306.47
306.47
306.47
306.47
16.70
16.70
16.70
16.70
16.70
16.70
16.70
16.70
361.76
361.76
219.61
219.61
362.53
362.53
362.53
53.08
53.08
453.94
453.94
430.62
430.62
453.13
406.73
536.46
536.46
210.90
210.90
735.17
519.12
519.12
1119.64
1041.38
1308.76
2209.23
2465.27
10.00
10.00
233.11
233.11
1318.48
1318.48
911.89
911.89
587.74
587.74
906.45
906.45
1069.06
1069.06
1069.06
577.76
1344.51
1344.51
1344.51
1344.51
97.19
739.80
1393.54
1393.54
965.58
965.58
965.58
753.45
753.45
1109.43
1109.43
1357.99
1357.99
1998.54
1998.54
1998.54
1998.54
1998.54
1998.54
882.36
882.36
882.36
812.79
812.79
946.39
946.39
1173.35
1173.35
1735.79
1735.79
145.44
821.58
618.74
837.77
261.69
261.69
261.69
10.00
10.00
10.00
998.63
1448.38
2370.42
77.19
77.19
1285.11
1285.11
14.92
14.92
116.82
116.82
820.87
3543.57
3543.57
3543.57
4604.38
4604.38
657.63
657.63
198.73
198.73
1218.67
1218.67
785.26
785.26
5128.42
5128.42
1360.45
1360.45
2736.38
2736.38
405.89
405.89
1582.19
1582.19
204.03
796.29
796.29
796.29
3603.49
3603.49
1316.74
1316.74
404.29
404.29
1356.17
1356.17
1356.17
101.42
101.42
10.95
10.95
267.57
267.57
267.57
267.57
496.54
496.54
496.54
496.54
496.54
496.54
755.42
826.98
826.98
1076.88
926.52
926.52
14.09
14.09
414.40
1429.79
1146.32
2242.78
2242.78
1799.84
1799.84
1636.91
1636.91
2130.65
2130.65
2843.86
2843.86
1037.35
1388.04
1388.04
1388.04
2606.59
2606.59
1481.19
1481.19
513.41
513.41
2222.40
2222.40
1943.02
1943.02
814.92
814.92
686.05
686.05
796.99
796.99
945.96
945.96
1112.28
1112.28
1306.73
1306.73
978.83
978.83
1037.28
1037.28
185.21
185.21
1438.81
1438.81
2326.45
2326.45
2758.43
2758.43
3341.15
3341.15
3828.45
3828.45
2626.11
2626.11
2626.11
2626.11
2626.11
2626.11
2005.28
2005.28
3282.65
3282.65
4485.79
4485.79
4502.29
4502.29
214.51
214.51
1620.58
1620.58
2554.14
2554.14
1870.99
1870.99
15.95
15.95
595.25
595.25
927.71
927.71
1695.05
1695.05
1315.63
1315.63
1224.99
1224.99
979.05
979.05
45.61
45.61
38.92
38.92
714.56
714.56
715.22
715.22
1505.59
1505.59
3961.93
3961.93
4335.33
4335.33
1579.49
1579.49
1750.05
1750.05
1287.49
1287.49
1511.21
1511.21
1729.81
1729.81
2332.29
2332.29
2995.79
2995.79
3145.14
3145.14
3522.96
3522.96
3541.90
3541.90
2638.40
2638.40
4035.43
4035.43
4124.06
4124.06
4124.06
4124.06
4179.08
4179.08
5265.02
5265.02
3413.17
3413.17
3626.94
3626.94
19.89
19.89
10.00
10.00
40.71
40.71
2395.97
2395.97
2395.97
2395.97
2395.97
107.16
107.16
213.91
213.91
27.69
1245.61
535.05
535.05
2134.67
2134.67
2134.67
132.02
132.02
155.15
155.15
155.15
39.01
164.06
164.06
143.34
143.34
143.34
22.72
22.72
136.95
107.44
107.44
85.63
3089.20
3089.20
154.61
154.61
61.35
118.68
118.68
118.68
808.68
808.68
458.21
835.12
835.12
990.47
990.47
131.44
131.44
14.08
14.08
318.46
318.46
245.31
245.31
1237.13
1237.13
551.96
551.96
58.26
58.26
1115.94
1115.94
173.24
173.24
3017.05
3017.05
1503.33
1503.33
17.46
17.46
2044.54
2044.54
3920.76
3920.76
654.52
654.52
2702.07
2702.07
65.02
65.02
1908.95
1908.95
1550.53
1550.53
388.66
388.66
388.66
46.64
46.64
881.30
1557.91
1557.91
144.61
144.61
416.28
416.28
120.54
120.54
120.54
120.54
120.54
83.03
83.03
83.03
83.03
83.03
83.03
83.03
83.03
83.03
83.03
83.03
83.03
83.03
60.00
229.80
229.80
10.00
10.00
10.00
13.67
196.23
330.45
774.40
482.32
482.32
1251.76
1715.51
1955.31
1955.31
1955.31
10.00
46.24
14.45
14.45
55.96
55.96
655.84
655.84
1703.63
1284.98
1284.98
2171.32
2171.32
61.40
61.40
2595.31
2595.31
710.41
710.41
2259.49
2259.49
66.99
66.99
2017.93
2017.93
2450.25
2450.25
1699.07
1699.07
1259.51
1259.51
51.68
51.68
20.59
20.59
281.94
281.94
993.71
993.71
993.71
993.71
382.88
382.88
703.00
1417.73
1274.79
1274.79
2477.57
2477.57
1116.81
1116.81
1471.45
1471.45
1186.23
1186.23
116.46
116.46
31.34
31.34
15.16
15.16
464.22
464.22
464.22
1535.80
1535.80
1771.33
1771.33
2920.87
2920.87
714.10
714.10
3737.31
3737.31
65.03
2479.79
2479.79
1403.75
1403.75
2605.72
2605.72
1239.58
1239.58
1239.58
1239.58
1239.58
26.40
1775.04
2915.42
2324.21
2324.21
3614.03
3614.03
2638.93
2638.93
702.49
702.49
1716.36
1716.36
4722.20
4722.20
4475.46
4475.46
3523.24
3523.24
15.07
15.07
1431.66
1431.66
164.07
164.07
43.52
43.52
1321.04
1321.04
64.25
64.25
159.59
159.59
29.21
29.21
1258.13
1258.13
30.81
30.81
30.81
2968.57
14.73
14.73
14.73
65.49
65.49
65.49
65.49
65.49
19.56
19.56
19.56
898.51
898.51
898.51
898.51
10.00
227.09
316.25
316.25
48.47
48.47
970.22
970.22
544.54
544.54
544.54
105.80
105.80
105.80
105.80
105.80
105.80
659.77
421.46
421.46
1003.15
809.61
809.61
809.61
58.20
64.82
1508.56
196.81
1200.52
1200.52
1200.52
339.21
143.05
536.62
2272.65
2272.65
413.42
413.42
1195.20
1195.20
1503.67
82.36
82.36
82.36
82.36
82.36
82.36
770.76
770.76
770.76
770.76
770.76
833.71
257.77
257.77
68.40
68.40
249.06
249.06
249.06
249.06
16.89
16.89
580.91
436.03
739.12
739.12
739.12
65.28
65.28
65.28
65.28
20.73
38.16
38.16
1048.98
26.13
26.13
1094.60
1094.60
18.77
18.77
211.50
211.50
211.50
211.50
10.00
10.00
10.00
10.00
10.00
1024.56
1280.31
323.42
1258.70
692.05
706.25
1099.92
1099.92
1099.92
31.95
31.95
31.95
291.84
839.29
839.29
1462.16
1185.80
1185.80
541.54
541.54
541.54
1850.61
1850.61
25.48
25.48
25.48
25.48
25.48
33.84
1035.26
1899.60
49.49
1127.86
1127.86
245.86
245.86
898.43
898.43
898.43
898.43
898.43
147.15
554.48
735.49
735.49
1288.71
1545.40
981.49
981.49
10.00
10.00
2770.16
1052.71
2920.39
2920.39
2881.53
2881.53
3734.86
3734.86
796.83
796.83
1683.23
1683.23
10.00
10.00
17.25
17.25
567.89
1171.72
1171.72
1474.86
1474.86
1474.86
1492.50
1492.50
1125.25
1125.25
28.21
28.21
903.99
903.99
903.99
903.99
696.58
888.74
1043.95
1043.95
749.48
749.48
1951.03
1951.03
1317.58
1317.58
607.55
607.55
31.18
31.18
622.28
622.28
622.28
1350.51
1735.87
1735.87
95.51
95.51
986.94
986.94
26.85
26.85
10.00
10.00
15.04
15.04
862.80
862.80
911.11
911.11
911.11
40.55
40.55
10.00
13.14
13.14
284.10
284.10
19.62
19.62
97.99
97.99
1186.01
1186.01
952.70
952.70
84.60
84.60
2806.19
2806.19
60.26
60.26
60.26
60.26
60.26
60.26
315.56
315.56
1227.28
1373.78
1408.15
700.26
1490.70
1490.70
43.68
43.68
43.68
104.25
519.37
519.37
813.13
813.13
667.75
667.75
1278.89
1278.89
289.34
289.34
1820.63
1820.63
915.12
915.12
1189.31
1189.31
804.48
804.48
10.00
10.00
10.00
611.51
611.51
611.51
638.15
638.15
743.07
743.07
29.31
29.31
29.31
196.10
1355.93
1355.93
187.74
25.95
25.95
631.94
631.94
887.02
887.02
887.02
887.02
591.38
591.38
591.38
591.38
591.38
412.98
412.98
412.98
280.13
280.13
280.13
152.65
813.23
736.13
736.13
10.00
10.00
335.91
335.91
524.59
524.59
165.43
165.43
616.66
616.66
14.19
168.17
168.17
130.08
130.08
130.08
50.60
58.74
58.74
874.93
874.93
90.56
90.56
90.56
34.04
34.04
952.47
952.47
952.47
131.04
131.04
680.35
680.35
740.58
740.58
383.50
383.50
23.01
23.01
23.01
29.48
29.48
29.48
828.72
768.75
174.49
174.49
917.96
188.28
188.28
635.57
635.57
696.32
696.32
39.55
39.55
185.18
185.18
185.18
454.56
454.56
454.56
454.56
169.39
169.39
237.60
237.60
469.26
760.67
483.15
483.15
483.15
483.15
483.15
600.99
802.20
802.20
461.35
461.35
693.55
556.38
961.07
961.07
665.45
665.45
586.62
586.62
586.62
824.79
854.61
854.61
854.61
1217.46
829.30
551.06
551.06
505.98
505.98
19.94
19.94
630.90
630.90
1158.85
1158.85
25.56
25.56
25.56
728.42
728.42
728.42
39.00
39.00
718.15
718.15
912.87
912.87
912.87
1059.15
968.48
968.48
1137.33
1459.89
1459.89
853.08
1174.82
1174.82
1458.68
1458.68
1308.17
1308.17
738.81
738.81
1321.75
1321.75
2726.42
2726.42
54.83
54.83
706.14
706.14
107.34
107.34
107.34
533.80
1767.51
1767.51
1767.51
838.55
838.55
838.55
838.55
838.55
838.55
838.55
12.04
934.34
2097.53
2161.18
2774.03
2774.03
423.86
423.86
2280.61
2280.61
220.72
220.72
619.39
619.39
97.07
97.07
97.07
863.85
863.85
863.85
1482.74
27.45
1972.05
1972.05
1434.85
1434.85
4214.98
4214.98
6181.94
6181.94
244.79
244.79
2699.25
2699.25
4242.30
4242.30
10.00
10.00
17.21
17.21
17.21
17.21
17.21
17.21
698.74
698.74
698.74
248.71
248.71
25.93
25.93
25.93
25.93
28.58
28.58
601.84
601.84
876.14
876.14
876.14
270.34
270.34
27.66
562.09
1175.37
1175.37
42.56
42.56
334.29
334.29
334.29
334.29
334.29
334.29
334.29
1165.83
10.00
10.00
784.04
784.04
1038.36
1038.36
1038.36
32.81
32.81
32.81
32.81
11.60
11.60
11.60
11.60
15.51
15.51
15.51
87.70
118.97
194.20
194.20
198.58
302.80
139.18
139.18
139.18
162.81
162.81
174.45
174.45
112.57
112.57
256.06
367.08
484.66
363.31
670.01
624.82
624.82
624.82
510.39
510.39
934.84
934.84
934.84
934.84
934.84
744.58
787.26
787.26
855.14
10.00
10.00
1027.44
1027.44
811.05
811.05
811.05
695.76
502.30
502.30
502.30
502.30
502.30
502.30
502.30
502.30
85.53
85.53
85.53
224.32
224.32
224.32
219.25
745.50
685.38
355.07
355.07
527.17
527.17
12.04
12.04
37.67
686.05
48.41
48.41
410.49
410.49
652.89
652.89
479.61
409.01
409.01
711.43
711.43
673.00
673.00
941.44
941.44
1513.36
1513.36
119.28
119.28
80.24
80.24
653.19
653.19
653.19
653.19
620.24
620.24
691.10
691.10
675.22
675.22
978.78
978.78
978.78
170.36
170.36
328.31
328.31
328.31
328.31
328.31
328.31
328.31
328.31
17.68
639.61
639.61
569.19
494.29
834.87
834.87
15.47
631.85
1147.10
1147.10
1297.82
1297.82
1533.49
1533.49
678.42
678.42
1326.30
1326.30
760.84
760.84
668.63
668.63
911.65
911.65
273.31
273.31
273.31
273.31
273.31
273.31
273.31
273.31
42.08
42.08
367.31
367.31
251.09
251.09
11.54
11.54
446.45
446.45
446.45
446.45
446.45
446.45
446.45
446.45
173.30
173.30
173.30
112.04
112.04
417.69
979.54
50.26
50.26
14.79
400.42
153.76
153.76
153.76
153.76
153.76
10.00
10.00
10.00
477.61
329.36
329.36
329.36
10.92
273.95
180.48
180.48
512.68
512.68
512.68
512.68
458.22
458.22
1055.76
1055.76
962.14
962.14
962.14
12.64
12.64
12.64
12.64
982.51
982.51
816.62
816.62
816.62
816.62
623.96
440.49
440.49
440.49
449.15
206.41
206.41
206.41
206.41
206.41
171.19
171.19
234.81
166.16
85.04
85.04
15.79
132.40
132.40
103.82
103.82
103.82
23.06
138.71
138.71
138.71
382.41
541.30
541.30
640.05
640.05
180.05
180.05
123.00
123.00
1144.34
1144.34
363.02
363.02
733.42
733.42
74.88
74.88
786.13
221.63
221.63
221.63
221.63
221.63
221.63
221.63
221.63
221.63
221.63
221.63
221.63
221.63
221.63
221.63
221.63
372.47
283.18
96.55
96.55
96.55
96.55
96.55
107.31
160.53
160.53
13.46
13.46
106.64
106.64
164.31
164.31
164.31
13.52
13.52
74.44
94.92
94.92
94.92
94.92
11.79
11.79
11.79
11.79
61.14
61.14
56.32
56.32
45.26
45.26
22.73
40.31
40.31
40.31
40.31
40.31
94.08
108.96
108.96
94.60
94.60
79.78
79.78
82.85
82.85
161.22
207.10
207.10
207.10
292.13
556.60
556.60
265.65
484.33
836.85
1012.90
641.78
641.78
283.20
283.20
468.23
468.23
221.88
221.88
410.22
410.22
410.22
410.22
410.22
191.69
191.69
388.54
388.54
437.79
652.20
652.20
873.64
873.64
42.01
78.52
78.52
34.73
34.73
34.73
34.73
34.73
34.73
34.73
34.73
635.74
619.50
1731.96
3879.25
3879.25
3879.25
3879.25
14.70
1336.87
1077.86
1359.39
1359.39
1561.82
1561.82
1561.82
1561.82
2597.28
2597.28
2810.30
2810.30
2224.94
2224.94
2748.15
2748.15
3497.69
3497.69
2803.24
2803.24
2832.20
2832.20
2235.03
2235.03
3929.15
3929.15
1146.01
1146.01
1973.70
1973.70
2007.75
2007.75
32.75
32.75
3154.56
3154.56
3656.66
3656.66
3687.20
3687.20
2032.01
2032.01
305.78
305.78
3887.22
3887.22
2579.26
2579.26
3100.58
3100.58
1419.83
1419.83
2157.91
2157.91
2345.42
2345.42
2935.53
2935.53
1995.40
1995.40
2126.76
2126.76
2937.46
2937.46
2343.05
2343.05
3894.40
3894.40
91.37
91.37
3080.71
3080.71
51.34
51.34
18.51
18.51
1796.91
1796.91
1307.28
1307.28
14.84
14.84
4139.86
4139.86
977.54
977.54
4683.90
4683.90
3927.53
3927.53
4590.38
4590.38
3589.53
3589.53
1654.26
1654.26
1424.98
1424.98
41.99
41.99
1342.30
1342.30
80.99
80.99
1357.45
1357.45
1465.78
1465.78
4841.65
4841.65
3728.87
3728.87
4475.90
4475.90
3237.26
3237.26
5784.81
5784.81
2474.71
2474.71
5097.09
5097.09
1637.34
1637.34
5316.91
5316.91
4545.14
4545.14
1160.39
1160.39
4059.72
4059.72
40.24
40.24
5657.30
5657.30
4197.82
4197.82
5437.58
5437.58
3286.28
3286.28
4823.19
4823.19
4568.03
4568.03
4033.37
4033.37
4779.64
4779.64
4239.81
4239.81
2742.39
2742.39
726.53
726.53
1194.38
1194.38
2870.00
2870.00
3181.61
3181.61
5581.39
5581.39
13.52
13.52
212.06
212.06
2015.72
2015.72
4058.60
4058.60
4242.94
4242.94
5229.48
5229.48
3765.85
3765.85
3742.86
3742.86
4875.14
4875.14
6183.50
6183.50
461.53
461.53
2381.41
2381.41
136.68
136.68
4694.04
4694.04
4547.46
4547.46
4570.05
4570.05
5137.14
5137.14
3828.43
3828.43
1217.65
1217.65
4270.90
4270.90
2300.03
2300.03
2935.20
2935.20
4384.74
4384.74
4209.81
4209.81
3418.76
3418.76
3802.74
3802.74
4635.16
4635.16
4635.16
4635.16
4400.53
4400.53
1358.37
1358.37
17.24
17.24
4060.06
4060.06
2943.19
2943.19
10.06
10.06
4346.34
4346.34
27.64
27.64
2391.80
2391.80
5666.70
5666.70
5033.41
5033.41
1571.88
1571.88
2320.12
2320.12
2320.12
2320.12
2320.12
280.06
1025.05
1025.05
1025.05
1025.05
1025.05
73.96
1713.99
1681.91
2302.47
2302.47
2488.21
2488.21
2488.10
2488.10
2488.10
2488.10
2488.10
2488.10
2023.35
2023.35
2471.35
2471.35
1556.73
1556.73
3146.63
3146.63
3778.73
3778.73
971.39
971.39
2521.69
2521.69
481.34
481.34
3690.26
3690.26
3752.72
3752.72
3722.71
3722.71
4269.98
4269.98
4269.98
4269.98
3198.90
3198.90
3198.90
3198.90
3198.90
3198.90
3198.90
3198.90
4259.54
4259.54
3996.96
3996.96
3718.96
3718.96
3379.96
3379.96
2944.26
2944.26
3932.91
3932.91
5697.90
5697.90
5697.90
5697.90
4897.74
4897.74
5575.23
5575.23
5575.23
5575.23
5575.23
5575.23
5575.23
5575.23
5575.23
5575.23
5575.23
5575.23
156.28
156.28
5142.69
5142.69
7592.62
7592.62
7514.34
7514.34
4121.30
4121.30
3987.81
3987.81
3987.81
162.29
6348.31
6348.31
6348.31
6348.31
6348.31
6348.31
6348.31
6348.31
6112.00
6112.00
4677.12
4677.12
3738.08
3738.08
2161.51
2161.51
4101.54
4101.54
4101.54
4101.54
4887.98
4887.98
4594.20
4594.20
4549.21
4549.21
3843.14
3843.14
5394.22
5394.22
4034.68
4034.68
4468.79
4468.79
33.19
33.19
22.56
22.56
44.43
44.43
89.64
89.64
164.47
164.47
36.36
36.36
36.36
2991.44
2991.44
3509.44
4039.49
4039.49
5007.29
5007.29
5375.12
5375.12
5447.33
5447.33
4025.35
4025.35
3445.11
3445.11
2439.95
2439.95
15.22
15.22
2550.90
2550.90
3351.99
3351.99
4194.26
4194.26
3009.62
3009.62
815.33
815.33
1210.28
1210.28
373.70
373.70
1348.73
1348.73
908.55
908.55
571.74
571.74
1729.83
1729.83
2837.47
2837.47
1530.16
1530.16
851.67
851.67
2362.75
2362.75
424.93
424.93
36.17
36.17
117.75
117.75
134.52
134.52
43.48
43.48
1875.23
1875.23
3832.29
3832.29
1599.37
1599.37
6441.97
6441.97
4386.85
4386.85
913.15
913.15
4150.82
4150.82
3950.88
3950.88
15.05
15.05
5551.63
5551.63
2319.66
2319.66
4859.02
4859.02
511.30
511.30
71.55
71.55
1658.19
1658.19
785.18
785.18
3530.82
3530.82
5053.87
5053.87
3630.89
3630.89
4404.29
4404.29
50.35
50.35
3812.60
3812.60
3684.04
3684.04
76.63
76.63
6377.80
6377.80
55.12
55.12
17.23
17.23
44.71
44.71
3174.45
3174.45
6814.67
6814.67
2118.03
2118.03
4048.14
4048.14
6029.89
6029.89
6114.35
6114.35
5540.06
5540.06
6393.32
6393.32
18.47
18.47
99.04
99.04
6579.62
6579.62
4048.39
4048.39
4258.89
4258.89
5347.03
5347.03
3661.77
3661.77
3760.94
3760.94
4662.88
4662.88
4743.02
4743.02
613.00
613.00
6716.96
6716.96
4851.75
4851.75
3804.74
3804.74
257.04
257.04
605.68
605.68
274.87
274.87
1081.35
1081.35
1439.68
1439.68
946.89
946.89
972.69
972.69
1333.26
1333.26
27.23
27.23
22.48
22.48
22.48
533.22
1241.35
1241.35
376.76
376.76
757.99
757.99
977.20
977.20
2329.77
2329.77
2329.77
14.54
14.54
55.22
1108.87
1108.87
628.95
628.95
60.18
60.18
60.18
15.00
3063.93
3063.93
16.69
16.69
3063.15
3063.15
1522.79
1522.79
277.44
277.44
642.06
642.06
572.10
572.10
669.71
669.71
478.79
478.79
478.79
1164.88
1164.88
771.52
771.52
1832.90
2401.14
2401.14
2105.11
2105.11
107.63
107.63
1443.18
1443.18
2174.59
2174.59
2065.68
2065.68
1370.81
1370.81
2751.13
2751.13
1075.59
1075.59
1940.51
1940.51
590.66
590.66
392.82
392.82
43.88
43.88
1705.13
1705.13
2168.16
2168.16
1117.68
1117.68
445.78
445.78
266.80
266.80
2739.29
2739.29
668.12
668.12
2745.46
2745.46
3437.60
3437.60
1484.88
1484.88
50.00
50.00
1249.02
1249.02
4305.41
4305.41
4224.53
4224.53
3734.62
3734.62
12.99
12.99
3201.41
3201.41
2879.03
2879.03
3021.49
3021.49
5144.06
5144.06
4815.01
4815.01
3313.31
3313.31
44.96
44.96
145.57
145.57
415.43
415.43
48.23
48.23
3713.48
3713.48
527.59
527.59
101.77
101.77
267.11
267.11
4518.96
4518.96
5025.26
5025.26
2026.17
2026.17
2904.98
2904.98
60.97
60.97
201.44
201.44
1915.55
1915.55
10.00
10.00
125.93
125.93
97.65
97.65
4491.60
4491.60
1919.51
1919.51
3918.01
3918.01
2499.78
2499.78
1870.14
1870.14
805.17
805.17
3942.33
3942.33
2882.61
2882.61
28.39
28.39
3727.12
3727.12
3669.54
3669.54
4828.96
4828.96
894.52
894.52
2292.96
2292.96
4800.36
4800.36
4592.62
4592.62
2772.15
2772.15
2722.92
2722.92
2887.04
2887.04
3517.25
3517.25
4389.15
4389.15
4599.34
4599.34
4025.45
4025.45
1300.04
1300.04
4064.69
4064.69
1388.43
1388.43
4998.66
4998.66
23.34
23.34
1124.95
1124.95
2840.59
2840.59
3306.64
3306.64
130.26
130.26
1919.14
1919.14
2598.98
2598.98
2760.23
2760.23
676.53
676.53
20.23
20.23
1611.43
1611.43
2296.09
2296.09
2402.89
2402.89
3037.49
3037.49
3069.60
3069.60
1720.20
1720.20
2817.38
2817.38
506.04
506.04
2460.90
2460.90
2884.80
2884.80
2912.48
2912.48
3592.64
3592.64
4938.25
4938.25
2618.78
2618.78
3311.07
3311.07
4598.70
4598.70
2155.41
2155.41
1001.14
1001.14
3010.87
3010.87
799.25
799.25
1598.22
1598.22
984.71
984.71
4189.13
4189.13
4544.79
4544.79
4433.76
4433.76
2365.58
2365.58
2365.58
2365.58
2365.58
2365.58
2365.58
2365.58
2365.58
2365.58
2365.58
2040.63
2040.63
4622.32
4622.32
3394.34
3394.34
4252.78
4252.78
4252.78
3166.34
3166.34
3166.34
3356.03
3356.03
3379.78
3379.78
2191.70
2191.70
2072.65
2072.65
2107.79
2107.79
2487.72
2487.72
15.29
15.29
3523.22
3523.22
3156.66
3156.66
4433.40
4433.40
5684.64
1082.00
1082.00
1082.00
6045.94
6045.94
12.03
12.03
56.21
56.21
1723.79
1723.79
2476.42
2476.42
2653.25
2653.25
2112.78
2112.78
5560.38
5560.38
1790.46
1790.46
1610.21
1610.21
3392.88
4826.59
4826.59
4826.59
5410.63
5410.63
1831.97
1831.97
6680.10
6680.10
5446.51
5446.51
4796.40
4796.40
5043.44
5043.44
2468.28
2468.28
5617.73
5617.73
4045.24
4045.24
16.13
16.13
3826.75
5599.17
5599.17
5599.17
3540.99
3540.99
1213.15
1213.15
2794.02
2794.02
108.67
108.67
1122.92
1122.92
767.87
767.87
2610.88
2610.88
229.33
229.33
15.97
15.97
69.52
69.52
5031.34
5031.34
5586.61
5586.61
3663.44
3663.44
840.14
840.14
19.03
19.03
3882.75
3882.75
3416.92
3416.92
2122.17
2122.17
2621.48
2621.48
735.28
735.28
1150.84
1150.84
2741.81
2741.81
4739.97
4739.97
2463.33
2463.33
3840.62
3840.62
1306.71
1306.71
17.25
17.25
5722.91
5722.91
3268.03
3268.03
4306.19
4306.19
4071.47
4071.47
4880.05
4880.05
5103.16
5103.16
3726.20
3726.20
4508.76
4508.76
2219.91
2219.91
6405.81
6405.81
2000.10
2000.10
1170.09
1170.09
2801.07
2801.07
1100.15
1100.15
30.00
30.00
773.40
773.40
12.59
12.59
4555.34
4555.34
64.32
64.32
176.89
176.89
28.77
28.77
540.70
540.70
64.06
64.06
743.65
743.65
65.17
65.17
20.29
20.29
183.28
183.28
270.83
270.83
23.13
23.13
23.13
59.48
996.89
996.89
1963.81
1963.81
848.63
848.63
2329.05
2329.05
2977.84
2977.84
4693.67
4693.67
3150.62
3150.62
5507.00
5507.00
1506.03
1506.03
3322.35
3322.35
5330.46
5330.46
5179.30
5179.30
5051.00
5051.00
348.94
348.94
4417.16
4417.16
6623.60
6623.60
3650.07
3650.07
1102.84
1102.84
2714.53
2714.53
4844.92
4844.92
4844.92
4844.92
4844.92
4844.92
594.80
594.80
3532.95
3532.95
5045.20
5045.20
3734.58
3734.58
5343.76
5343.76
3800.84
3800.84
5857.80
5857.80
1579.96
1579.96
4337.04
4337.04
6743.52
6743.52
5754.38
5754.38
3381.15
3381.15
4978.43
4978.43
5117.86
5117.86
5117.86
5117.86
7438.44
7438.44
1002.06
1002.06
4171.94
4171.94
5930.21
5930.21
458.24
458.24
3450.70
3450.70
4867.76
4867.76
763.81
763.81
12.18
12.18
3726.98
3726.98
3436.70
3436.70
5549.71
5549.71
6176.84
6176.84
4577.60
4577.60
5643.61
5643.61
4395.30
4395.30
5486.62
5486.62
5504.96
5504.96
5206.22
5206.22
5001.02
5001.02
3620.66
3620.66
3620.66
3620.66
3620.66
3620.66
41.27
41.27
7984.11
7984.11
6023.89
6023.89
6165.95
6165.95
80.94
80.94
2246.86
2246.86
1460.03
1460.03
59.65
59.65
5311.67
5311.67
6235.76
6235.76
248.43
248.43
42.54
42.54
14.15
14.15
36.05
36.05
590.45
590.45
590.45
590.45
283.31
283.31
443.61
21.08
21.08
813.46
813.46
1000.21
713.78
713.78
419.21
419.21
419.21
419.21
10.00
1768.67
3156.40
3156.40
425.24
425.24
57.57
57.57
215.88
215.88
648.68
648.68
34.16
34.16
78.31
78.31
69.44
69.44
239.08
239.08
451.19
451.19
65.94
65.94
5315.44
5315.44
426.86
426.86
4918.68
4918.68
5726.54
5726.54
4592.89
4592.89
4592.89
4592.89
4592.89
4592.89
4592.89
4592.89
4592.89
4592.89
1722.33
1722.33
1234.05
1234.05
65.20
65.20
285.15
285.15
70.88
70.88
70.88
2890.00
2890.00
677.77
677.77
677.77
2862.28
2862.28
731.19
731.19
340.82
340.82
724.32
724.32
87.79
87.79
638.81
638.81
1884.49
1884.49
828.97
828.97
828.97
230.62
230.62
230.62
230.62
1103.04
1103.04
1103.04
1749.30
1749.30
855.29
855.29
1309.46
1309.46
1309.46
621.04
1086.91
1086.91
1076.90
1076.90
30.81
30.81
1529.52
1529.52
2817.80
2817.80
3234.06
3234.06
3336.86
3336.86
2873.25
2873.25
127.86
127.86
109.88
109.88
1776.59
1776.59
741.53
741.53
14.31
14.31
14.31
43.73
60.11
60.11
764.71
764.71
19.64
19.64
480.05
480.05
2709.26
2709.26
2804.93
2804.93
2808.45
2808.45
1165.95
1165.95
1534.36
1534.36
2734.84
2734.84
346.95
346.95
2025.73
2025.73
1197.97
1197.97
979.89
979.89
166.89
166.89
1393.31
1393.31
1723.35
1723.35
507.55
507.55
2098.02
2098.02
1836.55
1836.55
93.49
93.49
20.33
20.33
3009.84
3009.84
2493.85
2493.85
723.38
723.38
1422.62
1422.62
1673.29
1673.29
1754.92
1754.92
2346.48
2346.48
2764.23
2764.23
2094.05
2094.05
2810.60
2810.60
2863.18
2863.18
783.06
783.06
1007.55
1007.55
645.37
645.37
10.00
10.00
400.97
400.97
10.00
10.00
195.04
195.04
142.84
142.84
619.00
619.00
2089.01
2089.01
2121.81
2121.81
115.72
115.72
115.72
998.91
3023.03
3023.03
824.13
824.13
175.78
175.78
2058.25
2058.25
314.75
314.75
124.69
124.69
131.34
131.34
295.86
295.86
83.30
83.30
1964.49
1964.49
3192.99
3192.99
63.92
63.92
63.92
63.92
18.09
2288.05
2288.05
1329.67
2334.58
2334.58
27.29
27.29
10.00
10.00
41.44
41.44
1246.76
1246.76
1529.82
1529.82
757.17
757.17
757.17
3043.02
3043.02
3043.02
1323.86
646.15
930.57
930.57
15.18
15.18
1198.91
1198.91
2074.20
2074.20
3786.78
3786.78
14.01
14.01
467.84
467.84
3266.04
3266.04
2278.72
2278.72
3503.94
3503.94
1191.20
1191.20
15.90
15.90
1287.59
1287.59
15.23
15.23
49.20
49.20
22.23
22.23
2702.25
2702.25
2702.25
173.29
173.29
173.29
173.29
173.29
369.78
369.78
369.78
369.78
36.60
1227.65
1074.41
69.28
1128.31
75.42
75.42
75.42
75.42
375.15
375.15
375.15
15.95
15.95
994.42
503.73
90.67
155.10
155.10
430.65
143.27
143.27
44.23
44.23
1922.36
1922.36
48.66
48.66
48.66
840.04
840.04
27.55
347.47
347.47
1483.00
1483.00
74.10
74.10
1409.14
1409.14
1409.14
50.00
39.56
39.56
438.21
438.21
1796.31
1796.31
1544.30
1544.30
1765.81
1765.81
786.62
786.62
1536.95
1536.95
38.22
38.22
1804.05
1804.05
703.40
703.40
2032.87
2032.87
86.44
86.44
2375.09
2375.09
10.00
10.00
719.29
719.29
819.88
819.88
1159.91
1159.91
11.63
11.63
14.04
14.04
14.04
14.04
1668.92
1657.61
1657.61
640.93
640.93
640.93
877.40
877.40
234.89
420.31
1940.95
1940.95
51.39
51.39
564.41
564.41
598.77
598.77
1963.81
1963.81
20.99
20.99
1161.35
1161.35
1180.48
1180.48
1693.60
1693.60
735.91
735.91
139.07
139.07
1006.02
1006.02
1463.46
1463.46
16.08
16.08
2251.87
2251.87
2251.87
2251.87
54.38
54.38
488.10
1424.37
1424.37
1374.05
265.60
265.60
234.16
234.16
517.70
517.70
1729.66
1729.66
1221.58
1221.58
1799.18
1799.18
1131.31
1131.31
28.43
28.43
926.51
926.51
13.00
13.00
1348.40
1348.40
16.26
16.26
2201.93
2201.93
2421.57
2421.57
701.34
701.34
849.36
849.36
26.44
26.44
122.48
122.48
1814.14
1814.14
1511.22
1511.22
445.26
445.26
275.45
275.45
238.18
238.18
123.52
123.52
27.14
27.14
27.14
16.95
1339.93
1339.93
2339.44
2339.44
3074.90
3074.90
3590.19
3590.19
3671.56
3671.56
2074.74
2074.74
113.60
113.60
16.22
16.22
1462.71
1462.71
30.95
30.95
3558.15
3558.15
3628.67
3628.67
1773.89
1773.89
1726.70
1726.70
1625.99
1625.99
1275.48
1275.48
1448.63
1448.63
2754.65
2754.65
2457.51
2457.51
3321.88
3321.88
1511.39
1511.39
3096.64
3096.64
2846.87
2846.87
1947.44
1947.44
1693.33
1693.33
2527.40
2527.40
1749.13
1749.13
1710.16
1710.16
1521.90
1521.90
2315.34
2315.34
1749.54
1749.54
1000.17
1000.17
2286.12
2286.12
13.79
13.79
2538.76
2538.76
2148.92
2148.92
756.70
756.70
1464.16
1464.16
2614.83
2614.83
2190.55
2190.55
2354.88
2354.88
2618.81
2618.81
1559.49
1559.49
1559.49
1559.49
1559.49
1559.49
2179.62
2179.62
1667.43
1667.43
1834.74
1834.74
1916.66
1916.66
2352.86
2352.86
1985.65
1985.65
2677.57
2677.57
1284.62
1284.62
2476.15
2476.15
1889.67
1889.67
21.83
21.83
1557.37
1557.37
531.00
531.00
1493.88
1493.88
565.83
565.83
1419.13
1419.13
1419.13
870.09
818.30
818.30
799.48
799.48
926.53
926.53
958.26
958.26
1048.65
1048.65
1151.80
1151.80
1385.13
1385.13
1261.90
1261.90
2412.02
2412.02
1846.20
1846.20
1236.38
1236.38
2775.42
2775.42
2775.42
1583.33
1583.33
26.48
26.48
1425.70
1425.70
781.12
781.12
1824.88
1824.88
1366.23
1366.23
963.18
963.18
752.33
752.33
673.08
673.08
1558.30
1558.30
1477.44
1477.44
1082.37
1082.37
1594.87
1594.87
2385.07
2385.07
1603.90
1603.90
2531.25
2531.25
33.35
33.35
701.64
701.64
388.36
388.36
205.46
205.46
62.50
62.50
521.80
521.80
521.80
23.98
23.98
23.98
23.98
23.98
23.98
23.98
23.98
43.52
43.52
43.52
43.52
711.07
711.07
266.54
797.57
797.57
797.57
917.79
664.65
664.65
664.65
137.79
137.79
137.79
137.79
182.78
182.78
26.07
220.84
220.84
220.84
148.66
179.00
146.24
285.82
285.82
285.82
401.13
401.13
401.13
64.21
621.22
534.50
1223.32
1198.36
2469.16
2539.84
2539.84
40.02
40.02
2493.32
2493.32
4120.57
4120.57
2420.35
2420.35
3520.63
3520.63
6308.08
6308.08
982.11
982.11
162.51
162.51
5744.61
5744.61
492.22
492.22
59.86
59.86
882.33
882.33
175.25
175.25
900.11
900.11
74.91
74.91
29.68
29.68
1934.32
1934.32
7057.86
7057.86
61.85
61.85
3504.26
3504.26
4434.74
4434.74
4024.56
4024.56
61.44
61.44
45.01
45.01
252.59
252.59
851.44
851.44
2941.90
2941.90
18.32
18.32
5576.32
5576.32
4678.57
4678.57
6205.32
6205.32
7431.98
7431.98
1822.38
1822.38
74.69
74.69
1405.63
1405.63
4719.82
4719.82
576.21
576.21
994.64
994.64
100.88
100.88
80.34
80.34
42.86
42.86
1767.23
1767.23
2152.85
2152.85
6525.33
6525.33
43.14
43.14
7402.08
7402.08
4315.71
4315.71
1156.74
1156.74
6513.78
6513.78
7457.27
7457.27
9963.14
9963.14
6781.99
6781.99
2086.31
2086.31
3066.00
3066.00
42.56
42.56
20.03
20.03
14.79
14.79
62.74
62.74
234.13
234.13
20.21
20.21
175.04
175.04
1333.01
1333.01
22.24
22.24
382.04
382.04
228.68
228.68
115.92
115.92
92.66
92.66
292.21
292.21
131.76
131.76
200.44
200.44
2226.75
2226.75
3554.14
3554.14
3554.14
3554.14
3554.14
3554.14
18.95
18.95
18.95
18.95
1649.97
1306.38
2281.25
296.33
331.35
331.35
283.81
283.81
882.88
882.88
997.42
997.42
220.56
220.56
1008.95
1008.95
140.61
140.61
41.96
41.96
275.03
275.03
1596.48
1596.48
400.12
400.12
2302.86
2302.86
3283.03
3283.03
3253.96
3253.96
2674.92
2674.92
854.25
854.25
10.00
10.00
55.54
55.54
1116.30
1116.30
4298.65
4298.65
1364.71
1364.71
5964.16
5964.16
5843.76
5843.76
7246.17
7246.17
7633.43
7633.43
5760.74
5760.74
4208.92
4208.92
3505.10
3505.10
6156.25
6156.25
6148.60
6148.60
4979.52
4979.52
4976.79
4976.79
2183.44
2183.44
4357.82
4357.82
5841.12
5841.12
7174.20
7174.20
8474.41
8474.41
8474.41
8474.41
934.09
934.09
4127.92
4127.92
7179.86
7179.86
6945.90
6945.90
835.71
835.71
3338.93
3338.93
4519.26
4519.26
3140.64
3140.64
3817.72
3817.72
3817.72
3817.72
2905.33
2905.33
4966.66
4966.66
5493.75
5493.75
4782.68
4782.68
2816.75
2816.75
5487.55
5487.55
5487.55
5487.55
5487.55
5487.55
7248.36
7248.36
5961.33
5961.33
5032.38
5032.38
4677.41
4677.41
3624.58
3624.58
1170.79
1170.79
1958.02
1958.02
1745.57
1745.57
1585.52
1585.52
1384.59
1384.59
1770.39
1770.39
2150.33
2150.33
1115.88
1115.88
974.28
974.28
1839.67
1839.67
2070.31
2070.31
2489.50
2489.50
2312.49
2312.49
4538.38
4538.38
4125.26
4125.26
595.02
595.02
722.60
722.60
3349.66
3349.66
2756.32
2756.32
1889.73
1889.73
104.68
104.68
1334.46
1334.46
308.34
308.34
38.84
38.84
1237.98
1237.98
1804.88
1804.88
751.39
751.39
1420.15
1420.15
1750.20
1750.20
2124.80
2124.80
567.34
567.34
65.98
65.98
1139.29
1139.29
2081.72
2081.72
385.92
385.92
2427.75
2427.75
1872.12
1872.12
578.60
578.60
2192.47
2192.47
1664.27
1664.27
1900.25
1900.25
1348.68
1348.68
725.12
725.12
1568.99
1568.99
1851.08
1851.08
146.56
146.56
237.66
237.66
169.07
169.07
3868.62
3868.62
39.88
39.88
2393.36
2393.36
4689.42
4689.42
1471.89
1471.89
4704.99
4704.99
4365.17
4365.17
1603.31
1603.31
144.97
144.97
4480.57
4480.57
808.89
808.89
25.54
25.54
1162.90
1162.90
1162.90
612.49
1249.16
1249.16
2337.80
2337.80
505.96
505.96
245.44
245.44
2529.77
2529.77
29.75
29.75
53.64
53.64
975.97
975.97
975.97
52.51
52.51
52.51
52.51
1315.61
1473.18
1473.18
932.31
932.31
1926.65
1926.65
2376.22
2376.22
135.30
135.30
2763.68
2763.68
1270.43
1270.43
4961.75
4961.75
3337.76
3337.76
5231.26
5231.26
5600.47
5600.47
93.84
93.84
14.65
14.65
10.00
10.00
391.59
391.59
33.86
33.86
3792.74
3792.74
2930.48
2930.48
3283.74
3283.74
3283.74
3283.74
4420.74
1690.95
1930.82
1930.82
978.99
978.99
124.35
124.35
3390.09
3390.09
2424.42
2424.42
39.65
39.65
2797.55
2797.55
5063.00
5063.00
1100.66
1100.66
2026.06
2026.06
621.04
621.04
2105.27
2105.27
1131.88
1131.88
1292.01
1292.01
1567.23
1567.23
1697.87
1697.87
1697.87
1697.87
1418.12
851.09
719.27
719.27
730.40
730.40
552.06
552.06
571.37
571.37
1441.12
1441.12
2574.93
2574.93
582.32
582.32
1632.32
1632.32
2156.72
2156.72
800.95
800.95
92.77
92.77
77.36
77.36
537.16
537.16
729.91
729.91
3430.17
3430.17
22.38
22.38
225.44
225.44
225.44
441.28
284.65
284.65
18.97
18.97
17.59
17.59
12.12
12.12
349.35
349.35
89.50
89.50
729.43
729.43
2307.93
2307.93
65.19
65.19
16.21
16.21
580.71
580.71
54.89
54.89
1129.26
1129.26
20.07
20.07
533.67
533.67
2087.07
2087.07
4924.06
4924.06
2129.57
2129.57
6919.10
6919.10
1650.48
1650.48
777.52
777.52
2403.34
2403.34
241.49
241.49
53.66
53.66
69.51
69.51
69.51
69.51
1623.00
711.41
711.41
711.41
711.41
711.41
711.41
711.41
117.15
880.64
2418.39
2418.39
2418.39
78.54
1502.91
1854.28
1854.28
400.97
1697.35
1697.35
3294.62
3294.62
1179.42
1179.42
3814.33
3814.33
2988.96
2988.96
4020.41
4020.41
1106.44
1106.44
4559.17
4559.17
15.37
15.37
14.33
14.33
57.48
57.48
10.00
10.00
72.50
72.50
2149.88
2149.88
1707.40
1707.40
3516.09
3516.09
969.93
969.93
2000.00
2000.00
3469.08
3469.08
1801.21
1801.21
29.32
29.32
15.16
15.16
15.16
33.20
33.20
33.20
33.20
33.20
98.70
98.70
98.70
94.94
94.94
94.94
94.94
59.94
59.94
59.94
59.94
59.94
59.94
493.50
495.11
1221.00
952.57
859.96
1943.88
1943.88
1099.15
1010.56
1674.79
1674.79
2100.53
2100.53
1557.61
167.57
74.34
143.02
544.60
544.60
364.41
364.41
79.18
79.18
56.62
56.62
5008.24
5008.24
244.10
244.10
551.54
551.54
551.54
182.58
182.58
182.58
924.65
1159.71
1159.71
1953.57
2002.10
2002.10
108.49
108.49
3749.69
3749.69
4671.97
4671.97
10.00
10.00
4510.55
4510.55
991.48
991.48
7459.41
7459.41
3997.12
3997.12
1403.68
1403.68
2575.53
2575.53
4322.88
4322.88
23.01
23.01
2254.21
2254.21
66.90
66.90
2105.25
2105.25
49.89
49.89
5072.54
5072.54
1138.29
1138.29
80.80
80.80
53.15
53.15
8490.68
8490.68
76.11
76.11
1004.35
1004.35
400.21
400.21
15.21
15.21
15.21
15.21
15.21
29.65
29.65
575.13
575.13
575.13
575.13
360.80
360.80
1270.46
1270.46
1270.46
1270.46
10.00
10.00
1021.49
791.04
791.04
412.31
412.31
1139.36
2061.24
2784.20
570.11
570.11
570.11
570.11
570.11
570.11
570.11
570.11
570.11
570.11
570.11
570.11
570.11
570.11
570.11
570.11
570.11
570.11
570.11
570.11
570.11
570.11
570.11
570.11
570.11
570.11
570.11
570.11
570.11
570.11
570.11
570.11
570.11
570.11
570.11
570.11
570.11
227.57
183.75
205.14
147.70
147.70
169.00
169.00
169.00
221.15
172.42
172.42
172.42
72.53
72.53
72.53
100.31
100.31
100.31
21.78
21.78
70.78
70.78
118.34
118.34
67.94
67.94
14.20
14.20
44.26
44.26
41.37
60.69
54.82
54.82
54.82
54.82
54.82
54.82
127.11
127.11
69.11
109.25
109.25
109.25
109.25
36.95
36.95
36.95
55.94
55.94
55.94
64.66
64.66
64.66
64.66
64.66
37.66
37.66
37.66
54.11
54.11
78.40
87.96
55.54
55.54
55.54
38.94
38.94
62.00
62.51
62.51
88.04
103.02
235.27
235.27
235.27
58.35
58.35
86.99
86.99
114.18
114.18
101.97
252.94
252.94
91.58
91.58
137.61
137.61
100.73
100.73
100.73
150.04
153.06
293.78
595.10
736.91
773.34
773.34
773.34
140.51
1155.41
1431.65
1431.65
404.41
503.38
503.38
764.86
1127.70
712.70
712.70
969.30
1777.42
1777.42
1777.42
902.73
902.73
1234.78
1234.78
1009.32
1172.69
1172.69
1172.69
1172.69
1172.69
1172.69
106.32
106.32
618.98
860.58
1641.37
62.36
62.36
563.42
563.42
676.57
676.57
756.93
756.93
1083.23
1083.23
779.13
779.13
779.13
779.13
352.24
352.24
352.24
352.24
466.48
466.48
466.48
387.78
387.78
245.31
349.34
349.34
60.27
60.27
715.03
715.03
1085.80
546.24
991.17
1466.01
1466.01
61.48
1074.17
1074.17
885.45
885.45
136.04
136.04
17.15
17.15
17.15
17.15
13.52
842.48
842.48
1018.13
1018.13
1018.13
1018.13
393.42
393.42
393.42
372.22
409.71
409.71
409.71
58.26
919.70
919.70
919.70
777.64
777.64
1218.94
1218.94
892.49
892.49
38.78
38.78
38.78
38.78
38.78
38.78
27.76
27.76
27.76
234.83
234.83
266.49
266.49
379.88
865.30
185.00
185.00
540.58
540.58
10.00
729.60
1187.58
1187.58
50.41
159.05
14.94
14.94
164.06
164.06
143.29
143.29
143.29
33.39
33.39
344.45
344.45
891.54
61.40
150.49
150.49
156.21
156.21
1462.31
1462.31
1462.31
111.43
111.43
111.43
1186.13
1186.13
626.31
626.31
292.34
13.08
13.08
13.08
13.08
13.08
13.08
780.25
780.25
780.25
780.25
780.25
780.25
780.25
780.25
780.25
780.25
380.77
576.90
617.82
617.82
618.76
618.76
618.76
618.76
664.61
1066.52
642.28
1280.23
1422.82
474.10
474.10
309.83
309.83
309.83
309.83
50.80
744.16
1096.04
1096.04
403.12
403.12
473.52
473.52
638.92
638.92
638.92
558.32
558.32
534.25
534.25
244.94
244.94
752.41
752.41
12.43
12.43
512.95
530.32
530.32
530.32
245.39
245.39
206.46
206.46
454.94
454.94
1057.15
1057.15
502.17
502.17
502.17
502.17
146.61
332.31
346.13
430.36
857.96
857.96
226.41
526.25
629.06
169.06
169.06
33.91
33.91
87.72
87.72
580.88
1187.43
1187.43
1187.43
946.78
946.78
1751.39
1751.39
451.96
451.96
88.78
88.78
449.03
449.03
194.94
280.54
1754.15
1754.15
767.08
767.08
1376.81
1376.81
475.44
475.44
1496.46
1496.46
1496.46
667.84
667.84
667.84
667.84
719.25
1797.31
1797.31
1067.23
727.60
727.60
727.60
727.60
597.62
597.62
597.62
1240.10
1205.82
1209.50
961.48
809.97
809.97
809.97
1243.42
1243.42
1184.31
1184.31
1184.31
672.84
672.84
1607.96
1607.96
10.00
1284.84
1284.84
1196.72
1196.72
1196.72
1070.55
1070.55
10.00
1267.62
1084.42
1084.42
460.38
460.38
460.38
1717.83
703.39
703.39
270.73
270.73
270.73
270.73
270.73
270.73
270.73
30.67
912.84
912.84
611.18
611.18
1418.92
1418.92
2237.79
2237.79
17.69
17.69
2703.95
2703.95
73.38
73.38
13.71
13.71
2427.59
2427.59
16.33
16.33
2715.36
2715.36
1285.10
1285.10
2992.13
2992.13
2843.29
2843.29
2843.29
2843.29
1621.74
1621.74
756.58
756.58
281.24
281.24
906.52
906.52
9003.49
9003.49
6029.69
6029.69
8484.53
8484.53
2164.90
2164.90
7929.24
7929.24
8420.61
8420.61
7120.29
7120.29
8200.71
8200.71
2272.65
2272.65
2272.65
40.62
838.91
838.91
1004.50
1004.50
1537.67
1537.67
1891.67
1891.67
2014.58
2014.58
2743.51
2743.51
2609.84
2609.84
2152.71
2152.71
1609.20
1609.20
2280.83
2280.83
3620.18
3620.18
4470.53
4470.53
4470.53
4470.53
4470.53
4470.53
10.00
10.00
1256.93
1256.93
344.99
344.99
730.62
730.62
15.43
15.43
4353.29
4353.29
811.72
811.72
1946.77
1946.77
2712.52
2712.52
97.32
97.32
208.97
208.97
798.63
798.63
5697.57
5697.57
5697.57
5697.57
4551.81
4551.81
4551.81
4551.81
4551.81
4551.81
5882.07
5882.07
5766.94
5766.94
80.81
80.81
4256.77
4256.77
12.75
12.75
546.19
546.19
70.37
70.37
7515.42
7515.42
6748.07
6748.07
748.98
748.98
27.52
27.52
1968.16
1968.16
200.00
200.00
1184.03
1184.03
7131.07
7131.07
6138.65
6138.65
1002.31
1002.31
6935.08
6935.08
4237.10
4237.10
4237.10
7232.28
791.05
791.05
791.05
297.78
297.78
10.00
10.00
175.02
175.02
30.25
30.25
41.40
41.40
785.92
785.92
3709.28
3709.28
2775.27
2775.27
2800.17
2800.17
2916.98
2916.98
131.05
131.05
61.41
61.41
3110.26
3110.26
1280.02
1280.02
138.07
138.07
342.86
342.86
66.02
66.02
5116.83
5116.83
6447.19
6447.19
917.54
917.54
915.77
915.77
5639.26
5639.26
76.63
76.63
824.04
824.04
3028.46
3028.46
1838.37
1838.37
570.76
570.76
835.49
835.49
1166.85
1166.85
382.05
382.05
1960.76
1960.76
142.59
142.59
3215.40
3215.40
2170.82
2170.82
5833.67
5833.67
601.74
601.74
42.45
42.45
15.33
15.33
10.00
10.00
2835.34
2835.34
36.19
36.19
81.72
81.72
611.03
611.03
21.98
21.98
3424.19
3424.19
4310.14
4310.14
2158.46
2158.46
879.09
879.09
1199.05
1199.05
6390.82
6390.82
85.80
85.80
180.57
180.57
2197.82
2197.82
6055.94
6055.94
9063.75
9063.75
210.94
210.94
5591.09
5591.09
990.46
990.46
105.80
105.80
1084.20
1084.20
403.94
403.94
403.94
373.39
4103.70
4103.70
1641.37
1641.37
13.23
13.23
4955.29
4955.29
681.22
681.22
782.07
782.07
5328.49
5328.49
2119.79
2119.79
2690.07
2690.07
7603.24
7603.24
14.88
14.88
42.19
42.19
45.14
45.14
16.09
16.09
272.98
272.98
334.89
334.89
263.42
263.42
315.52
315.52
69.11
69.11
22.38
22.38
13.86
13.86
178.66
178.66
22.92
22.92
2371.36
2371.36
3797.12
3797.12
5636.40
5636.40
1720.73
1720.73
5934.93
5934.93
3864.77
3864.77
16.83
16.83
2193.68
2193.68
2804.42
2804.42
6204.76
6204.76
7132.21
7132.21
80.81
80.81
24.19
24.19
283.21
283.21
2794.39
2794.39
2794.39
2696.60
663.09
663.09
3059.72
3059.72
96.16
96.16
112.35
112.35
5207.91
5207.91
2444.14
2444.14
829.88
829.88
3277.45
3277.45
76.01
76.01
95.80
95.80
156.28
156.28
104.85
104.85
14.89
14.89
4325.12
4325.12
151.12
151.12
184.37
184.37
53.32
53.32
1109.49
1109.49
5412.49
5412.49
5970.85
5970.85
4736.66
4736.66
1367.78
1367.78
4180.52
4180.52
5394.02
5394.02
427.16
427.16
57.21
57.21
4686.95
4686.95
2666.73
2666.73
349.78
349.78
150.28
150.28
970.34
970.34
78.17
78.17
147.10
147.10
4366.42
4366.42
9992.25
9992.25
10040.86
10040.86
7041.14
7041.14
5141.59
5141.59
6477.33
6477.33
5712.56
5712.56
3612.32
3612.32
8733.15
8733.15
7863.58
7863.58
8854.30
8854.30
8464.36
8464.36
4213.72
4213.72
7443.54
7443.54
5827.23
5827.23
7541.20
7541.20
6809.37
6809.37
8855.80
8855.80
7747.51
7747.51
6669.41
6669.41
7875.63
7875.63
11609.30
11609.30
7270.68
7270.68
6277.28
6277.28
17.07
17.07
4186.21
4186.21
4467.14
4467.14
4467.14
4467.14
1003.34
1003.34
8587.76
8587.76
8587.76
8587.76
6521.59
6521.59
1662.89
1662.89
2863.19
2863.19
5645.23
5645.23
5645.23
5645.23
5645.23
5645.23
5645.23
5645.23
5645.23
5645.23
5645.23
5645.23
5969.04
5969.04
3375.99
3375.99
3969.66
3969.66
3969.66
3969.66
4844.33
4844.33
3666.11
3666.11
3041.85
3041.85
2577.80
2577.80
5287.05
5287.05
5287.05
5287.05
4184.76
4184.76
3646.99
3646.99
879.01
879.01
946.54
946.54
5319.64
5319.64
4465.70
4465.70
2404.19
2404.19
2194.80
2194.80
2816.59
2816.59
2666.77
2666.77
3990.14
3990.14
987.82
987.82
3691.00
3691.00
3982.73
3982.73
3605.69
3605.69
3048.87
3048.87
439.26
439.26
2452.61
2452.61
4661.67
4661.67
5280.30
5280.30
5473.00
5473.00
30.86
30.86
4546.75
4546.75
6470.79
6470.79
6307.13
6307.13
4645.70
4645.70
6373.07
6373.07
26.74
26.74
27.85
27.85
884.28
884.28
86.89
86.89
501.48
501.48
1784.75
1784.75
5989.32
5989.32
1218.36
1218.36
2847.58
2847.58
2847.58
2847.58
2847.58
2847.58
976.05
976.05
2296.70
2296.70
3431.94
3431.94
4864.56
4864.56
3622.25
3622.25
3657.74
3657.74
834.19
834.19
3524.22
3524.22
65.67
65.67
3244.49
3244.49
2748.90
2748.90
1331.71
1331.71
3157.12
3157.12
366.80
366.80
936.37
936.37
177.62
177.62
2538.15
2538.15
1798.98
1798.98
2373.10
2373.10
4819.07
4819.07
3915.23
3915.23
2494.60
2494.60
987.73
987.73
17.08
17.08
5482.48
5482.48
132.17
132.17
120.90
120.90
815.29
815.29
797.19
797.19
5499.88
5499.88
114.74
114.74
70.10
70.10
1814.16
1814.16
73.26
73.26
73.26
73.26
1079.61
1079.61
1079.61
1079.61
30.58
30.58
30.58
1175.70
1175.70
816.51
479.98
479.98
352.87
352.87
352.87
352.87
10.00
10.00
383.15
383.15
383.15
383.15
383.15
383.15
383.59
594.12
415.52
415.52
715.16
715.16
715.16
715.16
67.73
163.92
163.92
164.65
164.65
1517.60
1483.47
1483.47
840.32
178.95
1034.44
1034.44
79.00
79.00
12.76
12.76
19.51
19.51
142.69
142.69
113.85
113.85
92.45
92.45
155.67
155.67
190.79
190.79
951.31
951.31
194.70
194.70
271.15
271.15
41.72
41.72
72.27
72.27
19.86
19.86
19.86
1463.96
10.00
10.00
2528.22
2528.22
4142.70
4142.70
4935.38
4935.38
6047.18
6047.18
897.85
897.85
6789.74
6789.74
8181.30
8181.30
5661.16
5661.16
98.36
98.36
1717.64
1717.64
5538.39
5538.39
887.50
887.50
8421.20
8421.20
3365.17
3365.17
1961.21
1961.21
1986.76
1986.76
10.00
10.00
2487.61
2487.61
22.17
22.17
929.66
929.66
4004.33
4004.33
4048.18
4048.18
972.55
972.55
655.94
655.94
1748.68
1748.68
2740.04
2740.04
4891.80
4891.80
5014.64
5014.64
959.94
959.94
4189.22
4189.22
632.65
632.65
3091.64
3091.64
4287.97
4287.97
709.10
709.10
1679.54
1679.54
3349.94
3349.94
570.39
570.39
5732.67
5732.67
2973.07
2973.07
1199.70
1199.70
42.88
42.88
205.93
205.93
546.70
546.70
409.29
409.29
1530.53
1530.53
5091.47
5091.47
3592.38
3592.38
3846.12
3846.12
94.05
94.05
3598.61
3598.61
1260.57
1260.57
74.01
74.01
10.00
10.00
42.90
42.90
4795.04
4795.04
5523.43
5523.43
2868.81
2868.81
61.84
61.84
58.91
58.91
97.40
97.40
130.47
130.47
14.89
14.89
132.80
132.80
101.43
101.43
41.04
41.04
10.47
10.47
230.59
230.59
265.10
265.10
439.55
439.55
56.66
56.66
103.92
103.92
825.71
825.71
654.49
654.49
28.76
28.76
188.60
188.60
1766.52
1766.52
1986.06
1986.06
389.95
389.95
3663.48
3663.48
20.67
20.67
4441.43
4441.43
2978.55
2978.55
4555.84
4555.84
977.64
977.64
82.43
82.43
13.97
13.97
151.75
151.75
92.72
92.72
92.72
136.64
38.46
38.46
33.54
33.54
60.51
60.51
2950.91
2950.91
2950.91
2950.91
2856.09
5537.37
3065.07
3065.07
102.04
102.04
358.31
358.31
155.81
155.81
14.42
14.42
36.57
36.57
61.04
61.04
2393.25
2393.25
804.69
804.69
973.92
973.92
83.99
83.99
2744.98
2744.98
670.56
670.56
29.16
29.16
812.58
812.58
201.41
201.41
395.41
395.41
1156.58
1156.58
59.68
59.68
894.87
894.87
894.87
894.87
894.87
169.45
169.45
169.45
169.45
1195.75
1195.75
647.73
1030.18
1030.18
2900.97
2900.97
2358.91
3844.68
3229.86
3229.86
31.43
31.43
716.40
716.40
1551.50
1551.50
428.45
428.45
687.97
687.97
2157.58
2157.58
1393.06
1393.06
44.99
44.99
1328.91
1328.91
4337.25
4337.25
2675.85
2675.85
86.97
86.97
874.42
874.42
977.66
977.66
29.99
29.99
66.37
66.37
45.78
45.78
45.42
45.42
10.00
10.00
3438.98
3438.98
73.38
73.38
73.38
679.93
679.93
679.93
28.88
28.88
28.88
45.60
10.00
10.00
10.00
18.83
276.21
276.21
276.21
345.92
345.92
345.92
345.92
345.92
783.55
783.55
783.55
783.55
783.55
783.55
421.60
421.60
421.60
791.71
52.89
1402.58
1103.99
1103.99
1103.99
60.89
60.89
1672.66
1672.66
2532.48
3258.33
2197.36
2197.36
3083.79
3083.79
584.61
584.61
584.61
15.66
15.66
15.66
749.38
749.38
1768.88
1768.88
58.39
1739.62
1739.62
3567.28
3567.28
17.16
17.16
1629.43
1629.43
1629.43
1610.65
22.92
22.92
597.28
597.28
494.75
494.75
376.80
376.80
222.03
222.03
813.93
813.93
1149.82
1149.82
51.61
51.61
640.42
640.42
32.52
32.52
67.54
67.54
59.70
59.70
5425.60
5425.60
2947.36
2947.36
4321.42
4321.42
1843.73
1843.73
329.39
329.39
632.15
632.15
718.10
718.10
355.19
355.19
11.86
11.86
11.86
1935.74
391.27
391.27
2880.68
2880.68
2880.68
2880.68
11.32
11.32
370.96
370.96
72.21
72.21
2385.27
40.02
40.02
587.45
587.45
22.07
22.07
343.91
343.91
46.16
309.39
309.39
309.39
68.92
68.92
106.39
106.39
124.75
2608.02
2608.02
2608.02
4222.58
4222.58
1295.75
1295.75
2754.85
2754.85
2873.37
2873.37
2013.51
2013.51
2171.31
2171.31
161.90
161.90
3348.15
3348.15
643.44
643.44
6207.56
6207.56
5383.01
5383.01
96.07
96.07
96.07
1981.10
1981.10
4715.31
4540.19
4540.19
1813.70
1813.70
1813.70
1813.70
1813.70
1813.70
34.54
34.54
34.54
10.00
10.00
1492.29
1492.29
1492.29
15.66
15.66
27.69
540.74
341.42
341.42
515.05
773.47
646.02
646.02
936.13
936.13
1574.21
1574.21
906.46
906.46
906.46
83.27
83.27
83.27
873.98
873.98
396.93
856.47
1462.25
1462.25
1400.22
1400.22
1315.79
1315.79
741.00
741.00
1235.61
1235.61
1574.11
1574.11
1862.10
1862.10
857.11
857.11
2289.49
2289.49
3116.88
3116.88
3172.25
3172.25
2173.42
2173.42
2790.53
2790.53
2537.49
2537.49
3385.20
3385.20
679.25
679.25
1934.87
1934.87
4873.04
4873.04
3016.60
3016.60
2289.97
2289.97
2750.99
2750.99
2029.92
2029.92
2956.74
2956.74
1055.47
1055.47
2678.26
2678.26
2224.68
2224.68
1834.54
1834.54
2046.13
2046.13
2715.81
2715.81
2149.06
2149.06
165.87
165.87
3699.29
3699.29
2291.01
2291.01
496.95
496.95
1389.83
1389.83
2385.04
2385.04
3034.84
3034.84
293.31
293.31
2796.57
2796.57
147.15
147.15
3336.08
3336.08
3237.62
3237.62
1767.54
1767.54
3549.46
3549.46
3404.70
3404.70
78.51
78.51
2401.47
2401.47
48.74
48.74
240.80
240.80
642.57
642.57
25.96
25.96
1792.19
1792.19
672.63
672.63
54.43
54.43
2010.89
2010.89
1033.81
1033.81
1579.95
1579.95
1779.94
1779.94
1485.41
1485.41
2353.69
2353.69
3125.62
3125.62
1881.88
1881.88
2647.45
2647.45
1721.96
1721.96
1621.33
1621.33
1205.04
1205.04
65.27
65.27
3951.52
3951.52
3214.24
3214.24
5644.03
5644.03
3590.26
3590.26
2776.65
2776.65
4856.13
4856.13
798.31
798.31
142.41
142.41
841.26
841.26
1897.12
1897.12
1897.12
1897.12
1897.12
1897.12
22.49
22.49
988.24
988.24
2896.80
2896.80
88.61
88.61
104.79
104.79
33.17
33.17
802.52
802.52
142.42
142.42
7753.72
7753.72
95.54
95.54
4426.54
4426.54
5491.00
5491.00
900.46
900.46
1476.72
1476.72
80.89
80.89
28.18
28.18
2088.47
2088.47
3215.48
3215.48
46.61
46.61
2333.50
2333.50
1560.51
1560.51
7934.10
7934.10
3980.50
3980.50
4449.65
4449.65
4502.89
4502.89
2124.51
2124.51
3900.32
3900.32
5793.21
5793.21
5017.05
5017.05
2758.26
2758.26
5005.85
5005.85
7121.84
7121.84
4637.58
4637.58
6568.37
6568.37
3673.58
3673.58
18.02
18.02
2209.56
2209.56
1042.76
1042.76
2255.59
2255.59
15.86
15.86
111.57
111.57
15.12
15.12
62.53
62.53
248.80
248.80
166.30
166.30
1205.30
1205.30
555.26
555.26
1244.41
1244.41
1649.76
1649.76
35.55
35.55
115.78
115.78
22.97
22.97
22.97
146.65
146.65
146.65
146.65
174.82
174.82
395.97
395.97
395.97
35.46
35.46
35.46
355.73
355.73
30.81
30.81
34.22
34.22
571.38
571.38
571.38
571.38
148.03
148.03
148.03
511.83
511.83
431.86
431.86
431.86
328.34
328.34
328.34
361.55
361.55
318.31
617.03
617.03
789.96
789.96
494.24
494.24
666.97
1196.80
1196.80
974.48
1415.30
568.49
568.49
568.49
476.08
476.08
476.08
476.08
481.63
481.63
697.85
697.85
697.85
591.97
591.97
866.93
866.93
1124.49
208.00
651.42
1207.48
1207.48
1207.48
54.84
54.84
318.13
318.13
230.25
1169.06
296.57
1013.96
40.92
40.92
24.38
24.38
92.10
92.10
703.37
703.37
2117.31
2117.31
591.76
591.76
3032.30
3032.30
937.39
937.39
339.00
339.00
786.68
786.68
873.12
873.12
1615.48
1615.48
1719.76
1719.76
624.83
624.83
55.84
55.84
317.20
317.20
2881.60
2881.60
3013.16
3013.16
1130.68
1130.68
1130.68
1146.40
1146.40
592.22
592.22
592.22
1550.23
1550.23
14.17
206.29
445.48
445.48
51.28
51.28
14.16
14.16
114.64
114.64
460.43
460.43
89.11
89.11
29.14
29.14
66.81
66.81
138.95
138.95
177.58
177.58
177.58
177.58
1106.11
3874.50
2698.64
2698.64
2845.02
2845.02
2699.94
2699.94
3737.12
3737.12
87.53
87.53
611.67
611.67
1680.26
1680.26
77.30
77.30
913.80
913.80
308.07
308.07
691.72
691.72
5262.98
5262.98
5875.44
5875.44
3486.01
3486.01
648.28
648.28
2404.77
2404.77
4936.91
4936.91
3013.68
3013.68
2439.95
2439.95
1065.16
1065.16
3687.45
3687.45
3410.03
3410.03
4279.40
4279.40
4370.84
4370.84
4904.69
4904.69
4533.61
4533.61
2468.87
2468.87
4744.20
4744.20
6837.38
6837.38
1226.68
1226.68
1837.10
1837.10
538.18
538.18
1916.59
1916.59
48.19
48.19
56.15
56.15
16.92
16.92
2495.87
2495.87
2495.87
972.03
972.03
1105.68
2416.77
2416.77
1501.20
1501.20
1660.23
1660.23
2544.94
2544.94
2694.37
2694.37
3765.66
3765.66
2446.57
2446.57
2949.62
2949.62
2550.44
2550.44
160.73
160.73
665.45
665.45
665.45
179.06
179.06
53.90
53.90
922.95
922.95
890.44
890.44
890.44
890.44
890.44
113.31
113.31
965.28
1056.27
1260.45
1260.45
1047.92
1047.92
1265.50
1265.50
216.48
216.48
529.79
529.79
684.55
684.55
647.95
647.95
493.01
493.01
493.01
493.01
493.01
589.13
589.13
589.13
1171.30
670.86
2852.45
2852.45
3222.48
3222.48
1791.04
1791.04
1021.64
1021.64
4523.78
4523.78
1863.20
1863.20
3004.27
3004.27
1789.68
1789.68
3920.86
3920.86
1279.12
1279.12
3756.09
3756.09
31.51
31.51
2323.06
2323.06
3422.48
3422.48
45.43
45.43
2961.34
2961.34
301.18
301.18
64.76
64.76
285.68
285.68
22.30
22.30
1080.44
1080.44
1689.38
1689.38
995.96
995.96
467.92
467.92
40.82
40.82
29.63
29.63
2796.42
2796.42
12.71
12.71
4728.29
4728.29
4052.79
4052.79
194.52
194.52
2383.16
2383.16
4983.34
4983.34
90.52
90.52
983.14
983.14
1129.78
1129.78
517.94
517.94
1059.26
1059.26
126.13
126.13
5804.00
5804.00
3490.07
3490.07
3210.52
3210.52
10.00
10.00
2146.31
2146.31
4989.99
4989.99
2232.79
2232.79
939.96
939.96
4961.93
4961.93
55.79
55.79
150.69
150.69
2581.33
2581.33
931.54
931.54
13.93
13.93
4196.95
4196.95
699.75
699.75
1875.53
1875.53
749.91
749.91
3420.19
3420.19
5514.21
5514.21
23.30
23.30
3567.23
3567.23
39.58
39.58
3107.62
3107.62
46.82
46.82
10.00
10.00
1897.02
1897.02
4229.51
4229.51
2060.98
2060.98
2982.22
2982.22
1176.19
1176.19
5069.33
5069.33
59.93
59.93
98.72
98.72
4966.62
4966.62
2188.66
2188.66
5314.02
5314.02
2971.85
2971.85
298.84
298.84
126.53
126.53
6454.67
6454.67
3597.56
3597.56
5687.91
5687.91
4285.29
4285.29
5326.55
5326.55
6648.60
6648.60
88.72
88.72
266.52
266.52
4530.24
4530.24
2685.68
2685.68
5104.86
5104.86
5513.74
5513.74
4232.05
4232.05
5565.28
5565.28
52.13
52.13
4164.08
4164.08
1575.75
1575.75
5568.15
5568.15
5873.17
5873.17
2742.04
2742.04
29.21
29.21
4141.07
4141.07
695.23
695.23
3431.17
3431.17
4229.48
4229.48
631.14
631.14
3199.93
3199.93
4568.32
4568.32
5084.52
5084.52
64.63
64.63
3434.82
3434.82
3109.97
3109.97
30.89
30.89
438.62
438.62
38.15
38.15
1672.03
1672.03
40.66
40.66
2775.71
2775.71
15.63
15.63
14.51
14.51
4712.06
4712.06
5186.78
5186.78
935.05
935.05
5259.10
5259.10
3441.94
3441.94
5290.47
5290.47
5032.47
5032.47
6708.15
6708.15
5197.03
5197.03
1204.92
1204.92
3982.52
3982.52
3826.37
3826.37
2083.90
2083.90
4050.85
4050.85
53.02
53.02
4821.65
4821.65
6265.98
6265.98
1614.12
1614.12
5448.77
5448.77
5448.77
320.93
320.93
269.82
269.82
82.94
82.94
19.93
505.19
505.19
1046.93
1046.93
1129.49
1129.49
999.97
999.97
772.17
772.17
618.97
618.97
749.14
749.14
689.13
689.13
663.69
663.69
615.98
615.98
750.99
750.99
1956.65
1956.65
1956.65
68.87
20.11
20.11
1072.06
1072.06
213.33
213.33
23.33
23.33
144.85
144.85
144.85
144.85
1213.33
1213.33
1495.19
1495.19
2131.00
2131.00
2881.41
2881.41
2584.35
2584.35
1701.41
1701.41
3786.69
3786.69
2699.66
2699.66
2256.35
2256.35
183.21
183.21
172.46
172.46
171.78
171.78
864.61
864.61
844.61
844.61
1280.16
1280.16
607.25
607.25
607.25
513.40
513.40
885.05
885.05
386.30
386.30
335.34
335.34
384.83
384.83
603.20
603.20
612.14
612.14
323.27
301.89
301.89
301.89
781.93
781.93
1031.60
1031.60
875.79
875.79
295.13
295.13
563.18
563.18
1171.53
1171.53
22.07
22.07
1074.32
1074.32
177.56
177.56
729.09
729.09
1327.09
1327.09
332.43
332.43
206.99
206.99
1051.13
1051.13
674.90
674.90
77.87
77.87
77.87
645.18
645.18
507.01
507.01
89.73
842.74
842.74
129.13
129.13
1450.82
1450.82
987.84
987.84
1172.88
1172.88
16.25
16.25
16.25
129.24
57.70
57.70
492.06
492.06
921.26
921.26
935.18
935.18
996.39
996.39
1823.71
1823.71
1375.33
1375.33
364.21
364.21
1805.96
1805.96
509.55
509.55
375.98
375.98
171.14
171.14
850.98
850.98
1846.58
1846.58
55.99
55.99
1200.48
1200.48
914.93
914.93
244.56
244.56
244.56
244.56
53.98
53.98
53.98
53.98
53.98
968.31
222.69
1232.73
618.63
393.65
1709.76
1709.76
1709.76
68.03
68.03
68.03
68.03
68.03
112.09
112.09
112.09
112.09
29.73
29.73
906.01
636.15
636.15
1126.96
1126.96
2182.78
658.62
1756.27
2373.69
2526.46
2009.83
2009.83
2009.83
34.34
34.34
34.34
1903.41
627.75
627.75
305.66
567.77
567.77
1387.88
1387.88
30.83
30.83
1431.15
1431.15
1124.30
1124.30
674.96
674.96
1020.77
1020.77
1020.77
2762.20
2762.20
2762.20
2762.20
64.85
1155.66
1532.06
362.01
362.01
1683.57
1683.57
1053.98
1053.98
1860.41
1860.41
10.00
10.00
706.57
706.57
13.14
13.14
1053.87
1053.87
728.55
728.55
492.67
492.67
1282.34
1282.34
1593.49
1593.49
1696.85
1696.85
757.49
757.49
757.49
757.49
985.87
1228.78
1228.78
1228.78
957.86
957.86
957.86
957.86
798.82
798.82
1599.19
16.81
16.81
16.81
219.26
320.92
320.92
431.64
431.64
838.13
745.82
