# 1Hz Kbps trace generated by import_real_world_traces.py
603.24
622.20
616.86
665.55
665.55
672.25
672.25
608.50
608.50
638.66
638.66
630.11
630.11
577.85
577.85
669.61
669.61
626.36
626.36
657.63
657.63
703.77
703.77
614.53
614.53
638.84
638.84
603.28
603.28
648.83
648.83
639.19
639.19
501.37
501.37
490.69
490.69
639.90
639.90
587.08
587.08
589.42
589.42
633.10
633.10
667.98
667.98
648.88
648.88
675.30
675.30
651.03
651.03
634.68
634.68
613.50
613.50
625.04
625.04
628.36
628.36
650.96
650.96
592.61
592.61
619.54
619.54
675.43
675.43
649.92
649.92
210.41
210.41
649.67
649.67
603.70
603.70
693.54
693.54
598.72
598.72
661.38
661.38
600.35
600.35
611.65
611.65
642.93
642.93
628.41
628.41
603.54
603.54
626.54
626.54
558.87
558.87
701.07
701.07
678.02
678.02
703.50
703.50
593.20
593.20
656.82
656.82
602.40
602.40
675.08
675.08
637.01
637.01
618.41
618.41
651.15
651.15
642.53
642.53
634.50
634.50
636.06
636.06
636.06
117.96
632.58
632.58
622.84
622.84
595.11
595.11
668.95
668.95
635.45
635.45
626.81
626.81
646.96
646.96
658.89
658.89
624.33
624.33
666.43
666.43
671.23
671.23
436.16
436.16
673.31
673.31
557.88
557.88
720.33
720.33
593.60
593.60
632.13
632.13
606.01
606.01
617.54
617.54
691.00
691.00
620.01
620.01
620.01
644.87
644.87
653.93
653.93
663.08
663.08
680.25
699.70
699.70
635.41
635.41
599.37
599.37
570.49
570.49
639.01
639.01
633.87
633.87
640.34
640.34
632.07
632.07
668.56
668.56
687.39
687.39
639.40
639.40
619.45
619.45
633.62
633.62
547.91
547.91
663.49
663.49
656.39
656.39
627.02
627.02
614.65
614.65
632.37
632.37
593.84
593.84
575.15
575.15
635.99
635.99
681.81
681.81
667.62
667.62
632.08
632.08
509.66
509.66
445.84
445.84
492.29
492.29
450.11
450.11
350.37
350.37
580.38
580.38
624.63
624.63
655.46
655.46
577.64
577.64
641.07
641.07
592.29
592.29
691.67
691.67
705.95
705.95
568.29
568.29
611.38
611.38
602.85
602.85
602.85
609.19
609.19
586.01
519.34
519.34
100.51
100.51
402.58
402.58
401.62
401.62
515.65
515.65
554.86
554.86
245.31
245.31
554.22
554.22
520.82
520.82
198.72
198.72
402.79
402.79
467.73
467.73
467.73
436.41
436.41
560.13
560.13
603.44
603.44
433.23
454.80
454.80
454.80
378.90
378.90
539.81
539.81
439.94
439.94
579.76
579.76
539.17
539.17
453.91
453.91
385.40
385.40
430.46
430.46
386.64
386.64
523.81
523.81
636.68
636.68
586.65
586.65
560.48
560.48
664.80
664.80
519.58
519.58
608.15
608.15
631.97
631.97
585.32
585.32
638.46
638.46
636.02
636.02
669.81
669.81
623.87
623.87
461.00
621.59
621.59
621.59
598.51
598.51
569.56
569.56
650.53
650.53
668.34
668.34
631.11
631.11
599.10
599.10
622.31
622.31
654.04
654.04
614.04
614.04
625.27
625.27
631.11
631.11
650.97
650.97
630.93
630.93
565.40
565.40
635.66
635.66
621.57
512.15
512.15
512.15
660.61
660.61
633.86
633.86
699.22
699.22
568.68
568.68
598.92
598.92
542.24
542.24
632.03
632.03
441.85
441.85
713.28
713.28
655.79
655.79
580.84
580.84
57.16
57.16
669.19
669.19
752.04
752.04
620.80
620.80
624.20
