# 1Hz Kbps trace generated by import_real_world_traces.py
1654.08
2536.73
2536.73
2660.43
2660.43
3873.47
3873.47
4921.27
4921.27
658.99
658.99
3064.41
3064.41
4107.92
4107.92
1590.76
1590.76
1848.92
1848.92
1351.39
1351.39
4485.90
4485.90
3502.16
3502.16
4990.26
4990.26
3892.85
3892.85
3732.03
3732.03
2601.12
2601.12
2410.21
2410.21
3546.26
3546.26
3450.78
3450.78
1417.65
1417.65
1292.49
1292.49
2143.47
2143.47
2773.98
2773.98
3018.10
3018.10
1706.98
1706.98
2393.28
2393.28
2186.82
2186.82
2199.95
2199.95
4292.54
4292.54
2488.31
2488.31
3801.06
3801.06
1036.46
1036.46
2134.00
2134.00
114.64
114.64
514.50
514.50
602.77
602.77
410.16
410.16
1541.52
1541.52
1191.11
1191.11
2818.97
2818.97
2621.49
2621.49
4291.84
4291.84
2777.82
2777.82
91.17
91.17
20.19
