# 1Hz Kbps trace generated by import_real_world_traces.py
1322.26
1238.02
1238.02
2096.44
2160.13
2160.13
16.42
16.42
535.68
535.68
161.29
1830.09
1830.09
1830.09
57.89
468.03
468.03
671.59
671.59
1271.36
1271.36
1937.76
1937.76
1937.76
1937.76
1937.76
1937.76
527.81
527.81
296.27
296.27
296.27
296.27
296.27
296.27
296.27
296.27
315.36
721.90
1228.37
1523.06
1061.18
1061.18
523.57
523.57
2109.41
2109.41
212.71
212.71
2851.82
2851.82
3895.14
3895.14
495.66
495.66
1025.90
1025.90
1952.95
1952.95
1869.25
1869.25
10.00
10.00
600.88
600.88
1408.90
1408.90
1408.90
464.26
317.91
317.91
317.91
317.91
317.91
317.91
317.91
317.91
317.91
317.91
317.91
317.91
310.25
462.12
196.83
196.83
214.12
740.67
861.06
861.06
1102.46
1102.46
1877.20
1877.20
1431.41
1431.41
2119.20
2119.20
1885.08
1885.08
1827.42
1827.42
2351.20
2351.20
3288.12
3288.12
1890.57
1890.57
1641.33
1641.33
30.52
30.52
43.66
43.66
2762.20
2762.20
2762.20
2762.20
2762.20
2762.20
488.15
488.15
1210.70
1210.70
2171.77
1132.54
862.26
862.26
533.94
533.94
15.88
15.88
689.06
689.06
1022.96
1022.96
391.22
391.22
542.71
542.71
637.08
637.08
792.26
792.26
857.36
857.36
1437.16
1437.16
434.39
434.39
884.85
884.85
25.70
25.70
25.70
1011.04
2511.20
2511.20
51.99
51.99
843.57
843.57
715.42
715.42
1173.71
1173.71
3979.64
3979.64
2444.10
2444.10
1564.91
1564.91
995.86
995.86
1202.46
1202.46
788.22
788.22
1854.82
1854.82
843.53
843.53
1035.63
1035.63
783.04
783.04
894.33
894.33
988.72
988.72
827.20
827.20
839.72
839.72
1200.69
1200.69
1200.69
1200.69
1200.69
87.10
313.30
313.30
313.30
458.61
478.86
478.86
1299.49
1299.49
1708.92
1708.92
1062.81
1062.81
1643.85
1643.85
2165.89
2165.89
1477.49
1477.49
1432.03
1432.03
1167.85
1167.85
2716.21
2716.21
978.05
978.05
1153.99
1153.99
1072.11
1072.11
1677.83
1677.83
295.57
295.57
1266.36
1266.36
1403.23
1403.23
19.74
19.74
1367.53
1367.53
976.40
976.40
190.77
190.77
190.77
166.28
166.28
166.28
166.28
166.28
1295.81
1295.81
1295.81
967.45
967.45
967.45
967.45
967.45
967.45
967.45
967.45
187.32
652.79
974.49
619.44
1733.88
2785.89
2785.89
333.96
333.96
1095.54
1095.54
2001.30
2001.30
1709.18
1709.18
1532.55
1532.55
1112.79
1112.79
546.24
546.24
150.28
150.28
150.28
597.34
597.34
12.18
12.18
12.18
1154.97
1154.97
1154.97
506.84
506.84
506.84
621.39
621.39
367.37
367.37
535.48
73.90
73.90
73.90
73.90
649.73
649.73
649.73
369.41
369.41
369.41
853.13
853.13
853.13
1101.22
1101.22
1101.22
1101.22
1101.22
1101.22
1101.22
1101.22
560.95
918.23
592.09
757.20
448.12
1088.08
1088.08
237.75
59.20
59.20
59.20
833.31
833.31
935.32
208.84
208.84
208.84
173.53
173.53
318.88
318.88
381.31
381.31
381.31
542.57
542.57
1040.00
1551.92
1551.92
1031.99
1031.99
1401.77
1401.77
1401.77
1122.19
1122.19
1810.98
1810.98
1435.18
1435.18
1435.18
1435.18
1435.18
1435.18
1435.18
1435.18
1435.18
1435.18
444.67
444.67
444.67
184.88
701.10
965.32
846.47
772.67
772.67
830.08
830.08
933.19
933.19
933.19
154.92
154.92
230.82
1053.20
1053.20
211.97
211.97
1349.66
1349.66
221.87
221.87
10.00
10.00
300.32
300.32
235.91
235.91
3231.86
3231.86
73.27
73.27
771.64
771.64
48.46
983.62
983.62
983.62
1922.81
1922.81
320.68
320.68
320.68
320.68
198.59
198.59
244.31
244.31
557.23
557.23
557.23
557.23
954.24
954.24
840.72
1182.00
1539.13
1539.13
1090.81
1090.81
723.27
723.27
870.50
870.50
361.97
361.97
361.97
779.69
779.69
141.76
141.76
141.76
1151.36
1151.36
1151.36
1221.39
1221.39
1221.39
947.81
20.40
20.40
188.68
188.68
25.81
25.81
25.81
1434.89
1010.25
1010.25
1010.25
1045.84
1322.72
1216.80
1216.80
865.46
865.46
222.27
222.27
1942.56
1942.56
1305.05
1305.05
324.47
324.47
391.24
391.24
198.92
198.92
198.92
17.10
17.10
17.10
17.10
128.97
128.97
128.97
326.51
1082.04
1071.63
1071.63
1071.63
1395.96
1395.96
2353.46
141.34
1164.84
1315.92
1315.92
1924.77
1924.77
1403.05
1403.05
809.33
809.33
531.96
531.96
1482.57
1482.57
1482.57
1482.57
1482.57
1482.57
1213.25
2084.89
154.64
164.48
698.19
698.19
1146.51
1146.51
712.91
712.91
1409.78
1409.78
1111.46
1111.46
51.65
51.65
10.00
10.00
10.00
943.29
943.29
706.28
706.28
941.98
2178.53
2178.53
1770.25
1770.25
2121.18
2121.18
3948.03
3948.03
1213.47
1213.47
974.07
974.07
622.51
622.51
622.51
622.51
622.51
91.16
91.16
91.16
183.90
183.90
358.13
30.81
30.81
1305.38
191.61
191.61
191.61
217.56
397.40
397.40
36.58
36.58
826.22
826.22
826.22
907.63
907.63
907.63
1099.69
1433.05
1973.34
1973.34
55.39
55.39
1665.07
1665.07
638.45
638.45
781.40
781.40
1205.34
1205.34
1250.14
1250.14
927.92
927.92
745.23
745.23
1635.25
1635.25
944.33
944.33
731.36
731.36
1230.45
1230.45
1605.79
1605.79
1102.18
1102.18
1602.48
1602.48
1111.39
1111.39
1040.08
1040.08
952.57
952.57
744.00
744.00
1279.36
1279.36
1315.57
1315.57
970.45
970.45
1801.11
1801.11
1425.85
1425.85
2284.33
2284.33
347.88
347.88
1153.59
1153.59
2856.39
2856.39
659.57
659.57
998.37
998.37
755.69
755.69
981.03
981.03
169.76
169.76
664.03
664.03
856.94
856.94
1160.64
1160.64
1160.64
1160.64
1160.64
1160.64
1160.64
1160.64
1160.64
1198.15
1473.26
1392.21
2434.80
2434.80
1848.06
1848.06
1495.46
1495.46
2058.41
2058.41
1161.90
1161.90
1517.23
1517.23
1762.51
1762.51
1008.42
1008.42
802.49
802.49
310.47
310.47
32.63
32.63
32.63
487.21
608.60
608.60
453.96
453.96
453.96
453.96
453.96
453.96
453.96
453.96
453.96
453.96
453.96
453.96
453.96
453.96
453.96
453.96
341.13
219.79
238.32
266.08
266.08
327.53
327.53
243.94
243.94
376.72
376.72
636.31
636.31
636.31
311.65
311.65
311.65
311.65
311.65
311.65
311.65
311.65
311.65
311.65
311.65
311.65
311.65
311.65
311.65
311.65
311.65
311.65
311.65
311.65
311.65
311.65
225.58
477.30
301.36
301.36
446.31
446.31
446.31
90.82
90.82
90.82
90.82
159.25
159.25
159.25
286.46
286.46
286.46
286.46
286.46
286.46
286.46
10.00
10.00
10.00
95.82
142.26
44.94
168.80
135.37
135.37
76.95
76.95
227.56
227.56
174.54
174.54
229.59
229.59
303.16
303.16
749.07
749.07
749.07
546.36
546.36
546.36
292.65
292.65
292.65
292.65
22.40
22.40
22.40
22.40
22.40
22.40
22.40
22.40
146.91
358.27
219.08
219.08
108.45
108.45
108.45
396.93
396.93
396.93
396.93
396.93
108.94
108.94
156.89
156.89
10.00
10.00
10.00
10.00
10.00
10.00
10.00
10.00
10.00
10.00
10.00
10.00
10.00
10.00
10.00
115.84
224.40
315.88
194.01
137.59
177.42
486.23
486.23
486.23
486.23
486.23
486.23
486.23
486.23
54.53
165.71
165.71
56.96
56.96
56.96
56.96
56.96
195.01
159.54
197.60
203.00
203.00
174.89
174.89
131.91
131.91
131.91
131.91
131.91
131.91
131.91
131.91
31.06
244.09
144.47
144.47
114.26
114.26
421.71
421.71
175.22
175.22
175.22
174.12
59.56
59.56
59.56
59.56
59.56
59.56
59.56
60.21
60.21
60.21
60.21
74.19
346.40
346.40
501.08
