# 1Hz Kbps trace generated by import_real_world_traces.py
609.39
672.33
1101.76
178.06
1321.18
1658.30
1658.30
330.27
330.27
183.88
183.88
32.16
32.16
1045.43
1045.43
2992.89
2992.89
746.86
746.86
1288.48
1288.48
172.80
172.80
2371.95
2371.95
2968.81
2968.81
654.79
654.79
2030.67
2030.67
1216.28
1216.28
31.57
31.57
2311.61
2311.61
763.46
763.46
12.51
12.51
3327.90
3327.90
15.76
15.76
5218.35
5218.35
15.44
15.44
16.38
16.38
5447.31
5447.31
1202.53
1202.53
27.05
27.05
4502.90
4502.90
3485.75
3485.75
5341.21
5341.21
10.00
10.00
656.88
656.88
90.60
90.60
61.15
61.15
27.09
27.09
14.59
14.59
2710.51
2710.51
4280.93
4280.93
4280.93
4280.93
4280.93
4280.93
43.37
43.37
2868.61
2868.61
25.74
25.74
4793.19
4793.19
63.16
63.16
2921.93
2921.93
54.74
54.74
64.76
64.76
727.82
727.82
1860.67
1860.67
30.73
30.73
14.42
14.42
62.02
62.02
2072.66
2072.66
11.48
11.48
1440.83
1440.83
840.30
840.30
23.53
23.53
95.35
95.35
1824.09
1824.09
2527.21
2527.21
25.89
25.89
4051.31
4051.31
11.08
11.08
3892.39
3892.39
5355.71
5355.71
5355.71
5355.71
713.29
713.29
26.28
26.28
4859.76
4859.76
79.13
79.13
25.65
25.65
3803.82
3803.82
3755.90
3755.90
2599.48
2599.48
1857.89
1857.89
3611.29
3611.29
5181.53
5181.53
4113.87
4113.87
729.10
729.10
3254.04
3254.04
2837.14
2837.14
2796.80
2796.80
4673.81
4673.81
794.70
794.70
1177.09
1177.09
5195.21
5195.21
183.15
183.15
5342.37
5342.37
3509.87
3509.87
907.95
907.95
3513.07
3513.07
3454.43
3454.43
3454.43
3454.43
3567.42
3567.42
12.21
12.21
3037.47
3037.47
48.53
48.53
34.52
34.52
4541.55
4541.55
12.44
12.44
753.76
753.76
4064.26
4064.26
742.26
742.26
1775.90
1775.90
45.67
45.67
677.59
677.59
2877.61
2877.61
2647.74
2647.74
2620.18
2620.18
39.44
39.44
5309.23
5309.23
2963.83
2963.83
4883.10
4883.10
11.73
11.73
3390.05
3390.05
11.40
11.40
10.42
10.42
3017.68
3017.68
3762.69
3762.69
687.96
687.96
2490.69
2490.69
10.00
10.00
39.46
39.46
4727.56
4727.56
4727.56
4727.56
4727.56
4727.56
4727.56
4727.56
4727.56
4727.56
4903.43
4903.43
15.43
15.43
105.72
105.72
2440.60
2440.60
2533.33
2533.33
2538.88
2538.88
3952.56
3952.56
276.07
276.07
1870.57
1870.57
2292.10
2292.10
14.76
14.76
4182.10
4182.10
5500.53
5500.53
5211.13
5211.13
4726.44
4726.44
717.65
717.65
2363.90
2363.90
3485.65
3485.65
2326.40
2326.40
5178.66
5178.66
34.92
34.92
151.44
151.44
631.75
631.75
3167.05
3167.05
10.50
10.50
671.68
671.68
2473.96
2473.96
2998.86
2998.86
30.75
30.75
3378.45
3378.45
4906.27
4906.27
4906.27
4906.27
4906.27
4906.27
77.73
77.73
2655.23
2655.23
2655.23
2655.23
2655.23
2655.23
5100.36
5100.36
5100.36
5100.36
737.77
737.77
5091.00
