# 1Hz Kbps trace generated by import_real_world_traces.py
135.52
226.53
457.20
1273.40
450.29
450.29
651.74
651.74
10.00
10.00
1543.33
1543.33
119.67
119.67
458.04
458.04
2402.84
2402.84
1611.76
1611.76
269.44
269.44
502.13
502.13
39.58
39.58
390.58
390.58
516.28
516.28
269.85
269.85
2167.72
2167.72
1181.79
1181.79
396.71
396.71
296.03
296.03
994.71
994.71
579.44
579.44
795.99
795.99
171.27
171.27
247.97
247.97
397.83
397.83
2100.90
2100.90
2819.67
2819.67
2483.00
2483.00
1184.03
1184.03
1877.16
1877.16
79.53
79.53
408.70
408.70
743.61
743.61
10.00
10.00
1484.13
1484.13
942.79
942.79
500.63
500.63
2015.08
2015.08
2015.08
2015.08
2831.93
2831.93
3410.65
3410.65
315.71
315.71
118.63
118.63
2274.24
2274.24
3782.48
3782.48
4743.50
4743.50
4743.50
4743.50
4743.50
4743.50
4743.50
4743.50
891.57
891.57
3047.94
3047.94
96.78
96.78
38.68
38.68
170.47
170.47
2574.00
2574.00
2660.93
2660.93
2460.65
2460.65
635.17
635.17
461.82
461.82
2486.83
2486.83
46.68
46.68
390.75
390.75
178.07
178.07
621.10
621.10
367.15
367.15
291.36
291.36
10.00
10.00
550.58
550.58
2021.08
2021.08
2021.08
2021.08
2021.08
2021.08
448.27
448.27
10.00
10.00
10.00
10.00
454.17
454.17
336.22
336.22
1502.45
1502.45
10.00
10.00
10.00
10.00
413.58
413.58
422.13
422.13
4095.75
4095.75
223.30
223.30
650.15
650.15
10.00
10.00
578.17
578.17
67.46
67.46
19.71
19.71
522.38
522.38
141.38
141.38
533.45
533.45
844.21
844.21
587.88
587.88
46.39
46.39
154.48
154.48
828.16
828.16
10.00
10.00
72.28
72.28
250.50
250.50
10.00
10.00
810.34
810.34
238.25
238.25
458.81
458.81
1356.10
1356.10
2106.30
2106.30
2483.70
2483.70
2483.70
2483.70
2483.70
2483.70
827.38
827.38
1165.79
1165.79
2433.67
2433.67
1718.50
1718.50
1718.50
1718.50
13.51
13.51
1429.84
1429.84
2268.43
2268.43
1413.55
1413.55
60.74
60.74
2362.53
2362.53
401.94
401.94
330.62
330.62
871.82
871.82
2330.31
2330.31
2857.41
2857.41
1778.19
1778.19
2891.53
2891.53
3078.32
3078.32
3122.73
3122.73
2471.65
2471.65
2871.44
2871.44
3752.81
3752.81
154.84
154.84
4108.95
4108.95
2432.35
2432.35
331.86
331.86
2166.74
2166.74
1548.08
1548.08
1856.65
1856.65
2359.57
2359.57
2328.46
2328.46
59.09
59.09
1703.72
1703.72
2681.46
2681.46
1048.53
1048.53
10.00
10.00
4385.87
4385.87
4385.87
4385.87
349.11
349.11
349.11
349.11
413.61
413.61
4172.34
4172.34
4172.34
4172.34
1497.83
1497.83
342.01
342.01
654.17
654.17
1607.84
1607.84
10.00
10.00
354.27
354.27
354.27
554.07
554.07
747.83
747.83
896.20
621.72
621.72
1039.26
1039.26
1267.74
1267.74
1386.40
1386.40
10.00
10.00
1263.44
1263.44
10.00
10.00
368.99
368.99
2120.13
2120.13
938.68
938.68
10.00
10.00
32.96
32.96
1485.60
1485.60
1512.12
1512.12
3099.20
3099.20
1114.98
1114.98
330.78
330.78
3683.80
3683.80
3417.89
3417.89
397.26
397.26
397.26
397.26
455.24
455.24
870.91
870.91
33.32
33.32
178.69
178.69
237.46
237.46
913.37
913.37
1274.49
1274.49
420.22
420.22
10.00
10.00
10.00
10.00
10.00
10.00
327.92
327.92
4213.08
4213.08
4213.08
4213.08
4213.08
4213.08
377.12
377.12
579.71
579.71
125.21
125.21
10.00
10.00
171.01
171.01
10.00
10.00
138.25
138.25
180.86
180.86
2247.16
2247.16
122.88
122.88
2270.08
2270.08
2270.08
2270.08
10.00
10.00
35.77
35.77
10.00
10.00
10.00
372.94
372.94
610.24
610.24
705.58
635.03
635.03
10.00
10.00
139.26
139.26
726.16
726.16
1242.86
1242.86
1794.59
1794.59
2005.68
2005.68
1319.26
1319.26
10.33
10.33
337.27
337.27
479.78
479.78
23.96
23.96
10.00
10.00
2182.90
2182.90
3250.17
3250.17
3378.07
3378.07
49.90
49.90
3433.12
3433.12
1195.08
1195.08
21.64
21.64
3270.81
3270.81
10.00
10.00
3540.79
3540.79
10.00
10.00
1035.88
1035.88
10.00
10.00
1429.22
1429.22
2291.61
2291.61
3416.33
3416.33
3131.21
3131.21
2600.76
2600.76
533.37
