# 1Hz Kbps trace generated by import_real_world_traces.py
506.33
478.31
532.65
37.41
514.62
479.32
395.67
395.67
413.68
413.68
544.15
474.82
474.82
525.93
525.93
551.66
551.66
464.88
464.88
462.65
462.65
462.65
462.65
477.25
477.25
477.25
477.25
402.00
402.00
402.00
493.08
506.86
506.86
431.24
531.00
473.75
506.15
519.53
519.53
557.78
557.78
520.88
520.88
291.24
291.24
550.08
550.08
563.17
563.17
496.66
496.66
537.37
537.37
432.97
432.97
502.04
502.04
447.33
447.33
523.21
523.21
523.21
527.27
535.31
535.31
534.38
534.38
534.38
492.19
492.19
518.72
518.72
510.35
510.35
524.02
502.19
502.19
474.22
474.22
474.22
533.65
533.65
439.23
439.23
523.20
523.20
448.33
528.54
528.54
531.88
531.88
528.38
528.38
526.95
526.95
468.11
468.11
515.34
515.34
444.91
444.91
550.75
550.75
451.02
451.02
530.17
530.17
541.06
541.06
478.89
478.89
488.37
488.37
538.62
538.62
528.79
528.79
528.79
534.37
534.37
544.48
544.48
544.48
524.24
534.35
507.43
507.43
526.93
526.93
452.54
452.54
510.36
510.36
552.84
552.84
541.96
541.96
509.89
509.89
528.87
528.87
529.30
529.30
545.61
545.61
545.61
496.34
496.34
542.56
542.56
542.56
542.56
534.15
534.15
507.06
530.42
530.42
516.30
516.30
537.39
537.39
520.26
520.26
518.15
518.15
546.68
546.68
497.77
497.77
563.63
563.63
490.38
490.38
511.31
511.31
461.44
461.44
501.69
501.69
527.02
527.02
548.87
548.87
553.00
553.00
537.93
537.93
541.82
541.82
548.36
548.36
479.70
479.70
513.20
513.20
517.55
517.55
472.87
472.87
487.16
487.16
543.66
543.66
516.99
516.99
538.47
538.47
543.89
543.89
476.28
476.28
528.29
528.29
514.57
514.57
532.53
532.53
501.39
501.39
544.11
544.11
458.30
458.30
540.26
540.26
530.57
530.57
487.73
487.73
547.20
547.20
546.46
546.46
523.96
523.96
528.15
528.15
532.73
532.73
175.00
175.00
508.32
508.32
497.96
497.96
543.23
543.23
529.22
529.22
537.24
537.24
536.57
536.57
529.10
529.10
554.05
554.05
168.01
168.01
506.00
506.00
467.81
467.81
524.70
524.70
545.22
545.22
530.75
530.75
547.31
547.31
487.84
487.84
541.01
541.01
544.49
544.49
508.02
508.02
504.52
504.52
547.59
547.59
511.90
511.90
549.93
549.93
472.60
472.60
508.99
508.99
541.23
541.23
507.38
507.38
482.23
482.23
547.44
547.44
433.89
433.89
544.85
544.85
531.33
531.33
526.94
526.94
479.05
479.05
482.18
482.18
535.18
535.18
486.50
486.50
459.87
459.87
499.72
499.72
511.42
511.42
525.59
525.59
515.12
515.12
530.38
530.38
533.95
533.95
533.95
436.87
436.87
456.87
456.87
515.23
439.36
439.36
447.96
447.96
542.24
542.24
522.17
522.17
458.29
458.29
514.49
514.49
521.29
521.29
554.45
554.45
500.07
500.07
491.32
491.32
491.32
494.72
494.72
505.53
505.53
528.06
528.06
528.06
492.51
492.51
492.51
492.51
80.34
80.34
458.38
458.38
440.64
440.64
440.64
441.93
441.93
531.51
531.51
464.29
464.29
535.03
535.03
478.26
478.26
542.28
542.28
530.75
530.75
530.75
535.73
535.73
487.18
487.18
552.22
531.16
531.16
547.82
547.82
60.93
533.57
533.57
544.88
529.01
519.45
465.85
465.85
529.04
529.04
555.14
555.14
499.23
499.23
517.48
517.48
525.95
525.95
512.05
512.05
403.94
410.30
410.30
410.30
511.42
511.42
480.63
480.63
530.96
530.96
501.98
501.98
419.44
419.44
547.71
547.71
572.45
572.45
522.25
522.25
499.17
499.17
526.38
526.38
516.44
516.44
532.73
532.73
504.26
504.26
530.39
530.39
431.51
431.51
533.66
533.66
538.74
538.74
538.74
538.74
501.74
527.05
527.05
523.40
526.06
526.06
549.41
549.41
501.43
501.43
531.81
531.81
539.17
539.17
545.59
545.59
496.56
496.56
536.98
536.98
501.71
501.71
502.75
502.75
482.86
482.86
503.01
503.01
536.02
536.02
463.02
463.02
481.12
481.12
550.95
550.95
485.25
485.25
563.05
563.05
539.42
539.42
609.29
609.29
16.02
16.02
571.56
571.56
196.08
196.08
527.71
527.71
527.39
527.39
527.39
527.39
550.22
550.22
556.44
515.20
515.20
515.20
515.20
490.96
490.96
452.23
452.23
504.42
504.42
535.08
518.72
518.72
523.30
523.30
475.03
475.03
518.36
518.36
545.84
545.84
496.41
496.41
548.14
548.14
463.12
463.12
524.54
524.54
550.35
550.35
490.69
490.69
539.81
539.81
531.80
531.80
494.22
494.22
527.80
527.80
523.56
