# 1Hz Kbps trace generated by import_real_world_traces.py
1677.51
2091.27
2091.27
2146.98
2146.98
684.58
684.58
2606.15
2606.15
224.17
224.17
3607.37
3607.37
3607.37
3607.37
1579.06
1579.06
3162.96
3162.96
1664.46
1664.46
3221.02
3221.02
2293.16
2293.16
3834.98
3834.98
3092.24
3092.24
2516.94
2516.94
3660.49
3660.49
2160.28
2160.28
2973.27
2973.27
1238.49
1238.49
3522.55
3522.55
4135.56
4135.56
4135.56
4135.56
1959.59
1959.59
898.39
898.39
2085.46
2085.46
1256.70
1256.70
614.80
614.80
872.17
872.17
2374.29
2374.29
20.69
20.69
3467.11
3467.11
2476.64
2476.64
1256.86
1256.86
2075.14
2075.14
2075.14
2075.14
3947.76
3947.76
3107.33
3107.33
1301.05
1301.05
3106.02
3106.02
3106.02
3106.02
2228.94
2228.94
1055.65
1055.65
1199.50
1199.50
3429.00
3429.00
1787.15
1787.15
3761.50
3761.50
2415.82
2415.82
1766.13
1766.13
2195.14
2195.14
2195.14
2195.14
1981.60
1981.60
1487.79
1487.79
280.08
280.08
2164.79
2164.79
2018.79
2018.79
1632.69
1632.69
2506.73
2506.73
19.21
19.21
1230.14
1230.14
1480.36
1480.36
1406.01
1406.01
1692.75
1692.75
1501.14
1501.14
1900.40
1900.40
1154.98
1154.98
1923.74
1923.74
1990.41
1990.41
1057.54
1057.54
1751.25
1751.25
1315.09
1315.09
610.49
610.49
1679.21
1679.21
2134.47
2134.47
2230.96
2230.96
1676.62
1676.62
2692.09
2692.09
1821.59
1821.59
2783.20
2783.20
2519.57
2519.57
1305.07
1305.07
3284.48
3284.48
1032.18
1032.18
59.85
59.85
2848.28
2848.28
2099.58
2099.58
76.20
76.20
1968.78
1968.78
1968.78
1968.78
2544.85
2544.85
1347.05
1347.05
3229.49
3229.49
3229.49
3229.49
1962.02
1962.02
16.23
16.23
530.28
530.28
505.01
505.01
2995.42
2995.42
24.94
24.94
1102.04
1102.04
1086.90
1086.90
3056.33
3056.33
21.60
21.60
904.61
904.61
664.13
664.13
391.72
391.72
638.20
638.20
1125.53
1125.53
1440.26
1440.26
2682.15
2682.15
2055.09
2055.09
2127.31
2127.31
1307.01
1307.01
3043.90
3043.90
869.98
869.98
444.49
444.49
3390.48
3390.48
2021.72
2021.72
2506.13
2506.13
3026.08
3026.08
2461.96
2461.96
1022.18
1022.18
1113.11
1113.11
779.60
779.60
2553.42
2553.42
2625.74
2625.74
381.13
381.13
381.13
381.13
604.58
604.58
2917.19
2917.19
286.65
286.65
2311.78
2311.78
10.00
10.00
311.77
311.77
2371.74
2371.74
222.66
222.66
2274.14
2274.14
811.67
811.67
20.54
20.54
2364.77
2364.77
655.62
655.62
2695.20
2695.20
1721.34
1721.34
483.50
483.50
16.21
16.21
1076.77
1076.77
1947.73
1947.73
1880.41
1880.41
11.92
11.92
1135.01
1135.01
843.54
843.54
2655.65
2655.65
601.13
601.13
2685.74
2685.74
3079.18
3079.18
10.14
10.14
425.06
425.06
1323.38
1323.38
1980.96
1980.96
727.03
727.03
19.41
19.41
2765.99
2765.99
1618.92
1618.92
10.00
10.00
10.00
10.00
10.00
1390.18
2981.58
2981.58
1495.11
1495.11
1213.96
1213.96
714.57
714.57
1684.11
1684.11
2495.66
2495.66
119.48
119.48
1742.57
1742.57
2548.31
2548.31
2548.31
2548.31
759.12
759.12
1444.80
1444.80
61.77
61.77
2340.31
2340.31
1390.74
1390.74
2822.31
2822.31
2160.62
2160.62
3030.89
3030.89
2767.62
2767.62
2847.18
2847.18
3499.69
3499.69
13.40
13.40
809.21
809.21
2370.10
2370.10
10.38
10.38
2670.89
2670.89
10.00
10.00
1282.43
1282.43
386.63
386.63
3673.02
3673.02
2775.77
2775.77
539.32
539.32
20.76
20.76
3471.51
3471.51
2342.27
2342.27
2773.79
2773.79
1921.00
1921.00
2404.85
2404.85
2852.23
2852.23
2081.08
2081.08
2496.08
2496.08
2669.16
2669.16
1902.54
1902.54
2555.64
2555.64
2559.44
2559.44
2559.44
2559.44
2724.22
2724.22
2887.99
2887.99
2255.33
2255.33
2099.16
2099.16
2896.11
2896.11
2224.80
2224.80
2607.28
2607.28
2722.37
2722.37
674.48
674.48
3718.16
3718.16
2166.98
2166.98
2088.75
2088.75
3007.86
3007.86
1952.36
1952.36
3051.35
3051.35
1436.04
1436.04
1063.67
1063.67
1194.89
1194.89
1842.44
1842.44
2578.10
2578.10
2057.01
2057.01
2075.98
2075.98
65.06
65.06
1961.11
1961.11
2330.53
2330.53
1273.88
1273.88
1482.08
1482.08
1272.41
1272.41
2312.26
2312.26
2691.99
2691.99
2204.22
2204.22
3337.70
3337.70
2432.50
2432.50
2888.78
2888.78
3959.36
3959.36
2254.23
2254.23
1598.17
1598.17
2355.92
2355.92
2806.04
2806.04
1860.66
1860.66
166.43
166.43
633.25
633.25
1853.92
1853.92
1721.58
1721.58
3023.69
3023.69
2308.52
2308.52
2317.75
2317.75
122.37
122.37
122.37
467.77
438.26
438.26
438.26
347.88
2555.51
2555.51
2217.45
2217.45
2217.45
2217.45
2342.29
2342.29
2342.29
2342.29
2342.29
2037.94
1227.37
1227.37
20.29
20.29
2475.48
2475.48
2030.31
2030.31
700.80
700.80
2823.46
2823.46
752.43
752.43
1581.86
1581.86
21.78
21.78
2067.70
2067.70
663.81
663.81
54.73
54.73
1140.47
1140.47
1019.60
1019.60
2118.44
2118.44
2662.34
2662.34
63.23
63.23
604.81
604.81
921.77
921.77
598.61
598.61
700.86
700.86
1250.37
1250.37
769.73
769.73
1221.55
1221.55
1852.34
1852.34
1061.67
1061.67
998.90
998.90
226.26
226.26
1239.02
1239.02
1272.20
1272.20
1692.70
1692.70
2008.38
2008.38
1218.76
1218.76
2641.17
2641.17
2195.35
2195.35
3311.02
3311.02
798.90
798.90
798.90
1683.38
1683.38
1368.45
1289.41
1289.41
1289.41
1613.04
2536.02
2536.02
2536.02
2609.44
2609.44
1242.62
1242.62
2819.73
2819.73
2903.79
2903.79
2572.97
2572.97
2907.69
2907.69
2066.07
2066.07
10.00
10.00
16.24
16.24
2936.47
2936.47
2794.81
2794.81
1252.46
1252.46
233.21
233.21
279.00
279.00
453.21
453.21
2999.93
2999.93
142.39
142.39
998.11
998.11
1145.47
1145.47
1123.18
1123.18
2731.28
2731.28
2731.28
2731.28
2152.40
2152.40
510.23
510.23
10.00
10.00
2249.50
2249.50
450.93
450.93
1926.35
1926.35
1926.35
172.64
2128.11
2128.11
1760.85
1760.85
2359.02
2359.02
2443.23
2443.23
1455.75
1455.75
1455.75
1455.75
2240.10
2240.10
1510.50
1510.50
1901.99
1901.99
437.95
437.95
99.83
99.83
1352.71
1352.71
152.68
152.68
2080.86
2080.86
1125.36
1125.36
1532.84
1532.84
2513.01
2513.01
193.40
193.40
774.79
774.79
251.21
251.21
2108.60
2108.60
2461.19
2461.19
843.50
843.50
2418.79
2418.79
1673.86
1673.86
10.00
10.00
2516.22
2516.22
383.43
383.43
840.11
840.11
10.84
10.84
1669.72
1669.72
3374.00
3374.00
316.07
316.07
3202.27
3202.27
643.88
643.88
2458.55
2458.55
2691.62
2691.62
2911.88
2911.88
2934.49
2934.49
2934.49
2934.49
2934.49
2934.49
2934.49
2934.49
2934.49
2934.49
3052.73
3052.73
18.24
18.24
2499.88
2499.88
3561.37
3561.37
2197.03
2197.03
2773.23
2773.23
547.53
547.53
3738.23
3738.23
3689.90
3689.90
10.00
10.00
21.00
21.00
1415.73
1415.73
407.46
407.46
2851.61
2851.61
2206.61
2206.61
2206.61
2206.61
2206.61
2206.61
2206.61
2206.61
2206.61
2206.61
2057.39
2057.39
1636.10
1636.10
1639.18
1639.18
1084.96
1084.96
2110.21
2110.21
1921.97
1921.97
2639.70
2639.70
2331.94
2331.94
1639.16
1639.16
2383.48
2383.48
1100.57
1100.57
3295.13
3295.13
2102.34
2102.34
804.77
804.77
804.77
804.77
1042.60
1042.60
2839.83
2839.83
1750.61
1750.61
2744.18
2744.18
3634.34
3634.34
1625.08
1625.08
3561.88
3561.88
2562.67
2562.67
3500.53
3500.53
3772.43
3772.43
2154.18
2154.18
1375.36
1375.36
2381.40
2381.40
3801.37
3801.37
3403.76
3403.76
3403.76
3403.76
20.31
20.31
2024.18
2024.18
2899.60
2899.60
3463.95
3463.95
2141.79
2141.79
2889.54
2889.54
2186.00
2186.00
2881.54
2881.54
3019.68
3019.68
2090.78
2090.78
3427.05
3427.05
1777.75
1777.75
2990.19
2990.19
2990.19
2990.19
2990.19
2990.19
3310.98
3310.98
3310.98
3310.98
3310.98
3310.98
2115.37
2115.37
1807.68
1807.68
2861.92
2861.92
1972.42
1972.42
3824.73
3824.73
3920.82
3920.82
20.53
20.53
2853.38
2853.38
1577.19
1577.19
1499.75
1499.75
3277.01
3277.01
1685.01
1685.01
1579.91
1579.91
2381.57
2381.57
2824.94
2824.94
2197.96
2197.96
2264.39
2264.39
1652.99
1652.99
2445.62
2445.62
2418.84
2418.84
617.47
617.47
2322.63
2322.63
2923.93
2923.93
2442.64
2442.64
2719.54
2719.54
2955.17
2955.17
424.89
424.89
844.72
844.72
844.72
238.22
3095.51
3095.51
2881.23
2881.23
829.25
829.25
1000.89
1000.89
1000.89
1000.89
1000.89
1000.89
2883.41
2883.41
2883.41
2883.41
198.01
198.01
198.01
173.05
3043.26
3043.26
1409.34
1409.34
966.79
966.79
672.26
672.26
368.47
368.47
368.47
368.47
21.32
21.32
21.32
132.96
563.68
563.68
563.68
563.68
236.08
236.08
2446.94
2446.94
2446.94
2446.94
2446.94
2446.94
72.56
72.56
597.06
597.06
597.06
597.06
706.65
706.65
2160.87
2160.87
1579.02
1579.02
2538.93
2538.93
2538.93
2538.93
2538.93
2538.93
2472.79
2472.79
2720.92
2720.92
1120.43
1120.43
2681.54
2681.54
1245.38
1245.38
2673.81
2673.81
2686.50
2686.50
2230.20
2230.20
2029.39
2029.39
2724.10
2724.10
3462.58
3462.58
2273.53
2273.53
280.51
280.51
3984.73
3984.73
170.97
170.97
2727.53
2727.53
104.32
104.32
10.00
10.00
738.34
738.34
1874.41
1874.41
2474.79
2474.79
323.87
323.87
721.96
721.96
3171.08
3171.08
1152.39
1152.39
978.20
978.20
739.38
739.38
1069.77
1069.77
1229.58
1229.58
356.21
356.21
1621.70
1621.70
1906.62
1906.62
703.33
703.33
2286.48
2286.48
2286.48
2286.48
2415.11
2415.11
176.10
176.10
750.87
750.87
2302.64
2302.64
1789.64
1789.64
2021.63
2021.63
1151.44
1151.44
1569.28
1569.28
2121.12
2121.12
2121.12
213.28
2931.90
2931.90
2931.90
169.29
898.53
898.53
2893.59
2893.59
478.59
478.59
2646.01
2646.01
2018.19
2018.19
21.05
21.05
2015.07
2015.07
2015.07
2015.07
2637.74
