# 1Hz Kbps trace generated by import_real_world_traces.py
1696.82
1494.92
1494.92
1464.67
1464.67
678.27
678.27
3369.68
3369.68
3258.69
3258.69
3754.21
3754.21
3963.54
3963.54
1738.55
1738.55
3976.71
3976.71
3976.71
3976.71
1631.15
1631.15
3850.36
3850.36
3952.86
3952.86
3615.71
3615.71
3676.42
3676.42
4217.62
4217.62
10.00
10.00
3991.10
3991.10
2705.17
2705.17
1674.81
1674.81
861.92
861.92
126.60
126.60
3817.19
3817.19
3949.83
3949.83
1634.09
1634.09
575.03
575.03
122.27
122.27
487.35
487.35
3903.23
3903.23
1585.52
1585.52
3039.45
3039.45
3549.97
3549.97
2350.38
2350.38
892.02
892.02
130.78
130.78
134.34
134.34
1496.10
1496.10
3401.77
3401.77
3844.35
3844.35
1578.86
1578.86
451.17
451.17
2474.11
2474.11
3259.17
3259.17
2028.72
2028.72
3311.47
3311.47
747.64
747.64
91.57
91.57
1630.37
1630.37
1661.18
1661.18
201.86
201.86
1726.16
1726.16
3945.38
3945.38
495.60
495.60
1716.43
1716.43
3706.56
3706.56
3919.56
3919.56
3637.63
3637.63
3821.30
3821.30
716.11
716.11
782.77
782.77
1618.85
1618.85
3843.88
3843.88
1716.91
1716.91
1484.13
1484.13
1173.19
1173.19
3509.26
3509.26
2124.46
2124.46
1486.68
1486.68
3330.22
3330.22
208.68
208.68
976.95
976.95
3040.60
3040.60
2708.84
2708.84
797.59
797.59
1866.71
1866.71
3710.42
3710.42
3633.82
3633.82
3280.20
3280.20
801.02
801.02
1607.90
1607.90
595.31
595.31
3182.54
3182.54
269.21
269.21
236.61
236.61
1129.38
1129.38
2570.93
2570.93
2028.05
2028.05
2593.80
2593.80
2852.24
2852.24
2455.17
2455.17
1341.45
1341.45
1580.24
1580.24
3149.73
3149.73
3576.48
3576.48
1313.55
1313.55
3474.26
3474.26
1602.06
1602.06
3083.58
3083.58
1330.11
1330.11
1788.06
1788.06
3631.56
3631.56
1696.88
1696.88
2393.84
2393.84
2370.19
2370.19
1170.51
1170.51
500.46
500.46
695.29
695.29
1070.71
1070.71
2585.36
2585.36
37.55
37.55
3680.40
3680.40
416.63
416.63
248.99
248.99
1119.44
1119.44
3570.56
3570.56
1493.62
1493.62
104.61
104.61
3213.93
3213.93
3363.00
3363.00
3384.19
3384.19
3405.17
3405.17
3846.88
3846.88
71.21
71.21
71.80
71.80
2355.17
2355.17
3994.63
3994.63
520.30
520.30
1722.73
1722.73
2724.07
2724.07
3778.29
3778.29
1303.79
1303.79
3519.57
3519.57
1674.80
