# 1Hz Kbps trace generated by import_real_world_traces.py
2404.09
2771.43
2771.43
783.01
783.01
700.30
700.30
83.44
83.44
65.80
65.80
10.00
10.00
87.89
87.89
814.46
814.46
39.21
39.21
45.54
45.54
122.61
122.61
68.23
68.23
5299.33
5299.33
10.00
10.00
6690.99
6690.99
4958.74
4958.74
948.91
948.91
5745.28
5745.28
121.56
121.56
906.56
906.56
87.80
87.80
913.81
913.81
601.15
601.15
4494.55
4494.55
14.40
14.40
1032.40
1032.40
3023.11
3023.11
3023.11
433.42
433.42
77.22
77.22
120.12
120.12
5731.53
5731.53
22.70
22.70
47.54
47.54
28.20
28.20
4004.36
4004.36
49.67
49.67
14.18
14.18
913.20
913.20
7663.17
7663.17
22.07
22.07
1440.18
1440.18
2183.64
2183.64
2826.95
2826.95
2644.73
2644.73
15.39
15.39
641.29
641.29
14.52
14.52
16.42
16.42
1263.77
1263.77
2209.13
2209.13
5109.80
5109.80
4804.13
4804.13
1017.01
1017.01
626.79
626.79
22.98
22.98
504.70
504.70
24.94
24.94
265.07
265.07
66.93
66.93
16.96
16.96
31.12
31.12
14.94
14.94
341.87
341.87
426.54
426.54
3658.78
3658.78
45.34
45.34
2742.98
2742.98
2230.69
2230.69
3540.68
3540.68
3138.49
3138.49
141.45
141.45
7555.41
7555.41
4382.95
4382.95
6059.08
6059.08
15.03
15.03
133.04
133.04
3005.84
3005.84
8099.29
8099.29
2338.09
2338.09
7035.20
7035.20
964.28
964.28
169.78
169.78
172.55
172.55
172.72
172.72
5502.69
5502.69
7072.06
7072.06
156.09
156.09
644.38
644.38
61.58
61.58
416.62
416.62
1105.94
1105.94
135.86
135.86
79.71
79.71
7354.93
7354.93
241.57
241.57
85.18
85.18
65.79
65.79
43.95
43.95
15.30
15.30
40.24
40.24
7185.95
7185.95
1926.67
1926.67
878.46
878.46
4072.70
4072.70
6298.22
6298.22
6256.28
6256.28
16.02
16.02
896.49
896.49
15.41
15.41
1176.96
1176.96
14.87
14.87
678.20
678.20
6688.43
6688.43
74.38
74.38
6703.47
6703.47
7597.29
7597.29
7597.29
7597.29
10.00
10.00
7807.41
7807.41
8573.82
8573.82
110.64
110.64
3937.52
3937.52
3937.52
3937.52
3937.52
3937.52
5958.80
5958.80
5958.80
5958.80
5958.80
5958.80
4675.70
4675.70
6587.60
6587.60
9244.08
9244.08
9244.08
9244.08
9244.08
9244.08
9244.08
9244.08
9244.08
9244.08
9244.08
9244.08
9244.08
9244.08
9244.08
9244.08
7598.31
7598.31
925.50
925.50
29.87
29.87
8297.87
8297.87
6246.07
6246.07
6246.07
6246.07
6246.07
6246.07
6246.07
6246.07
6246.07
6246.07
246.75
246.75
5199.19
5199.19
82.57
82.57
3299.88
3299.88
46.57
46.57
13.61
13.61
7164.66
7164.66
7103.83
7103.83
4538.27
4538.27
7038.89
7038.89
6164.28
6164.28
2369.93
2369.93
2502.95
2502.95
2502.95
2502.95
7184.80
7184.80
7184.80
7184.80
1929.81
1929.81
1978.69
1978.69
8198.29
8198.29
3552.41
3552.41
14.80
14.80
20.63
20.63
6070.88
6070.88
2896.88
2896.88
6678.80
6678.80
2611.34
2611.34
4139.43
4139.43
141.20
141.20
2899.21
2899.21
5457.49
5457.49
5457.49
5457.49
10.00
10.00
7589.79
7589.79
7227.08
7227.08
7227.08
7227.08
7227.08
7227.08
7227.08
7227.08
956.61
956.61
8178.88
8178.88
590.34
590.34
8078.77
8078.77
2232.75
2232.75
4241.84
4241.84
5362.55
5362.55
379.97
379.97
5611.03
5611.03
15.39
15.39
988.48
988.48
2015.43
2015.43
951.55
951.55
77.80
77.80
408.20
408.20
4215.78
4215.78
40.04
40.04
6218.63
6218.63
1711.58
1711.58
6217.96
6217.96
5010.56
5010.56
7098.68
7098.68
4328.03
4328.03
15.10
15.10
945.17
945.17
2910.44
2910.44
572.82
572.82
4943.87
4943.87
66.88
66.88
1417.96
1417.96
1120.42
1120.42
10.00
10.00
111.81
111.81
50.81
50.81
3327.79
3327.79
14.90
14.90
922.03
922.03
6490.63
6490.63
3580.86
3580.86
18.07
18.07
297.42
297.42
782.98
782.98
171.49
171.49
1245.83
1245.83
548.25
548.25
716.54
716.54
1528.99
1528.99
7832.60
7832.60
1040.04
1040.04
49.34
49.34
10.00
10.00
14.67
14.67
1226.91
1226.91
835.79
835.79
6498.75
6498.75
2093.69
2093.69
8534.79
8534.79
5521.89
5521.89
7928.42
7928.42
11.25
11.25
3226.53
3226.53
1356.75
1356.75
4123.40
4123.40
18.15
18.15
14.68
14.68
1018.96
1018.96
14.88
14.88
111.00
111.00
5931.55
5931.55
161.54
161.54
66.15
66.15
66.15
180.77
963.52
963.52
504.24
504.24
2842.19
2842.19
48.89
48.89
226.74
226.74
16.00
16.00
70.63
70.63
119.36
119.36
357.83
357.83
169.91
169.91
33.66
33.66
1151.48
1151.48
46.58
46.58
1563.80
1563.80
21.23
21.23
254.32
254.32
254.32
20.63
20.63
4119.11
4310.61
4310.61
6868.31
6868.31
335.20
335.20
563.89
563.89
3475.81
3475.81
8033.79
8033.79
6116.65
6116.65
6116.65
6116.65
57.81
57.81
9457.30
9457.30
14.96
14.96
33.33
33.33
10.00
10.00
8811.98
8811.98
137.49
137.49
2059.74
2059.74
2898.57
2898.57
3494.29
3494.29
1071.47
1071.47
93.65
93.65
1070.83
1070.83
3910.99
3910.99
7484.47
7484.47
57.61
57.61
102.54
102.54
1273.69
1273.69
126.59
126.59
7476.35
7476.35
1027.79
1027.79
475.52
475.52
7588.53
7588.53
44.95
44.95
6022.70
6022.70
22.21
22.21
283.81
283.81
2389.47
2389.47
3148.35
3148.35
8303.76
8303.76
4697.56
4697.56
3306.96
3306.96
79.90
79.90
45.64
45.64
26.39
26.39
46.52
46.52
179.11
179.11
410.09
410.09
134.31
134.31
913.85
913.85
6495.03
6495.03
5396.78
5396.78
5345.74
5345.74
8903.83
8903.83
1063.58
1063.58
14.50
14.50
933.23
933.23
135.72
135.72
1534.62
1534.62
3732.58
3732.58
1871.91
1871.91
654.10
654.10
301.80
301.80
71.70
71.70
3208.67
3208.67
159.67
159.67
1580.79
1580.79
1616.91
1616.91
1038.99
1038.99
15.44
15.44
32.61
32.61
66.01
66.01
45.33
45.33
11.19
11.19
154.24
154.24
2546.14
2546.14
14.45
14.45
579.97
579.97
18.64
18.64
27.27
27.27
896.56
896.56
129.39
129.39
2707.20
2707.20
4369.95
4369.95
65.51
65.51
25.45
25.45
2182.34
2182.34
849.06
849.06
91.32
91.32
67.34
67.34
159.91
159.91
16.23
16.23
960.99
960.99
14.47
14.47
86.25
86.25
4221.29
4221.29
228.99
228.99
6705.51
6705.51
3742.20
3742.20
7951.89
7951.89
79.60
79.60
4493.81
4493.81
50.37
50.37
14.90
14.90
765.19
765.19
105.28
105.28
759.25
759.25
197.85
197.85
374.60
374.60
43.44
43.44
4470.72
4470.72
952.21
952.21
33.19
33.19
544.36
544.36
1322.73
1322.73
296.14
296.14
100.72
100.72
225.63
225.63
29.41
29.41
29.41
29.41
244.99
244.99
2173.30
177.36
177.36
2325.33
2325.33
4153.83
4153.83
989.91
989.91
989.91
653.55
653.55
1083.55
1083.55
1083.55
932.80
932.80
28.09
28.09
250.54
250.54
250.54
263.58
263.58
363.41
363.41
4074.87
4074.87
914.00
914.00
625.82
625.82
4235.55
4235.55
3078.67
3078.67
1571.34
1571.34
5824.25
5824.25
163.66
163.66
48.22
48.22
59.55
59.55
46.28
46.28
252.34
252.34
27.21
27.21
4445.74
4445.74
765.15
765.15
1011.47
1011.47
67.76
67.76
170.51
170.51
59.80
59.80
29.37
29.37
985.23
985.23
17.46
17.46
3540.65
3540.65
1518.48
1518.48
8131.63
8131.63
1026.18
1026.18
9900.22
9900.22
7590.37
7590.37
124.78
124.78
7950.20
7950.20
8723.92
8723.92
11853.20
11853.20
9274.27
9274.27
8759.11
8759.11
9291.17
9291.17
6853.54
6853.54
8187.48
8187.48
917.97
917.97
10.00
10.00
896.97
896.97
69.37
69.37
456.34
456.34
1640.74
1640.74
144.28
144.28
1053.87
1053.87
8571.73
8571.73
1612.20
1612.20
3799.00
3799.00
3344.81
3344.81
973.52
973.52
108.38
108.38
904.27
904.27
5691.70
5691.70
366.66
366.66
21.42
21.42
42.79
42.79
982.40
982.40
15.76
15.76
43.96
43.96
17.19
17.19
107.34
107.34
1014.95
1014.95
162.66
162.66
959.81
959.81
1502.26
1502.26
10.00
10.00
1693.66
1693.66
92.38
92.38
1020.25
1020.25
495.57
495.57
1222.59
1222.59
14.67
14.67
77.13
77.13
950.23
950.23
3043.42
3043.42
1155.87
1155.87
14.98
14.98
1492.66
1492.66
459.18
459.18
228.87
228.87
80.64
80.64
343.58
343.58
1369.32
1369.32
391.21
391.21
3451.73
3451.73
868.48
868.48
21.88
21.88
5346.35
5346.35
14.34
14.34
2501.74
2501.74
905.38
905.38
9429.06
9429.06
8708.46
8708.46
8708.46
8708.46
8708.46
8708.46
8708.46
8708.46
8708.46
8708.46
956.69
956.69
9364.12
9364.12
9536.43
9536.43
9739.19
9739.19
8418.60
8418.60
4348.62
4348.62
4348.62
4348.62
4348.62
4348.62
4379.74
4379.74
6296.52
6296.52
6466.69
6466.69
7733.65
7733.65
6040.15
6040.15
7287.93
7287.93
1056.82
1056.82
2119.64
2119.64
8744.13
8744.13
7120.81
7120.81
8169.12
8169.12
879.70
879.70
4089.95
4089.95
4089.95
4089.95
2607.61
2607.61
2839.43
2839.43
1082.32
1082.32
3234.63
3234.63
8585.92
8585.92
7329.76
7329.76
5713.75
5713.75
5713.75
5713.75
5713.75
5713.75
6160.30
6160.30
2616.82
2616.82
7650.15
7650.15
9678.73
9678.73
9678.73
9678.73
1036.67
1036.67
8932.84
8932.84
7982.16
7982.16
7982.16
7982.16
7982.16
7982.16
996.13
996.13
9207.52
9207.52
7709.90
7709.90
7709.90
7709.90
8627.05
8627.05
9016.94
9016.94
14.48
14.48
9005.04
9005.04
9516.22
9516.22
880.63
880.63
8764.12
8764.12
8764.12
8764.12
1048.39
1048.39
578.78
578.78
4576.69
4576.69
2132.40
2132.40
395.36
395.36
6689.86
6689.86
8583.78
8583.78
2534.48
2534.48
48.00
48.00
1002.56
1002.56
1124.49
1124.49
161.03
161.03
3093.27
3093.27
1400.07
1400.07
832.01
832.01
1661.26
1661.26
153.39
153.39
160.47
160.47
3756.37
3756.37
22.17
22.17
1198.21
1198.21
1933.94
1933.94
1933.94
249.64
249.64
90.02
90.02
7014.00
7014.00
8564.71
8564.71
7301.33
7301.33
5005.09
5005.09
1142.56
1142.56
1309.36
1309.36
1309.36
1309.36
1309.36
1309.36
1382.95
1382.95
15.31
15.31
4512.65
4512.65
9375.90
9375.90
8738.73
8738.73
68.05
68.05
1018.36
1018.36
8173.35
8173.35
6045.53
6045.53
2334.53
2334.53
1695.35
1695.35
2626.32
2626.32
121.17
121.17
925.45
925.45
78.41
78.41
165.66
165.66
4366.74
4366.74
1195.84
1195.84
1311.86
1311.86
4494.37
4494.37
6634.93
6634.93
3246.50
3246.50
86.60
86.60
20.02
20.02
8116.92
8116.92
7136.89
7136.89
3186.49
3186.49
1967.42
1967.42
8625.71
8625.71
230.34
230.34
3679.29
3679.29
2498.49
2498.49
71.56
71.56
7935.02
7935.02
3891.52
3891.52
2929.19
2929.19
8918.50
8918.50
1027.05
1027.05
61.54
61.54
927.43
927.43
7694.90
7694.90
450.63
450.63
9333.37
9333.37
8188.43
8188.43
1015.49
1015.49
6777.80
6777.80
8151.63
8151.63
7813.90
7813.90
7991.11
7991.11
7550.97
7550.97
83.27
83.27
7134.08
7134.08
14.00
14.00
8664.00
8664.00
4390.76
4390.76
3684.37
3684.37
946.30
946.30
79.43
79.43
23.10
23.10
106.35
106.35
290.41
290.41
167.13
167.13
184.02
184.02
297.26
297.26
132.08
132.08
3643.01
3643.01
1869.62
1869.62
71.83
71.83
927.70
927.70
14.28
14.28
76.81
76.81
2173.69
2173.69
3717.76
3717.76
136.38
136.38
22.47
22.47
382.64
382.64
590.93
590.93
523.75
523.75
1643.73
1643.73
1825.71
1825.71
1024.32
1024.32
5677.26
5677.26
7066.44
7066.44
157.30
157.30
30.55
30.55
7978.83
7978.83
1091.17
1091.17
7738.36
7738.36
7805.55
7805.55
9088.22
9088.22
32.62
32.62
244.75
244.75
979.62
979.62
1548.48
1548.48
8477.90
8477.90
5320.68
5320.68
15.37
15.37
3240.65
3240.65
313.74
313.74
7482.71
7482.71
31.83
31.83
7531.94
7531.94
9424.23
9424.23
1142.28
1142.28
57.27
57.27
256.39
256.39
144.24
144.24
133.16
133.16
10.00
10.00
75.94
75.94
42.80
42.80
555.92
555.92
5301.28
5301.28
66.60
66.60
8620.35
8620.35
5751.55
5751.55
9133.12
9133.12
469.53
469.53
85.94
85.94
2424.28
2424.28
651.23
651.23
29.12
29.12
14.73
14.73
933.08
933.08
3751.74
3751.74
7825.28
7825.28
4399.39
4399.39
8527.47
8527.47
41.00
41.00
44.21
44.21
4153.61
4153.61
1250.66
1250.66
573.14
573.14
915.97
915.97
48.39
48.39
170.87
170.87
277.05
277.05
119.31
119.31
4903.77
4903.77
67.66
67.66
967.32
967.32
46.09
46.09
90.66
90.66
8036.63
8036.63
607.44
607.44
810.11
810.11
8011.07
8011.07
965.40
965.40
6787.88
6787.88
2048.82
2048.82
6624.15
6624.15
1106.66
1106.66
884.44
884.44
138.97
138.97
1223.89
1223.89
1169.46
1169.46
2410.89
2410.89
4926.94
4926.94
5842.07
5842.07
42.40
42.40
352.56
352.56
474.61
474.61
6037.99
6037.99
7393.20
7393.20
60.65
60.65
5048.60
5048.60
4600.27
4600.27
7744.46
7744.46
6261.48
6261.48
7557.92
7557.92
7252.04
7252.04
6790.96
6790.96
4637.18
4637.18
8414.44
8414.44
8414.44
8414.44
68.12
68.12
915.41
915.41
8186.29
8186.29
14.44
14.44
162.25
162.25
6111.41
6111.41
4350.98
4350.98
7290.35
7290.35
7924.06
7924.06
3372.63
3372.63
9062.55
9062.55
948.08
948.08
7450.24
7450.24
9929.16
9929.16
7437.91
7437.91
26.10
26.10
7270.12
7270.12
546.55
546.55
1058.86
1058.86
2215.89
2215.89
3633.32
3633.32
2939.65
2939.65
9986.42
9986.42
5843.11
5843.11
81.48
81.48
388.96
388.96
10.00
10.00
2217.55
2217.55
2140.91
2140.91
1835.46
1835.46
951.02
951.02
136.00
136.00
6313.03
6313.03
60.85
60.85
1686.77
1686.77
29.97
29.97
4231.87
4231.87
919.87
919.87
5938.44
5938.44
44.71
44.71
22.76
22.76
11.66
11.66
858.86
858.86
5604.63
5604.63
10066.18
10066.18
3470.11
3470.11
7737.46
7737.46
4209.06
4209.06
7047.26
7047.26
9307.22
9307.22
7922.86
7922.86
2559.19
2559.19
4807.43
4807.43
9085.75
9085.75
1057.84
1057.84
1439.19
1439.19
1067.29
1067.29
8471.77
8471.77
6489.45
6489.45
804.41
804.41
9069.66
9069.66
218.00
218.00
2429.05
2429.05
8864.65
8864.65
9213.90
9213.90
533.86
533.86
9327.32
9327.32
2793.82
2793.82
7152.06
7152.06
607.14
607.14
11.38
11.38
74.63
74.63
182.99
182.99
874.40
874.40
5226.53
5226.53
3929.72
3929.72
5676.06
5676.06
14.76
14.76
2981.25
2981.25
4153.41
4153.41
901.92
901.92
400.32
400.32
4903.01
4903.01
4304.53
4304.53
103.50
103.50
5746.17
5746.17
932.08
932.08
2588.25
2588.25
16.42
16.42
636.43
636.43
1009.67
1009.67
4872.84
4872.84
924.06
924.06
10.00
10.00
28.72
28.72
15.34
15.34
30.94
30.94
3732.39
3732.39
4853.47
4853.47
5859.25
5859.25
471.93
471.93
5263.77
5263.77
728.25
728.25
327.85
327.85
3845.40
3845.40
1028.63
1028.63
149.15
149.15
1979.61
1979.61
4242.94
4242.94
1911.10
1911.10
150.03
150.03
538.46
538.46
171.19
171.19
4105.68
4105.68
1034.84
1034.84
1091.27
1091.27
128.89
128.89
5112.31
5112.31
3683.82
3683.82
589.75
589.75
53.38
53.38
3434.31
3434.31
289.22
289.22
382.23
382.23
3271.56
3271.56
222.55
222.55
5887.61
5887.61
3714.87
3714.87
4332.92
4332.92
4008.72
4008.72
6303.61
6303.61
3931.88
3931.88
2509.74
2509.74
5909.02
5909.02
2113.97
2113.97
6944.18
6944.18
7175.84
7175.84
243.08
243.08
993.85
993.85
1510.66
1510.66
962.37
962.37
10.44
10.44
4088.14
4088.14
4174.31
4174.31
5796.99
5796.99
30.15
30.15
5586.58
5586.58
84.06
84.06
1554.76
1554.76
2042.18
2042.18
1812.40
1812.40
1968.88
1968.88
28.60
28.60
105.83
105.83
4838.42
4838.42
44.38
44.38
26.88
26.88
887.05
887.05
2298.91
2298.91
4301.50
4301.50
1986.30
1986.30
4020.64
4020.64
2844.66
2844.66
2818.69
2818.69
5166.59
5166.59
2925.25
2925.25
659.12
659.12
5090.44
5090.44
5090.44
5090.44
4504.06
4504.06
4373.73
4373.73
4373.73
4373.73
3033.36
3033.36
3163.90
3163.90
3278.90
3278.90
5121.27
5121.27
5922.01
5922.01
3957.50
3957.50
4239.15
4239.15
3977.32
3977.32
3977.32
3977.32
3977.32
3977.32
4094.29
4094.29
4404.93
4404.93
4404.93
4404.93
2293.06
2293.06
3579.26
3579.26
3090.25
3090.25
31.89
31.89
3869.87
3869.87
5185.69
5185.69
3842.32
3842.32
4484.72
4484.72
4944.19
4944.19
4944.19
4944.19
4944.19
4944.19
4944.19
4944.19
3842.40
3842.40
3842.40
3842.40
2717.77
2717.77
5065.63
5065.63
3450.65
3450.65
3450.65
3450.65
3450.65
3450.65
3450.65
3450.65
3661.17
3661.17
5717.74
5717.74
2504.25
2504.25
3987.67
3987.67
3195.74
3195.74
2970.27
2970.27
4943.11
4943.11
4943.11
4943.11
4943.11
4943.11
4943.11
4943.11
85.28
85.28
1637.46
1637.46
1637.46
1637.46
1637.46
1637.46
4455.65
4455.65
4322.63
4322.63
1178.71
1178.71
1619.38
1619.38
36.25
36.25
5708.99
5708.99
5042.27
5042.27
3906.22
3906.22
3110.90
3110.90
173.24
173.24
3112.50
3112.50
3600.97
3600.97
5233.69
5233.69
2775.86
2775.86
1537.36
1537.36
6114.33
6114.33
4259.30
4259.30
881.60
881.60
85.20
85.20
367.44
367.44
674.29
674.29
1371.36
1371.36
940.17
940.17
1954.24
1954.24
57.24
57.24
116.17
116.17
4398.02
4398.02
3779.22
3779.22
305.88
305.88
913.08
913.08
3340.34
3340.34
4980.87
4980.87
1970.64
1970.64
775.24
775.24
71.97
71.97
492.48
492.48
943.70
943.70
5932.95
5932.95
4967.74
4967.74
22.86
22.86
4330.32
4330.32
119.90
119.90
74.63
74.63
46.15
46.15
138.90
138.90
103.96
103.96
30.55
30.55
299.66
299.66
3543.63
3543.63
2842.64
2842.64
2251.53
2251.53
582.09
582.09
4376.38
4376.38
90.76
90.76
607.90
607.90
136.82
136.82
132.92
132.92
23.18
23.18
906.55
906.55
2107.05
2107.05
88.98
88.98
639.61
639.61
170.30
170.30
97.78
97.78
5286.74
5286.74
907.90
907.90
3022.60
3022.60
7228.84
7228.84
7228.84
7228.84
6273.17
6273.17
6273.17
6273.17
6273.17
6273.17
6273.17
6273.17
6273.17
6273.17
6273.17
6273.17
6273.17
6273.17
3957.77
3957.77
1702.38
1702.38
1768.09
1768.09
60.32
60.32
6105.41
6105.41
6175.68
6175.68
6175.68
886.19
2071.13
2071.13
895.49
895.49
7044.52
7044.52
14.38
14.38
1144.28
1144.28
2117.20
2117.20
6555.76
6555.76
989.45
989.45
5366.29
5366.29
67.75
67.75
4609.92
4609.92
7319.80
7319.80
7319.80
20.45
956.14
956.14
956.14
7451.62
7451.62
6009.11
6009.11
4432.05
4432.05
111.19
111.19
7390.87
7390.87
5745.56
5745.56
6632.33
6632.33
73.02
73.02
13.34
13.34
38.18
38.18
2353.08
2353.08
785.37
785.37
1940.34
1940.34
4980.72
4980.72
152.02
152.02
227.49
227.49
829.96
829.96
1491.76
1491.76
76.04
76.04
159.04
159.04
2221.36
2221.36
117.04
117.04
45.09
45.09
23.06
23.06
794.39
794.39
2322.03
2322.03
46.26
46.26
2169.86
2169.86
6071.23
6071.23
248.68
248.68
879.65
879.65
6632.65
6632.65
3529.78
3529.78
1056.35
1056.35
711.45
711.45
1682.86
1682.86
932.66
932.66
5007.66
5007.66
18.50
18.50
14.10
14.10
68.29
68.29
15.13
15.13
955.39
955.39
7680.48
7680.48
5273.02
5273.02
5621.44
5621.44
4361.42
4361.42
3336.61
3336.61
4675.42
4675.42
3330.56
3330.56
4570.88
4570.88
28.96
28.96
746.73
746.73
219.50
219.50
953.77
953.77
1573.52
1573.52
3120.98
3120.98
1353.66
1353.66
570.35
570.35
219.39
219.39
31.54
31.54
67.26
67.26
81.90
81.90
159.05
159.05
989.16
989.16
17.10
17.10
23.06
23.06
2765.55
2765.55
4250.11
4250.11
4447.10
4447.10
7035.55
7035.55
7206.13
7206.13
2336.73
2336.73
91.44
91.44
1847.17
1847.17
1168.83
1168.83
928.29
928.29
7911.83
7911.83
885.56
885.56
1872.92
1872.92
205.06
205.06
1356.35
1356.35
3832.45
3832.45
925.47
925.47
2679.51
2679.51
819.55
819.55
1643.02
1643.02
467.02
467.02
4960.99
4960.99
2698.84
2698.84
5432.85
5432.85
117.97
117.97
1441.00
1441.00
7460.65
7460.65
5154.65
5154.65
921.11
921.11
30.65
30.65
105.94
105.94
3478.96
3478.96
5064.68
5064.68
29.85
29.85
174.35
174.35
190.28
190.28
49.58
49.58
42.41
42.41
89.07
89.07
467.80
467.80
15.74
15.74
621.92
621.92
31.73
31.73
10.00
10.00
175.67
175.67
175.67
2259.33
2259.33
229.90
383.00
383.00
191.00
191.00
1215.78
1215.78
204.25
204.25
392.36
392.36
8171.08
8171.08
6250.85
6250.85
2915.38
2915.38
9038.41
9038.41
1373.94
1373.94
892.75
892.75
34.12
34.12
706.53
706.53
254.23
254.23
14.88
14.88
3082.66
3082.66
1807.74
1807.74
31.97
31.97
2335.18
2335.18
5641.94
5641.94
6025.33
6025.33
3499.86
3499.86
1872.83
1872.83
5174.68
5174.68
29.84
29.84
6435.17
6435.17
16.23
16.23
5876.64
5876.64
136.59
136.59
901.44
901.44
1666.99
1666.99
4881.11
4881.11
206.57
206.57
2005.19
2005.19
1706.61
1706.61
2511.53
2511.53
16.46
16.46
331.00
331.00
146.37
146.37
2070.75
2070.75
827.80
827.80
1192.35
1192.35
18.12
18.12
225.53
225.53
1471.83
1471.83
3521.54
3521.54
7388.06
7388.06
70.98
70.98
874.91
874.91
90.66
90.66
109.60
109.60
5579.69
5579.69
10.00
10.00
788.92
788.92
46.64
46.64
32.66
32.66
1214.69
1214.69
3531.28
3531.28
18.08
18.08
1720.34
1720.34
932.61
932.61
678.70
678.70
4419.16
4419.16
3836.55
3836.55
83.03
83.03
1061.20
1061.20
1161.88
1161.88
803.41
803.41
91.89
91.89
3131.99
3131.99
527.84
527.84
2735.75
2735.75
128.63
128.63
3157.59
3157.59
88.79
88.79
3130.96
3130.96
179.68
179.68
7630.04
7630.04
13.59
13.59
1539.37
1539.37
6587.57
6587.57
6411.78
6411.78
1527.44
1527.44
626.53
626.53
7001.53
7001.53
6873.11
6873.11
1139.75
1139.75
1548.95
1548.95
8295.94
8295.94
77.14
77.14
10.00
10.00
6226.16
6226.16
255.78
255.78
14.78
14.78
12.30
12.30
67.96
67.96
893.87
893.87
57.16
57.16
114.06
114.06
6510.73
6510.73
684.38
684.38
896.97
896.97
1677.57
1677.57
4121.53
4121.53
4718.11
4718.11
7044.94
7044.94
6359.13
6359.13
5862.75
5862.75
5904.20
5904.20
5562.62
5562.62
5562.62
5562.62
7054.98
7054.98
7963.42
7963.42
1928.88
1928.88
2356.77
2356.77
6929.60
6929.60
6035.54
6035.54
6035.54
6035.54
914.85
914.85
4785.83
4785.83
925.48
925.48
6731.58
6731.58
2658.79
2658.79
6702.90
6702.90
44.06
44.06
845.74
845.74
64.49
64.49
5576.67
5576.67
6556.37
6556.37
44.55
44.55
4829.69
4829.69
6719.78
6719.78
6719.78
6719.78
6719.78
6719.78
6719.78
6719.78
6719.78
6719.78
6719.78
6719.78
6719.78
6719.78
6719.78
6719.78
13.62
13.62
13.62
113.07
348.32
348.32
436.05
436.05
606.48
606.48
1939.86
1939.86
2536.47
2536.47
101.23
101.23
3246.43
3246.43
3987.04
3987.04
330.67
330.67
607.11
607.11
6096.93
6096.93
3190.24
3190.24
5585.62
5585.62
93.51
93.51
6422.65
6422.65
6934.07
6934.07
6934.07
6934.07
6934.07
6934.07
845.26
845.26
3077.69
3077.69
3077.69
3077.69
3077.69
3077.69
851.46
851.46
2105.42
2105.42
3243.73
3243.73
3262.67
3262.67
2137.12
2137.12
17.40
17.40
1166.01
1166.01
4321.09
4321.09
2628.63
2628.63
1767.74
1767.74
1019.53
1019.53
5727.45
5727.45
941.31
941.31
73.33
73.33
90.77
90.77
1779.27
1779.27
16.32
16.32
1196.06
