# 1Hz Kbps trace generated by import_real_world_traces.py
854.15
854.15
854.15
854.15
1202.49
1879.58
2584.03
2996.54
2996.54
2649.54
2649.54
2649.54
2649.54
2649.54
2649.54
2649.54
2649.54
2649.54
2649.54
2649.54
2649.54
1813.48
1813.48
1813.48
443.29
2509.66
2509.66
2934.94
2934.94
2934.94
2934.94
2934.94
2934.94
767.37
767.37
767.37
767.37
1174.40
1174.40
1174.40
1174.40
2877.89
2877.89
2877.89
2877.89
2877.89
2877.89
2877.89
2877.89
2877.89
2877.89
2877.89
2877.89
2877.89
2877.89
2877.89
2877.89
43.13
43.13
170.75
170.75
411.97
411.97
717.90
717.90
867.01
867.01
944.96
944.96
105.17
105.17
702.24
702.24
702.24
702.24
798.25
798.25
835.99
835.99
835.99
835.99
1017.49
1017.49
661.77
661.77
921.12
921.12
694.27
694.27
1003.98
1003.98
634.14
634.14
71.74
71.74
291.53
291.53
318.83
318.83
401.36
401.36
323.04
323.04
639.59
639.59
214.18
214.18
214.18
214.18
782.70
782.70
782.70
782.70
782.70
782.70
10.00
10.00
186.82
186.82
713.81
713.81
713.81
713.81
518.22
518.22
10.00
10.00
241.57
241.57
542.33
542.33
542.33
542.33
821.50
821.50
821.50
821.50
500.77
500.77
638.52
638.52
916.42
916.42
445.45
445.45
551.26
551.26
726.89
726.89
726.89
726.89
827.76
827.76
827.76
827.76
1813.31
1813.31
1987.19
1987.19
3117.27
3117.27
3117.27
3117.27
3117.27
3117.27
3117.27
3117.27
3041.75
3041.75
2323.18
2323.18
887.56
887.56
887.56
887.56
887.56
887.56
887.56
887.56
887.56
887.56
887.56
887.56
887.56
887.56
887.56
887.56
930.45
930.45
930.45
102.79
569.82
569.82
904.23
904.23
830.74
830.74
1792.29
1792.29
2725.35
2725.35
882.39
882.39
882.39
882.39
1949.68
1949.68
3001.54
3001.54
10.00
10.00
943.32
943.32
943.32
943.32
971.23
971.23
971.23
971.23
1088.47
1088.47
1088.47
1088.47
1088.47
1088.47
1088.47
1088.47
1088.47
1088.47
211.37
211.37
296.46
296.46
233.69
233.69
444.17
444.17
511.74
511.74
341.25
341.25
482.07
482.07
466.59
466.59
515.51
515.51
486.85
