# 1Hz Kbps trace generated by import_real_world_traces.py
395.62
823.93
682.84
911.68
1492.41
1528.69
1234.57
1251.51
1251.51
862.70
862.70
1586.11
1586.11
1337.25
1337.25
1234.24
1234.24
1442.48
1442.48
1574.52
1574.52
1345.81
1345.81
964.10
964.10
2430.33
2430.33
2578.04
2578.04
2565.03
2565.03
1575.92
1575.92
2231.92
2231.92
2568.14
2568.14
1289.33
1289.33
3096.52
3096.52
820.54
820.54
1420.29
1420.29
2139.84
2139.84
1136.85
1136.85
1698.90
1698.90
2401.57
2401.57
1758.10
1758.10
1526.43
1526.43
1975.99
1975.99
2566.49
2566.49
2566.49
2211.36
2211.36
661.10
661.10
661.10
1356.57
1801.25
1801.25
2376.95
2376.95
2159.41
2159.41
1960.60
1392.53
1392.53
1392.53
748.43
748.43
393.82
393.82
713.06
713.06
1283.55
1283.55
1725.91
1725.91
1715.94
1715.94
1389.22
1389.22
1898.26
1898.26
2193.78
2193.78
929.93
