# 1Hz Kbps trace generated by import_real_world_traces.py
229.50
229.50
606.51
559.61
701.32
701.32
701.32
133.84
901.84
460.64
460.64
1025.91
1380.95
1819.12
1807.93
1514.25
955.66
2619.72
2619.72
2257.43
2257.43
207.08
207.08
3213.33
3213.33
43.78
43.78
43.78
1142.76
1891.30
1891.30
93.12
93.12
317.10
317.10
317.10
205.18
205.18
205.18
205.18
1359.02
1315.08
356.64
617.19
617.19
1902.81
1902.81
882.88
882.88
439.10
439.10
33.18
33.18
33.18
117.69
117.69
117.69
117.69
743.71
743.71
743.71
839.98
1255.33
1255.33
1255.33
1152.41
1991.89
658.77
658.77
658.77
545.64
545.64
1224.55
1224.55
1070.93
1954.30
1954.30
1893.62
1893.62
249.35
249.35
2210.97
2210.97
2210.97
589.73
470.55
470.55
1313.62
1313.62
1075.34
1075.34
2032.69
2032.69
2444.32
2444.32
307.63
307.63
902.35
902.35
225.62
225.62
1931.27
1931.27
427.85
427.85
57.12
57.12
2161.71
2161.71
2100.35
2100.35
1847.36
1847.36
1847.36
778.79
778.79
1097.09
2214.03
2214.03
2214.03
107.05
357.90
357.90
712.92
712.92
68.42
68.42
1265.80
1265.80
430.82
430.82
2971.27
2971.27
4735.10
4735.10
3613.82
3613.82
3613.82
3613.82
3613.82
62.34
62.34
62.34
823.41
1063.69
1063.69
1063.69
372.52
372.52
372.52
1659.74
1812.57
1812.57
1812.57
1812.57
139.95
516.33
516.33
849.72
849.72
1324.75
1324.75
578.82
1038.73
807.42
807.42
807.42
345.37
345.37
345.37
345.37
345.37
345.37
226.38
226.38
226.38
523.09
523.09
545.25
545.25
352.65
643.11
643.11
157.91
157.91
855.65
855.65
855.65
855.65
68.26
68.26
250.53
250.53
250.53
250.53
173.54
173.54
217.87
139.59
324.33
403.93
471.58
432.51
411.18
411.18
221.15
221.15
221.15
497.77
497.77
619.39
619.39
619.39
69.51
663.95
57.61
57.61
153.47
153.47
153.47
10.00
10.00
807.68
10.00
704.09
1183.73
1183.73
116.71
116.71
1751.38
846.88
2322.04
2322.04
10.00
10.00
267.76
267.76
2191.72
2191.72
1042.56
1042.56
2039.69
2039.69
430.02
430.02
916.14
916.14
2664.50
2664.50
11.70
11.70
842.59
842.59
447.77
447.77
154.49
154.49
2143.78
2143.78
344.89
344.89
3140.54
3140.54
120.62
120.62
2727.62
2727.62
338.69
338.69
245.97
245.97
152.54
152.54
1452.93
1452.93
714.64
714.64
714.64
714.64
107.11
107.11
107.11
16.48
16.48
16.48
228.77
1237.85
1237.85
1237.85
1237.85
166.10
1116.79
1116.79
383.00
383.00
819.59
819.59
12.32
12.32
1142.56
1142.56
1224.24
1224.24
876.58
876.58
151.12
1061.05
1061.05
57.23
1776.91
1776.91
1473.93
1473.93
1012.84
1012.84
2044.64
2044.64
2044.64
2044.64
206.87
206.87
206.87
206.87
206.87
206.87
206.87
206.87
206.87
206.87
206.87
206.87
297.79
297.79
297.79
80.03
669.88
669.88
669.88
157.53
157.53
157.53
157.53
147.86
147.86
99.20
147.97
147.97
117.77
117.77
132.57
182.17
130.39
140.79
140.79
36.08
135.95
42.28
42.28
201.78
229.94
197.31
197.31
209.59
209.59
90.34
90.34
90.34
90.34
153.91
153.91
153.91
86.14
86.14
64.80
64.80
137.09
109.81
109.81
152.69
152.69
152.69
132.47
132.47
181.80
173.78
191.77
191.77
205.32
205.32
205.32
179.01
179.01
179.01
97.79
97.79
157.92
157.92
93.79
240.76
195.05
195.05
222.18
222.18
285.77
285.77
374.14
436.49
343.91
343.91
572.09
572.09
572.09
443.91
414.96
414.96
66.61
66.61
10.85
10.85
861.80
861.80
369.96
369.96
1025.99
1025.99
175.30
175.30
35.60
35.60
882.01
882.01
424.27
424.27
424.27
424.27
71.93
71.93
156.12
312.84
312.84
64.14
64.14
64.14
64.14
64.14
673.61
673.61
673.61
673.61
673.61
673.61
726.80
726.80
986.68
687.70
1370.81
760.31
18.32
1244.45
855.54
855.54
1097.25
1097.25
122.68
122.68
965.46
965.46
1203.96
1203.96
1203.96
1203.96
205.31
900.82
1768.07
1768.07
1672.40
1672.40
1672.40
1672.40
407.08
273.28
273.28
273.28
783.14
856.78
856.78
856.78
856.78
856.78
856.78
294.18
294.18
294.18
294.18
409.24
409.24
409.24
50.09
50.09
411.36
27.50
190.08
190.08
190.08
190.08
135.03
135.03
135.03
135.03
135.03
286.82
286.82
361.05
463.04
527.76
699.70
699.70
265.93
265.93
265.93
265.93
165.32
165.32
165.32
749.98
570.47
366.52
657.32
657.32
657.32
657.32
66.58
593.30
593.30
593.30
593.30
409.34
1037.20
365.81
1325.01
1766.52
1576.89
74.20
100.38
100.38
410.98
410.98
192.69
2075.71
2075.71
1779.86
1779.86
534.49
534.49
1582.92
1582.92
159.72
159.72
1765.60
1765.60
702.57
702.57
312.03
312.03
306.88
306.88
306.88
306.88
166.13
166.13
166.13
166.13
166.13
166.13
166.13
282.58
282.58
282.58
282.58
96.97
96.97
434.39
519.57
519.57
10.00
10.00
148.77
386.78
324.29
400.26
400.26
272.41
272.41
272.41
218.19
218.19
218.19
369.55
369.55
369.55
57.53
482.70
482.70
648.60
823.45
888.12
888.12
681.66
867.24
949.45
949.45
949.45
1051.86
1438.74
1491.94
1788.77
2321.52
2321.52
10.00
10.00
35.43
35.43
1461.24
1461.24
2243.52
2243.52
2895.15
2895.15
3308.80
3308.80
3176.80
3176.80
78.09
78.09
471.06
471.06
508.13
508.13
28.11
28.11
318.38
318.38
1684.05
1684.05
572.01
572.01
1610.67
1610.67
1607.85
1607.85
1191.78
1191.78
1191.78
1633.93
86.87
86.87
1587.39
1587.39
907.45
907.45
1490.38
1490.38
370.20
370.20
419.57
419.57
908.83
908.83
1271.91
1271.91
19.24
19.24
450.77
450.77
277.03
277.03
2123.48
2123.48
10.00
10.00
1136.09
1136.09
1624.31
1624.31
2306.38
2306.38
2687.62
2687.62
1936.60
1936.60
2570.30
2570.30
1038.85
1038.85
1038.85
946.07
946.07
675.19
1771.07
1771.07
1771.07
25.30
25.30
25.30
61.03
61.03
657.74
657.74
657.74
657.74
75.32
75.32
75.32
75.32
75.32
75.32
281.76
281.76
71.51
71.51
406.48
249.48
249.48
45.40
45.40
559.09
440.44
948.33
1476.19
1476.19
149.95
149.95
1622.86
2349.71
2894.35
2894.35
2101.17
2101.17
110.58
110.58
1616.68
1616.68
3556.62
3556.62
588.00
588.00
1210.99
1210.99
39.77
39.77
85.75
85.75
2661.38
2661.38
30.17
30.17
2936.48
2936.48
2802.18
2802.18
3058.91
3058.91
2931.87
2931.87
133.42
133.42
1344.46
1344.46
44.79
44.79
10.00
10.00
10.00
465.41
465.41
13.03
13.03
21.33
21.33
21.33
21.33
388.33
388.33
388.33
388.33
388.33
388.33
388.33
388.33
388.33
209.89
209.89
209.89
209.89
209.89
202.89
301.70
301.70
382.87
382.87
260.45
260.45
479.00
257.43
257.43
47.09
47.09
574.19
725.26
912.77
1182.80
1182.80
18.85
18.85
370.31
370.31
370.31
182.93
120.55
591.06
513.67
676.79
676.79
330.41
330.41
950.10
950.10
583.51
583.51
1043.62
1043.62
1195.25
1195.25
1050.24
1050.24
1330.92
1330.92
1298.00
1298.00
11.53
11.53
1737.80
1737.80
2000.92
2000.92
2014.51
2014.51
1853.11
1853.11
2068.83
2068.83
2034.15
2034.15
996.59
996.59
520.22
520.22
968.66
968.66
1390.46
1390.46
2031.24
2031.24
1623.37
1623.37
1816.31
1816.31
1734.15
1734.15
134.19
134.19
617.73
617.73
617.73
617.73
672.44
672.44
76.57
76.57
76.57
512.79
582.71
582.71
1401.38
1401.38
1354.99
1354.99
1885.08
1885.08
1341.73
1341.73
1996.37
1996.37
2581.41
2581.41
2289.67
2289.67
3287.31
3287.31
1475.21
1475.21
1553.75
1553.75
1891.17
1891.17
1812.21
1812.21
617.07
617.07
3074.99
3074.99
3074.99
3074.99
3074.99
3074.99
441.86
441.86
196.39
196.39
331.56
331.56
331.56
213.43
213.43
213.43
213.43
243.57
243.57
243.57
243.57
298.80
298.80
405.96
489.64
489.64
405.10
1162.93
1091.58
1091.58
1223.51
1223.51
525.51
525.51
427.13
427.13
1302.73
1302.73
1152.78
1152.78
1152.78
1152.78
1126.80
1126.80
1126.80
1126.80
245.06
1044.02
1354.55
1354.55
28.64
28.64
1681.57
1681.57
1232.64
1232.64
1505.58
1505.58
486.58
486.58
721.00
721.00
849.98
849.98
216.44
216.44
48.56
48.56
1573.62
1573.62
1807.24
1807.24
1871.79
1871.79
1812.03
1812.03
2139.17
2139.17
1832.96
1832.96
2600.19
2600.19
2407.86
2407.86
30.99
30.99
25.95
25.95
53.35
53.35
57.31
57.31
178.76
178.76
3080.01
3080.01
3080.01
3080.01
2387.53
2387.53
3250.90
3250.90
3355.83
3355.83
2493.27
2493.27
2493.27
179.10
415.56
415.56
415.56
87.42
87.42
87.42
87.42
104.05
104.05
104.05
104.05
539.77
159.83
117.12
117.12
1121.80
42.50
42.50
12.45
12.45
2455.31
2455.31
468.09
468.09
791.26
791.26
791.26
81.49
24.78
24.78
43.71
43.71
10.56
10.56
420.30
420.30
420.30
184.59
184.59
184.59
184.59
90.05
90.05
90.05
90.05
90.05
90.05
90.05
90.05
478.45
580.15
580.15
580.15
333.83
333.83
333.83
333.83
333.83
57.96
57.96
472.92
471.82
693.94
18.59
828.98
828.98
441.59
441.59
441.59
172.43
172.43
191.38
191.38
191.38
10.00
815.13
262.57
262.57
637.32
1334.71
1334.71
15.66
1815.64
1815.64
2181.21
3207.46
2676.09
95.85
1758.69
1758.69
2544.21
2544.21
2403.53
2403.53
1184.65
1184.65
3355.50
3355.50
3355.50
106.66
1033.68
1033.68
1565.53
1565.53
3163.37
3163.37
154.60
154.60
106.95
106.95
575.31
575.31
575.31
575.31
1116.99
1014.46
1014.46
154.18
154.18
154.18
154.18
154.18
154.18
463.10
463.10
463.10
463.10
80.73
80.73
470.78
470.78
158.73
158.73
106.91
891.93
978.65
1050.14
131.97
131.97
131.97
89.93
89.93
133.22
133.22
133.22
1012.83
1012.83
1272.82
1272.82
1037.71
924.56
707.66
633.26
633.26
32.14
32.14
1861.44
1861.44
2302.19
2302.19
2302.19
2302.19
2302.19
2302.19
125.95
125.95
125.95
125.95
10.00
10.00
10.00
509.63
509.63
196.09
196.09
163.04
1498.55
1498.55
24.65
313.62
313.62
982.44
982.44
35.39
2378.91
2119.73
1726.33
1726.33
1726.33
1726.33
528.14
528.14
2131.47
2131.47
997.22
997.22
2301.22
2301.22
551.95
551.95
878.81
878.81
878.81
878.81
878.81
42.47
42.47
42.47
42.47
42.47
42.47
42.47
42.47
22.55
22.55
22.55
298.03
298.03
477.08
477.08
459.26
459.26
183.96
183.96
183.96
55.27
55.27
55.27
342.50
375.22
536.19
520.67
520.67
604.04
439.89
439.89
310.88
310.88
51.78
51.78
394.98
394.98
301.99
301.99
301.99
371.34
371.34
81.93
262.06
262.06
262.06
162.60
162.60
162.60
300.75
300.75
215.65
374.25
374.25
289.00
289.00
407.52
612.57
535.10
295.56
584.94
437.36
437.36
32.55
918.86
1018.42
1018.42
18.03
18.03
23.59
23.59
1216.36
1216.36
10.00
10.00
10.00
48.42
48.42
48.42
48.42
263.94
263.94
189.38
332.69
332.69
491.64
491.64
692.28
692.28
900.23
900.23
443.84
443.84
284.33
284.33
788.33
788.33
874.96
874.96
1134.66
1134.66
1255.25
1255.25
10.00
10.00
50.59
50.59
1305.04
1305.04
1321.64
1321.64
70.39
70.39
2179.17
2179.17
634.29
634.29
2175.58
2175.58
2249.64
2249.64
2633.01
2633.01
2684.74
2684.74
2317.88
2317.88
2619.51
2619.51
1855.96
1855.96
2268.36
2268.36
2691.45
2691.45
2691.45
2691.45
2595.95
2595.95
2649.90
2649.90
10.00
10.00
435.54
435.54
435.54
274.12
228.42
228.42
309.62
309.62
309.62
309.62
309.62
309.62
266.51
266.51
266.51
266.51
266.51
266.51
245.31
245.31
245.31
242.96
242.96
242.96
168.20
288.03
259.92
253.48
253.48
265.46
201.33
201.33
201.33
229.50
229.50
229.50
229.50
212.58
212.58
212.58
212.58
216.02
216.02
227.91
227.91
227.91
157.72
157.72
293.05
474.02
474.02
564.52
517.46
517.46
273.15
273.15
273.15
273.15
314.91
405.33
405.33
405.33
522.08
522.08
268.88
268.88
268.88
211.23
211.23
211.23
211.23
24.50
24.50
171.58
171.58
171.58
261.48
261.48
400.89
400.89
648.12
672.41
1006.82
1006.82
19.02
19.02
19.02
359.45
359.45
359.45
359.45
381.56
1402.31
1402.31
779.30
2271.38
2271.38
2271.38
782.80
782.80
2177.49
2177.49
298.62
298.62
298.62
217.04
217.04
217.04
217.04
130.86
130.86
1098.86
1098.86
1098.86
1098.86
469.65
793.98
793.98
928.55
1310.51
1226.59
19.71
1878.80
1878.80
2926.03
2926.03
2926.03
10.00
2166.82
2166.82
2166.82
2801.32
2801.32
452.59
1980.94
1980.94
1890.64
1890.64
3451.95
3451.95
417.58
417.58
1476.41
1476.41
492.78
492.78
22.11
22.11
22.11
45.42
480.05
480.05
480.05
67.40
67.40
67.40
67.40
694.47
694.47
800.08
800.08
26.45
1664.86
105.16
116.93
116.93
428.65
428.65
365.45
365.45
336.03
336.03
764.28
764.28
691.69
691.69
1651.06
1651.06
12.19
12.19
1861.06
1861.06
1861.06
1861.06
1861.06
226.27
787.05
658.25
658.25
27.59
30.97
30.97
1334.16
1334.16
1334.16
1334.16
329.17
329.17
329.17
211.82
211.82
380.98
380.98
169.11
169.11
704.34
704.34
676.05
676.05
956.48
956.48
442.19
442.19
442.19
1033.62
1009.15
1631.68
1631.68
2789.81
2789.81
1332.96
1332.96
11.03
11.03
2259.27
2259.27
2259.27
19.82
19.82
348.58
348.58
348.58
22.16
22.16
22.16
161.84
161.84
10.00
10.00
758.46
758.46
1147.50
1147.50
1332.85
634.69
634.69
634.69
634.69
634.69
634.69
211.52
915.11
915.11
899.08
899.08
899.08
899.08
899.08
899.08
85.15
85.15
85.15
85.15
85.15
274.81
274.81
274.81
110.49
326.11
337.37
337.37
161.81
161.81
52.49
52.49
463.06
505.06
428.68
193.35
193.35
193.35
10.30
10.30
352.00
352.00
350.95
214.16
771.62
939.47
939.47
964.87
1178.48
1178.48
580.69
2523.31
38.93
38.93
1331.31
2284.79
1430.67
3005.47
3005.47
807.19
807.19
2776.86
2776.86
2623.36
2623.36
2849.15
2849.15
152.96
152.96
913.66
913.66
1772.26
1772.26
1411.80
1411.80
1458.06
1458.06
2741.01
2741.01
646.88
646.88
112.69
112.69
112.69
312.85
312.85
3820.03
3820.03
1400.08
1400.08
796.82
796.82
1010.70
1010.70
1007.00
1007.00
48.93
48.93
2702.81
2702.81
2400.58
2400.58
3603.64
3603.64
595.15
595.15
519.46
519.46
1361.15
1361.15
1091.21
1091.21
18.49
18.49
3032.23
3032.23
542.43
542.43
1036.26
1036.26
2672.74
2672.74
2956.45
2956.45
1280.13
1280.13
816.98
816.98
2402.46
2402.46
598.33
598.33
867.41
867.41
121.05
121.05
1525.79
1525.79
1605.16
1605.16
1263.13
1263.13
1881.75
1881.75
2090.21
2090.21
1717.41
1717.41
2000.85
2000.85
2000.85
2000.85
1800.14
1800.14
3057.08
3057.08
1720.36
1720.36
876.88
876.88
1499.78
1499.78
1499.78
1499.78
1499.78
1499.78
1345.81
1345.81
102.82
102.82
1120.95
1120.95
1120.95
1120.95
2987.71
2987.71
3425.35
3425.35
3027.79
3027.79
500.35
500.35
45.99
45.99
1714.15
1714.15
1410.79
1410.79
10.00
10.00
1485.04
1485.04
211.69
211.69
1932.44
1932.44
1342.78
1342.78
84.01
84.01
2422.89
2422.89
1358.82
1358.82
1992.03
1992.03
3127.59
3127.59
3127.59
3127.59
10.28
10.28
2203.60
2203.60
2203.60
2203.60
13.65
13.65
372.69
372.69
598.09
598.09
81.90
81.90
23.53
23.53
1138.25
1138.25
899.53
899.53
10.00
10.00
485.09
485.09
1241.58
1241.58
354.63
354.63
10.00
10.00
10.00
10.00
27.52
27.52
27.52
27.52
27.52
446.90
446.90
825.52
825.52
1157.62
1157.62
541.53
1523.44
1523.44
21.05
21.05
1805.40
1805.40
37.41
37.41
921.14
921.14
1651.25
1651.25
368.07
368.07
24.04
24.04
2098.05
2098.05
1088.83
1088.83
2720.90
2720.90
3518.86
3518.86
1800.84
1800.84
1962.98
1962.98
1026.56
1026.56
17.15
17.15
515.74
515.74
460.15
460.15
2229.90
2229.90
781.21
781.21
3443.88
3443.88
3148.61
3148.61
1722.65
1722.65
709.91
709.91
1271.97
1271.97
1489.51
1489.51
1625.85
1625.85
24.86
24.86
10.00
10.00
10.00
10.00
555.93
555.93
483.43
483.43
734.14
734.14
82.89
82.89
82.89
82.89
417.33
417.33
198.84
198.84
198.84
35.39
35.39
35.39
489.80
290.13
290.13
404.17
404.17
687.45
687.45
587.01
587.01
587.01
587.01
587.01
10.00
10.00
10.00
297.88
297.88
541.67
485.46
485.46
485.46
237.10
237.10
697.96
697.96
842.09
842.09
1072.24
1356.19
1356.19
411.43
1414.59
975.92
1303.65
949.31
949.31
1894.15
1894.15
10.66
10.66
1548.71
1548.71
28.20
28.20
2049.90
2049.90
2049.90
2049.90
2049.90
2049.90
34.54
34.54
34.54
34.54
34.54
34.54
212.85
212.85
212.85
202.92
202.92
202.92
202.92
225.61
384.75
467.28
467.28
380.46
466.43
466.43
597.99
711.21
711.21
536.56
1002.21
1203.21
347.66
347.66
897.77
1198.68
271.18
271.18
307.02
307.02
10.84
10.84
502.34
502.34
766.60
766.60
996.08
996.08
1114.86
1114.86
244.78
244.78
1173.97
1173.97
1450.65
1450.65
1916.67
1916.67
945.68
945.68
1249.65
1249.65
1543.75
1543.75
247.62
247.62
10.00
10.00
331.21
331.21
563.67
563.67
467.24
467.24
44.31
44.31
44.31
44.31
44.31
80.80
80.80
80.80
187.34
187.34
187.34
187.34
172.81
172.81
172.81
172.81
190.88
190.88
190.88
215.99
198.53
239.99
239.99
234.77
234.77
180.56
180.56
166.07
166.07
111.73
187.95
187.95
137.50
137.50
146.94
153.67
153.67
153.67
153.67
153.67
131.36
131.36
131.36
135.00
154.30
161.10
161.10
161.10
161.10
171.01
171.01
230.13
254.65
254.65
254.65
254.65
254.65
10.00
10.00
297.25
439.28
439.28
719.73
719.73
719.73
719.73
719.73
322.75
322.75
322.75
25.33
25.33
195.62
195.62
195.62
218.77
218.77
218.77
11.84
11.84
298.91
298.91
225.71
225.71
286.79
286.79
29.26
29.26
240.19
240.19
10.00
10.00
227.63
169.76
187.43
187.43
228.40
228.40
228.40
218.94
218.94
218.94
218.94
14.08
206.75
206.75
199.78
199.78
201.81
213.34
213.34
193.24
193.24
168.51
168.51
259.22
259.22
428.33
428.33
297.20
297.20
297.20
226.90
226.90
309.90
309.90
309.90
47.67
47.67
47.67
116.83
234.46
234.46
204.11
204.11
285.27
255.61
255.61
561.67
561.67
323.22
323.22
323.22
306.73
606.18
800.02
974.80
974.80
403.66
403.66
1324.57
817.31
2276.78
1879.54
2361.41
2361.41
2388.58
2388.58
1092.11
1092.11
3929.03
3929.03
3318.51
3318.51
3749.81
3749.81
3749.81
608.86
608.86
456.51
456.51
456.51
456.51
661.94
661.94
1101.46
1101.46
1101.46
388.44
388.44
388.44
388.44
388.44
522.69
269.21
269.21
877.83
81.91
1069.25
89.54
102.50
102.50
621.07
621.07
621.07
634.00
634.00
634.00
634.00
634.00
291.69
291.69
291.69
291.69
291.69
291.69
291.69
144.71
144.71
646.81
646.81
811.92
25.61
1368.45
384.56
384.56
384.56
564.78
780.67
780.67
780.67
53.22
53.22
53.22
53.22
620.78
620.78
263.20
263.20
247.16
247.16
247.16
515.45
798.65
798.65
601.94
601.94
647.50
1067.33
1067.33
987.85
987.85
457.28
457.28
767.43
515.18
515.18
515.18
111.19
111.19
111.19
111.19
52.85
52.85
52.85
256.78
256.78
279.37
279.37
275.99
184.40
184.40
184.40
198.55
198.55
22.08
329.29
329.29
323.41
323.41
307.25
278.28
278.28
375.32
375.32
315.76
254.08
254.08
70.50
70.50
288.87
376.99
376.99
17.31
135.51
135.51
416.00
416.00
416.00
401.10
401.10
10.58
10.58
245.95
245.95
251.51
369.13
369.13
369.13
241.25
241.25
487.41
535.20
37.27
37.27
585.39
585.39
585.39
544.91
544.91
43.32
43.32
43.32
43.32
43.32
192.74
192.74
192.74
225.12
225.12
225.12
225.12
264.16
256.62
364.19
323.51
323.51
254.53
254.53
254.47
108.49
314.13
255.45
431.85
431.85
306.75
306.75
306.75
10.00
10.00
242.49
242.49
331.18
331.18
163.12
231.30
231.30
375.89
481.31
481.31
481.31
481.31
481.31
481.31
83.21
83.21
83.21
83.21
280.77
280.77
323.13
323.13
140.86
140.86
219.81
219.81
299.60
299.60
308.02
308.02
308.02
50.93
50.93
185.85
185.85
131.51
203.91
203.91
172.80
191.70
20.82
234.41
234.41
182.12
182.12
238.32
238.32
306.52
306.52
33.80
305.68
305.68
305.68
252.91
252.91
252.91
258.60
285.42
285.42
357.35
357.35
357.35
184.91
184.91
184.91
302.76
302.76
423.03
451.60
451.60
40.60
40.60
40.60
43.60
43.60
207.83
304.12
304.12
248.25
248.25
248.25
149.27
231.09
231.09
325.87
325.87
10.00
10.00
570.71
769.49
769.49
769.49
769.49
769.49
769.49
126.23
437.76
509.22
509.22
311.26
311.26
442.35
442.35
660.36
517.70
517.70
517.70
161.69
161.69
404.54
404.54
19.80
238.31
1326.20
1326.20
1934.55
2180.33
2746.54
933.03
933.03
2715.01
2715.01
2705.82
2705.82
2381.22
2381.22
2381.22
2381.22
994.83
994.83
994.83
481.10
481.10
974.33
3174.92
2660.28
2660.28
2965.92
4178.15
4178.15
3260.98
3260.98
3260.98
3260.98
3260.98
3260.98
2561.00
2561.00
1612.75
1612.75
1930.18
1930.18
4858.58
4858.58
608.20
608.20
3252.72
3252.72
4849.77
4849.77
10.00
10.00
1630.34
1630.34
3333.08
3333.08
3333.08
3333.08
126.89
2822.50
479.63
479.63
479.63
479.63
774.24
774.24
294.29
294.29
294.29
1990.44
1771.23
18.11
18.11
1333.59
3047.42
3047.42
10.00
10.00
940.28
940.28
940.28
62.33
1011.09
1011.09
33.32
33.32
10.00
10.00
216.03
216.03
216.03
92.95
92.95
350.10
350.10
10.00
534.22
534.22
231.60
231.60
757.45
757.45
777.09
777.09
1133.81
1133.81
231.17
231.17
1048.10
1048.10
525.14
525.14
1023.16
1023.16
1023.16
10.00
885.34
885.34
885.34
885.34
919.07
919.07
1339.52
1339.52
426.64
426.64
455.56
455.56
234.47
234.47
172.50
172.50
172.50
228.42
228.42
228.42
15.35
15.35
15.35
216.53
216.53
216.53
343.26
343.26
624.25
624.25
89.11
992.73
501.31
501.31
792.27
792.27
1169.13
1169.13
1180.34
1180.34
1180.34
1180.34
57.36
57.36
57.36
55.39
55.39
55.39
55.39
397.55
505.34
505.34
403.17
403.17
405.49
405.49
399.23
399.23
315.37
315.37
283.66
283.66
553.16
553.16
607.09
607.09
632.35
632.35
632.35
632.35
51.69
51.69
51.69
41.13
41.13
41.13
281.02
180.10
180.10
180.10
180.10
247.73
369.96
369.96
369.96
600.60
526.36
586.73
586.73
586.73
60.51
60.51
27.96
27.96
27.96
27.96
298.27
298.27
298.27
298.35
298.35
298.35
63.74
63.74
399.91
399.91
323.32
510.35
510.35
609.31
383.43
383.43
10.00
737.19
737.19
737.19
244.96
244.96
244.96
244.96
244.96
244.96
418.10
481.35
513.90
513.90
611.00
818.98
638.20
638.20
638.20
628.13
628.13
857.26
857.26
903.14
903.14
762.00
762.00
597.19
597.19
192.13
1988.61
1988.61
1988.61
1988.61
754.62
861.71
861.71
107.22
610.81
12.14
12.14
421.33
421.33
2435.50
2435.50
10.00
10.00
469.12
469.12
469.12
469.12
72.66
1037.78
46.03
46.03
18.12
18.12
18.12
177.83
177.83
113.96
113.96
113.96
1106.84
1106.84
1100.68
1829.76
151.39
151.39
42.44
42.44
1525.64
1525.64
78.65
78.65
78.65
78.65
54.13
54.13
54.13
54.13
54.13
54.13
437.36
437.36
437.36
708.40
708.40
136.49
136.49
325.83
325.83
361.57
361.57
583.20
583.20
975.02
27.55
27.55
27.55
374.98
374.98
631.46
631.46
321.31
1522.29
1522.29
1893.84
