# 1Hz Kbps trace generated by import_real_world_traces.py
92.46
92.46
92.46
92.46
92.46
92.46
92.46
92.46
92.46
92.46
92.46
343.72
1086.31
1692.02
2066.42
2551.79
5352.44
5352.44
92.33
92.33
1999.73
1999.73
1999.73
1999.73
1999.73
1999.73
4039.36
4039.36
4039.36
4039.36
731.28
5948.43
5948.43
5948.43
5948.43
1459.92
1459.92
4633.48
4633.48
4463.40
4463.40
1517.03
1517.03
946.18
946.18
5802.90
5802.90
2250.74
2250.74
1954.75
1954.75
4795.21
4795.21
3281.92
3281.92
1412.16
1412.16
2476.05
2476.05
1903.23
1903.23
1613.17
1613.17
4783.79
4783.79
463.09
463.09
5692.93
5692.93
2501.11
2501.11
766.63
766.63
87.42
87.42
5758.84
5758.84
113.88
113.88
113.88
752.75
1042.33
1042.33
5571.45
5571.45
6464.13
6464.13
3814.21
3814.21
1578.99
1578.99
2443.95
2443.95
3373.01
3373.01
7230.78
7230.78
5309.23
5309.23
353.88
353.88
2077.06
2077.06
8249.26
8249.26
9388.40
9388.40
8346.08
8346.08
1012.85
1012.85
2495.98
2495.98
1818.56
1818.56
5898.58
5898.58
3937.74
3937.74
8268.21
8268.21
8299.53
8299.53
6819.35
6819.35
1338.97
1338.97
2534.22
2534.22
1001.28
1001.28
1001.28
1001.28
1001.28
141.85
1849.49
1849.49
3230.33
3230.33
1585.92
1585.92
5859.64
5859.64
2705.22
2705.22
2142.48
2142.48
2155.30
2155.30
2281.18
2281.18
2012.75
2012.75
22.92
22.92
1438.99
1438.99
5466.39
5466.39
5468.62
5468.62
5597.41
5597.41
3173.63
3173.63
4681.56
4681.56
8928.55
8928.55
226.10
226.10
5958.21
5958.21
6875.31
6875.31
5104.35
5104.35
166.79
166.79
3027.65
3027.65
2010.87
2010.87
6998.29
6998.29
3354.32
3354.32
5236.73
5236.73
2241.17
2241.17
753.39
753.39
23.65
23.65
944.41
944.41
944.41
5180.87
87.18
87.18
2449.86
2449.86
58.34
58.34
2520.72
2520.72
2161.82
2161.82
5387.76
5387.76
2131.23
2131.23
5137.09
5137.09
3954.14
3954.14
3954.14
3333.97
1790.24
1790.24
6407.77
6407.77
16.52
16.52
6649.52
6649.52
6649.52
2293.13
4402.41
4402.41
5467.81
5467.81
4068.44
4068.44
1425.33
1425.33
3802.88
3802.88
2091.21
2091.21
32.29
32.29
117.11
117.11
2122.38
2122.38
3247.77
3247.77
3414.98
3414.98
4636.48
4636.48
3130.29
3130.29
1913.59
1913.59
5442.58
5442.58
1032.04
1032.04
6655.35
6655.35
3921.34
3921.34
3921.34
1354.00
6515.18
6515.18
1873.76
1873.76
5119.28
5119.28
1056.85
1056.85
2702.29
2702.29
2702.29
5001.94
5001.94
626.52
626.52
8847.84
8847.84
1855.35
1855.35
605.25
605.25
1379.49
1379.49
3544.75
3544.75
1701.93
1701.93
6217.09
6217.09
670.83
670.83
1861.88
1861.88
5838.20
5838.20
3800.11
3800.11
6706.82
6706.82
4196.35
4196.35
1359.97
1359.97
1242.70
1242.70
3497.72
3497.72
497.87
497.87
497.87
497.87
143.31
143.31
859.56
859.56
781.50
781.50
2058.03
2058.03
2319.68
2319.68
2029.38
2029.38
908.48
908.48
2487.36
2487.36
4233.70
4233.70
3099.48
3099.48
2761.22
2761.22
1297.60
1297.60
10.00
10.00
3786.63
3786.63
3185.04
3185.04
1791.55
1791.55
2030.58
2030.58
7216.39
7216.39
1789.69
1789.69
4109.64
4109.64
8692.76
8692.76
8692.76
8692.76
4120.71
4120.71
3035.95
3035.95
1676.31
1676.31
8644.18
8644.18
1708.88
1708.88
2223.70
2223.70
4886.80
4886.80
5394.02
5394.02
7489.28
7489.28
25.75
25.75
24.59
24.59
1339.56
1339.56
11.10
11.10
956.89
956.89
956.89
956.89
8070.96
8070.96
5117.68
5117.68
1500.66
1500.66
5805.44
5805.44
5805.44
5805.44
28.42
28.42
3976.98
3976.98
4410.67
4410.67
430.64
430.64
23.83
23.83
453.17
453.17
772.08
772.08
419.41
419.41
542.21
542.21
791.04
791.04
538.37
538.37
757.94
757.94
1697.98
1697.98
190.45
190.45
3019.05
3019.05
3494.23
3494.23
239.44
239.44
3053.20
3053.20
588.72
588.72
1706.09
1706.09
2818.06
2818.06
4083.90
4083.90
4396.64
4396.64
4422.84
4422.84
3556.13
3556.13
3947.32
3947.32
1497.53
1497.53
360.03
360.03
5891.93
5891.93
2329.94
2329.94
6681.45
6681.45
8076.57
8076.57
6927.82
6927.82
7365.85
7365.85
285.52
285.52
1907.54
1907.54
625.74
625.74
1869.40
1869.40
4542.29
4542.29
4396.34
4396.34
6926.60
6926.60
3306.92
3306.92
1317.37
1317.37
4920.61
4920.61
3310.26
3310.26
93.99
93.99
141.79
141.79
2121.70
2121.70
1420.87
1420.87
3576.25
3576.25
3139.51
3139.51
2105.62
2105.62
2120.28
2120.28
1333.95
1333.95
3690.14
3690.14
6198.15
6198.15
2910.69
2910.69
21.22
21.22
5272.92
5272.92
2468.52
2468.52
1210.22
1210.22
3561.07
3561.07
3071.28
3071.28
6380.92
6380.92
1538.79
1538.79
6818.37
6818.37
2380.31
2380.31
2513.36
2513.36
5531.82
5531.82
4340.56
4340.56
3489.01
3489.01
1762.54
1762.54
5575.68
5575.68
104.30
104.30
87.62
87.62
5410.86
5410.86
5410.86
5410.86
3045.57
3045.57
3045.57
3045.57
220.99
220.99
220.99
220.99
220.99
220.99
220.99
220.99
220.99
220.99
220.99
220.99
220.99
220.99
220.99
220.99
220.99
220.99
1747.39
827.18
827.18
1793.19
466.37
1462.26
2418.22
2929.81
2929.81
1891.10
1891.10
1891.10
243.25
4965.50
4965.50
3107.98
3107.98
57.88
57.88
6363.58
6363.58
30.35
30.35
4018.53
4018.53
2967.15
2967.15
3544.79
3544.79
5182.96
5182.96
2050.99
2050.99
2050.99
5556.04
19.77
19.77
15.67
15.67
7024.42
7024.42
811.22
811.22
2140.19
2140.19
28.79
28.79
1273.67
1273.67
66.09
66.09
900.96
900.96
6286.47
6286.47
3517.91
3517.91
2042.05
2042.05
1381.87
1381.87
1217.88
1217.88
1208.16
1208.16
1762.01
1762.01
1450.36
1450.36
1450.36
39.18
1367.14
1367.14
5970.54
5970.54
1217.76
1217.76
4862.62
4862.62
4862.62
656.99
11.08
11.08
1734.10
1734.10
40.78
40.78
3230.30
3230.30
2486.77
2486.77
968.01
968.01
968.01
5918.67
5918.67
1859.99
1859.99
3060.82
3060.82
1690.01
1690.01
2678.01
2678.01
2502.01
2502.01
71.07
71.07
5740.81
5740.81
5043.86
5043.86
4271.49
4271.49
6751.13
6751.13
107.31
107.31
2826.84
2826.84
71.72
71.72
2649.23
2649.23
806.04
806.04
1909.69
1909.69
7036.84
7036.84
6555.45
6555.45
28.32
28.32
7129.04
7129.04
96.47
96.47
7210.96
7210.96
4298.13
4298.13
552.87
552.87
3419.42
3419.42
40.07
40.07
3393.16
3393.16
279.38
279.38
2846.95
2846.95
2674.11
2674.11
3888.42
3888.42
5144.47
5144.47
4422.77
4422.77
907.83
907.83
4125.88
4125.88
3849.78
3849.78
3744.67
3744.67
429.16
429.16
5676.55
5676.55
5518.46
5518.46
1136.19
1136.19
2934.74
2934.74
1190.50
1190.50
1607.58
1607.58
1727.50
1727.50
1871.51
1871.51
8268.01
8268.01
565.94
565.94
3000.46
3000.46
56.18
56.18
8665.39
8665.39
3589.58
3589.58
3460.81
3460.81
3460.81
3460.81
7968.08
7968.08
3459.77
3459.77
23.94
23.94
6768.87
6768.87
3780.08
3780.08
6779.99
6779.99
5916.34
5916.34
5916.34
5916.34
8717.60
8717.60
25.45
25.45
5232.23
5232.23
3832.18
3832.18
5084.86
5084.86
5513.96
5513.96
888.54
888.54
4437.04
4437.04
126.96
126.96
7256.81
7256.81
277.63
277.63
3350.10
3350.10
352.83
352.83
18.87
18.87
4607.65
4607.65
6922.64
6922.64
1288.10
1288.10
3399.16
3399.16
1750.36
1750.36
6357.33
6357.33
4364.48
4364.48
4364.48
4364.48
4364.48
4364.48
4364.48
4364.48
4364.48
4364.48
4364.48
4364.48
581.57
581.57
518.59
518.59
624.92
624.92
776.15
776.15
1049.48
1049.48
195.35
195.35
1549.46
1549.46
1652.53
1652.53
1142.97
1142.97
1027.14
1027.14
1027.14
1027.14
1167.77
1167.77
2230.52
2230.52
916.16
916.16
1023.43
1023.43
1489.59
1489.59
1831.33
1831.33
2058.25
2058.25
1550.82
1550.82
2237.01
2237.01
1141.25
1141.25
1917.60
1917.60
35.52
35.52
1496.09
1496.09
997.33
997.33
1403.27
1403.27
2903.72
2903.72
1412.72
1412.72
3251.08
3251.08
1385.97
1385.97
2998.94
2998.94
26.57
26.57
6750.30
6750.30
1429.79
1429.79
1296.45
1296.45
4651.03
4651.03
6058.02
6058.02
5834.89
5834.89
25.99
25.99
1654.11
1654.11
1490.40
1490.40
2546.28
2546.28
3017.55
3017.55
5953.30
5953.30
78.26
78.26
2858.19
2858.19
7021.59
7021.59
4729.12
4729.12
825.04
825.04
2787.84
2787.84
7588.40
7588.40
6231.37
6231.37
1046.21
1046.21
5382.69
5382.69
5382.69
5382.69
7526.55
7526.55
7526.55
7526.55
7593.85
7593.85
1376.52
1376.52
7182.50
7182.50
3325.81
3325.81
13.82
13.82
47.05
47.05
23.03
23.03
9107.71
9107.71
9435.70
9435.70
9443.09
9443.09
152.69
152.69
1553.37
1553.37
3084.03
3084.03
6565.98
6565.98
1004.43
1004.43
221.11
221.11
1845.80
1845.80
392.38
392.38
8598.24
8598.24
30.50
30.50
2969.39
2969.39
5741.23
5741.23
3272.98
3272.98
4916.85
4916.85
14.77
14.77
6667.02
6667.02
5903.00
5903.00
7109.46
7109.46
3154.57
3154.57
2188.72
2188.72
2007.97
2007.97
4580.96
4580.96
1698.76
1698.76
2714.42
2714.42
2821.43
2821.43
2554.08
2554.08
3936.35
3936.35
381.49
381.49
4073.76
4073.76
305.88
305.88
2188.04
2188.04
1779.46
1779.46
2940.27
2940.27
4870.83
4870.83
6008.05
6008.05
3883.71
3883.71
19.89
19.89
119.17
119.17
5292.51
5292.51
24.66
24.66
289.55
289.55
6087.35
6087.35
2144.02
2144.02
3719.45
3719.45
1628.70
1628.70
101.45
101.45
23.77
23.77
7600.89
7600.89
405.89
405.89
7693.56
7693.56
1250.75
1250.75
1296.14
1296.14
2785.19
2785.19
1445.69
1445.69
1223.32
1223.32
1617.69
1617.69
3220.52
3220.52
3426.34
3426.34
3426.34
3426.34
3345.03
3345.03
94.29
94.29
24.34
24.34
2445.55
2445.55
1474.21
1474.21
2885.28
2885.28
3656.63
3656.63
21.52
21.52
1305.38
1305.38
5069.19
5069.19
7889.78
7889.78
7019.74
7019.74
4354.82
4354.82
5977.73
5977.73
3746.27
3746.27
4963.41
4963.41
6302.67
6302.67
112.32
112.32
9304.72
9304.72
3352.51
3352.51
4190.49
4190.49
8863.24
8863.24
13.60
13.60
7645.11
7645.11
9142.90
9142.90
10360.76
10360.76
5800.34
5800.34
5800.34
5800.34
6266.13
6266.13
6266.13
6266.13
3905.82
3905.82
10124.70
10124.70
10124.70
10124.70
791.60
791.60
20.08
20.08
8176.09
8176.09
29.28
29.28
4942.89
4942.89
438.39
438.39
2014.82
2014.82
1410.64
1410.64
95.21
95.21
3966.36
3966.36
1906.82
1906.82
6490.52
6490.52
22.72
22.72
10.61
10.61
6884.04
6884.04
11.58
11.58
2893.89
2893.89
2450.49
2450.49
506.58
506.58
1902.90
1902.90
2927.62
2927.62
1095.28
1095.28
5528.57
5528.57
4259.54
4259.54
1975.34
1975.34
726.56
726.56
7452.83
7452.83
7921.47
7921.47
373.11
373.11
8508.95
8508.95
7707.59
7707.59
2332.42
2332.42
552.17
552.17
477.68
477.68
1997.09
1997.09
5303.23
5303.23
5266.15
5266.15
6999.70
6999.70
702.96
702.96
5833.95
5833.95
1748.20
1748.20
7869.56
7869.56
8176.69
8176.69
5476.68
5476.68
5763.87
5763.87
7582.49
7582.49
4149.35
4149.35
5056.61
5056.61
3350.33
3350.33
4675.02
4675.02
3040.11
3040.11
4513.39
4513.39
6418.68
6418.68
17.27
17.27
6107.25
6107.25
4965.73
4965.73
14.03
14.03
4108.49
4108.49
21.97
21.97
7263.45
7263.45
97.11
97.11
4746.89
4746.89
824.77
824.77
2191.74
2191.74
1282.24
1282.24
421.84
421.84
1639.16
1639.16
5062.50
5062.50
2522.89
2522.89
5893.90
5893.90
3698.23
3698.23
7687.50
7687.50
1121.66
1121.66
3369.50
3369.50
361.47
361.47
57.28
57.28
4601.31
4601.31
2286.61
2286.61
1070.72
1070.72
7385.48
7385.48
6741.74
6741.74
2536.73
2536.73
2821.09
2821.09
4442.70
4442.70
4739.70
4739.70
6548.64
6548.64
3073.44
3073.44
5796.97
5796.97
7329.70
7329.70
3331.51
3331.51
3060.81
3060.81
6247.30
6247.30
7582.46
7582.46
5830.69
5830.69
2850.03
2850.03
5686.93
5686.93
3263.36
3263.36
1952.60
1952.60
20.03
20.03
4265.80
4265.80
5907.67
5907.67
1857.12
1857.12
2814.25
2814.25
525.28
525.28
1233.07
1233.07
1529.15
1529.15
3898.93
3898.93
3053.82
3053.82
2806.11
2806.11
914.51
914.51
3781.95
3781.95
4839.22
4839.22
6202.62
6202.62
2920.99
2920.99
6656.81
6656.81
3374.96
3374.96
6572.31
6572.31
59.71
59.71
41.02
41.02
2960.76
2960.76
12.22
12.22
10014.15
10014.15
1711.66
1711.66
46.31
46.31
1900.89
1900.89
477.62
477.62
7950.06
7950.06
6013.98
6013.98
1599.43
1599.43
9411.89
9411.89
2292.08
2292.08
4245.67
4245.67
1057.36
1057.36
55.51
55.51
55.51
5818.02
7591.70
7591.70
20.94
20.94
24.15
24.15
7531.06
7531.06
1977.46
1977.46
5455.07
5455.07
8510.51
8510.51
1249.09
1249.09
8944.83
8944.83
1975.82
1975.82
4448.38
4448.38
3192.58
3192.58
6399.76
6399.76
3453.94
3453.94
4284.68
4284.68
5322.76
5322.76
4081.03
4081.03
2407.78
2407.78
3974.28
3974.28
1402.49
1402.49
4508.42
4508.42
2323.00
2323.00
2216.09
2216.09
1843.51
1843.51
4420.19
4420.19
2312.06
2312.06
8235.32
8235.32
9201.78
9201.78
2545.53
2545.53
7142.46
7142.46
5328.65
5328.65
5880.07
5880.07
5358.88
5358.88
2566.82
2566.82
2566.82
2566.82
2747.17
2747.17
1229.01
1229.01
5581.84
5581.84
1733.98
1733.98
8762.86
8762.86
388.82
388.82
29.33
29.33
886.62
886.62
43.80
43.80
6678.31
6678.31
49.31
49.31
894.57
894.57
21.06
21.06
943.80
943.80
17.55
17.55
187.27
187.27
3962.97
3962.97
3962.97
3962.97
6480.43
6480.43
4655.63
4655.63
5257.46
5257.46
3340.09
3340.09
3340.09
3340.09
671.73
671.73
3687.41
3687.41
965.07
965.07
6335.22
6335.22
5365.27
5365.27
4179.82
4179.82
3941.32
3941.32
57.90
57.90
1738.03
1738.03
1430.33
1430.33
7193.05
7193.05
15.90
15.90
1409.47
1409.47
19.37
19.37
773.55
773.55
1928.89
1928.89
2384.52
2384.52
4466.20
4466.20
8388.31
8388.31
2723.43
2723.43
4228.15
4228.15
10791.02
10791.02
5990.68
5990.68
10189.42
10189.42
6722.29
6722.29
4747.84
4747.84
7905.03
7905.03
3877.93
3877.93
1687.57
1687.57
2073.47
2073.47
1103.41
1103.41
10405.70
10405.70
4871.45
4871.45
7788.81
7788.81
7788.81
9410.08
4221.74
4221.74
289.02
289.02
22.30
22.30
19.60
19.60
8257.99
8257.99
9385.58
9385.58
3196.86
3196.86
1417.80
1417.80
1518.09
1518.09
23.80
23.80
730.75
730.75
2105.75
2105.75
4318.79
4318.79
4591.56
4591.56
2684.06
2684.06
2684.06
859.78
859.78
1795.17
1795.17
94.42
94.42
4841.56
4841.56
4735.73
4735.73
3834.68
3834.68
4841.27
4841.27
47.72
47.72
4845.74
4845.74
4816.48
4816.48
6151.23
7646.71
7646.71
7646.71
7214.26
7214.26
49.99
49.99
3276.68
3276.68
5476.76
5476.76
2871.72
2871.72
3642.88
3642.88
4782.74
4782.74
9209.95
9209.95
5763.62
5763.62
3018.35
3018.35
4173.34
4173.34
5355.97
5355.97
822.99
822.99
1205.08
1205.08
4347.66
4347.66
7587.77
7587.77
1283.50
1283.50
7029.13
7029.13
5529.40
5529.40
7882.09
7882.09
2589.29
2589.29
3517.60
3517.60
4294.11
4294.11
4411.53
4411.53
5023.37
5023.37
3001.44
3001.44
2625.33
2625.33
2219.78
2219.78
1867.57
1867.57
3886.49
3886.49
2733.17
2733.17
2441.45
2441.45
2014.48
2014.48
2339.70
2339.70
952.15
952.15
7537.20
7537.20
8517.10
8517.10
8733.05
8733.05
3317.74
3317.74
4654.20
4654.20
1358.04
1358.04
26.48
26.48
5693.82
5693.82
2020.99
2020.99
7887.26
7887.26
113.27
113.27
9556.63
9556.63
45.31
45.31
3338.59
3338.59
65.06
65.06
175.50
175.50
7204.11
7204.11
1641.24
1641.24
4788.54
4788.54
7180.58
7180.58
5529.23
5529.23
26.00
26.00
25.56
25.56
493.04
493.04
4706.98
4706.98
3753.34
3753.34
5211.81
5211.81
1339.50
1339.50
2866.20
2866.20
986.66
986.66
1049.27
1049.27
3444.26
3444.26
4201.45
4201.45
2191.27
2191.27
527.25
527.25
670.02
670.02
618.69
618.69
2095.05
2095.05
1624.95
1624.95
2118.27
2118.27
5245.88
5245.88
4756.10
4756.10
6463.77
6463.77
4135.43
4135.43
2976.12
2976.12
957.18
957.18
6481.19
6481.19
10.00
10.00
2101.76
2101.76
4689.19
4689.19
3129.28
3129.28
6022.06
6022.06
4090.20
4090.20
3028.81
3028.81
4972.57
4972.57
3079.60
3079.60
7020.52
7020.52
5709.33
5709.33
5659.26
5659.26
3189.89
3189.89
2433.85
2433.85
6656.71
6656.71
2229.20
2229.20
2229.20
2229.20
1817.12
1817.12
2215.62
2215.62
52.78
52.78
4220.79
4220.79
2020.72
2020.72
2956.82
2956.82
72.58
72.58
1684.34
1684.34
4063.91
4063.91
4079.68
4079.68
732.86
732.86
5323.22
5323.22
4054.29
4054.29
4722.21
4722.21
717.08
717.08
2075.18
2075.18
2331.85
2331.85
565.76
565.76
4016.14
4016.14
3887.32
3887.32
1800.08
1800.08
2768.48
2768.48
5418.47
5418.47
557.84
557.84
2939.80
2939.80
2711.96
2711.96
20.64
20.64
6850.57
6850.57
6850.57
6850.57
6850.57
6850.57
1640.31
1640.31
6278.02
6278.02
1891.71
1891.71
5580.43
5580.43
2975.19
2975.19
5697.30
5697.30
4358.84
4358.84
6545.58
6545.58
1434.36
1434.36
20.31
20.31
3338.79
3338.79
14.93
14.93
6977.90
6977.90
53.28
53.28
3251.51
3251.51
4411.47
4411.47
7446.07
7446.07
5256.25
5256.25
3890.98
3890.98
1702.23
1702.23
23.14
23.14
2868.26
2868.26
487.93
487.93
1824.46
1824.46
2307.98
2307.98
353.07
353.07
2041.78
2041.78
2870.40
2870.40
146.63
146.63
223.12
223.12
802.29
802.29
1319.03
1319.03
5344.12
5344.12
37.10
37.10
2848.05
2848.05
8157.67
8157.67
22.56
22.56
1795.14
1795.14
3310.46
3310.46
2055.99
2055.99
8232.11
8232.11
1634.38
1634.38
5360.72
5360.72
1758.47
1758.47
6863.18
6863.18
1917.44
1917.44
1359.85
1359.85
23.00
23.00
1111.53
1111.53
3783.44
3783.44
6575.48
6575.48
35.67
35.67
8870.61
8870.61
7903.62
7903.62
5132.99
5132.99
15.98
15.98
121.34
121.34
20.41
20.41
6042.77
6042.77
4376.86
4376.86
1453.14
1453.14
264.46
264.46
3558.83
3558.83
8960.40
8960.40
908.23
908.23
4169.06
4169.06
7045.18
7045.18
3423.93
3423.93
3045.89
3045.89
1954.36
1954.36
3313.84
3313.84
156.60
156.60
4227.50
4227.50
5816.93
5816.93
1348.48
1348.48
5874.71
5874.71
449.53
449.53
4558.02
4558.02
960.35
960.35
2368.05
2368.05
3027.83
3027.83
6271.38
6271.38
241.06
241.06
4973.58
4973.58
811.30
811.30
3748.83
3748.83
6812.32
6812.32
1902.47
1902.47
6515.82
6515.82
10075.78
10075.78
1972.83
1972.83
9000.18
9000.18
7545.66
7545.66
23.02
23.02
7861.07
7861.07
4955.92
4955.92
1288.07
1288.07
4557.54
4557.54
240.18
240.18
8332.58
8332.58
4578.85
4578.85
8454.97
8454.97
6280.54
6280.54
2796.66
2796.66
7875.60
7875.60
2153.53
2153.53
5281.70
5281.70
5919.92
5919.92
5919.92
5919.92
271.70
271.70
2197.02
2197.02
4250.16
4250.16
3395.87
3395.87
6252.59
6252.59
2747.03
2747.03
1209.82
1209.82
1266.47
1266.47
31.74
31.74
2544.91
2544.91
4529.04
4529.04
6011.30
6011.30
375.81
375.81
2078.97
2078.97
1191.55
1191.55
4257.58
4257.58
1939.73
1939.73
1043.96
1043.96
3610.05
3610.05
5597.94
5597.94
3219.35
3219.35
5692.10
5692.10
686.13
686.13
4105.27
4105.27
2136.95
2136.95
9186.50
9186.50
8996.34
8996.34
2639.66
2639.66
2667.75
2667.75
5807.01
5807.01
6515.69
6515.69
2609.69
2609.69
1279.95
1279.95
6256.92
6256.92
2965.41
2965.41
6182.64
6182.64
1458.16
1458.16
1795.88
1795.88
3198.42
3198.42
8374.73
8374.73
4274.54
4274.54
4852.65
4852.65
3943.68
3943.68
2666.75
2666.75
154.50
154.50
1963.21
1963.21
4861.71
4861.71
7193.96
7193.96
6233.27
6233.27
48.96
48.96
6403.96
6403.96
2718.86
2718.86
165.42
165.42
2503.65
2503.65
1691.55
1691.55
3867.11
3867.11
4007.60
4007.60
2516.02
2516.02
1315.55
1315.55
1301.78
1301.78
4890.89
4890.89
1048.76
1048.76
3207.59
3207.59
5729.84
5729.84
5490.58
5490.58
2068.03
2068.03
5553.59
5553.59
376.74
376.74
5206.95
5206.95
3223.16
3223.16
27.34
27.34
6431.41
6431.41
62.78
62.78
5542.30
5542.30
6400.36
6400.36
5745.88
5745.88
1727.71
1727.71
1727.71
4748.30
2622.16
2622.16
3996.75
3996.75
906.64
906.64
7527.88
7527.88
7104.86
7104.86
1079.45
1079.45
7266.31
7266.31
2250.78
2250.78
2968.72
2968.72
1026.44
1026.44
2133.47
2133.47
7605.67
7605.67
1822.01
1822.01
2194.76
2194.76
28.21
28.21
6049.31
6049.31
6001.56
6001.56
1377.42
1377.42
6107.99
6107.99
988.89
988.89
10.00
10.00
2999.42
2999.42
2356.75
2356.75
1472.22
1472.22
1402.56
1402.56
2839.15
2839.15
605.58
605.58
5887.09
5887.09
7779.54
7779.54
1894.96
1894.96
4867.84
4867.84
3332.87
3332.87
8290.54
8290.54
7772.75
7772.75
882.61
882.61
882.61
882.61
6347.21
6347.21
2665.73
2665.73
1872.06
1872.06
190.96
190.96
6916.97
6916.97
5437.82
5437.82
29.10
29.10
1826.79
1826.79
396.68
396.68
18.56
18.56
7770.73
7770.73
5167.99
5167.99
8689.23
8689.23
2425.93
2425.93
40.28
40.28
3118.33
3118.33
598.32
598.32
2541.37
2541.37
6956.17
6956.17
22.51
22.51
6989.03
6989.03
6939.30
6939.30
6939.30
6939.30
102.55
102.55
6957.67
6957.67
4769.06
4769.06
6362.04
6362.04
7163.19
7163.19
7924.80
7924.80
5686.56
5686.56
803.72
803.72
30.02
30.02
4847.71
4847.71
5004.46
5004.46
1715.99
1715.99
4128.66
4128.66
3858.24
3858.24
3187.80
3187.80
12.72
12.72
6100.91
6100.91
748.47
748.47
5446.10
5446.10
7521.02
7521.02
5204.10
5204.10
8553.59
8553.59
5374.81
5374.81
9361.87
9361.87
9361.87
5557.65
5430.20
5430.20
5160.60
5160.60
456.21
456.21
138.75
138.75
4870.22
4870.22
7728.66
7728.66
19.75
19.75
112.25
112.25
5878.84
5878.84
5878.84
6875.56
2348.15
2348.15
8125.45
8125.45
8142.76
8142.76
10.00
10.00
10.00
10218.42
1090.92
1090.92
6464.88
6464.88
39.39
39.39
2706.92
2706.92
7214.64
7214.64
2680.73
2680.73
6045.01
6045.01
19.62
19.62
3751.93
3751.93
5418.85
5418.85
1896.75
1896.75
3560.75
3560.75
2260.10
2260.10
22.18
22.18
48.82
48.82
2586.24
2586.24
1923.30
1923.30
2639.77
2639.77
3198.16
3198.16
2806.55
2806.55
1461.41
1461.41
3638.04
3638.04
1571.72
1571.72
4516.50
4516.50
1752.94
1752.94
1278.40
1278.40
7431.30
7431.30
7403.24
7403.24
20.80
20.80
5761.72
5761.72
32.32
32.32
1794.76
1794.76
1794.76
1794.76
4606.32
4606.32
3564.45
3564.45
1217.38
1217.38
9590.73
9590.73
10918.74
10918.74
3988.85
3988.85
8731.89
8731.89
6348.54
6348.54
3271.34
3271.34
1741.70
1741.70
6046.26
6046.26
6241.83
6241.83
2746.40
2746.40
6863.85
6863.85
386.60
386.60
47.96
47.96
2263.26
2263.26
923.90
923.90
2545.96
2545.96
203.98
203.98
3928.79
3928.79
3928.79
3928.79
1499.71
1499.71
3700.18
3700.18
3566.40
3566.40
1494.73
1494.73
2485.36
2485.36
2055.05
2055.05
4060.79
4060.79
4060.79
4060.79
1767.54
1767.54
1767.54
2865.18
1935.68
1935.68
2093.72
2093.72
5412.90
5412.90
4657.89
4657.89
3692.49
3692.49
65.19
65.19
4101.10
4101.10
6594.68
6594.68
6774.39
6774.39
666.46
666.46
274.37
274.37
2050.24
2050.24
2050.24
2050.24
7594.79
7594.79
5577.52
5577.52
49.69
49.69
6155.63
6155.63
4974.18
4974.18
4974.18
1619.99
1619.99
5317.12
5317.12
1612.68
1612.68
6874.99
6874.99
6635.76
6635.76
2080.13
2080.13
3024.11
3024.11
2090.09
2090.09
6152.38
6152.38
565.00
565.00
7479.38
7479.38
2158.89
2158.89
1875.89
1875.89
98.65
98.65
4553.37
4553.37
43.92
43.92
683.08
683.08
2676.56
2676.56
3331.90
3331.90
30.59
30.59
779.27
779.27
3263.54
3263.54
15.59
15.59
2475.43
2475.43
58.93
58.93
2682.28
2682.28
2299.93
2299.93
2686.69
2686.69
2809.79
2809.79
2505.90
2505.90
4174.74
4174.74
94.95
94.95
5115.01
5115.01
68.88
68.88
54.74
54.74
5917.05
5917.05
1407.65
1407.65
1429.52
1429.52
4059.01
4059.01
5285.91
5285.91
3329.53
3329.53
485.45
485.45
57.60
57.60
7508.67
7508.67
8544.82
8544.82
3363.36
3363.36
2500.82
2500.82
1994.98
1994.98
6003.46
6003.46
2518.73
2518.73
3235.49
3235.49
4096.73
4096.73
4639.56
4639.56
1979.04
1979.04
6530.84
6530.84
5478.75
5478.75
1005.09
1005.09
5215.52
5215.52
1836.04
1836.04
1868.26
1868.26
31.32
31.32
5243.14
5243.14
1774.29
1774.29
435.98
435.98
2216.48
2216.48
2216.48
2216.48
6630.39
6630.39
1900.74
1900.74
2910.35
2910.35
3854.62
3854.62
963.62
963.62
6989.14
6989.14
1836.53
1836.53
6685.98
6685.98
6902.79
6902.79
6295.12
6295.12
2829.92
2829.92
481.06
481.06
7019.15
7019.15
2287.82
2287.82
63.15
63.15
7062.43
7062.43
3006.03
3006.03
4828.61
4828.61
18.49
18.49
621.62
621.62
3376.26
3376.26
7808.25
7808.25
7792.60
7792.60
266.22
266.22
3022.06
3022.06
215.94
215.94
5385.92
5385.92
7106.70
7106.70
25.56
25.56
2980.78
2980.78
7852.41
7852.41
484.96
484.96
9129.25
9129.25
7093.07
7093.07
27.72
27.72
6377.72
6377.72
4097.72
4097.72
4175.21
4175.21
6284.20
6284.20
4189.00
4189.00
21.29
21.29
1442.68
1442.68
2232.46
2232.46
3581.66
3581.66
14.18
14.18
5180.45
5180.45
2679.14
2679.14
743.35
743.35
6133.80
6133.80
3807.01
3807.01
4676.97
4676.97
24.08
24.08
2813.57
2813.57
7641.10
7641.10
5689.80
5689.80
7381.94
7381.94
7381.94
7381.94
4027.88
4027.88
4390.40
4390.40
15.85
15.85
4950.46
4950.46
21.98
21.98
20.32
20.32
330.72
330.72
41.30
41.30
6246.38
6246.38
4801.14
4801.14
4110.85
4110.85
2069.78
2069.78
24.82
24.82
5937.68
5937.68
2032.20
2032.20
4276.91
4276.91
8189.77
8189.77
8918.73
8918.73
6171.34
6171.34
10288.40
10288.40
7424.49
7424.49
30.25
30.25
25.40
25.40
54.80
54.80
4952.32
4952.32
6125.14
6125.14
100.85
100.85
544.58
544.58
243.83
243.83
34.24
34.24
4666.66
4666.66
212.61
212.61
2389.81
2389.81
2750.24
2750.24
1693.41
1693.41
4483.17
4483.17
739.59
739.59
4836.38
4836.38
3697.51
3697.51
4550.22
4550.22
5872.33
5872.33
30.57
30.57
6351.31
6351.31
5922.36
5922.36
4291.57
4291.57
1028.75
1028.75
3919.63
3919.63
3919.63
3919.63
1152.45
1152.45
1351.15
1351.15
5064.29
5064.29
2478.33
2478.33
2011.16
2011.16
5128.28
5128.28
5328.89
5328.89
6466.82
6466.82
14.52
14.52
1280.11
1280.11
4189.68
4189.68
20.14
20.14
2966.55
2966.55
5750.97
5750.97
8077.32
8077.32
554.82
554.82
2052.93
2052.93
3913.86
3913.86
1084.64
1084.64
1777.52
1777.52
3497.11
3497.11
6767.75
6767.75
19.33
19.33
1795.12
1795.12
2652.13
2652.13
4155.75
4155.75
2673.21
2673.21
1410.64
1410.64
4905.79
4905.79
54.38
54.38
109.33
109.33
2695.57
2695.57
7162.93
7162.93
641.57
641.57
2563.98
2563.98
4304.74
4304.74
5848.73
5848.73
86.69
86.69
133.97
133.97
10.00
10.00
73.58
73.58
18.55
18.55
4374.28
4374.28
3075.40
3075.40
3271.61
3271.61
2376.73
2376.73
4417.21
4417.21
5680.12
5680.12
1335.23
1335.23
10.00
10.00
4276.35
4276.35
10.00
10.00
997.92
997.92
10.78
10.78
3965.50
3965.50
1950.43
1950.43
10.00
10.00
2983.67
2983.67
2983.67
2983.67
4094.43
4094.43
4450.80
4450.80
7342.15
7342.15
14.94
14.94
2297.20
2297.20
4249.88
4249.88
5225.02
5225.02
7199.40
7199.40
813.08
813.08
2702.51
2702.51
1654.96
1654.96
811.96
811.96
7697.88
7697.88
659.10
659.10
8905.25
8905.25
9321.75
9321.75
2680.97
2680.97
5742.72
5742.72
8815.96
8815.96
1830.29
1830.29
13.10
13.10
7363.82
7363.82
11710.19
11710.19
8373.32
8373.32
2297.26
2297.26
74.20
74.20
1168.58
1168.58
6462.72
6462.72
3094.12
3094.12
14.99
14.99
7306.95
7306.95
2648.31
2648.31
7502.30
7502.30
5499.54
5499.54
30.71
30.71
63.10
63.10
1353.50
1353.50
3944.20
3944.20
61.24
61.24
5822.12
5822.12
3039.63
3039.63
1950.94
1950.94
2514.60
2514.60
910.18
910.18
36.78
36.78
7671.15
7671.15
7990.95
7990.95
2796.25
2796.25
1933.53
1933.53
3364.16
3364.16
39.60
39.60
1855.48
1855.48
757.27
757.27
3669.74
3669.74
3871.13
3871.13
1952.89
1952.89
30.44
30.44
23.64
23.64
2619.95
2619.95
721.35
721.35
3439.71
3439.71
3817.19
3817.19
4201.51
4201.51
2622.22
2622.22
203.69
203.69
1598.17
1598.17
482.42
482.42
1035.03
1035.03
3547.25
3547.25
1220.83
1220.83
1137.25
1137.25
4410.91
4410.91
3781.15
3781.15
2315.78
2315.78
60.21
60.21
2157.02
2157.02
5288.11
5288.11
4797.15
4797.15
4797.15
4797.15
5535.45
5535.45
5034.35
5034.35
4180.55
4180.55
4040.79
4040.79
3119.19
3119.19
1788.35
1788.35
3085.54
3085.54
5206.31
5206.31
780.24
780.24
4335.62
4335.62
7225.16
7225.16
8213.76
8213.76
1601.65
1601.65
6267.68
6267.68
6273.83
6273.83
6006.21
6006.21
2071.64
2071.64
4230.92
4230.92
7932.80
7932.80
3406.07
3406.07
2567.07
2567.07
3556.57
3556.57
153.53
153.53
4117.96
4117.96
1910.47
1910.47
115.98
115.98
2324.97
2324.97
1085.56
1085.56
5094.80
5094.80
6335.00
6335.00
6335.00
6335.00
6335.00
6335.00
5999.39
5999.39
1872.72
1872.72
2619.23
2619.23
3743.72
3743.72
26.19
26.19
7078.47
7078.47
4922.84
4922.84
5283.39
5283.39
237.20
237.20
8811.85
8811.85
75.52
75.52
6262.15
6262.15
8452.44
8452.44
8452.44
8452.44
8452.44
8452.44
6813.53
6813.53
183.78
183.78
5986.02
5986.02
221.73
221.73
7305.18
7305.18
6372.32
6372.32
3822.52
3822.52
4454.43
4454.43
305.00
305.00
4065.59
4065.59
4366.66
4366.66
3651.07
3651.07
5167.38
5167.38
628.70
628.70
2084.44
2084.44
3910.84
3910.84
1662.46
1662.46
2778.25
2778.25
1591.31
1591.31
2621.82
2621.82
3512.53
3512.53
379.01
379.01
15.42
15.42
940.13
940.13
3083.71
3083.71
26.20
26.20
2594.02
2594.02
3249.87
3249.87
874.84
874.84
5481.42
5481.42
71.54
71.54
1613.86
1613.86
20.16
20.16
491.34
491.34
7450.18
7450.18
5562.17
5562.17
3531.13
3531.13
7554.67
7554.67
6160.60
6160.60
3056.92
3056.92
6605.08
6605.08
5724.40
5724.40
1511.16
1511.16
734.18
734.18
4669.99
4669.99
7292.62
7292.62
7230.75
7230.75
6417.58
6417.58
556.54
556.54
4634.27
4634.27
6018.91
6018.91
2854.24
2854.24
2153.13
2153.13
1337.12
1337.12
6787.78
6787.78
4641.14
4641.14
2033.11
2033.11
26.75
26.75
162.30
162.30
2055.96
2055.96
4658.34
4658.34
2325.54
2325.54
1599.17
1599.17
866.65
866.65
2096.82
2096.82
5181.55
5181.55
5865.13
5865.13
3509.68
3509.68
697.17
697.17
6446.19
6446.19
6207.88
6207.88
2707.99
2707.99
8473.31
8473.31
2116.40
2116.40
2193.73
2193.73
6944.65
6944.65
19.21
19.21
3008.52
3008.52
1243.74
1243.74
6310.65
6310.65
1323.20
1323.20
8787.04
8787.04
9548.90
9548.90
83.51
83.51
684.75
684.75
2036.63
2036.63
1424.04
1424.04
2208.57
2208.57
2966.28
2966.28
2599.97
2599.97
4813.63
4813.63
5137.72
5137.72
24.08
24.08
362.87
362.87
2367.82
2367.82
62.90
62.90
5394.98
5394.98
4096.55
4096.55
520.75
520.75
342.75
342.75
3515.08
3515.08
604.99
604.99
26.70
26.70
4102.15
4102.15
3959.55
3959.55
2765.52
2765.52
16.85
16.85
2365.86
2365.86
1457.50
1457.50
5198.71
5198.71
4910.42
4910.42
2300.39
2300.39
2812.31
2812.31
1929.44
1929.44
3222.37
3222.37
4990.31
4990.31
1151.59
1151.59
6500.94
6500.94
174.33
174.33
4405.42
4405.42
7084.50
7084.50
1969.32
1969.32
1591.34
1591.34
616.33
616.33
2111.01
2111.01
9285.34
9285.34
726.18
726.18
6495.32
6495.32
377.03
377.03
8716.22
8716.22
15.06
15.06
22.38
22.38
1448.95
1448.95
1685.14
1685.14
5926.88
5926.88
84.90
84.90
2201.82
2201.82
5491.31
5491.31
2085.63
2085.63
4812.93
4812.93
1514.34
1514.34
4932.67
4932.67
4932.67
4243.12
4243.12
2286.18
2286.18
19.95
19.95
5670.48
5670.48
2795.18
2795.18
4156.69
4156.69
1850.80
1850.80
1850.80
1850.80
439.93
439.93
3614.93
3614.93
2362.59
2362.59
35.31
35.31
745.23
745.23
2021.77
2021.77
953.47
953.47
1520.24
1520.24
1430.63
1430.63
4144.87
4144.87
17.03
17.03
4903.95
4903.95
3075.02
3075.02
1955.81
4415.85
4415.85
4415.85
21.25
21.25
4733.89
4733.89
5328.46
5328.46
6490.77
6490.77
6727.52
6727.52
7583.24
7583.24
2446.20
2446.20
1226.60
1226.60
2128.38
2128.38
998.37
998.37
1215.53
1215.53
1772.78
1772.78
2728.59
2728.59
4103.20
4103.20
4494.20
4494.20
1429.76
1429.76
4632.39
4632.39
3691.81
3691.81
58.95
58.95
4728.96
4728.96
7376.48
7376.48
5166.81
5166.81
5454.34
5454.34
1315.74
1315.74
3587.56
3587.56
1719.53
1719.53
1808.28
1808.28
1808.28
1808.28
1964.67
1964.67
1082.69
1082.69
1288.32
1288.32
5675.00
5675.00
2638.31
2638.31
1779.39
1779.39
3125.01
3125.01
1142.70
1142.70
4022.81
4022.81
3900.04
3900.04
1836.57
1836.57
2571.63
2571.63
4510.64
4510.64
2318.97
2318.97
5016.59
5016.59
1355.49
1355.49
2314.24
2314.24
5128.03
5128.03
5128.03
5128.03
148.39
148.39
4078.30
4078.30
53.25
53.25
4339.81
4339.81
1925.22
1925.22
4893.88
4893.88
5513.07
5513.07
6140.53
6140.53
34.84
34.84
3151.91
3151.91
1584.28
1584.28
29.54
29.54
5830.64
5830.64
3089.45
3089.45
916.84
916.84
4255.03
4255.03
2292.33
2292.33
7771.78
7771.78
27.00
27.00
354.86
354.86
1186.62
1186.62
2184.51
2184.51
2009.12
2009.12
228.95
228.95
1966.95
1966.95
7555.15
7555.15
13.32
13.32
15.73
15.73
3735.24
3735.24
2235.26
2235.26
4015.68
4015.68
1599.02
1599.02
2556.80
2556.80
3432.62
3432.62
5007.41
5007.41
1872.88
1872.88
1945.38
1945.38
6725.96
6725.96
6725.96
6725.96
5905.03
5905.03
11.98
11.98
2286.62
2286.62
5381.47
5381.47
3307.91
3307.91
3023.55
3023.55
3023.55
3023.55
1925.65
1925.65
4593.64
4593.64
7412.04
7412.04
5575.26
5575.26
4392.54
4392.54
1201.21
1201.21
1791.04
1791.04
5517.25
5517.25
4273.27
4273.27
6418.97
6418.97
2264.01
2264.01
5795.19
5795.19
931.68
931.68
3547.12
3547.12
455.48
455.48
7397.54
7397.54
6043.33
6043.33
1076.89
1076.89
248.69
248.69
1190.62
1190.62
1317.45
1317.45
3930.94
3930.94
3599.68
3599.68
3735.97
3735.97
3328.68
3328.68
3328.68
3328.68
2386.55
2386.55
4182.56
4182.56
1486.73
1486.73
726.31
726.31
546.97
546.97
2582.95
2582.95
84.06
84.06
12.02
12.02
2450.42
2450.42
1809.23
1809.23
3726.87
3726.87
3002.11
3002.11
2023.32
2023.32
252.97
252.97
2833.89
2833.89
2317.40
2317.40
909.18
909.18
444.93
444.93
1331.28
1331.28
92.88
92.88
2113.90
2113.90
252.31
252.31
1540.68
1540.68
1260.51
1260.51
3758.80
3758.80
3806.25
3806.25
2742.80
2742.80
3823.76
3823.76
2217.62
2217.62
3045.71
3045.71
3753.58
3753.58
4294.53
4294.53
2352.85
2352.85
1267.96
1267.96
1855.80
1855.80
3032.04
3032.04
4320.51
4320.51
2650.81
2650.81
3317.16
3317.16
677.40
677.40
1942.11
1942.11
2715.99
2715.99
3820.45
3820.45
2184.11
2184.11
2740.44
2740.44
3842.29
3842.29
104.93
104.93
2555.76
2555.76
43.63
43.63
533.22
533.22
2000.29
2000.29
461.52
461.52
2800.84
2800.84
511.87
511.87
1118.18
1118.18
1906.85
1906.85
402.54
402.54
769.86
769.86
1417.26
1417.26
989.87
989.87
2288.95
2288.95
2119.73
2119.73
899.44
899.44
1659.09
1659.09
1561.02
1561.02
20.20
20.20
560.67
560.67
1563.28
1563.28
3441.39
3441.39
3655.44
3655.44
3745.40
3745.40
1738.24
1738.24
1396.27
1396.27
1652.10
1652.10
2497.00
2497.00
2100.47
2100.47
1714.12
1714.12
5970.56
5970.56
2643.99
2643.99
3772.18
3772.18
5483.63
5483.63
4728.54
4728.54
1854.99
1854.99
5545.53
5545.53
4596.66
4596.66
1956.73
1956.73
4088.41
4088.41
3282.27
3282.27
1504.32
1504.32
1682.40
1682.40
4320.27
4320.27
3239.17
3239.17
1084.03
1084.03
867.89
867.89
2484.56
2484.56
4035.78
4035.78
633.06
633.06
5537.56
5537.56
4876.84
4876.84
4917.40
4917.40
744.54
744.54
2664.78
2664.78
5790.23
5790.23
3538.96
3538.96
2372.03
2372.03
1892.49
1892.49
141.59
141.59
4922.38
4922.38
16.67
16.67
4824.99
4824.99
2686.36
2686.36
43.25
43.25
3625.07
3625.07
4746.48
4746.48
1066.15
1066.15
5884.19
5884.19
111.87
111.87
10.00
10.00
5846.31
5846.31
20.98
20.98
3752.35
3752.35
1564.23
1564.23
1335.05
1335.05
30.40
30.40
2322.52
2322.52
2069.50
2069.50
246.12
246.12
6394.19
6394.19
7626.37
7626.37
1021.50
1021.50
6321.82
6321.82
230.01
230.01
1914.41
1914.41
2711.43
2711.43
3428.79
3428.79
7279.94
7279.94
31.59
31.59
3003.41
3003.41
5228.27
5228.27
4599.77
4599.77
5800.99
5800.99
147.87
147.87
7056.14
7056.14
19.85
19.85
7003.88
7003.88
60.03
60.03
2386.33
2386.33
1247.68
1247.68
8413.89
8413.89
7539.11
7539.11
7417.26
7417.26
1405.29
1405.29
2115.26
2115.26
2186.83
2186.83
1818.26
1818.26
2297.77
2297.77
682.13
682.13
2616.61
2616.61
3559.37
3559.37
3559.37
3559.37
3559.37
3559.37
470.98
470.98
1531.98
1531.98
27.87
27.87
2245.67
2245.67
2538.50
2538.50
136.24
136.24
3201.69
3201.69
2441.85
2441.85
1723.18
1723.18
3688.96
3688.96
4425.25
4425.25
3478.27
3478.27
1559.50
1559.50
523.61
523.61
4887.49
4887.49
3419.46
3419.46
60.18
60.18
17.04
17.04
5118.74
5118.74
3458.41
3458.41
671.64
671.64
3246.53
3246.53
2256.00
2256.00
20.35
20.35
2514.80
2514.80
20.71
20.71
5717.19
5717.19
5789.62
5789.62
259.77
259.77
5591.04
5591.04
5591.04
5591.04
6943.75
6943.75
9795.28
9795.28
851.40
851.40
1381.18
1381.18
825.09
825.09
617.86
617.86
386.34
386.34
1024.51
1024.51
1690.35
1690.35
2082.29
2082.29
1973.72
1973.72
4424.89
4424.89
1350.03
1350.03
4167.61
4167.61
4785.43
4785.43
4363.71
4363.71
5016.23
5016.23
4352.67
4352.67
4453.62
4453.62
966.93
966.93
5594.33
5594.33
4886.28
4886.28
1712.54
1712.54
2504.92
2504.92
3958.79
3958.79
1433.03
1433.03
5297.70
5297.70
4698.89
4698.89
4698.89
4698.89
1442.15
1442.15
3416.95
3416.95
57.19
57.19
312.81
312.81
1249.27
1249.27
61.89
61.89
4243.44
4243.44
69.22
69.22
2380.83
2380.83
7135.86
7135.86
1341.07
1341.07
7499.03
7499.03
8285.16
8285.16
254.88
254.88
2172.84
2172.84
1557.04
1557.04
5305.27
5305.27
4099.66
4099.66
2947.92
2947.92
6415.65
6415.65
3301.45
3301.45
5680.74
5680.74
6318.47
6318.47
1208.69
1208.69
1387.26
1387.26
1387.26
1387.26
10457.96
10457.96
1765.21
1765.21
10731.38
10731.38
5621.63
5621.63
54.86
54.86
1199.31
1199.31
2600.76
2600.76
2043.31
2043.31
20.49
20.49
3507.24
3507.24
1740.77
1740.77
3865.75
3865.75
1338.72
1338.72
1867.63
1867.63
2102.06
2102.06
4324.26
4324.26
2816.19
2816.19
3943.86
3943.86
2310.64
2310.64
1139.97
1139.97
741.54
741.54
2550.49
2550.49
3190.57
3190.57
2126.45
2126.45
1532.37
1532.37
4216.83
4216.83
591.72
591.72
3800.52
3800.52
4608.50
4608.50
1242.76
1242.76
3467.01
3467.01
1561.99
1561.99
2635.34
2635.34
5688.30
5688.30
1210.49
1210.49
3738.73
3738.73
3943.09
3943.09
24.95
24.95
5172.47
5172.47
44.40
44.40
5424.72
5424.72
32.25
32.25
7204.95
7204.95
6468.62
6468.62
357.74
357.74
7396.44
7396.44
2200.11
2200.11
4391.23
4391.23
8620.66
8620.66
252.61
252.61
5084.34
5084.34
9052.85
9052.85
10.00
10.00
7039.96
7039.96
333.20
333.20
7631.05
7631.05
13.85
13.85
2575.64
2575.64
3049.96
3049.96
459.11
459.11
6649.79
6649.79
3631.83
3631.83
5256.27
5256.27
1028.30
1028.30
222.82
222.82
4505.61
4505.61
4505.61
4505.61
2058.47
2058.47
2007.74
2007.74
408.34
408.34
1080.75
1080.75
31.53
31.53
24.94
24.94
5189.01
5189.01
167.45
167.45
2418.31
2418.31
3774.91
3774.91
5186.52
5186.52
3930.33
3930.33
1889.15
1889.15
2473.66
2473.66
4703.54
4703.54
2046.25
2046.25
7115.26
7115.26
1107.05
1107.05
3510.90
3510.90
6647.15
6647.15
5157.03
5157.03
5157.03
5157.03
2092.82
2092.82
7472.84
7472.84
5723.99
5723.99
4134.57
4134.57
6922.71
6922.71
6922.71
6922.71
3699.30
3699.30
514.47
514.47
5493.14
5493.14
3907.99
3907.99
30.03
30.03
859.49
859.49
4615.90
4615.90
1812.75
1812.75
2452.60
2452.60
355.27
355.27
6647.76
6647.76
6647.24
6647.24
3371.30
3371.30
3371.30
3371.30
141.91
141.91
10.00
10.00
16.29
16.29
1262.97
1262.97
1262.97
2248.68
2248.68
65.72
65.72
1833.26
1833.26
4045.80
4045.80
2206.06
2206.06
6530.50
6530.50
1450.62
1450.62
7584.00
7584.00
2195.39
2195.39
2939.17
2939.17
4260.18
4260.18
1031.80
1031.80
1537.94
1537.94
1820.32
1820.32
2301.25
2301.25
6394.87
6394.87
372.72
372.72
3616.02
3616.02
4448.38
4448.38
1930.67
1930.67
7667.80
7667.80
1883.51
1883.51
7743.31
7743.31
1839.72
1839.72
5766.54
5766.54
2394.92
2394.92
1032.52
1032.52
5608.50
5608.50
6626.69
6626.69
3317.72
3317.72
3248.62
3248.62
1630.94
1630.94
3368.36
3368.36
29.53
29.53
4549.85
4549.85
1052.93
1052.93
1282.82
1282.82
3342.90
3342.90
1994.19
1994.19
12.42
12.42
2887.36
2887.36
3062.88
3062.88
1813.51
1813.51
3434.24
3434.24
1802.76
1802.76
1936.18
1936.18
1452.88
1452.88
813.73
813.73
2511.85
2511.85
3754.50
3754.50
2616.70
2616.70
1414.29
1414.29
1652.33
1652.33
1863.22
1863.22
2616.36
2616.36
7319.81
7319.81
1607.18
1607.18
5163.73
5163.73
6845.65
6845.65
6640.20
6640.20
158.26
158.26
316.73
316.73
245.17
245.17
4112.17
4112.17
5979.01
5979.01
3344.57
3344.57
1591.91
1591.91
5555.78
5555.78
3084.56
3084.56
3084.56
3084.56
1380.20
1380.20
1567.28
1567.28
3361.20
3361.20
1119.51
1119.51
2276.43
2276.43
4307.06
4307.06
2032.71
2032.71
667.35
667.35
3113.01
3113.01
2398.55
2398.55
1642.16
1642.16
285.68
285.68
4727.89
4727.89
5378.04
5378.04
5052.92
5052.92
3661.78
3661.78
760.50
760.50
4553.26
4553.26
2406.16
2406.16
225.57
225.57
4446.34
4446.34
26.13
26.13
3340.22
3340.22
2335.48
2335.48
4732.75
4732.75
27.47
27.47
12.58
12.58
1485.65
1485.65
7374.74
7374.74
7750.27
7750.27
3808.93
3808.93
38.48
38.48
229.33
229.33
74.60
74.60
5003.99
5003.99
8316.50
8316.50
1544.62
1544.62
5484.05
5484.05
116.72
116.72
658.97
658.97
5076.85
5076.85
416.08
416.08
3384.49
3384.49
2258.75
2258.75
5174.49
5174.49
28.24
28.24
6612.88
6612.88
30.86
30.86
985.00
985.00
4845.72
4845.72
4017.31
4017.31
1606.27
1606.27
6765.18
6765.18
6765.18
6765.18
6765.18
6765.18
6765.18
6765.18
6765.18
6765.18
6765.18
6765.18
6765.18
6765.18
6765.18
6765.18
239.60
239.60
291.05
291.05
2602.83
2602.83
1287.32
1287.32
1664.91
1664.91
1449.62
1449.62
2127.97
2127.97
2359.46
2359.46
3532.49
3532.49
3231.98
3231.98
1377.92
1377.92
3175.84
3175.84
5606.55
5606.55
4797.86
4797.86
1061.26
1061.26
4750.00
4750.00
6317.04
6317.04
4058.86
4058.86
2960.52
2960.52
3074.03
3074.03
5849.36
5849.36
3617.76
3617.76
5495.61
5495.61
1242.61
1242.61
3153.49
3153.49
6103.22
6103.22
42.68
42.68
3012.92
3012.92
1842.20
1842.20
34.21
34.21
2205.10
2205.10
694.06
694.06
5504.97
5504.97
36.97
36.97
7438.70
7438.70
960.16
960.16
1482.58
1482.58
2206.82
2206.82
60.49
60.49
2054.57
2054.57
3418.35
3418.35
3539.81
3539.81
4579.77
4579.77
386.16
386.16
3294.22
3294.22
2197.58
2197.58
2197.58
2197.58
3689.01
3689.01
2304.61
2304.61
2588.66
2588.66
1589.68
1589.68
1572.63
1572.63
1835.05
1835.05
766.29
766.29
1050.71
1050.71
543.31
543.31
4950.46
4950.46
2329.67
2329.67
5196.38
5196.38
3866.06
3866.06
4396.56
4396.56
4603.11
4603.11
3337.72
3337.72
4160.66
4160.66
2099.53
2099.53
2910.51
2910.51
2910.51
2910.51
391.88
391.88
3928.69
3928.69
2279.47
2279.47
2971.11
2971.11
2971.11
2971.11
2971.11
2971.11
3652.35
3652.35
3055.48
3055.48
2037.17
2037.17
1650.98
1650.98
2338.81
2338.81
2088.03
2088.03
902.88
902.88
1676.12
1676.12
3115.73
3115.73
1547.94
1547.94
1689.75
1689.75
1060.69
1060.69
1628.12
1628.12
3267.42
3267.42
399.65
399.65
3397.72
3397.72
96.84
96.84
2261.60
2261.60
1329.09
1329.09
1106.27
1106.27
10.00
10.00
30.12
30.12
518.49
518.49
1244.80
1244.80
1670.44
1670.44
3853.24
3853.24
1387.91
1387.91
2164.61
2164.61
4142.96
4142.96
3484.24
3484.24
4400.45
4400.45
21.30
21.30
2809.12
2809.12
1552.66
1552.66
2258.97
2258.97
24.21
24.21
2715.23
2715.23
1497.72
1497.72
1302.13
1302.13
2007.10
2007.10
1001.97
1001.97
1487.39
1487.39
3159.32
3159.32
614.39
614.39
1886.11
1886.11
1043.24
1043.24
102.77
102.77
487.69
487.69
710.83
710.83
3815.67
3815.67
44.99
44.99
1749.95
1749.95
2879.52
2879.52
2129.54
2129.54
2377.88
2377.88
242.21
242.21
4925.90
4925.90
3040.77
3040.77
1915.71
1915.71
843.15
843.15
461.28
461.28
3808.71
3808.71
335.70
335.70
1876.82
1876.82
3692.82
3692.82
1797.98
1797.98
4835.62
4835.62
474.99
474.99
4992.76
4992.76
5571.04
5571.04
25.94
25.94
6557.76
6557.76
213.89
213.89
2415.32
2415.32
2665.28
2665.28
1331.93
1331.93
6215.46
6215.46
6215.46
6215.46
1828.94
1828.94
660.76
660.76
436.47
436.47
3010.22
3010.22
172.26
172.26
5000.11
5000.11
6272.25
6272.25
141.46
141.46
3767.06
3767.06
5965.61
5965.61
4357.31
4357.31
4357.31
4357.31
4877.41
4877.41
5681.10
5681.10
26.78
26.78
1812.18
1812.18
8179.89
8179.89
24.62
24.62
5407.99
5407.99
8870.81
8870.81
1094.51
1094.51
6242.34
6242.34
5004.11
5004.11
25.46
25.46
4090.18
4090.18
1625.34
1625.34
6710.63
6710.63
69.44
69.44
4486.91
4486.91
286.81
286.81
4543.79
4543.79
1918.60
1918.60
2176.32
2176.32
2013.14
2013.14
2796.10
2796.10
3579.76
3579.76
3969.44
3969.44
5852.31
5852.31
6453.73
6453.73
3488.57
3488.57
5547.13
5547.13
6496.77
6496.77
4949.07
4949.07
2594.98
2594.98
4554.12
4554.12
4471.32
4471.32
6574.56
6574.56
1895.93
1895.93
5421.43
5421.43
4480.06
4480.06
4910.26
4910.26
281.72
281.72
7500.23
7500.23
7500.23
7500.23
7851.01
7851.01
596.70
596.70
1894.92
1894.92
1894.92
1894.92
2046.67
2046.67
2046.67
2046.67
2046.67
2046.67
7613.08
7613.08
26.89
26.89
5236.56
5236.56
9084.53
9084.53
1432.17
1432.17
7442.57
7442.57
17.80
17.80
4990.94
4990.94
4734.24
4734.24
4431.41
4431.41
1971.16
1971.16
567.90
567.90
1543.78
1543.78
2015.19
2015.19
1690.49
1690.49
3805.00
3805.00
45.27
45.27
3000.47
3000.47
25.15
25.15
36.66
36.66
2573.95
2573.95
5254.16
5254.16
2897.62
2897.62
5654.76
5654.76
3289.78
3289.78
23.99
23.99
587.75
587.75
3867.68
3867.68
963.01
963.01
3237.85
3237.85
3237.85
3237.85
26.81
26.81
1823.48
1823.48
4165.55
4165.55
3694.94
3694.94
1892.43
1892.43
3253.65
3253.65
2920.98
2920.98
1604.67
1604.67
2060.82
2060.82
42.76
42.76
2125.96
2125.96
3866.08
3866.08
5930.06
5930.06
21.30
21.30
3142.40
3142.40
339.48
339.48
3076.70
3076.70
6229.31
6229.31
54.82
54.82
2589.82
2589.82
2256.88
2256.88
46.93
46.93
43.56
43.56
16.42
16.42
52.58
52.58
1866.78
1866.78
446.63
446.63
2762.81
2762.81
2762.81
2762.81
2453.57
2453.57
3303.72
3303.72
2300.06
2300.06
359.89
359.89
1674.40
1674.40
5292.62
5292.62
453.51
453.51
3805.80
3805.80
4608.61
4608.61
2818.98
2818.98
3302.10
3302.10
225.44
225.44
4830.99
4830.99
3205.82
3205.82
3209.49
3209.49
1793.15
1793.15
87.73
87.73
3692.45
3692.45
1367.29
1367.29
4558.81
4558.81
1789.04
1789.04
403.92
403.92
2440.07
2440.07
7081.89
7081.89
1024.87
1024.87
7227.72
7227.72
44.04
44.04
3386.75
3386.75
3386.75
3386.75
418.94
418.94
9990.41
9990.41
1003.16
1003.16
54.20
54.20
5564.16
5564.16
2099.96
2099.96
6783.65
6783.65
217.23
217.23
2468.56
2468.56
122.06
122.06
5459.83
5459.83
758.20
758.20
142.78
142.78
4695.78
4695.78
20.77
20.77
1859.76
1859.76
5597.37
5597.37
2185.11
2185.11
4079.44
4079.44
6214.19
6214.19
1350.88
1350.88
6496.48
6496.48
1906.05
1906.05
22.18
22.18
3965.52
3965.52
19.13
19.13
3678.33
3678.33
17.88
17.88
6029.92
6029.92
3983.93
3983.93
3983.93
3983.93
4292.44
4292.44
15.02
15.02
6380.25
6380.25
320.68
320.68
4695.91
4695.91
1863.13
1863.13
45.03
45.03
6178.97
6178.97
2081.33
2081.33
2356.55
2356.55
6410.98
6410.98
375.63
375.63
6044.47
6044.47
3115.76
3115.76
5055.07
5055.07
6779.88
6779.88
668.60
668.60
17.71
17.71
2919.35
2919.35
1241.08
1241.08
3834.36
3834.36
51.59
51.59
7925.08
7925.08
4913.21
4913.21
5708.32
5708.32
20.59
20.59
20.72
20.72
2009.69
2009.69
297.02
297.02
4642.99
4642.99
5749.70
5749.70
437.33
437.33
803.88
803.88
803.88
6472.90
1427.25
1427.25
6746.08
6746.08
1048.58
1048.58
6420.81
6420.81
6420.81
2136.71
2136.71
8865.31
8865.31
3906.14
2121.78
2121.78
2121.78
5475.98
5475.98
7001.45
7001.45
1296.03
1296.03
6933.21
6933.21
1982.56
1982.56
2700.13
2700.13
8608.57
8608.57
49.20
49.20
5540.34
5540.34
2322.44
2322.44
3364.02
3364.02
2155.51
2155.51
4910.62
4910.62
8717.12
8717.12
1943.47
1943.47
3764.85
3764.85
6373.56
6373.56
7571.84
7571.84
3856.96
3856.96
56.94
56.94
6329.63
6329.63
6125.98
6125.98
5838.33
5838.33
106.86
106.86
762.19
762.19
1090.62
1090.62
7055.19
7055.19
4104.02
4104.02
3324.33
3324.33
3324.33
3324.33
5279.15
5279.15
54.00
54.00
20.21
20.21
4723.58
4723.58
1099.68
1099.68
3745.42
3745.42
2721.43
2721.43
10998.09
10998.09
6763.80
6763.80
2272.98
2272.98
5599.93
5599.93
8259.68
8259.68
8110.28
8110.28
23.44
23.44
1154.71
1154.71
1958.08
1958.08
6988.03
6988.03
7257.68
7257.68
18.61
18.61
2235.56
2235.56
4073.46
4073.46
6809.82
6809.82
2115.24
2115.24
2115.24
2115.24
769.49
769.49
9521.78
9521.78
8385.18
8385.18
1962.16
1962.16
52.33
52.33
23.04
23.04
8880.96
8880.96
7441.68
7441.68
7441.68
7441.68
18.73
18.73
20.48
20.48
1227.40
1227.40
1682.59
1682.59
1562.18
1562.18
1277.93
1277.93
1257.90
1257.90
1325.15
1325.15
671.20
671.20
1314.65
1314.65
1409.76
1409.76
1333.11
1333.11
1316.25
1316.25
1294.94
1294.94
1555.16
1555.16
1604.04
1604.04
1113.07
1113.07
2312.71
2312.71
53.03
53.03
1627.86
1627.86
2182.37
2182.37
447.90
447.90
26.90
26.90
1140.49
1140.49
1112.85
1112.85
1634.24
1634.24
163.22
163.22
19.51
19.51
1134.55
1134.55
2768.01
2768.01
1599.12
1599.12
1087.17
1087.17
3789.35
3789.35
4311.82
4311.82
2753.36
2753.36
5263.91
5263.91
4451.12
4451.12
2024.65
2024.65
4298.88
4298.88
4087.71
4087.71
24.44
24.44
1770.08
1770.08
13.83
13.83
923.96
923.96
6249.79
6249.79
6008.30
6008.30
1866.39
1866.39
1855.93
1855.93
3351.96
3351.96
7643.75
7643.75
3385.45
3385.45
382.80
382.80
339.62
339.62
3409.10
3409.10
7796.31
7796.31
7860.16
7860.16
2136.63
2136.63
2281.39
2281.39
5808.45
5808.45
3590.31
3590.31
53.74
53.74
2418.63
2418.63
1442.12
1442.12
4501.88
4501.88
7841.08
7841.08
4832.05
4832.05
17.54
17.54
5073.94
5073.94
1866.25
1866.25
17.77
17.77
5184.50
5184.50
4063.68
4063.68
6010.09
6010.09
6220.17
6220.17
2210.27
2210.27
5558.97
5558.97
3414.51
3414.51
725.42
725.42
436.36
436.36
5658.79
5658.79
198.67
198.67
3331.03
3331.03
6546.17
6546.17
2167.04
2167.04
1074.08
1074.08
25.82
25.82
845.94
845.94
9751.44
9751.44
7230.37
7230.37
2610.30
2610.30
10752.40
10752.40
4030.23
4030.23
6020.03
6020.03
8170.81
8170.81
24.64
24.64
6397.25
6397.25
4491.41
4491.41
1917.93
1917.93
5284.84
5284.84
3622.75
3622.75
6677.96
6677.96
6677.96
6677.96
30.31
30.31
2458.08
2458.08
2620.80
2620.80
4790.77
4790.77
15.04
15.04
322.66
322.66
4822.96
4822.96
1943.28
1943.28
2546.32
2546.32
1493.81
1493.81
176.82
176.82
4837.48
4837.48
3818.41
3818.41
1246.38
1246.38
6260.70
6260.70
5979.14
5979.14
4401.09
4401.09
2696.95
2696.95
6050.69
6050.69
1422.57
1422.57
4612.52
4612.52
3623.79
3623.79
2457.81
2457.81
3745.47
3745.47
1239.35
1239.35
3875.34
3875.34
4596.68
4596.68
3510.22
3510.22
4238.99
4238.99
5163.99
5163.99
3366.14
3366.14
3398.31
3398.31
31.57
31.57
2153.90
2153.90
3297.62
3297.62
3532.66
3532.66
51.85
51.85
2546.62
2546.62
229.34
229.34
2063.23
2063.23
3875.05
3875.05
649.39
649.39
2634.03
2634.03
2634.03
2634.03
1742.91
1742.91
1789.27
1789.27
2442.61
2442.61
185.31
185.31
3276.64
3276.64
2107.13
2107.13
3993.30
3993.30
4027.25
4027.25
972.60
972.60
5347.74
5347.74
1349.12
1349.12
4712.43
4712.43
1000.30
1000.30
2649.95
2649.95
2535.81
2535.81
1097.59
1097.59
5006.02
5006.02
5491.71
5491.71
5491.71
5491.71
2967.77
2967.77
245.12
245.12
3957.05
3957.05
3723.72
3723.72
6656.38
6656.38
6656.38
6656.38
6656.38
6656.38
3835.67
3835.67
5114.57
5114.57
1662.60
1662.60
1033.74
1033.74
2320.41
2320.41
2033.38
2033.38
2140.11
2140.11
1474.88
1474.88
4986.36
4986.36
2009.87
2009.87
3954.33
3954.33
5462.09
5462.09
5161.32
5161.32
1034.42
1034.42
1450.52
1450.52
6789.41
6789.41
2628.68
2628.68
6597.59
6597.59
4352.75
4352.75
48.65
48.65
3539.71
3539.71
1571.36
1571.36
15.59
15.59
2994.90
2994.90
5993.98
5993.98
2398.69
2398.69
268.48
268.48
2012.96
2012.96
188.15
188.15
5185.21
5185.21
2313.47
2313.47
9140.39
9140.39
2361.79
2361.79
7400.27
7400.27
14.80
14.80
25.76
25.76
763.84
763.84
4371.67
4371.67
1390.51
1390.51
6901.83
6901.83
21.98
21.98
6322.65
6322.65
8286.12
8286.12
4895.17
4895.17
2886.80
2886.80
9409.46
9409.46
9409.46
9409.46
2066.80
2066.80
50.52
50.52
9495.51
9495.51
8935.00
8935.00
8935.00
8935.00
8935.00
8935.00
366.36
366.36
366.36
6440.58
10376.83
10376.83
10376.83
