# 1Hz Kbps trace generated by import_real_world_traces.py
265.94
835.09
2601.69
34.75
34.75
805.57
805.57
2371.68
2371.68
2542.28
2542.28
2542.28
2542.28
2542.28
2542.28
2329.89
2329.89
2960.03
2960.03
24.94
24.94
1661.93
1661.93
699.51
699.51
478.50
478.50
10.70
10.70
24.16
24.16
1129.80
1129.80
1129.80
1129.80
1619.50
1619.50
11.24
11.24
54.39
54.39
26.97
26.97
11.41
11.41
78.21
78.21
1165.96
1165.96
508.91
508.91
22.73
22.73
1885.50
1885.50
1502.39
1502.39
21.63
21.63
54.40
54.40
180.53
180.53
1334.82
1334.82
51.35
51.35
61.12
61.12
626.30
626.30
689.61
689.61
921.58
921.58
14.06
14.06
45.55
45.55
15.42
15.42
71.42
71.42
1744.49
1744.49
1700.65
1700.65
14.30
14.30
2005.09
2005.09
1038.03
1038.03
2183.29
2183.29
677.24
677.24
2719.70
2719.70
15.27
15.27
2222.07
2222.07
2805.13
