# 1Hz Kbps trace generated by import_real_world_traces.py
1425.89
325.81
41.17
205.51
14.01
96.58
95.70
95.70
808.03
808.03
4652.41
4652.41
25.76
25.76
33.63
33.63
14.43
14.43
39.23
39.23
209.91
209.91
36.07
36.07
12.94
12.94
36.24
36.24
831.45
831.45
4417.91
4417.91
37.91
37.91
53.53
53.53
13.25
13.25
16.85
16.85
100.67
100.67
963.31
963.31
69.75
69.75
25.06
25.06
104.47
104.47
2222.36
2222.36
116.61
116.61
35.38
35.38
789.48
789.48
281.39
281.39
5344.02
5344.02
226.86
226.86
1156.75
1156.75
40.93
40.93
235.21
235.21
71.44
71.44
10.00
10.00
3129.99
3129.99
17.06
17.06
3639.20
3639.20
1847.13
1847.13
48.28
48.28
40.68
40.68
166.82
166.82
1168.24
1168.24
5608.10
5608.10
4686.19
4686.19
38.78
38.78
414.03
414.03
3260.85
3260.85
56.80
56.80
12.13
12.13
844.68
844.68
28.79
28.79
850.98
850.98
148.78
148.78
68.37
68.37
818.61
818.61
38.15
38.15
1109.11
1109.11
1299.02
1299.02
37.27
37.27
317.74
317.74
25.48
25.48
48.13
48.13
688.80
688.80
11.58
11.58
1093.96
1093.96
2614.37
2614.37
3821.66
3821.66
340.49
340.49
5993.02
5993.02
3581.40
3581.40
4154.64
4154.64
4261.17
4261.17
89.43
89.43
12.32
12.32
714.05
714.05
2641.13
2641.13
262.85
262.85
3732.39
3732.39
816.58
816.58
5286.81
5286.81
834.41
834.41
4280.52
4280.52
113.68
113.68
2551.70
2551.70
854.46
854.46
860.99
860.99
3766.71
3766.71
5218.05
5218.05
609.13
609.13
353.85
353.85
791.91
791.91
5034.25
5034.25
805.16
805.16
193.61
193.61
5382.40
5382.40
2791.24
2791.24
5097.10
5097.10
2312.19
2312.19
4080.94
4080.94
4080.94
56.00
765.85
765.85
2919.93
2919.93
5632.46
5632.46
52.83
52.83
837.37
837.37
4716.80
4716.80
5655.74
5655.74
4671.84
4671.84
5023.21
5023.21
5023.21
854.30
854.30
5198.36
5198.36
5692.09
6122.41
6122.41
4423.13
4423.13
5780.55
5780.55
791.61
791.61
811.57
811.57
811.57
687.44
687.44
2903.48
2903.48
4642.46
4642.46
1443.60
1443.60
852.74
852.74
912.25
912.25
5277.86
5277.86
1438.50
1438.50
5235.88
5235.88
1544.94
1544.94
6014.10
6014.10
6053.58
6053.58
5554.28
5554.28
4808.91
4808.91
5831.21
5831.21
1688.09
1688.09
2760.27
2760.27
3063.96
3063.96
6028.50
6028.50
3096.35
3096.35
5023.39
5023.39
815.43
815.43
5967.59
5967.59
819.75
819.75
2021.04
2021.04
5254.72
5254.72
2533.70
2533.70
2191.79
2191.79
2967.33
2967.33
5495.69
1906.32
1906.32
1906.32
3378.07
3378.07
70.31
70.31
208.47
208.47
3779.61
3779.61
824.99
824.99
5724.80
5724.80
2423.06
2423.06
5217.91
5217.91
1177.74
1177.74
1209.85
1209.85
1140.57
1140.57
231.15
231.15
12.43
12.43
2668.38
2668.38
5343.87
5343.87
3990.66
3990.66
5318.55
5318.55
4528.63
4528.63
2885.72
2885.72
5926.81
5926.81
3735.54
3735.54
2373.23
2373.23
4353.18
