# 1Hz Kbps trace generated by import_real_world_traces.py
4475.23
2690.86
4600.96
2655.19
2655.19
3056.83
3056.83
1816.30
1816.30
2129.91
2129.91
175.56
175.56
3456.43
3456.43
3032.07
3032.07
5084.09
5084.09
3821.01
3821.01
3201.58
3201.58
4142.08
4142.08
5568.46
5568.46
3886.96
3886.96
4629.70
4629.70
2664.74
2664.74
2837.36
2837.36
2345.32
2345.32
4742.29
4742.29
2223.81
2223.81
3211.24
3211.24
3282.38
3282.38
4714.98
4714.98
4483.48
4483.48
1897.13
1897.13
2345.53
2345.53
3149.98
3149.98
782.07
782.07
4063.92
4063.92
89.93
89.93
3279.30
3279.30
4496.53
4496.53
2323.96
2323.96
3167.50
3167.50
5023.09
5023.09
1203.72
1203.72
4105.39
4105.39
4552.63
4552.63
242.15
242.15
4854.60
4854.60
3237.42
3237.42
3416.18
3416.18
4154.59
4154.59
2546.14
2546.14
754.99
754.99
3087.11
3087.11
4674.67
4674.67
41.37
41.37
3544.81
3544.81
1248.16
1248.16
2857.82
2857.82
3253.85
3253.85
2864.21
2864.21
2665.01
2665.01
3197.33
3197.33
588.86
588.86
728.57
728.57
3706.57
3706.57
2114.74
2114.74
3980.92
3980.92
5005.41
5005.41
3446.85
3446.85
3574.40
3574.40
210.41
210.41
2977.86
2977.86
4075.35
4075.35
981.27
981.27
3822.38
3822.38
4690.97
4690.97
4136.32
4136.32
2256.57
2256.57
2445.95
2445.95
1148.24
1148.24
4980.45
4980.45
1984.17
1984.17
1303.96
1303.96
2895.57
2895.57
2882.51
2882.51
4222.62
4222.62
3584.16
3584.16
2330.40
2330.40
3192.84
3192.84
4750.74
4750.74
4550.49
4550.49
3463.29
3463.29
4690.28
4690.28
3478.14
3478.14
4685.71
4685.71
2599.55
2599.55
3570.07
3570.07
5418.97
5418.97
3223.21
3223.21
3041.94
3041.94
3735.09
3735.09
1218.71
1218.71
3902.72
3902.72
4081.44
4081.44
2038.46
2038.46
2931.58
2931.58
3467.43
3467.43
3747.11
3747.11
4397.07
4397.07
4951.53
4951.53
2268.62
2268.62
3383.04
3383.04
3049.59
3049.59
3760.57
3760.57
5318.73
5318.73
3597.62
3597.62
2772.37
2772.37
4402.54
4402.54
5428.60
5428.60
3460.99
3460.99
4422.18
4422.18
536.87
536.87
4320.44
4320.44
3791.76
3791.76
2459.36
2459.36
4776.62
4776.62
3355.89
3355.89
4345.34
4345.34
3628.89
3628.89
3505.05
3505.05
3787.47
3787.47
3353.53
3353.53
4722.36
4722.36
5340.51
5340.51
2745.36
2745.36
5276.18
5276.18
2557.79
2557.79
5942.54
5942.54
3308.25
3308.25
5490.24
5490.24
4716.90
4716.90
3421.11
3421.11
3955.97
3955.97
3192.86
3192.86
2796.12
2796.12
4210.72
4210.72
1648.90
1648.90
2608.39
2608.39
2489.86
2489.86
3632.84
3632.84
4830.36
4830.36
1936.56
1936.56
2159.90
2159.90
3679.32
3679.32
3681.39
3681.39
2816.23
2816.23
4827.46
4827.46
4111.50
4111.50
3063.10
3063.10
4020.45
4020.45
3308.33
3308.33
5676.06
5676.06
3535.86
3535.86
6303.44
6303.44
1596.55
1596.55
3777.58
3777.58
3462.00
3462.00
3818.95
3818.95
4253.24
4253.24
5494.36
5494.36
4900.55
4900.55
4814.90
4814.90
2910.03
2910.03
4016.64
4016.64
2520.27
2520.27
2742.69
2742.69
4064.06
4064.06
2986.43
2986.43
659.08
659.08
3093.64
3093.64
584.95
584.95
1685.36
1685.36
1504.73
1504.73
3266.28
3266.28
3002.33
3002.33
5502.05
5502.05
3102.36
3102.36
5160.14
5160.14
5866.91
5866.91
2860.13
2860.13
1385.44
