# 1Hz Kbps trace generated by import_real_world_traces.py
1470.38
2966.86
2966.86
18.07
18.07
2429.78
2429.78
5500.49
5500.49
10.74
10.74
6785.83
6785.83
6830.75
6830.75
73.95
73.95
6607.43
6607.43
6721.22
6721.22
6575.70
6575.70
434.81
434.81
5451.35
5451.35
6193.94
6193.94
1661.12
1661.12
3865.11
3865.11
3865.11
3865.11
1054.36
1054.36
6788.29
6788.29
2227.51
2227.51
547.37
547.37
10.00
10.00
6392.31
6392.31
1162.69
1162.69
825.32
825.32
22.34
22.34
22.34
2735.02
2265.84
2265.84
1561.00
1561.00
1091.19
1091.19
813.51
813.51
6406.91
6406.91
6822.22
6822.22
6822.22
6822.22
1182.67
1182.67
78.78
78.78
3027.41
3027.41
1454.39
1454.39
236.35
236.35
10.00
10.00
1321.90
1321.90
5082.43
5082.43
465.25
465.25
26.20
26.20
19.94
19.94
2738.96
2738.96
1069.83
1069.83
14.50
14.50
82.40
82.40
6597.37
6597.37
7052.51
7052.51
1098.51
1098.51
6911.24
6911.24
1186.88
1186.88
6873.32
6873.32
6201.03
6201.03
338.53
338.53
291.32
291.32
1079.24
1079.24
104.23
104.23
66.11
66.11
6350.59
6350.59
2704.99
2704.99
19.58
19.58
19.58
6849.32
3142.84
3142.84
652.07
652.07
1926.61
1926.61
601.17
601.17
3558.24
3558.24
4099.68
4099.68
2629.61
2629.61
6344.82
6344.82
38.88
38.88
29.16
29.16
1048.78
1048.78
720.33
720.33
1051.21
1051.21
1051.21
1165.34
1165.34
1961.74
1961.74
4467.56
4467.56
397.38
397.38
953.36
953.36
31.64
31.64
286.12
286.12
2896.56
2896.56
147.59
147.59
1168.12
1168.12
297.31
297.31
1077.58
1077.58
192.53
192.53
192.53
783.09
783.09
976.62
75.78
75.78
1988.56
1988.56
38.41
38.41
46.36
46.36
21.49
21.49
2481.37
2481.37
6201.91
6201.91
111.42
111.42
1091.05
1091.05
400.94
400.94
10.00
10.00
1676.99
1676.99
10.00
10.00
1088.18
1088.18
721.67
721.67
3064.28
3064.28
600.81
600.81
50.02
50.02
1042.93
1042.93
10.00
10.00
1102.60
1102.60
236.77
236.77
6625.48
6625.48
5614.28
5614.28
60.67
60.67
5505.53
5505.53
75.98
75.98
207.03
207.03
12.64
12.64
2965.63
2965.63
103.27
103.27
3339.77
3339.77
1068.47
1068.47
37.67
37.67
6616.65
6616.65
5181.28
5181.28
35.57
35.57
1023.58
1023.58
180.58
180.58
33.15
33.15
6117.19
6117.19
818.97
818.97
6947.24
6947.24
2117.36
2117.36
4635.84
4635.84
6777.66
6777.66
416.54
416.54
2746.75
2746.75
14.10
14.10
5898.88
5898.88
79.49
79.49
6125.86
6125.86
1038.33
1038.33
13.41
13.41
36.60
36.60
1287.27
1287.27
691.58
691.58
480.97
480.97
48.95
48.95
1894.90
1894.90
6143.84
6143.84
69.66
69.66
74.43
74.43
1086.07
1086.07
441.27
441.27
70.66
70.66
1680.18
1680.18
1732.40
1732.40
6790.03
6790.03
361.86
361.86
17.64
17.64
2669.72
2669.72
43.77
43.77
1072.11
1072.11
79.10
79.10
3292.95
3292.95
152.25
152.25
21.90
21.90
7215.21
7215.21
7215.21
4908.12
3873.81
3873.81
5589.96
5589.96
587.36
587.36
29.39
29.39
4571.98
4571.98
2375.86
2375.86
12.81
12.81
1072.33
1072.33
338.33
338.33
60.63
60.63
6142.67
6142.67
3143.25
3143.25
1067.26
1067.26
6173.36
6173.36
4832.44
4832.44
51.54
51.54
64.06
64.06
2022.57
2022.57
6248.25
6248.25
1077.68
1077.68
1096.66
1096.66
23.08
23.08
3777.10
3777.10
29.11
29.11
1072.90
1072.90
6889.99
6889.99
89.89
89.89
10.00
10.00
14.04
14.04
10.21
10.21
134.47
134.47
27.11
27.11
2445.75
2445.75
890.79
890.79
1354.76
1354.76
2767.50
2767.50
58.40
58.40
2267.80
2267.80
251.71
251.71
6712.30
6712.30
5851.32
5851.32
5587.46
5587.46
4956.44
4956.44
1053.10
1053.10
76.61
76.61
73.12
73.12
175.12
175.12
32.91
32.91
1068.73
1068.73
6677.34
6677.34
11.61
11.61
3416.63
3416.63
6835.53
6835.53
5526.97
5526.97
22.38
22.38
5389.43
5389.43
5970.97
5970.97
5030.79
5030.79
6115.66
6115.66
357.71
357.71
10.00
10.00
43.29
43.29
43.29
1087.54
1087.54
10.00
590.97
590.97
3223.00
3223.00
2651.63
2651.63
1007.65
1007.65
4952.74
4952.74
5924.13
5924.13
141.14
141.14
2464.80
2464.80
1080.93
1080.93
2776.94
2776.94
5802.76
5802.76
6281.14
6281.14
5139.24
5139.24
3230.37
3230.37
45.82
45.82
2367.41
2367.41
6506.94
6506.94
4146.28
4146.28
3984.44
3984.44
418.89
418.89
1031.43
1031.43
1574.86
1574.86
815.67
815.67
292.82
292.82
107.52
107.52
1080.78
1080.78
35.03
35.03
1458.12
1458.12
239.45
239.45
58.89
58.89
111.35
111.35
233.70
233.70
84.80
84.80
455.92
455.92
53.97
53.97
253.68
253.68
242.61
242.61
10.00
10.00
31.40
31.40
5627.41
5627.41
3610.35
3610.35
57.97
57.97
13.74
13.74
2353.03
2353.03
927.83
927.83
927.83
93.35
131.26
131.26
1013.23
1013.23
31.10
31.10
1041.12
1041.12
4300.04
4300.04
56.94
56.94
295.22
295.22
4481.92
4481.92
2828.53
2828.53
581.28
581.28
1078.39
1078.39
75.22
75.22
26.18
26.18
4217.26
4217.26
28.96
28.96
114.56
114.56
6385.12
6385.12
3148.75
3148.75
6475.33
6475.33
286.73
286.73
15.87
15.87
431.85
431.85
659.37
659.37
659.37
861.43
1466.84
1466.84
68.46
68.46
1149.07
1149.07
109.67
109.67
265.60
265.60
1082.98
1082.98
916.80
916.80
127.19
127.19
53.00
53.00
12.49
12.49
1626.55
1626.55
16.10
16.10
118.86
118.86
260.66
260.66
268.61
268.61
1042.61
1042.61
6531.04
6531.04
6531.04
6531.04
6531.04
6531.04
6531.04
90.38
