# 1Hz Kbps trace generated by import_real_world_traces.py
2580.76
4265.25
257.16
3160.80
3790.46
3790.46
2709.71
2709.71
3093.75
3093.75
415.81
415.81
2692.32
2692.32
4746.83
4746.83
442.58
442.58
5441.81
5441.81
2943.76
2943.76
792.69
792.69
3733.03
3733.03
3252.33
3252.33
38.58
38.58
56.18
56.18
3386.82
3386.82
4094.12
4094.12
673.45
673.45
3549.96
3549.96
107.62
107.62
2557.18
2557.18
3520.67
3520.67
1612.32
1612.32
65.86
65.86
1462.88
1462.88
238.67
238.67
2209.39
2209.39
35.88
35.88
950.88
950.88
936.03
936.03
2047.26
2047.26
850.50
850.50
2076.79
2076.79
2049.43
2049.43
611.45
611.45
2550.18
2550.18
86.28
86.28
126.98
126.98
126.98
345.39
67.38
67.38
596.38
596.38
1784.11
1784.11
1407.19
1407.19
2466.75
2466.75
62.01
62.01
1885.06
1885.06
733.78
733.78
3359.57
3359.57
3496.07
3496.07
1792.83
1792.83
1466.93
1466.93
10.00
10.00
10.00
321.95
2235.24
2235.24
110.83
110.83
1256.10
1256.10
1256.10
182.26
182.26
1574.01
1574.01
576.69
576.69
576.69
14.26
40.52
40.52
2314.24
2314.24
989.52
989.52
592.79
592.79
592.79
592.79
849.32
849.32
1699.16
1699.16
811.23
811.23
475.74
475.74
475.74
475.74
313.99
933.02
2324.49
2324.49
279.83
1346.73
461.41
461.41
634.43
634.43
1827.84
1827.84
1468.47
1468.47
1437.70
1437.70
694.74
694.74
1907.25
1907.25
2677.22
2677.22
2570.10
2570.10
1720.92
1720.92
586.07
586.07
1469.02
1469.02
1469.02
1604.13
1604.13
797.75
945.31
945.31
2074.11
2074.11
1549.75
1549.75
1910.86
1910.86
1962.40
1962.40
1128.12
1128.12
1944.81
1944.81
2550.89
2550.89
1437.85
1437.85
1776.43
1776.43
1971.95
1971.95
1325.93
1325.93
2129.79
2129.79
258.77
258.77
2754.34
2754.34
534.72
534.72
913.30
913.30
3435.93
3435.93
2067.01
2067.01
664.07
664.07
1452.75
1452.75
1619.59
1619.59
1851.46
1851.46
1457.14
