# 1Hz Kbps trace generated by import_real_world_traces.py
3184.33
2252.86
2367.19
1755.57
1755.57
400.48
400.48
1593.27
1593.27
1870.33
1870.33
743.19
743.19
1267.88
1267.88
58.55
58.55
58.55
64.86
336.65
336.65
457.48
457.48
547.09
547.09
567.60
567.60
922.77
922.77
669.89
669.89
1227.19
1227.19
1484.97
1484.97
1489.02
1489.02
668.74
668.74
1771.45
1771.45
1209.22
1209.22
1313.46
1313.46
83.23
83.23
696.05
696.05
371.63
371.63
434.81
434.81
142.42
142.42
70.21
70.21
34.34
34.34
1352.50
1352.50
1792.82
1792.82
244.92
244.92
185.96
185.96
1903.82
1903.82
417.45
417.45
697.85
697.85
34.06
34.06
697.87
697.87
2300.83
2300.83
3320.03
3320.03
3080.79
3080.79
3371.49
3371.49
18.18
18.18
728.58
728.58
349.31
349.31
501.38
501.38
2253.59
2253.59
2152.48
2152.48
2286.37
2286.37
989.20
989.20
146.42
146.42
1051.63
1051.63
621.81
621.81
412.72
412.72
365.64
365.64
426.05
426.05
84.51
84.51
2311.14
2311.14
2112.80
2112.80
2043.37
2043.37
58.27
58.27
1297.81
1297.81
3004.97
3004.97
603.03
603.03
2888.45
2888.45
432.94
432.94
3067.30
3067.30
2563.32
2563.32
2594.36
2594.36
2888.70
2888.70
115.31
115.31
3304.12
3304.12
3609.71
3609.71
560.43
560.43
699.30
699.30
161.29
161.29
84.96
84.96
172.32
172.32
793.83
793.83
3142.60
3142.60
53.10
53.10
1061.47
1061.47
641.12
641.12
734.70
734.70
2043.62
2043.62
640.98
640.98
1288.84
1288.84
293.76
293.76
3028.91
3028.91
203.25
203.25
242.37
242.37
767.79
767.79
2988.20
2988.20
101.79
101.79
241.74
241.74
786.12
786.12
1958.43
1958.43
283.03
283.03
229.60
229.60
155.60
155.60
740.37
740.37
740.37
2785.95
344.69
344.69
404.19
404.19
404.19
1893.50
749.27
749.27
749.27
3291.98
809.24
809.24
809.24
687.51
1905.81
1905.81
2993.03
2993.03
2373.01
2373.01
17.18
17.18
2889.26
2889.26
1736.46
1736.46
142.65
142.65
459.87
459.87
459.87
2560.54
10.00
10.00
775.47
775.47
775.47
229.10
2591.25
2591.25
1240.39
1240.39
692.50
692.50
189.71
189.71
2805.97
2805.97
34.62
34.62
2048.37
2048.37
179.56
179.56
179.56
692.41
282.39
282.39
18.68
18.68
2106.35
2106.35
782.70
782.70
1160.75
1160.75
1822.68
1822.68
146.65
146.65
1603.42
1603.42
1177.88
1177.88
2131.05
2131.05
2490.95
2490.95
2669.88
2669.88
3266.62
3266.62
708.61
708.61
2714.40
2714.40
2766.57
2766.57
2893.14
2893.14
3067.40
3067.40
18.05
18.05
18.05
2795.64
2817.35
2817.35
2903.21
2903.21
582.11
582.11
2970.80
2970.80
1914.30
1914.30
2869.87
2869.87
1523.64
1523.64
1523.64
307.14
307.14
83.48
83.48
83.48
541.34
237.14
978.91
978.91
544.91
544.91
659.05
659.05
659.05
323.47
1313.09
1313.09
1782.54
1782.54
392.67
392.67
1213.14
1213.14
1213.14
28.40
1944.34
1944.34
477.48
477.48
2378.61
2378.61
2092.21
2092.21
2092.21
521.84
2193.43
2193.43
672.29
672.29
2620.51
2620.51
2267.64
2267.64
2267.64
3455.43
2946.06
2946.06
2984.41
2984.41
3303.51
3303.51
522.17
522.17
1112.78
1112.78
248.32
248.32
2950.51
2950.51
2480.51
2480.51
1015.02
1015.02
2457.91
2457.91
945.83
945.83
668.00
668.00
668.00
3728.66
2748.66
2748.66
393.59
393.59
188.00
188.00
346.81
346.81
217.03
217.03
2231.96
2231.96
1069.15
1069.15
842.70
842.70
842.70
831.50
1047.52
1047.52
1023.53
1023.53
2922.29
2922.29
1196.97
1196.97
2536.28
2536.28
2327.66
2327.66
2327.66
1116.79
1116.79
1231.73
1231.73
622.12
755.92
755.92
755.92
881.21
135.31
135.31
135.31
880.98
1571.05
1571.05
1571.05
902.08
1417.61
1417.61
2209.83
2209.83
2209.83
1098.17
1098.17
2019.29
2019.29
2116.34
2116.34
2116.34
2636.36
2636.36
2636.36
2405.50
2405.50
2273.01
2273.01
2980.22
2980.22
465.80
465.80
2534.88
2534.88
2325.46
2325.46
2213.80
2213.80
2907.17
2907.17
2907.17
2907.17
2857.63
2857.63
3396.66
3396.66
2573.20
2573.20
1553.31
1553.31
3092.86
3092.86
1473.38
1473.38
3141.08
3141.08
2720.02
2720.02
2303.29
2303.29
2315.55
2315.55
1355.70
1355.70
2062.29
2062.29
2129.82
2129.82
2712.12
2712.12
3052.69
3052.69
1873.35
1873.35
1663.04
1663.04
2820.88
2820.88
128.72
128.72
2768.46
2768.46
2916.15
2916.15
2315.65
2315.65
1198.09
1198.09
47.30
47.30
3096.60
3096.60
3118.46
3118.46
2698.11
2698.11
2698.11
2698.11
1009.93
1009.93
1529.50
1529.50
1823.51
1823.51
3167.92
3167.92
3021.59
3021.59
2189.45
2189.45
3024.07
3024.07
3686.12
3686.12
1767.27
1767.27
770.37
770.37
2888.57
2888.57
882.58
882.58
3913.74
3913.74
3913.74
3913.74
2663.55
2663.55
1778.28
1778.28
827.55
827.55
844.45
844.45
10.00
10.00
3447.21
3447.21
3738.95
3738.95
288.53
288.53
487.92
487.92
221.73
221.73
1966.45
1966.45
71.17
71.17
892.70
892.70
2079.63
2079.63
774.40
774.40
142.57
142.57
4419.58
4419.58
104.88
104.88
67.97
67.97
824.70
824.70
4363.40
4363.40
1965.73
1965.73
439.87
439.87
255.65
255.65
3453.74
3453.74
3604.70
3604.70
872.36
872.36
3182.11
3182.11
4077.69
4077.69
998.86
998.86
3349.52
3349.52
3527.07
3527.07
35.67
35.67
653.37
653.37
653.37
653.37
653.37
653.37
529.12
529.12
529.12
529.12
776.23
776.23
776.23
776.23
776.23
776.23
1513.04
1513.04
4032.54
4032.54
3229.20
3229.20
3246.32
3246.32
665.40
665.40
3538.23
3538.23
4466.63
4466.63
3168.36
3168.36
3617.55
3617.55
2844.51
2844.51
1700.46
1700.46
425.41
425.41
2297.03
2297.03
2247.84
2247.84
677.48
677.48
3054.64
3054.64
3054.64
3054.64
1578.71
1578.71
1578.71
1578.71
523.28
523.28
2833.59
2833.59
2268.19
2268.19
4001.63
4001.63
690.71
690.71
423.97
423.97
1713.86
1713.86
873.02
873.02
1328.68
1328.68
3391.43
3391.43
1863.91
1863.91
820.78
820.78
4232.38
4232.38
3512.96
3512.96
3913.02
3913.02
3264.63
3264.63
2092.22
2092.22
718.04
718.04
2956.99
2956.99
3506.16
3506.16
2724.16
2724.16
1897.58
1897.58
53.13
53.13
127.62
127.62
788.24
788.24
334.30
334.30
2022.90
2022.90
3387.30
3387.30
3004.23
3004.23
653.05
653.05
3372.27
3372.27
3699.61
3699.61
302.18
302.18
3038.27
3038.27
904.07
904.07
3118.56
3118.56
2594.39
2594.39
1007.99
1007.99
2378.99
2378.99
2273.59
2273.59
178.60
178.60
595.78
595.78
1186.98
1186.98
973.78
973.78
492.04
492.04
2719.38
2719.38
3992.78
3992.78
343.15
343.15
1289.91
1289.91
3215.69
3215.69
2038.86
2038.86
2340.51
2340.51
1058.11
1058.11
2832.44
2832.44
4174.04
4174.04
3762.74
3762.74
4522.31
4522.31
1900.35
1900.35
4421.73
4421.73
3563.54
3563.54
3823.26
3823.26
3335.83
3335.83
3592.51
3592.51
3616.16
3616.16
3151.10
3151.10
842.33
842.33
4161.93
4161.93
4135.12
4135.12
2921.24
2921.24
3271.01
3271.01
3661.95
3661.95
3656.48
3656.48
1352.26
1352.26
4434.93
4434.93
2770.44
2770.44
3770.28
3770.28
4151.74
4151.74
2684.85
2684.85
2999.66
2999.66
2704.53
2704.53
3138.81
3138.81
3662.76
3662.76
3702.74
3702.74
2656.43
2656.43
2146.26
2146.26
3237.17
3237.17
1807.27
1807.27
3491.66
3491.66
3085.93
3085.93
2935.92
2935.92
2935.92
2935.92
2657.47
2657.47
3810.87
3810.87
3744.77
3744.77
1470.09
1470.09
3125.60
3125.60
3609.85
3609.85
3579.68
3579.68
3483.77
3483.77
1706.00
1706.00
3557.54
3557.54
3285.99
3285.99
1909.43
1909.43
2526.88
2526.88
3459.06
3459.06
4021.15
4021.15
3543.66
3543.66
4484.92
4484.92
3639.90
3639.90
2815.31
2815.31
2972.74
2972.74
2890.85
2890.85
2879.05
2879.05
1954.41
1954.41
1600.19
1600.19
672.36
672.36
3320.55
3320.55
1594.26
1594.26
3896.34
3896.34
3937.91
3937.91
3417.91
3417.91
4120.21
4120.21
3981.37
3981.37
3981.37
3981.37
1775.10
1775.10
2735.83
2735.83
1968.76
1968.76
1968.76
567.05
3015.50
3015.50
3015.50
3015.50
3015.50
3015.50
3496.51
3496.51
2856.26
2856.26
824.61
824.61
881.61
881.61
1976.18
1976.18
2303.97
2303.97
1471.90
1471.90
3190.63
3190.63
152.91
152.91
1792.95
1792.95
3194.13
3194.13
1747.47
1747.47
2815.22
2815.22
3321.17
3321.17
2852.28
2852.28
883.46
883.46
1948.48
1948.48
3267.76
3267.76
3267.76
3267.76
3267.76
3267.76
2525.37
