# 1Hz Kbps trace generated by import_real_world_traces.py
3212.85
3870.23
319.64
4784.16
4784.16
4506.51
4506.51
4535.51
4535.51
1407.04
1407.04
4409.54
4409.54
4720.30
4720.30
4534.78
4534.78
37.39
37.39
4447.76
4447.76
4575.66
4575.66
22.02
22.02
17.93
17.93
4275.87
4275.87
4605.82
4605.82
4549.61
4549.61
4782.37
4782.37
4615.64
4615.64
1904.94
1904.94
893.84
893.84
179.02
179.02
877.64
877.64
4763.28
4763.28
4634.61
4634.61
19.20
19.20
4686.08
4686.08
4827.65
4827.65
4679.53
4679.53
4701.45
4701.45
4871.89
4871.89
4783.39
4783.39
4677.15
4677.15
5155.52
5155.52
4763.57
4763.57
3384.31
3384.31
4414.91
4414.91
18.72
18.72
4663.34
4663.34
939.28
939.28
4787.14
4787.14
4787.14
4787.14
4540.38
4540.38
4941.82
4941.82
4932.59
4932.59
4683.82
4683.82
4597.18
4597.18
4991.29
4991.29
4704.36
4704.36
4614.92
4614.92
2995.47
2995.47
874.57
874.57
4529.09
4529.09
3298.28
3298.28
624.50
624.50
189.72
189.72
901.37
901.37
93.10
93.10
913.60
913.60
42.05
42.05
3766.49
3766.49
4314.27
4314.27
4480.43
4480.43
1018.98
1018.98
1055.72
1055.72
4845.38
4845.38
192.53
192.53
671.00
671.00
912.17
912.17
4568.23
4568.23
4795.61
4795.61
293.54
293.54
74.84
74.84
18.66
18.66
4699.86
4699.86
885.60
885.60
47.08
47.08
861.20
861.20
18.94
18.94
4851.27
4851.27
4449.34
4449.34
3858.86
3858.86
4433.46
4433.46
5162.92
5162.92
4538.08
4538.08
1444.00
1444.00
21.98
21.98
4741.85
4741.85
4426.39
4426.39
916.48
916.48
3459.09
3459.09
4322.61
4322.61
39.88
39.88
1411.64
1411.64
4504.26
4504.26
5072.46
5072.46
4893.31
4893.31
4639.02
4639.02
4845.77
4845.77
3565.30
3565.30
4533.08
4533.08
4649.23
4649.23
4533.87
4533.87
4745.62
4745.62
4768.59
4768.59
4332.56
4332.56
878.83
878.83
4604.13
4604.13
4500.05
4500.05
227.89
227.89
2410.58
2410.58
871.31
871.31
1852.23
1852.23
4649.72
4649.72
254.88
254.88
4731.46
4731.46
531.83
531.83
34.56
34.56
918.83
918.83
68.54
68.54
27.96
27.96
4524.33
4524.33
4392.16
4392.16
4962.25
4962.25
4588.65
4588.65
858.56
858.56
434.60
434.60
1683.44
1683.44
4490.16
4490.16
4016.14
4016.14
4242.21
4242.21
912.43
912.43
2569.99
2569.99
4431.76
4431.76
943.09
943.09
708.48
708.48
3642.81
3642.81
1852.88
1852.88
4556.47
4556.47
4495.45
4495.45
186.38
186.38
2291.61
2291.61
877.31
877.31
218.06
218.06
3472.52
3472.52
40.31
40.31
29.83
29.83
895.45
895.45
499.66
499.66
892.25
892.25
11.68
11.68
111.93
111.93
18.79
18.79
76.86
76.86
855.12
855.12
4578.11
4578.11
317.93
317.93
3572.58
3572.58
4688.75
4688.75
4562.04
4562.04
4575.90
4575.90
4309.22
4309.22
4491.60
4491.60
3553.06
3553.06
4499.63
4499.63
2903.33
2903.33
4852.07
4852.07
3761.66
3761.66
4302.40
4302.40
4688.15
4688.15
3874.12
3874.12
3498.05
3498.05
881.37
881.37
4727.19
4727.19
4730.52
4730.52
4609.19
4609.19
4436.47
4436.47
4700.76
4700.76
4708.94
4708.94
4619.81
4619.81
4402.18
4402.18
4659.30
4659.30
4300.36
4300.36
4657.92
4657.92
4689.59
4689.59
4385.63
4385.63
4198.43
4198.43
4308.57
4308.57
935.81
935.81
4579.27
4579.27
4509.31
4509.31
251.03
251.03
2919.55
2919.55
4664.17
4664.17
4664.17
4593.82
4593.82
1212.72
1212.72
4404.37
4404.37
4642.37
2758.00
2758.00
659.38
659.38
659.38
18.25
18.25
319.55
319.55
911.99
911.99
162.74
4406.72
4406.72
4406.72
4557.83
4557.83
4483.30
4483.30
2805.88
2805.88
579.17
579.17
4325.20
4325.20
10.00
10.00
4601.11
4601.11
33.02
33.02
4740.75
4740.75
4326.71
4326.71
4349.54
4669.69
4669.69
4669.69
4184.08
4184.08
4299.14
4299.14
897.81
897.81
14.28
14.28
2845.78
2845.78
36.73
36.73
4438.69
4438.69
44.67
44.67
4654.53
4654.53
2362.85
2362.85
11.73
3110.35
3110.35
3110.35
4809.75
4809.75
69.45
69.45
4608.12
4608.12
3300.69
3300.69
23.97
23.97
149.75
149.75
4892.77
4892.77
4841.99
4841.99
4185.84
4185.84
4673.40
4673.40
65.17
896.26
896.26
896.26
219.91
219.91
189.71
189.71
892.57
892.57
43.79
43.79
4457.54
4457.54
4540.10
4540.10
4632.39
4632.39
4674.49
4674.49
25.47
25.47
5037.21
5037.21
4355.33
4355.33
4457.22
4457.22
5071.23
5071.23
4878.66
4878.66
4878.66
4878.66
4878.66
4878.66
4924.14
4924.14
23.29
23.29
4918.23
4918.23
4437.02
4437.02
58.68
58.68
914.89
914.89
4063.07
4063.07
4439.62
4439.62
5216.85
5216.85
4613.88
4613.88
1797.94
1797.94
4796.07
4796.07
4447.58
4447.58
4692.76
4692.76
4752.14
4752.14
4466.94
4466.94
4301.20
4301.20
4584.59
4584.59
5233.46
5233.46
5047.38
5047.38
4514.81
4514.81
4498.88
4498.88
3441.16
3441.16
4632.86
4632.86
918.62
918.62
4860.64
4860.64
4994.82
4994.82
5097.13
5097.13
4959.76
4959.76
4771.33
4771.33
4473.91
4473.91
895.47
895.47
2423.58
2423.58
4933.61
4933.61
4703.41
4703.41
4703.41
4703.41
4703.41
4703.41
4782.31
4782.31
4621.76
4621.76
965.61
965.61
4955.87
4955.87
4840.01
4840.01
4594.03
4594.03
4638.49
4638.49
4638.49
4638.49
4638.49
4638.49
4638.49
4638.49
4638.49
4638.49
4638.49
4638.49
4638.49
4638.49
4638.49
4638.49
4678.67
4678.67
2844.32
2844.32
1327.49
1327.49
3200.86
3200.86
4450.62
4450.62
4384.05
4384.05
2280.69
2280.69
4461.21
4461.21
4398.46
4398.46
913.44
913.44
4470.03
4470.03
4592.10
4592.10
4559.70
4559.70
4559.70
4559.70
4559.70
4559.70
4259.73
4259.73
3094.23
3094.23
4397.85
4397.85
1037.89
1037.89
4526.69
4526.69
4569.58
4569.58
4290.82
4290.82
4163.23
4163.23
4199.06
4199.06
20.61
20.61
4829.98
4829.98
4332.13
4332.13
4589.39
4589.39
4678.81
4678.81
420.79
420.79
4688.72
4688.72
370.93
370.93
850.55
850.55
2478.00
2478.00
4586.21
4586.21
4564.17
4564.17
4690.67
4690.67
4460.92
4460.92
4718.89
4718.89
3851.95
3851.95
23.06
23.06
10.36
10.36
603.58
603.58
3209.43
3209.43
1276.17
1276.17
4055.28
4055.28
4566.20
4566.20
4710.29
4710.29
379.75
379.75
4687.59
4687.59
1160.70
1160.70
4634.46
4634.46
883.32
883.32
2991.80
2991.80
1820.03
1820.03
1159.27
1159.27
1070.05
1070.05
35.39
35.39
615.52
615.52
109.16
109.16
405.89
405.89
1028.19
1028.19
900.27
900.27
125.23
125.23
875.46
875.46
173.92
173.92
186.74
186.74
111.78
111.78
73.13
73.13
34.96
34.96
75.52
75.52
93.50
93.50
4616.09
4616.09
23.11
23.11
913.12
913.12
3189.01
3189.01
2179.42
2179.42
26.04
26.04
35.22
35.22
23.60
23.60
2002.34
2002.34
898.74
898.74
4403.65
4403.65
4442.45
4442.45
52.21
52.21
2474.16
2474.16
922.77
922.77
254.33
254.33
10.00
10.00
123.58
123.58
49.86
49.86
159.60
159.60
4699.43
4699.43
875.36
875.36
246.70
246.70
4680.85
4680.85
922.66
922.66
239.06
239.06
901.12
901.12
160.33
160.33
2093.64
2093.64
200.34
200.34
4647.74
4647.74
2785.52
2785.52
4299.91
4299.91
1376.36
1376.36
183.08
183.08
4455.35
4455.35
74.72
74.72
29.13
29.13
68.13
68.13
4576.36
4576.36
4491.90
4491.90
4708.25
4708.25
30.11
30.11
4383.73
4383.73
320.44
320.44
930.11
930.11
3006.68
3006.68
3540.46
3540.46
4486.75
4486.75
20.83
20.83
4677.88
4677.88
1645.43
1645.43
896.52
896.52
427.16
427.16
4849.64
4849.64
780.29
780.29
4564.43
4564.43
1013.26
1013.26
4428.91
4428.91
4404.59
4404.59
30.78
30.78
313.66
313.66
4755.21
4755.21
4728.25
4728.25
56.19
56.19
696.56
696.56
3077.59
3077.59
4531.54
4531.54
26.15
26.15
4492.49
4492.49
2120.84
2120.84
874.77
874.77
4617.94
4617.94
2562.97
2562.97
19.36
19.36
4656.31
4656.31
2321.72
2321.72
4665.64
4665.64
4691.64
4691.64
70.76
70.76
707.41
707.41
4335.30
4335.30
4628.97
4628.97
1968.00
1968.00
251.79
251.79
2594.73
2594.73
4792.76
4792.76
5028.26
5028.26
4636.36
4636.36
4525.35
4525.35
4552.59
4552.59
623.48
623.48
4649.82
4649.82
4176.20
4176.20
131.19
131.19
4644.59
4644.59
4643.52
4643.52
3098.83
3098.83
4600.00
4600.00
38.44
38.44
4473.77
4473.77
672.80
672.80
3546.22
3546.22
4356.16
4356.16
55.83
55.83
4538.18
4538.18
651.30
651.30
4737.06
4737.06
479.72
479.72
1040.47
1040.47
18.73
18.73
1162.42
1162.42
4481.23
4481.23
4571.20
4571.20
4962.93
4962.93
33.50
33.50
4899.38
4899.38
4773.72
4773.72
4532.63
4532.63
4400.02
4400.02
4585.77
4585.77
5045.75
5045.75
4585.37
4585.37
4667.19
4667.19
4916.09
4916.09
4910.20
4910.20
34.70
34.70
4730.10
4730.10
2762.75
2762.75
4394.45
4394.45
4511.77
4511.77
48.75
48.75
2987.07
2987.07
4388.54
4388.54
4676.95
4676.95
4457.64
4457.64
4531.46
4531.46
4530.00
4530.00
4531.39
4531.39
4625.62
4625.62
4643.65
4643.65
5063.93
5063.93
4674.31
4674.31
5028.24
5028.24
4902.62
4902.62
27.34
27.34
917.37
917.37
4701.88
4701.88
4836.58
4836.58
1083.67
1083.67
3624.43
3624.43
4602.67
4602.67
4797.69
4797.69
2323.36
2323.36
4609.69
4609.69
4471.64
4471.64
4749.69
4749.69
4562.46
4562.46
4618.08
4618.08
4435.39
4435.39
5040.59
5040.59
4428.19
4428.19
4932.12
4932.12
11.71
11.71
4798.98
4798.98
31.82
31.82
4346.22
4346.22
4917.29
4917.29
4664.12
4664.12
4686.11
4686.11
5068.94
5068.94
4748.35
4748.35
4942.22
4942.22
4181.16
4181.16
4633.86
4633.86
4699.69
4699.69
628.75
628.75
4430.95
4430.95
4799.78
4799.78
1294.30
1294.30
4329.22
4329.22
208.71
208.71
92.61
92.61
33.45
33.45
3711.84
3711.84
4418.08
4418.08
4810.69
4810.69
4364.25
4364.25
4582.14
4582.14
4388.93
4388.93
4717.29
4717.29
4717.29
4437.60
4626.76
4626.76
4545.27
4545.27
57.42
57.42
4256.27
4256.27
4762.06
4762.06
4571.35
4571.35
31.97
31.97
4484.49
4484.49
4284.53
4284.53
897.68
897.68
4249.04
4249.04
4668.40
4668.40
5231.35
5231.35
4621.10
4621.10
5191.86
5191.86
22.61
22.61
4603.61
4603.61
4603.61
4603.61
4603.61
4603.61
4722.34
4722.34
4548.85
4548.85
4315.66
4315.66
3984.46
3984.46
3984.46
3984.46
3984.46
3984.46
3984.46
3984.46
4593.45
4593.45
4505.94
4505.94
899.10
899.10
4736.24
4736.24
1982.66
1982.66
4637.24
4637.24
4301.13
4301.13
872.60
872.60
27.01
27.01
878.79
878.79
10.00
10.00
4040.67
4040.67
856.27
856.27
1658.74
1658.74
1676.54
1676.54
168.26
168.26
4800.47
4800.47
55.31
55.31
43.82
43.82
4697.32
4697.32
41.33
41.33
1899.94
1899.94
1899.94
1899.94
4766.25
4766.25
4614.14
4614.14
4365.68
4365.68
4674.08
4674.08
4674.08
4674.08
4336.45
4336.45
4336.45
4336.45
2334.60
2334.60
2908.22
2908.22
10.00
10.00
4665.88
4665.88
4383.64
4383.64
4981.64
4981.64
752.74
752.74
4963.27
4963.27
2668.07
2668.07
4829.49
4829.49
4600.23
4600.23
4307.96
4307.96
4900.72
4900.72
4532.48
4532.48
4368.74
4368.74
4903.43
4903.43
4903.43
4903.43
4508.10
4508.10
4770.45
4770.45
36.61
36.61
916.08
916.08
4739.31
4739.31
5002.79
5002.79
1659.43
1659.43
2182.39
2182.39
34.68
34.68
54.74
54.74
871.33
871.33
4245.45
4245.45
95.20
95.20
83.68
83.68
1771.60
1771.60
20.91
20.91
11.23
11.23
4713.11
4713.11
299.73
299.73
211.79
211.79
18.63
18.63
1346.70
1346.70
4727.05
4727.05
69.16
69.16
205.93
205.93
193.15
193.15
184.54
184.54
900.81
900.81
111.84
111.84
200.59
200.59
4534.61
4534.61
206.09
206.09
18.73
18.73
24.76
24.76
880.68
880.68
10.00
10.00
93.72
93.72
20.81
20.81
499.53
499.53
894.43
894.43
764.29
764.29
4563.67
4563.67
1226.11
1226.11
1004.74
1004.74
18.21
18.21
25.29
25.29
4765.78
4765.78
1531.35
1531.35
33.44
33.44
313.51
313.51
440.22
440.22
910.85
910.85
910.85
4572.52
4572.52
18.02
18.02
530.74
530.74
56.32
56.32
36.47
36.47
188.29
73.00
73.00
73.00
4442.85
4442.85
4622.39
4622.39
3190.51
3190.51
4514.24
4514.24
4223.15
4223.15
4475.84
4548.58
4548.58
4548.58
4449.00
4449.00
4913.36
4913.36
863.26
863.26
4465.16
4465.16
4438.60
4438.60
4880.76
4880.76
4752.87
4752.87
4462.38
4462.38
81.05
81.05
4663.70
4663.70
4924.17
28.74
28.74
28.74
2200.02
2200.02
4512.58
4512.58
4737.78
4737.78
4715.78
4715.78
4636.03
4636.03
4206.60
4206.60
4780.57
4780.57
4384.06
4384.06
4339.41
4339.41
4574.60
4574.60
4699.72
4680.95
4680.95
4680.95
4534.65
4534.65
525.18
525.18
4458.97
4458.97
4612.80
4612.80
4563.09
4563.09
4566.98
4566.98
4925.33
4925.33
4762.26
4762.26
4509.57
4509.57
4904.03
4904.03
4472.18
4472.18
4461.34
4461.34
4446.82
4446.82
4362.89
4362.89
4735.94
4735.94
4165.21
4165.21
4682.53
4682.53
4211.36
4211.36
4461.82
4461.82
4599.80
4599.80
45.05
45.05
1063.26
1063.26
23.17
23.17
4721.88
4721.88
3392.36
3392.36
4785.62
4785.62
4859.67
4859.67
211.61
211.61
4483.42
4483.42
1981.58
1981.58
513.87
513.87
153.39
153.39
1009.31
1009.31
915.07
915.07
42.02
42.02
4822.83
4822.83
4250.81
4250.81
4804.04
4804.04
5095.11
5095.11
4400.03
4400.03
4906.52
4906.52
4531.13
4531.13
24.54
24.54
4588.27
4588.27
4872.69
4872.69
4626.80
4626.80
4630.68
4630.68
4353.91
4353.91
33.06
33.06
4576.19
4576.19
4694.85
4694.85
5493.53
5493.53
4631.19
4631.19
60.20
60.20
14.59
14.59
4735.03
4735.03
45.70
45.70
4083.96
4083.96
4841.90
4841.90
4991.57
4991.57
5064.69
5064.69
4255.21
4255.21
4901.73
4901.73
4654.66
4654.66
4765.37
4765.37
4550.89
4550.89
4478.62
4478.62
4919.82
4919.82
4705.40
4705.40
879.67
879.67
33.77
33.77
914.86
914.86
115.63
115.63
4247.77
4247.77
4399.43
4399.43
4624.52
4624.52
4530.72
4530.72
4620.29
4620.29
4620.29
4620.29
4620.29
4620.29
5001.37
5001.37
4690.37
4690.37
4487.81
4487.81
4233.41
4233.41
4339.95
4339.95
4339.95
4339.95
4935.72
4935.72
5109.64
5109.64
899.69
899.69
2544.07
2544.07
4980.95
4980.95
4980.95
4980.95
4792.64
4792.64
1627.11
1627.11
2703.68
2703.68
2284.32
2284.32
3084.61
3084.61
4030.42
4030.42
4030.42
4030.42
5285.71
5285.71
2319.21
2319.21
889.60
889.60
4290.42
4290.42
82.13
82.13
4590.41
4590.41
166.91
166.91
101.69
101.69
1449.84
1449.84
4698.86
4698.86
4623.79
4623.79
47.05
47.05
399.72
399.72
13.78
13.78
776.44
776.44
913.94
913.94
2094.45
2094.45
4364.63
4364.63
4520.35
4520.35
4613.42
4613.42
885.69
885.69
2643.74
2643.74
1565.67
1565.67
4154.09
4154.09
4101.12
4101.12
4163.37
4163.37
3753.73
3753.73
20.55
20.55
41.46
41.46
3612.52
3612.52
827.26
827.26
3178.17
3178.17
868.47
868.47
3131.90
3131.90
2271.81
2271.81
3814.71
3814.71
4425.12
4425.12
4641.48
4641.48
34.14
34.14
4277.76
4277.76
3086.38
3086.38
336.70
336.70
4946.55
4946.55
4946.55
4946.55
27.55
27.55
147.60
147.60
236.06
236.06
187.50
187.50
93.32
93.32
10.28
10.28
356.34
356.34
10.00
10.00
4624.75
4624.75
2634.10
2634.10
18.68
18.68
83.64
83.64
3672.95
3672.95
307.49
307.49
414.05
414.05
229.56
229.56
26.55
26.55
18.94
18.94
205.41
205.41
4753.16
4753.16
4343.29
4343.29
1956.40
1956.40
4636.27
4636.27
2551.61
2551.61
877.23
877.23
57.58
57.58
37.51
37.51
1625.23
1625.23
130.78
130.78
880.01
880.01
152.56
152.56
62.23
62.23
225.52
225.52
103.69
103.69
268.87
268.87
249.04
249.04
10.00
10.00
114.41
114.41
226.95
226.95
3910.70
3910.70
826.48
826.48
896.91
896.91
4312.77
4312.77
923.51
923.51
775.16
775.16
807.97
807.97
735.98
735.98
4231.43
4231.43
4592.45
4592.45
657.88
657.88
3601.58
3601.58
12.01
12.01
56.30
56.30
258.22
258.22
357.29
357.29
915.28
915.28
460.30
460.30
25.14
25.14
339.62
339.62
31.26
31.26
10.17
10.17
35.59
35.59
223.95
223.95
1003.62
1003.62
2674.85
2674.85
61.12
61.12
1420.42
1420.42
21.52
21.52
4810.54
4810.54
4620.16
4620.16
4246.65
4246.65
34.90
34.90
979.87
979.87
1391.32
1391.32
316.48
316.48
1515.66
1515.66
2215.74
2215.74
282.09
282.09
863.24
863.24
33.11
33.11
21.45
21.45
5058.40
5058.40
28.80
28.80
379.70
379.70
140.90
140.90
29.33
29.33
30.12
30.12
56.61
56.61
3883.89
3883.89
924.93
924.93
1235.12
1235.12
4513.98
4513.98
4139.84
4139.84
4809.09
4809.09
2792.38
2792.38
1182.81
1182.81
39.61
39.61
2919.24
2919.24
1262.14
1262.14
764.85
764.85
4638.05
4638.05
4659.88
4659.88
4679.96
4679.96
895.19
895.19
4405.25
4405.25
10.00
10.00
3504.39
3504.39
79.63
79.63
4269.05
4269.05
4849.66
4849.66
3959.08
3959.08
4159.70
4159.70
3101.50
3101.50
10.00
10.00
4929.81
4929.81
18.03
18.03
32.40
32.40
10.00
10.00
206.78
206.78
40.11
40.11
876.72
876.72
3268.58
3268.58
63.05
63.05
1766.87
1766.87
50.89
50.89
14.04
14.04
217.78
217.78
910.49
910.49
843.96
843.96
832.00
832.00
192.18
192.18
109.33
109.33
4209.86
4209.86
215.00
215.00
2278.36
2278.36
19.02
19.02
1172.29
1172.29
903.46
903.46
93.12
93.12
891.35
891.35
2008.73
2008.73
279.97
279.97
380.24
380.24
148.94
148.94
927.87
927.87
134.47
134.47
2081.78
2081.78
4885.34
4885.34
143.42
143.42
1153.45
1153.45
512.58
512.58
27.11
27.11
645.07
645.07
225.84
225.84
45.72
45.72
15.69
15.69
892.95
892.95
4543.15
4543.15
99.28
99.28
56.04
56.04
2970.17
2970.17
1925.05
1925.05
2305.37
2305.37
23.15
23.15
74.77
74.77
168.31
168.31
229.98
229.98
2406.21
2406.21
882.86
882.86
456.20
456.20
336.26
336.26
19.60
19.60
12.39
12.39
18.81
18.81
64.03
64.03
875.94
875.94
343.92
343.92
588.71
588.71
427.43
427.43
4721.05
4721.05
916.44
916.44
403.51
403.51
592.93
592.93
4293.11
4293.11
102.56
102.56
4382.28
4382.28
4945.93
4945.93
31.52
31.52
16.06
16.06
205.67
205.67
109.14
109.14
266.82
266.82
41.05
41.05
509.38
509.38
42.30
42.30
4467.20
4467.20
4488.20
4488.20
4029.87
4029.87
61.95
61.95
41.42
41.42
667.53
667.53
4604.50
4604.50
910.63
910.63
74.71
74.71
915.57
915.57
112.22
112.22
62.18
62.18
286.30
286.30
4645.47
4645.47
4423.85
4423.85
1048.03
1048.03
4716.29
4716.29
112.02
112.02
121.71
121.71
18.79
18.79
261.08
261.08
893.23
893.23
4324.47
4324.47
1385.31
1385.31
2659.96
2659.96
3192.49
3192.49
4277.94
4277.94
4389.96
4389.96
4515.05
4515.05
4918.70
4918.70
2721.42
2721.42
4138.24
4138.24
4492.86
4492.86
3299.23
3299.23
4783.09
4783.09
4066.44
4066.44
2640.88
2640.88
3050.43
3050.43
4460.01
4460.01
4472.91
4472.91
862.37
862.37
4570.23
4570.23
2494.47
2494.47
2865.01
2865.01
5034.32
5034.32
3137.50
3137.50
32.42
32.42
2051.23
2051.23
2047.62
2047.62
4095.94
4095.94
19.05
19.05
93.20
93.20
1252.44
1252.44
803.90
803.90
1705.17
1705.17
432.53
432.53
2490.72
2490.72
18.43
18.43
35.96
35.96
914.43
914.43
1007.88
1007.88
3550.03
3550.03
1365.76
1365.76
2171.19
2171.19
4520.47
4520.47
29.60
29.60
2006.44
2006.44
809.32
809.32
533.58
533.58
905.00
905.00
260.15
260.15
10.00
10.00
247.88
247.88
160.72
160.72
1239.52
1239.52
4780.10
4780.10
17.10
17.10
194.04
194.04
16.22
16.22
67.53
67.53
90.97
90.97
208.70
208.70
144.92
144.92
1918.70
1918.70
21.67
21.67
143.91
143.91
4504.20
4504.20
27.94
27.94
875.53
875.53
4169.63
4169.63
4513.53
4513.53
86.24
86.24
2056.32
2056.32
4778.17
4778.17
172.45
172.45
27.08
27.08
98.05
98.05
162.89
162.89
729.81
729.81
504.41
504.41
20.31
20.31
41.86
41.86
4403.06
4403.06
64.50
64.50
261.49
261.49
39.77
39.77
484.35
484.35
484.35
10.00
887.69
887.69
1104.69
1104.69
4642.05
4642.05
3691.93
3691.93
934.96
934.96
1039.34
1039.34
291.91
291.91
2795.40
2795.40
1086.73
1086.73
109.93
109.93
1055.58
1055.58
893.86
893.86
3750.67
3750.67
1993.64
1993.64
868.29
868.29
4333.84
4333.84
4333.84
4261.30
4740.88
4740.88
4884.69
4884.69
4884.69
4691.16
4691.16
4732.27
4732.27
4338.39
4338.39
4622.25
4622.25
4836.46
4836.46
4637.95
4637.95
1041.90
1041.90
4441.04
4441.04
4900.28
4900.28
4320.03
4320.03
4661.76
4502.92
4502.92
4502.92
4325.53
4325.53
4839.59
4839.59
4829.88
4829.88
579.84
579.84
872.20
872.20
5014.02
5014.02
784.73
784.73
1286.17
1286.17
4610.27
4610.27
892.02
892.02
5439.31
4345.01
4345.01
4345.01
1114.10
1114.10
4714.58
4714.58
897.73
897.73
1348.89
1348.89
4631.45
4631.45
31.28
31.28
4127.67
4127.67
4986.40
4986.40
4732.70
4732.70
4481.40
4481.40
4451.37
4546.80
4546.80
4546.80
4258.11
4258.11
4967.89
4967.89
1719.69
1719.69
1719.69
1719.69
2606.94
2606.94
4722.57
4722.57
4128.42
4128.42
4275.63
4275.63
10.00
10.00
910.22
910.22
4085.08
4085.08
902.09
902.09
4579.79
4579.79
4398.91
4398.91
4779.39
4779.39
4452.16
4452.16
4601.59
4601.59
4480.52
4480.52
1027.71
1027.71
4541.44
4541.44
4616.22
4616.22
4810.01
4810.01
25.39
25.39
850.05
850.05
4377.79
4377.79
4461.62
4461.62
4902.89
4902.89
4902.89
4902.89
1770.54
1770.54
4586.36
4586.36
35.29
35.29
10.70
10.70
4841.15
4841.15
4286.26
4286.26
4510.03
4510.03
4566.16
4566.16
4355.48
4355.48
4616.26
4616.26
4214.76
4214.76
3966.37
3966.37
40.42
40.42
1052.46
1052.46
4528.90
4528.90
4709.82
4709.82
21.47
21.47
4935.54
4935.54
191.19
191.19
916.90
916.90
377.49
377.49
130.32
130.32
1939.98
1939.98
3124.18
3124.18
878.01
878.01
4628.68
4628.68
4149.32
4149.32
4403.12
4403.12
4426.74
4426.74
871.24
871.24
236.99
236.99
50.67
50.67
10.00
10.00
186.50
186.50
608.37
608.37
487.52
487.52
882.64
882.64
4623.18
4623.18
57.01
57.01
1239.61
1239.61
74.62
74.62
894.80
894.80
177.10
177.10
918.69
918.69
239.52
239.52
330.43
330.43
11.51
11.51
235.48
235.48
4371.50
4371.50
4677.14
4677.14
4553.13
4553.13
17.46
17.46
125.18
125.18
2036.18
2036.18
93.32
93.32
917.69
917.69
1189.82
1189.82
12.84
12.84
909.94
909.94
3477.27
3477.27
912.33
912.33
514.62
514.62
42.96
42.96
12.83
12.83
59.39
59.39
31.51
31.51
1291.61
1291.61
4660.10
4660.10
1272.75
1272.75
41.67
41.67
3468.75
3468.75
4385.70
4385.70
27.77
27.77
4237.09
4237.09
4613.55
4613.55
22.07
22.07
425.61
425.61
41.03
41.03
37.32
37.32
61.60
61.60
2265.52
2265.52
4498.14
4498.14
888.88
888.88
4891.65
4891.65
2300.27
2300.27
356.22
356.22
29.52
29.52
485.80
485.80
11.62
11.62
896.73
896.73
2837.74
2837.74
877.30
877.30
274.39
274.39
1725.55
1725.55
4408.83
4408.83
4654.68
4654.68
29.01
29.01
39.24
39.24
2334.11
2334.11
300.14
300.14
4753.70
4753.70
2101.01
2101.01
10.00
10.00
1360.67
1360.67
38.00
38.00
4446.38
4446.38
35.14
35.14
267.08
267.08
12.23
12.23
297.54
297.54
14.55
14.55
259.11
259.11
11.19
11.19
11.73
11.73
23.46
23.46
4469.50
4469.50
290.28
290.28
21.91
21.91
600.92
600.92
130.72
130.72
1027.87
1027.87
93.62
93.62
150.90
150.90
93.42
93.42
74.68
74.68
897.42
897.42
3698.40
3698.40
914.52
914.52
13.10
13.10
4804.57
4804.57
4922.09
4922.09
28.52
28.52
38.46
38.46
4241.83
4241.83
4764.31
4764.31
23.76
23.76
10.00
10.00
881.07
881.07
4500.23
4500.23
4835.07
4835.07
11.61
11.61
509.48
509.48
437.20
437.20
672.26
672.26
4734.85
4734.85
4762.09
4762.09
4707.58
4707.58
4854.92
4854.92
10.00
10.00
4598.18
4598.18
4703.77
4703.77
5013.31
5013.31
4809.88
4809.88
4498.89
4498.89
4498.89
4498.89
30.84
30.84
917.66
917.66
4870.18
4870.18
93.51
93.51
28.96
28.96
79.52
79.52
4393.17
4393.17
4634.70
4634.70
4560.99
4560.99
73.06
73.06
2670.19
2670.19
2428.38
2428.38
258.74
258.74
550.04
550.04
119.05
119.05
111.95
111.95
3733.06
3733.06
131.79
131.79
4811.88
4811.88
4811.88
4811.88
17.23
17.23
4674.58
4674.58
4456.55
4456.55
4291.61
4291.61
74.40
74.40
4409.90
4409.90
4458.36
4458.36
891.18
891.18
4363.13
4363.13
4417.91
4417.91
4817.12
4817.12
4726.15
4726.15
885.85
885.85
23.46
23.46
22.93
22.93
4782.21
4782.21
10.00
10.00
875.70
875.70
5340.52
5340.52
4476.24
4476.24
4476.24
4476.24
4348.73
4348.73
1030.53
1030.53
4543.20
4543.20
4840.82
4840.82
23.06
23.06
4740.09
4740.09
4689.32
4689.32
2918.96
2918.96
4181.62
4181.62
1494.39
1494.39
898.01
898.01
4866.98
4866.98
37.42
37.42
4799.82
4799.82
4399.97
4399.97
890.80
890.80
4727.68
4727.68
2004.92
2004.92
94.09
94.09
623.26
623.26
898.31
898.31
453.63
453.63
902.23
902.23
116.24
116.24
3637.05
3637.05
18.76
18.76
569.95
569.95
54.91
54.91
346.69
346.69
573.20
573.20
254.45
254.45
383.38
383.38
854.70
854.70
3766.66
3766.66
4430.14
4430.14
4707.86
4707.86
4947.15
4947.15
30.01
30.01
4350.10
4350.10
897.38
897.38
801.59
801.59
428.34
428.34
4305.83
4305.83
29.88
29.88
885.50
885.50
2620.83
2620.83
1595.65
1595.65
513.48
513.48
1302.36
1302.36
11.73
11.73
58.80
58.80
36.92
36.92
93.31
93.31
4408.17
4408.17
4484.64
4484.64
14.00
14.00
4355.04
4355.04
150.14
150.14
865.74
865.74
4867.01
4867.01
126.80
126.80
10.00
10.00
113.13
113.13
885.71
885.71
363.91
363.91
92.78
92.78
21.18
21.18
1634.44
1634.44
875.36
875.36
10.00
10.00
35.88
35.88
227.50
227.50
172.86
172.86
2434.55
2434.55
725.01
725.01
815.52
815.52
3674.96
3674.96
3918.43
3918.43
2042.83
2042.83
2596.99
2596.99
896.89
896.89
36.38
36.38
873.62
873.62
564.88
564.88
274.68
274.68
413.09
413.09
43.01
43.01
887.29
887.29
300.56
300.56
2489.77
2489.77
40.33
40.33
4359.49
4359.49
902.77
902.77
583.91
583.91
23.00
23.00
1674.91
1674.91
10.00
10.00
393.99
393.99
1863.86
1863.86
880.53
880.53
4605.91
4605.91
1917.71
1917.71
216.93
216.93
2351.72
2351.72
1037.68
1037.68
80.26
80.26
13.39
13.39
4022.14
4022.14
228.23
228.23
1397.90
1397.90
14.86
14.86
10.10
10.10
541.20
541.20
13.90
13.90
746.12
746.12
3509.27
3509.27
1126.25
1126.25
89.08
89.08
17.02
17.02
109.56
109.56
232.30
232.30
336.09
336.09
37.75
37.75
33.19
33.19
144.50
144.50
298.73
298.73
595.94
595.94
564.01
564.01
881.03
881.03
4243.56
4243.56
897.18
897.18
4505.98
4505.98
3928.70
3928.70
37.44
37.44
3018.88
3018.88
877.47
877.47
149.54
149.54
19.01
19.01
18.94
18.94
150.17
150.17
1031.72
1031.72
1365.61
1365.61
4519.07
4519.07
25.59
25.59
516.59
516.59
318.84
318.84
37.91
37.91
53.20
53.20
75.39
75.39
159.15
159.15
1104.90
1104.90
171.73
171.73
3681.39
3681.39
1133.94
1133.94
4511.82
4511.82
4319.42
4319.42
1011.83
1011.83
4480.41
4480.41
4601.15
4601.15
27.30
27.30
92.55
92.55
725.68
725.68
297.81
297.81
371.02
371.02
18.84
18.84
10.00
10.00
902.83
902.83
4523.96
4523.96
4741.53
4741.53
426.08
426.08
56.47
56.47
2352.48
2352.48
4449.59
4449.59
79.38
79.38
117.26
117.26
231.83
231.83
12.58
12.58
144.97
144.97
21.84
21.84
126.34
126.34
123.95
123.95
2569.16
2569.16
520.65
520.65
74.90
74.90
4658.25
4658.25
4715.37
4715.37
2258.59
2258.59
3960.40
3960.40
45.65
45.65
25.50
25.50
904.07
904.07
1877.15
1877.15
703.12
703.12
1315.26
1315.26
243.94
243.94
442.14
442.14
48.56
48.56
15.76
15.76
1072.04
1072.04
30.56
30.56
1655.35
1655.35
25.48
25.48
24.25
24.25
419.56
419.56
417.03
417.03
293.69
293.69
18.64
18.64
896.99
896.99
3230.46
3230.46
4892.86
4892.86
4699.23
4699.23
4709.27
4709.27
14.45
14.45
2164.81
2164.81
852.19
852.19
615.22
615.22
82.59
82.59
320.88
320.88
601.25
601.25
875.74
875.74
168.39
168.39
4360.78
4360.78
41.55
41.55
11.21
11.21
18.69
18.69
186.61
186.61
898.99
898.99
1971.06
1971.06
18.67
18.67
150.21
150.21
4482.72
4482.72
4334.81
4334.81
41.94
41.94
2424.91
2424.91
4775.05
4775.05
4775.05
4775.05
4775.05
4608.69
4435.31
4435.31
4691.01
4691.01
4691.01
4522.85
4522.85
4862.43
4862.43
4366.14
4366.14
215.78
215.78
4626.50
4626.50
788.81
4659.97
4659.97
4659.97
4354.55
4354.55
3415.38
3415.38
18.32
18.32
47.13
47.13
921.04
921.04
1018.30
1018.30
4472.59
4472.59
4472.59
4472.59
4616.91
4616.91
3831.18
3831.18
4300.94
4710.60
4710.60
4710.60
4952.14
4952.14
3848.79
3848.79
3848.79
3848.79
4779.86
4779.86
28.27
28.27
4164.65
4164.65
4500.89
4500.89
4497.46
4497.46
4755.99
4755.99
4569.94
4569.94
1684.53
915.31
915.31
915.31
1629.13
1629.13
158.15
158.15
5045.62
5045.62
3631.62
3631.62
24.81
24.81
4121.99
4121.99
5210.18
5210.18
18.44
18.44
5178.78
5178.78
4388.14
4388.14
4570.55
4438.82
4438.82
4438.82
4872.64
4872.64
4388.61
4388.61
1979.59
1979.59
54.96
54.96
4479.88
4479.88
62.66
62.66
11.79
11.79
1656.00
1656.00
4069.78
4069.78
4610.09
4610.09
4472.81
4472.81
4697.62
4697.62
5299.62
5299.62
4325.02
4325.02
918.65
918.65
5250.63
5250.63
4899.27
4899.27
5119.03
5119.03
2549.84
2549.84
4255.55
4255.55
5271.12
5271.12
5271.12
5271.12
23.94
23.94
2530.44
2530.44
4399.96
4399.96
13.49
13.49
4598.96
4598.96
4698.60
4698.60
10.00
10.00
4562.95
4562.95
4680.36
4680.36
3491.52
3491.52
154.25
154.25
782.39
782.39
173.29
173.29
711.93
711.93
214.51
214.51
112.19
112.19
4802.28
4802.28
2218.59
2218.59
4305.53
4305.53
4416.56
4416.56
4804.57
4804.57
338.95
338.95
35.72
35.72
1319.18
1319.18
4363.35
4363.35
4795.65
4795.65
4275.57
4275.57
221.25
221.25
4535.42
4535.42
4582.81
4582.81
2186.06
2186.06
582.82
582.82
1010.88
1010.88
24.02
24.02
562.10
562.10
79.72
79.72
362.68
362.68
895.38
895.38
56.47
56.47
189.00
189.00
10.00
10.00
61.47
61.47
56.83
56.83
136.90
136.90
4029.52
4029.52
1247.80
1247.80
663.00
663.00
914.87
914.87
194.31
194.31
30.00
30.00
206.73
206.73
42.17
42.17
149.65
149.65
1025.87
1025.87
10.00
10.00
10.00
10.00
74.84
74.84
94.08
94.08
334.09
334.09
62.99
62.99
436.28
436.28
4316.40
4316.40
4450.77
4450.77
19.87
19.87
459.16
459.16
107.59
107.59
21.45
21.45
169.07
169.07
921.95
921.95
170.39
170.39
45.30
45.30
18.77
18.77
423.22
423.22
15.19
15.19
406.07
406.07
283.14
283.14
254.93
254.93
475.75
475.75
881.61
881.61
83.59
83.59
4503.47
4503.47
4978.78
4978.78
4445.51
4445.51
4139.27
4139.27
144.99
144.99
106.66
106.66
340.00
340.00
12.08
12.08
2654.44
2654.44
392.39
392.39
938.57
938.57
53.91
53.91
912.30
912.30
2215.25
2215.25
543.87
543.87
11.80
11.80
37.03
37.03
35.36
35.36
633.11
633.11
4376.72
4376.72
4591.57
4591.57
1856.75
1856.75
4545.42
4545.42
18.94
18.94
876.26
876.26
974.75
974.75
549.75
549.75
186.60
186.60
18.85
18.85
13.29
13.29
137.07
137.07
2101.87
2101.87
5061.90
5061.90
24.73
24.73
2740.60
2740.60
1257.30
1257.30
47.64
47.64
11.79
11.79
168.68
168.68
4154.01
4154.01
114.89
114.89
3854.26
3854.26
1211.72
1211.72
4084.10
4084.10
3949.97
3949.97
43.00
43.00
1024.35
1024.35
206.82
206.82
897.70
897.70
1119.76
1119.76
114.78
114.78
836.37
836.37
4596.67
4596.67
917.23
917.23
128.79
128.79
4662.20
4662.20
18.88
18.88
4677.68
4677.68
4448.71
4448.71
4883.28
4883.28
937.43
937.43
4559.13
4559.13
4431.26
4431.26
709.27
709.27
4616.90
4616.90
4935.63
4935.63
4699.78
4699.78
23.05
23.05
11.53
11.53
4557.20
4557.20
2825.23
2825.23
2282.15
2282.15
914.81
914.81
43.65
43.65
713.73
713.73
397.01
397.01
90.03
90.03
2665.84
2665.84
58.64
58.64
20.79
20.79
3256.67
3256.67
159.41
159.41
28.50
28.50
273.85
273.85
18.94
18.94
97.85
97.85
283.16
283.16
14.66
14.66
190.74
190.74
885.48
885.48
25.63
25.63
13.14
13.14
397.84
397.84
131.49
131.49
18.70
18.70
774.47
774.47
916.60
916.60
14.78
14.78
4645.76
4645.76
4667.37
4667.37
48.08
48.08
884.74
884.74
4010.58
4010.58
4523.23
4523.23
25.73
25.73
57.56
57.56
917.94
917.94
59.02
59.02
1901.31
1901.31
4718.86
4718.86
22.52
22.52
4660.81
4660.81
4534.03
4534.03
4472.18
4472.18
4594.30
4594.30
22.86
22.86
4397.93
4397.93
34.02
34.02
20.73
20.73
4763.53
4763.53
4684.56
4684.56
2586.16
2586.16
4662.20
4662.20
4450.73
4450.73
703.81
703.81
4614.01
4614.01
3249.65
3249.65
4018.91
4018.91
4385.28
4385.28
1573.57
1573.57
18.71
18.71
18.71
2413.47
4351.87
4351.87
4535.39
4535.39
4478.78
4478.78
723.32
723.32
4571.50
4571.50
4690.49
4690.49
4505.99
4505.99
37.48
37.48
4609.28
4609.28
4574.72
4574.72
4199.49
4199.49
4544.31
4544.31
4420.00
4420.00
2039.08
2039.08
3720.77
3720.77
1844.24
1844.24
1062.65
1062.65
4429.89
4429.89
4715.69
4715.69
4638.44
4638.44
2669.71
2669.71
4405.72
4405.72
877.59
877.59
4714.93
4714.93
4615.02
4615.02
4383.41
4383.41
4443.38
4443.38
3175.62
3175.62
4415.98
4415.98
882.03
882.03
5045.62
5045.62
4604.18
4604.18
2592.97
2592.97
336.49
336.49
880.67
880.67
39.79
39.79
4334.52
4334.52
905.32
905.32
43.48
43.48
168.82
168.82
130.82
130.82
74.55
74.55
1618.96
1618.96
43.36
43.36
2887.63
2887.63
2117.07
2117.07
4530.42
4530.42
2451.96
2451.96
4836.41
4836.41
180.46
180.46
4524.25
4524.25
2335.62
2335.62
689.49
689.49
874.76
874.76
2552.42
2552.42
393.68
393.68
300.33
300.33
199.69
199.69
11.21
11.21
11.28
11.28
915.32
915.32
4591.82
4591.82
4768.80
4768.80
4620.65
4620.65
374.88
374.88
2995.13
2995.13
584.02
584.02
854.42
854.42
421.67
421.67
237.21
237.21
917.17
917.17
2827.45
2827.45
921.13
921.13
17.96
17.96
150.22
150.22
335.44
335.44
15.87
15.87
917.15
917.15
92.64
92.64
3546.60
3546.60
459.38
459.38
522.92
522.92
18.76
18.76
74.72
74.72
899.00
899.00
670.96
670.96
407.63
407.63
112.67
112.67
51.10
51.10
915.76
915.76
160.86
160.86
4199.72
4199.72
4823.70
4823.70
5069.00
5069.00
4373.76
4373.76
3434.91
3434.91
4056.41
4056.41
43.50
43.50
5049.54
5049.54
4494.36
4494.36
522.46
522.46
4241.98
4241.98
24.35
24.35
4553.90
4553.90
4592.98
4592.98
4833.56
4833.56
4833.56
4833.56
4833.56
4833.56
4917.26
4917.26
2511.13
2511.13
4503.87
4503.87
5070.91
5070.91
4284.18
4284.18
917.03
917.03
23.07
23.07
4664.04
4664.04
1432.02
1432.02
4402.21
4402.21
4558.19
4558.19
4374.35
4374.35
812.56
812.56
197.58
197.58
37.64
37.64
66.01
66.01
33.05
33.05
16.21
16.21
70.84
70.84
901.40
901.40
4274.31
4274.31
4274.31
4274.31
4622.25
4622.25
4604.27
4604.27
4672.80
4672.80
3091.83
3091.83
4459.08
4459.08
4272.15
4272.15
31.70
31.70
4981.35
4981.35
4465.31
4465.31
4528.77
4528.77
4390.39
4390.39
5078.66
5078.66
916.78
916.78
4370.59
4370.59
4370.59
4370.59
4370.59
4370.59
4370.59
4370.59
4370.59
4370.59
5038.00
5038.00
5154.07
5154.07
5051.96
5051.96
5051.96
5051.96
44.23
44.23
4612.37
4612.37
18.73
18.73
4604.64
4604.64
4641.23
4641.23
4641.23
4641.23
4641.23
4641.23
4967.77
4967.77
4967.77
4967.77
4860.43
4860.43
4448.90
4448.90
4871.27
4871.27
5044.20
5044.20
5439.12
5439.12
5439.12
5439.12
5439.12
5439.12
4050.66
4050.66
4705.71
4705.71
4374.09
4374.09
4253.14
4253.14
4100.98
4100.98
898.84
898.84
4518.07
4518.07
1025.42
1025.42
4129.92
4129.92
4569.66
4569.66
4044.12
4044.12
1731.04
1731.04
22.33
22.33
132.79
132.79
42.17
42.17
18.62
18.62
1108.41
1108.41
1612.10
1612.10
333.92
333.92
869.42
869.42
26.96
26.96
29.03
29.03
728.38
728.38
3559.76
3559.76
928.38
928.38
45.02
45.02
148.77
148.77
1644.84
1644.84
4651.12
4651.12
4467.02
4467.02
44.84
44.84
4478.27
4478.27
76.80
76.80
844.48
844.48
642.57
642.57
12.45
12.45
31.77
31.77
74.68
74.68
25.58
25.58
225.20
225.20
1449.12
1449.12
1473.71
1473.71
205.84
205.84
4591.95
4591.95
4375.48
4375.48
4135.07
4135.07
4549.70
4549.70
54.11
54.11
877.48
877.48
877.48
187.29
514.05
514.05
23.57
23.57
23.57
10.00
10.00
202.07
1457.52
1457.52
1457.52
879.40
3605.74
3605.74
3605.74
251.43
251.43
93.36
93.36
10.00
10.00
935.38
935.38
68.28
68.28
10.00
10.00
141.92
141.92
90.40
90.40
1026.81
1026.81
3638.97
18.83
18.83
18.83
24.01
24.01
4036.77
4036.77
814.87
814.87
44.03
44.03
4454.00
4454.00
11.32
4619.77
4619.77
4619.77
61.78
61.78
373.30
373.30
74.64
74.64
628.26
628.26
58.49
58.49
12.65
12.65
76.39
76.39
1988.71
1988.71
782.83
782.83
2323.72
2323.72
53.26
4175.98
4175.98
4175.98
4430.76
4430.76
4528.04
4528.04
874.70
874.70
4493.95
4493.95
1747.75
1747.75
4719.53
4719.53
97.43
97.43
4476.79
4476.79
4707.23
4707.23
876.43
876.43
111.59
111.59
452.63
452.63
185.91
185.91
294.11
294.11
93.60
93.60
10.00
10.00
873.32
873.32
168.30
168.30
200.58
200.58
74.58
74.58
13.62
13.62
10.00
10.00
281.62
281.62
28.01
28.01
95.77
95.77
63.52
63.52
4473.16
4473.16
3869.09
3869.09
4744.33
4744.33
1067.77
1067.77
4370.69
4370.69
922.87
922.87
2072.88
2072.88
933.87
933.87
419.95
419.95
68.29
68.29
283.80
283.80
1043.45
1043.45
3214.04
3214.04
175.07
175.07
918.32
918.32
173.98
173.98
1823.62
1823.62
1595.16
1595.16
853.06
853.06
857.95
857.95
10.00
10.00
916.57
916.57
196.24
196.24
124.00
124.00
37.34
37.34
18.38
18.38
12.94
12.94
23.45
23.45
528.25
528.25
553.22
553.22
26.93
26.93
35.49
35.49
362.63
362.63
21.46
21.46
27.47
27.47
4757.69
4757.69
4521.28
4521.28
4335.01
4335.01
988.87
988.87
93.07
93.07
2359.65
2359.65
18.65
18.65
3081.46
3081.46
18.68
18.68
1819.47
1819.47
53.95
53.95
18.61
18.61
357.41
357.41
37.53
37.53
10.00
10.00
37.61
37.61
13.79
13.79
91.00
91.00
10.00
10.00
37.42
37.42
28.47
28.47
149.21
149.21
70.54
70.54
292.86
292.86
39.31
39.31
2389.34
2389.34
26.05
26.05
895.09
895.09
129.82
129.82
3068.95
3068.95
4358.88
4358.88
688.63
688.63
113.29
113.29
401.65
401.65
152.18
152.18
894.42
894.42
663.45
663.45
283.18
283.18
634.52
634.52
10.09
10.09
120.68
120.68
228.87
228.87
344.68
344.68
1408.13
1408.13
146.50
146.50
12.11
12.11
901.72
901.72
262.64
262.64
394.60
394.60
24.43
24.43
126.69
126.69
37.88
37.88
74.92
74.92
4219.16
4219.16
2689.04
2689.04
74.74
74.74
18.66
18.66
13.51
13.51
2797.93
2797.93
375.32
375.32
171.13
171.13
1008.39
1008.39
387.97
387.97
1380.26
1380.26
242.96
242.96
154.60
154.60
10.00
10.00
320.17
320.17
37.48
37.48
231.81
231.81
11.59
11.59
661.04
661.04
4241.29
4241.29
380.67
380.67
4627.55
4627.55
3908.16
3908.16
498.32
498.32
397.25
397.25
666.74
666.74
410.04
410.04
4396.97
4396.97
451.10
451.10
893.53
893.53
108.62
108.62
37.40
37.40
12.16
12.16
540.14
540.14
10.00
10.00
1032.50
1032.50
374.74
374.74
40.90
40.90
130.10
130.10
73.11
73.11
12.64
12.64
30.21
30.21
582.47
582.47
494.87
494.87
168.38
168.38
382.64
382.64
20.44
20.44
426.40
426.40
371.75
371.75
303.56
303.56
141.10
141.10
172.88
172.88
179.74
179.74
859.09
859.09
69.97
69.97
4541.82
4541.82
111.47
111.47
2262.99
2262.99
79.08
79.08
10.00
10.00
10.00
50.95
81.76
81.76
10.00
10.00
72.65
72.65
68.85
68.85
25.29
25.29
383.13
383.13
60.78
60.78
18.43
18.43
26.73
26.73
890.43
890.43
13.30
13.30
193.54
193.54
11.80
11.80
341.69
341.69
200.03
200.03
47.25
47.25
897.69
897.69
76.61
76.61
24.71
24.71
23.30
23.30
74.83
74.83
899.43
899.43
10.00
10.00
311.11
311.11
85.26
85.26
262.49
