# 1Hz Kbps trace generated by import_real_world_traces.py
1482.22
2452.81
2452.81
10.00
10.00
1350.37
10.00
4057.53
10.00
46.44
46.44
1210.35
2449.70
403.95
403.95
4011.79
4011.79
3560.46
3560.46
846.52
846.52
846.52
846.52
1821.57
1821.57
906.43
906.43
4039.20
4039.20
4559.88
4559.88
4559.88
3825.64
3825.64
3825.64
3825.64
3825.64
3825.64
3825.64
1041.98
1041.98
4121.33
4121.33
4121.33
4121.33
4121.33
1337.14
21.53
21.53
3953.08
3953.08
10.88
10.88
21.12
21.12
354.62
354.62
1003.06
1003.06
1003.06
10.00
10.00
10.00
695.78
1305.99
2429.27
2429.27
504.63
504.63
2503.93
2503.93
3010.68
3010.68
3641.50
3641.50
1277.32
1277.32
3566.74
3566.74
3937.13
3937.13
3937.13
3937.13
10.00
589.43
443.38
443.38
25.56
25.56
103.91
103.91
3246.17
3246.17
3967.07
3967.07
3967.07
3967.07
3862.58
3862.58
4412.71
4412.71
1009.89
1009.89
1471.65
1471.65
2774.59
2774.59
4423.77
4423.77
4423.77
10.00
1010.12
1010.12
4376.59
4376.59
430.14
430.14
1795.01
1795.01
4511.15
4511.15
3569.20
3569.20
1210.53
1210.53
571.95
571.95
3832.29
3832.29
830.80
830.80
2092.86
2092.86
3385.60
3385.60
33.28
33.28
807.58
807.58
3634.74
3634.74
4669.58
4669.58
2650.51
2650.51
1124.15
1124.15
377.29
377.29
1481.00
1481.00
1638.16
1638.16
2582.96
2582.96
3664.81
3664.81
749.12
749.12
1152.42
1152.42
1474.13
1474.13
1644.90
1644.90
1644.90
1644.90
2322.85
2322.85
2322.85
2322.85
2322.85
2322.85
2322.85
2322.85
2322.85
2322.85
2322.85
2322.85
2322.85
1299.43
52.17
52.17
118.99
118.99
118.99
118.99
10.00
10.00
1085.32
1085.32
1085.32
10.00
10.00
10.00
39.07
39.07
77.89
77.89
77.89
49.39
49.39
51.88
51.88
51.88
826.80
826.80
826.80
184.18
184.18
103.97
1167.90
1167.90
1167.90
431.11
431.11
377.41
83.86
83.86
83.86
83.86
83.86
2875.27
2875.27
2756.28
1157.42
1157.42
1157.42
1157.42
751.22
751.22
568.93
3072.81
921.90
921.90
921.90
156.40
880.87
786.77
3958.98
3958.98
3958.98
3958.98
10.00
1963.91
4029.83
89.96
10.00
10.00
10.00
23.73
23.73
603.46
603.46
19.92
19.92
19.92
19.92
1339.55
1339.55
2615.13
2615.13
316.77
316.77
26.09
3271.54
3500.75
3500.75
32.36
32.36
743.44
743.44
259.21
259.21
1271.72
1271.72
29.77
29.77
968.13
968.13
2084.19
2084.19
3131.71
3131.71
641.31
641.31
2134.73
2134.73
2936.35
2936.35
13.38
13.38
13.38
13.38
771.08
771.08
771.08
168.61
1468.73
1468.73
29.37
3647.46
3817.29
3817.29
339.88
339.88
1388.33
1388.33
156.07
156.07
274.71
274.71
274.71
26.82
26.82
612.00
16.00
16.00
16.00
16.00
19.57
13.91
13.91
13.91
25.19
25.19
25.19
36.03
3771.70
442.73
4814.95
4814.95
1274.59
1274.59
1274.59
1274.59
15.61
15.61
15.61
15.61
11.33
11.33
11.33
36.50
1845.33
1845.33
566.70
566.70
2756.87
3572.30
239.96
239.96
3897.55
3897.55
3897.55
1131.66
4577.45
4577.45
10.00
10.00
996.17
996.17
996.17
996.17
34.53
34.53
1061.42
1061.42
1061.42
2866.50
2866.50
1743.69
49.04
49.04
21.33
21.33
21.33
21.33
21.33
1384.16
1384.16
1384.16
1384.16
1212.33
1212.33
1529.17
3477.80
3477.80
3477.80
3477.80
10.00
3958.05
3899.03
138.34
2582.96
2582.96
2582.96
2582.96
317.72
317.72
25.82
477.62
477.62
477.62
10.91
10.91
26.20
3686.53
1417.15
1417.15
807.55
807.55
10.00
10.00
2742.24
2742.24
3240.48
3240.48
3767.61
3767.61
4189.05
4189.05
1017.93
1017.93
1912.90
1912.90
704.03
704.03
21.97
21.97
35.63
35.63
1947.30
1947.30
1947.30
2075.08
683.46
683.46
844.80
844.80
1709.94
1709.94
25.45
25.45
1045.14
1045.14
76.66
76.66
1553.30
1553.30
4067.78
4067.78
4067.78
4067.78
2033.56
20.53
20.53
73.30
73.30
73.30
10.00
10.00
10.00
1214.45
1214.45
1214.45
1214.45
10.00
612.56
612.56
154.18
154.18
154.18
154.18
154.18
1266.69
50.35
10.00
10.00
10.00
10.00
19.89
880.29
880.29
4323.31
4480.54
4480.54
1657.44
3436.57
313.89
50.18
50.18
3554.40
3554.40
3554.40
1961.31
3947.02
3947.02
3398.73
3398.73
1493.48
1493.48
1493.48
1493.48
1249.67
1249.67
3070.60
3070.60
985.11
985.11
3216.82
3216.82
2586.73
2586.73
3667.82
3667.82
990.39
990.39
3778.19
3778.19
3802.30
3802.30
974.60
974.60
20.02
20.02
3948.11
3948.11
3948.11
3948.11
649.34
649.34
4137.39
4137.39
2835.19
2835.19
1079.18
1079.18
3625.73
3625.73
3625.73
3625.73
725.44
725.44
10.00
10.00
771.90
771.90
29.22
29.22
621.10
621.10
72.18
72.18
21.10
21.10
1228.16
1228.16
2159.03
2159.03
3325.15
3325.15
3325.15
3325.15
3325.15
3325.15
11.65
11.65
13.34
13.34
2758.54
2758.54
345.50
345.50
2825.57
2825.57
3629.17
3629.17
394.49
394.49
910.25
910.25
2176.68
2176.68
3342.37
3342.37
2081.11
2081.11
10.00
10.00
3462.66
3462.66
976.45
976.45
3408.05
3408.05
780.37
780.37
3678.97
3678.97
3678.97
3678.97
3759.71
3759.71
542.40
542.40
26.58
26.58
4291.28
4291.28
31.42
31.42
510.93
510.93
510.93
754.10
3198.10
3198.10
404.02
404.02
404.02
404.02
3912.09
3912.09
10.00
10.00
45.97
45.97
45.97
295.08
170.45
170.45
1166.34
1166.34
1166.34
1468.91
1468.91
258.87
26.41
26.41
4594.51
4594.51
3959.35
3959.35
349.22
349.22
53.56
53.56
53.56
254.33
254.33
25.80
4602.30
4602.30
21.44
21.44
3711.36
3711.36
104.82
104.82
2673.66
2673.66
2673.66
2673.66
1213.56
1213.56
43.65
43.65
3888.49
3888.49
10.00
10.00
469.63
469.63
469.63
469.63
469.63
474.12
474.12
474.12
459.81
459.81
459.81
459.81
459.81
543.00
543.00
44.71
44.71
193.69
193.69
193.69
670.80
125.61
125.61
25.46
25.46
25.46
65.24
65.24
103.60
124.70
124.70
124.70
826.11
826.11
521.33
39.52
39.52
35.75
35.75
35.75
35.75
35.75
241.73
1140.36
312.83
312.83
679.07
679.07
884.21
409.19
1134.42
1134.42
1134.42
1134.42
473.39
2910.71
2910.71
2910.71
151.57
151.57
151.57
151.57
151.57
101.44
101.44
172.50
172.50
172.50
172.50
1564.33
2843.48
2843.48
706.72
706.72
706.72
596.37
596.37
235.06
50.07
50.07
50.07
50.07
50.07
50.07
107.53
107.53
824.14
824.14
579.01
579.01
1808.31
895.97
1480.38
2566.38
2566.38
293.62
293.62
1376.71
2100.91
1417.46
1058.83
1058.83
1058.83
1058.83
41.27
41.27
11.83
11.83
11.83
11.83
1831.47
1831.47
2829.25
2829.25
2829.25
2892.65
2892.65
13.06
2459.83
2459.83
3536.65
3536.65
3536.65
3536.65
1979.39
1979.39
2680.07
25.30
41.97
41.97
3406.22
3406.22
12.26
12.26
1347.54
1347.54
30.04
30.04
3312.34
3312.34
3312.34
3312.34
3312.34
26.12
75.64
75.64
75.64
75.64
124.53
124.53
124.53
124.53
1318.20
1318.20
1318.20
18.34
121.23
503.70
503.70
1093.77
1093.77
1093.77
1093.77
735.08
735.08
3217.71
3952.62
3952.62
346.79
625.77
3659.86
619.25
3103.03
3103.03
2905.45
2905.45
152.77
152.77
2202.16
2202.16
16.29
16.29
16.29
16.29
16.29
270.60
1120.17
1020.98
1020.98
1020.98
225.30
225.30
2464.57
24.94
24.94
46.26
46.26
46.26
46.26
1596.16
2153.25
2153.25
3091.45
3091.45
774.63
774.63
3160.34
3160.34
3128.74
3128.74
3128.74
853.82
1313.11
1313.11
1329.31
1329.31
1329.31
896.30
2887.42
2887.42
1999.60
1999.60
22.75
22.75
22.75
432.37
432.37
10.00
10.00
10.00
10.00
10.00
225.73
225.73
1430.13
14.81
1870.96
1870.96
1870.96
377.15
377.15
3450.05
3033.61
3033.61
607.93
607.93
607.93
1740.15
2671.77
2671.77
2655.26
2655.26
2541.75
2541.75
3203.64
3203.64
463.62
463.62
571.69
571.69
907.59
907.59
2742.97
2742.97
3139.72
3139.72
1044.88
1044.88
1044.88
2050.39
2553.54
2553.54
2975.19
2975.19
2537.98
2537.98
2537.98
2701.15
2197.68
2197.68
974.11
974.11
974.11
10.00
2591.03
2591.03
10.00
10.00
2993.74
2993.74
2993.74
264.61
264.61
458.65
458.65
1675.80
2265.93
2265.93
2265.93
2107.03
12.20
12.20
948.19
948.19
948.19
948.19
2787.04
2787.04
3497.03
3497.03
742.25
742.25
742.25
4297.85
10.00
10.00
2114.07
2114.07
3487.06
3487.06
1661.93
1661.93
10.00
10.00
150.53
150.53
1336.31
1336.31
10.00
10.00
4088.20
4088.20
4088.20
1049.41
1049.41
265.14
778.08
778.08
2278.38
2278.38
2278.38
464.95
13.18
13.18
2822.91
2822.91
2822.91
1542.31
422.16
422.16
948.57
948.57
2780.91
2780.91
2780.91
2582.35
2870.78
