# 1Hz Kbps trace generated by import_real_world_traces.py
398.76
525.02
378.44
378.44
1915.44
1915.44
373.38
1632.49
101.87
140.21
140.21
178.72
178.72
2244.99
2244.99
2436.03
2436.03
1260.34
1260.34
347.66
347.66
137.38
137.38
127.45
127.45
10.00
10.00
3997.48
3997.48
6302.41
6302.41
846.50
846.50
459.86
459.86
162.92
162.92
1801.78
1801.78
7171.44
7171.44
6958.32
6958.32
1119.05
1119.05
2894.75
2894.75
219.88
219.88
1921.55
1921.55
10.00
10.00
304.67
304.67
2697.57
2697.57
10.00
10.00
130.95
130.95
91.23
91.23
81.17
81.17
217.96
217.96
197.15
197.15
491.77
491.77
1143.95
1143.95
10.00
10.00
46.29
46.29
1874.36
1874.36
5127.53
5127.53
3326.87
3326.87
82.98
82.98
523.79
523.79
1071.22
1071.22
488.25
488.25
376.09
376.09
746.04
746.04
10.00
10.00
598.48
598.48
8268.24
8268.24
388.40
388.40
496.95
496.95
2106.60
2106.60
7814.09
7814.09
166.11
166.11
481.45
481.45
1088.63
1088.63
2712.24
2712.24
4789.47
4789.47
5450.98
5450.98
71.30
71.30
178.23
178.23
3073.29
3073.29
492.17
492.17
35.81
35.81
1195.53
1195.53
930.73
930.73
8169.18
8169.18
2245.27
2245.27
193.51
193.51
17.52
17.52
133.74
133.74
133.74
10.00
10.00
469.01
469.01
147.14
147.14
1592.72
2937.14
2937.14
3187.06
3187.06
10.00
10.00
10.00
10.00
445.32
445.32
218.85
218.85
498.60
498.60
7913.57
7913.57
11249.50
11249.50
163.51
163.51
10801.22
10801.22
2847.22
2847.22
10.00
10.00
303.50
303.50
8036.42
8036.42
3269.43
3269.43
12489.30
12489.30
2312.73
2312.73
909.98
909.98
738.50
738.50
3767.71
3767.71
54.32
54.32
678.29
678.29
466.97
466.97
1215.74
1215.74
331.42
331.42
528.57
528.57
18.69
18.69
36.95
36.95
36.95
36.95
2008.96
282.28
637.27
637.27
1557.85
1557.85
10.00
10.00
2280.49
2280.49
5758.37
5758.37
6610.65
6610.65
1276.43
1276.43
10.00
10.00
990.41
990.41
492.37
492.37
408.86
408.86
1605.42
1605.42
110.40
110.40
457.39
457.39
80.85
80.85
70.80
70.80
813.83
813.83
10.00
10.00
55.68
55.68
10.00
10.00
10.00
10.00
36.06
36.06
36.06
10.00
473.53
473.53
2208.34
2208.34
181.42
181.42
9088.51
9088.51
461.88
461.88
215.43
215.43
215.43
6212.22
6212.22
495.96
495.96
28.04
28.04
10.00
10.00
135.69
135.69
8112.90
8112.90
8965.50
8965.50
175.20
175.20
130.48
130.48
27.43
27.43
44.38
44.38
88.88
88.88
1027.17
1027.17
475.71
475.71
1036.42
1036.42
4590.73
4590.73
396.92
396.92
10.00
10.00
517.13
517.13
10.00
10.00
7901.06
7901.06
10.00
10.00
10048.52
10048.52
2447.63
2447.63
573.73
573.73
9797.92
9797.92
145.54
145.54
10.00
10.00
10.00
10.00
807.91
807.91
19.78
19.78
180.77
180.77
64.04
64.04
381.46
381.46
10.00
10.00
420.93
420.93
205.40
205.40
430.36
430.36
46.31
46.31
73.71
73.71
1776.79
1776.79
1385.76
1385.76
5040.09
5040.09
737.58
737.58
166.12
166.12
1905.59
1905.59
675.43
675.43
3678.80
3678.80
1275.38
1275.38
491.52
491.52
37.01
37.01
570.91
570.91
5491.38
5491.38
376.04
376.04
499.19
499.19
355.68
355.68
1905.77
1905.77
2925.35
2925.35
348.75
348.75
490.19
490.19
8290.33
8290.33
491.62
491.62
6247.16
6247.16
10796.92
10796.92
3912.16
3912.16
9427.71
9427.71
493.14
493.14
4919.82
4919.82
47.42
47.42
321.00
321.00
45.75
45.75
158.81
158.81
112.91
112.91
490.02
490.02
10.00
10.00
10.00
10.00
5023.95
5023.95
539.41
539.41
1233.13
1233.13
8620.25
8620.25
9449.25
9449.25
4090.79
4090.79
4090.79
4090.79
4420.97
4420.97
4463.90
4463.90
4466.74
4466.74
4545.97
4545.97
4545.97
4545.97
4565.07
4565.07
4174.15
4174.15
2273.34
2273.34
4419.19
4419.19
4560.51
4560.51
4560.51
4560.51
1868.99
1868.99
2152.02
2152.02
2152.02
2152.02
2392.29
2392.29
4739.31
4739.31
74.27
74.27
467.14
467.14
4964.97
4964.97
4888.84
4888.84
5537.66
5537.66
5537.66
5537.66
3834.19
3834.19
5808.35
5808.35
5706.78
5706.78
5706.78
5706.78
5706.78
5706.78
5793.64
5793.64
5793.64
5793.64
5793.64
5793.64
5793.64
5793.64
5793.64
5793.64
5793.64
5793.64
5793.64
5793.64
5793.64
5793.64
5793.64
5793.64
468.85
468.85
1212.09
1212.09
681.23
681.23
524.10
524.10
501.46
501.46
1630.83
1630.83
1881.27
1881.27
322.87
322.87
18.67
18.67
3032.76
3032.76
677.90
677.90
717.86
717.86
1712.49
1712.49
2279.28
2279.28
972.78
972.78
5121.68
5121.68
3380.80
3380.80
5554.97
5554.97
6295.30
6295.30
36.00
36.00
4217.29
4217.29
1916.87
1916.87
2440.34
2440.34
887.63
887.63
3290.09
3290.09
2484.36
2484.36
7185.15
7185.15
132.60
132.60
618.39
618.39
4362.33
4362.33
279.00
279.00
503.70
503.70
481.10
481.10
1135.46
1135.46
4406.38
4406.38
83.56
83.56
6624.89
6624.89
2689.58
2689.58
1174.78
1174.78
4636.53
4636.53
723.75
723.75
62.73
62.73
1837.44
1837.44
871.91
871.91
4294.51
4294.51
536.05
536.05
2468.29
2468.29
11072.58
11072.58
4154.19
4154.19
3325.03
3325.03
18.46
18.46
1322.24
1322.24
559.14
559.14
4400.46
4400.46
3540.36
3540.36
503.86
503.86
4815.07
4815.07
52.65
52.65
55.10
55.10
298.40
298.40
10.00
10.00
380.80
380.80
326.28
326.28
101.66
101.66
23.71
23.71
470.89
470.89
10.00
10.00
479.41
479.41
10.00
10.00
409.01
409.01
2359.29
2359.29
5793.89
5793.89
8347.62
8347.62
12035.71
12035.71
12035.71
12035.71
12035.71
12035.71
12035.71
12035.71
12035.71
12035.71
12035.71
12035.71
1424.72
1424.72
6687.08
6687.08
252.08
252.08
10.00
10.00
212.31
212.31
10.00
10.00
1338.50
1338.50
796.77
796.77
269.12
269.12
7298.09
7298.09
234.36
234.36
611.80
611.80
818.45
818.45
6575.49
6575.49
1562.67
1562.67
446.53
446.53
1541.27
1541.27
488.60
488.60
2229.39
2229.39
8072.97
8072.97
734.81
734.81
6449.11
6449.11
604.03
604.03
8598.54
8598.54
9163.58
9163.58
226.34
226.34
9018.56
9018.56
6445.04
6445.04
3690.67
3690.67
7725.95
7725.95
181.48
181.48
1550.03
1550.03
217.95
217.95
15.77
15.77
226.57
226.57
393.53
393.53
229.28
229.28
138.59
138.59
37.11
37.11
4866.73
4866.73
6654.58
6654.58
8153.03
8153.03
2794.34
2794.34
1301.90
1301.90
10.00
10.00
31.27
31.27
1282.02
1282.02
10.00
10.00
203.32
203.32
10.00
10.00
136.72
136.72
127.53
127.53
265.23
265.23
49.55
49.55
1209.93
1209.93
7292.65
7292.65
1464.96
1464.96
542.34
542.34
1211.06
1211.06
1051.70
1051.70
490.85
490.85
8707.66
8707.66
6523.75
6523.75
10.00
10.00
101.24
101.24
27.47
27.47
65.27
65.27
2198.13
2198.13
380.47
380.47
2106.39
2106.39
565.41
565.41
2288.95
2288.95
4045.01
4045.01
805.84
805.84
9721.42
9721.42
9690.44
9690.44
9690.44
9690.44
9690.44
9690.44
5035.79
5035.79
5035.79
5035.79
5035.79
5035.79
5035.79
5035.79
5035.79
5035.79
2168.31
2168.31
4931.52
4931.52
1094.62
1094.62
1392.61
1392.61
5198.85
5198.85
5391.60
5391.60
511.80
511.80
1792.24
1792.24
1006.67
1006.67
86.12
86.12
16.15
16.15
4982.39
4982.39
3097.53
3097.53
1680.96
1680.96
6463.72
6463.72
473.86
473.86
5894.81
5894.81
1129.11
1129.11
2230.92
2230.92
317.81
317.81
8255.96
8255.96
45.60
45.60
10.00
10.00
982.94
982.94
4389.06
4389.06
5861.01
5861.01
7576.10
7576.10
5370.26
5370.26
3928.71
3928.71
932.33
932.33
10.00
10.00
46.24
46.24
887.21
887.21
80.89
80.89
10.00
10.00
2473.70
2473.70
1715.34
1715.34
203.46
203.46
8779.87
8779.87
1452.60
1452.60
1496.19
1496.19
836.55
836.55
647.75
647.75
2338.35
2338.35
331.69
331.69
7970.80
7970.80
4904.67
4904.67
18.24
18.24
160.02
160.02
304.34
304.34
9021.12
9021.12
484.85
484.85
9914.60
9914.60
9558.31
9558.31
10628.70
10628.70
11085.17
11085.17
11085.17
11085.17
11085.17
11085.17
11085.17
11085.17
11085.17
11085.17
11085.17
11085.17
11085.17
11085.17
11085.17
11085.17
11085.17
11085.17
11085.17
11085.17
11085.17
11085.17
5592.59
5592.59
5592.59
5592.59
5592.59
5592.59
5592.59
5592.59
5682.40
5682.40
5540.18
5540.18
5540.18
5540.18
5540.18
5540.18
5540.18
5540.18
5540.18
5540.18
5540.18
5540.18
5540.18
5540.18
5951.00
5951.00
5951.00
5951.00
6242.69
6242.69
6242.69
6242.69
6242.69
6242.69
6242.69
6242.69
6242.69
6242.69
6242.69
6242.69
6242.69
6242.69
6242.69
6242.69
6242.69
6242.69
6242.69
6242.69
6242.69
6242.69
6242.69
6242.69
6242.69
6242.69
6242.69
6242.69
6511.76
6511.76
6511.76
6511.76
6511.76
6511.76
6100.41
6100.41
6100.41
6100.41
6100.41
6100.41
6100.41
6100.41
6100.41
6100.41
10.00
10.00
6291.63
6291.63
1495.65
1495.65
1613.29
1613.29
249.14
249.14
6031.31
6031.31
18.57
18.57
7730.39
7730.39
430.68
430.68
3683.56
3683.56
143.43
143.43
3455.91
3455.91
3455.91
3455.91
3455.91
3455.91
3455.91
3455.91
3455.91
3455.91
4079.39
4079.39
4079.39
4079.39
4079.39
4079.39
4079.39
4079.39
4079.39
4079.39
4079.39
4079.39
1990.32
1990.32
1924.91
1924.91
716.05
716.05
2093.19
2093.19
429.36
429.36
54.87
54.87
54.87
3549.55
800.43
800.43
4348.92
4348.92
54.13
54.13
18.11
18.11
462.06
462.06
701.46
701.46
172.88
172.88
440.98
440.98
26.61
26.61
26.88
26.88
54.48
54.48
54.48
696.30
696.30
45.76
45.76
365.38
365.38
244.38
244.38
29.32
29.32
4796.96
3754.49
3754.49
10.00
10.00
2757.78
2757.78
825.22
825.22
10.00
10.00
472.82
472.82
1518.44
1518.44
495.22
495.22
430.21
430.21
496.92
496.92
2088.85
2088.85
7514.93
7514.93
7024.09
7024.09
1365.48
1365.48
10.00
10.00
734.35
734.35
420.72
420.72
821.82
821.82
3355.16
3355.16
3015.38
3015.38
741.67
741.67
549.16
549.16
2680.31
2680.31
491.08
491.08
8140.39
8140.39
8084.85
8084.85
123.52
123.52
4744.44
4744.44
502.72
502.72
8757.43
8757.43
72.33
72.33
10.00
10.00
1203.41
1203.41
1250.05
1250.05
1816.69
1816.69
235.36
235.36
10.00
10.00
32.81
32.81
480.04
480.04
41.24
41.24
502.44
502.44
1030.42
1030.42
41.39
41.39
1007.63
1007.63
5521.52
5521.52
491.72
491.72
54.93
54.93
5012.95
5012.95
1263.76
1263.76
129.44
129.44
384.97
384.97
475.27
475.27
233.39
233.39
7658.58
7658.58
9524.07
9524.07
9266.34
9266.34
7884.30
7884.30
6331.27
6331.27
176.40
176.40
9739.17
9739.17
109.40
109.40
10.00
10.00
10.00
10.00
10879.92
10879.92
5263.91
5263.91
3093.59
3093.59
130.84
130.84
10.00
10.00
133.05
133.05
8047.49
8047.49
9017.33
9017.33
9017.33
4947.51
4947.51
4152.55
4152.55
11003.21
11003.21
2937.49
2937.49
6600.33
6600.33
10.00
10.00
1461.25
1461.25
430.80
16.76
16.76
16.76
46.69
46.69
1517.78
1517.78
80.72
80.72
9662.70
9662.70
1817.16
1817.16
373.62
373.62
1843.01
1843.01
2362.19
2362.19
4162.12
4162.12
4467.02
4467.02
4790.23
4790.23
3442.69
3442.69
11172.67
11172.67
3909.06
3909.06
2435.95
2435.95
633.30
633.30
5188.28
5188.28
6435.38
6435.38
11223.84
11223.84
11140.28
11140.28
11140.28
11140.28
11140.28
11140.28
2032.00
2032.00
4032.61
4032.61
1962.88
1962.88
367.74
367.74
408.76
408.76
492.85
492.85
492.85
73.09
318.38
318.38
788.59
788.59
298.02
298.02
5246.62
5246.62
54.80
54.80
1755.36
1755.36
2761.11
2761.11
5997.63
5997.63
298.28
298.28
46.12
46.12
36.29
36.29
121.74
121.74
10.00
10.00
2607.49
2607.49
10.00
10.00
1970.28
1970.28
10.00
10.00
1701.49
1701.49
464.69
464.69
10.00
10.00
55.05
55.05
7925.83
7925.83
4396.42
4396.42
659.39
659.39
5008.18
5008.18
18.71
18.71
134.90
134.90
10524.31
10524.31
1140.09
1140.09
4387.11
4387.11
4298.79
4298.79
122.12
122.12
83.24
83.24
709.84
709.84
1327.49
1327.49
46.26
46.26
1163.57
1163.57
4690.27
4690.27
4836.22
4836.22
495.75
495.75
236.94
236.94
491.12
491.12
7969.86
7969.86
1070.24
1070.24
10.00
10.00
2716.81
2716.81
503.91
503.91
200.57
200.57
302.99
302.99
1419.76
1419.76
5278.72
5278.72
8336.11
8336.11
1914.95
1914.95
1942.70
1942.70
1243.03
1243.03
112.45
112.45
2093.76
2093.76
62.70
62.70
486.01
486.01
46.39
46.39
10.00
10.00
10.00
10.00
46.12
46.12
565.01
565.01
476.52
476.52
56.13
56.13
1044.67
1044.67
6316.30
6316.30
6694.87
6694.87
3804.11
3804.11
5290.66
5290.66
1180.56
1180.56
221.85
221.85
2267.73
2267.73
7681.40
7681.40
446.36
446.36
10.00
10.00
2901.15
2901.15
90.32
90.32
139.52
139.52
226.23
226.23
3721.91
3721.91
14.37
14.37
2209.00
2209.00
8366.64
8366.64
466.39
466.39
27.62
27.62
8934.00
8934.00
8737.00
8737.00
9200.56
9200.56
1438.43
1438.43
3261.13
3261.13
10.00
10.00
760.02
760.02
4023.86
4023.86
8328.04
8328.04
3696.58
3696.58
9698.77
9698.77
7577.35
7577.35
4945.20
4945.20
3338.17
3338.17
209.13
209.13
456.08
456.08
2247.18
2247.18
8818.84
8818.84
2382.62
2382.62
873.66
873.66
1061.14
1061.14
678.59
678.59
3622.33
3622.33
7124.85
7124.85
607.48
607.48
479.55
479.55
1208.79
1208.79
853.79
853.79
45.96
45.96
10.00
10.00
10.00
10.00
489.65
489.65
83.13
83.13
1964.35
1964.35
1771.24
1771.24
10.00
10.00
532.88
532.88
10.00
10.00
5884.26
5884.26
7403.89
7403.89
7403.89
7403.89
6740.20
6740.20
6740.20
6740.20
6740.20
6740.20
1575.44
1575.44
4708.82
4708.82
4708.82
4708.82
3505.76
3505.76
753.11
753.11
3742.05
3742.05
1267.13
1267.13
4479.15
4479.15
1499.29
1499.29
2780.03
2780.03
2057.11
2057.11
854.29
854.29
2783.69
2783.69
1281.47
1281.47
5696.32
5696.32
927.93
927.93
10.00
10.00
4904.44
4904.44
7360.39
7360.39
7118.60
7118.60
1669.78
1669.78
491.45
491.45
2812.01
2812.01
479.48
479.48
761.59
761.59
599.18
599.18
10319.20
10319.20
1565.22
1565.22
10.00
10.00
81.39
81.39
82.28
82.28
27.36
27.36
281.74
281.74
129.25
129.25
40.88
40.88
171.67
171.67
2980.68
2980.68
479.61
479.61
109.30
109.30
119.77
119.77
10.00
10.00
4622.69
4622.69
490.54
490.54
10.00
10.00
17.98
17.98
83.08
83.08
210.59
210.59
3696.87
3696.87
268.20
268.20
475.23
475.23
321.20
321.20
10.00
10.00
45.72
45.72
289.42
289.42
10.00
10.00
1479.51
1479.51
5341.49
5341.49
548.06
548.06
25.38
25.38
492.67
492.67
165.88
165.88
491.70
491.70
10.00
10.00
83.64
83.64
3331.27
3331.27
1524.35
1524.35
5001.32
5001.32
6884.25
6884.25
8096.66
8096.66
1549.39
1549.39
8675.94
8675.94
1002.94
1002.94
1497.03
1497.03
1935.79
1935.79
10811.24
10811.24
10811.24
10811.24
10811.24
10811.24
10811.24
10811.24
10811.24
10811.24
10811.24
10811.24
2416.80
2416.80
5176.77
5176.77
4744.50
4744.50
9137.74
9137.74
2728.13
2728.13
1239.30
1239.30
1924.67
1924.67
10268.22
10268.22
10.00
10.00
10452.08
10452.08
8968.67
8968.67
6988.62
6988.62
2465.45
2465.45
10.00
10.00
2899.14
2899.14
9120.62
9120.62
2845.33
2845.33
5164.42
5164.42
5164.42
5164.42
10.00
10.00
52.61
52.61
245.16
245.16
497.49
497.49
993.53
993.53
10.00
10.00
3972.90
3972.90
11687.97
11687.97
11687.97
11687.97
654.60
654.60
4137.47
4137.47
3995.28
3995.28
5027.41
5027.41
5685.17
5685.17
6245.34
6245.34
212.12
212.12
337.33
337.33
10.00
10.00
130.13
130.13
3627.68
3627.68
11135.51
11135.51
3983.47
3983.47
1145.13
1145.13
1594.72
1594.72
1710.49
1710.49
10.00
10.00
1878.21
1878.21
506.62
506.62
89.74
89.74
8339.85
8339.85
7011.73
7011.73
886.73
886.73
355.83
355.83
2502.22
2502.22
243.99
243.99
2091.97
2091.97
82.02
82.02
246.95
246.95
4242.30
4242.30
3420.02
3420.02
4432.81
4432.81
142.11
142.11
10.00
10.00
985.72
985.72
6180.39
6180.39
55.39
55.39
45.87
45.87
140.65
140.65
911.41
911.41
1014.77
1014.77
1245.87
1245.87
3715.29
3715.29
5008.12
5008.12
3121.75
3121.75
4587.14
4587.14
4587.14
4587.14
1983.00
1983.00
2965.43
2965.43
5907.70
5907.70
5182.79
5182.79
8017.61
8017.61
4598.76
4598.76
4598.76
4598.76
4598.76
4598.76
4598.76
4598.76
4598.76
4598.76
8108.71
8108.71
313.44
313.44
7927.67
7927.67
7927.67
7927.67
7927.67
7927.67
7927.67
7927.67
7927.67
7927.67
6072.28
6072.28
6725.42
6725.42
622.97
622.97
5369.43
5369.43
702.31
702.31
1324.56
1324.56
7845.76
7845.76
3201.05
3201.05
46.04
46.04
2649.90
2649.90
742.64
742.64
4356.77
4356.77
4356.77
4356.77
4356.77
4356.77
4356.77
4356.77
4356.77
4356.77
4356.77
4356.77
4356.77
4356.77
4626.75
4626.75
4626.75
4626.75
664.49
664.49
787.77
787.77
1154.13
1154.13
1631.45
1631.45
1976.62
1976.62
1914.71
1914.71
2147.36
2147.36
2147.36
2147.36
2147.36
2147.36
2455.28
2455.28
2455.28
2455.28
2644.13
2644.13
3058.93
3058.93
3223.99
3223.99
3573.13
3573.13
3725.07
3725.07
3714.13
3714.13
210.94
210.94
4816.48
4816.48
4853.18
4853.18
4853.18
4853.18
4853.18
4853.18
4853.18
4853.18
4853.18
4853.18
4853.18
4853.18
4853.18
4853.18
4853.18
4853.18
4853.18
4853.18
4853.18
4853.18
4853.18
4853.18
4853.18
4853.18
4853.18
4853.18
4853.18
4853.18
4853.18
4853.18
4853.18
4853.18
4853.18
4853.18
4853.18
4853.18
4976.37
4976.37
4976.37
4976.37
2067.50
2067.50
3109.78
3109.78
3374.96
3374.96
3374.96
3374.96
6124.44
6124.44
6124.44
6124.44
6124.44
6124.44
6124.44
6124.44
6124.44
6124.44
6124.44
6124.44
6124.44
6124.44
6124.44
6124.44
6124.44
6124.44
6124.44
6124.44
1800.33
1800.33
2386.63
2386.63
481.33
481.33
10.00
10.00
232.58
232.58
45.33
45.33
10.00
10.00
2520.37
2520.37
5452.02
5452.02
3452.31
3452.31
591.31
591.31
6466.35
6466.35
5925.12
5925.12
6612.67
6612.67
6786.54
6786.54
6786.54
6786.54
879.10
879.10
2421.47
2421.47
2421.47
2421.47
2421.47
2421.47
2421.47
2421.47
2421.47
2421.47
8645.60
8645.60
8645.60
8645.60
8645.60
8645.60
8645.60
8645.60
8645.60
8645.60
8645.60
8645.60
8645.60
8645.60
8645.60
8645.60
8645.60
8645.60
8645.60
8645.60
3802.21
3802.21
3050.02
3050.02
3906.78
3906.78
3906.78
3906.78
3247.47
3247.47
4622.46
4622.46
4753.91
4753.91
989.07
989.07
3102.71
3102.71
272.42
272.42
6094.96
6094.96
6369.61
6369.61
6369.61
6369.61
6369.61
6369.61
6369.61
6369.61
6369.61
6369.61
6369.61
6369.61
6369.61
6369.61
6369.61
6369.61
6369.61
6369.61
6470.29
6470.29
6470.29
6470.29
147.91
147.91
2498.98
2498.98
6469.23
6469.23
6469.23
6469.23
1414.79
1414.79
6244.92
6244.92
6487.64
6487.64
2339.00
2339.00
1320.65
1320.65
6603.36
6603.36
128.57
128.57
1190.51
1190.51
7192.31
7192.31
1759.50
1759.50
8013.06
8013.06
4051.13
4051.13
1102.76
1102.76
7253.49
7253.49
7253.49
7253.49
474.75
474.75
3996.01
3996.01
4077.35
4077.35
4077.35
4077.35
5418.29
5418.29
4999.22
4999.22
144.24
144.24
4421.01
4421.01
6377.34
6377.34
6280.60
6280.60
6280.60
6280.60
6280.60
6280.60
6280.60
6280.60
6280.60
5461.72
5461.72
1471.19
1471.19
1154.82
1154.82
516.06
516.06
217.65
217.65
9529.30
9529.30
9529.30
9529.30
9529.30
9529.30
9529.30
9529.30
9529.30
9529.30
9529.30
9529.30
1869.98
1869.98
8583.71
8583.71
9474.99
9474.99
2695.54
2695.54
10045.72
10045.72
10045.72
10045.72
10045.72
10045.72
1724.98
1724.98
2279.72
2279.72
2900.93
2900.93
11872.17
11872.17
3535.82
3535.82
11871.15
11871.15
11871.15
11871.15
11871.15
11871.15
11871.15
11871.15
11871.15
11871.15
11871.15
11871.15
11871.15
11871.15
11871.15
11871.15
11871.15
11871.15
11871.15
11871.15
11871.15
11871.15
11871.15
11871.15
11871.15
11871.15
11871.15
11871.15
11871.15
11871.15
11871.15
11871.15
11871.15
11871.15
11871.15
11871.15
11871.15
11871.15
11871.15
11871.15
410.89
410.89
1621.68
1621.68
1152.67
1152.67
1320.45
1320.45
586.41
586.41
3291.01
3291.01
457.18
457.18
3110.46
3110.46
515.55
515.55
626.03
626.03
2130.40
2130.40
3209.07
3209.07
986.09
986.09
1474.23
1474.23
1491.90
1491.90
381.36
381.36
71.85
71.85
1511.90
1511.90
486.57
486.57
1495.68
1495.68
2515.79
2515.79
324.50
324.50
3473.92
3473.92
3473.92
3473.92
3473.92
3473.92
3473.92
3473.92
3473.92
3473.92
3851.85
3851.85
2305.46
2305.46
9244.43
9244.43
9244.43
9244.43
9244.43
9244.43
9244.43
9244.43
9244.43
9244.43
9244.43
9244.43
9244.43
9244.43
9244.43
9244.43
9244.43
9244.43
9244.43
9244.43
1199.60
1199.60
2093.35
2093.35
4455.52
4455.52
4455.52
4455.52
4455.52
4455.52
4455.52
4455.52
6796.15
6796.15
2975.04
2975.04
2613.22
2613.22
1567.33
1567.33
1929.48
1929.48
4140.98
4140.98
4604.33
4604.33
7955.49
7955.49
7955.49
7955.49
7955.49
7955.49
7955.49
7955.49
2543.82
2543.82
6810.66
6810.66
6810.66
6810.66
485.17
485.17
7515.83
7515.83
1151.05
1151.05
179.25
179.25
2734.19
2734.19
9003.12
9003.12
1108.43
1108.43
9912.25
9912.25
9912.25
9912.25
9912.25
9912.25
9912.25
9912.25
9912.25
9912.25
9912.25
9912.25
9912.25
9912.25
9912.25
9912.25
9912.25
9912.25
9912.25
9912.25
9912.25
9912.25
9912.25
9912.25
9912.25
9912.25
9912.25
9912.25
9912.25
9912.25
9792.98
9792.98
9792.98
9792.98
7442.90
7442.90
7442.90
7442.90
7442.90
7442.90
7442.90
7442.90
7442.90
7442.90
7442.90
7442.90
7442.90
7442.90
251.51
251.51
918.89
918.89
1167.22
1167.22
1203.38
1203.38
1512.26
1512.26
1483.13
1483.13
1483.13
1483.13
1483.13
1483.13
1678.38
1678.38
1219.46
1219.46
2113.59
2113.59
2479.04
2479.04
443.72
443.72
846.82
846.82
1442.99
1442.99
2709.87
2709.87
3521.82
3521.82
3512.75
3512.75
3512.75
3512.75
3512.75
3512.75
3512.75
3512.75
3512.75
3512.75
3512.75
3512.75
3512.75
3512.75
3512.75
3512.75
3512.75
3512.75
1855.03
1855.03
3651.93
3651.93
3618.95
3618.95
3585.77
3585.77
3786.76
3786.76
3206.99
3206.99
3720.95
3720.95
3720.95
3720.95
4183.67
4183.67
373.82
373.82
674.21
674.21
674.21
674.21
674.21
674.21
674.21
674.21
4108.72
4108.72
3977.49
3977.49
1386.51
1386.51
2790.67
2790.67
2355.54
2355.54
4761.37
4761.37
4778.33
4778.33
1383.35
1383.35
1383.35
1383.35
1383.35
1383.35
2093.76
2093.76
2135.92
2135.92
2231.72
2231.72
2742.16
2742.16
5799.27
5799.27
474.51
474.51
1909.86
1909.86
1909.86
1909.86
1982.41
1982.41
2314.85
2314.85
5646.05
5646.05
5646.05
5646.05
5646.05
5646.05
5646.05
5646.05
5646.05
5646.05
5646.05
5646.05
358.51
358.51
55.40
55.40
27.23
27.23
80.79
80.79
489.38
489.38
10.00
10.00
10.00
10.00
5707.57
5707.57
1645.11
1645.11
7056.58
7056.58
1279.02
1279.02
2719.95
2719.95
2786.03
2786.03
2786.03
2786.03
2791.07
2791.07
8504.74
8504.74
10.00
10.00
3028.37
3028.37
8274.68
8274.68
8416.90
8416.90
8346.72
8346.72
1674.79
1674.79
3588.52
3588.52
396.17
396.17
1120.34
1120.34
4037.53
4037.53
8131.64
8131.64
10.00
10.00
10.00
10.00
513.08
513.08
1651.95
1651.95
27.34
27.34
9011.88
9011.88
18.43
18.43
18.47
18.47
10.00
10.00
744.45
744.45
489.92
489.92
2927.28
2927.28
875.93
875.93
7682.88
7682.88
7682.88
7682.88
7682.88
7682.88
2853.72
2853.72
3214.57
3214.57
3459.37
3459.37
397.46
397.46
7573.99
7573.99
1574.13
1574.13
258.33
258.33
3507.21
3507.21
258.33
258.33
6930.51
6930.51
8134.61
8134.61
689.58
689.58
5419.63
5419.63
793.20
793.20
1480.37
1480.37
6885.26
6885.26
493.10
493.10
45.84
45.84
36.31
36.31
27.64
27.64
10.00
10.00
350.58
350.58
9603.21
9603.21
472.88
472.88
127.16
127.16
10166.14
10166.14
480.36
480.36
11292.54
11292.54
11292.54
11292.54
11292.54
11292.54
11292.54
11292.54
11292.54
11292.54
630.10
630.10
5007.89
5007.89
11381.91
11381.91
193.90
193.90
542.77
542.77
561.00
561.00
2994.44
2994.44
11569.53
11569.53
11569.53
11569.53
35.84
35.84
2834.37
2834.37
4930.93
4930.93
5128.84
5128.84
10.00
10.00
2916.70
2916.70
3177.06
3177.06
3585.03
3585.03
2236.16
2236.16
349.03
349.03
699.01
699.01
10.00
10.00
760.31
760.31
4786.06
4786.06
2171.58
2171.58
3407.38
3407.38
3994.74
3994.74
6385.03
6385.03
2195.53
2195.53
7059.87
7059.87
492.38
492.38
623.19
623.19
1513.67
1513.67
55.51
55.51
213.42
213.42
1201.19
1201.19
8274.18
8274.18
3802.53
3802.53
5893.37
5893.37
5893.37
5893.37
5893.37
5893.37
10198.99
10198.99
10426.11
10426.11
10101.03
10101.03
9672.30
9672.30
9672.30
9672.30
9672.30
9672.30
9672.30
9672.30
9672.30
9672.30
3171.64
3171.64
10.00
10.00
9890.85
9890.85
185.03
185.03
786.93
786.93
9227.55
9227.55
5448.75
5448.75
5823.22
5823.22
2024.47
2024.47
8771.22
8771.22
1119.65
1119.65
10717.87
10717.87
315.15
315.15
214.22
214.22
1385.89
1385.89
1404.16
1404.16
5369.60
5369.60
12210.05
12210.05
12381.01
12381.01
6484.81
6484.81
6484.81
6484.81
6484.81
6484.81
6484.81
6484.81
6484.81
6484.81
6484.81
6484.81
10420.21
10420.21
10420.21
10420.21
379.00
379.00
1608.20
1608.20
2243.37
2243.37
2669.40
2669.40
2743.31
2743.31
2896.45
2896.45
3324.86
3324.86
630.38
630.38
3217.27
3217.27
55.36
55.36
46.51
46.51
1303.34
1303.34
2677.12
2677.12
4244.67
4244.67
5869.65
5869.65
5559.44
5559.44
6824.29
6824.29
3210.59
3210.59
6987.68
6987.68
486.07
486.07
2253.16
2253.16
263.80
263.80
6241.96
6241.96
10.00
10.00
483.10
483.10
2904.68
2904.68
8887.28
8887.28
8487.12
8487.12
8487.12
8487.12
8487.12
8487.12
8487.12
8487.12
8487.12
8487.12
5853.53
5853.53
5853.53
5853.53
5853.53
5853.53
873.14
873.14
2756.93
2756.93
6075.25
6075.25
6075.25
6075.25
6075.25
6075.25
6152.52
6152.52
6152.52
6152.52
6152.52
6152.52
6152.52
6152.52
6152.52
6152.52
6152.52
6152.52
6152.52
6152.52
1342.54
1342.54
1432.45
1432.45
1432.45
1432.45
2411.19
2411.19
2553.54
2553.54
2895.77
2895.77
3556.56
3556.56
3556.56
3556.56
3556.56
3556.56
3556.56
3556.56
3556.56
3556.56
6123.87
6123.87
6154.07
6154.07
6154.07
6154.07
6154.07
6154.07
6154.07
6154.07
6154.07
6154.07
6154.07
6154.07
6154.07
6154.07
6154.07
6154.07
935.94
935.94
1099.06
1099.06
1306.69
1306.69
1565.89
1565.89
1660.92
1660.92
1686.58
1686.58
829.45
829.45
2122.47
2122.47
2192.47
2192.47
2260.04
2260.04
2516.49
2516.49
2576.07
2576.07
2644.30
2644.30
3087.07
3087.07
3097.26
3097.26
3097.26
3097.26
3091.17
3091.17
3091.17
3091.17
3091.17
3091.17
3091.17
3091.17
3091.17
3091.17
3255.57
3255.57
3201.74
3201.74
3201.74
3201.74
3201.74
3201.74
3201.74
3201.74
3515.28
3515.28
3456.13
3456.13
4152.28
4152.28
4156.39
4156.39
4317.66
4317.66
4317.66
4317.66
4784.03
4784.03
5389.73
5389.73
136.89
136.89
6057.18
6057.18
5883.36
5883.36
6654.88
6654.88
1743.36
1743.36
6660.03
6660.03
694.33
694.33
7112.98
7112.98
7112.98
7112.98
110.01
110.01
513.34
513.34
18.25
18.25
493.47
493.47
3113.20
3113.20
5325.23
5325.23
8583.01
8583.01
1107.56
1107.56
9335.42
9335.42
2905.45
2905.45
509.92
509.92
126.20
126.20
9431.00
9431.00
10048.97
10048.97
9499.68
9499.68
9780.27
9780.27
10111.69
10111.69
10111.69
10111.69
10111.69
10111.69
10111.69
10111.69
9761.31
9761.31
757.96
757.96
5334.43
5334.43
10910.23
10910.23
172.86
172.86
494.57
494.57
10.00
10.00
603.82
603.82
10.00
10.00
498.49
498.49
4585.82
4585.82
3776.85
3776.85
5503.66
5503.66
10651.92
10651.92
915.40
915.40
7744.33
7744.33
36.96
36.96
42.88
42.88
3978.67
3978.67
1092.19
1092.19
1822.81
1822.81
826.25
826.25
826.25
12098.20
12098.20
509.76
509.76
6491.20
6491.20
6491.20
6491.20
8812.81
8812.81
8812.81
8812.81
8812.81
8812.81
390.92
390.92
4060.18
4060.18
6747.24
6747.24
6747.24
6747.24
6747.24
6747.24
6639.76
6639.76
5203.82
5203.82
1881.42
1881.42
304.63
304.63
10.00
10.00
792.40
792.40
36.67
36.67
1699.14
1699.14
10.00
10.00
10.00
10.00
2831.57
2831.57
1357.86
1357.86
37.71
37.71
423.60
423.60
10.00
10.00
10.00
10.00
3077.44
3077.44
837.00
837.00
63.52
63.52
10.00
10.00
138.46
138.46
138.46
138.46
2043.98
2043.98
2043.98
2043.98
59.20
59.20
1165.74
28.10
64.14
64.14
4899.00
4899.00
467.13
467.13
3188.49
3188.49
4686.44
4686.44
748.09
748.09
3478.04
3478.04
3478.04
3478.04
3718.32
3718.32
3718.32
3718.32
3718.32
3718.32
3718.32
3718.32
179.91
179.91
1480.81
1480.81
1617.59
1617.59
1617.59
1617.59
1450.79
1450.79
1644.86
1644.86
1644.86
1644.86
10.00
10.00
575.42
575.42
1782.79
1782.79
4477.88
4477.88
506.28
506.28
4925.15
4925.15
674.18
674.18
5977.98
5977.98
6569.61
6569.61
497.24
497.24
1673.34
1673.34
2981.48
2981.48
179.38
179.38
3132.48
3132.48
3132.48
3132.48
547.27
547.27
5721.89
5721.89
1779.36
1779.36
2304.41
2304.41
3920.68
3920.68
8856.18
8856.18
9032.65
9032.65
9032.65
9032.65
9032.65
9032.65
10.00
10.00
3496.69
3496.69
3591.90
3591.90
417.90
417.90
551.95
551.95
717.25
717.25
1456.46
1456.46
1084.42
1084.42
1743.92
1743.92
1682.34
1682.34
2022.58
2022.58
2231.88
2231.88
2231.88
2231.88
2231.88
2231.88
2304.83
2304.83
2585.31
2585.31
3109.74
3109.74
2908.93
2908.93
3584.88
3584.88
10.00
10.00
3973.42
3973.42
3973.42
3973.42
3903.87
3903.87
3274.95
3274.95
4654.79
4654.79
5137.90
5137.90
5817.51
5817.51
2353.82
2353.82
438.62
438.62
7171.16
7171.16
580.49
580.49
129.47
129.47
8005.01
8005.01
1476.12
1476.12
331.21
331.21
1004.84
1004.84
9063.57
9063.57
976.91
976.91
489.86
489.86
440.77
440.77
503.66
503.66
9192.04
9192.04
10.00
10.00
44.73
44.73
7732.91
7732.91
485.39
485.39
84.54
84.54
3617.94
3617.94
10.00
10.00
10.00
10.00
7816.06
7816.06
56.51
56.51
984.78
984.78
13002.24
13002.24
13002.24
13002.24
13002.24
13002.24
13002.24
13002.24
13002.24
13002.24
13002.24
13002.24
2428.00
2428.00
2428.00
2428.00
2428.00
2428.00
54.68
54.68
203.26
203.26
274.47
274.47
4336.22
4336.22
5386.64
5386.64
3568.50
3568.50
5123.25
5123.25
6220.09
6220.09
428.88
428.88
520.56
520.56
513.94
513.94
238.84
238.84
730.63
730.63
1512.72
1512.72
5905.43
5905.43
8340.88
8340.88
8189.43
8189.43
1629.11
1629.11
4295.34
4295.34
7707.16
7707.16
7707.16
7707.16
9754.99
9754.99
9754.99
9754.99
10299.58
10299.58
10299.58
10299.58
10299.58
10299.58
10299.58
10299.58
10299.58
10299.58
6619.98
6619.98
3878.74
3878.74
1353.43
1353.43
638.31
638.31
325.27
325.27
497.44
497.44
7880.31
7880.31
1719.51
1719.51
10.00
10.00
81.66
81.66
1031.21
1031.21
10.00
10.00
2920.74
2920.74
2640.41
2640.41
6546.56
6546.56
243.62
243.62
6517.81
6517.81
6517.81
6517.81
6517.81
6517.81
5258.13
5258.13
5258.13
5258.13
6144.19
6144.19
474.31
474.31
155.35
155.35
1957.90
1957.90
6039.32
6039.32
7438.41
7438.41
6011.96
6011.96
3017.21
3017.21
8648.87
8648.87
4217.28
4217.28
2819.54
2819.54
1219.80
1219.80
8526.86
8526.86
249.03
249.03
1944.30
1944.30
4773.08
4773.08
9143.92
9143.92
9156.15
9156.15
4589.32
4589.32
4589.32
4589.32
1004.64
1004.64
9372.70
9372.70
9372.70
9372.70
1200.76
1200.76
1493.79
1493.79
86.89
86.89
147.84
147.84
306.29
306.29
421.63
421.63
223.39
223.39
35.56
35.56
1215.05
1215.05
481.11
481.11
1391.84
1391.84
10065.79
10065.79
1980.49
1980.49
578.13
578.13
491.24
491.24
83.47
83.47
233.01
233.01
701.35
701.35
379.67
379.67
436.61
436.61
352.30
352.30
498.00
498.00
18.50
18.50
6147.70
6147.70
7420.32
7420.32
3801.74
3801.74
273.19
273.19
1600.03
1600.03
319.50
319.50
36.15
36.15
75.35
75.35
1189.02
1189.02
4352.36
4352.36
636.56
636.56
5273.77
5273.77
11195.37
11195.37
10.00
10.00
6314.75
6314.75
1675.17
1675.17
5020.74
5020.74
210.43
210.43
1646.34
1646.34
1936.78
1936.78
2015.03
2015.03
1206.35
1206.35
28.44
28.44
72.96
72.96
2101.90
2101.90
10.00
10.00
558.91
558.91
18.54
18.54
27.78
27.78
439.43
439.43
3515.94
3515.94
324.17
324.17
1464.69
1464.69
6227.91
6227.91
318.43
318.43
374.68
374.68
762.88
762.88
18.39
18.39
1011.38
1011.38
65.61
65.61
276.84
276.84
3979.33
3979.33
45.66
45.66
18.67
18.67
10.00
10.00
10.00
10.00
3103.31
3103.31
3371.40
3371.40
4866.06
4866.06
10.00
10.00
10.00
10.00
109.37
109.37
116.46
116.46
52.12
52.12
8730.64
8730.64
1955.64
1955.64
387.15
387.15
365.78
365.78
4997.99
4997.99
6507.00
6507.00
3196.59
3196.59
4778.25
4778.25
2190.23
2190.23
486.26
486.26
407.15
407.15
2965.24
2965.24
75.51
75.51
137.09
137.09
503.79
503.79
1963.28
1963.28
10367.76
10367.76
10.00
10.00
5168.20
5168.20
1126.03
1126.03
5891.73
5891.73
3300.21
3300.21
5275.78
5275.78
205.98
205.98
700.98
700.98
5806.23
5806.23
607.07
607.07
9498.15
9498.15
3730.61
3730.61
1436.82
1436.82
117.69
117.69
861.25
861.25
1143.40
1143.40
510.85
510.85
644.07
644.07
12175.02
12175.02
15997.62
15997.62
878.09
878.09
11664.84
11664.84
7821.75
7821.75
588.23
588.23
261.82
261.82
9688.64
9688.64
10.00
10.00
12659.84
12659.84
11983.40
11983.40
11983.40
11983.40
11983.40
11983.40
3087.59
3087.59
6339.37
6339.37
1577.50
1577.50
3941.80
3941.80
1321.48
1321.48
5767.09
5767.09
2305.58
2305.58
12413.00
12413.00
499.39
499.39
53.83
53.83
7838.91
7838.91
10.00
10.00
5569.04
5569.04
7654.79
7654.79
293.31
293.31
3329.65
3329.65
18.51
18.51
1544.49
1544.49
423.23
423.23
10.00
10.00
189.57
189.57
636.57
636.57
127.32
127.32
92.90
92.90
866.32
866.32
6300.35
6300.35
144.62
144.62
15787.42
15787.42
8426.71
8426.71
27.24
27.24
5118.54
5118.54
8629.56
8629.56
12097.75
12097.75
4915.62
4915.62
2592.84
2592.84
2760.42
2760.42
4881.79
4881.79
4881.79
4881.79
4881.79
4881.79
4881.79
4881.79
4024.67
4024.67
3849.87
3849.87
3988.32
3988.32
4511.89
4511.89
4511.89
4511.89
4511.89
4511.89
4511.89
4511.89
4511.89
4511.89
4908.94
4908.94
5153.36
5153.36
5153.36
5153.36
5153.36
5153.36
5461.71
5461.71
5461.71
5461.71
4296.43
4296.43
2340.98
2340.98
5670.59
5670.59
5670.59
5670.59
5814.75
5814.75
5814.75
5814.75
5814.75
5814.75
5814.75
5814.75
5814.75
5814.75
3052.08
3052.08
3052.08
3052.08
3052.08
3052.08
3375.48
3375.48
1399.68
1399.68
2228.89
2228.89
2714.47
2714.47
3172.89
3172.89
4015.85
4015.85
1907.67
1907.67
4029.86
4029.86
4076.00
4076.00
4733.90
4733.90
138.92
138.92
5678.10
5678.10
5678.10
5678.10
686.61
686.61
525.82
525.82
5432.60
5432.60
5213.28
5213.28
2382.29
2382.29
2608.55
2608.55
4547.03
4547.03
10.00
10.00
6071.82
6071.82
6071.82
6071.82
6048.62
6048.62
6048.62
6048.62
3743.25
3743.25
3743.25
3743.25
3743.25
3743.25
18.35
18.35
2614.61
2614.61
2776.74
2776.74
7020.72
7020.72
7020.72
7020.72
7020.72
7020.72
7338.48
7338.48
8501.33
8501.33
55.19
55.19
2592.39
2592.39
3155.93
3155.93
3309.25
3309.25
3309.25
3309.25
3309.25
3309.25
715.09
715.09
2167.35
2167.35
5090.83
5090.83
5327.24
5327.24
5327.24
5327.24
5327.24
5327.24
5516.31
5516.31
4683.03
4683.03
18.49
18.49
157.69
157.69
587.02
587.02
490.91
490.91
1766.70
1766.70
4626.55
4626.55
7947.31
7947.31
2468.88
2468.88
591.92
591.92
81.48
81.48
168.28
168.28
433.86
433.86
1544.40
1544.40
92.71
92.71
2502.01
2502.01
2214.85
2214.85
236.38
236.38
743.04
743.04
10.00
10.00
3013.71
3013.71
4387.05
4387.05
5960.18
5960.18
3812.17
3812.17
2282.68
2282.68
1150.63
1150.63
8797.98
8797.98
1963.01
1963.01
10596.55
10596.55
6904.35
6904.35
184.24
184.24
882.50
882.50
8063.10
8063.10
5460.00
5460.00
408.31
408.31
4067.85
4067.85
7146.31
7146.31
2717.54
2717.54
1697.63
1697.63
36.83
36.83
2048.57
2048.57
2928.18
2928.18
845.89
845.89
356.90
356.90
10.00
10.00
10.00
5597.21
5597.21
82.45
82.45
10631.94
10631.94
4577.81
4577.81
568.93
568.93
9864.07
9864.07
443.28
28.18
28.18
28.18
2662.70
2662.70
6252.07
6252.07
535.91
535.91
10.00
10.00
3150.74
3150.74
4458.11
4458.11
10185.47
10185.47
10230.35
10230.35
1253.37
1253.37
4914.00
4914.00
4914.00
91.68
91.68
91.68
10.00
10.00
10.00
115.24
8612.46
8612.46
149.25
149.25
46.38
46.38
569.63
569.63
2931.27
2931.27
4982.92
4982.92
1047.51
1047.51
554.90
554.90
9593.64
9593.64
10941.63
10941.63
9954.05
9954.05
10484.41
10484.41
11806.21
11806.21
11806.21
11806.21
11806.21
11806.21
7446.45
7446.45
7446.45
7446.45
5170.43
5170.43
45.58
45.58
54.06
54.06
369.39
369.39
86.68
86.68
36.86
36.86
475.82
475.82
2974.01
2974.01
1075.06
1075.06
53.45
53.45
89.29
89.29
454.72
454.72
108.38
108.38
127.71
127.71
783.88
783.88
44.38
44.38
5234.14
5234.14
1249.74
1249.74
10289.26
10289.26
10.00
10.00
10347.23
10347.23
10303.20
10303.20
2352.37
2352.37
349.99
349.99
443.03
443.03
10.00
10.00
100.31
100.31
47.87
47.87
485.43
485.43
10.00
10.00
10.00
10.00
10.00
10.00
110.35
110.35
515.38
515.38
15.95
15.95
7355.94
7355.94
9055.02
9055.02
302.64
302.64
54.19
54.19
867.25
867.25
1900.91
1900.91
162.34
162.34
10.00
10.00
8774.54
8774.54
9183.01
9183.01
10263.80
10263.80
10263.80
10263.80
10263.80
10263.80
10263.80
10263.80
476.07
476.07
3084.41
3084.41
1969.52
1969.52
317.94
317.94
2518.44
2518.44
2518.44
2518.44
3963.78
3963.78
3963.78
3963.78
4915.46
4915.46
1963.18
1963.18
2380.49
2380.49
240.49
240.49
2249.38
2249.38
3641.05
3641.05
54.55
54.55
479.27
479.27
958.65
958.65
5931.02
5931.02
5931.02
5931.02
5931.02
5931.02
5931.02
5931.02
2483.03
2483.03
2483.03
2483.03
2750.36
2750.36
2800.92
2800.92
435.07
435.07
1290.30
1290.30
1290.30
1290.30
313.17
313.17
3019.54
3019.54
3313.51
3313.51
3313.51
3313.51
3639.75
3639.75
3652.37
3652.37
3652.37
3652.37
3652.37
3652.37
3609.13
3609.13
3652.39
3652.39
668.78
668.78
3633.86
3633.86
3660.86
3660.86
3586.49
3586.49
3586.49
3586.49
3593.66
3593.66
3914.64
3914.64
4184.48
4184.48
4327.67
4327.67
4327.67
4327.67
4327.67
4327.67
4327.67
4327.67
4327.67
4327.67
4677.49
4677.49
718.45
718.45
3088.21
3088.21
5208.24
5208.24
5756.23
5756.23
5756.23
5756.23
4218.45
4218.45
4218.45
4218.45
4218.45
4218.45
4218.45
4218.45
4218.45
4218.45
5660.16
5660.16
5644.27
5644.27
6024.88
6024.88
180.50
180.50
3327.02
3327.02
610.30
610.30
3428.40
3428.40
18.55
18.55
3965.60
3965.60
2997.79
2997.79
336.01
336.01
5717.60
5717.60
7265.39
7265.39
26.18
26.18
4966.63
4966.63
5632.37
5632.37
3589.91
3589.91
2261.38
2261.38
154.22
154.22
10.00
10.00
63.09
63.09
490.65
490.65
281.31
281.31
55.95
55.95
436.57
436.57
8769.58
8769.58
10.00
10.00
469.59
469.59
1046.22
1046.22
2967.37
2967.37
55.51
55.51
791.60
791.60
491.51
491.51
228.88
228.88
6210.80
6210.80
9506.74
9506.74
9225.87
9225.87
44.47
44.47
4652.25
4652.25
6495.39
6495.39
3979.22
3979.22
536.46
536.46
2174.08
2174.08
10441.85
10441.85
10441.85
10441.85
365.04
365.04
2884.89
2884.89
10.00
10.00
1946.61
1946.61
2580.82
2580.82
3035.37
3035.37
388.19
388.19
5001.32
5001.32
1727.64
1727.64
11272.81
11272.81
11272.81
11272.81
5409.33
5409.33
5409.33
5409.33
7823.49
7823.49
18.66
18.66
10.00
10.00
10.00
10.00
29.43
29.43
9211.30
9211.30
7724.15
7724.15
2762.21
2762.21
1127.83
1127.83
4847.81
4847.81
658.11
658.11
10.00
10.00
3000.37
3000.37
1703.75
1703.75
11368.11
11368.11
12089.35
12089.35
5706.07
5706.07
5706.07
5706.07
5706.07
5706.07
5706.07
5706.07
12350.03
12350.03
12767.25
12767.25
12767.25
12767.25
12284.46
12284.46
12284.46
12284.46
12284.46
12284.46
12284.46
12284.46
12284.46
12284.46
12284.46
12284.46
6419.30
6419.30
13309.39
13309.39
12944.31
12944.31
13234.91
13234.91
13397.59
13397.59
3712.63
3712.63
13627.67
13627.67
6190.36
6190.36
1107.90
1107.90
236.89
236.89
4186.02
4186.02
156.84
156.84
4427.23
4427.23
13641.77
13641.77
3452.90
3452.90
215.96
215.96
3318.44
3318.44
64.47
64.47
18.57
18.57
173.11
173.11
36.88
36.88
108.09
108.09
74.02
74.02
997.64
997.64
487.82
487.82
1764.41
1764.41
716.65
716.65
5014.39
5014.39
12236.73
12236.73
505.19
505.19
13515.71
13515.71
952.14
952.14
13772.44
13772.44
13772.44
13772.44
12985.28
12985.28
10960.92
10960.92
10960.92
10960.92
54.73
54.73
12552.00
12552.00
18.51
18.51
520.69
520.69
43.75
43.75
3028.82
3028.82
696.14
696.14
322.63
322.63
124.94
124.94
498.21
498.21
57.31
57.31
486.25
486.25
10.00
10.00
188.33
188.33
174.10
174.10
692.70
692.70
12243.88
12243.88
5730.58
5730.58
12301.20
12301.20
12301.20
12301.20
12301.20
12301.20
3482.84
3482.84
4268.49
4268.49
6024.19
6024.19
127.46
127.46
45.48
45.48
4770.98
4770.98
10.00
10.00
502.35
502.35
289.77
289.77
10.00
10.00
6312.73
6312.73
6312.73
6312.73
10.00
10.00
488.19
488.19
1128.60
1128.60
36.05
36.05
303.82
303.82
78.78
78.78
123.75
123.75
45.60
45.60
297.08
297.08
10.00
10.00
585.31
585.31
111.37
111.37
1121.59
1121.59
130.49
130.49
809.79
809.79
1104.06
1104.06
401.72
401.72
10.00
10.00
2162.75
2162.75
482.86
482.86
2517.57
2517.57
4001.07
4001.07
10.00
10.00
578.51
578.51
18.23
18.23
889.51
889.51
5459.97
5459.97
165.32
165.32
1446.97
1446.97
10.00
10.00
406.99
406.99
2074.01
2074.01
225.69
225.69
73.79
73.79
5071.46
5071.46
4706.17
4706.17
5769.55
5769.55
2042.04
2042.04
5205.18
5205.18
2183.50
2183.50
2014.68
2014.68
36.05
36.05
172.79
172.79
27.63
27.63
2645.75
2645.75
27.83
27.83
9127.82
9127.82
4174.27
4174.27
501.44
501.44
848.08
848.08
9232.64
9232.64
2769.08
2769.08
388.92
388.92
10.00
10.00
9424.92
9424.92
7854.41
7854.41
1557.23
1557.23
2432.02
2432.02
2040.75
2040.75
55.90
55.90
25.68
25.68
7947.59
7947.59
1746.91
1746.91
2665.66
2665.66
8300.30
8300.30
6457.07
6457.07
864.59
864.59
496.92
496.92
2141.29
2141.29
103.20
103.20
3150.81
3150.81
888.72
888.72
5257.77
5257.77
2122.48
2122.48
9138.84
9138.84
9138.84
9138.84
9138.84
9138.84
127.20
127.20
11083.64
11083.64
1100.46
1100.46
10.00
10.00
285.88
285.88
6019.96
6019.96
1517.45
1517.45
495.28
495.28
11604.49
11604.49
27.41
27.41
120.46
120.46
46.02
46.02
10.00
10.00
29.59
29.59
502.38
502.38
12796.42
12796.42
1810.45
1810.45
2495.17
2495.17
982.70
982.70
390.51
390.51
5135.97
5135.97
502.56
502.56
2140.43
2140.43
866.05
866.05
18.17
18.17
11170.53
11170.53
11170.53
11170.53
11170.53
11170.53
35.91
35.91
1574.42
1574.42
848.46
848.46
498.13
498.13
10.00
10.00
10497.97
10497.97
9708.97
9708.97
11543.53
11543.53
92.31
92.31
11377.49
11377.49
7689.13
7689.13
525.87
525.87
2281.40
2281.40
1250.76
1250.76
12467.72
12467.72
6077.39
6077.39
7580.56
7580.56
3283.89
3283.89
1203.24
1203.24
6066.47
6066.47
1428.20
1428.20
10.00
10.00
484.15
484.15
10.00
10.00
374.02
374.02
1300.91
1300.91
166.86
166.86
8084.72
8084.72
1086.83
1086.83
2324.58
2324.58
1014.45
1014.45
943.13
943.13
10357.48
10357.48
3396.76
3396.76
9325.38
9325.38
9111.36
9111.36
10341.33
10341.33
1538.84
1538.84
1490.01
1490.01
4942.04
4942.04
1194.17
1194.17
483.12
483.12
5765.68
5765.68
2597.89
2597.89
8924.73
8924.73
4876.51
4876.51
9350.91
9350.91
2445.20
2445.20
5015.33
5015.33
7421.82
7421.82
10190.66
10190.66
488.95
488.95
1880.96
1880.96
10268.24
10268.24
9693.31
9693.31
10463.36
10463.36
10.00
10.00
4073.72
4073.72
497.90
497.90
8712.96
8712.96
153.06
153.06
4478.86
4478.86
10.00
10.00
6902.64
6902.64
185.86
185.86
491.03
491.03
2538.78
2538.78
3548.76
3548.76
108.72
108.72
205.60
205.60
11819.58
11819.58
116.65
116.65
10.00
10.00
582.51
582.51
4896.30
4896.30
482.65
482.65
10177.38
10177.38
498.06
498.06
6002.15
6002.15
144.47
144.47
2992.42
2992.42
2790.31
2790.31
5495.55
5495.55
12519.92
12519.92
584.55
584.55
4645.90
4645.90
6395.83
6395.83
36.89
36.89
36.89
7150.91
7150.91
94.36
94.36
120.77
120.77
395.91
395.91
10.00
10.00
423.10
423.10
286.09
286.09
18.52
18.52
136.13
91.33
91.33
91.33
168.00
168.00
63.86
63.86
63.86
788.53
422.58
422.58
684.50
684.50
2805.82
2805.82
4309.79
4309.79
960.13
960.13
1895.20
1895.20
4400.90
4400.90
5786.00
5786.00
1031.21
1031.21
189.84
189.84
400.62
400.62
10.00
10.00
485.81
485.81
2640.46
2640.46
216.99
216.99
18.08
18.08
1367.14
1367.14
453.95
453.95
297.80
297.80
495.89
495.89
274.84
274.84
10.00
10.00
80.53
80.53
16.30
16.30
478.18
478.18
1328.55
1328.55
3914.01
3914.01
10.00
10.00
5390.22
5390.22
4843.26
4843.26
4843.26
4843.26
3765.12
3765.12
6681.42
6681.42
6616.26
6616.26
7700.19
7700.19
1001.69
1001.69
2998.76
2998.76
289.46
289.46
198.43
198.43
120.50
120.50
25.17
25.17
824.07
824.07
6764.21
6764.21
4962.30
4962.30
743.36
743.36
8227.72
8227.72
10.00
10.00
927.22
927.22
17.85
17.85
6302.41
6302.41
2196.88
2196.88
2307.08
2307.08
228.20
228.20
491.14
491.14
1569.22
1569.22
9650.50
9650.50
4032.45
4032.45
4653.10
4653.10
2850.72
