# 1Hz Kbps trace generated by import_real_world_traces.py
288.56
288.56
289.28
27.98
42.06
31.25
385.89
385.89
1823.74
1207.36
49.13
49.13
234.03
234.03
1014.12
1014.12
112.58
112.58
33.08
33.08
1183.97
1183.97
160.88
160.88
104.10
104.10
29.11
29.11
1128.33
1128.33
53.19
53.19
35.91
35.91
1725.58
1725.58
1725.58
24.88
24.88
162.81
162.81
19.54
1570.56
1570.56
929.25
929.25
306.99
306.99
21.54
21.54
248.11
248.11
185.59
185.59
37.07
37.07
16.15
16.15
16.88
16.88
24.43
24.43
118.13
118.13
32.85
32.85
2685.48
2685.48
3145.35
3145.35
880.05
880.05
2576.71
2576.71
3076.15
3076.15
2829.94
2829.94
1158.03
1158.03
4165.33
4165.33
3090.15
3090.15
6639.13
6639.13
6306.22
6306.22
6538.09
6538.09
6666.42
6666.42
1515.35
1515.35
426.87
426.87
5706.21
5706.21
44.84
44.84
1161.44
1161.44
6658.27
6658.27
68.60
68.60
4510.79
4510.79
7348.99
7348.99
7028.34
7028.34
1479.39
1479.39
86.63
86.63
2418.22
2418.22
8408.58
8408.58
6322.16
6322.16
5996.46
5996.46
4349.27
4349.27
74.11
74.11
119.85
119.85
134.25
134.25
25.05
25.05
4985.92
4985.92
1258.76
1258.76
6716.48
6716.48
374.39
374.39
12.63
12.63
292.16
292.16
5556.94
5556.94
10507.88
10507.88
9768.80
9768.80
2311.22
2311.22
4613.80
4613.80
4616.57
4616.57
899.17
899.17
751.18
751.18
6681.04
6681.04
6271.38
6271.38
11041.50
