# 1Hz Kbps trace generated by import_real_world_traces.py
4921.04
10481.62
10481.62
480.27
480.27
2957.84
2957.84
993.76
993.76
342.62
342.62
903.34
903.34
1079.95
1079.95
712.86
712.86
4756.30
4756.30
476.32
476.32
64.26
64.26
1342.55
1342.55
468.65
468.65
3121.63
3121.63
15141.48
15141.48
15141.48
15141.48
497.66
497.66
2088.10
2088.10
10424.22
10424.22
3466.39
3466.39
12331.05
12331.05
3815.03
3815.03
547.82
547.82
263.60
263.60
1371.93
1371.93
86.54
86.54
228.98
228.98
23.96
23.96
1779.52
1779.52
6369.09
6369.09
5346.02
5346.02
3489.80
3489.80
72.60
72.60
7705.66
7705.66
92.47
92.47
369.43
369.43
943.07
943.07
1162.47
1162.47
670.79
670.79
14.22
14.22
16.93
16.93
938.22
938.22
2824.31
2824.31
492.03
492.03
1011.91
1011.91
454.62
454.62
18.48
18.48
8398.43
8398.43
1248.10
1248.10
597.34
597.34
15.79
15.79
15.79
15.79
15.79
15.79
15.79
164.33
164.33
392.20
