# 1Hz Kbps trace generated by import_real_world_traces.py
1292.71
204.60
39.46
1370.77
3258.60
3258.60
147.44
166.62
166.62
166.62
5300.78
3178.63
3178.63
42.67
42.67
6633.41
6633.41
6633.41
5404.62
5404.62
5201.52
6616.41
6616.41
7931.36
7931.36
897.74
897.74
2710.78
2710.78
2710.78
9983.20
9983.20
59.72
14.05
14.05
14.05
1024.55
1024.55
306.81
95.43
95.43
95.43
42.37
42.37
374.21
374.21
59.16
59.16
716.93
1030.36
1030.36
1030.36
168.51
166.62
166.62
166.62
799.70
128.30
128.30
128.30
229.45
229.45
44.13
797.99
797.99
797.99
622.38
622.38
634.47
634.47
914.10
914.10
7580.71
7580.71
8271.90
8271.90
67.07
67.07
262.43
262.43
9157.54
1692.96
1692.96
1692.96
5199.11
5199.11
1761.09
1083.73
1083.73
2967.18
2967.18
85.06
85.06
1061.72
1061.72
1061.72
1869.83
1869.83
1796.87
1796.87
428.20
422.79
422.79
422.79
344.11
344.11
470.30
470.30
1029.08
1029.08
62.43
1021.84
1021.84
1021.84
406.22
406.22
247.61
247.61
125.50
125.50
10.00
10.00
58.72
58.72
356.78
10.00
10.00
10.00
1270.05
1270.05
159.84
159.84
142.21
142.21
32.81
9358.24
9358.24
9358.24
3270.86
4722.22
4722.22
4722.22
7915.37
7915.37
10557.99
10557.99
1018.89
1018.89
2298.83
2298.83
191.45
191.45
415.50
415.50
357.15
1028.15
1028.15
1028.15
8041.01
92.27
92.27
188.72
188.72
188.72
350.95
350.95
17.92
17.92
85.13
121.97
121.97
121.97
121.74
121.74
354.99
354.99
212.52
212.52
33.38
33.38
291.35
291.35
27.46
27.46
112.43
112.43
369.45
369.45
833.39
3687.17
3687.17
3334.13
3334.13
3334.13
4775.89
4775.89
3596.32
3596.32
425.77
425.77
562.97
562.97
461.82
461.82
48.77
529.55
529.55
529.55
433.69
433.69
155.70
155.70
401.55
401.55
89.31
773.70
773.70
773.70
1005.53
524.53
524.53
524.53
1116.12
64.34
64.34
64.34
42.60
42.60
1021.93
1021.93
10.00
10.00
1006.96
331.28
331.28
329.38
329.38
329.38
54.05
54.05
264.46
264.46
1032.64
1032.64
4981.87
45.39
45.39
45.39
3417.39
3417.39
7490.74
7490.74
921.68
921.68
123.06
123.06
1017.99
1017.99
64.65
64.65
632.54
632.54
3240.91
3240.91
5692.47
5692.47
2765.46
2765.46
4712.14
4712.14
187.93
187.93
440.72
440.72
29.87
29.87
20.65
20.65
210.71
210.71
37.21
37.21
230.59
230.59
3252.80
3252.80
2612.24
2612.24
9071.09
9071.09
1027.02
1027.02
2721.81
2721.81
124.46
124.46
198.07
198.07
2553.13
2553.13
1028.34
1028.34
207.90
207.90
76.80
76.80
210.02
210.02
177.75
177.75
144.81
144.81
82.86
82.86
62.41
62.41
261.48
261.48
131.09
131.09
54.75
54.75
73.80
73.80
33.13
33.13
4925.48
4925.48
900.47
900.47
7363.66
7363.66
3483.29
3483.29
1812.55
1812.55
367.60
367.60
59.62
59.62
209.28
209.28
87.64
87.64
61.89
61.89
313.31
313.31
7666.65
7666.65
459.05
459.05
991.01
991.01
8569.67
8569.67
582.06
582.06
21.77
21.77
1275.69
1275.69
43.44
43.44
13.50
13.50
12.31
12.31
10.00
10.00
204.29
204.29
40.50
40.50
675.88
675.88
31.36
31.36
2358.04
2358.04
5737.98
5737.98
1143.96
1143.96
7226.10
7226.10
219.19
219.19
870.54
870.54
435.14
435.14
49.38
49.38
61.17
61.17
31.78
31.78
97.90
97.90
14.86
14.86
1836.22
1836.22
10.00
10.00
148.22
148.22
168.26
168.26
63.42
63.42
127.84
127.84
76.91
76.91
10.00
10.00
831.07
831.07
1013.98
1013.98
683.95
683.95
5552.81
5552.81
4435.93
4435.93
4827.19
4827.19
7850.36
7850.36
7850.36
7850.36
190.51
190.51
85.23
85.23
176.57
176.57
1151.63
1151.63
4267.18
4267.18
4267.18
4267.18
9744.75
9744.75
2872.23
2872.23
5187.84
5187.84
5545.88
5545.88
5545.88
5545.88
66.30
66.30
2838.05
2838.05
3170.17
3170.17
3591.75
3591.75
3490.39
3490.39
3490.39
3490.39
3490.39
3490.39
3888.37
3888.37
3888.37
3888.37
4684.59
4684.59
5639.86
5639.86
1113.10
1113.10
1835.66
1835.66
5479.88
5479.88
80.27
80.27
5313.16
5313.16
15.19
15.19
6164.40
6164.40
3882.20
3882.20
9643.90
9643.90
9643.90
9643.90
107.88
107.88
4917.46
4917.46
6831.43
6831.43
13.23
13.23
155.69
155.69
36.75
36.75
5362.30
5362.30
5362.30
5362.30
3876.51
3876.51
8337.87
8337.87
8337.87
8337.87
8337.87
8337.87
148.18
148.18
10474.38
10474.38
10474.38
10474.38
10474.38
10474.38
10474.38
10474.38
4298.99
4298.99
8258.62
8258.62
11519.14
11519.14
577.58
577.58
4128.07
4128.07
4128.07
4128.07
136.13
136.13
1673.51
1673.51
121.92
121.92
6573.08
6573.08
6573.08
6573.08
6573.08
6573.08
6573.08
6573.08
2820.32
2820.32
2794.66
2794.66
2934.21
2934.21
3003.32
3003.32
2913.74
2913.74
2905.03
2905.03
3516.90
3516.90
3285.85
3285.85
2112.40
2112.40
391.87
391.87
1015.16
1015.16
540.64
540.64
5308.60
5308.60
62.78
62.78
292.01
292.01
89.66
89.66
11.13
11.13
103.39
103.39
297.07
297.07
27.73
27.73
258.01
258.01
1758.65
1758.65
5553.68
5553.68
9469.91
9469.91
9714.69
9714.69
16.49
16.49
8990.33
8990.33
8990.33
8990.33
8990.33
8990.33
8990.33
8990.33
8990.33
8990.33
8990.33
8990.33
8990.33
8990.33
8990.33
8990.33
4851.98
4851.98
9512.10
9512.10
10096.95
10096.95
9265.05
9265.05
8743.53
8743.53
1921.50
1921.50
3292.90
3292.90
1416.43
1416.43
1237.25
1237.25
41.79
41.79
28.32
28.32
555.50
555.50
10.00
10.00
1838.59
1838.59
1109.56
1109.56
94.05
94.05
350.14
350.14
20.93
20.93
277.83
277.83
14.88
14.88
20.66
20.66
280.89
280.89
20.83
20.83
84.93
84.93
1024.72
1024.72
4349.00
4349.00
1030.69
1030.69
2074.09
2074.09
61.79
61.79
204.07
204.07
20.78
20.78
14.53
14.53
1834.27
1834.27
13.49
13.49
459.03
459.03
134.24
134.24
9971.22
9971.22
3932.18
3932.18
10488.10
10488.10
9978.82
9978.82
7835.45
7835.45
1657.35
1657.35
64.15
64.15
1055.02
1055.02
18.35
18.35
32.62
32.62
253.60
253.60
293.77
293.77
91.13
91.13
14.85
14.85
1033.75
1033.75
233.92
233.92
125.06
125.06
591.39
591.39
334.34
334.34
27.16
27.16
2255.46
2255.46
66.02
66.02
15.73
15.73
68.80
68.80
917.40
917.40
65.57
65.57
1360.40
1360.40
1562.76
1562.76
3886.61
3886.61
7443.13
7443.13
3530.28
3530.28
1022.04
1022.04
7909.48
7909.48
6668.34
6668.34
3135.44
3135.44
9172.28
9172.28
9172.28
9172.28
9396.59
9396.59
4453.34
4453.34
9753.10
9753.10
9667.63
9667.63
3319.49
3319.49
90.92
90.92
44.92
44.92
9615.56
9615.56
107.63
107.63
206.09
206.09
5096.85
5096.85
30.69
30.69
3471.67
3471.67
1017.49
1017.49
78.25
78.25
598.03
598.03
21.24
21.24
728.19
728.19
6714.32
6714.32
346.74
346.74
1008.96
1008.96
469.79
469.79
5569.05
5569.05
148.73
148.73
387.35
387.35
3287.40
3287.40
15.15
15.15
6923.98
6923.98
118.37
118.37
1915.04
1915.04
1103.61
1103.61
7086.00
7086.00
1015.21
1015.21
7106.55
7106.55
62.56
62.56
10800.61
10800.61
123.94
123.94
907.18
907.18
4359.25
4359.25
4359.25
4359.25
5066.13
5066.13
5066.13
5066.13
6157.84
6157.84
10123.09
10123.09
10123.09
10123.09
10123.09
10123.09
74.77
74.77
4892.46
4892.46
4892.46
4892.46
9065.23
9065.23
9065.23
9065.23
9065.23
9065.23
9065.23
9065.23
212.81
212.81
10334.52
10334.52
3918.05
3918.05
5052.62
5052.62
73.33
73.33
2462.89
2462.89
1711.86
1711.86
9038.92
9038.92
11047.14
11047.14
11047.14
11047.14
5987.70
5987.70
9957.49
9957.49
29.32
29.32
14.41
14.41
244.30
244.30
908.62
908.62
67.31
67.31
2535.09
2535.09
8890.80
8890.80
8890.80
8890.80
8890.80
8890.80
8890.80
8890.80
8890.80
8890.80
11462.65
11462.65
11734.21
11734.21
59.35
59.35
5723.31
5723.31
5723.31
5723.31
9758.24
9758.24
9758.24
9758.24
9758.24
9758.24
9758.24
9758.24
9758.24
9758.24
12072.44
12072.44
59.87
59.87
20.53
20.53
237.39
237.39
5291.45
5291.45
206.98
206.98
11284.57
11284.57
10839.77
10839.77
2416.89
2416.89
14.92
14.92
10.00
10.00
1095.86
1095.86
285.87
285.87
29.17
29.17
11835.03
11835.03
12018.82
12018.82
10971.63
10971.63
237.04
237.04
10858.89
10858.89
29.23
29.23
5614.62
5614.62
5314.67
5314.67
4260.49
4260.49
47.29
47.29
18.64
18.64
563.80
563.80
21.55
21.55
13211.79
13211.79
13211.79
11881.47
4568.51
4568.51
4568.51
1032.93
1032.93
318.87
4172.26
4172.26
4172.26
1022.41
1022.41
56.47
56.47
2490.34
2490.34
1551.95
1551.95
76.28
76.28
3538.48
3538.48
10860.54
10860.54
1020.41
2958.79
2958.79
2958.79
7297.22
7297.22
10249.97
10249.97
15.85
15.85
3329.97
3329.97
4518.69
4518.69
5964.69
5964.69
2373.51
2373.51
9077.21
9077.21
21.31
21.31
505.25
505.25
89.42
89.42
538.07
538.07
1031.92
1031.92
5789.64
5789.64
2373.10
2373.10
1031.33
1031.33
359.45
359.45
29.41
29.41
45.71
45.71
172.02
172.02
183.39
183.39
428.32
428.32
29.75
29.75
144.30
144.30
1006.64
1006.64
8907.09
203.85
203.85
203.85
9004.53
9004.53
2351.11
2351.11
4960.96
4960.96
143.03
143.03
204.52
204.52
290.18
290.18
81.39
81.39
1035.49
1035.49
125.06
125.06
10.00
10.00
118.27
118.27
1116.37
1116.37
9815.57
9815.57
1061.80
1061.80
4901.72
4901.72
2972.38
2972.38
20.96
20.96
18.41
18.41
3842.38
3842.38
1702.60
1702.60
4325.67
4325.67
7659.51
7659.51
3644.08
3644.08
10672.18
10672.18
1650.76
1650.76
357.48
76.10
76.10
76.10
1054.24
1054.24
81.06
81.06
10.00
10.00
656.53
656.53
151.67
151.67
20.76
20.76
119.68
119.68
579.80
579.80
213.32
213.32
1165.30
1165.30
127.68
127.68
9492.06
9492.06
9255.91
9255.91
9677.38
9677.38
186.44
186.44
185.79
185.79
3465.62
3465.62
615.99
615.99
920.11
920.11
14.67
14.67
526.43
526.43
21.02
21.02
214.13
214.13
1031.35
1031.35
10119.94
10119.94
11681.95
11681.95
7232.07
7232.07
177.47
177.47
2052.18
2052.18
1056.40
1056.40
234.67
234.67
18.42
18.42
208.74
208.74
67.75
67.75
5054.38
5054.38
7308.80
7308.80
9917.31
9917.31
198.64
198.64
633.74
633.74
152.60
152.60
101.36
101.36
296.65
296.65
64.50
64.50
2211.08
2211.08
3201.29
3201.29
42.68
42.68
154.36
154.36
43.29
43.29
324.84
324.84
21.30
21.30
177.25
177.25
517.04
517.04
1028.84
1028.84
5674.37
5674.37
3551.36
3551.36
291.23
291.23
101.93
101.93
7624.17
7624.17
41.12
41.12
5160.90
5160.90
2819.87
2819.87
8055.85
8055.85
678.19
678.19
6979.69
6979.69
4023.56
4023.56
3318.05
3318.05
3042.32
3042.32
771.53
771.53
18.66
18.66
143.18
143.18
32.19
32.19
95.77
95.77
10775.87
10775.87
1032.89
1032.89
772.06
772.06
788.00
788.00
103.73
103.73
1411.93
1411.93
67.67
67.67
147.87
147.87
364.31
364.31
49.82
49.82
64.43
64.43
16.11
16.11
295.82
295.82
6353.33
6353.33
148.08
148.08
44.39
44.39
21.41
21.41
574.62
574.62
29.05
29.05
1095.32
1095.32
16.55
16.55
132.55
132.55
6036.44
6036.44
1806.83
1806.83
2681.09
2681.09
1307.72
1307.72
332.06
332.06
190.35
190.35
20.87
20.87
64.10
64.10
1093.94
1093.94
50.36
50.36
222.65
222.65
220.22
220.22
145.75
145.75
1004.93
1004.93
8262.05
8262.05
1027.35
1027.35
747.16
747.16
126.82
126.82
32.99
32.99
2116.53
2116.53
123.19
123.19
40.76
40.76
28.67
28.67
145.15
145.15
5448.77
5448.77
29.45
29.45
158.89
158.89
1024.31
1024.31
10444.86
10444.86
44.54
44.54
21.23
21.23
18.41
18.41
21.08
21.08
62.29
62.29
20.86
20.86
296.43
296.43
229.78
229.78
1004.51
1004.51
31.61
31.61
30.18
30.18
14.72
14.72
233.45
233.45
5580.52
5580.52
453.92
453.92
14.81
14.81
2840.51
2840.51
1043.50
1043.50
6493.72
6493.72
5433.20
5433.20
9883.59
9883.59
179.72
179.72
45.66
45.66
160.91
160.91
1571.83
1571.83
4151.86
4151.86
2527.69
2527.69
1016.08
1016.08
8151.33
8151.33
16.61
16.61
11774.80
11774.80
28.95
28.95
75.11
75.11
593.67
593.67
1030.15
1030.15
310.11
310.11
10.00
10.00
258.48
258.48
60.56
60.56
731.12
731.12
272.91
272.91
60.51
60.51
118.76
118.76
41.71
41.71
92.07
92.07
134.42
134.42
1009.57
1009.57
1089.88
1089.88
7283.80
7283.80
1453.89
1453.89
4521.43
4521.43
5239.27
5239.27
104.52
104.52
72.42
72.42
24.10
24.10
295.71
295.71
11377.52
11377.52
74.00
74.00
1022.76
1022.76
6003.95
6003.95
165.36
165.36
4230.80
4230.80
149.41
149.41
22.86
22.86
534.17
534.17
1103.87
1103.87
47.18
47.18
987.09
987.09
8946.36
8946.36
11750.01
11750.01
11750.01
11750.01
4648.47
4648.47
12759.29
12759.29
12759.29
12759.29
138.70
138.70
38.70
38.70
1112.05
1112.05
4028.03
4028.03
4028.03
4028.03
11049.03
11049.03
11049.03
11049.03
11049.03
11049.03
11049.03
11049.03
21.90
21.90
11824.93
11824.93
12299.32
12299.32
12299.32
12299.32
22.11
22.11
3116.33
3116.33
1108.16
1108.16
4976.83
4976.83
5641.44
5641.44
1031.63
1031.63
4060.39
4060.39
1009.61
1009.61
21.19
21.19
956.68
956.68
21.31
21.31
3804.58
3804.58
12160.93
12160.93
11618.04
11618.04
11618.04
11618.04
3456.50
3456.50
10523.68
10523.68
10523.68
10523.68
10523.68
10523.68
10523.68
10523.68
10523.68
10523.68
10523.68
10523.68
10523.68
10523.68
74.58
74.58
5597.54
5597.54
5597.54
5597.54
5688.27
5688.27
10818.07
10818.07
10818.07
10818.07
10818.07
10818.07
11022.60
11022.60
9661.01
9661.01
11270.03
11270.03
10513.57
10513.57
11029.03
11029.03
11517.11
11517.11
1011.65
1011.65
59.56
59.56
10428.80
10428.80
11873.72
11873.72
21.19
21.19
8456.09
8456.09
1159.85
1159.85
1031.88
1031.88
295.06
295.06
119.57
119.57
571.24
571.24
4079.87
4079.87
1505.11
1505.11
11986.80
11986.80
5034.16
5034.16
80.51
80.51
180.10
180.10
23.47
23.47
608.01
608.01
14.67
14.67
10.00
10.00
351.81
351.81
1708.39
1708.39
9200.85
9200.85
1024.22
1024.22
187.38
187.38
137.19
137.19
768.64
768.64
502.95
502.95
229.08
229.08
128.40
128.40
58.80
58.80
16.05
16.05
592.96
592.96
736.37
736.37
198.32
198.32
7373.15
7373.15
9868.01
9868.01
14.51
14.51
20.20
20.20
10669.53
10669.53
1018.79
1018.79
983.03
983.03
44.07
44.07
10.00
10.00
74.03
74.03
376.15
376.15
249.80
249.80
10.00
10.00
190.20
190.20
210.27
210.27
60.57
60.57
29.33
29.33
431.55
431.55
278.90
278.90
59.38
59.38
43.87
43.87
214.90
214.90
176.16
176.16
6496.54
6496.54
6106.99
6106.99
133.95
133.95
4244.95
4244.95
6677.26
6677.26
68.20
68.20
8406.64
8406.64
9059.50
9059.50
9982.87
9982.87
8959.12
8959.12
103.53
103.53
6141.23
6141.23
729.25
729.25
1086.07
1086.07
10.00
10.00
73.30
73.30
250.43
250.43
842.77
842.77
3368.76
3368.76
9449.11
9449.11
7293.10
7293.10
727.32
727.32
4750.89
4750.89
4750.89
4750.89
564.44
564.44
4899.22
4899.22
1116.05
1116.05
1053.69
1053.69
2148.65
2148.65
7828.26
7828.26
2864.03
2864.03
2975.36
2975.36
237.59
237.59
221.36
221.36
1328.31
1328.31
81.36
81.36
608.62
608.62
59.88
59.88
18.51
18.51
1003.69
1003.69
250.11
250.11
38.28
38.28
1023.88
1023.88
18.59
18.59
16.25
16.25
316.61
316.61
3783.61
3783.61
2585.29
2585.29
169.71
169.71
148.43
148.43
111.39
111.39
129.73
129.73
355.67
355.67
299.79
299.79
73.74
73.74
157.31
157.31
3169.81
3169.81
4453.37
4453.37
7563.43
7563.43
3858.60
3858.60
6954.39
6954.39
6954.39
6954.39
2060.74
2060.74
4333.45
4333.45
3606.92
3606.92
51.20
51.20
2357.91
2357.91
3255.29
3255.29
3965.26
3965.26
5967.95
5967.95
81.49
81.49
791.77
791.77
56.44
56.44
6686.56
6686.56
8000.10
8000.10
7782.41
7782.41
9116.57
9116.57
8841.98
8841.98
9918.05
9918.05
90.11
90.11
19.68
19.68
7354.97
7354.97
5420.93
5420.93
8241.58
8241.58
12222.22
12222.22
12222.22
12222.22
11145.75
11145.75
11145.75
11145.75
65.78
65.78
384.33
384.33
12224.96
12224.96
1859.73
1859.73
5525.03
5525.03
5525.03
5525.03
11125.86
11125.86
11359.16
11359.16
11359.16
11359.16
2901.49
2901.49
10666.80
10666.80
10014.34
10014.34
10014.34
10014.34
12375.05
12375.05
12388.53
12388.53
12388.53
12388.53
12388.53
12388.53
12534.52
12534.52
7334.04
7334.04
11513.42
11513.42
10879.36
10879.36
10879.36
10879.36
10879.36
10879.36
12248.67
12248.67
12248.67
12248.67
11241.00
11241.00
11241.00
11241.00
11589.15
11589.15
10920.62
10920.62
196.11
196.11
540.79
540.79
1238.48
1238.48
10837.72
10837.72
11940.20
11940.20
12004.07
12004.07
12579.83
12579.83
11614.48
11614.48
12632.83
12632.83
10711.06
10711.06
13282.07
13282.07
1021.85
1021.85
58.01
58.01
1033.22
1033.22
1033.22
12433.23
12433.23
2578.27
2578.27
3576.96
3576.96
2437.39
2437.39
222.81
222.81
786.52
786.52
16.55
16.55
8331.49
8331.49
4769.00
4769.00
50.29
50.29
121.02
976.04
976.04
976.04
240.28
240.28
167.09
167.09
1029.13
1029.13
298.44
298.44
1022.04
1022.04
12791.52
12791.52
558.35
558.35
146.52
146.52
9978.46
9978.46
9154.01
9154.01
3588.69
4763.15
4763.15
4763.15
12859.41
12859.41
712.09
712.09
6340.63
6340.63
1758.79
1758.79
11754.67
11754.67
9453.71
9453.71
11718.26
11718.26
12635.34
12635.34
11537.64
11537.64
13324.80
13324.80
7693.79
1045.52
1045.52
1045.52
544.19
544.19
164.17
164.17
5702.40
5702.40
10211.79
10211.79
7741.38
7741.38
945.62
945.62
5121.89
5121.89
74.27
74.27
18.56
18.56
108.80
108.80
21.47
681.50
681.50
681.50
107.58
107.58
4614.90
4614.90
8806.60
8806.60
8517.32
8517.32
8625.53
8625.53
9700.87
9700.87
10497.79
10497.79
978.02
978.02
8118.75
8118.75
9730.67
9730.67
2920.21
2920.21
1052.67
1052.67
2923.85
2923.85
43.57
43.57
21.44
21.44
2257.63
2257.63
3919.99
3919.99
612.40
612.40
679.11
679.11
148.41
148.41
1757.34
1757.34
64.19
64.19
42.90
42.90
133.81
133.81
118.69
118.69
145.64
145.64
238.31
238.31
2172.33
2172.33
40.88
40.88
139.53
139.53
21.54
21.54
1050.91
1050.91
66.40
66.40
104.03
104.03
55.60
68.95
68.95
68.95
27.06
27.06
646.80
646.80
10.00
10.00
887.99
887.99
1005.18
1005.18
200.22
200.22
10979.23
10979.23
224.88
224.88
3273.68
3273.68
4700.28
4700.28
2113.99
2113.99
1030.42
1030.42
19.09
19.09
135.78
135.78
60.25
60.25
830.35
830.35
58.70
58.70
175.38
175.38
110.33
110.33
4464.07
4464.07
15.88
15.88
3419.03
3419.03
5101.54
5101.54
8280.95
8280.95
7908.21
7908.21
2471.21
2471.21
1029.37
1029.37
117.22
117.22
65.35
65.35
144.98
144.98
531.33
531.33
415.70
415.70
287.64
287.64
1033.46
1033.46
1033.46
1033.46
3039.59
3039.59
1742.26
1742.26
59.73
59.73
891.66
891.66
4745.05
4745.05
60.88
60.88
944.82
944.82
7943.10
7943.10
472.76
472.76
3090.66
3090.66
8839.00
8839.00
2579.84
2579.84
11176.18
11176.18
11176.18
11176.18
11176.18
11176.18
1240.54
1240.54
4291.80
4291.80
1018.67
1018.67
9054.30
9054.30
6974.11
6974.11
2768.57
2768.57
348.89
348.89
5986.93
5986.93
10445.62
10445.62
5864.77
5864.77
1557.98
1557.98
45.61
45.61
195.40
195.40
898.59
898.59
107.87
107.87
204.48
204.48
313.00
313.00
293.68
293.68
290.92
290.92
85.27
85.27
5245.69
5245.69
990.40
990.40
2960.16
2960.16
8764.25
8764.25
126.69
126.69
1183.25
1183.25
10.00
10.00
244.11
244.11
278.62
278.62
20.77
20.77
337.10
337.10
1031.84
1031.84
255.81
255.81
3126.46
3126.46
3280.49
3280.49
3280.49
3280.49
63.43
63.43
21.33
21.33
685.64
685.64
130.72
130.72
403.80
403.80
839.33
839.33
84.66
84.66
62.56
62.56
4329.39
4329.39
12015.19
12015.19
119.03
119.03
118.02
118.02
216.31
216.31
2271.73
2271.73
223.86
223.86
348.72
348.72
15.21
15.21
287.66
287.66
89.25
89.25
20.97
20.97
209.18
209.18
26.51
26.51
4305.64
4305.64
6819.43
6819.43
401.84
401.84
82.33
82.33
987.85
987.85
7754.38
7754.38
6427.87
6427.87
336.86
336.86
740.89
740.89
1022.24
1022.24
21.37
21.37
14.74
14.74
431.64
431.64
204.10
204.10
134.27
134.27
269.18
269.18
5328.31
5328.31
5328.31
5328.31
5328.31
5328.31
2246.20
2246.20
12547.58
12547.58
1113.05
1113.05
4966.16
4966.16
4966.16
4966.16
183.10
183.10
7976.16
7976.16
14.23
14.23
14.63
14.63
91.02
91.02
196.63
196.63
1195.23
1195.23
9342.65
9342.65
68.66
68.66
3494.48
3494.48
11957.69
11957.69
9960.30
9960.30
462.76
462.76
505.45
505.45
162.49
162.49
99.21
99.21
41.36
41.36
10.00
10.00
139.42
139.42
329.62
329.62
201.01
201.01
938.43
938.43
8744.58
8744.58
12.22
12.22
21.26
21.26
6535.27
6535.27
10825.40
10825.40
1808.90
1808.90
1019.58
1019.58
20.84
20.84
381.69
381.69
705.25
705.25
165.31
165.31
3051.58
3051.58
213.24
213.24
11717.23
11717.23
11717.23
11717.23
9200.26
9200.26
21.82
21.82
1399.22
1399.22
11363.46
11363.46
3830.29
3830.29
1004.50
1004.50
132.30
132.30
183.56
183.56
3639.93
3639.93
10035.73
10035.73
1921.58
1921.58
328.89
328.89
11015.56
11015.56
11548.60
11548.60
2769.39
2769.39
12383.55
12383.55
13524.42
13524.42
5020.65
5020.65
56.15
56.15
594.84
594.84
3170.17
3170.17
5635.23
5635.23
1031.02
1031.02
505.66
505.66
1791.00
1791.00
1484.53
1484.53
2800.01
2800.01
1043.24
1043.24
321.58
321.58
29.24
29.24
5792.43
5792.43
228.45
228.45
36.71
36.71
11003.69
11003.69
7895.69
7895.69
1521.31
1521.31
6693.42
6693.42
77.40
77.40
65.61
65.61
1008.91
1008.91
2970.07
2970.07
12474.24
12474.24
11043.33
11043.33
11043.33
11043.33
11043.33
11043.33
11043.33
11043.33
11043.33
11043.33
11043.33
11043.33
11984.03
11984.03
2213.41
2213.41
3483.11
3483.11
10978.19
10978.19
10978.19
10978.19
10978.19
10978.19
10978.19
10978.19
10106.33
10106.33
10782.39
10782.39
10589.64
10589.64
10757.99
10757.99
11701.90
11701.90
11701.90
11701.90
11701.90
11701.90
3681.20
3681.20
4376.03
4376.03
7249.65
7249.65
5320.29
5320.29
5320.29
5320.29
3452.48
3452.48
5766.32
5766.32
3823.41
3823.41
5463.56
5463.56
142.54
142.54
171.81
171.81
41.68
41.68
1027.01
1027.01
4283.60
4283.60
9550.31
9550.31
1030.78
1030.78
2342.69
2342.69
7207.41
7207.41
2832.86
2832.86
327.26
327.26
110.19
110.19
4687.64
4687.64
28.95
28.95
12200.28
12200.28
12200.28
12200.28
1057.73
1057.73
11959.36
11959.36
11959.36
11959.36
29.68
29.68
124.54
124.54
149.29
149.29
751.13
751.13
1009.64
1009.64
1321.21
1321.21
5588.50
5588.50
9832.83
9832.83
87.52
87.52
1043.74
1043.74
6713.47
6713.47
1016.38
1016.38
7643.55
7643.55
271.22
271.22
1006.91
1006.91
165.04
165.04
1032.33
1032.33
6230.97
6230.97
354.57
354.57
12382.91
12382.91
169.28
169.28
1035.09
1035.09
4386.02
4386.02
3293.71
3293.71
12031.64
12031.64
210.95
210.95
1030.13
1030.13
152.60
152.60
980.80
980.80
7632.28
7632.28
10952.03
10952.03
792.00
792.00
1020.68
1020.68
9419.01
9419.01
621.27
621.27
1032.33
1032.33
442.72
442.72
153.49
153.49
150.02
150.02
1203.61
1203.61
73.88
73.88
102.71
102.71
76.11
76.11
124.01
124.01
283.56
283.56
54.64
54.64
10469.87
10469.87
1067.00
1067.00
1528.36
1528.36
3691.09
3691.09
3691.09
3691.09
3960.46
3960.46
3960.46
3960.46
3960.46
3960.46
3960.46
3960.46
9916.99
9916.99
486.19
486.19
8779.67
8779.67
1890.36
1890.36
3721.88
3721.88
9144.33
9144.33
258.27
258.27
5916.55
5916.55
12008.93
12008.93
2207.14
2207.14
424.13
424.13
1995.33
1995.33
21.06
21.06
195.59
195.59
1168.60
1168.60
482.80
482.80
5940.11
5940.11
77.15
77.15
559.06
559.06
939.49
939.49
8153.80
8153.80
93.65
93.65
4464.79
4464.79
912.15
912.15
49.48
49.48
116.28
116.28
4519.86
4519.86
3795.33
3795.33
6601.86
6601.86
5582.85
5582.85
2781.94
2781.94
5675.52
5675.52
272.49
272.49
1016.44
1016.44
5602.00
5602.00
992.72
992.72
72.30
72.30
10720.07
10720.07
10720.07
10720.07
2066.97
2066.97
4984.69
4984.69
4984.69
4984.69
74.29
74.29
5115.32
5115.32
10180.87
10180.87
10180.87
10180.87
10180.87
10180.87
10180.87
10180.87
10180.87
10180.87
10180.87
10180.87
1011.98
1011.98
349.18
349.18
2423.32
2423.32
90.98
90.98
5166.42
5166.42
5166.42
5166.42
5166.42
5166.42
5166.42
5166.42
173.02
173.02
1446.08
1446.08
1886.86
1886.86
1453.72
1453.72
2242.63
2242.63
2724.31
2724.31
2456.18
2456.18
1855.79
1855.79
2847.18
2847.18
3145.56
3145.56
2763.59
2763.59
3685.88
3685.88
3709.51
3709.51
898.15
898.15
3833.17
3833.17
4517.46
4517.46
113.81
113.81
102.26
102.26
905.34
905.34
91.79
91.79
468.29
468.29
21.14
21.14
118.49
118.49
1028.35
1028.35
52.26
52.26
1022.43
1022.43
1208.37
1208.37
18.34
18.34
1022.75
1022.75
68.85
68.85
899.49
899.49
14.76
14.76
5508.13
5508.13
132.99
132.99
536.78
536.78
6892.86
6892.86
8277.50
8277.50
2836.81
2836.81
11708.78
11708.78
11632.57
11632.57
11632.57
11632.57
563.98
563.98
4802.04
4802.04
4802.04
4045.29
4045.29
1781.01
1156.31
1156.31
1156.31
60.95
1031.91
1031.91
1031.91
186.54
186.54
1049.30
1049.30
10946.09
10946.09
3935.76
3935.76
4144.42
4144.42
5572.52
5572.52
1029.42
1029.42
1454.57
1454.57
6567.29
6567.29
1857.73
1857.73
69.97
69.97
2964.77
2964.77
2964.77
2964.77
3939.84
3939.84
29.93
29.93
250.48
250.48
5586.72
5586.72
108.92
108.92
8971.07
8971.07
2593.12
2593.12
1899.53
1899.53
1158.96
1158.96
11023.88
11023.88
12162.17
12162.17
110.49
110.49
935.22
935.22
196.54
196.54
2338.53
2338.53
103.39
103.39
104.98
104.98
1059.31
1059.31
410.56
410.56
838.15
838.15
3220.28
3220.28
15.45
15.45
6370.32
6370.32
1953.28
1953.28
4284.82
4284.82
4496.81
4496.81
11216.80
11216.80
7984.19
7984.19
9106.45
9106.45
9106.45
9106.45
8552.29
8552.29
8552.29
8552.29
18.25
18.25
97.88
97.88
1012.29
1012.29
3341.53
3341.53
1024.63
1024.63
2282.90
2282.90
3817.09
3817.09
3106.38
3106.38
12316.57
12316.57
12316.57
12316.57
139.05
139.05
5686.26
5686.26
5686.26
5686.26
5686.26
5686.26
5686.26
5686.26
5686.26
5686.26
1122.54
1122.54
1332.71
1332.71
1392.19
1392.19
1880.94
1880.94
1880.94
1880.94
1691.64
1691.64
1871.82
1871.82
2191.21
2191.21
1761.49
1761.49
32.41
32.41
43.88
43.88
65.45
65.45
935.17
935.17
3155.70
3155.70
5369.76
5369.76
59.90
59.90
16.49
16.49
999.35
999.35
6100.37
6100.37
4695.95
4695.95
3574.67
3574.67
3574.67
3574.67
3574.67
3574.67
7457.34
7457.34
63.33
63.33
44.78
44.78
114.07
114.07
9778.35
9778.35
3077.57
3077.57
9634.46
9634.46
9634.46
9634.46
10817.62
10817.62
10888.06
10888.06
77.47
77.47
2422.59
2422.59
136.05
136.05
4822.31
4822.31
667.91
667.91
4861.25
4861.25
1166.73
1166.73
3045.95
3045.95
1043.05
1043.05
2209.18
2209.18
6050.60
6050.60
267.25
267.25
6763.65
6763.65
1025.31
1025.31
5165.36
5165.36
967.98
967.98
11578.71
11578.71
7112.83
7112.83
4821.87
4821.87
459.38
459.38
908.70
908.70
6067.16
6067.16
6067.16
6067.16
6067.16
6067.16
6067.16
6067.16
6067.16
6067.16
11442.01
11442.01
11442.01
11442.01
729.08
729.08
5757.63
5757.63
493.05
493.05
233.98
233.98
2982.73
2982.73
4961.96
4961.96
3648.92
3648.92
194.81
194.81
110.52
110.52
20.80
20.80
20.20
20.20
9983.58
9983.58
4836.88
4836.88
7400.42
7400.42
7400.42
7400.42
2413.40
2413.40
11307.96
11307.96
7059.53
7059.53
11819.06
11819.06
10974.34
10974.34
6399.23
6399.23
4201.01
4201.01
6133.26
6133.26
1006.40
1006.40
2872.74
2872.74
11151.11
11151.11
193.13
193.13
5039.20
5039.20
92.23
92.23
4165.77
4165.77
4050.47
4050.47
3765.73
3765.73
4109.21
4109.21
4109.21
4109.21
3293.96
3293.96
4546.18
4546.18
3773.89
3773.89
4920.65
4920.65
4451.39
4451.39
4623.42
4623.42
5186.09
5186.09
174.22
174.22
5783.23
5783.23
5821.50
5821.50
1612.21
1612.21
6846.97
6846.97
4779.24
4779.24
4844.43
4844.43
1954.98
1954.98
7233.07
7233.07
14.65
14.65
110.88
110.88
7549.05
7549.05
8723.24
8723.24
8063.86
8063.86
9670.68
9670.68
500.41
500.41
352.79
352.79
193.80
193.80
1042.38
1042.38
2062.82
2062.82
1051.88
1051.88
124.34
124.34
4251.57
4251.57
1010.48
1010.48
1701.41
1701.41
1021.90
1021.90
3857.21
3857.21
9361.15
9361.15
1031.20
1031.20
6273.33
6273.33
1020.01
1020.01
5039.85
5039.85
194.62
194.62
8434.89
8434.89
7860.64
7860.64
8003.88
8003.88
3535.75
3535.75
10322.36
10322.36
88.52
88.52
190.57
190.57
1268.73
1268.73
832.26
832.26
14.49
14.49
1707.10
1707.10
46.58
46.58
553.57
553.57
320.72
320.72
1034.27
1034.27
5044.80
5044.80
5044.80
5044.80
332.34
332.34
45.03
45.03
10.00
10.00
95.86
95.86
37.77
37.77
380.93
380.93
99.70
99.70
30.09
30.09
3284.40
3284.40
3182.88
3182.88
10.00
10.00
1040.03
1040.03
299.39
299.39
278.93
278.93
44.65
44.65
1848.43
1848.43
3913.96
3913.96
3913.96
3913.96
3913.96
3913.96
21.77
21.77
340.58
340.58
54.34
54.34
448.71
448.71
3732.09
3732.09
1803.84
1803.84
1127.02
1127.02
3177.84
3177.84
973.46
973.46
21.52
21.52
150.57
150.57
18.48
18.48
330.17
330.17
120.51
120.51
66.32
66.32
299.82
299.82
3247.90
3247.90
1819.14
1819.14
848.34
848.34
1139.39
1139.39
4383.81
4383.81
1003.22
1003.22
2168.18
2168.18
1047.33
1047.33
34.76
34.76
170.26
170.26
1226.57
1226.57
130.95
130.95
10480.46
10480.46
20.30
20.30
270.84
270.84
105.60
105.60
11808.59
11808.59
1026.46
1026.46
1840.26
1840.26
1016.21
1016.21
184.54
184.54
508.48
508.48
15.45
15.45
336.97
336.97
805.39
805.39
146.72
146.72
116.09
116.09
105.50
105.50
3501.29
3501.29
2219.23
2219.23
5135.12
5135.12
1031.81
1031.81
32.14
32.14
962.18
962.18
10779.11
10779.11
10779.11
10779.11
10779.11
10779.11
10779.11
10779.11
10779.11
10779.11
10779.11
10779.11
10779.11
10779.11
10779.11
10779.11
10779.11
10779.11
6945.59
6945.59
50.20
50.20
8869.83
8869.83
1032.77
1032.77
194.07
194.07
5893.44
5893.44
5893.44
5893.44
5893.44
5893.44
5805.60
5805.60
219.73
219.73
180.05
180.05
58.33
58.33
909.66
909.66
2975.81
2975.81
741.51
741.51
1032.08
1032.08
5758.66
5758.66
5758.66
5758.66
5758.66
5758.66
11096.99
11096.99
21.59
21.59
274.50
274.50
27.22
27.22
469.85
469.85
10915.83
10915.83
4312.87
4312.87
440.19
440.19
10217.10
10217.10
1441.88
1441.88
44.57
44.57
1115.91
1115.91
3880.12
3880.12
3681.87
3681.87
1845.92
1845.92
1023.52
1023.52
8414.50
8414.50
860.80
860.80
43.27
43.27
135.87
135.87
607.80
607.80
20.89
20.89
43.38
43.38
316.98
316.98
5297.32
5297.32
21.01
21.01
63.60
63.60
1005.41
1005.41
3647.80
3647.80
556.74
556.74
2739.62
2739.62
439.69
439.69
5171.12
5171.12
517.53
517.53
898.18
898.18
30.04
30.04
912.62
912.62
314.44
314.44
836.11
836.11
453.19
453.19
166.19
166.19
45.18
45.18
665.56
665.56
185.62
185.62
37.90
37.90
79.63
79.63
44.21
44.21
520.85
520.85
74.12
74.12
8659.12
8659.12
125.98
125.98
3314.34
3314.34
530.40
530.40
550.09
550.09
14.16
14.16
577.19
577.19
4758.37
4758.37
1386.77
1386.77
911.80
911.80
4415.45
4415.45
283.45
283.45
21.21
21.21
16.12
16.12
1012.93
1012.93
464.57
464.57
624.58
624.58
59.59
59.59
125.08
125.08
225.82
225.82
97.56
97.56
58.04
58.04
2971.42
2971.42
357.66
357.66
83.56
83.56
7977.41
7977.41
1830.65
1830.65
21.73
21.73
907.26
907.26
340.59
340.59
14.64
14.64
61.49
61.49
18.98
18.98
1032.01
1032.01
4365.41
4365.41
1438.35
1438.35
5008.71
5008.71
3068.68
3068.68
4214.92
4214.92
1177.44
1177.44
48.25
48.25
3504.15
3504.15
868.38
868.38
1634.99
1634.99
279.46
279.46
2297.74
2297.74
312.79
312.79
4413.80
4413.80
8060.42
8060.42
91.24
91.24
27.92
27.92
4252.97
4252.97
11.35
11.35
23.60
23.60
332.99
332.99
13.42
13.42
79.90
79.90
1035.59
1035.59
903.96
903.96
884.29
884.29
741.24
741.24
687.30
687.30
125.83
125.83
76.25
76.25
273.83
273.83
25.51
25.51
311.24
311.24
18.22
18.22
309.04
309.04
578.56
578.56
1283.07
1283.07
944.38
944.38
1960.43
1960.43
4232.33
4232.33
1838.38
1838.38
5034.43
5034.43
593.43
593.43
1775.97
1775.97
37.49
37.49
89.75
89.75
89.75
11.15
141.36
141.36
121.70
121.70
2048.24
2048.24
74.18
74.18
2427.79
2427.79
3622.16
3622.16
2449.75
2449.75
2449.75
2449.75
5306.20
5306.20
6465.35
6465.35
8117.05
8117.05
423.40
423.40
3157.83
3157.83
2140.27
2140.27
2184.67
2184.67
5894.04
5894.04
5894.04
5894.04
676.04
676.04
2494.15
2494.15
2494.15
2494.15
3880.62
3880.62
4238.88
4238.88
4238.88
4238.88
2615.80
2615.80
2107.28
2107.28
2042.88
2042.88
1310.89
1310.89
2510.83
2510.83
2510.83
3395.56
3395.56
3395.56
530.67
530.67
949.28
949.28
16.47
16.47
1072.88
1072.88
2935.90
2935.90
21.13
21.13
628.09
628.09
4754.11
4754.11
939.71
939.71
233.13
233.13
2528.13
2528.13
675.36
675.36
675.36
675.36
2465.69
2465.69
2465.69
2465.69
2958.91
2958.91
2938.51
2938.51
505.31
505.31
1859.60
1859.60
3141.84
3141.84
10.00
10.00
19.70
19.70
3830.46
3830.46
893.54
893.54
1971.48
1971.48
3662.24
3662.24
3900.10
3900.10
5204.86
5204.86
4809.34
4809.34
4809.34
4809.34
4809.34
4809.34
4809.34
27.49
4989.38
4989.38
4989.38
5007.54
5007.54
5007.13
5007.13
912.09
912.09
5468.90
5468.90
6371.77
6371.77
83.54
83.54
55.61
55.61
29.81
29.81
19.13
19.13
1005.37
1005.37
7274.80
1020.13
1020.13
1020.13
367.76
367.76
2441.12
2441.12
502.01
502.01
7368.95
7368.95
91.45
91.45
2229.35
2229.35
47.63
47.63
7503.55
7503.55
9394.66
9394.66
207.38
207.38
100.35
9559.05
9559.05
9559.05
1747.96
1747.96
4224.90
4224.90
807.46
807.46
485.18
485.18
8872.31
8872.31
83.72
83.72
4232.95
4232.95
4173.12
4173.12
11017.18
11017.18
21.11
21.11
3780.99
1043.32
1043.32
1043.32
113.91
113.91
269.75
269.75
3030.97
3030.97
5303.65
5303.65
1034.15
1034.15
68.40
68.40
147.52
147.52
20.96
20.96
253.11
253.11
4199.99
4199.99
362.98
362.98
182.51
182.51
303.59
303.59
11186.51
11186.51
1497.11
1497.11
321.44
321.44
1054.73
1054.73
8974.35
8974.35
1285.07
1285.07
444.99
444.99
1420.11
1420.11
1559.42
1559.42
93.32
93.32
957.58
957.58
5171.59
5171.59
36.95
36.95
9502.75
9502.75
816.42
816.42
1026.27
1026.27
1473.61
1473.61
18.11
18.11
87.81
87.81
82.42
82.42
29.74
29.74
3619.91
3619.91
3619.91
3619.91
11446.35
11446.35
11446.35
11446.35
1028.21
1028.21
625.03
625.03
5248.38
5248.38
5248.38
5248.38
5248.38
5248.38
21.07
21.07
483.81
483.81
1497.19
1497.19
1014.54
1014.54
7762.89
7762.89
7762.89
7762.89
7762.89
7762.89
1033.46
1033.46
27.23
27.23
2273.01
2273.01
7987.43
7987.43
108.08
108.08
21.26
21.26
97.39
97.39
4376.49
4376.49
15.42
15.42
1618.74
1618.74
3316.81
3316.81
4892.85
4892.85
4892.85
4892.85
4892.85
4892.85
4892.85
4892.85
4892.85
4892.85
4892.85
4892.85
129.90
129.90
4487.36
4487.36
9909.85
9909.85
9042.60
9042.60
2767.31
2767.31
79.73
79.73
340.82
340.82
4819.87
4819.87
4819.87
4819.87
4819.87
4819.87
4819.87
4819.87
4819.87
4819.87
4819.87
4819.87
4819.87
4819.87
1200.22
1200.22
3998.86
3998.86
2065.22
2065.22
3004.24
3004.24
20.71
20.71
5068.15
5068.15
5068.15
5068.15
1718.32
1718.32
5418.40
5418.40
6234.68
6234.68
6193.50
6193.50
3069.32
3069.32
191.37
191.37
2444.83
2444.83
911.41
911.41
343.30
343.30
186.59
186.59
11004.24
11004.24
10423.72
10423.72
44.63
44.63
112.58
112.58
419.70
419.70
648.45
648.45
739.28
739.28
1018.54
1018.54
2566.09
2566.09
2550.03
2550.03
121.57
121.57
10.00
10.00
573.33
573.33
117.79
117.79
3869.63
3869.63
3869.63
3869.63
5742.61
5742.61
10921.87
10921.87
43.32
43.32
8537.69
8537.69
182.31
182.31
1034.17
1034.17
109.69
109.69
8523.72
8523.72
29.85
29.85
67.95
67.95
1030.07
1030.07
1380.17
1380.17
314.64
314.64
63.69
63.69
127.62
127.62
62.91
62.91
320.98
320.98
1860.33
1860.33
167.34
167.34
1916.72
1916.72
5824.98
5824.98
10.00
10.00
3149.25
3149.25
2407.65
2407.65
4903.50
4903.50
3743.99
3743.99
20.51
20.51
6989.74
6989.74
127.56
127.56
866.24
866.24
359.87
359.87
35.30
35.30
229.94
229.94
8353.78
8353.78
997.28
997.28
5323.94
5323.94
5323.94
5323.94
3631.54
3631.54
647.16
647.16
10.00
10.00
640.14
640.14
1009.01
1009.01
1157.42
1157.42
125.61
125.61
21.38
21.38
9063.86
9063.86
1474.39
1474.39
796.43
796.43
77.34
77.34
366.07
366.07
117.37
117.37
992.98
992.98
299.43
299.43
757.50
757.50
294.34
294.34
144.06
144.06
21.30
21.30
42.40
42.40
147.42
147.42
522.44
522.44
438.12
438.12
2822.42
2822.42
85.31
85.31
1007.65
1007.65
4931.36
4931.36
4931.36
4931.36
6409.20
6409.20
110.98
110.98
7590.92
7590.92
2169.70
2169.70
29.64
29.64
466.63
466.63
196.48
196.48
10160.43
10160.43
321.99
321.99
985.03
985.03
634.73
634.73
840.43
840.43
271.78
271.78
120.02
120.02
2634.37
2634.37
5933.93
5933.93
44.71
44.71
262.60
262.60
2268.69
2268.69
574.86
574.86
6853.55
6853.55
1033.17
1033.17
111.80
111.80
890.87
890.87
3257.52
3257.52
29.67
29.67
1493.66
1493.66
2732.63
2732.63
98.61
98.61
210.10
210.10
44.49
44.49
2328.96
2328.96
511.40
511.40
1034.22
1034.22
43.96
43.96
9106.10
9106.10
9912.83
9912.83
178.03
178.03
9740.07
9740.07
10861.39
10861.39
1009.00
1009.00
255.21
255.21
1033.50
1033.50
444.88
444.88
528.16
528.16
5490.87
5490.87
1950.66
1950.66
5353.55
5353.55
151.44
151.44
9706.64
9706.64
5955.96
5955.96
278.26
278.26
2778.31
2778.31
2053.22
2053.22
1043.45
1043.45
18.11
18.11
2543.13
2543.13
1573.81
1573.81
4096.27
4096.27
743.15
743.15
129.51
129.51
3486.43
3486.43
13.45
13.45
146.12
146.12
1037.92
1037.92
18.85
18.85
397.11
397.11
132.34
132.34
20.14
20.14
20.75
20.75
186.51
186.51
10.00
10.00
6074.40
6074.40
5062.74
5062.74
236.30
236.30
8585.65
8585.65
1083.02
1083.02
5013.63
5013.63
1030.61
1030.61
1329.67
1329.67
296.79
296.79
1319.76
1319.76
484.74
484.74
1839.30
1839.30
7751.82
7751.82
22.81
22.81
911.38
911.38
3877.39
3877.39
10518.35
10518.35
12303.58
12303.58
900.20
900.20
725.03
725.03
3889.74
3889.74
113.13
113.13
284.03
284.03
805.55
805.55
14.17
14.17
1128.56
1128.56
21.21
21.21
2522.55
2522.55
1029.45
1029.45
326.24
326.24
1074.36
1074.36
470.13
470.13
126.81
126.81
5019.63
5019.63
449.35
449.35
410.56
410.56
1952.69
1952.69
10.00
10.00
80.51
80.51
592.50
592.50
10.00
10.00
89.30
89.30
913.82
913.82
1215.45
1215.45
396.19
396.19
237.46
237.46
6979.83
6979.83
820.76
820.76
4299.31
4299.31
1626.88
1626.88
104.56
104.56
116.99
116.99
907.05
907.05
262.85
262.85
8230.74
8230.74
5543.55
5543.55
8800.87
8800.87
59.45
59.45
4376.54
4376.54
9198.62
9198.62
7149.07
7149.07
8656.59
8656.59
6940.94
6940.94
10307.31
10307.31
10307.31
10307.31
8350.63
8350.63
917.77
917.77
6609.80
6609.80
46.17
46.17
4819.63
4819.63
9942.87
9942.87
6547.74
6547.74
6547.74
6547.74
93.35
93.35
9937.63
9937.63
7159.80
7159.80
9508.93
9508.93
9508.93
9508.93
9508.93
9508.93
9911.34
9911.34
9713.77
9713.77
6427.42
6427.42
6427.42
6427.42
6427.42
6427.42
11375.73
11375.73
11375.73
11375.73
11375.73
11375.73
11375.73
11375.73
11822.59
11822.59
11078.30
11078.30
11078.30
11078.30
11078.30
11078.30
1771.90
1771.90
20.94
20.94
42.99
42.99
64.34
64.34
208.64
208.64
911.38
911.38
299.47
299.47
564.08
564.08
4329.66
4329.66
27.36
27.36
3724.42
3724.42
1801.65
1801.65
3810.34
3810.34
4024.31
4024.31
4024.31
4024.31
4831.06
4831.06
28.55
28.55
5470.47
5470.47
9827.39
9827.39
9827.39
9827.39
9827.39
9827.39
1215.18
1215.18
9519.26
9519.26
2155.49
2155.49
3915.49
3915.49
4256.12
4256.12
4256.12
4256.12
1110.83
1110.83
3188.99
3188.99
3265.77
3265.77
3497.10
3497.10
26.83
26.83
1531.46
1531.46
6084.46
6084.46
544.39
544.39
3305.07
3305.07
7173.03
7173.03
21.50
21.50
6044.15
6044.15
7714.10
7714.10
7457.18
7457.18
987.96
987.96
262.27
262.27
330.81
330.81
4872.99
4872.99
14.93
14.93
1020.64
1020.64
21.43
21.43
101.21
101.21
57.49
57.49
357.90
357.90
10.00
10.00
224.58
224.58
26.65
26.65
207.11
207.11
333.33
333.33
213.93
213.93
1106.83
1106.83
1377.00
1377.00
64.86
64.86
3219.13
3219.13
5293.39
5293.39
168.84
168.84
977.12
977.12
8720.10
8720.10
6557.88
6557.88
1644.03
1644.03
2602.09
2602.09
2746.67
2746.67
278.67
278.67
9799.64
9799.64
42.91
42.91
94.47
94.47
238.21
238.21
337.63
337.63
1053.71
1053.71
147.38
147.38
924.27
924.27
75.79
75.79
183.06
183.06
218.81
218.81
18.01
18.01
10.00
10.00
49.22
49.22
10.00
10.00
137.21
137.21
88.34
88.34
988.84
988.84
42.37
42.37
913.90
913.90
4254.41
4254.41
45.44
45.44
20.82
20.82
310.34
310.34
1908.30
1908.30
8772.03
8772.03
40.94
40.94
309.89
309.89
29.49
29.49
15.09
15.09
1587.41
1587.41
5913.59
5913.59
3551.10
3551.10
3114.05
3114.05
6796.05
6796.05
195.89
195.89
262.51
262.51
39.36
39.36
955.91
955.91
146.22
146.22
148.78
148.78
1359.73
1359.73
1942.64
1942.64
6032.83
6032.83
6032.83
12.41
8473.47
8473.47
1090.97
1090.97
1090.97
114.10
114.10
2904.23
2904.23
1589.48
1589.48
3132.94
3132.94
1755.24
1755.24
158.38
158.38
985.70
985.70
3190.16
3190.16
1036.81
1036.81
6951.32
6951.32
502.96
502.96
9490.91
9490.91
37.45
37.45
919.33
919.33
168.43
168.43
251.88
251.88
598.67
598.67
185.90
185.90
41.36
41.36
188.33
188.33
24.93
24.93
711.76
711.76
14.16
14.16
29.22
29.22
59.17
59.17
3540.81
3540.81
332.63
332.63
3529.35
3529.35
178.90
178.90
5144.43
5144.43
1020.85
1020.85
7954.32
7954.32
94.92
94.92
20.55
20.55
13.53
13.53
2105.07
2105.07
319.37
319.37
1032.48
1032.48
2742.76
2742.76
4387.84
4387.84
2376.95
2376.95
3950.96
3950.96
4767.21
4767.21
53.64
53.64
43.85
43.85
823.74
823.74
106.68
106.68
646.74
646.74
5244.87
5244.87
194.71
194.71
14.59
14.59
17.02
17.02
2276.19
2276.19
5238.45
5238.45
4691.58
4691.58
26.80
26.80
23.26
23.26
101.07
101.07
131.37
131.37
7072.50
7072.50
62.59
62.59
875.42
875.42
80.89
80.89
4857.69
4857.69
54.94
54.94
21.29
21.29
87.75
87.75
43.63
43.63
908.45
908.45
62.65
62.65
62.54
62.54
422.12
422.12
116.43
116.43
30.55
550.40
550.40
550.40
12.33
12.33
2598.26
2598.26
240.99
240.99
978.12
978.12
2458.80
2458.80
1553.91
1553.91
16.58
16.58
145.40
145.40
21.33
21.33
214.72
214.72
10371.27
10371.27
10371.27
10371.27
31.65
31.65
2862.51
2862.51
4022.52
4022.52
1025.69
1025.69
9340.97
9340.97
9340.97
9340.97
58.84
58.84
243.88
243.88
9508.00
9508.00
9487.43
9487.43
1209.50
1209.50
4778.98
4778.98
5011.21
5011.21
85.28
85.28
8280.79
8280.79
45.37
45.37
4561.61
4561.61
4561.61
4561.61
4561.61
4561.61
4561.61
4561.61
9483.55
9483.55
9326.46
9326.46
899.09
899.09
7779.75
7779.75
7779.75
7779.75
7779.75
7779.75
7779.75
7779.75
7779.75
7779.75
392.29
392.29
887.61
887.61
5316.61
5316.61
9852.99
9852.99
166.11
166.11
9751.88
9751.88
9574.50
9574.50
9574.50
9574.50
9485.27
9485.27
142.35
142.35
290.39
290.39
986.70
986.70
350.87
350.87
6535.27
6535.27
605.41
605.41
2541.74
2541.74
484.66
484.66
5665.75
5665.75
5665.75
5665.75
8244.67
8244.67
1616.36
1616.36
155.41
155.41
3018.99
3018.99
4002.80
4002.80
5073.19
5073.19
8971.71
8971.71
648.08
648.08
33.35
33.35
2719.71
2719.71
4359.03
4359.03
739.85
739.85
127.03
127.03
341.25
341.25
2289.91
2289.91
148.99
148.99
12.29
12.29
515.80
515.80
20.94
20.94
161.45
161.45
49.77
49.77
253.52
253.52
426.74
426.74
1025.86
1025.86
528.80
528.80
31.50
31.50
7334.39
7334.39
197.39
197.39
981.17
981.17
309.60
309.60
37.56
37.56
1198.01
1198.01
313.84
313.84
33.39
33.39
387.67
387.67
741.88
741.88
291.48
291.48
910.37
910.37
355.80
355.80
422.06
422.06
29.74
29.74
79.85
79.85
935.37
935.37
168.16
168.16
18.40
18.40
114.88
114.88
4799.39
4799.39
4799.39
4799.39
4799.39
4799.39
4799.39
4799.39
9107.78
9107.78
8094.62
8094.62
1030.95
1030.95
646.99
646.99
4631.88
4631.88
218.96
218.96
108.84
108.84
224.27
224.27
251.98
251.98
817.00
817.00
129.28
129.28
3820.74
3820.74
10754.57
10754.57
10754.57
10754.57
1070.48
1070.48
3104.16
3104.16
80.26
80.26
710.23
710.23
1595.36
1595.36
4409.61
4409.61
1300.62
1300.62
2826.38
2826.38
3289.54
3289.54
971.66
971.66
3015.41
3015.41
146.23
146.23
22.14
22.14
1434.51
1434.51
1018.71
1018.71
953.55
953.55
5747.27
5747.27
21.00
21.00
5172.79
5172.79
5172.79
5172.79
3020.20
3020.20
487.95
487.95
164.82
164.82
90.00
90.00
682.95
682.95
125.85
125.85
84.91
84.91
499.51
499.51
1297.99
1297.99
30.80
30.80
148.24
148.24
1009.94
1009.94
2998.22
2998.22
33.51
33.51
253.56
253.56
231.36
231.36
40.79
40.79
3812.06
3812.06
1026.84
1026.84
4132.38
4132.38
1237.78
1237.78
21.34
21.34
98.71
98.71
27.82
27.82
10.00
10.00
617.44
617.44
63.12
63.12
256.44
256.44
316.72
316.72
210.56
210.56
40.53
40.53
3133.20
3133.20
2646.29
2646.29
20.95
20.95
553.72
553.72
422.46
422.46
613.63
613.63
36.12
36.12
83.03
83.03
2984.64
2984.64
1077.06
1077.06
109.05
109.05
45.62
45.62
175.16
175.16
914.31
914.31
90.76
90.76
29.59
29.59
218.40
218.40
24.49
24.49
541.67
541.67
542.91
542.91
564.94
564.94
1004.57
1004.57
1887.63
1887.63
3737.08
3737.08
9294.52
9294.52
2538.51
2538.51
247.90
247.90
1490.79
1490.79
9078.58
9078.58
180.45
180.45
625.06
625.06
2271.59
2271.59
9731.85
9731.85
9731.85
9731.85
9731.85
9731.85
805.97
805.97
93.17
93.17
1025.57
1025.57
1490.87
1490.87
1044.72
1044.72
62.02
62.02
1644.18
1644.18
5885.51
5885.51
8150.03
8150.03
5115.35
5115.35
41.87
41.87
8102.37
8102.37
8102.37
8102.37
108.73
108.73
974.22
974.22
264.76
264.76
1428.22
1428.22
8703.95
8703.95
8703.95
8703.95
8703.95
8703.95
1037.51
1037.51
3704.56
3704.56
763.46
763.46
5863.15
5863.15
355.56
355.56
101.18
101.18
1021.23
1021.23
144.67
144.67
62.32
62.32
2859.60
2859.60
2183.20
2183.20
6615.62
6615.62
1520.08
1520.08
1671.51
1671.51
2072.93
2072.93
6607.73
6607.73
797.98
797.98
1553.52
1553.52
3473.73
3473.73
877.00
877.00
10.00
10.00
2013.30
2013.30
2013.30
2013.30
2958.99
2958.99
5152.16
5152.16
6136.69
6136.69
21.32
21.32
7233.91
7233.91
7233.91
7233.91
7090.12
7090.12
7090.12
7090.12
1854.13
1854.13
6718.05
6718.05
3128.66
3128.66
3893.87
3893.87
1025.53
1025.53
93.57
93.57
28.94
28.94
8241.24
8241.24
6109.47
6109.47
838.78
838.78
152.15
152.15
2473.45
2473.45
7526.06
7526.06
8451.31
8451.31
1388.65
1388.65
3975.17
3975.17
10137.02
10137.02
10733.71
10733.71
10733.71
10733.71
10010.65
10010.65
10010.65
10010.65
1028.29
1028.29
72.80
72.80
1003.76
1003.76
37.23
37.23
56.22
56.22
75.65
75.65
191.10
191.10
68.68
68.68
6114.54
6114.54
4709.12
4709.12
21.04
21.04
1163.08
1163.08
44.08
44.08
137.55
137.55
1012.90
1012.90
289.07
289.07
52.85
52.85
1024.73
1024.73
149.22
149.22
1055.30
1055.30
3099.32
3099.32
46.60
46.60
21.46
21.46
3369.81
3369.81
14.42
14.42
271.22
271.22
1032.49
1032.49
18.61
18.61
5293.89
5293.89
10.00
10.00
39.62
39.62
1160.35
1160.35
871.01
871.01
3350.16
3350.16
5535.86
5535.86
6168.88
6168.88
5883.11
5883.11
46.78
46.78
5180.45
5180.45
56.09
56.09
56.09
213.86
20.83
20.83
1157.52
1157.52
14.78
14.78
9037.29
9037.29
81.18
81.18
579.09
579.09
2329.05
2329.05
9388.05
9388.05
163.11
163.11
1010.62
1010.62
423.11
423.11
141.33
141.33
2337.58
2337.58
229.08
229.08
45.39
45.39
746.59
746.59
7014.95
7014.95
14.61
14.61
446.96
446.96
21.45
21.45
1680.61
1680.61
1000.61
1000.61
736.21
736.21
70.40
70.40
729.98
729.98
83.61
83.61
75.36
75.36
74.14
74.14
2166.70
2166.70
21.29
21.29
122.45
122.45
732.40
732.40
14.67
14.67
5796.42
5796.42
1256.80
1256.80
1495.18
1495.18
47.81
47.81
45.25
45.25
29.83
29.83
447.52
447.52
88.72
88.72
10.00
10.00
3365.02
3365.02
331.18
331.18
4759.07
4759.07
4784.21
4784.21
98.54
98.54
6757.62
6757.62
2607.28
2607.28
1904.69
1904.69
1014.22
1014.22
31.50
31.50
2715.92
2715.92
70.78
70.78
2652.54
2652.54
390.31
390.31
6162.46
6162.46
1013.60
1013.60
7457.81
7457.81
7457.81
7457.81
947.30
947.30
99.17
99.17
28.15
28.15
16.43
16.43
124.41
124.41
56.49
56.49
7538.27
7538.27
10.00
10.00
479.28
479.28
31.97
31.97
660.69
660.69
568.17
568.17
4160.38
4160.38
2307.36
2307.36
3009.39
3009.39
4068.95
4068.95
4129.97
4129.97
2981.57
2981.57
2981.57
2981.57
2981.57
2981.57
4368.26
4368.26
4041.95
4041.95
2067.10
2067.10
4399.22
4399.22
4900.84
4900.84
4849.81
4849.81
4849.81
4849.81
4849.81
4849.81
4849.81
4849.81
5422.59
5422.59
4945.07
4945.07
897.03
897.03
1502.41
1502.41
6751.19
6751.19
5786.55
5786.55
2707.91
2707.91
6674.19
6674.19
7421.80
7421.80
5966.44
5966.44
5537.11
5537.11
902.87
902.87
5695.61
5695.61
195.75
195.75
6893.11
6893.11
105.33
105.33
1974.86
1974.86
1974.86
7076.44
7076.44
87.40
87.40
20.97
20.97
7971.62
7971.62
3002.78
3002.78
3891.76
4213.32
4213.32
4213.32
2264.66
2264.66
4395.83
4395.83
1022.90
1022.90
147.24
147.24
82.88
82.88
3427.03
3427.03
3427.03
3427.03
9511.95
9511.95
1247.12
1247.12
2831.32
2831.32
422.57
806.95
806.95
806.95
1941.25
1941.25
5401.47
5401.47
27.98
27.98
2997.83
2997.83
2906.71
2906.71
135.94
135.94
604.81
604.81
267.74
267.74
10797.76
10797.76
1093.54
1093.54
3377.92
3377.92
3377.92
3377.92
82.28
82.28
59.21
59.21
1020.65
1020.65
63.02
63.02
59.02
59.02
134.91
134.91
72.98
72.98
58.60
58.60
260.14
260.14
20.29
20.29
30.59
1043.62
1043.62
1043.62
319.06
319.06
405.79
405.79
145.99
145.99
906.86
906.86
87.66
87.66
129.14
129.14
82.64
82.64
104.25
104.25
145.61
145.61
2944.38
2944.38
1578.60
1578.60
1038.39
1038.39
11356.58
11356.58
59.16
59.16
1024.85
1024.85
110.85
110.85
1020.89
1020.89
14.44
14.44
7490.04
7490.04
224.53
224.53
21.63
21.63
963.11
963.11
78.83
78.83
833.07
833.07
168.73
168.73
2790.72
2790.72
1001.70
1001.70
1409.91
1409.91
9353.84
9353.84
488.88
488.88
164.22
164.22
545.38
545.38
10112.25
10112.25
987.70
987.70
9777.35
9777.35
9777.35
9777.35
10381.89
10381.89
10244.98
10244.98
1015.25
1015.25
5792.52
5792.52
6328.26
6328.26
6328.26
6328.26
4448.54
4448.54
4448.54
4448.54
37.13
37.13
4509.10
4509.10
4509.10
4509.10
4812.31
4812.31
5667.99
5667.99
83.25
83.25
958.19
958.19
6115.03
6115.03
6909.54
6909.54
6451.42
6451.42
6393.46
6393.46
21.15
21.15
3493.11
3493.11
1017.30
1017.30
6719.42
6719.42
6719.42
6719.42
6413.88
6413.88
6413.88
6413.88
7098.19
7098.19
6925.88
6925.88
6925.88
6925.88
6925.88
6925.88
6928.70
6928.70
2994.33
2994.33
6856.57
6856.57
6856.57
6856.57
8442.67
8442.67
9031.59
9031.59
1318.84
1318.84
73.54
73.54
2152.17
2152.17
1550.42
1550.42
10659.53
10659.53
4045.76
4045.76
49.36
49.36
2100.32
2100.32
11371.34
11371.34
11036.62
11036.62
11036.62
11036.62
11036.62
11036.62
11036.62
11036.62
11036.62
11036.62
11036.62
11036.62
2499.94
2499.94
5618.61
5618.61
11125.08
11125.08
11748.85
11748.85
11748.85
11748.85
11748.85
11748.85
1638.09
1638.09
37.26
37.26
1005.37
1005.37
422.67
422.67
316.99
316.99
3148.38
3148.38
4063.03
4063.03
3613.59
3613.59
103.68
103.68
354.06
354.06
6743.52
6743.52
18.41
18.41
1022.20
1022.20
1818.74
1818.74
5711.38
5711.38
3134.66
3134.66
88.03
88.03
8847.34
8847.34
148.15
148.15
103.74
103.74
7785.67
7785.67
7133.36
7133.36
262.28
262.28
313.69
313.69
21.01
21.01
18.63
18.63
83.53
83.53
826.27
826.27
334.66
334.66
527.23
527.23
104.94
104.94
1029.62
1029.62
44.19
44.19
713.50
713.50
527.19
527.19
10660.04
10660.04
1011.65
1011.65
42.10
42.10
1026.60
1026.60
2897.96
2897.96
94.70
94.70
2159.84
2159.84
10933.16
10933.16
43.85
43.85
260.01
260.01
258.14
258.14
997.82
997.82
148.16
148.16
860.22
860.22
9440.15
9440.15
9440.15
9440.15
208.43
208.43
238.80
238.80
438.68
438.68
252.12
252.12
1006.35
1006.35
3386.06
3386.06
2555.93
2555.93
8271.36
8271.36
7777.17
7777.17
1022.11
1022.11
9478.90
9478.90
1022.73
1022.73
16.73
16.73
10.00
10.00
21.17
21.17
14.70
14.70
936.53
936.53
1500.51
1500.51
24.48
24.48
124.93
124.93
29.56
29.56
36.91
36.91
84.27
84.27
209.18
209.18
18.72
18.72
412.61
412.61
461.44
461.44
5693.73
5693.73
6774.18
6774.18
1127.10
1127.10
1754.54
1754.54
2409.53
2409.53
10.00
10.00
104.09
104.09
4129.86
4129.86
1017.30
1017.30
955.56
955.56
211.96
211.96
582.86
582.86
418.69
418.69
997.29
997.29
1299.48
1299.48
63.44
63.44
698.35
698.35
3707.23
3707.23
30.69
30.69
165.90
165.90
823.60
823.60
704.93
704.93
295.28
295.28
967.10
967.10
191.65
191.65
5275.50
5275.50
233.28
233.28
9454.16
9454.16
6180.57
6180.57
6713.22
6713.22
7496.31
7496.31
11892.47
11892.47
7723.44
7723.44
3858.32
3858.32
7891.81
7891.81
113.89
113.89
1265.23
1265.23
6078.30
6078.30
14.16
14.16
29.19
29.19
43.87
43.87
32.87
32.87
1162.54
1162.54
7213.04
7213.04
990.91
990.91
367.68
367.68
1612.18
1612.18
8786.76
8786.76
15.15
15.15
1540.99
1540.99
215.02
215.02
864.12
864.12
374.11
374.11
52.86
52.86
21.60
21.60
236.39
236.39
3983.08
3983.08
5284.20
5284.20
246.53
246.53
11365.58
11365.58
11365.58
11365.58
11365.58
11365.58
209.60
209.60
5196.75
5196.75
5196.75
5196.75
5196.75
5196.75
5196.75
5196.75
5196.75
5196.75
1021.50
1021.50
5103.85
5103.85
5192.86
5192.86
5192.86
5192.86
5192.86
5192.86
5192.86
5192.86
10649.79
10649.79
1046.88
1046.88
8038.42
8038.42
8038.42
8038.42
8038.42
8038.42
3230.27
3230.27
9846.79
9846.79
6007.58
6007.58
6007.58
6007.58
1285.98
1285.98
47.86
47.86
10111.08
10111.08
152.18
152.18
4395.33
4395.33
4693.36
4693.36
4693.36
4693.36
4693.36
4693.36
4693.36
4693.36
4693.36
4693.36
4693.36
4693.36
192.95
192.95
9540.14
9540.14
5743.46
5743.46
5743.46
5743.46
5743.46
5743.46
1061.37
1061.37
623.28
623.28
234.77
234.77
1013.13
1013.13
9356.49
9356.49
9356.49
9356.49
9356.49
9356.49
8405.57
8405.57
10117.51
10117.51
56.70
56.70
8642.87
8642.87
1806.50
1806.50
8030.01
8030.01
8030.01
8030.01
8636.14
8636.14
8407.26
8407.26
9366.57
9366.57
8698.64
8698.64
5170.88
5170.88
5170.88
5170.88
8521.53
8521.53
8069.27
8069.27
2638.48
2638.48
168.38
168.38
5113.08
5113.08
3963.38
3963.38
14.62
14.62
1833.39
1833.39
3191.74
3191.74
1036.93
1036.93
6661.09
6661.09
1246.74
1246.74
7309.42
7309.42
8268.30
8268.30
8268.30
8268.30
59.52
59.52
1021.72
1021.72
4332.49
4332.49
4186.97
4186.97
10872.62
10872.62
10872.62
10872.62
96.80
96.80
190.99
190.99
465.11
465.11
705.47
705.47
82.51
82.51
1186.98
1186.98
81.85
81.85
8681.85
8681.85
730.31
730.31
10.00
10.00
4011.35
4011.35
3712.15
3712.15
4693.69
4693.69
1689.92
1689.92
10447.17
10447.17
1959.38
1959.38
2934.76
2934.76
16.67
16.67
2001.34
2001.34
5743.95
5743.95
322.45
322.45
6179.14
6179.14
896.10
896.10
7551.58
7551.58
147.59
147.59
3140.24
3140.24
7646.60
7646.60
7646.60
7646.60
3031.45
3031.45
1373.97
1373.97
740.84
740.84
1022.43
1022.43
29.72
29.72
2137.66
2137.66
5899.19
5899.19
29.68
29.68
44.75
44.75
514.82
514.82
1016.25
1016.25
207.87
207.87
7136.50
7136.50
1010.81
1010.81
8807.30
8807.30
5015.89
5015.89
8291.06
8291.06
126.12
126.12
1036.76
1036.76
3991.51
3991.51
1151.57
1151.57
49.35
49.35
891.90
891.90
525.31
525.31
547.04
547.04
155.80
155.80
696.93
696.93
1042.00
1042.00
356.64
356.64
896.24
896.24
125.12
125.12
9434.36
9434.36
996.92
996.92
148.39
148.39
1014.54
1014.54
15.63
15.63
173.93
173.93
1026.47
1026.47
20.03
20.03
1001.72
1001.72
102.93
102.93
11.33
11.33
53.08
53.08
264.89
264.89
1022.15
1022.15
315.27
315.27
5040.42
5040.42
5177.54
5177.54
8059.95
8059.95
10483.83
10483.83
3275.99
3275.99
85.96
85.96
17.16
17.16
440.89
440.89
29.30
29.30
58.54
58.54
1046.24
1046.24
157.83
157.83
1850.33
1850.33
138.49
138.49
401.17
401.17
1094.17
1094.17
3115.29
3115.29
1019.09
1019.09
2254.76
2254.76
425.55
425.55
6951.60
6951.60
6951.60
6951.60
1021.41
1021.41
312.35
312.35
28.78
28.78
29.60
29.60
284.23
284.23
107.18
107.18
44.82
44.82
117.72
117.72
147.47
147.47
178.80
178.80
21.14
21.14
21.00
21.00
21.00
1003.03
3658.08
3658.08
898.06
898.06
80.14
80.14
10.61
10.61
95.68
95.68
168.59
168.59
1352.06
1352.06
44.50
44.50
84.92
84.92
131.73
131.73
31.41
31.41
102.03
102.03
211.12
211.12
8048.88
8048.88
62.08
62.08
6845.01
6845.01
2633.69
2633.69
73.29
73.29
47.16
47.16
5597.12
5597.12
403.38
403.38
401.95
401.95
591.44
591.44
13.81
13.81
9191.43
9191.43
2157.40
2157.40
28.98
28.98
711.01
711.01
99.78
99.78
248.38
248.38
1041.59
1041.59
144.08
144.08
422.59
422.59
1135.17
1135.17
2317.93
2317.93
7668.82
7668.82
1905.84
1905.84
1007.17
1007.17
1007.17
107.91
107.91
367.94
367.94
258.61
258.61
83.68
83.68
904.86
904.86
14.04
14.04
37.14
37.14
58.77
58.77
69.01
69.01
5022.94
5022.94
206.69
206.69
9162.40
9162.40
4247.48
4247.48
4247.48
4247.48
4813.81
4813.81
5030.12
5030.12
7252.63
7252.63
4058.34
4058.34
215.93
215.93
518.92
518.92
5927.81
5927.81
906.84
906.84
3683.19
3683.19
1026.85
1026.85
3156.69
3156.69
777.54
777.54
3089.81
3089.81
942.29
942.29
3850.51
3850.51
9438.42
9438.42
5155.08
5155.08
560.57
560.57
447.58
447.58
102.93
102.93
443.83
443.83
57.80
57.80
107.63
107.63
542.19
542.19
295.07
295.07
16.30
16.30
1574.37
1574.37
791.33
791.33
7463.65
7463.65
7765.81
7765.81
8461.41
8461.41
1004.25
1004.25
161.99
161.99
147.94
147.94
62.77
62.77
2352.48
2352.48
2187.54
2187.54
105.46
105.46
1014.35
1014.35
573.46
573.46
356.36
356.36
4015.00
4015.00
213.48
213.48
938.63
938.63
16.71
16.71
59.34
59.34
14.91
14.91
63.18
63.18
8131.93
8131.93
125.84
125.84
9427.46
9427.46
82.54
82.54
1493.92
1493.92
6961.79
6961.79
173.66
173.66
917.95
917.95
3202.78
3202.78
904.68
904.68
6649.06
6649.06
6649.06
6649.06
1781.45
1781.45
5675.88
5675.88
742.24
742.24
3605.61
3605.61
2993.62
2993.62
120.75
120.75
929.88
929.88
83.19
83.19
2320.32
2320.32
1968.94
1968.94
6561.39
6561.39
2096.69
2096.69
56.15
56.15
210.79
210.79
75.35
75.35
10.00
10.00
640.14
640.14
30.16
30.16
14.73
14.73
76.72
76.72
308.17
308.17
5883.72
5883.72
5692.79
5692.79
6265.35
6265.35
62.58
62.58
843.77
843.77
981.73
981.73
6979.57
6979.57
1296.30
1296.30
43.65
43.65
460.05
460.05
924.56
924.56
18.39
18.39
734.07
734.07
18.36
18.36
1479.02
1479.02
587.95
587.95
2145.15
2145.15
1020.85
1020.85
7233.60
7233.60
89.20
89.20
395.30
395.30
313.84
313.84
959.58
959.58
1071.39
1071.39
960.10
960.10
230.08
230.08
712.75
712.75
645.66
645.66
385.59
385.59
15.21
15.21
308.20
308.20
4956.89
4956.89
252.80
252.80
356.12
356.12
1088.31
1088.31
6096.66
6096.66
747.99
747.99
73.72
73.72
371.47
371.47
3360.78
3360.78
651.42
651.42
1008.03
1008.03
113.52
113.52
1738.53
1738.53
427.60
427.60
140.95
140.95
10388.59
10388.59
115.80
115.80
743.33
743.33
3520.23
3520.23
1973.19
1973.19
1508.74
1508.74
4976.56
4976.56
1023.80
1023.80
260.50
260.50
1014.31
1014.31
335.54
335.54
81.30
81.30
5953.53
5953.53
188.63
188.63
104.20
104.20
100.48
100.48
14.94
14.94
309.12
309.12
2164.49
2164.49
4350.88
4350.88
18.12
18.12
5449.21
5449.21
5449.21
5449.21
2291.67
2291.67
3354.47
3354.47
6674.92
6674.92
1044.70
1044.70
29.62
29.62
855.63
855.63
133.28
133.28
6663.65
6663.65
1041.29
1041.29
2896.58
2896.58
1035.33
1035.33
384.74
384.74
2120.22
2120.22
1019.95
1019.95
196.86
196.86
990.77
990.77
517.06
517.06
16.39
16.39
139.99
139.99
3819.72
3819.72
1024.73
1024.73
41.96
41.96
1026.36
1026.36
178.43
178.43
89.54
89.54
1021.17
1021.17
75.59
75.59
2586.18
2586.18
3151.79
3151.79
3404.71
3404.71
3404.71
3404.71
5569.47
5569.47
5569.47
5569.47
10.00
10.00
544.50
544.50
722.17
722.17
937.55
937.55
1687.50
1687.50
2473.41
2473.41
2336.88
2336.88
3283.62
3283.62
2640.27
2640.27
550.19
550.19
2469.79
2469.79
2849.07
2849.07
2807.47
2807.47
1018.60
1018.60
50.94
50.94
378.06
378.06
21.26
21.26
895.43
895.43
731.64
731.64
1732.37
1732.37
3694.07
3694.07
7671.44
7671.44
2415.27
2415.27
131.45
131.45
471.83
471.83
1037.92
1037.92
540.49
540.49
26.17
26.17
912.24
912.24
11438.24
11438.24
58.47
58.47
19.49
19.49
18.65
18.65
21.62
21.62
341.96
341.96
1040.76
1040.76
665.19
665.19
7762.46
7762.46
1256.85
1256.85
9051.06
9051.06
7627.20
7627.20
96.59
96.59
824.03
824.03
6062.24
6062.24
4393.68
4393.68
231.37
231.37
1781.50
1781.50
4559.20
4559.20
7015.04
7015.04
2294.40
2294.40
7826.43
7826.43
102.67
102.67
1304.94
1304.94
786.07
786.07
811.93
811.93
358.30
358.30
1025.79
1025.79
7981.84
7981.84
278.33
278.33
14.78
14.78
240.11
240.11
5292.50
5292.50
374.43
374.43
252.71
252.71
1298.87
1298.87
4212.95
4212.95
870.39
870.39
4220.72
4220.72
2706.61
2706.61
131.92
131.92
260.11
260.11
6392.01
6392.01
8591.86
8591.86
1044.95
1044.95
858.74
858.74
16.41
16.41
556.34
556.34
93.22
93.22
14.87
14.87
40.18
40.18
9681.00
9681.00
10425.32
10425.32
8117.25
8117.25
10235.20
10235.20
1369.84
1369.84
10257.22
10257.22
10257.22
10257.22
5417.51
5417.51
45.57
45.57
18.21
18.21
277.25
277.25
20.79
20.79
1021.46
1021.46
548.59
548.59
5162.76
5162.76
8686.54
8686.54
33.09
33.09
2341.56
2341.56
127.08
127.08
410.46
410.46
20.23
20.23
356.01
356.01
63.51
63.51
393.18
393.18
628.25
628.25
65.61
65.61
1498.53
1498.53
2552.36
2552.36
6296.55
6296.55
1797.50
1797.50
485.76
485.76
47.11
47.11
3189.04
3189.04
4628.49
4628.49
72.14
72.14
7938.61
7938.61
7740.77
7740.77
2553.92
2553.92
915.47
915.47
88.83
88.83
483.81
483.81
118.45
118.45
312.72
312.72
592.37
592.37
18.72
18.72
20.41
20.41
4977.26
4977.26
10296.87
10296.87
1771.34
1771.34
264.72
264.72
865.12
865.12
3136.86
3136.86
5115.34
5115.34
744.85
744.85
9891.22
9891.22
8876.50
8876.50
8876.50
8876.50
146.30
146.30
53.30
53.30
754.43
754.43
1053.11
1053.11
18.86
18.86
185.04
185.04
1021.30
1021.30
6964.26
6964.26
1372.54
1372.54
96.33
96.33
8507.54
8507.54
13.06
13.06
4713.59
4713.59
182.86
182.86
8597.80
8597.80
280.41
280.41
10.00
10.00
283.72
283.72
3430.73
3430.73
2753.04
2753.04
3378.88
3378.88
4799.50
4799.50
169.02
169.02
279.30
279.30
12.29
12.29
1016.75
1016.75
275.20
275.20
6835.14
6835.14
7667.49
7667.49
259.56
259.56
65.39
65.39
64.75
64.75
816.06
816.06
2369.06
2369.06
560.12
560.12
1376.07
1376.07
5418.58
5418.58
1003.20
1003.20
1645.73
1645.73
1644.04
1644.04
2124.63
2124.63
2602.57
2602.57
1032.09
1032.09
205.04
205.04
6238.92
6238.92
9288.78
9288.78
82.27
82.27
770.64
770.64
5730.87
5730.87
14.84
14.84
4304.61
4304.61
6264.49
6264.49
149.13
149.13
83.32
83.32
21.37
21.37
6228.72
6228.72
272.08
272.08
154.86
154.86
10831.74
10831.74
18.72
18.72
2037.20
2037.20
1027.18
1027.18
6943.36
6943.36
1029.55
1029.55
4293.06
4293.06
594.16
594.16
3356.80
3356.80
160.34
160.34
73.08
73.08
9783.95
9783.95
1683.02
1683.02
21.76
21.76
2859.86
2859.86
4921.97
4921.97
143.25
143.25
1045.26
1045.26
1245.00
1245.00
2860.64
2860.64
541.54
541.54
2007.59
2007.59
1016.15
1016.15
1016.15
1016.15
70.22
70.22
315.02
315.02
94.45
94.45
1046.17
1046.17
2660.09
2660.09
3033.11
3033.11
604.68
604.68
605.58
605.58
788.26
788.26
782.91
782.91
1024.69
1024.69
323.72
323.72
129.39
129.39
204.92
204.92
189.93
189.93
1031.19
1031.19
2549.46
2549.46
3149.90
3149.90
10.00
10.00
3458.32
3458.32
5516.73
5516.73
10807.25
10807.25
3790.24
3790.24
2355.49
2355.49
36.90
36.90
82.64
82.64
2678.18
2678.18
10842.46
10842.46
1494.02
1494.02
3210.36
3210.36
3760.54
3760.54
9847.37
9847.37
1022.77
1022.77
10474.52
10474.52
10542.52
10542.52
107.92
107.92
10788.22
10788.22
7385.03
7385.03
7385.03
7385.03
11216.56
11216.56
41.44
41.44
6285.27
6285.27
6285.27
6285.27
6285.27
6285.27
6285.27
6285.27
11174.51
11174.51
4714.93
4714.93
43.18
43.18
224.58
224.58
2853.51
2853.51
5868.67
5868.67
982.13
982.13
4919.46
4919.46
6993.13
6993.13
5255.95
5255.95
14.64
14.64
1019.33
1019.33
200.88
200.88
803.40
803.40
1796.14
1796.14
73.34
73.34
162.09
162.09
9208.32
9208.32
9208.32
9208.32
9208.32
9208.32
913.85
913.85
75.38
75.38
901.99
901.99
1467.25
1467.25
9497.62
9497.62
8058.71
8058.71
8058.71
8058.71
8058.71
8058.71
8058.71
8058.71
8265.09
8265.09
9039.30
9039.30
9039.30
9039.30
10823.00
10823.00
6388.40
6388.40
10996.90
10996.90
4759.90
4759.90
9469.56
9469.56
5328.19
5328.19
5328.19
4768.29
11202.23
11202.23
9507.11
9507.11
9507.11
6624.09
6624.09
10014.05
10014.05
10014.05
10014.05
10014.05
10014.05
71.38
71.38
14.65
14.65
9378.64
9378.64
83.08
83.08
110.17
110.17
6845.44
6845.44
49.22
49.22
2242.18
2242.18
122.95
122.95
5039.66
5039.66
5039.66
5039.66
1692.85
1692.85
39.92
39.92
4043.82
4043.82
78.74
78.74
232.51
232.51
9723.04
9723.04
110.99
4999.51
4999.51
4999.51
2617.42
2617.42
7697.15
7697.15
1019.94
1019.94
270.89
270.89
1043.60
1043.60
2332.30
2332.30
207.93
207.93
240.13
240.13
3149.40
3149.40
3149.40
3149.40
6526.70
736.85
736.85
736.85
7531.76
7531.76
5559.75
5559.75
103.75
103.75
3672.62
3672.62
3672.62
3672.62
100.67
100.67
1339.85
1339.85
5848.24
5848.24
8034.22
8034.22
925.64
925.64
887.58
900.57
900.57
900.57
294.58
294.58
34.35
34.35
4663.65
4663.65
4663.65
4663.65
9438.81
9438.81
228.59
228.59
326.27
326.27
347.23
347.23
2974.26
2974.26
18.04
18.04
129.06
129.06
913.55
913.55
37.59
37.59
1338.05
1338.05
14.37
14.37
102.29
102.29
61.98
61.98
6640.61
6640.61
59.34
59.34
121.84
121.84
2030.57
2030.57
1037.00
1037.00
10912.88
10912.88
800.95
800.95
147.88
147.88
1270.19
1270.19
7098.50
7098.50
10408.83
10408.83
10.00
10.00
190.62
190.62
1512.90
1512.90
9145.06
9145.06
4867.01
4867.01
1042.10
1042.10
1112.66
1112.66
1005.58
1005.58
3888.30
3888.30
63.62
63.62
8319.09
8319.09
10635.67
10635.67
5314.94
5314.94
8711.95
8711.95
4997.03
4997.03
4997.03
4997.03
4997.03
4997.03
4997.03
4997.03
8692.77
8692.77
9030.37
9030.37
9030.37
9030.37
8958.33
8958.33
8958.33
8958.33
8958.33
8958.33
5654.14
5654.14
5654.14
5654.14
5654.14
5654.14
9000.48
9000.48
9000.48
9000.48
2537.30
2537.30
63.39
63.39
4490.22
4490.22
4705.87
4705.87
10311.44
10311.44
10311.44
10311.44
10311.44
10311.44
1833.49
1833.49
110.45
110.45
42.38
42.38
2675.27
2675.27
130.45
130.45
8024.16
8024.16
8024.16
8024.16
5185.34
5185.34
9175.47
9175.47
9175.47
9175.47
20.48
20.48
140.68
140.68
79.19
79.19
6236.87
6236.87
2966.65
2966.65
118.25
118.25
2665.01
2665.01
1039.97
1039.97
452.60
452.60
1020.86
1020.86
663.34
663.34
4741.08
4741.08
4952.37
4952.37
211.66
211.66
6748.29
6748.29
212.65
212.65
536.72
536.72
1244.22
1244.22
1544.16
1544.16
7203.12
7203.12
1616.81
1616.81
1018.62
1018.62
833.34
833.34
4252.06
4252.06
298.90
298.90
244.49
244.49
5179.90
5179.90
72.08
72.08
5158.97
5158.97
1275.80
1275.80
658.78
658.78
60.74
60.74
148.47
148.47
1345.35
1345.35
9068.83
9068.83
21.06
21.06
332.70
332.70
113.41
113.41
73.79
73.79
3486.02
3486.02
125.26
125.26
98.33
98.33
3442.48
3442.48
1022.63
1022.63
29.51
29.51
1028.05
1028.05
259.32
259.32
24.79
24.79
21.17
21.17
416.05
416.05
905.91
905.91
364.36
364.36
18.82
18.82
58.17
58.17
18.89
18.89
10.00
10.00
595.40
595.40
408.86
408.86
1305.05
1305.05
235.51
235.51
3849.79
3849.79
563.29
563.29
7221.10
7221.10
89.11
89.11
74.41
74.41
296.62
296.62
18.67
18.67
1017.92
1017.92
167.40
167.40
996.43
996.43
60.42
60.42
128.14
128.14
653.24
653.24
65.44
65.44
58.20
58.20
551.99
551.99
1124.30
1124.30
719.85
719.85
9310.65
9310.65
1028.71
1028.71
30.70
30.70
6484.44
6484.44
14.38
14.38
472.68
472.68
1091.09
1091.09
8680.53
8680.53
1012.65
1012.65
74.71
74.71
2095.96
2095.96
3412.67
3412.67
6133.51
6133.51
1169.97
1169.97
462.94
462.94
7112.67
7112.67
81.83
81.83
45.95
45.95
1873.68
1873.68
503.33
503.33
4458.95
4458.95
506.85
506.85
64.74
64.74
176.20
176.20
127.72
127.72
8376.94
8376.94
82.74
82.74
5556.83
5556.83
8284.49
8284.49
561.98
561.98
2497.64
2497.64
97.52
97.52
12.84
12.84
506.25
506.25
111.60
111.60
92.27
92.27
5358.70
5358.70
1074.51
1074.51
36.88
36.88
1021.00
1021.00
232.31
232.31
409.78
409.78
20.58
20.58
1989.72
1989.72
4883.22
4883.22
5486.18
5486.18
7615.86
7615.86
331.04
331.04
49.04
49.04
7472.12
7472.12
7472.12
7472.12
7472.12
7472.12
7472.12
7472.12
1570.52
1570.52
1570.52
1570.52
4206.26
4206.26
4206.26
4206.26
4206.26
4206.26
679.93
679.93
6839.21
6839.21
5974.88
5974.88
7094.97
7094.97
213.25
213.25
1291.80
1291.80
6995.37
6995.37
6086.28
6086.28
6086.28
6086.28
9607.98
9607.98
1142.69
1142.69
6105.66
6105.66
175.59
175.59
176.56
176.56
5481.73
5481.73
3890.47
3890.47
4638.48
4638.48
4443.23
4443.23
5092.54
5092.54
127.47
127.47
56.66
56.66
1051.53
1051.53
1053.87
1053.87
123.09
123.09
7793.80
7793.80
142.70
142.70
253.71
253.71
10464.49
10464.49
2662.02
2662.02
2662.02
2662.02
2662.02
2662.02
5270.62
5270.62
5270.62
5270.62
4058.43
4058.43
3305.73
3305.73
5072.87
5072.87
5004.38
5004.38
3759.56
3759.56
5389.27
5389.27
5389.27
5389.27
4857.38
4857.38
4016.96
4016.96
907.67
907.67
4923.80
4923.80
4923.80
4923.80
4923.80
4923.80
6025.63
6025.63
6470.54
6470.54
6456.52
6456.52
4054.37
4054.37
6128.55
6128.55
7087.12
7087.12
7043.04
7043.04
7735.54
7735.54
6867.22
6867.22
44.49
44.49
20.77
20.77
8343.49
8343.49
4537.14
4537.14
303.62
303.62
284.39
284.39
5939.40
5939.40
8282.24
8282.24
5267.71
5267.71
5267.71
5267.71
10975.16
10975.16
10103.37
10103.37
4986.69
4986.69
9963.56
9963.56
2024.79
2024.79
1805.14
1805.14
636.18
636.18
22.13
22.13
74.50
74.50
106.59
106.59
831.87
831.87
178.21
178.21
2532.95
2532.95
92.98
92.98
287.42
287.42
307.47
307.47
670.88
670.88
1023.44
1023.44
209.10
209.10
71.10
71.10
584.98
584.98
115.74
115.74
535.57
535.57
251.73
251.73
1008.48
1008.48
10.00
10.00
17.88
17.88
432.97
432.97
250.36
250.36
1025.27
1025.27
593.63
593.63
737.39
737.39
4822.29
4822.29
336.43
336.43
7127.78
7127.78
6733.81
6733.81
8679.01
8679.01
7951.11
7951.11
8702.55
8702.55
7527.96
7527.96
86.04
86.04
9696.25
9696.25
3269.05
3269.05
904.54
904.54
554.37
554.37
3964.97
3964.97
104.11
104.11
44.93
44.93
3330.59
3330.59
3330.59
3330.59
8914.00
8914.00
4578.64
4578.64
8303.53
8303.53
144.07
144.07
203.28
203.28
71.86
71.86
18.71
18.71
264.52
264.52
318.18
318.18
6618.70
6618.70
1884.89
1884.89
5550.48
5550.48
655.65
655.65
9748.10
9748.10
57.85
57.85
1029.51
1029.51
298.19
298.19
1023.69
1023.69
395.49
395.49
121.00
121.00
495.66
495.66
658.94
658.94
1036.92
1036.92
69.99
69.99
236.89
236.89
10846.87
10846.87
397.35
397.35
11187.60
11187.60
518.74
518.74
90.64
90.64
922.19
922.19
13.10
13.10
61.37
61.37
1395.84
1395.84
8047.83
8047.83
444.27
444.27
1021.02
1021.02
42.58
42.58
314.01
314.01
8467.06
8467.06
3906.67
3906.67
88.80
88.80
136.34
136.34
5696.66
5696.66
874.84
874.84
4393.77
4393.77
10858.87
10858.87
3452.16
3452.16
3236.73
3236.73
506.67
506.67
227.17
227.17
126.91
126.91
188.35
188.35
1030.33
1030.33
266.92
266.92
98.10
98.10
402.23
402.23
63.17
63.17
159.21
159.21
74.25
74.25
73.58
73.58
235.23
235.23
245.81
245.81
2366.74
2366.74
548.74
548.74
1043.97
1043.97
4412.57
4412.57
334.44
334.44
177.03
177.03
59.07
59.07
1640.62
1640.62
2268.65
2268.65
3923.83
3923.83
20.80
20.80
277.16
277.16
1022.88
1022.88
187.76
187.76
10799.17
10799.17
9219.73
9219.73
147.72
147.72
21.17
21.17
353.93
353.93
1024.89
1024.89
8067.58
8067.58
1014.53
1014.53
4684.41
4684.41
500.52
500.52
55.27
55.27
166.07
166.07
1012.28
1012.28
82.28
82.28
13.82
13.82
10.00
10.00
213.32
213.32
1016.28
1016.28
1494.54
1494.54
10948.28
10948.28
10859.79
10859.79
5180.39
5180.39
9920.22
9920.22
10530.24
10530.24
1021.00
1021.00
9734.99
9734.99
10829.74
10829.74
10506.05
10506.05
743.49
743.49
1031.75
1031.75
151.94
151.94
4657.16
4657.16
11018.87
11018.87
11369.85
11369.85
11369.85
11369.85
2542.69
2542.69
2375.03
2375.03
214.81
214.81
602.57
602.57
396.63
396.63
10.00
10.00
15.57
15.57
177.88
177.88
178.53
178.53
20.64
20.64
91.78
91.78
1021.28
1021.28
2860.63
2860.63
653.37
653.37
37.84
37.84
161.20
161.20
115.43
115.43
21.05
21.05
21.05
3796.50
7783.66
7783.66
7783.66
4261.89
4261.89
10347.89
10347.89
212.19
212.19
9543.46
9543.46
8957.73
8957.73
681.00
681.00
2837.71
2837.71
313.91
313.91
176.42
176.42
14.66
14.66
3210.18
3210.18
117.02
997.64
997.64
997.64
11120.82
11120.82
63.70
63.70
4348.55
4348.55
20.84
20.84
670.31
670.31
1756.66
1756.66
3304.69
3304.69
21.10
21.10
408.53
408.53
1032.44
1032.44
102.80
102.80
201.42
201.42
104.44
104.44
90.05
90.05
1321.92
1321.92
44.43
44.43
33.94
33.94
246.34
246.34
5914.97
5914.97
6919.71
6919.71
92.87
92.87
1021.93
1021.93
86.57
86.57
8781.46
8781.46
8926.35
8926.35
6157.81
6157.81
21.11
21.11
416.32
416.32
43.97
43.97
1142.50
1142.50
40.18
40.18
953.88
953.88
634.64
634.64
1040.82
1040.82
1672.29
1672.29
8525.38
8525.38
73.00
73.00
9757.65
9757.65
43.76
43.76
459.95
459.95
61.10
61.10
2469.93
2469.93
20.34
20.34
131.91
131.91
328.03
328.03
921.54
921.54
388.78
388.78
1027.64
1027.64
2314.81
2314.81
45.98
45.98
182.91
182.91
321.94
321.94
24.13
24.13
176.26
176.26
296.90
296.90
10234.93
10234.93
10231.86
10231.86
1011.73
1011.73
319.29
319.29
1022.45
1022.45
85.06
85.06
725.90
725.90
470.50
470.50
82.63
82.63
49.79
49.79
43.58
43.58
160.56
160.56
10.81
10.81
10.00
10.00
148.18
148.18
759.29
759.29
1012.09
1012.09
322.63
322.63
18.92
18.92
73.77
73.77
19.24
19.24
51.13
51.13
49.63
49.63
311.47
311.47
296.41
296.41
259.39
259.39
93.46
93.46
303.11
303.11
13.99
13.99
231.58
231.58
81.52
81.52
3400.27
3400.27
126.49
126.49
294.23
294.23
8867.72
8867.72
8345.82
8345.82
101.02
101.02
3175.20
3175.20
915.20
915.20
403.16
403.16
91.13
91.13
309.77
309.77
87.12
87.12
636.96
636.96
453.73
453.73
780.24
780.24
106.17
106.17
97.03
97.03
388.06
388.06
349.97
349.97
59.77
59.77
21.45
21.45
1019.00
1019.00
149.88
149.88
2310.03
2310.03
3971.11
3971.11
3748.84
3748.84
908.36
908.36
7935.46
7935.46
5163.82
5163.82
5000.06
5000.06
8582.74
8582.74
7215.84
7215.84
7719.09
7719.09
5840.18
5840.18
4363.69
4363.69
144.06
144.06
4630.82
4630.82
502.12
502.12
58.55
58.55
37.28
37.28
1596.88
1596.88
4478.79
4478.79
9373.50
9373.50
8246.23
8246.23
6026.51
6026.51
80.54
80.54
29.67
29.67
327.38
327.38
82.14
82.14
41.87
41.87
1649.67
1649.67
517.30
517.30
1020.46
1020.46
306.27
306.27
2700.29
2700.29
14.69
14.69
1238.12
1238.12
898.32
898.32
1452.98
1452.98
5832.49
5832.49
316.68
316.68
104.14
104.14
1033.50
1033.50
590.55
590.55
146.11
146.11
2742.63
2742.63
14.66
14.66
1131.88
1131.88
786.98
786.98
1037.00
1037.00
226.51
226.51
4830.26
4830.26
605.10
605.10
193.53
193.53
1020.76
1020.76
1733.71
1733.71
46.82
46.82
84.79
84.79
20.49
20.49
1134.89
1134.89
2073.08
2073.08
1010.47
1010.47
209.88
209.88
812.28
812.28
466.91
466.91
61.94
61.94
1015.93
1015.93
4883.74
4883.74
8470.28
8470.28
36.27
36.27
170.88
170.88
8034.70
8034.70
7937.09
7937.09
8873.69
8873.69
123.98
123.98
7951.14
7951.14
6074.64
6074.64
6892.77
6892.77
1004.24
1004.24
8261.12
8261.12
4240.84
4240.84
461.77
461.77
261.09
261.09
513.12
513.12
310.68
310.68
1024.02
1024.02
1915.32
1915.32
1732.86
1732.86
42.15
42.15
194.36
194.36
22.84
22.84
109.29
109.29
41.68
41.68
64.13
64.13
1206.57
1206.57
1013.95
1013.95
21.43
21.43
4196.73
4196.73
8988.99
8988.99
8503.90
8503.90
21.35
21.35
64.91
64.91
1022.37
1022.37
1952.04
1952.04
67.37
67.37
222.58
222.58
2998.05
2998.05
6109.08
6109.08
746.97
746.97
8585.26
8585.26
5047.35
5047.35
231.95
231.95
762.66
762.66
2911.90
2911.90
1035.01
1035.01
927.89
927.89
1014.96
1014.96
805.45
805.45
31.47
31.47
1219.81
1219.81
561.59
561.59
1271.85
1271.85
93.81
93.81
251.60
251.60
15.06
15.06
72.03
72.03
44.74
44.74
309.19
309.19
1023.11
1023.11
252.20
252.20
11429.40
11429.40
1026.68
1026.68
11000.25
11000.25
7743.91
7743.91
9205.33
9205.33
9205.33
9205.33
67.60
67.60
1696.39
1696.39
4179.27
4179.27
400.92
400.92
914.30
914.30
1030.66
1030.66
8763.65
8763.65
20.26
20.26
9584.08
9584.08
10838.82
10838.82
10079.35
10079.35
1011.47
1011.47
73.84
73.84
10649.75
10649.75
1037.12
1037.12
795.10
795.10
2038.65
2038.65
252.49
252.49
567.90
567.90
21.61
21.61
9166.26
9166.26
73.55
73.55
9128.98
9128.98
9128.98
9128.98
93.84
93.84
417.29
417.29
84.54
84.54
62.61
62.61
44.66
44.66
102.38
102.38
106.14
106.14
421.58
421.58
2859.68
2859.68
5356.50
5356.50
14.65
14.65
11042.84
11042.84
308.11
308.11
472.14
472.14
1021.73
1021.73
5475.10
5475.10
1038.15
1038.15
82.96
82.96
63.77
63.77
3067.82
3067.82
8171.24
8171.24
995.98
995.98
10619.66
10619.66
10581.28
10581.28
10581.28
10581.28
283.32
283.32
7364.36
7364.36
6913.86
6913.86
897.67
897.67
312.43
312.43
832.08
832.08
452.03
452.03
548.23
548.23
14.89
14.89
86.49
86.49
1039.36
1039.36
12121.92
12121.92
9258.17
9258.17
3958.70
3958.70
1531.12
1531.12
74.86
74.86
135.69
135.69
297.37
297.37
1221.65
1221.65
979.26
979.26
78.68
78.68
14.75
14.75
1046.25
1046.25
119.88
119.88
2004.51
2004.51
1021.99
1021.99
410.67
410.67
1023.22
1023.22
140.10
140.10
3043.05
3043.05
73.34
73.34
29.71
29.71
118.19
118.19
10091.77
10091.77
1779.76
1779.76
1202.73
1202.73
11851.55
11851.55
11147.29
11147.29
12032.14
12032.14
12032.14
12032.14
10597.14
10597.14
10847.42
10847.42
10419.31
10419.31
9928.73
9928.73
8955.39
8955.39
6754.11
6754.11
10585.57
10585.57
111.60
111.60
128.00
128.00
4194.80
4194.80
9248.89
9248.89
4508.80
4508.80
1608.42
1608.42
781.56
781.56
469.08
469.08
24.89
24.89
3532.33
3532.33
62.81
62.81
939.07
939.07
6096.79
6096.79
15.03
15.03
4001.32
4001.32
4001.32
4001.32
11104.43
11104.43
11104.43
11104.43
11104.43
11104.43
1392.91
1392.91
1088.81
1088.81
1016.92
1016.92
10516.35
10516.35
8141.80
8141.80
4778.33
4778.33
482.47
482.47
2167.12
2167.12
31.20
31.20
8700.58
8700.58
2024.94
2024.94
8161.61
8161.61
11324.40
11324.40
11324.40
11324.40
11324.40
11324.40
5836.05
5836.05
921.31
921.31
3677.98
3677.98
3677.98
3677.98
737.67
737.67
5484.71
5484.71
5600.00
5600.00
6271.93
6271.93
6350.32
6350.32
6712.94
6712.94
6712.94
6712.94
6712.94
6712.94
6712.94
6712.94
4870.54
4870.54
7093.35
7093.35
7121.75
7121.75
8559.95
8559.95
8350.68
8350.68
8350.68
8350.68
7252.42
7252.42
5805.17
5805.17
5805.17
5805.17
8000.52
8000.52
5086.43
5086.43
8225.66
8225.66
818.18
818.18
4374.09
4374.09
4374.09
4374.09
4375.27
4375.27
4375.27
4375.27
8918.45
8918.45
8774.89
8774.89
8450.13
8450.13
8537.24
8537.24
10839.54
10839.54
9345.78
9345.78
9810.69
9810.69
10169.35
10169.35
49.47
49.47
82.74
82.74
9455.73
9455.73
85.72
85.72
11780.69
11780.69
55.09
55.09
5396.62
5396.62
21.39
21.39
2243.12
2243.12
902.30
902.30
346.20
346.20
25.70
25.70
169.37
169.37
298.38
298.38
1647.41
1647.41
989.69
989.69
1025.32
1025.32
333.88
333.88
1708.22
1708.22
166.32
166.32
316.36
316.36
29.49
29.49
1118.21
1118.21
1035.98
1035.98
258.81
258.81
206.68
206.68
826.43
826.43
21.22
21.22
29.82
29.82
371.66
371.66
1521.83
1521.83
224.12
224.12
188.62
188.62
13.91
13.91
207.75
207.75
829.34
829.34
372.14
372.14
5185.48
5185.48
10220.66
10220.66
40.52
40.52
9840.48
9840.48
151.71
151.71
733.63
733.63
300.06
300.06
105.77
105.77
95.66
95.66
103.31
103.31
1021.15
1021.15
333.97
333.97
1100.38
1100.38
4725.45
4725.45
8256.01
8256.01
44.20
44.20
226.67
226.67
112.06
112.06
18.27
18.27
576.57
576.57
15.75
15.75
41.31
41.31
4675.38
4675.38
3395.14
3395.14
14.09
14.09
8497.43
8497.43
312.00
312.00
2112.64
2112.64
2262.91
2262.91
443.92
443.92
617.08
617.08
108.41
108.41
3610.36
3610.36
8721.71
8721.71
92.66
92.66
10071.57
10071.57
68.96
68.96
20.46
20.46
351.66
351.66
351.66
1016.98
1016.98
2278.86
1034.30
1034.30
1034.30
2702.81
2702.81
5751.37
5751.37
1019.67
1019.67
117.90
117.90
936.84
936.84
143.44
143.44
4404.96
4404.96
19.01
19.01
131.82
131.82
1081.93
1081.93
126.45
126.45
14.58
14.58
107.06
107.06
21.92
21.92
1020.13
1020.13
4844.75
4844.75
1031.39
1031.39
5524.67
5524.67
13.53
13.53
6547.18
6547.18
7235.92
7235.92
1027.52
1027.52
3592.12
1031.56
1031.56
1031.56
372.36
372.36
3913.23
3913.23
74.00
74.00
2629.26
2629.26
107.54
107.54
503.43
503.43
210.65
210.65
21.25
21.25
311.84
311.84
3278.36
3278.36
297.21
5936.11
5936.11
5936.11
8495.34
8495.34
10502.02
10502.02
9889.53
9889.53
7851.97
7851.97
3222.33
3222.33
8528.96
8528.96
29.07
29.07
4843.85
4843.85
469.82
469.82
59.01
59.01
59.01
10.00
10.00
62.56
62.56
84.20
20.89
20.89
82.97
82.97
330.04
330.04
3451.29
3451.29
3451.29
3451.29
265.81
265.81
20.92
20.92
472.72
472.72
117.97
117.97
40.34
40.34
851.51
851.51
2485.97
2485.97
41.77
41.77
1020.25
1020.25
206.02
206.02
45.13
45.13
89.16
89.16
925.85
925.85
81.91
81.91
10.00
10.00
917.68
917.68
272.80
272.80
102.77
102.77
1244.81
1244.81
97.05
97.05
1038.67
1038.67
130.51
130.51
6309.05
6309.05
2976.86
2976.86
40.86
40.86
834.36
834.36
626.47
626.47
6293.03
6293.03
6693.93
6693.93
4003.08
4003.08
291.94
291.94
36.68
36.68
8395.82
8395.82
523.02
523.02
905.36
905.36
10.00
10.00
29.69
29.69
59.46
59.46
4861.61
4861.61
908.78
908.78
460.02
460.02
30.08
30.08
7560.48
7560.48
14.28
14.28
21.08
21.08
63.41
63.41
994.82
994.82
3051.69
3051.69
8672.64
8672.64
8827.45
8827.45
4105.06
4105.06
3331.58
3331.58
2318.54
2318.54
57.95
57.95
73.61
73.61
144.10
144.10
1192.64
1192.64
57.85
57.85
5724.71
5724.71
2901.01
2901.01
3136.40
3136.40
366.10
366.10
4566.08
4566.08
20.25
20.25
7070.77
7070.77
38.00
38.00
3749.52
3749.52
9453.81
9453.81
8975.72
8975.72
8975.72
8975.72
8853.76
8853.76
4888.24
4888.24
7988.24
7988.24
8396.20
8396.20
1042.61
1042.61
1036.02
1036.02
511.29
511.29
21.26
21.26
42.40
42.40
2410.01
2410.01
41.84
41.84
2512.84
2512.84
59.66
59.66
3441.05
3441.05
405.27
405.27
424.00
424.00
325.43
325.43
14.71
14.71
946.49
946.49
28.97
28.97
315.84
315.84
5693.16
5693.16
1661.02
1661.02
775.22
775.22
10684.17
10684.17
63.94
63.94
270.68
270.68
112.37
112.37
19.56
19.56
131.66
131.66
7033.54
7033.54
29.59
29.59
881.48
881.48
99.28
99.28
3581.33
3581.33
130.52
130.52
1013.90
1013.90
140.44
140.44
31.94
31.94
4456.32
4456.32
7604.49
7604.49
10316.74
10316.74
102.04
102.04
31.73
31.73
1866.91
1866.91
229.86
229.86
21.66
21.66
4705.24
4705.24
73.24
73.24
62.77
62.77
272.01
272.01
32.05
32.05
8501.63
8501.63
73.83
73.83
1337.17
1337.17
1025.98
1025.98
166.52
166.52
280.16
280.16
20.68
20.68
411.96
411.96
1891.58
1891.58
321.69
321.69
360.62
360.62
385.25
385.25
18.42
18.42
156.58
156.58
222.56
222.56
93.71
93.71
74.46
74.46
18.54
18.54
14.73
14.73
590.22
590.22
29.06
29.06
791.47
791.47
126.68
126.68
311.81
311.81
842.92
842.92
1025.20
1025.20
7079.43
7079.43
89.84
89.84
666.14
666.14
316.28
316.28
124.92
124.92
389.92
389.92
1279.58
1279.58
361.35
361.35
9681.39
9681.39
20.67
20.67
269.02
269.02
59.43
59.43
3710.98
3710.98
1021.72
1021.72
36.96
36.96
7636.49
7636.49
11219.41
11219.41
11219.41
11219.41
10938.41
10938.41
2829.94
2829.94
329.50
329.50
15.07
15.07
865.79
865.79
1024.50
1024.50
440.28
440.28
1015.67
1015.67
10548.12
10548.12
65.39
65.39
351.41
351.41
4900.29
4900.29
8531.75
8531.75
8531.75
8531.75
6764.90
6764.90
8197.82
8197.82
2364.77
2364.77
44.53
44.53
2765.85
2765.85
912.94
912.94
6854.77
6854.77
97.45
97.45
20.59
20.59
9768.03
9768.03
11475.84
11475.84
133.35
133.35
3535.81
3535.81
6280.64
6280.64
6280.64
6280.64
88.19
88.19
296.53
296.53
1015.67
1015.67
1015.18
1015.18
453.36
453.36
213.22
213.22
83.12
83.12
977.40
977.40
8383.62
8383.62
8383.62
8383.62
9435.27
9435.27
2339.63
2339.63
75.31
75.31
182.76
182.76
139.82
139.82
28.19
28.19
18.36
18.36
2275.90
2275.90
1339.55
1339.55
1016.25
1016.25
5872.37
5872.37
44.51
44.51
339.49
339.49
279.67
279.67
1307.49
1307.49
1804.36
1804.36
1028.50
1028.50
185.26
185.26
233.75
233.75
345.44
345.44
18.64
18.64
21.24
21.24
49.70
49.70
237.60
237.60
10.00
10.00
413.02
413.02
101.94
101.94
4478.58
4478.58
1021.74
1021.74
29.46
29.46
150.44
150.44
547.69
547.69
10.00
10.00
88.43
88.43
2750.91
2750.91
1023.89
1023.89
1546.98
1546.98
833.83
833.83
380.88
380.88
672.12
672.12
1969.62
1969.62
220.41
220.41
44.18
44.18
312.52
312.52
1216.35
1216.35
1019.54
1019.54
353.68
353.68
996.93
996.93
11164.79
11164.79
78.60
78.60
3798.35
3798.35
7466.92
7466.92
7466.92
7466.92
10542.97
10542.97
10542.97
10542.97
10542.97
10542.97
10049.73
10049.73
1040.76
1040.76
9619.22
9619.22
9418.09
9418.09
2926.63
2926.63
5485.90
5485.90
1018.56
1018.56
10795.73
10795.73
2457.96
2457.96
11265.45
11265.45
11265.45
11265.45
11265.45
11265.45
11265.45
11265.45
10627.25
10627.25
10283.99
10283.99
10283.99
10283.99
10283.99
10283.99
10283.99
10283.99
10283.99
10283.99
10283.99
10283.99
10283.99
10283.99
10283.99
10283.99
10283.99
10283.99
10283.99
10283.99
123.36
123.36
3223.79
3223.79
116.01
116.01
44.35
44.35
9318.62
9318.62
5013.14
5013.14
21.14
21.14
6605.04
6605.04
1027.04
1027.04
10895.52
10895.52
10895.52
10895.52
7670.93
7670.93
9565.44
9565.44
10325.66
10325.66
197.03
197.03
1024.19
1024.19
8344.55
8344.55
8344.55
8344.55
9709.83
9709.83
9709.83
9709.83
8828.62
8828.62
8156.05
8156.05
177.25
177.25
9911.34
9911.34
9845.16
9845.16
10993.90
10993.90
10227.73
10227.73
9943.25
9943.25
11511.10
11511.10
11511.10
11511.10
11511.10
11511.10
2232.30
2232.30
3070.69
3070.69
3070.69
3070.69
3070.69
3070.69
3402.08
3402.08
8083.73
8083.73
1035.06
1035.06
22.89
22.89
11549.83
