# 1Hz Kbps trace generated by import_real_world_traces.py
1238.99
3087.12
550.39
255.68
255.68
1456.69
1456.69
1290.22
1290.22
403.30
403.30
96.22
96.22
994.91
994.91
191.61
191.61
240.44
240.44
2908.63
2908.63
48.45
48.45
3054.45
3054.45
94.06
94.06
46.86
46.86
3366.78
3366.78
520.49
520.49
10.00
10.00
68.71
68.71
3038.99
3038.99
197.10
197.10
86.63
86.63
134.07
134.07
94.53
94.53
139.24
139.24
2329.28
2329.28
233.97
233.97
403.92
403.92
30.52
30.52
24.26
24.26
1189.97
1189.97
3385.71
3385.71
145.77
145.77
87.53
87.53
270.97
270.97
2745.26
2745.26
849.02
849.02
62.16
62.16
132.50
132.50
416.77
416.77
600.01
600.01
28.92
28.92
694.72
694.72
694.72
386.37
386.37
95.09
95.09
423.44
423.44
1804.69
1804.69
126.43
126.43
1127.42
1127.42
143.89
143.89
714.05
714.05
120.65
120.65
1305.94
1305.94
2391.51
2391.51
742.68
742.68
145.72
145.72
219.61
219.61
183.78
183.78
1164.27
1164.27
44.18
44.18
1955.43
1955.43
569.50
569.50
273.39
273.39
408.47
408.47
896.65
896.65
3350.54
3350.54
131.63
131.63
505.34
505.34
881.04
881.04
199.96
199.96
1403.81
1403.81
1161.46
1161.46
853.91
853.91
92.66
92.66
152.00
152.00
1365.72
1365.72
2799.49
2799.49
391.41
391.41
162.69
162.69
685.46
685.46
1005.35
1005.35
189.30
189.30
168.71
168.71
805.01
805.01
2244.80
2244.80
342.61
342.61
48.24
48.24
1089.56
1089.56
3499.70
3499.70
1599.49
1599.49
3200.12
3200.12
10.00
10.00
206.52
206.52
30.90
30.90
420.54
420.54
1196.10
1196.10
967.86
967.86
384.92
384.92
3166.77
3166.77
1935.80
1935.80
1935.80
46.18
46.18
57.78
17.06
17.06
17.06
418.63
418.63
215.47
215.47
1385.41
1385.41
175.90
175.90
729.81
729.81
290.42
736.83
736.83
736.83
1973.32
1973.32
242.08
242.08
313.26
313.26
2423.03
2423.03
110.50
110.50
452.65
452.65
178.26
178.26
3747.86
3747.86
15.61
15.61
24.28
24.28
24.19
24.19
1247.87
1247.87
2535.74
2535.74
3641.54
3641.54
114.73
114.73
86.85
86.85
1589.30
1589.30
2559.79
2559.79
2624.84
2624.84
1755.71
1755.71
221.72
221.72
10.00
10.00
3812.58
3812.58
1284.38
1284.38
1567.74
1567.74
630.79
630.79
2181.90
2181.90
774.15
986.82
986.82
986.82
1491.96
1491.96
257.41
257.41
202.98
202.98
48.24
48.24
10.00
10.00
610.31
610.31
1260.33
1260.33
2185.64
2185.64
140.00
140.00
84.35
84.35
453.74
14.01
14.01
14.01
537.49
537.49
360.54
360.54
30.24
30.24
1976.25
1976.25
30.12
30.12
3124.22
14.98
14.98
14.98
21.79
21.79
657.28
657.28
34.31
34.31
805.57
805.57
15.93
15.93
274.21
274.21
75.45
75.45
470.31
470.31
426.70
426.70
38.68
38.68
107.49
107.49
1217.87
1217.87
61.39
61.39
3638.96
3638.96
71.62
71.62
262.73
262.73
1326.85
1326.85
220.86
220.86
978.06
978.06
727.42
727.42
738.67
738.67
246.35
246.35
971.18
971.18
1264.69
1264.69
3160.45
3160.45
333.14
333.14
401.88
401.88
19.84
19.84
32.46
32.46
23.49
23.49
1132.69
1132.69
2061.02
2061.02
66.49
66.49
443.61
443.61
443.61
443.61
443.61
443.61
443.61
443.61
443.61
443.61
443.61
443.61
443.61
443.61
443.61
443.61
443.61
443.61
443.61
443.61
443.61
443.61
443.61
443.61
443.61
175.87
111.62
2034.34
516.91
568.04
568.04
568.04
568.04
568.04
568.04
568.04
568.04
568.04
568.04
568.04
568.04
568.04
568.04
568.04
568.04
568.04
568.04
568.04
568.04
568.04
568.04
568.04
568.04
568.04
568.04
568.04
568.04
568.04
568.04
568.04
568.04
568.04
568.04
568.04
568.04
568.04
568.04
568.04
568.04
568.04
568.04
568.04
568.04
568.04
568.04
568.04
568.04
568.04
568.04
568.04
568.04
568.04
568.04
568.04
568.04
30.26
