# 1Hz Kbps trace generated by import_real_world_traces.py
2406.10
2541.48
3673.73
1330.37
1330.37
1089.26
1089.26
778.15
778.15
1168.35
1168.35
375.62
375.62
3703.49
3703.49
589.53
589.53
3537.69
3537.69
3354.65
3354.65
1012.98
1012.98
3410.16
3410.16
2478.11
2478.11
21.35
21.35
2569.52
2569.52
1694.39
1694.39
75.99
75.99
402.18
402.18
3661.29
3661.29
884.26
884.26
1383.48
1383.48
3371.84
3371.84
817.52
817.52
1480.71
1480.71
3460.86
3460.86
471.05
471.05
3540.79
3540.79
3746.44
3746.44
3746.44
3746.44
445.55
445.55
3447.92
3447.92
3689.12
3689.12
3559.60
3559.60
128.34
128.34
1623.80
1623.80
3721.31
3721.31
3721.31
3721.31
2315.01
2315.01
662.62
662.62
3540.35
3540.35
31.47
31.47
3760.68
3760.68
3607.38
3607.38
3531.99
3531.99
400.25
400.25
903.21
903.21
1781.51
1781.51
1844.77
1844.77
3540.30
3540.30
3537.63
3537.63
910.32
910.32
981.54
981.54
1456.03
1456.03
1346.43
1346.43
3691.70
3691.70
1308.83
1308.83
758.97
758.97
3444.54
3444.54
1716.83
1716.83
3701.47
3701.47
3587.52
3587.52
3609.68
3609.68
3538.04
3538.04
3524.80
3524.80
3692.65
3692.65
84.10
84.10
3482.16
3482.16
3454.85
3454.85
3454.85
3454.85
907.29
907.29
3652.21
3652.21
3734.03
3734.03
3734.03
3734.03
3734.03
3734.03
3560.63
3560.63
3471.57
3471.57
3401.95
3401.95
3746.66
3746.66
3662.58
3662.58
3437.59
3437.59
3316.21
3316.21
3766.54
3766.54
3689.17
3689.17
3767.11
3767.11
3670.99
3670.99
3723.45
3723.45
3752.96
3752.96
3738.02
3738.02
3634.49
3634.49
3484.89
3484.89
3683.56
3683.56
3404.66
3404.66
3437.50
3437.50
3509.61
3509.61
3493.89
3493.89
3312.56
3312.56
3710.69
3710.69
1359.53
1359.53
3489.77
3489.77
3580.91
3580.91
3314.56
3314.56
3680.11
3680.11
3312.95
3312.95
3671.20
3671.20
3732.70
3732.70
1678.01
1678.01
77.10
77.10
1233.23
1233.23
1608.93
1608.93
3730.89
3730.89
1015.94
1015.94
3116.03
3116.03
3690.12
3690.12
3336.03
3336.03
1104.94
1104.94
234.74
234.74
509.56
509.56
907.70
907.70
142.57
142.57
1629.58
1629.58
1492.42
1492.42
1380.57
1380.57
10.00
10.00
354.19
354.19
127.72
127.72
2152.63
2152.63
21.04
21.04
774.40
774.40
3727.29
3727.29
1067.82
1067.82
3350.50
3350.50
3719.52
3719.52
459.50
459.50
3797.49
3797.49
1579.78
1579.78
3761.49
3761.49
469.34
469.34
3667.50
3667.50
2744.56
2744.56
3251.76
3251.76
3350.08
3350.08
3199.47
3199.47
1409.27
1409.27
2285.70
2285.70
1503.45
1503.45
171.90
171.90
1116.03
1116.03
1818.93
1818.93
3787.17
3787.17
1473.63
1473.63
3766.78
3766.78
3066.17
3066.17
3262.43
3262.43
887.14
887.14
3701.51
3701.51
3136.02
3136.02
1277.42
1277.42
3405.63
3405.63
2220.61
2220.61
2938.90
2938.90
1052.14
1052.14
3611.63
3611.63
3530.60
3530.60
3762.26
3762.26
888.01
888.01
321.40
321.40
1940.07
1940.07
21.03
21.03
440.91
440.91
473.50
473.50
1227.07
1227.07
318.13
318.13
314.59
314.59
634.12
634.12
1392.92
1392.92
82.90
82.90
3139.83
3139.83
1049.99
1049.99
1319.53
1319.53
880.64
880.64
890.71
890.71
1984.89
1984.89
328.93
328.93
2440.90
2440.90
873.75
873.75
1900.16
1900.16
1862.13
1862.13
588.35
588.35
192.10
192.10
2279.57
2279.57
815.89
815.89
960.87
960.87
1306.13
1306.13
3422.97
3422.97
3046.63
3046.63
3713.13
3713.13
1356.57
1356.57
512.62
512.62
1318.81
1318.81
14.00
14.00
21.32
21.32
893.50
893.50
3396.40
3396.40
592.39
592.39
3517.12
3517.12
1089.91
1089.91
490.76
490.76
84.01
84.01
882.94
882.94
3553.05
3553.05
3390.80
3390.80
3731.42
