# 1Hz Kbps trace generated by import_real_world_traces.py
975.88
1334.98
2575.96
3069.29
3069.29
3567.01
3567.01
290.77
290.77
811.19
811.19
38.51
38.51
3677.99
3677.99
27.42
27.42
91.12
91.12
97.14
97.14
461.13
461.13
863.18
863.18
9151.80
9151.80
229.80
229.80
51.09
51.09
5810.25
5810.25
5810.25
13.46
13.46
13.46
13.46
624.00
624.00
624.00
14.62
2201.95
1595.46
1595.46
1067.50
1067.50
2735.97
2735.97
2488.54
2488.54
23.35
23.35
2435.13
2435.13
74.50
74.50
835.12
835.12
202.27
202.27
1793.37
1793.37
271.08
271.08
626.55
626.55
6934.54
6934.54
2299.15
2299.15
861.38
861.38
267.04
267.04
6739.23
6739.23
18.41
18.41
564.83
564.83
900.81
900.81
38.08
38.08
1383.04
1383.04
2190.11
2190.11
122.41
122.41
894.07
894.07
6093.52
6093.52
768.94
768.94
181.48
181.48
307.23
307.23
266.64
266.64
10.67
10.67
9705.27
9705.27
10.00
10.00
5035.16
5035.16
225.82
225.82
833.43
833.43
3139.28
3139.28
198.57
198.57
893.88
893.88
159.68
159.68
626.62
626.62
35.60
35.60
64.60
64.60
708.02
708.02
145.66
145.66
686.48
686.48
3033.63
3033.63
89.15
89.15
1704.58
1704.58
8803.99
8803.99
9948.79
9948.79
9948.79
9948.79
68.59
68.59
1002.31
1002.31
653.97
653.97
20.75
20.75
6621.11
6621.11
14.82
14.82
8587.57
8587.57
484.19
484.19
852.96
852.96
10.00
10.00
770.50
770.50
1481.99
1481.99
3936.30
3936.30
649.16
649.16
615.31
615.31
10.07
10.07
122.96
122.96
198.25
198.25
631.45
631.45
2295.48
2295.48
874.44
874.44
387.85
387.85
901.06
901.06
19.73
19.73
6838.25
6838.25
17.35
17.35
1827.33
1827.33
825.30
825.30
4829.49
4829.49
8241.77
8241.77
4658.06
4658.06
20.71
20.71
3640.86
3640.86
8150.26
8150.26
7457.48
7457.48
7764.11
7764.11
8335.90
8335.90
58.38
58.38
9583.44
9583.44
849.92
849.92
2585.18
2585.18
37.23
37.23
1350.09
1350.09
5171.61
5171.61
75.79
75.79
122.65
122.65
4718.58
4718.58
154.55
154.55
89.15
89.15
69.91
69.91
264.34
264.34
2930.74
2930.74
565.38
565.38
48.62
48.62
438.84
438.84
35.06
35.06
9160.30
9160.30
3634.89
3634.89
38.25
38.25
10698.90
10698.90
113.75
113.75
10.00
10.00
2860.34
2860.34
880.65
880.65
16.76
16.76
21.02
21.02
6689.30
6689.30
9313.95
9313.95
436.39
436.39
310.75
310.75
900.43
900.43
15.67
15.67
144.09
144.09
144.09
34.28
34.28
81.23
81.23
74.83
74.83
108.32
108.32
112.01
112.01
67.82
67.82
160.06
160.06
88.80
88.80
48.58
48.58
177.02
177.02
82.20
82.20
3411.65
3411.65
318.29
318.29
3976.22
3976.22
71.90
71.90
4800.80
4800.80
30.10
30.10
3382.81
3382.81
18.01
18.01
210.95
210.95
22.93
22.93
21.31
21.31
10.00
10.00
1440.14
1440.14
34.83
34.83
65.47
65.47
2028.19
2028.19
2302.89
2302.89
13.68
13.68
544.37
544.37
621.20
621.20
212.18
212.18
81.00
81.00
5264.71
5264.71
42.01
42.01
5006.72
5006.72
8550.53
8550.53
89.22
89.22
8397.84
8397.84
8759.71
8936.95
8936.95
8936.95
6811.28
6811.28
24.89
24.89
1545.43
1545.43
3778.67
3778.67
3778.67
3778.67
7968.70
7968.70
125.86
125.86
289.39
289.39
24.69
24.69
15.53
15.53
176.70
176.70
873.83
873.83
51.02
51.02
124.07
124.07
5564.94
5564.94
9104.14
9104.14
5922.65
5922.65
1257.74
1257.74
131.92
131.92
435.06
435.06
109.23
109.23
1884.39
1884.39
55.68
55.68
1350.51
1350.51
183.26
183.26
7213.25
7213.25
10603.32
10603.32
7808.32
7808.32
834.48
834.48
7594.66
7594.66
106.67
106.67
253.53
253.53
251.05
251.05
844.42
844.42
6296.62
6296.62
654.69
654.69
1811.11
1811.11
50.29
50.29
4791.84
4791.84
4791.84
4791.84
4791.84
4791.84
4791.84
4791.84
4791.84
4791.84
4080.96
4080.96
59.82
59.82
8766.00
8766.00
8766.00
8766.00
8766.00
8766.00
8766.00
8766.00
8766.00
8766.00
8766.00
8766.00
8766.00
8766.00
8766.00
8766.00
8766.00
8766.00
6968.76
6968.76
6968.76
6968.76
6968.76
6968.76
6968.76
6968.76
6968.76
6968.76
8711.68
8711.68
8711.68
8711.68
8273.27
8273.27
85.99
85.99
46.43
46.43
10.00
10.00
22.86
22.86
512.07
512.07
1238.75
1238.75
3068.05
3068.05
869.50
869.50
7921.11
7921.11
8328.11
8328.11
6202.46
6202.46
6971.95
6971.95
231.42
231.42
50.87
50.87
1053.21
1053.21
7710.84
7710.84
7710.84
7710.84
7710.84
7710.84
7710.84
7710.84
7710.84
7710.84
8551.07
8551.07
8540.06
8540.06
8790.14
8790.14
6814.16
6814.16
8819.57
8819.57
8819.57
8819.57
8819.57
8819.57
8819.57
8819.57
8819.57
8819.57
20.56
20.56
3860.01
3860.01
3860.01
3860.01
3860.01
3860.01
4189.40
4189.40
4189.40
4189.40
4189.40
4189.40
5644.10
5644.10
56.03
56.03
8197.34
8197.34
3738.48
3738.48
3738.48
3738.48
8091.31
8091.31
8091.31
8091.31
8091.31
8091.31
8091.31
8091.31
8091.31
8091.31
8091.31
8091.31
18.27
18.27
360.48
360.48
54.34
54.34
18.01
18.01
51.39
51.39
872.20
872.20
463.48
463.48
10.00
10.00
720.86
720.86
488.38
488.38
708.84
708.84
592.81
592.81
8253.32
8253.32
72.80
72.80
3400.87
3400.87
11.86
11.86
4445.80
4445.80
11445.89
11445.89
2966.84
2966.84
43.41
43.41
43.41
43.41
46.76
328.08
22.22
22.22
68.97
68.97
4137.97
4137.97
43.22
43.22
62.53
62.53
1356.79
1356.79
2557.03
2557.03
841.96
841.96
21.50
21.50
106.16
106.16
1913.37
1913.37
5803.19
5803.19
888.33
888.33
3517.28
3517.28
54.33
54.33
94.66
94.66
36.91
36.91
852.13
852.13
394.23
394.23
870.83
870.83
9875.24
9875.24
27.28
27.28
903.71
903.71
5114.30
5114.30
9769.56
9769.56
189.66
189.66
57.89
57.89
87.20
87.20
14.10
14.10
873.36
873.36
54.03
54.03
863.62
863.62
4941.99
4941.99
12.84
12.84
34.27
34.27
3658.52
3658.52
7200.58
7200.58
147.03
147.03
2458.59
2458.59
7047.51
7047.51
17.86
17.86
894.09
894.09
52.74
52.74
38.73
38.73
1411.27
1411.27
234.50
234.50
65.50
65.50
38.92
38.92
128.06
128.06
12112.97
12112.97
38.92
38.92
6015.25
6015.25
118.88
118.88
47.37
47.37
51.44
51.44
489.65
489.65
392.50
392.50
1237.21
1237.21
169.88
169.88
8430.20
8430.20
911.68
911.68
12311.41
12311.41
9336.87
9336.87
122.25
122.25
2111.93
2111.93
5281.58
5281.58
25.72
25.72
12863.52
12863.52
83.89
83.89
5218.78
5218.78
11136.86
11136.86
10902.36
10902.36
79.95
79.95
9132.54
9132.54
12090.76
12090.76
35.05
35.05
6433.26
6433.26
912.12
912.12
9592.15
9592.15
12.60
12.60
594.86
594.86
5921.95
5921.95
272.37
272.37
9812.07
9812.07
852.25
852.25
2481.83
2481.83
103.86
103.86
51.62
51.62
32.73
32.73
10.00
10.00
18.23
18.23
892.58
892.58
841.54
841.54
127.77
127.77
145.80
145.80
10.00
10.00
18.50
18.50
159.93
159.93
71.15
71.15
18.03
18.03
106.76
106.76
12.50
12.50
127.09
127.09
910.97
910.97
28.50
28.50
114.24
114.24
18.29
18.29
4049.67
4049.67
938.49
938.49
10062.55
10062.55
11564.67
11564.67
83.65
83.65
3603.38
3603.38
898.11
898.11
1331.41
1331.41
19.59
19.59
2185.91
2185.91
3787.71
3787.71
213.94
213.94
15.50
15.50
777.16
777.16
49.56
49.56
8815.09
