# 1Hz Kbps trace generated by import_real_world_traces.py
1376.27
3701.79
3701.79
1941.53
1941.53
4856.60
4856.60
5443.55
5443.55
6048.70
6048.70
6382.80
6382.80
6009.90
6009.90
81.36
81.36
6897.75
6897.75
6897.75
6897.75
421.09
954.05
1543.10
1543.10
2092.14
2092.14
2425.80
2425.80
2335.79
2335.79
3195.21
3195.21
131.26
131.26
3265.92
3265.92
719.11
719.11
4291.03
4291.03
4374.18
4374.18
4374.18
4374.18
2230.94
2230.94
4073.13
4073.13
4389.38
4389.38
4519.91
4519.91
5266.56
5266.56
5047.50
5047.50
5379.14
5379.14
5866.47
5866.47
879.05
879.05
1858.34
1858.34
6158.60
6158.60
5075.14
5075.14
6429.12
6429.12
1562.69
1562.69
589.57
589.57
6232.62
6232.62
112.25
112.25
2974.99
2974.99
6291.84
6291.84
6291.84
6291.84
6639.51
6639.51
6565.97
6565.97
6565.97
6565.97
6464.51
6464.51
5118.43
5118.43
4905.76
4905.76
6715.94
6715.94
4686.29
4686.29
6651.66
6651.66
333.98
333.98
5833.57
5833.57
6794.29
6794.29
6710.84
6710.84
6466.37
6466.37
330.92
330.92
5441.66
5441.66
775.87
775.87
5912.96
5912.96
586.67
586.67
6565.48
6565.48
1816.07
1816.07
3827.33
3827.33
2760.50
2760.50
1462.37
1462.37
7138.88
7138.88
7005.80
7005.80
122.51
122.51
2521.53
2521.53
41.60
41.60
3977.18
3977.18
2576.76
2576.76
7564.62
7564.62
7564.62
7564.62
7749.37
7749.37
7278.12
7278.12
7557.52
7557.52
4116.26
4116.26
7734.34
7734.34
822.44
822.44
550.58
550.58
1723.92
1723.92
2529.79
2529.79
7219.10
7219.10
4834.37
4834.37
7572.80
7572.80
7690.92
7690.92
8056.74
8056.74
8056.74
8056.74
8056.74
8056.74
2070.29
2070.29
5215.77
5215.77
5215.77
5215.77
5215.77
5215.77
7677.24
7677.24
7780.14
7780.14
7780.14
7780.14
1233.90
1233.90
7416.45
7416.45
7996.72
7996.72
6681.74
6681.74
6825.64
6825.64
7984.50
7984.50
7393.81
7393.81
6314.18
6314.18
1499.10
1499.10
447.88
447.88
7336.01
7336.01
7835.71
7835.71
5352.01
5352.01
15.74
15.74
7249.24
7249.24
6953.55
6953.55
7987.55
7987.55
7384.44
7384.44
7392.03
7392.03
2200.73
2200.73
660.10
660.10
7394.04
7394.04
7156.65
7156.65
7018.08
7018.08
7728.22
7728.22
65.60
65.60
7584.49
7584.49
4874.50
4874.50
1153.42
1153.42
4885.50
4885.50
7327.48
7327.48
7619.85
7619.85
819.29
819.29
1729.60
1729.60
7302.84
7302.84
918.01
918.01
7593.57
7593.57
6664.02
6664.02
5428.96
5428.96
817.27
817.27
5751.16
5751.16
6753.11
6753.11
1168.96
1168.96
134.86
134.86
779.60
779.60
46.34
46.34
798.15
798.15
591.51
591.51
2295.74
2295.74
864.60
864.60
619.89
619.89
63.56
63.56
6846.24
6846.24
7191.96
7191.96
2902.06
2902.06
3820.91
3820.91
20.31
20.31
6597.17
6597.17
3713.22
3713.22
5712.30
5712.30
1795.48
1795.48
7732.68
7732.68
7882.15
7882.15
7882.15
7882.15
7882.15
441.41
441.41
459.19
459.19
327.44
819.71
946.21
1747.96
1747.96
2024.67
2024.67
2559.43
2559.43
2540.26
2540.26
2622.02
2622.02
2666.87
2666.87
2569.32
2569.32
3319.49
3319.49
3247.26
3247.26
3304.84
3304.84
3863.00
3863.00
4077.50
4077.50
4150.76
4150.76
3651.75
3651.75
5028.35
5028.35
4461.11
4461.11
5408.80
5408.80
6280.07
6280.07
6419.87
6419.87
6005.67
6005.67
5584.02
5584.02
2056.27
2056.27
6136.45
6136.45
6907.92
6907.92
7890.72
7890.72
1335.64
1335.64
5356.83
5356.83
2946.04
2946.04
756.72
756.72
7487.18
7487.18
8370.19
8370.19
1572.79
1572.79
7304.04
7304.04
7275.55
7275.55
7378.77
7378.77
652.64
652.64
813.36
813.36
1610.12
1610.12
4240.13
4240.13
7511.64
7511.64
7732.01
7732.01
7136.00
7136.00
8258.09
8258.09
8258.09
8258.09
7405.69
7405.69
1238.92
1238.92
247.17
247.17
3573.39
3573.39
7209.11
7209.11
7304.78
7304.78
5612.01
5612.01
7775.20
7775.20
7105.78
7105.78
10.00
10.00
199.03
199.03
793.37
793.37
75.94
75.94
6948.52
6948.52
7016.07
7016.07
7842.99
7842.99
7842.99
7842.99
1044.86
1044.86
7316.23
7316.23
7241.67
7241.67
7471.74
7471.74
7471.74
7471.74
7795.20
7795.20
3838.49
3838.49
7772.67
7772.67
6330.72
6330.72
665.31
665.31
7408.39
7408.39
471.90
471.90
7152.53
7152.53
3093.73
3093.73
7501.08
7501.08
5414.80
5414.80
55.30
55.30
8004.67
8004.67
8004.67
8004.67
8004.67
8004.67
8004.67
8004.67
8004.67
8004.67
8004.67
8004.67
8004.67
8004.67
8004.67
8004.67
8004.67
8004.67
8004.67
8004.67
8004.67
8004.67
7832.74
7832.74
7120.63
7120.63
47.70
47.70
72.23
72.23
1880.69
1880.69
3452.72
3452.72
3452.72
3452.72
3452.72
3452.72
3626.92
3626.92
7678.79
7678.79
3565.09
3565.09
3912.53
3912.53
7390.55
7390.55
7390.55
7390.55
7564.01
7564.01
5432.88
5432.88
7206.91
7206.91
7206.91
7206.91
6618.56
6618.56
6618.56
6994.92
7627.70
7627.70
7627.70
5241.68
5241.68
5241.68
5241.68
5241.68
5241.68
5241.68
5241.68
2638.18
2638.18
1395.51
1395.51
6172.49
6172.49
6172.49
6172.49
6172.49
6172.49
6514.72
6514.72
6514.72
6514.72
6514.72
6514.72
6514.72
6514.72
6514.72
6514.72
4023.62
4023.62
6729.64
6729.64
6442.15
6442.15
6442.15
6442.15
6597.66
6597.66
5539.06
5539.06
5539.06
5539.06
5539.06
5539.06
5539.06
5539.06
5539.06
5539.06
5539.06
5539.06
5539.06
5539.06
5539.06
5539.06
3750.66
3750.66
5564.59
5564.59
6437.32
6437.32
6895.36
6895.36
8247.01
8247.01
976.48
976.48
3272.57
3272.57
7423.18
7423.18
7423.18
7423.18
5549.96
5549.96
6811.13
6811.13
6811.13
6811.13
2939.92
2939.92
2939.92
2939.92
19.29
19.29
7652.70
7652.70
7923.32
7923.32
7330.02
7330.02
4684.03
4684.03
4684.03
4684.03
4684.03
4684.03
4492.80
4492.80
8657.07
8657.07
8657.07
8657.07
7842.30
7842.30
7842.30
7842.30
8236.29
8236.29
8236.29
8236.29
7916.97
7916.97
7916.97
7916.97
7851.38
7851.38
7794.38
7794.38
3518.59
3518.59
3782.21
3782.21
7585.24
7585.24
7585.24
7585.24
7585.24
7585.24
8376.65
8376.65
8376.65
8376.65
8376.65
8376.65
748.90
748.90
5387.87
5387.87
7187.48
7187.48
7408.68
7408.68
7933.24
7933.24
4196.44
4196.44
6494.85
6494.85
7791.11
7791.11
4954.02
4954.02
7151.24
7151.24
4296.93
4296.93
68.09
68.09
351.93
351.93
7485.71
7485.71
2247.47
2247.47
3895.10
3895.10
1720.32
1720.32
7206.25
7206.25
79.57
79.57
2836.17
2836.17
1176.34
1176.34
4790.97
4790.97
2554.77
2554.77
441.31
441.31
5165.85
5165.85
7477.28
7477.28
4187.64
4187.64
7407.98
7407.98
4588.72
4588.72
2165.15
2165.15
7300.73
7300.73
7415.32
7415.32
228.46
228.46
115.42
115.42
7257.51
7257.51
7075.62
7075.62
337.31
337.31
7294.84
7294.84
4748.82
4748.82
20.61
20.61
5219.43
5219.43
7152.94
7152.94
7362.39
7362.39
6129.18
6129.18
4392.09
4392.09
4607.52
4607.52
7752.36
7752.36
7419.16
7419.16
841.86
841.86
3777.69
3777.69
4374.29
4374.29
16.34
16.34
999.43
999.43
4716.79
4716.79
7291.09
7291.09
119.05
119.05
1978.09
1978.09
7603.63
7603.63
2039.30
2039.30
7300.27
7300.27
7335.90
7335.90
93.68
93.68
5277.42
5277.42
7726.90
7726.90
5353.43
5353.43
7086.89
7086.89
6230.55
6230.55
4822.80
4822.80
6876.99
6876.99
2575.41
2575.41
496.13
496.13
7228.05
7228.05
4586.11
4586.11
4586.11
4586.11
7332.94
7332.94
7556.37
7556.37
3803.31
3803.31
7264.34
7264.34
6530.13
6530.13
2431.06
2431.06
4871.36
4871.36
705.48
705.48
2525.54
2525.54
2197.87
2197.87
1848.48
1848.48
1295.20
1295.20
645.23
645.23
2414.06
2414.06
3904.40
3904.40
802.73
802.73
3459.12
3459.12
826.26
826.26
1436.46
1436.46
4357.42
4357.42
3721.30
3721.30
7132.60
7132.60
6941.64
6941.64
796.20
796.20
1029.61
1029.61
563.60
563.60
7387.80
7387.80
795.10
795.10
324.04
324.04
76.62
76.62
671.06
671.06
191.07
191.07
7493.49
7493.49
285.30
285.30
3807.34
3807.34
780.84
780.84
7358.26
7358.26
7547.62
7547.62
7134.82
7134.82
4353.60
4353.60
2266.77
2266.77
7213.49
7213.49
7529.42
7529.42
364.80
364.80
121.04
121.04
2452.64
2452.64
7117.86
7117.86
4580.61
4580.61
468.53
468.53
3353.37
3353.37
7484.85
7484.85
7594.18
7594.18
6183.72
6183.72
820.85
820.85
3527.50
3527.50
756.20
756.20
806.76
806.76
2884.55
2884.55
6889.95
6889.95
5312.66
5312.66
7567.42
7567.42
1154.13
1154.13
7565.16
7565.16
7535.94
7535.94
7193.36
7193.36
1107.97
1107.97
3261.55
3261.55
5889.57
5889.57
1274.68
1274.68
123.02
123.02
5590.71
5590.71
7792.59
7792.59
7792.59
7792.59
8130.29
8130.29
7171.65
7171.65
8186.20
8186.20
5324.93
5324.93
7518.16
7518.16
7674.63
7674.63
8289.53
8289.53
7805.75
7805.75
7805.75
7805.75
7805.75
7805.75
7805.75
7805.75
7805.75
7805.75
8096.83
8096.83
7546.16
7546.16
8268.11
8268.11
8268.11
8268.11
8268.11
8268.11
5640.87
5640.87
7687.12
7687.12
7288.77
7288.77
7774.54
7774.54
7437.34
7437.34
7417.72
7417.72
7417.72
7417.72
2456.12
2456.12
5515.44
5515.44
5515.44
5515.44
5515.44
5515.44
1026.54
1026.54
7315.37
7315.37
7135.41
7135.41
5034.37
5034.37
4015.51
4015.51
807.82
807.82
4590.23
4590.23
7446.52
7446.52
7653.01
7653.01
7629.15
7629.15
7417.41
7417.41
7689.51
7689.51
7536.62
7536.62
7536.62
7536.62
7536.62
7536.62
7851.40
7851.40
7993.89
7993.89
7993.89
7993.89
7993.89
7993.89
7993.89
7993.89
7256.16
7256.16
136.55
136.55
3985.22
3985.22
4035.11
4035.11
772.16
772.16
5283.41
5283.41
6869.68
6869.68
289.86
289.86
42.85
42.85
6900.88
6900.88
1406.38
1406.38
6655.44
6655.44
6655.44
6655.44
6655.44
6655.44
6927.34
6927.34
7104.07
7104.07
7049.44
7049.44
6430.62
6430.62
7138.86
7138.86
1707.82
1707.82
224.97
224.97
7501.21
7501.21
249.88
249.88
231.70
231.70
14.64
14.64
63.93
63.93
7356.07
7356.07
5637.14
5637.14
692.95
692.95
4148.84
4148.84
7546.96
7546.96
7531.93
7531.93
7969.81
7969.81
5334.05
5334.05
5334.05
5334.05
7931.67
7931.67
7746.96
7746.96
7746.96
7746.96
7679.78
7679.78
7679.78
7679.78
7679.78
7679.78
7679.78
7679.78
7679.78
7679.78
7679.78
7679.78
7679.78
7679.78
7679.78
7679.78
7679.78
7679.78
7679.78
7679.78
5462.51
5462.51
5784.43
5784.43
485.90
485.90
5428.47
5428.47
761.76
761.76
1523.11
1523.11
1523.11
1523.11
7261.00
7261.00
7261.00
7261.00
7427.17
7427.17
7224.95
7224.95
1535.44
1535.44
8017.94
8017.94
8017.94
8017.94
7776.84
7776.84
7543.11
7543.11
790.44
790.44
6833.82
6833.82
6833.82
6833.82
6573.52
6573.52
6573.52
6573.52
6573.52
6573.52
6573.52
6573.52
7956.29
7956.29
7747.02
7747.02
7597.65
7597.65
7129.86
7129.86
7129.86
7129.86
7129.86
7129.86
7129.86
7129.86
5909.65
5909.65
4880.97
4880.97
1161.30
1161.30
3683.01
3683.01
3683.01
3683.01
3683.01
3683.01
3683.01
3683.01
7437.84
7437.84
4481.09
4481.09
172.22
172.22
7142.77
7142.77
7629.35
7629.35
2634.08
2634.08
8142.87
8142.87
8142.87
8142.87
7811.73
7811.73
8071.52
8071.52
8071.52
8071.52
4775.29
4775.29
8141.12
8141.12
7454.30
7454.30
7166.03
7166.03
7166.03
7166.03
7166.03
7166.03
7636.48
7636.48
7636.48
7636.48
2706.49
2706.49
7999.68
7999.68
7421.17
7421.17
417.25
417.25
6061.23
6061.23
7443.59
7443.59
7427.58
7427.58
7243.36
7243.36
21.72
21.72
7027.98
7027.98
3914.63
3914.63
393.81
393.81
3942.89
3942.89
7417.71
7417.71
699.08
699.08
1452.22
1452.22
6660.98
6660.98
509.11
509.11
15.88
15.88
6320.39
6320.39
1772.38
1772.38
5639.31
5639.31
6504.71
6504.71
6504.71
2067.74
225.85
225.85
396.86
396.86
179.31
179.31
789.03
789.03
7155.07
7155.07
5901.17
5901.17
1573.58
1573.58
6918.85
6918.85
7176.45
7176.45
2022.51
2022.51
4405.15
4405.15
6697.97
6697.97
1962.22
1962.22
7169.73
7169.73
292.61
292.61
1782.19
1782.19
595.14
595.14
7393.36
7393.36
1468.83
1468.83
7360.06
7360.06
802.50
802.50
7301.41
7301.41
236.30
236.30
6064.41
6064.41
1365.33
1365.33
8164.65
8164.65
7960.43
7960.43
266.89
266.89
453.92
453.92
1454.64
1454.64
175.60
175.60
913.98
913.98
423.46
423.46
2064.78
2064.78
324.21
324.21
7070.06
7070.06
6407.71
6407.71
6988.48
6988.48
7523.81
7523.81
7812.62
7812.62
7945.80
7945.80
7762.90
7762.90
5128.82
5128.82
8078.08
8078.08
5538.54
5538.54
7741.68
7741.68
8194.20
8194.20
8108.35
8108.35
7696.74
7696.74
5620.85
5620.85
6810.32
6810.32
1295.18
1295.18
7147.22
7147.22
7257.17
7257.17
6801.32
6801.32
8047.29
8047.29
7342.26
7342.26
6785.81
6785.81
8339.31
8339.31
5445.05
5445.05
7918.19
7918.19
7580.97
7580.97
5516.76
5516.76
8154.91
8154.91
7691.38
7691.38
5847.57
5847.57
8188.98
8188.98
8068.24
8068.24
4644.66
4644.66
8229.81
8229.81
7695.70
7695.70
7612.56
7612.56
8018.00
8018.00
5539.46
5539.46
7688.78
7688.78
7600.53
7600.53
7602.84
7602.84
8108.82
8108.82
6894.26
6894.26
8157.51
8157.51
5314.44
5314.44
7620.95
7620.95
8012.74
8012.74
797.47
797.47
7319.90
7319.90
4176.28
4176.28
7134.51
7134.51
7260.90
7260.90
3705.71
3705.71
7196.69
7196.69
8372.52
8372.52
8372.52
8372.52
8372.52
1044.62
1044.62
2472.30
4968.52
4968.52
5026.62
5026.62
5026.62
7118.49
7118.49
3873.99
3873.99
7523.21
7523.21
7523.21
7523.21
8027.93
8027.93
8027.93
8027.93
7623.79
7623.79
7623.79
7623.79
7623.79
7623.79
7623.79
7623.79
7623.79
7623.79
5793.31
5793.31
1504.84
1504.84
7492.84
7492.84
7492.84
7492.84
451.82
451.82
1318.48
1318.48
7046.87
7046.87
7616.83
7616.83
7548.86
7548.86
7329.13
7329.13
7725.67
7725.67
7659.58
7659.58
4690.57
4690.57
7962.09
7962.09
5143.15
5143.15
496.84
496.84
3219.23
3219.23
3330.72
3330.72
3646.30
3646.30
3646.30
3646.30
3839.37
3839.37
3839.37
3839.37
5997.57
5997.57
6836.19
6836.19
6836.19
6836.19
6836.19
6836.19
7676.01
7676.01
7676.01
7676.01
4924.06
4924.06
7524.54
7524.54
264.38
264.38
829.15
829.15
6949.71
6949.71
6949.71
6949.71
8213.99
8213.99
8213.99
8213.99
8213.99
8213.99
8213.99
8213.99
8213.99
8213.99
8250.26
8250.26
2159.44
2159.44
7421.39
7421.39
7421.39
7421.39
7421.39
7421.39
7421.39
7421.39
7421.39
7421.39
7421.39
7421.39
7421.39
7421.39
7421.39
7421.39
7421.39
7421.39
2119.61
2119.61
2489.56
2489.56
2568.43
2568.43
2557.57
2557.57
2270.39
2270.39
2270.39
2270.39
2270.39
2270.39
605.19
605.19
2574.44
2574.44
4350.18
4350.18
5676.53
5676.53
6390.81
6390.81
5723.46
5723.46
448.87
448.87
5005.75
5005.75
6443.49
6443.49
6849.69
6849.69
6849.69
6849.69
268.71
268.71
6658.54
6658.54
1760.39
1760.39
67.03
67.03
5997.70
5997.70
5997.70
5997.70
814.73
814.73
2323.58
2323.58
7560.76
7560.76
7320.59
7320.59
7382.74
7382.74
6981.59
6981.59
7755.98
7755.98
982.47
982.47
3932.74
3932.74
7201.06
7201.06
2894.57
2894.57
7258.23
7258.23
2298.07
2298.07
2923.35
2923.35
3059.82
3059.82
728.36
728.36
2787.75
2787.75
2987.80
2987.80
6715.58
6715.58
6956.75
6956.75
4040.66
4040.66
1835.94
1835.94
7273.23
7273.23
7273.23
7273.23
6373.29
6373.29
32.11
32.11
7120.24
7120.24
515.09
515.09
7661.64
7661.64
6976.86
6976.86
3743.59
3743.59
945.72
945.72
7868.38
7868.38
6471.95
6471.95
7005.27
7005.27
7231.80
7231.80
3693.79
3693.79
2242.29
2242.29
810.31
810.31
222.80
222.80
33.33
33.33
664.13
664.13
481.88
481.88
2999.03
2999.03
409.12
409.12
5922.10
5922.10
166.50
166.50
4835.26
4835.26
7108.96
7108.96
137.73
137.73
832.37
832.37
1464.23
1464.23
1726.70
1726.70
6077.74
6077.74
384.16
384.16
2130.08
2130.08
7489.76
7489.76
7379.87
7379.87
5220.08
5220.08
1435.89
1435.89
371.63
371.63
365.19
365.19
767.37
767.37
202.22
202.22
10.00
10.00
46.60
46.60
33.42
33.42
6995.55
6995.55
4904.26
4904.26
7530.74
7530.74
6474.37
6474.37
6797.31
6797.31
643.73
643.73
5831.84
5831.84
4564.12
4564.12
696.26
696.26
2387.75
2387.75
872.06
872.06
1131.17
1131.17
1052.08
1052.08
31.98
31.98
111.38
111.38
2490.26
2490.26
49.76
49.76
15.23
15.23
246.43
246.43
3237.16
3237.16
1078.66
1078.66
2088.22
2088.22
847.67
847.67
65.99
65.99
15.74
15.74
2006.49
2006.49
1722.04
1722.04
3853.40
3853.40
5109.35
5109.35
4746.67
4746.67
5586.53
5586.53
804.43
804.43
5102.13
5102.13
5251.29
5251.29
1156.57
1156.57
16.73
16.73
252.80
252.80
64.55
64.55
124.40
124.40
272.59
272.59
3063.04
3063.04
4035.34
4035.34
7724.29
7724.29
788.59
788.59
96.90
96.90
7173.98
7173.98
8015.60
8015.60
7052.84
7052.84
897.85
897.85
3576.56
3576.56
143.70
143.70
8033.31
8033.31
688.93
688.93
1831.83
1831.83
6995.89
6995.89
525.24
525.24
116.27
116.27
114.58
114.58
1099.33
1099.33
3701.81
3701.81
5691.54
5691.54
7404.01
7404.01
4976.95
4976.95
7395.02
7395.02
7393.84
7393.84
1184.83
1184.83
3525.06
3525.06
1148.55
1148.55
4204.29
4204.29
4204.29
4204.29
3964.41
3964.41
8229.51
8229.51
7724.87
7724.87
142.62
142.62
32.86
32.86
2735.48
2735.48
1044.50
1044.50
480.24
480.24
129.72
129.72
820.67
820.67
1412.99
1412.99
44.23
44.23
1049.06
1049.06
6730.03
6730.03
7332.04
7332.04
680.62
680.62
393.17
393.17
4832.96
4832.96
187.52
187.52
639.17
639.17
117.61
117.61
1353.97
1353.97
1534.80
1534.80
4042.52
4042.52
7597.25
7597.25
8089.94
8089.94
2843.42
2843.42
3461.29
3461.29
767.39
767.39
1097.13
1097.13
186.37
186.37
12.34
12.34
4558.16
4558.16
1630.68
1630.68
4530.14
4530.14
755.79
755.79
164.34
164.34
3878.53
3878.53
871.20
871.20
281.27
281.27
64.41
64.41
159.17
159.17
69.82
69.82
341.30
341.30
1062.57
1062.57
1852.37
1852.37
4974.45
4974.45
3082.47
3082.47
5455.15
5455.15
5203.92
5203.92
6796.07
6796.07
101.31
101.31
4148.15
4148.15
1125.38
1125.38
43.41
43.41
640.44
640.44
31.53
31.53
795.38
795.38
332.24
332.24
774.14
774.14
631.90
631.90
256.13
256.13
14.95
14.95
7078.73
7078.73
812.81
812.81
332.43
332.43
2943.81
2943.81
15.61
15.61
300.30
300.30
4337.23
4337.23
6815.15
6815.15
4411.45
4411.45
7689.58
7689.58
7871.22
7871.22
5961.68
5961.68
7632.16
7632.16
7328.59
7328.59
539.41
539.41
10.00
10.00
10.00
10.00
10.00
10.00
10.00
986.31
867.81
1352.56
355.54
2128.03
2606.46
2606.46
355.68
355.68
2784.73
2784.73
3810.37
3810.37
12.52
12.52
1451.98
1451.98
5303.52
5303.52
1545.06
1545.06
3092.96
3092.96
4117.91
4117.91
5883.32
5883.32
24.19
24.19
31.31
31.31
36.81
36.81
15.91
15.91
6227.05
6227.05
828.22
828.22
5465.97
5465.97
4680.94
4680.94
5592.20
5592.20
6722.30
6722.30
797.15
797.15
7626.78
7626.78
774.23
774.23
94.83
94.83
231.58
231.58
1631.15
1631.15
1954.52
1954.52
3174.59
3174.59
6448.37
6448.37
3496.23
3496.23
6421.34
6421.34
5696.62
5696.62
7095.28
7095.28
6438.53
6438.53
4357.74
4357.74
6984.02
6984.02
7408.45
7408.45
87.02
87.02
33.23
33.23
7140.71
7140.71
7102.85
7102.85
7010.53
7010.53
3389.71
3389.71
6206.01
6206.01
2856.83
2856.83
90.76
90.76
49.54
49.54
5260.16
5260.16
2240.13
2240.13
12.73
12.73
4347.57
4347.57
7268.87
7268.87
24.30
24.30
7725.18
7725.18
3096.72
3096.72
1844.88
1844.88
1547.41
1547.41
5097.43
5097.43
797.96
797.96
703.51
703.51
621.01
621.01
60.73
60.73
7902.47
7902.47
794.43
794.43
154.34
154.34
175.18
175.18
296.26
296.26
1370.40
1370.40
817.76
817.76
138.10
138.10
3552.24
3552.24
3552.24
81.76
10.00
10.00
181.27
181.27
230.46
230.46
6623.34
6623.34
7383.77
7383.77
3019.33
3019.33
60.86
60.86
149.10
149.10
59.71
59.71
69.07
69.07
11.42
11.42
15.21
15.21
79.89
79.89
146.60
146.60
4101.65
4101.65
4101.65
789.97
6122.02
6122.02
51.04
51.04
5993.67
5993.67
3091.61
3091.61
782.89
782.89
168.76
168.76
168.76
1429.76
215.55
215.55
44.22
44.22
372.71
372.71
57.45
57.45
783.10
783.10
783.10
884.52
7717.60
7717.60
65.30
65.30
116.31
116.31
10.00
10.00
299.82
299.82
806.91
806.91
10.81
10.81
103.80
103.80
2607.76
2607.76
2607.76
2993.64
80.88
80.88
6853.63
6853.63
142.28
142.28
52.11
52.11
322.25
322.25
156.97
156.97
472.87
472.87
472.87
753.59
6128.40
6128.40
7421.02
7421.02
7694.95
7694.95
7831.03
7831.03
7972.45
7972.45
7972.45
7972.45
19.82
19.82
19.45
19.45
5734.83
5734.83
5991.24
5991.24
5668.97
5668.97
1200.36
1200.36
1200.36
4751.16
5954.56
5954.56
7214.92
7214.92
7214.92
7214.92
7214.92
7214.92
7853.33
7853.33
5304.11
5304.11
25.88
25.88
33.74
33.74
813.65
813.65
7389.41
7389.41
7389.41
7389.41
7389.41
7389.41
7389.41
7389.41
7389.41
7389.41
7389.41
7389.41
7389.41
7389.41
138.15
422.26
647.04
1209.34
1318.19
1318.19
1586.03
1586.03
1586.03
1858.14
1858.14
1858.14
2125.21
2125.21
2125.21
2017.29
2135.56
2135.56
2135.56
2135.56
2030.60
2030.60
2772.67
2772.67
2580.67
2580.67
2580.67
2978.49
3700.23
3700.23
3896.06
3896.06
3928.40
3928.40
3928.40
3928.40
3928.40
3928.40
4200.24
4200.24
4200.24
4200.24
5518.96
5518.96
5518.96
5518.96
5242.31
5242.31
5107.22
5107.22
7049.37
7049.37
7049.37
7049.37
7265.04
7265.04
6976.82
6976.82
6976.82
6976.82
6976.82
7510.00
7510.00
1280.26
1280.26
5046.73
5046.73
5046.73
5046.73
2782.28
2782.28
6929.47
6929.47
6924.50
6924.50
3415.39
3415.39
5208.80
5208.80
888.52
888.52
3296.04
3296.04
3296.04
3296.04
5815.25
5815.25
7334.60
7334.60
6221.02
6221.02
2187.71
2187.71
3527.43
3527.43
3527.43
3527.43
7514.96
7514.96
7514.96
7514.96
7514.96
7514.96
7768.20
7768.20
5174.74
5174.74
7726.41
7726.41
5917.54
5917.54
26.97
26.97
590.05
590.05
990.53
990.53
3415.04
3415.04
800.28
800.28
7468.48
7468.48
1977.19
1977.19
7513.19
7513.19
7685.28
7685.28
7098.91
7098.91
3574.14
3574.14
779.37
779.37
544.31
544.31
7744.86
7744.86
135.66
135.66
7454.45
7454.45
24.21
24.21
7189.85
7189.85
21.05
21.05
117.44
117.44
502.04
502.04
62.87
62.87
97.55
97.55
46.41
46.41
7080.70
7080.70
5116.39
5116.39
5749.93
5749.93
6453.06
6453.06
4915.30
4915.30
7269.23
7269.23
11.87
11.87
6636.23
6636.23
33.80
33.80
2671.89
2671.89
1245.90
1245.90
7982.00
7982.00
6911.64
6911.64
74.58
74.58
7847.51
7847.51
7485.16
7485.16
3392.95
3392.95
3716.56
3716.56
11.88
11.88
53.69
53.69
2634.65
2634.65
475.43
475.43
23.91
23.91
7447.31
7447.31
7447.31
7447.31
63.57
63.57
153.68
153.68
165.29
165.29
802.82
802.82
40.70
40.70
782.71
782.71
10.00
10.00
4189.55
4189.55
14.92
14.92
193.77
193.77
4234.43
4234.43
10.35
10.35
5287.41
5287.41
4814.01
4814.01
1166.73
1166.73
3763.19
3763.19
440.01
440.01
11.40
11.40
968.88
968.88
1212.37
1212.37
3552.15
3552.15
5996.83
5996.83
5996.83
5996.83
3242.30
3242.30
289.44
289.44
374.07
374.07
37.65
37.65
790.51
790.51
7144.44
7144.44
3526.72
3526.72
1500.45
1500.45
3762.72
3762.72
4505.61
4505.61
5374.05
5374.05
4988.47
4988.47
6923.78
6923.78
6204.26
6204.26
107.48
107.48
1954.60
1954.60
798.90
798.90
624.70
624.70
84.02
84.02
41.59
41.59
3510.66
3510.66
5001.95
5001.95
59.60
59.60
24.00
24.00
481.68
481.68
543.91
543.91
72.22
72.22
370.59
370.59
841.52
841.52
6992.22
6992.22
7673.81
7673.81
6916.76
6916.76
5112.69
5112.69
100.21
100.21
268.65
268.65
22.54
22.54
10.00
10.00
929.25
929.25
439.70
439.70
36.53
36.53
878.83
878.83
370.39
370.39
835.40
835.40
3178.06
3178.06
6723.44
6723.44
6723.44
6723.44
282.30
282.30
6764.12
6764.12
6764.12
6764.12
6493.16
6493.16
6460.69
6460.69
7287.35
7287.35
8032.84
8032.84
1921.29
1921.29
7668.37
7668.37
7832.06
7832.06
7255.63
7255.63
692.14
692.14
7200.82
7200.82
8327.57
8327.57
8327.57
8327.57
6823.03
6823.03
213.60
213.60
7724.79
7724.79
749.51
749.51
7215.56
7215.56
817.89
817.89
7098.61
7098.61
7098.61
7098.61
7098.61
7098.61
7098.61
7098.61
7985.32
7985.32
7985.32
7985.32
7985.32
7985.32
7650.03
7650.03
7192.60
7192.60
6402.65
6402.65
6402.65
6402.65
3874.90
3874.90
7156.73
7156.73
7156.73
7156.73
740.87
740.87
7714.48
7714.48
2892.92
2892.92
8209.88
8209.88
6770.04
6770.04
7303.85
7303.85
6373.59
6373.59
832.56
832.56
832.56
832.56
3061.89
3061.89
3947.62
3947.62
4063.78
4063.78
7772.66
7772.66
7772.25
7772.25
7588.03
7588.03
76.94
76.94
3981.24
3981.24
8144.28
8144.28
7795.54
7795.54
7795.54
7795.54
7795.54
7795.54
8428.80
8428.80
7815.16
7815.16
7233.39
7233.39
4789.41
4789.41
7784.84
7784.84
7670.44
7670.44
5737.23
5737.23
5737.23
5737.23
5737.23
5737.23
7353.69
7353.69
5906.30
5906.30
44.82
44.82
10.80
10.80
7606.43
7606.43
1187.82
1187.82
7703.04
7703.04
36.97
36.97
7798.16
7798.16
49.62
49.62
3724.12
3724.12
169.30
169.30
7195.20
7195.20
6276.27
6276.27
8424.12
8424.12
7729.74
7729.74
86.84
86.84
8067.38
8067.38
6949.18
6949.18
7444.30
7444.30
824.80
824.80
11.07
11.07
11.36
11.36
93.96
93.96
406.47
406.47
3643.13
3643.13
343.42
343.42
778.53
778.53
1548.45
1548.45
166.89
166.89
78.24
78.24
171.51
171.51
769.61
769.61
5965.44
5965.44
6109.70
6109.70
6839.40
6839.40
6932.39
6932.39
7365.64
7365.64
6893.47
6893.47
6578.20
6578.20
12.10
12.10
385.80
385.80
15.89
15.89
81.13
81.13
1754.43
1754.43
3396.84
3396.84
6805.58
6805.58
10.00
10.00
10.72
10.72
43.08
43.08
10.36
10.36
10.00
10.00
10.00
109.60
109.60
109.60
184.38
2567.82
1074.79
1074.79
3268.87
3268.87
249.28
249.28
952.16
952.16
668.53
668.53
2927.70
2927.70
3205.16
3205.16
149.99
149.99
10.00
10.00
1083.10
1083.10
2001.61
2001.61
917.95
917.95
1525.18
1525.18
4045.97
4045.97
3885.58
3885.58
12.37
12.37
165.25
165.25
44.32
44.32
95.81
95.81
6011.07
6011.07
7785.68
7785.68
7878.32
7878.32
13.23
13.23
6895.17
6895.17
7441.45
7441.45
787.49
787.49
477.80
477.80
7092.41
7092.41
1641.75
1641.75
168.29
168.29
197.33
197.33
686.97
686.97
11.47
11.47
1514.66
1514.66
11.92
11.92
41.38
41.38
46.53
46.53
3532.45
3532.45
7420.15
7420.15
123.74
123.74
155.30
155.30
1955.07
1955.07
296.15
296.15
171.96
171.96
770.76
770.76
1963.50
1963.50
5069.59
5069.59
583.60
583.60
80.28
80.28
300.81
300.81
257.56
257.56
219.41
219.41
219.81
219.81
1420.82
1420.82
98.86
98.86
238.27
238.27
49.68
49.68
101.72
101.72
11.34
11.34
122.78
122.78
420.45
420.45
800.41
800.41
310.07
310.07
220.09
220.09
10.40
10.40
185.22
185.22
94.37
94.37
33.15
33.15
742.59
742.59
24.39
24.39
4842.12
4842.12
1188.70
1188.70
287.44
287.44
971.42
971.42
3232.92
3232.92
1013.81
1013.81
1579.37
1579.37
3762.39
3762.39
3073.28
3073.28
3068.05
3068.05
810.73
810.73
131.67
131.67
11.58
11.58
32.30
32.30
103.51
103.51
820.35
820.35
3145.02
3145.02
1374.48
1374.48
2730.69
2730.69
5711.27
5711.27
15.69
15.69
276.24
276.24
103.72
103.72
103.72
103.72
332.12
40.49
40.49
296.61
355.05
355.05
355.05
725.25
2278.55
2278.55
2278.55
2699.25
2699.25
4697.92
4697.92
12.42
12.42
10.00
10.00
16.77
16.77
819.03
819.03
219.61
790.59
790.59
790.59
39.31
39.31
7557.07
7557.07
15.49
15.49
199.17
199.17
101.27
101.27
16.86
16.86
3580.27
3580.27
7199.79
7199.79
334.22
334.22
772.08
772.08
150.59
814.66
814.66
814.66
527.60
527.60
16.96
16.96
4692.67
4692.67
112.14
808.64
808.64
808.64
6610.23
6610.23
398.77
398.77
40.58
40.58
11.02
11.02
63.07
63.07
653.23
1495.53
1495.53
1495.53
2624.06
2624.06
7288.92
7288.92
7689.14
7689.14
1098.42
1098.42
785.57
785.57
4341.60
4341.60
167.34
167.34
66.52
108.33
108.33
108.33
836.03
836.03
1405.56
1405.56
12.34
12.34
26.41
26.41
5351.97
5351.97
36.00
36.00
12.08
12.08
892.58
892.58
286.03
286.03
179.30
179.30
10.00
10.00
3678.40
859.16
859.16
859.16
540.96
540.96
7901.64
12.77
12.77
12.77
5496.71
5496.71
19.80
19.80
72.60
72.60
7311.89
272.46
272.46
272.46
1907.10
1907.10
5094.95
220.99
220.99
220.99
852.43
852.43
7673.96
7673.96
826.46
826.46
7215.28
7215.28
5078.85
5078.85
77.85
77.85
65.20
65.20
5285.01
5285.01
697.49
697.49
2718.92
2718.92
263.78
263.78
97.37
97.37
7760.29
7760.29
7760.29
7760.29
7760.29
7760.29
7760.29
7760.29
7760.29
7760.29
2150.29
2150.29
836.22
836.22
2497.25
2497.25
7014.30
7014.30
7014.30
7014.30
7563.52
7563.52
344.36
344.36
1511.11
1511.11
3835.60
3835.60
3835.60
3835.60
51.70
51.70
42.68
42.68
14.94
14.94
303.99
303.99
24.16
24.16
241.12
241.12
7494.49
7494.49
7494.49
7494.49
7494.49
7494.49
8268.29
8268.29
8169.80
8169.80
8169.80
8169.80
36.95
36.95
2892.68
2892.68
2892.68
2892.68
2892.68
2892.68
2892.68
2892.68
3729.90
3729.90
3735.94
3735.94
5652.14
5652.14
7550.82
7550.82
7550.82
7550.82
7500.42
7500.42
791.62
791.62
5278.09
5278.09
5137.95
5137.95
3598.88
3598.88
7511.52
7511.52
775.61
775.61
3375.16
3375.16
2499.66
2499.66
6112.20
6112.20
6112.20
6112.20
6434.22
6434.22
7707.84
7707.84
2620.72
2620.72
7448.82
7448.82
47.59
47.59
7296.47
7296.47
996.38
996.38
7759.20
7759.20
8146.01
8146.01
366.95
366.95
882.48
882.48
3442.74
3442.74
785.53
785.53
24.00
24.00
800.39
800.39
1473.62
1473.62
1849.66
1849.66
13.07
13.07
3724.86
3724.86
3724.86
3724.86
3724.86
3724.86
7330.74
7330.74
14.79
14.79
3303.06
3303.06
3303.06
3303.06
3303.06
3303.06
3303.06
3303.06
5442.29
5442.29
5032.36
5032.36
7462.45
7462.45
92.42
92.42
46.63
46.63
8040.20
8040.20
6689.69
6689.69
7329.78
7329.78
185.60
185.60
261.50
261.50
273.97
273.97
24.00
24.00
1141.06
1141.06
2130.08
2130.08
4272.70
4272.70
7436.98
7436.98
7436.98
7436.98
7194.82
7194.82
5774.83
5774.83
3345.98
3345.98
3260.50
3260.50
1681.86
1681.86
2332.97
2332.97
5667.19
5667.19
960.03
960.03
1323.77
1323.77
7194.81
7194.81
5718.76
5718.76
7673.95
7673.95
130.49
130.49
1267.35
1267.35
566.71
566.71
328.87
328.87
31.86
31.86
15.96
15.96
90.26
90.26
1956.16
1956.16
364.23
364.23
3485.05
3485.05
12.25
12.25
31.65
31.65
456.70
456.70
546.26
546.26
6261.70
6261.70
438.85
438.85
1618.40
1618.40
102.15
102.15
876.09
876.09
136.54
136.54
365.42
365.42
429.39
429.39
3343.88
3343.88
7927.55
7927.55
35.92
35.92
227.85
227.85
1036.24
1036.24
274.55
274.55
35.14
35.14
284.58
284.58
792.72
792.72
157.82
157.82
2961.91
2961.91
1037.08
1037.08
3365.09
3365.09
1656.28
1656.28
222.65
222.65
7248.48
7248.48
4688.39
4688.39
229.53
229.53
802.23
802.23
2738.32
2738.32
803.77
803.77
175.19
175.19
105.15
105.15
92.47
92.47
702.13
702.13
1178.01
1178.01
22.49
22.49
3177.30
3177.30
6882.20
6882.20
6785.83
6785.83
807.24
807.24
37.29
37.29
22.25
22.25
445.54
445.54
2830.43
2830.43
243.31
243.31
670.99
670.99
797.79
797.79
22.97
22.97
3065.90
3065.90
311.68
311.68
129.20
129.20
1280.41
1280.41
43.44
43.44
11.25
11.25
684.83
684.83
255.02
255.02
177.98
177.98
2782.72
2782.72
3677.82
3677.82
1141.68
1141.68
5439.87
5439.87
236.81
236.81
4397.54
4397.54
310.61
310.61
2295.62
2295.62
44.35
44.35
44.35
46.48
46.48
29.08
64.41
64.41
2485.91
2485.91
3940.75
3940.75
1972.85
1972.85
64.47
64.47
32.42
32.42
118.11
118.11
15.95
15.95
45.74
45.74
3067.79
3067.79
6147.97
6147.97
4354.56
4354.56
4028.03
4028.03
7306.51
7306.51
16.88
16.88
368.20
368.20
37.49
37.49
10.00
10.00
48.57
48.57
52.69
52.69
1708.77
1708.77
803.05
803.05
2124.43
2124.43
796.04
796.04
4621.17
4621.17
2778.07
2778.07
1322.40
1322.40
733.98
733.98
3796.03
3796.03
35.67
35.67
6168.93
6168.93
2171.64
2171.64
12.28
12.28
1237.72
1237.72
5421.57
5421.57
3101.79
3101.79
6087.47
6087.47
5789.07
5789.07
6375.82
6375.82
321.59
321.59
799.54
799.54
1834.06
1834.06
380.34
380.34
39.91
39.91
100.26
100.26
811.37
811.37
639.15
639.15
2750.04
2750.04
4840.16
4840.16
849.83
849.83
810.73
810.73
210.05
210.05
2337.79
2337.79
1083.07
1083.07
487.45
487.45
2240.91
2240.91
925.42
925.42
813.24
813.24
293.94
293.94
46.80
46.80
11.45
11.45
62.23
62.23
803.97
803.97
80.37
80.37
790.08
790.08
1793.38
1793.38
66.00
66.00
25.88
25.88
6658.53
6658.53
1112.00
1112.00
7473.10
7473.10
590.24
590.24
7864.38
7864.38
7831.62
7831.62
7831.62
7831.62
7825.88
7825.88
7123.53
7123.53
7504.83
7504.83
25.67
25.67
5452.88
5452.88
6368.91
6368.91
6368.91
6368.91
2154.91
2154.91
7621.73
7621.73
14.82
14.82
13.30
13.30
1383.28
1383.28
3675.76
3675.76
1642.72
1642.72
1242.18
1242.18
6975.31
6975.31
2016.55
2016.55
4962.60
4962.60
1641.56
1641.56
7211.84
7211.84
106.07
106.07
236.63
236.63
6160.60
6160.60
820.02
820.02
3139.84
3139.84
811.15
811.15
2319.87
2319.87
3608.94
3608.94
258.50
258.50
7487.18
7487.18
2986.67
2986.67
7993.88
7993.88
7993.88
7993.88
2634.25
2634.25
656.91
656.91
8063.45
8063.45
11.49
11.49
2975.95
2975.95
2085.53
2085.53
2156.10
2156.10
4075.16
4075.16
164.07
164.07
771.37
771.37
4649.45
4649.45
947.56
947.56
121.54
121.54
3430.73
3430.73
845.47
845.47
4248.76
4248.76
2944.00
2944.00
15.46
15.46
7507.87
7507.87
7744.52
7744.52
4095.73
4095.73
2276.23
2276.23
702.00
702.00
804.37
804.37
7666.46
7666.46
7666.46
7666.46
6408.95
6408.95
11.79
11.79
7042.49
7042.49
5556.35
5556.35
3381.91
3381.91
6396.61
6396.61
106.96
106.96
24.95
24.95
54.65
54.65
12.75
12.75
457.47
457.47
421.45
421.45
776.14
776.14
3702.57
3702.57
3942.57
3942.57
6024.36
6024.36
2103.16
2103.16
381.40
381.40
10.00
10.00
61.27
61.27
208.26
208.26
1167.27
1167.27
218.32
218.32
3402.08
3402.08
841.76
841.76
725.67
725.67
810.08
810.08
1333.63
1333.63
1536.87
1536.87
8169.46
8169.46
6400.28
6400.28
5343.39
5343.39
4529.89
4529.89
4192.25
4192.25
8004.06
8004.06
7433.87
7433.87
836.59
836.59
51.96
51.96
831.24
831.24
3940.64
3940.64
6141.77
6141.77
687.92
687.92
2504.92
2504.92
817.84
817.84
10.00
10.00
3369.39
3369.39
64.66
64.66
244.02
244.02
16.00
16.00
2029.65
2029.65
780.83
780.83
78.69
78.69
276.43
276.43
114.31
114.31
10.86
10.86
818.52
818.52
16.31
16.31
1099.74
1099.74
1701.42
1701.42
1701.42
1701.42
803.00
803.00
2472.36
2472.36
3877.50
3877.50
3877.50
3877.50
3877.50
3877.50
5881.88
5881.88
4095.14
4095.14
5262.61
5262.61
7561.84
7561.84
7175.13
7175.13
4317.42
4317.42
4317.42
4317.42
4317.42
4317.42
4317.42
4317.42
1747.87
1747.87
316.85
316.85
7485.16
7485.16
7485.16
7485.16
671.67
671.67
3846.87
3846.87
3846.87
3846.87
3846.87
3846.87
1643.67
1643.67
7311.40
7311.40
7311.40
7311.40
5125.45
5125.45
7482.03
7482.03
7482.03
6853.98
7202.77
7202.77
1611.43
1611.43
1611.43
136.65
136.65
831.37
831.37
96.05
96.05
3978.79
3978.79
3978.79
3978.79
3978.79
3978.79
813.21
813.21
7287.02
7287.02
33.82
33.82
140.05
140.05
6585.95
6585.95
6585.95
6585.95
6585.95
6585.95
4997.76
4997.76
7567.95
7567.95
7567.95
7567.95
7091.96
7091.96
684.02
684.02
7905.35
7905.35
7626.49
7626.49
47.37
47.37
994.32
994.32
1792.85
1792.85
2007.92
2007.92
4080.41
4080.41
19.78
19.78
512.48
827.38
827.38
827.38
926.91
926.91
1052.46
1052.46
2261.94
2261.94
2676.31
2676.31
2936.24
2936.24
2962.56
2962.56
3070.19
3070.19
3268.98
3268.98
3631.06
3631.06
3306.26
3306.26
3758.72
3758.72
3758.72
3758.72
4548.29
4548.29
4202.99
4202.99
4202.99
4202.99
23.92
23.92
4426.05
4426.05
4837.83
4837.83
51.43
51.43
609.82
609.82
5414.41
5414.41
7405.34
7405.34
272.96
6950.51
6950.51
6950.51
5545.72
5545.72
4937.99
4937.99
2921.68
2921.68
5072.51
5072.51
791.37
791.37
99.32
99.32
444.27
444.27
478.45
478.45
613.83
613.83
2099.93
2099.93
686.64
686.64
824.81
824.81
262.83
262.83
2614.47
2614.47
890.45
890.45
3451.99
3451.99
818.05
818.05
12.01
12.01
204.29
204.29
158.37
158.37
147.24
147.24
7976.26
7976.26
10.00
10.00
7965.90
7965.90
7589.67
7589.67
7490.85
7490.85
1709.02
1709.02
351.97
351.97
24.33
24.33
356.59
356.59
513.30
513.30
22.98
22.98
25.51
25.51
62.18
62.18
213.92
213.92
2681.68
2681.68
3386.97
3386.97
3075.13
3075.13
4728.08
4728.08
1173.38
1173.38
5682.63
5682.63
162.83
162.83
386.26
386.26
2240.06
2240.06
177.56
177.56
10.00
10.00
531.52
531.52
814.28
814.28
903.08
903.08
15.72
15.72
1292.47
1292.47
48.95
48.95
831.56
831.56
35.44
35.44
6044.66
6044.66
203.83
203.83
809.53
809.53
825.92
825.92
1768.83
1768.83
4775.38
4775.38
323.25
323.25
107.72
107.72
3604.02
3604.02
1709.51
1709.51
2970.24
2970.24
121.06
121.06
6894.64
6894.64
4672.31
4672.31
2528.16
2528.16
832.69
832.69
170.12
170.12
170.12
452.42
452.42
452.42
452.42
68.08
56.97
534.30
122.55
122.55
633.32
633.32
4959.68
4959.68
4323.07
4323.07
1653.11
1653.11
2834.57
2834.57
1871.43
1871.43
5376.23
5376.23
3755.05
3755.05
1112.76
1112.76
4913.09
4913.09
490.68
490.68
309.01
309.01
74.37
74.37
311.04
311.04
632.65
632.65
632.65
24.36
208.20
208.20
159.56
159.56
66.94
66.94
814.12
814.12
41.13
41.13
415.79
415.79
189.25
189.25
1039.82
1039.82
163.65
163.65
10.00
10.00
14.30
14.30
261.06
261.06
176.87
176.87
16.15
16.15
46.99
46.99
755.81
755.81
4031.96
4031.96
291.88
291.88
1923.26
1923.26
5713.93
5713.93
20.66
20.66
68.82
68.82
24.42
24.42
482.60
482.60
167.53
167.53
50.37
50.37
12.16
12.16
29.51
29.51
228.63
228.63
54.98
54.98
363.53
363.53
1760.69
1760.69
11.78
11.78
206.76
206.76
51.91
51.91
157.47
157.47
119.63
119.63
64.51
64.51
64.51
147.56
147.56
242.07
2169.63
2169.63
254.73
254.73
151.91
151.91
1204.31
1204.31
4475.26
4475.26
4545.89
4545.89
24.56
24.56
3030.39
3030.39
12.14
12.14
1688.53
1688.53
5924.72
5924.72
6177.04
6177.04
6944.99
6944.99
94.01
94.01
6594.54
6594.54
2888.60
2888.60
804.79
804.79
10.00
10.00
84.39
84.39
13.38
13.38
507.53
507.53
13.66
13.66
15.63
15.63
368.79
368.79
213.29
213.29
73.79
73.79
174.23
174.23
174.23
174.23
177.18
64.35
64.35
61.12
61.12
210.08
817.00
817.00
3359.88
3359.88
1736.50
1736.50
1694.71
1694.71
4035.72
4035.72
4484.71
4484.71
369.45
369.45
4748.10
4748.10
200.15
200.15
24.38
24.38
649.91
649.91
35.66
35.66
10.00
10.00
205.03
205.03
10.00
10.00
11.91
11.91
22.92
22.92
603.03
603.03
1210.21
1210.21
71.59
71.59
3462.57
3462.57
1792.33
1792.33
56.02
56.02
12.47
12.47
210.95
210.95
78.24
78.24
129.80
129.80
34.68
34.68
15.97
15.97
161.43
161.43
1167.28
1167.28
2509.43
2509.43
4692.07
4692.07
15.89
15.89
5533.90
5533.90
138.40
138.40
3204.88
3204.88
341.84
341.84
337.48
337.48
1459.69
1459.69
60.31
60.31
98.22
98.22
2749.53
2749.53
128.43
128.43
128.43
244.17
244.17
244.17
234.53
234.53
234.53
1161.55
1161.55
22.25
113.91
113.91
200.35
200.35
796.66
796.66
11.76
11.76
4845.51
4845.51
609.58
609.58
6476.03
6476.03
65.19
65.19
752.13
752.13
335.08
335.08
50.84
50.84
5837.54
5837.54
56.82
56.82
619.00
619.00
10.00
10.00
245.38
245.38
183.31
183.31
440.47
440.47
440.47
187.31
187.31
12.97
12.97
1931.26
61.05
61.05
25.67
25.67
2904.20
2904.20
51.12
51.12
4542.98
4542.98
162.80
162.80
60.18
60.18
48.90
48.90
29.13
29.13
130.25
130.25
173.38
173.38
518.34
518.34
2487.44
2487.44
646.57
646.57
1704.30
1704.30
4351.17
4351.17
4163.55
4163.55
4365.55
4365.55
36.21
36.21
16.42
16.42
16.42
16.42
16.42
138.90
126.06
126.06
111.42
111.42
33.49
33.49
71.14
71.14
65.67
65.67
101.07
101.07
102.98
102.98
1404.76
1404.76
806.10
806.10
6171.53
6171.53
11.20
11.20
15.60
15.60
12.03
12.03
26.03
26.03
117.95
117.95
801.91
801.91
468.73
468.73
377.72
377.72
377.72
377.72
355.66
604.00
100.50
100.50
1244.33
1244.33
1244.33
68.04
186.34
186.34
24.03
24.03
15.81
15.81
1855.27
1855.27
721.58
721.58
3028.33
3028.33
2611.14
2611.14
2480.09
2480.09
2480.09
2480.09
25.93
25.93
4170.19
4170.19
64.25
64.25
56.41
56.41
5915.24
5915.24
5915.24
5915.24
5761.67
5761.67
4624.02
4624.02
16.79
16.79
6305.01
6305.01
6305.01
6305.01
6305.01
6305.01
6305.01
6305.01
6461.28
6461.28
37.83
37.83
2743.07
2743.07
2743.07
2743.07
2743.07
2743.07
7157.75
7157.75
7157.75
7157.75
5043.02
5043.02
6834.35
6834.35
6834.35
6834.35
456.21
456.21
2659.43
2659.43
148.53
148.53
1571.08
1571.08
3788.14
3788.14
7560.94
7560.94
3207.23
3207.23
5048.93
5048.93
94.43
94.43
2826.69
2826.69
2997.28
2997.28
5396.17
5396.17
5396.17
5396.17
8015.92
8015.92
8015.92
8015.92
768.13
768.13
3659.10
3659.10
5655.41
5655.41
862.47
862.47
3428.16
3428.16
45.43
45.43
7767.19
7767.19
8286.23
8286.23
8286.23
8286.23
8286.23
8286.23
8286.23
8286.23
7789.85
7789.85
7586.60
7586.60
5493.53
5493.53
7081.90
7081.90
25.18
25.18
1711.00
1711.00
28.34
28.34
7484.08
7484.08
450.76
450.76
25.16
25.16
3290.74
3290.74
3831.01
3831.01
3831.01
3831.01
7581.11
7581.11
7581.11
7581.11
6223.80
6223.80
6223.80
6223.80
6223.80
6223.80
11.87
11.87
6916.99
6916.99
7415.33
7415.33
7168.66
7168.66
3113.63
3113.63
15.93
15.93
2671.55
2671.55
62.97
62.97
2261.64
2261.64
287.91
287.91
16.26
16.26
16.26
16.26
16.26
16.26
16.26
16.26
137.32
17.06
242.21
384.54
61.20
12.46
308.94
308.94
799.53
799.53
3048.45
3048.45
2052.73
2052.73
3368.29
3368.29
3720.56
3720.56
3398.62
3398.62
3514.89
3514.89
144.02
144.02
3721.23
3721.23
48.15
48.15
3681.63
3681.63
4008.09
4008.09
3230.60
3230.60
4214.15
4214.15
4094.37
4094.37
24.30
24.30
1314.28
1314.28
803.91
803.91
11.41
11.41
148.21
148.21
84.74
84.74
13.86
13.86
86.67
86.67
823.19
823.19
213.29
213.29
11.78
11.78
161.85
161.85
1120.22
1120.22
3515.94
3515.94
47.79
47.79
61.14
61.14
176.06
176.06
124.84
124.84
38.68
38.68
776.21
776.21
838.03
838.03
154.47
154.47
5967.97
5967.97
602.16
602.16
11.08
11.08
354.38
354.38
378.78
378.78
48.50
48.50
145.95
145.95
552.98
552.98
6638.64
6638.64
32.23
32.23
840.05
840.05
108.82
108.82
812.80
812.80
7923.76
7923.76
1735.26
1735.26
15.94
15.94
584.85
584.85
1234.55
1234.55
22.83
22.83
22.83
24.56
182.61
182.61
182.61
1153.21
1153.21
2344.80
2344.80
66.12
66.12
198.06
198.06
198.06
198.06
198.06
198.06
198.06
349.19
925.02
393.79
393.79
393.79
956.67
656.67
656.67
656.67
1089.45
1089.45
2561.49
2561.49
2914.92
2914.92
3425.24
3425.24
12.53
12.53
1524.71
1524.71
4148.48
4148.48
5119.21
5119.21
1056.55
1056.55
776.06
776.06
2098.72
775.25
775.25
775.25
95.09
95.09
459.80
459.80
3282.37
3282.37
1002.38
1002.38
4861.89
4861.89
3649.34
3649.34
174.35
174.35
2560.13
2560.13
1850.70
1850.70
642.15
642.15
171.22
791.07
791.07
791.07
136.00
136.00
2921.25
2921.25
6542.53
6542.53
162.72
162.72
36.58
36.58
115.22
115.22
1077.05
1077.05
462.74
462.74
425.26
425.26
813.08
813.08
393.85
393.85
42.84
42.84
465.97
465.97
59.13
59.13
811.54
811.54
102.15
102.15
685.88
685.88
2785.07
2785.07
3704.62
3704.62
280.87
280.87
2650.34
2650.34
3663.89
3663.89
398.23
398.23
913.36
913.36
480.00
480.00
298.95
