# 1Hz Kbps trace generated by import_real_world_traces.py
951.94
1094.30
2430.80
1393.82
1393.82
253.91
253.91
2797.23
2797.23
815.65
815.65
3793.35
3793.35
3679.78
3679.78
217.54
217.54
182.88
182.88
898.76
898.76
1105.68
1105.68
3111.65
3111.65
150.31
150.31
3325.66
3325.66
846.16
846.16
336.09
336.09
96.20
96.20
26.66
26.66
10.00
10.00
570.39
570.39
10.31
10.31
385.03
385.03
385.03
10.00
10.00
10.00
207.66
14.59
161.70
161.70
16.57
16.57
16.57
16.57
16.57
81.04
81.04
92.60
1596.83
102.96
17.34
17.34
107.67
107.67
5107.68
5107.68
372.82
372.82
820.30
820.30
112.14
112.14
220.58
220.58
223.43
223.43
13.65
13.65
75.34
75.34
10.00
10.00
162.43
162.43
63.28
63.28
50.63
50.63
18.58
18.58
144.93
144.93
31.76
31.76
510.67
510.67
177.70
177.70
583.53
583.53
54.16
54.16
10.00
10.00
97.50
97.50
38.97
38.97
605.98
605.98
37.16
37.16
925.44
925.44
4890.43
4890.43
7229.12
7229.12
29.88
29.88
82.54
82.54
5641.77
5641.77
5641.77
5641.77
775.44
775.44
42.25
42.25
12.74
12.74
40.47
40.47
24.68
24.68
13.13
13.13
497.17
497.17
588.98
588.98
231.31
231.31
1008.20
1008.20
3391.50
3391.50
175.18
175.18
786.15
786.15
96.89
96.89
265.15
265.15
164.93
164.93
42.46
42.46
11.64
11.64
112.71
112.71
830.52
830.52
34.37
34.37
62.73
62.73
5260.03
5260.03
10.00
10.00
13.38
13.38
18.28
18.28
28.06
28.06
10.00
10.00
199.61
199.61
707.87
707.87
49.36
49.36
586.50
586.50
151.18
151.18
124.24
124.24
1019.13
1019.13
2475.39
2475.39
4651.88
4651.88
4745.80
4745.80
4745.80
4745.80
17.19
17.19
3652.02
3652.02
805.46
805.46
2665.71
2665.71
2665.71
2665.71
2835.36
2835.36
2359.97
2359.97
17.58
17.58
989.80
989.80
1050.35
1050.35
20.69
20.69
15.66
15.66
2054.98
2054.98
2468.89
2468.89
831.15
831.15
1925.49
1925.49
2465.90
2465.90
2465.90
2465.90
1667.87
1667.87
2764.64
2764.64
979.10
979.10
69.01
69.01
2911.62
2911.62
22.34
22.34
51.73
51.73
18.17
18.17
615.12
615.12
3564.90
3564.90
1562.17
1562.17
41.76
41.76
321.52
321.52
4366.16
4366.16
4366.16
4366.16
4366.16
4366.16
837.22
837.22
1527.30
1527.30
2386.32
2386.32
2386.32
2386.32
851.08
851.08
1702.25
1702.25
4029.15
4029.15
4505.45
4505.45
2818.42
2818.42
1441.55
1441.55
1441.55
1441.55
1441.55
1441.55
1441.55
1441.55
1441.55
1441.55
2432.23
2432.23
4677.69
4677.69
4340.57
4340.57
4340.57
4340.57
4340.57
4340.57
3616.55
3616.55
4445.17
4445.17
4445.17
4445.17
4636.26
4636.26
884.93
884.93
2770.30
2770.30
2770.30
2770.30
4313.80
4313.80
4313.80
4313.80
4313.80
4313.80
4813.33
4813.33
4212.94
4212.94
4212.94
4212.94
3644.07
3644.07
18.47
18.47
145.81
145.81
27.00
27.00
23.18
23.18
599.91
599.91
90.80
90.80
72.40
72.40
137.51
137.51
127.88
127.88
805.77
805.77
14.71
14.71
2173.17
2173.17
937.86
937.86
3361.69
3361.69
186.88
186.88
1983.27
1983.27
3163.72
3163.72
3543.28
3543.28
3025.00
3025.00
10.00
10.00
128.44
128.44
128.44
92.23
92.23
57.76
167.94
167.94
121.22
121.22
10.00
10.00
691.54
691.54
465.25
465.25
27.08
27.08
114.40
114.40
2437.13
2437.13
17.99
17.99
3025.22
3025.22
26.81
26.81
1094.74
1094.74
44.97
44.97
103.43
103.43
726.84
726.84
10.00
10.00
50.28
50.28
866.72
866.72
64.78
64.78
75.82
75.82
17.69
17.69
711.93
711.93
6019.20
6019.20
126.29
126.29
10.00
10.00
40.51
40.51
34.92
34.92
167.68
167.68
167.68
173.49
173.49
173.49
10.00
110.78
110.78
41.01
38.59
38.59
28.26
28.26
3663.01
3663.01
61.70
61.70
58.64
58.64
3868.33
3868.33
343.24
343.24
263.43
263.43
3089.81
3089.81
10.00
10.00
113.78
113.78
167.45
167.45
142.27
142.27
11.54
11.54
662.32
662.32
88.78
88.78
681.51
681.51
2638.52
2638.52
3701.73
3701.73
1699.56
1699.56
61.97
61.97
14.55
14.55
299.19
299.19
159.64
159.64
84.14
84.14
31.11
31.11
3378.59
3378.59
4743.58
4743.58
578.50
578.50
1760.87
1760.87
39.53
39.53
2348.57
2348.57
5306.41
5306.41
2263.16
2263.16
93.21
93.21
136.41
136.41
872.06
872.06
14.54
14.54
2908.40
2908.40
24.24
24.24
1503.15
1503.15
1503.15
625.93
51.27
51.27
744.68
744.68
221.54
221.54
824.54
824.54
314.45
314.45
1149.67
1149.67
10.00
10.00
1830.57
1830.57
1616.01
1616.01
1757.06
1757.06
2123.04
2123.04
2123.04
2123.04
2123.04
3413.48
3413.48
139.85
139.85
10.00
21.00
21.00
21.00
13.71
13.71
584.31
584.31
98.46
98.46
98.46
145.98
145.98
145.98
146.81
146.81
55.01
55.01
10.00
10.00
39.35
18.43
42.61
42.61
5063.15
5063.15
4458.95
4458.95
3604.70
3604.70
4534.19
4534.19
150.98
150.98
2223.40
2223.40
862.23
862.23
141.30
141.30
4392.25
4392.25
30.71
30.71
16.06
16.06
2533.40
2533.40
1198.84
1198.84
1829.19
1829.19
20.07
20.07
5167.53
5167.53
110.86
110.86
219.52
219.52
51.61
51.61
109.02
109.02
612.86
612.86
5237.31
5237.31
3701.68
3701.68
2294.10
2294.10
251.01
251.01
82.61
82.61
109.39
109.39
12.65
12.65
250.01
250.01
10.00
10.00
19.04
19.04
10.00
10.00
48.33
48.33
66.20
66.20
316.78
316.78
2912.40
2912.40
1895.25
1895.25
785.00
785.00
532.71
532.71
683.14
683.14
5221.50
5221.50
5047.86
5047.86
1531.00
1531.00
173.35
173.35
177.32
177.32
13.69
13.69
2691.74
2691.74
14.06
14.06
28.16
28.16
2085.25
2085.25
65.51
65.51
705.42
705.42
3667.59
3667.59
3667.59
3667.59
3667.59
3667.59
3667.59
3667.59
3667.59
3667.59
3284.55
3284.55
3284.55
3284.55
3284.55
3284.55
15.54
15.54
529.74
529.74
3485.95
3485.95
3485.95
3485.95
3485.95
3485.95
3485.95
3485.95
890.52
890.52
2102.77
2102.77
4344.52
4344.52
4344.52
4344.52
4696.07
4696.07
4696.07
4696.07
4696.07
4696.07
4696.07
4696.07
4800.35
4800.35
4800.35
4800.35
4800.35
4800.35
4800.35
4800.35
815.74
815.74
4269.26
4269.26
4980.67
4980.67
5464.04
5464.04
5464.04
5464.04
681.66
681.66
5149.91
5149.91
885.63
885.63
5592.43
5592.43
5592.43
5592.43
5592.43
5592.43
6178.42
6178.42
6178.42
6178.42
6178.42
6178.42
6178.42
6178.42
5211.02
5211.02
5211.02
5211.02
5211.02
5211.02
5497.61
5497.61
4298.44
4298.44
5249.40
5249.40
6052.57
6052.57
18.43
18.43
5906.33
5906.33
6562.07
6562.07
6562.07
6562.07
325.04
325.04
7223.66
7223.66
7223.66
7223.66
7223.66
7223.66
7223.66
7223.66
7223.66
7223.66
7223.66
7223.66
10.00
10.00
2775.82
2775.82
2775.82
2775.82
2775.82
2775.82
2775.82
2775.82
928.02
928.02
1244.35
1244.35
1497.94
1497.94
2032.00
2032.00
2405.40
2405.40
2238.76
2238.76
744.33
744.33
1589.25
1589.25
573.04
573.04
1621.56
1621.56
2876.95
2876.95
37.66
37.66
777.89
777.89
28.73
28.73
1112.48
1112.48
19.40
19.40
94.75
94.75
1531.50
1531.50
11.95
11.95
4942.98
4942.98
2351.10
2351.10
4247.03
4247.03
1203.54
1203.54
399.86
399.86
758.17
758.17
3725.61
3725.61
40.79
40.79
72.46
72.46
53.78
53.78
50.67
50.67
108.10
108.10
1921.90
1921.90
36.76
36.76
38.17
38.17
552.27
552.27
1875.29
1875.29
3594.62
3594.62
6279.21
6279.21
25.80
25.80
10.00
10.00
4474.47
4474.47
43.58
43.58
205.80
205.80
54.29
54.29
1241.26
1241.26
15.10
15.10
18.93
18.93
31.33
31.33
2551.60
2551.60
237.23
237.23
55.92
55.92
38.10
38.10
943.75
943.75
87.49
87.49
52.63
52.63
91.14
91.14
494.67
494.67
20.45
20.45
754.73
754.73
23.84
23.84
786.71
786.71
38.55
38.55
2767.96
2767.96
24.38
24.38
131.26
131.26
756.64
756.64
281.78
281.78
19.76
19.76
3013.88
3013.88
1816.11
1816.11
28.94
28.94
28.94
28.94
17.71
214.06
129.44
129.44
77.64
77.64
4030.69
4030.69
14.40
14.40
921.71
921.71
430.00
430.00
24.51
24.51
24.51
177.57
177.57
177.57
15.74
3274.71
3274.71
116.35
504.95
504.95
130.50
130.50
334.82
334.82
24.52
24.52
24.52
24.52
24.52
20.17
20.17
20.17
20.17
97.34
569.71
2321.93
2321.93
31.37
1870.89
1870.89
2669.33
2669.33
2960.01
2960.01
2960.01
2960.01
5187.07
5187.07
1006.79
1006.79
4813.08
4813.08
2042.52
2042.52
3947.08
3947.08
3138.16
3138.16
331.95
331.95
1752.80
1752.80
1371.25
1371.25
6274.52
6274.52
679.86
679.86
1740.48
1740.48
584.41
584.41
18.22
18.22
27.82
27.82
4312.85
4312.85
160.06
160.06
5523.41
5523.41
4888.24
4888.24
6107.45
6107.45
3347.54
3347.54
834.13
834.13
872.81
872.81
24.82
24.82
17.13
17.13
4435.36
4435.36
23.53
23.53
865.28
865.28
25.54
25.54
841.28
841.28
173.41
173.41
62.68
62.68
4689.16
4689.16
25.19
25.19
24.03
24.03
12.69
12.69
309.65
309.65
14.46
14.46
1154.07
1154.07
4332.88
4332.88
5516.21
5516.21
5399.22
5399.22
5864.15
5864.15
57.28
57.28
18.36
18.36
1057.43
1057.43
31.17
31.17
42.76
42.76
107.71
107.71
143.93
143.93
1733.90
1733.90
819.99
819.99
233.31
233.31
583.26
583.26
64.20
64.20
224.69
224.69
16.93
16.93
59.85
59.85
10.00
10.00
145.64
145.64
116.59
116.59
10.00
10.00
816.02
816.02
816.02
10.00
10.00
10.00
16.75
16.75
188.15
56.51
1707.63
1707.63
18.50
18.50
1237.43
1237.43
12.05
12.05
81.82
81.82
68.11
68.11
19.03
19.03
127.77
127.77
1087.93
1087.93
66.64
66.64
2766.32
2766.32
14.80
14.80
198.13
198.13
173.89
173.89
118.70
118.70
64.57
64.57
26.62
26.62
48.83
48.83
71.20
71.20
220.64
220.64
1343.67
1343.67
70.88
70.88
4718.80
4718.80
27.68
27.68
39.74
39.74
1405.39
1405.39
10.00
10.00
20.66
20.66
38.34
38.34
113.80
113.80
266.47
266.47
10.97
10.97
740.32
740.32
278.50
278.50
519.44
519.44
13.62
13.62
109.91
109.91
144.86
144.86
404.96
404.96
28.93
28.93
10.00
10.00
10.00
10.00
19.36
19.36
19.36
3378.54
218.32
218.32
15.16
15.16
801.23
801.23
2531.16
2531.16
1209.24
1209.24
733.91
733.91
10.00
10.00
455.89
455.89
58.11
58.11
245.59
245.59
245.59
279.80
279.80
58.37
120.54
120.54
28.99
28.99
844.30
844.30
15.41
15.41
205.31
205.31
134.60
134.60
100.77
100.77
3599.03
3599.03
127.09
127.09
4475.07
4475.07
316.69
316.69
153.85
153.85
153.85
12.54
12.54
1672.79
791.48
791.48
42.97
42.97
54.03
54.03
25.05
25.05
609.24
609.24
609.24
10.00
10.00
10.00
68.69
68.69
68.69
14.10
14.10
14.10
663.17
565.97
1329.23
89.24
58.89
58.89
1668.68
1668.68
4065.55
4065.55
42.00
42.00
151.99
151.99
2013.20
2013.20
13.60
13.60
50.79
50.79
652.79
652.79
15.19
15.19
13.48
13.48
4582.58
4582.58
5271.09
5271.09
124.25
124.25
991.48
991.48
202.32
202.32
202.32
17.54
68.90
68.90
41.23
41.23
16.08
16.08
66.76
66.76
70.99
70.99
869.29
869.29
19.57
19.57
749.09
749.09
251.65
251.65
190.21
190.21
1112.85
1112.85
1112.85
19.71
113.54
113.54
113.54
27.10
27.10
208.21
1614.62
1614.62
15.21
15.21
34.38
34.38
28.91
28.91
13.70
13.70
556.99
556.99
5004.90
5004.90
85.52
85.52
5233.42
5233.42
827.81
827.81
62.96
62.96
10.00
10.00
207.30
207.30
164.94
164.94
18.13
18.13
1266.68
1266.68
27.14
27.14
391.98
391.98
62.19
62.19
5106.47
5106.47
49.65
49.65
26.25
26.25
43.53
43.53
10.00
10.00
86.80
86.80
250.25
250.25
250.25
22.13
213.03
213.03
858.80
858.80
71.46
71.46
2262.71
2262.71
2262.71
2262.71
5978.84
5978.84
5905.40
5905.40
58.01
58.01
5653.40
5653.40
5653.40
5653.40
26.48
26.48
4242.76
4242.76
4242.76
4242.76
824.66
824.66
4698.06
4698.06
5148.55
5148.55
3158.41
3158.41
3158.41
3158.41
3158.41
3158.41
5543.20
5543.20
5543.20
5543.20
5687.67
5687.67
5977.80
5977.80
6431.49
6431.49
57.42
57.42
853.93
853.93
12.88
12.88
3650.62
3650.62
18.07
18.07
3435.11
3435.11
3435.11
3435.11
3435.11
3435.11
3435.11
3435.11
3750.02
3750.02
5674.96
5674.96
5674.96
5674.96
3879.67
3879.67
4661.83
4661.83
4774.95
4774.95
5257.26
5257.26
19.02
19.02
1951.78
1951.78
2829.16
2829.16
5530.17
5530.17
25.73
25.73
5641.85
5641.85
56.55
56.55
4935.33
4935.33
4963.51
4963.51
4963.51
4963.51
4450.36
4450.36
4450.36
4450.36
5368.51
5368.51
5615.92
5615.92
5747.89
5747.89
5747.89
5747.89
14.73
14.73
6075.05
6075.05
5873.06
5873.06
5873.06
5873.06
5923.71
5923.71
3420.47
3420.47
6109.37
6109.37
4553.42
4553.42
4553.42
4553.42
4553.42
4870.36
4870.36
6167.20
6167.20
6130.79
6130.79
5433.80
5433.80
14.87
14.87
3113.88
3113.88
18.62
18.62
213.68
213.68
87.24
87.24
10.00
10.00
753.05
753.05
191.81
191.81
203.40
203.40
18.10
18.10
54.87
54.87
831.15
831.15
4700.17
4700.17
16.11
16.11
1122.62
1122.62
10.00
10.00
18.58
18.58
16.05
16.05
33.80
33.80
1431.93
1431.93
97.63
97.63
10.00
10.00
297.42
297.42
733.23
733.23
1316.08
1316.08
1316.08
1316.08
1316.08
1316.08
1316.08
1316.08
1316.08
1316.08
21.44
21.44
2787.66
2787.66
4198.42
4198.42
3102.59
3102.59
3549.39
3549.39
3206.75
3206.75
796.59
796.59
1266.69
1266.69
10.50
10.50
53.56
53.56
22.36
22.36
3219.60
3219.60
41.73
41.73
1998.38
1998.38
2578.29
2578.29
3175.42
3175.42
3154.49
3154.49
13.41
13.41
4803.59
4803.59
68.92
68.92
10.00
10.00
57.34
57.34
436.58
436.58
94.66
94.66
68.53
68.53
747.10
747.10
5507.35
5507.35
6489.42
6489.42
6732.65
6732.65
22.88
22.88
931.88
931.88
1354.81
