# 1Hz Kbps trace generated by import_real_world_traces.py
16.13
373.38
512.77
824.85
823.96
835.25
406.20
406.20
837.66
839.09
839.09
826.07
734.73
826.77
826.77
836.80
845.34
845.34
833.48
833.48
827.73
827.73
838.34
838.34
838.34
837.87
837.87
721.42
721.42
721.42
590.71
590.71
590.71
712.30
712.30
712.30
848.42
848.42
847.63
847.63
821.70
821.70
829.99
829.99
836.05
836.05
749.77
749.77
837.61
837.61
816.57
816.57
707.14
707.14
707.14
792.32
792.32
835.17
835.17
835.17
815.22
815.22
808.40
808.40
406.28
406.28
406.28
406.28
686.24
686.24
555.63
555.63
638.92
638.92
638.92
633.26
633.26
383.18
383.18
383.18
691.82
691.82
102.80
516.29
510.71
732.32
729.39
729.39
729.39
710.89
710.89
367.13
816.31
816.31
484.94
484.94
484.94
47.86
47.86
831.46
831.46
650.83
750.11
750.11
782.59
821.66
821.66
669.85
669.85
666.58
666.58
163.27
163.27
163.27
570.11
608.76
608.76
664.77
775.51
780.23
780.23
687.89
687.89
819.54
777.28
777.28
356.81
356.81
723.40
723.40
693.32
693.32
808.26
808.26
829.55
829.55
575.01
575.01
575.01
743.33
743.33
743.33
732.38
732.38
732.38
732.38
727.65
727.65
727.65
704.16
704.16
704.16
704.16
720.10
720.10
720.10
782.28
684.43
723.97
723.97
585.99
585.99
732.59
596.37
596.37
706.22
716.48
670.04
670.04
702.25
702.25
702.25
710.85
631.82
631.82
712.43
530.28
530.28
704.42
670.91
670.91
670.91
698.97
732.12
732.12
703.18
703.18
731.02
731.02
731.02
731.02
731.02
727.61
727.61
704.82
704.82
723.27
723.27
723.27
651.58
651.58
727.66
727.66
698.04
698.04
630.82
630.82
630.82
703.68
703.68
624.38
624.38
727.65
727.65
727.65
705.01
705.01
522.23
522.23
522.23
688.17
688.17
717.85
717.85
717.85
735.70
735.70
422.43
736.99
736.99
733.36
733.36
719.99
732.34
732.34
696.44
696.44
259.11
259.11
636.01
702.14
724.32
724.32
683.62
665.36
690.04
698.27
686.42
686.42
649.18
649.18
419.18
419.18
615.92
615.92
615.92
720.03
720.03
717.21
717.21
715.94
697.06
714.64
714.64
614.37
614.37
682.14
682.14
709.83
709.83
675.51
675.51
687.22
687.22
688.23
688.23
677.96
677.96
701.12
701.12
696.10
696.10
696.10
696.10
662.76
662.76
662.76
662.76
638.91
639.07
639.07
626.15
660.38
700.24
700.24
697.78
683.00
683.00
683.00
576.69
576.69
677.91
695.96
695.96
701.00
701.00
718.48
718.48
661.30
661.30
727.51
727.51
727.51
727.51
727.51
746.60
685.60
685.60
756.52
756.52
756.52
662.73
662.73
662.73
662.73
759.40
759.40
759.40
747.18
747.18
738.40
738.40
646.58
646.58
677.49
677.49
677.49
712.94
712.94
712.94
696.22
696.22
713.68
694.56
694.56
724.48
618.75
618.75
697.79
696.38
581.31
581.31
581.31
581.31
581.31
727.75
727.75
727.75
727.75
727.75
735.23
735.23
735.23
735.23
735.23
776.03
776.03
728.74
728.74
746.80
746.80
707.61
707.61
720.25
720.25
710.87
710.87
710.87
733.70
687.25
670.51
670.51
670.51
638.71
638.71
671.87
702.43
702.43
702.43
712.40
712.40
693.31
716.96
716.96
679.83
702.65
681.64
726.98
726.98
754.58
754.58
746.30
746.30
746.30
715.84
715.84
673.41
673.41
673.41
738.35
719.68
688.87
688.87
729.11
390.29
390.29
703.00
703.00
693.61
703.41
703.41
691.19
691.19
691.19
691.19
726.16
726.16
726.16
726.16
354.94
354.94
354.94
505.55
505.55
505.55
42.28
42.28
42.28
407.96
407.96
459.66
459.66
459.66
307.93
307.93
307.93
307.93
335.09
335.09
335.09
335.09
335.09
335.09
335.09
335.09
335.09
335.09
335.09
335.09
634.31
639.50
614.33
651.29
651.29
708.02
726.17
726.17
649.87
667.13
667.13
703.39
703.39
682.37
682.37
716.08
716.08
707.13
707.13
707.13
703.52
703.52
669.05
689.90
689.90
690.58
690.58
712.03
712.03
712.95
712.95
676.18
676.18
718.59
718.59
674.12
674.12
714.95
714.95
704.92
704.92
698.61
698.61
715.73
715.73
723.46
723.46
688.40
688.40
699.98
699.98
696.93
696.93
702.27
702.27
592.54
592.54
678.84
678.84
691.42
691.42
701.77
701.77
701.77
715.91
701.60
701.60
709.67
709.67
685.82
685.82
675.70
675.70
679.93
679.93
726.10
726.10
709.61
709.61
634.93
634.93
684.92
684.92
644.67
644.67
716.58
716.58
704.11
704.11
692.53
692.53
694.95
694.95
697.56
697.56
699.80
699.80
657.11
657.11
441.50
441.50
664.19
664.19
679.67
679.67
663.59
663.59
608.46
608.46
95.36
95.36
667.34
667.34
671.03
671.03
368.70
368.70
686.69
686.69
611.32
611.32
580.99
580.99
664.23
664.23
676.21
676.21
695.20
695.20
702.63
702.63
670.68
670.68
690.56
690.56
667.01
667.01
679.03
679.03
600.31
600.31
703.21
703.21
712.21
712.21
678.12
678.12
706.11
706.11
716.58
716.58
703.07
703.07
696.08
696.08
693.43
693.43
643.80
643.80
672.22
672.22
677.59
677.59
690.34
690.34
700.56
700.56
499.82
499.82
705.99
705.99
702.73
702.73
738.01
738.01
588.48
588.48
708.03
708.03
674.21
674.21
674.21
705.63
711.05
711.05
711.05
733.10
709.62
709.62
360.80
360.80
360.80
484.83
484.83
705.89
744.96
744.96
571.89
571.89
700.81
700.81
793.87
793.87
800.65
800.65
800.65
730.44
475.38
475.38
382.68
382.68
676.98
676.98
676.98
783.29
677.98
677.98
709.78
709.78
709.78
664.23
594.74
594.74
649.59
649.59
649.59
649.59
649.59
682.90
682.90
682.90
778.97
778.97
778.97
656.58
656.58
656.58
691.59
691.59
690.76
737.52
699.85
693.93
700.66
726.77
726.77
756.98
761.96
761.96
620.17
620.17
641.46
641.46
667.52
667.52
667.52
524.80
524.80
368.62
368.62
247.46
247.46
316.88
316.88
437.77
437.77
342.43
342.43
10.00
10.00
308.44
308.44
406.15
406.15
760.59
760.59
717.33
717.33
384.39
384.39
768.97
768.97
724.98
724.98
724.98
375.24
375.24
115.58
115.58
115.58
665.15
665.15
665.15
646.68
646.68
646.68
646.68
646.68
614.39
614.39
614.39
614.39
686.66
699.47
699.47
185.24
185.24
609.88
757.50
757.50
382.56
382.56
147.11
704.71
704.71
762.49
762.49
331.77
331.77
331.77
475.51
475.51
414.86
414.86
723.32
723.32
723.32
716.85
716.85
716.85
302.94
302.94
302.94
673.88
561.85
363.28
681.16
681.16
312.53
312.53
312.53
312.53
403.52
403.52
403.52
755.33
755.33
723.03
723.03
519.35
112.45
112.45
302.45
776.48
776.48
782.96
782.96
371.68
371.68
444.50
534.46
731.03
731.03
460.08
460.08
664.17
759.11
728.36
564.56
564.56
421.44
421.44
337.41
337.41
259.19
259.19
605.17
605.17
761.40
761.40
343.01
343.01
778.40
778.40
756.48
756.48
545.60
545.60
777.36
777.36
617.44
617.44
632.62
632.62
758.78
758.78
762.55
762.55
63.48
63.48
370.04
370.04
738.05
738.05
385.50
385.50
383.26
383.26
642.52
642.52
517.81
517.81
657.28
657.28
771.75
771.75
509.85
509.85
654.08
654.08
467.76
467.76
762.46
762.46
357.91
357.91
386.47
386.47
302.04
302.04
786.01
786.01
305.65
305.65
315.05
315.05
760.59
760.59
327.54
327.54
735.80
735.80
614.77
614.77
388.42
388.42
869.12
869.12
764.38
764.38
601.96
601.96
601.96
92.17
736.32
736.32
596.07
596.07
571.51
571.51
571.51
712.41
397.39
397.39
118.39
118.39
357.46
357.46
753.45
753.45
755.83
755.83
619.64
619.64
575.47
575.47
724.06
724.06
33.02
33.02
205.01
205.01
767.66
767.66
410.61
410.61
670.51
670.51
709.08
709.08
709.08
743.30
722.97
722.97
753.12
753.12
733.75
733.75
116.57
116.57
520.06
520.06
688.37
688.37
688.37
394.99
297.25
297.25
342.15
342.15
723.71
723.71
371.87
371.87
506.86
506.86
715.08
715.08
393.55
393.55
324.07
324.07
523.68
523.68
453.05
453.05
172.06
172.06
93.21
93.21
93.21
304.59
504.42
504.42
504.42
504.42
504.42
284.73
284.73
335.35
489.38
489.38
511.31
511.31
694.41
694.41
112.90
112.90
341.14
341.14
446.41
446.41
585.85
585.85
699.83
699.83
691.09
691.09
634.35
634.35
684.08
684.08
357.31
357.31
543.38
543.38
99.34
99.34
348.63
348.63
430.01
430.01
430.01
430.01
738.79
738.79
308.17
373.20
373.20
412.93
412.93
578.25
578.25
740.73
740.73
737.94
693.39
693.39
327.72
327.72
327.72
563.99
563.99
331.13
331.13
331.13
609.55
626.69
626.69
362.30
583.35
583.35
583.35
734.75
734.75
679.24
679.24
278.65
718.47
718.47
313.03
313.03
313.03
720.70
720.70
718.80
718.80
347.04
358.52
358.52
658.48
658.48
658.48
699.72
699.72
699.72
699.72
597.41
597.41
117.51
117.51
737.46
737.46
737.46
737.46
737.46
743.35
743.35
743.35
443.64
443.64
200.23
650.09
650.09
655.43
655.43
768.91
768.44
768.44
345.28
345.28
695.96
727.14
534.82
534.82
534.82
578.85
661.47
661.47
760.09
380.06
380.06
551.06
551.06
551.06
264.99
277.31
277.31
277.31
708.36
708.36
798.17
798.17
798.17
508.72
508.72
508.72
690.65
690.65
690.65
706.17
706.17
611.15
611.15
611.15
611.15
611.15
319.12
319.12
451.59
451.59
776.26
776.26
554.56
554.56
469.32
469.32
685.54
685.54
685.54
404.12
404.12
295.42
295.42
624.04
624.04
447.97
447.97
452.61
452.61
727.48
727.48
710.10
710.10
611.31
611.31
13.64
13.64
13.64
736.58
736.58
406.32
406.32
306.28
306.28
709.28
709.28
785.85
785.85
420.52
420.52
568.89
568.89
783.33
783.33
260.46
260.46
306.25
712.45
712.45
602.36
602.36
600.61
600.61
749.92
749.92
680.94
680.94
243.48
307.85
307.85
527.29
527.29
762.02
762.02
714.58
714.58
735.26
326.10
519.77
707.60
707.60
707.60
280.01
280.01
502.67
502.67
502.67
590.90
716.15
716.15
716.15
249.60
249.60
611.09
611.09
611.09
328.80
328.80
328.80
454.20
454.20
278.46
774.46
774.46
774.46
749.66
749.66
275.15
749.39
309.12
309.12
615.60
615.60
615.60
615.60
586.17
236.91
869.55
869.55
427.19
427.19
410.69
410.69
333.91
333.91
515.08
515.08
481.49
635.19
635.19
726.54
761.27
589.51
589.51
757.03
757.03
717.07
740.50
740.50
731.17
731.17
609.77
609.77
609.77
609.77
353.36
353.36
353.36
756.59
756.59
756.59
571.15
571.15
780.18
780.18
780.18
780.18
780.18
717.44
728.68
728.68
443.57
443.57
338.67
317.35
718.30
718.30
696.98
696.98
696.98
558.46
558.46
316.25
608.05
608.05
294.45
294.45
294.45
525.82
525.82
525.82
689.27
689.27
689.27
581.73
313.15
313.15
313.15
313.15
313.15
459.49
459.49
581.25
581.25
170.93
170.93
170.93
295.20
295.20
790.14
790.14
721.43
721.43
724.19
724.19
730.20
730.20
682.57
576.66
756.80
756.80
548.07
548.07
711.11
711.11
729.82
719.47
750.37
750.37
566.45
566.45
566.45
697.67
766.59
766.59
766.59
740.72
740.72
759.05
759.05
769.97
769.97
769.97
545.01
545.01
441.94
441.94
415.28
349.42
319.43
413.79
413.79
412.42
412.42
285.03
285.03
285.03
285.03
366.53
366.53
634.92
634.92
356.90
356.90
561.03
561.03
600.11
600.11
600.11
371.22
371.22
19.04
19.04
787.59
360.81
360.81
724.33
560.19
560.19
296.87
296.87
564.26
727.06
727.06
659.46
659.46
329.71
329.71
768.37
768.37
773.82
773.82
486.85
486.85
618.42
618.42
610.99
610.99
597.32
597.32
597.32
579.30
579.30
579.30
579.30
434.00
434.00
434.00
434.00
434.00
325.15
325.15
325.15
705.64
746.87
746.87
551.26
551.26
551.26
304.42
452.27
452.27
582.53
582.53
763.12
763.12
749.37
749.37
730.76
730.76
730.76
777.45
427.27
427.27
418.94
729.58
457.37
457.37
457.37
480.10
480.10
480.10
461.43
461.43
479.20
479.20
479.20
292.32
292.32
737.07
737.07
432.98
432.98
753.92
753.92
753.92
340.02
340.02
753.11
753.11
357.20
357.20
386.92
386.92
386.92
317.82
741.52
741.52
725.12
725.12
341.81
341.81
435.23
516.27
516.27
516.27
691.01
691.01
308.83
308.83
781.52
314.80
314.80
770.53
770.53
770.53
751.30
557.63
557.63
683.51
683.51
707.01
439.04
451.04
451.04
357.64
805.90
805.90
634.04
382.30
382.30
382.09
381.91
381.91
393.88
393.88
760.50
760.50
348.53
348.53
685.09
685.09
635.52
635.52
522.67
522.67
355.75
355.75
578.97
578.97
442.23
442.23
423.28
423.28
642.26
642.26
300.74
300.74
300.74
300.74
360.97
789.09
789.09
715.92
715.92
700.37
763.35
763.35
753.25
753.25
740.47
740.47
725.46
725.46
340.63
340.63
796.45
796.45
796.45
796.45
424.84
424.84
750.26
750.26
730.08
730.08
675.99
675.99
323.76
323.76
401.48
401.48
401.48
401.48
749.38
749.38
749.38
760.77
760.77
760.77
760.77
733.71
733.71
733.71
633.38
633.38
783.68
783.68
412.26
412.26
412.26
737.17
737.17
626.59
626.59
781.14
669.00
669.00
653.93
417.47
417.47
717.78
654.89
654.89
654.89
654.89
10.00
10.00
746.30
746.58
746.58
780.24
785.88
785.88
429.44
429.44
483.57
483.57
356.18
356.18
281.63
708.63
708.63
729.65
548.69
548.69
271.50
271.50
289.87
754.01
754.01
754.38
754.38
737.60
737.60
304.47
304.47
304.47
262.14
367.64
367.64
630.89
630.89
734.15
747.01
747.01
637.91
637.91
611.55
611.55
642.14
642.14
435.56
435.56
595.47
595.47
316.57
316.57
716.56
716.56
439.67
439.67
439.67
489.86
489.86
744.08
626.62
626.62
441.12
441.12
329.89
329.89
329.89
329.89
648.62
648.62
648.62
744.64
744.64
744.64
744.64
744.64
757.85
757.85
757.85
757.85
452.69
452.69
452.69
218.84
218.84
436.84
436.84
436.84
472.66
447.27
398.08
740.68
740.68
719.73
719.73
342.95
342.95
363.07
363.07
344.47
344.47
640.38
731.60
673.10
673.10
673.10
673.10
731.27
731.27
731.27
293.41
293.41
731.84
731.84
731.84
522.21
522.21
521.73
521.73
521.73
684.23
684.23
297.29
297.29
577.21
423.97
423.97
630.98
630.98
630.43
630.43
335.72
335.72
371.53
676.90
676.90
10.00
10.00
260.63
260.63
499.31
499.31
695.43
660.98
660.98
749.72
496.39
496.39
301.92
305.06
305.06
621.76
765.30
765.30
431.82
431.82
283.01
283.01
283.01
638.17
716.17
716.17
716.17
716.17
535.73
535.73
535.73
535.73
319.03
319.03
56.90
56.90
291.61
291.61
307.93
307.93
307.93
693.39
693.39
296.32
296.32
723.80
723.80
675.03
675.03
742.45
504.33
350.56
368.26
451.84
335.52
335.52
484.30
484.30
522.55
522.55
664.08
664.08
496.30
496.30
344.54
344.54
464.10
464.10
522.80
522.80
597.84
597.84
631.76
631.76
631.76
657.56
657.56
657.56
530.13
530.13
201.32
201.32
721.62
721.62
522.38
522.38
522.38
771.04
771.04
769.38
769.38
636.82
636.82
743.47
743.47
743.47
97.28
97.28
742.52
742.52
742.52
332.53
332.53
472.49
472.49
390.70
390.70
466.90
466.90
471.41
471.41
446.30
703.21
703.21
468.57
726.87
724.35
724.35
690.96
690.96
517.01
517.01
597.22
597.22
597.22
597.22
597.22
571.24
571.24
571.24
769.82
769.82
769.82
736.47
736.47
736.47
343.65
510.04
510.04
695.34
695.34
695.34
695.34
430.14
761.84
173.93
173.93
302.60
404.49
404.49
537.73
712.62
712.62
725.26
725.26
725.26
452.64
441.08
441.08
724.41
724.41
703.78
703.78
703.78
647.34
647.34
647.34
688.95
688.95
688.95
373.42
373.42
373.42
608.81
608.81
608.81
457.57
457.57
457.57
586.17
586.17
586.17
586.17
757.23
757.23
608.97
608.97
382.27
382.27
291.35
729.23
729.23
729.23
714.99
714.99
739.51
739.51
452.45
452.45
653.69
653.69
728.89
728.89
674.53
674.53
741.01
741.01
397.40
397.40
777.67
777.67
776.47
776.47
734.08
759.03
759.03
759.03
253.49
710.94
725.41
725.41
725.41
355.41
568.82
568.82
568.82
318.62
318.62
629.02
629.02
763.88
763.88
763.88
336.68
763.26
763.26
723.78
734.89
734.89
734.89
734.89
663.00
663.00
351.36
351.36
351.36
311.46
311.46
365.67
365.67
365.67
365.67
365.67
365.67
365.67
365.67
432.35
432.35
448.55
448.55
412.82
410.04
481.76
481.76
271.45
271.45
271.45
457.88
268.37
268.37
268.37
268.37
338.40
338.40
526.09
526.09
526.09
316.60
316.60
158.09
388.52
377.95
377.95
377.95
205.97
205.97
274.44
210.26
210.26
180.23
180.23
432.15
432.15
432.15
203.33
203.33
203.33
357.08
490.12
490.12
516.58
516.58
414.35
414.35
414.35
222.78
575.72
334.79
334.79
334.79
271.56
271.56
10.00
10.00
260.62
260.62
260.62
391.39
526.38
526.38
602.72
602.72
632.86
466.08
466.08
512.60
512.60
583.78
583.78
606.98
606.98
606.98
252.46
252.46
252.46
274.40
274.40
274.40
513.89
513.89
513.89
513.89
455.08
552.02
552.02
552.02
442.55
442.55
481.98
481.98
531.58
531.58
531.58
451.70
451.70
312.25
553.16
553.16
445.13
445.13
301.06
301.06
301.06
248.83
248.83
351.10
351.10
305.72
305.72
526.60
526.60
477.91
477.91
477.91
502.63
502.63
331.72
331.72
559.33
559.33
475.45
475.45
512.84
437.13
542.28
542.28
461.43
461.43
271.59
271.59
271.59
479.70
316.06
316.06
571.26
571.26
495.83
495.83
510.76
441.88
441.88
441.88
272.22
272.22
272.22
272.22
369.63
365.50
365.50
492.22
492.22
463.44
358.07
358.07
320.03
320.03
320.03
415.19
465.07
505.25
505.25
438.26
438.26
464.54
464.54
464.54
334.73
334.73
298.38
298.38
298.38
185.29
185.29
206.61
206.61
206.61
267.03
267.03
267.03
422.79
305.98
366.54
366.54
274.64
242.03
314.49
314.49
245.18
245.18
245.18
267.90
267.90
153.27
241.47
241.47
339.45
339.45
371.99
371.99
371.99
371.99
371.99
371.99
320.18
320.18
467.57
269.68
269.68
196.22
394.22
410.07
410.07
463.67
385.45
385.45
385.45
150.42
392.33
392.33
392.33
415.42
415.42
418.41
354.75
354.75
354.75
354.75
271.80
271.80
299.37
299.37
299.37
299.37
299.37
348.08
354.08
354.08
354.08
394.91
394.91
300.30
328.90
328.90
292.94
292.94
292.94
292.94
292.94
292.94
458.77
458.77
388.26
388.26
388.26
282.82
282.82
282.82
237.73
482.53
530.28
506.85
506.85
462.31
462.31
462.31
258.68
258.68
253.90
253.90
379.45
379.45
379.45
392.89
392.89
243.91
243.91
333.65
333.65
333.65
168.27
168.27
290.77
290.77
346.66
346.66
339.71
339.71
339.71
237.28
237.28
257.58
435.61
552.26
438.16
375.32
375.32
732.20
343.81
798.04
386.91
762.40
762.40
745.07
792.95
792.95
759.00
759.00
430.72
430.72
304.22
304.22
794.00
794.00
487.52
487.52
380.58
380.58
389.87
389.87
531.01
531.01
392.66
392.66
644.94
644.94
829.24
829.24
510.75
510.75
211.33
211.33
671.82
671.82
431.46
431.46
445.68
445.68
795.49
795.49
346.24
346.24
601.50
601.50
768.81
768.81
373.10
373.10
446.86
446.86
825.35
825.35
10.00
10.00
10.00
669.05
669.05
469.96
469.96
469.96
746.61
746.61
653.41
653.41
653.41
653.41
356.04
356.04
828.56
828.56
319.75
319.75
499.46
499.46
626.76
365.45
365.45
812.00
580.01
830.01
830.01
337.20
764.64
764.64
513.54
513.54
807.12
807.12
826.20
826.20
554.08
554.08
704.87
704.87
440.46
440.46
462.12
462.12
790.84
790.84
402.23
402.23
598.32
598.32
457.72
457.72
576.51
576.51
833.14
833.14
285.45
285.45
298.05
298.05
514.31
514.31
441.00
441.00
479.23
479.23
774.80
774.80
837.73
837.73
457.44
457.44
300.72
300.72
662.66
662.66
597.29
597.29
425.51
425.51
419.59
419.59
719.50
719.50
719.50
442.05
442.05
447.79
447.79
447.79
384.73
434.89
434.89
361.82
361.82
361.82
492.97
492.97
492.97
462.23
475.45
475.45
442.57
442.57
442.57
442.57
530.79
530.79
530.79
510.63
510.63
558.83
355.43
355.43
497.59
497.59
497.59
497.59
286.25
286.25
360.13
360.13
360.13
301.93
367.55
367.55
367.55
352.91
352.91
352.91
234.31
234.31
309.67
285.63
285.63
194.48
204.41
274.53
274.53
296.25
296.25
220.49
220.49
296.35
296.35
264.61
264.61
350.36
350.36
350.36
131.98
131.98
359.21
359.21
268.13
268.13
180.40
307.33
307.33
307.33
138.00
138.00
333.00
333.00
358.37
358.37
317.22
217.02
217.02
217.02
315.36
315.36
150.78
150.78
188.45
261.61
261.61
374.41
374.41
322.96
322.96
322.96
332.08
332.08
235.76
235.76
347.74
347.74
448.11
448.11
240.10
240.10
416.59
416.59
416.59
416.59
347.05
347.05
290.99
464.13
420.73
403.98
403.98
403.15
464.43
291.44
293.97
310.64
269.26
269.26
269.26
269.26
269.26
248.86
248.86
461.71
461.71
507.33
507.33
514.88
514.88
514.88
406.65
406.65
406.65
406.65
419.84
393.63
335.61
450.56
450.56
450.56
510.13
510.13
510.13
510.13
476.74
476.74
486.80
486.80
564.43
564.43
589.45
449.46
449.46
545.94
545.94
296.57
296.57
288.45
572.23
572.23
572.23
259.05
314.93
314.93
473.98
473.98
326.40
326.40
538.77
538.77
538.77
493.15
561.86
561.86
397.30
397.30
569.34
552.27
552.27
554.21
554.21
408.08
408.08
603.37
552.72
552.72
549.91
549.91
490.14
490.14
529.73
529.73
502.13
502.13
386.32
386.32
369.00
369.00
369.00
279.51
279.51
315.30
395.91
395.91
446.43
513.22
513.22
508.45
551.19
551.19
321.02
321.02
285.26
285.26
472.45
472.45
342.23
342.23
511.66
511.66
500.19
500.19
500.19
240.56
240.56
510.81
510.81
505.00
324.51
324.51
254.00
254.00
302.02
302.02
383.97
383.97
438.29
438.29
353.38
353.38
353.38
111.41
111.41
111.41
303.84
303.84
328.99
328.99
326.87
326.87
275.17
275.17
275.17
232.34
232.34
375.20
375.20
375.20
274.17
274.17
341.24
300.73
300.73
331.35
331.35
331.35
300.05
300.05
322.79
322.79
246.12
246.12
246.12
431.89
431.89
304.33
304.33
304.33
304.33
331.81
331.81
239.93
239.93
397.65
397.65
357.51
357.51
275.80
303.25
303.25
268.98
268.98
279.49
226.77
226.77
286.08
286.08
258.19
258.19
151.60
272.19
272.19
536.56
575.37
575.37
728.35
278.75
278.75
278.75
278.75
347.15
347.15
833.43
833.43
667.35
667.35
635.07
635.07
539.98
539.98
539.98
568.83
568.83
568.83
619.02
826.83
826.83
525.52
326.32
326.32
490.47
746.92
830.26
710.27
710.27
785.08
785.08
825.01
825.01
825.01
825.01
737.37
737.37
802.90
802.90
426.06
773.68
773.68
773.68
773.68
446.22
446.22
805.38
805.38
451.36
451.36
487.77
487.77
281.96
281.96
791.15
791.15
791.15
791.15
827.31
827.31
800.85
800.85
313.85
313.85
807.53
399.41
399.41
828.46
828.46
828.46
828.46
153.23
153.23
153.23
764.55
764.55
764.55
764.55
699.94
699.94
699.94
467.83
610.63
610.63
829.80
829.80
838.86
544.92
544.92
544.92
844.79
844.79
882.67
823.31
823.31
831.93
704.73
704.73
779.46
779.46
779.46
802.92
463.57
463.57
830.12
830.12
423.68
371.62
353.13
353.13
829.00
829.00
755.72
455.35
455.35
518.03
790.89
790.89
604.40
604.40
405.12
405.12
324.69
324.69
830.21
830.21
630.68
630.68
805.95
805.95
733.55
733.55
733.55
733.55
309.78
309.78
296.87
834.45
834.45
826.28
826.28
826.28
826.28
787.00
787.00
570.33
570.33
781.91
339.67
339.67
339.67
626.99
626.99
495.46
650.00
650.00
560.12
560.12
654.14
654.14
770.45
770.45
621.46
621.46
621.46
419.14
320.41
320.41
730.80
730.80
643.79
643.79
775.20
775.20
775.20
775.20
30.48
744.90
744.90
744.90
48.05
48.05
360.81
708.28
708.28
708.28
708.28
377.24
377.24
589.62
589.62
589.62
739.54
739.54
739.54
599.10
599.10
599.10
599.10
762.06
762.06
366.25
366.25
366.25
619.18
619.18
720.08
720.08
720.08
333.82
588.14
588.14
290.60
759.46
759.46
759.46
789.48
708.45
708.45
268.76
268.76
308.22
750.80
750.80
387.25
387.25
779.26
779.26
353.26
353.26
421.59
421.59
631.02
751.21
751.21
531.39
290.19
290.19
569.84
569.84
569.84
625.32
625.32
650.87
624.15
366.71
366.71
730.98
730.98
14.13
867.09
867.09
627.65
737.57
737.57
516.78
323.09
323.09
730.49
730.49
755.33
755.33
755.33
268.52
268.52
620.39
620.39
706.11
706.11
706.11
330.33
330.33
330.33
330.33
778.61
778.61
750.14
750.14
750.14
773.25
773.25
363.21
363.21
363.21
363.21
786.67
786.67
763.52
762.45
754.44
754.44
754.44
458.92
444.29
444.29
364.32
783.29
383.74
383.74
298.87
499.07
499.07
563.83
563.83
696.89
765.18
765.18
356.39
356.39
399.53
399.53
399.53
399.53
399.53
399.53
399.53
679.63
679.63
340.46
340.46
402.61
402.61
682.09
682.09
682.09
682.09
396.15
396.15
435.23
435.23
698.66
720.85
720.85
720.85
720.85
338.76
338.76
338.76
539.90
539.90
795.80
795.80
768.17
738.48
738.48
660.71
679.83
679.83
679.83
437.40
756.79
756.79
592.25
592.25
708.49
679.89
550.29
550.29
764.84
764.84
771.22
702.13
749.63
749.63
399.12
677.15
677.15
289.12
466.27
466.27
305.56
305.56
305.56
565.48
565.48
462.43
587.65
587.65
567.92
567.92
783.85
783.85
783.85
295.30
759.96
759.96
759.96
300.84
427.17
427.17
510.24
510.24
510.24
573.14
573.14
691.98
691.98
384.96
384.71
384.71
403.56
403.56
639.50
639.50
639.50
282.07
282.07
646.46
603.14
603.14
603.14
603.14
740.73
740.73
740.73
740.73
682.19
682.19
682.19
682.19
760.62
760.62
443.33
443.33
524.65
524.65
524.65
684.36
684.36
623.49
623.49
765.31
765.31
742.43
742.43
742.43
138.28
736.16
736.16
327.11
327.11
254.71
254.71
254.71
738.09
738.09
558.19
558.19
303.95
303.95
409.49
409.49
409.49
628.40
357.13
357.13
733.88
733.88
616.99
616.99
423.67
423.67
768.22
343.02
685.62
763.66
319.21
319.21
712.45
712.45
562.68
786.93
786.93
483.69
483.69
363.88
363.88
697.36
697.36
722.16
722.16
559.04
559.04
797.80
797.80
366.72
660.92
660.92
712.47
712.47
708.86
494.59
494.59
279.14
279.14
474.95
583.66
583.66
767.87
767.87
742.64
742.64
742.64
399.49
399.49
412.11
742.35
742.35
482.82
482.82
482.82
482.82
667.07
667.07
667.07
667.07
554.86
554.86
554.86
554.86
554.86
706.72
706.72
736.33
736.33
316.57
316.57
274.41
274.41
274.41
274.41
631.57
631.57
314.75
512.26
512.26
449.09
792.78
597.60
597.60
406.24
689.42
689.42
689.42
622.20
759.22
759.22
362.90
767.79
767.79
767.79
712.21
712.21
712.21
608.97
608.97
608.97
384.96
384.96
642.83
642.83
300.21
737.04
737.04
550.44
550.44
550.44
550.44
722.34
722.34
722.34
708.46
708.46
398.50
398.50
713.90
713.90
713.90
773.58
773.58
658.66
658.66
266.92
266.92
266.92
305.77
305.77
305.77
558.50
558.50
756.50
780.47
780.47
780.47
399.98
291.07
291.07
324.48
324.48
222.93
526.62
526.62
344.23
343.12
343.12
731.55
746.84
746.84
746.84
473.63
473.63
340.44
340.44
340.44
458.31
458.31
756.96
756.96
355.99
246.86
246.86
246.86
773.92
763.16
763.16
322.26
740.30
520.89
520.89
297.67
297.67
442.53
442.53
442.53
765.12
765.12
281.75
746.43
746.43
348.41
442.18
333.99
333.99
339.66
339.66
689.48
689.48
725.06
725.06
655.95
655.95
789.90
789.90
768.95
768.95
584.28
584.28
477.83
477.83
764.47
764.47
328.24
328.24
328.24
465.87
465.87
465.87
465.87
674.93
674.93
425.70
425.70
425.70
710.01
710.01
759.08
759.08
304.58
304.58
304.58
285.81
285.81
285.81
307.97
307.97
783.15
783.15
785.42
787.91
776.80
776.80
681.19
581.23
725.59
300.97
300.97
742.58
742.58
475.83
717.19
717.19
717.19
758.04
758.04
758.04
377.19
377.19
377.19
463.34
463.34
463.34
117.34
327.15
327.15
520.64
520.64
409.37
409.37
409.37
300.07
300.07
612.14
612.14
612.14
612.14
612.14
612.14
429.61
429.61
625.84
625.84
584.08
584.08
447.52
447.52
547.88
547.88
462.20
462.20
717.60
717.60
789.38
789.38
409.45
409.45
723.74
723.74
398.24
398.24
398.24
564.04
774.85
774.85
698.49
698.49
364.12
364.12
276.13
364.46
556.68
556.68
549.76
549.76
322.78
322.78
400.65
474.73
312.77
312.77
342.48
342.48
10.00
10.00
546.59
522.47
635.18
635.18
469.72
469.72
759.31
759.31
759.31
565.50
565.50
565.50
565.50
421.45
421.45
421.45
725.69
725.69
725.69
309.80
309.80
309.80
762.87
762.87
762.87
762.87
453.06
333.90
333.90
333.90
333.90
375.01
375.01
720.22
781.39
755.63
771.21
356.03
388.37
388.37
388.37
388.37
388.37
462.40
462.40
462.40
462.40
415.77
415.77
409.17
409.17
633.43
633.43
633.52
633.52
548.48
699.66
699.66
386.09
386.09
734.57
734.57
734.57
264.06
264.06
380.90
682.88
682.88
682.88
410.15
410.15
387.84
534.74
534.74
714.58
714.58
778.97
778.97
541.04
541.04
746.76
746.76
421.26
421.26
325.27
325.27
706.35
706.35
786.04
786.04
363.79
363.79
363.79
721.10
721.10
220.78
220.78
506.91
766.89
766.89
329.61
329.61
335.29
777.51
713.15
776.83
776.83
755.77
755.77
724.32
767.05
767.05
676.50
676.50
753.20
659.32
379.47
379.47
702.66
702.66
689.90
689.90
689.90
689.90
689.90
689.90
604.68
604.68
10.00
409.62
653.38
653.38
297.80
297.80
478.20
478.20
310.13
310.13
716.75
716.75
396.89
396.89
328.83
328.83
466.86
466.86
334.51
334.51
584.73
584.73
281.72
281.72
290.51
290.51
516.29
516.29
797.00
797.00
797.00
358.31
358.31
358.31
639.61
469.50
336.09
336.09
765.76
765.76
784.15
784.15
765.49
765.49
600.35
600.35
115.96
115.96
763.00
763.00
285.81
285.81
753.09
753.09
778.51
778.51
766.05
766.05
610.76
610.76
479.01
479.01
755.10
755.10
704.75
704.75
435.77
435.77
711.62
711.62
306.63
306.63
677.62
677.62
677.62
437.22
437.22
437.22
515.94
515.94
736.58
736.58
368.97
368.97
368.97
575.84
575.84
575.84
498.12
318.25
318.25
764.84
764.84
764.84
764.84
770.74
770.74
770.74
770.74
650.46
650.46
650.46
755.62
552.48
600.26
782.60
723.20
723.20
536.11
373.31
373.31
542.70
542.70
764.45
764.45
497.65
497.65
758.02
758.02
758.02
750.31
750.31
750.31
152.12
152.12
272.69
272.69
272.69
272.69
794.40
794.40
794.40
56.25
56.25
365.64
365.64
364.22
364.22
364.22
738.47
738.47
346.70
346.70
305.00
305.00
572.41
734.34
734.34
344.13
325.18
781.82
781.82
791.72
782.06
683.52
762.40
784.70
754.87
607.29
607.29
351.78
351.78
611.94
611.94
337.86
337.86
279.28
279.28
700.77
700.77
409.27
409.27
409.27
752.39
735.08
735.08
735.08
735.08
307.79
307.79
729.15
729.15
79.52
79.52
301.41
301.41
341.14
732.99
732.99
376.90
298.09
298.09
461.70
461.70
356.56
356.56
246.85
246.85
720.27
720.27
350.14
350.14
350.14
350.14
738.05
738.05
328.75
328.75
347.25
671.53
671.53
652.52
497.83
497.83
497.83
353.08
353.08
353.08
353.08
756.21
756.21
756.21
718.89
718.89
718.89
718.89
716.16
716.16
716.16
319.78
319.78
402.01
402.01
750.85
411.98
411.98
728.80
384.95
384.95
369.58
369.58
311.88
244.03
769.97
396.88
424.18
671.15
671.15
474.35
474.35
474.35
724.65
724.65
765.73
765.73
311.04
311.04
315.33
113.19
113.19
757.25
757.25
757.25
325.94
325.94
206.72
499.05
499.05
419.10
419.10
765.42
765.42
698.94
698.94
760.40
760.40
769.48
769.48
399.20
399.20
640.91
640.91
394.81
394.81
394.81
655.09
308.32
308.32
308.32
308.32
759.64
759.64
323.71
323.71
323.71
404.00
362.14
362.14
621.58
621.58
762.99
762.99
804.29
804.29
804.29
471.55
766.99
766.99
789.40
789.40
759.05
759.05
667.93
667.93
667.93
667.93
380.42
380.42
326.40
326.40
326.40
782.50
782.50
343.43
397.45
397.45
397.45
397.45
624.18
624.18
624.18
701.43
701.43
701.43
660.77
660.77
359.69
578.11
578.11
578.11
702.24
702.24
621.51
739.34
739.34
739.34
739.34
312.59
312.59
312.59
391.98
696.60
325.04
325.04
298.20
298.20
298.20
298.20
724.79
313.38
492.17
492.17
700.96
700.96
700.96
700.96
99.18
99.18
639.51
639.51
639.51
639.51
720.84
711.96
711.96
711.96
763.06
763.06
763.06
622.63
622.63
478.23
478.23
323.10
323.10
302.29
302.29
739.06
325.82
325.82
325.39
325.39
325.39
765.22
756.80
756.80
776.39
776.39
776.39
711.71
746.93
779.46
779.46
709.32
709.32
709.32
764.31
764.31
295.74
295.74
295.74
295.74
295.74
601.82
704.88
704.88
623.98
687.94
687.94
682.94
682.94
706.78
706.78
295.29
295.29
753.86
753.86
753.86
343.87
343.87
343.87
596.66
596.66
426.39
426.39
310.97
310.97
675.29
759.16
759.16
750.37
750.37
783.85
701.49
701.49
701.49
701.49
378.67
571.83
571.83
613.32
654.22
654.22
302.40
503.49
503.49
503.49
710.65
710.65
371.68
371.68
411.20
489.19
489.19
489.19
796.49
796.49
350.74
590.97
590.97
399.00
399.00
762.21
762.21
762.21
302.66
457.07
457.07
550.22
550.22
416.77
416.77
755.91
627.07
418.47
364.56
300.72
300.72
794.74
794.74
794.74
306.22
306.22
777.18
759.14
759.14
386.79
386.79
386.79
386.79
617.96
617.96
617.96
617.96
278.62
278.62
278.62
787.31
787.31
466.69
466.69
466.69
424.86
424.86
290.63
290.63
719.57
719.57
750.65
750.65
750.65
750.65
696.73
696.73
789.47
712.72
712.72
605.65
605.65
749.53
749.53
749.53
783.97
783.97
398.34
588.58
588.58
665.41
665.41
783.49
801.31
801.31
378.93
378.93
378.93
751.25
751.25
746.87
746.87
566.02
433.65
433.65
313.02
313.02
648.73
648.73
648.73
481.74
481.74
789.69
506.46
506.46
506.46
90.45
508.87
508.87
508.87
508.87
508.87
411.26
490.63
490.63
704.30
704.30
704.30
312.41
312.41
498.06
498.06
594.32
594.32
749.64
647.92
647.92
673.55
673.55
673.55
673.55
667.76
775.77
775.77
775.77
397.55
397.55
397.55
762.03
311.03
311.03
311.03
317.79
317.79
405.03
405.03
405.03
378.79
378.79
476.55
476.55
750.65
750.65
750.65
768.57
768.57
612.82
612.82
700.88
567.05
567.05
765.94
765.94
765.94
364.60
364.60
414.76
414.76
317.41
400.21
400.21
765.96
765.96
765.96
559.24
559.24
435.24
435.24
239.24
239.24
766.59
766.59
442.98
442.98
751.65
751.65
680.50
680.50
398.77
398.77
398.77
703.37
741.15
741.15
741.15
741.15
292.21
177.29
177.29
177.29
177.29
749.62
606.75
287.41
287.41
287.41
746.50
746.50
753.33
753.33
729.39
729.39
729.39
786.06
788.51
10.00
769.53
769.53
737.25
737.25
580.57
580.57
788.55
788.55
613.32
613.32
595.58
595.58
660.28
660.28
660.28
462.32
462.32
462.32
462.32
462.32
475.19
475.19
475.19
475.19
383.56
383.56
383.56
762.35
762.35
363.62
363.62
363.62
324.05
324.05
715.21
768.67
458.10
458.10
458.10
458.10
325.20
325.20
325.20
758.13
758.13
672.29
672.29
672.29
721.89
721.89
277.27
277.27
277.27
785.50
785.50
409.80
409.80
560.81
560.81
560.81
375.40
375.40
404.58
404.58
758.52
766.90
766.90
278.16
278.16
800.04
767.26
767.26
456.37
779.25
779.25
549.87
549.87
752.93
752.93
440.57
440.57
440.57
775.40
775.40
290.74
290.74
290.74
774.77
774.77
330.60
330.60
330.60
782.93
754.30
754.30
648.47
648.47
648.47
488.16
488.16
380.52
380.52
774.67
774.67
737.45
517.49
517.49
560.90
560.90
771.23
771.23
622.12
715.89
715.89
715.89
715.89
715.89
430.88
430.88
740.51
740.51
312.78
312.78
396.97
396.97
375.03
247.94
794.84
794.84
750.86
750.86
763.83
763.83
608.60
608.60
753.39
753.39
617.97
631.03
631.03
631.03
257.63
257.63
257.63
10.00
730.72
751.34
751.34
384.93
762.87
762.87
760.12
760.12
760.12
760.12
596.52
596.52
596.52
660.87
660.87
403.24
403.24
429.07
429.07
429.07
313.29
313.29
537.99
537.99
681.50
681.50
759.50
759.50
733.27
754.82
754.82
755.72
755.72
666.77
666.77
462.11
462.11
592.85
592.85
592.85
511.18
718.07
713.50
713.50
328.75
328.75
629.97
422.52
422.52
483.45
483.45
396.29
396.29
541.83
541.83
722.77
722.77
322.35
322.35
653.86
653.86
318.94
318.94
318.94
644.23
644.23
644.23
773.36
137.39
137.39
272.88
272.88
272.88
396.93
333.11
333.11
574.48
794.24
794.24
794.24
474.03
474.03
474.03
382.89
382.89
334.86
334.86
464.27
464.27
300.89
300.89
300.89
269.13
269.13
599.47
599.47
599.47
754.13
754.13
764.67
764.67
587.59
587.59
767.74
767.74
767.74
767.74
327.92
356.35
473.53
473.53
316.60
690.35
371.52
371.52
323.47
323.47
282.70
745.07
745.07
616.56
616.56
520.02
520.02
753.96
753.96
753.96
464.67
464.67
464.67
413.78
757.99
757.99
477.71
782.07
782.07
754.77
754.77
754.77
796.71
796.71
387.95
387.95
36.03
36.03
36.03
660.96
660.96
660.96
690.31
690.31
461.70
461.70
633.85
753.35
715.46
715.46
715.46
715.46
731.21
731.21
306.47
306.47
707.78
707.78
557.31
557.31
557.31
726.56
726.56
726.56
271.76
271.76
821.07
821.07
371.74
371.74
371.74
303.64
303.64
303.64
737.22
737.22
737.22
737.22
809.87
461.75
461.75
725.35
365.98
365.98
424.42
424.42
373.33
373.33
824.64
824.64
325.11
325.11
325.11
817.76
817.76
817.76
724.42
724.42
724.42
447.93
809.93
592.74
795.12
578.82
578.82
578.82
411.94
411.94
767.32
388.07
388.07
388.07
388.07
837.83
838.24
838.24
438.76
438.76
418.28
418.28
610.39
610.39
610.39
801.12
843.98
767.86
767.86
767.86
452.24
452.24
305.93
824.25
831.11
769.21
778.81
778.81
583.95
583.95
583.95
634.25
634.25
634.25
306.64
306.64
816.29
816.29
314.84
434.20
393.48
393.48
807.95
807.95
831.46
831.46
723.54
723.54
723.54
407.31
816.29
816.29
300.34
300.34
811.53
811.53
832.64
832.64
644.76
644.76
644.76
295.21
791.95
791.95
804.03
804.03
804.03
323.28
323.28
346.73
346.73
346.73
346.73
386.76
386.76
386.76
386.76
442.07
442.07
394.48
458.31
458.31
828.24
755.49
818.43
828.91
828.91
763.74
836.65
836.65
828.25
828.25
828.25
828.25
415.23
415.23
506.95
506.95
506.95
839.02
479.84
479.84
520.52
520.52
759.67
759.67
79.79
79.79
495.91
495.91
325.61
325.61
302.75
302.75
623.58
623.58
734.73
734.73
817.87
817.87
817.87
817.87
593.54
593.54
810.45
810.45
737.66
737.66
737.66
648.86
794.18
794.18
281.71
281.71
794.85
794.85
794.85
794.85
377.59
377.59
403.15
403.15
498.27
498.27
413.56
413.56
349.51
349.51
373.19
373.19
373.19
307.11
307.11
315.93
315.93
359.32
399.25
399.25
406.61
406.61
379.39
379.39
362.54
362.54
272.59
272.59
369.94
369.94
369.94
283.96
283.96
283.96
283.96
283.96
418.59
418.59
418.59
287.59
287.59
415.38
232.88
232.88
232.88
319.86
443.09
401.90
263.20
263.20
263.20
332.13
332.13
332.13
252.47
355.82
355.82
533.54
445.93
445.93
217.64
217.64
299.88
299.88
540.40
540.40
439.12
439.12
349.78
349.78
349.78
314.55
314.55
314.55
413.73
413.73
496.26
496.26
555.43
471.35
471.35
280.42
280.42
280.42
280.42
280.42
277.95
277.95
277.95
277.95
213.87
213.87
347.78
353.43
353.43
363.99
363.99
363.99
363.99
363.99
363.99
363.99
344.62
344.62
457.17
274.15
274.15
493.56
166.09
166.09
323.27
401.68
401.22
401.22
401.22
401.22
401.22
401.22
382.57
382.57
382.57
131.40
454.23
454.23
454.23
350.17
377.75
479.09
373.69
373.69
343.74
343.74
479.51
479.51
370.71
370.71
370.71
185.88
185.88
379.54
379.54
271.67
271.67
632.70
632.70
439.13
439.13
439.13
406.78
403.12
403.12
403.12
365.38
365.38
365.38
347.00
347.00
347.00
386.30
386.30
216.35
375.43
224.85
224.85
542.76
542.76
454.62
454.62
454.85
411.06
411.06
411.06
380.02
347.74
347.74
347.74
314.86
314.86
407.26
407.26
427.08
427.08
197.61
197.61
197.61
296.21
296.21
349.51
431.47
431.47
431.47
279.13
279.13
367.98
367.98
293.64
293.64
427.66
427.66
427.66
255.04
255.04
255.04
277.23
277.23
226.56
224.43
224.43
212.76
212.76
206.31
206.31
326.09
326.09
315.45
315.45
350.92
350.92
350.92
136.18
136.18
408.42
408.42
216.06
258.36
341.90
341.90
364.31
364.31
370.02
370.02
201.95
201.95
439.17
439.17
262.67
262.67
273.99
273.99
456.78
456.78
468.95
468.95
254.63
254.63
493.66
493.66
349.64
309.72
309.72
171.67
171.67
171.67
276.33
276.33
322.00
322.00
445.13
445.13
430.23
430.23
430.23
321.23
321.23
349.95
349.95
189.60
189.60
416.54
416.54
263.60
263.60
496.05
496.05
472.83
453.84
453.84
285.97
285.97
291.57
434.18
434.18
259.90
259.90
259.90
245.92
245.92
497.72
497.72
181.64
181.64
181.64
494.71
494.71
528.01
528.01
484.56
484.56
264.94
264.94
349.28
349.28
393.56
393.56
483.75
483.75
483.75
549.16
549.16
561.02
561.02
286.04
286.04
473.79
568.30
710.23
710.23
365.40
365.40
472.94
710.03
710.03
289.19
289.19
763.31
763.31
350.56
350.56
688.19
688.19
593.65
830.60
830.60
494.47
330.05
330.05
330.05
330.05
330.05
330.05
787.50
787.50
787.50
787.50
515.06
515.06
719.92
816.30
832.99
832.99
532.67
835.85
835.85
831.81
831.81
737.34
737.34
807.72
807.72
815.22
815.22
442.18
442.18
346.70
457.29
457.29
523.00
523.00
834.86
834.86
831.28
831.28
505.55
609.12
609.12
802.56
802.56
562.30
562.30
562.30
515.47
515.47
796.86
796.86
771.24
771.24
823.38
823.38
488.73
488.73
444.92
444.92
444.92
444.92
444.92
315.88
315.88
432.94
432.94
432.94
288.69
461.90
461.90
299.70
400.46
400.46
332.11
240.41
240.41
240.41
237.25
237.25
237.25
308.63
308.63
308.63
216.93
296.92
296.92
452.39
452.39
291.42
291.42
207.55
323.67
323.67
263.58
263.58
397.54
463.11
463.11
452.99
452.99
237.74
237.74
237.74
219.82
219.82
372.06
366.72
255.45
255.45
419.32
419.32
419.32
442.69
442.69
442.69
282.09
282.09
299.04
299.04
299.04
273.32
207.07
207.07
273.94
273.94
533.59
533.59
294.36
294.36
612.96
612.96
294.90
666.26
666.26
623.79
623.79
592.95
592.95
592.95
567.67
567.67
567.67
567.67
394.75
394.75
326.93
326.93
159.79
159.79
691.61
691.61
649.57
797.04
352.75
352.75
549.44
549.44
503.99
659.80
659.80
267.92
267.92
401.13
401.13
401.13
409.20
409.20
409.20
255.05
255.05
255.05
622.38
622.38
288.87
640.12
461.57
458.07
839.78
466.56
466.56
438.03
438.03
836.26
836.26
465.58
465.58
492.61
492.61
256.41
256.41
696.70
696.70
660.04
660.04
330.89
330.89
330.89
330.89
333.41
333.41
333.41
296.82
296.82
789.25
462.54
462.54
462.54
755.11
755.11
805.92
805.92
805.92
728.93
728.93
643.00
643.00
643.00
738.61
670.42
670.42
670.42
767.78
781.15
781.15
781.15
314.70
404.66
404.66
834.23
834.23
562.38
562.38
825.26
825.26
582.27
582.27
460.20
460.20
726.21
726.21
322.16
322.16
709.83
709.83
709.83
454.45
454.45
839.82
839.82
687.17
687.17
687.17
825.77
825.77
825.77
393.86
393.86
731.26
731.26
827.35
827.35
827.35
827.35
434.21
434.21
445.20
445.20
153.24
309.66
309.66
812.73
471.40
471.40
473.86
477.83
477.83
477.83
385.90
710.11
710.11
710.11
710.11
521.99
521.99
441.60
290.58
250.90
250.90
692.52
692.52
692.52
630.95
630.95
760.38
760.38
242.00
242.00
242.00
242.00
242.00
655.66
530.61
530.61
530.61
530.61
408.28
408.28
408.28
408.28
408.28
511.92
511.92
472.12
488.94
488.94
488.94
500.85
500.85
532.87
532.87
225.11
225.11
523.00
523.00
523.00
754.23
754.23
386.88
386.88
386.88
352.17
352.17
541.44
571.42
571.42
571.42
571.42
481.54
622.97
682.38
682.38
353.66
353.66
489.62
489.62
432.01
432.01
585.51
585.51
585.51
454.66
454.66
454.66
371.55
691.23
691.23
315.46
315.46
393.95
393.95
247.95
247.95
262.28
262.28
463.80
436.49
620.71
620.71
620.71
492.84
492.84
492.84
523.64
713.67
713.67
354.92
354.92
538.99
538.99
604.76
604.76
291.56
291.56
291.56
291.56
421.32
421.32
419.66
419.66
582.11
582.11
473.55
473.55
367.20
367.20
214.79
214.79
343.03
343.03
556.80
689.43
689.43
426.69
426.69
451.90
451.90
451.90
382.86
382.86
561.86
561.86
473.12
473.12
398.47
398.47
649.98
649.98
443.13
443.13
475.90
475.90
573.29
573.29
521.13
313.25
313.25
313.25
401.10
401.10
444.59
444.59
464.24
464.24
464.24
300.16
143.82
143.82
416.69
352.74
352.74
352.74
323.14
466.92
466.92
479.78
285.33
285.33
371.47
371.47
371.47
355.54
355.54
817.02
817.02
821.55
247.91
247.91
824.83
813.69
813.69
436.49
436.49
767.21
767.21
812.31
561.08
561.08
838.42
838.42
858.93
858.93
858.93
399.64
399.64
291.80
291.80
712.11
712.11
835.44
835.44
835.44
810.41
810.41
810.41
810.41
832.99
832.99
398.51
353.85
353.85
244.66
506.75
506.75
506.75
442.11
598.80
598.80
831.78
831.78
546.69
546.69
449.20
449.20
449.20
292.75
292.75
424.56
424.56
315.75
551.99
551.99
702.11
702.11
818.71
818.71
818.71
818.71
355.69
355.69
319.19
319.19
705.17
797.49
797.49
750.29
750.29
750.29
568.66
834.34
834.34
766.15
766.15
658.99
658.99
658.99
833.75
833.75
814.30
604.12
604.12
604.12
795.85
795.85
400.85
400.85
400.85
413.97
413.97
811.87
828.02
828.02
445.33
341.47
341.47
717.03
717.03
717.03
821.01
821.01
821.01
786.53
786.53
724.03
589.83
812.05
812.05
812.05
812.05
843.50
843.50
842.92
842.92
842.92
804.10
804.10
360.84
360.84
360.84
92.64
92.64
433.05
433.05
563.16
563.16
382.43
652.77
652.77
352.27
352.27
534.27
534.27
528.63
528.63
539.68
506.84
506.84
585.26
585.26
585.04
673.00
644.33
644.33
808.68
808.68
818.38
818.38
834.53
834.53
799.05
799.05
662.24
728.30
728.30
620.28
620.28
546.02
755.54
755.54
822.77
822.77
668.13
668.13
484.46
484.46
803.18
825.73
825.73
827.26
827.26
295.75
295.75
290.55
290.55
290.55
290.55
543.48
822.39
822.39
822.39
822.39
794.70
794.70
743.52
800.03
824.31
824.31
830.30
362.30
362.30
812.80
812.80
598.20
598.20
598.20
803.16
803.16
803.16
821.45
821.45
821.45
710.41
710.41
710.41
846.25
846.25
824.42
824.42
452.16
452.16
10.00
10.00
10.00
10.00
493.12
608.43
470.38
647.50
647.50
823.49
823.49
792.07
792.07
817.89
817.89
631.94
631.94
797.94
797.94
797.94
791.21
791.21
791.21
363.60
444.72
649.29
649.29
649.29
516.14
516.14
516.14
541.05
541.05
541.05
740.97
494.06
494.06
494.06
494.06
828.73
828.73
696.75
696.75
696.75
696.75
340.69
340.69
591.44
591.44
831.67
831.67
667.89
667.89
782.66
782.66
406.92
406.92
799.82
799.82
774.28
774.28
587.37
587.37
353.70
353.70
353.70
415.51
305.06
305.06
782.65
782.65
781.78
781.78
188.65
188.65
568.75
568.75
799.08
799.08
320.13
320.13
304.66
304.66
823.32
823.32
329.22
329.22
428.60
428.60
831.89
831.89
499.49
499.49
521.11
521.11
508.82
508.82
508.82
508.82
834.12
834.12
834.12
834.12
829.33
829.33
966.34
966.34
599.26
599.26
471.80
471.80
781.09
781.09
781.09
799.03
832.07
832.07
789.11
789.11
524.37
524.37
776.77
776.77
299.49
299.49
834.86
834.86
834.86
834.86
834.20
834.20
359.88
359.88
359.88
781.62
672.82
672.82
672.82
672.82
824.32
318.78
318.78
501.06
501.06
501.06
334.28
334.28
334.28
612.33
612.33
612.33
820.92
820.92
837.11
837.11
823.84
823.84
345.63
345.63
345.63
345.63
592.83
592.83
831.94
316.05
316.05
349.77
349.77
349.77
349.77
770.45
770.45
770.45
357.57
270.22
270.22
314.99
314.99
400.54
786.39
786.39
746.50
746.50
830.08
837.28
333.22
442.40
442.40
334.50
334.50
716.60
592.96
592.96
426.85
652.36
652.36
541.84
837.46
837.46
801.46
801.46
813.35
813.35
813.35
498.86
498.86
821.69
821.69
821.69
821.69
301.05
301.05
452.91
675.73
675.73
675.73
675.73
447.24
447.24
447.24
447.24
448.53
448.53
415.73
415.73
791.60
791.60
827.46
763.12
763.12
824.45
824.45
821.05
821.05
821.05
828.22
799.49
799.49
799.49
410.85
410.85
410.85
126.82
126.82
126.82
818.39
462.89
462.89
462.89
500.57
500.57
829.10
829.10
380.96
380.96
682.84
607.78
607.78
360.81
360.81
549.37
549.37
648.85
648.85
444.75
444.75
340.73
385.37
385.37
497.92
497.92
817.19
817.19
817.19
368.98
368.98
368.98
608.58
608.58
608.58
807.27
803.95
803.95
795.44
836.02
836.02
375.26
553.60
553.60
371.63
371.63
715.12
715.12
808.51
799.92
799.92
824.90
824.90
826.23
826.23
826.23
519.86
519.86
519.86
378.44
378.44
378.44
435.71
435.71
357.69
292.35
292.35
556.74
556.74
319.43
755.14
755.14
383.28
383.28
333.58
333.58
406.86
406.86
406.86
675.60
750.91
750.91
831.09
831.09
770.64
770.64
747.04
747.04
830.66
830.66
830.66
639.76
639.76
837.71
837.71
431.54
332.19
332.19
355.12
355.12
831.06
831.06
201.66
201.66
612.98
373.32
373.32
387.68
387.68
264.04
623.53
623.53
623.53
345.16
345.16
345.16
284.68
284.68
284.68
827.06
827.06
827.06
768.46
547.87
638.38
638.38
823.05
765.07
765.07
741.91
741.91
768.48
768.48
424.23
424.23
490.35
490.35
344.88
344.88
576.02
804.98
804.98
804.98
663.80
663.80
816.59
767.46
767.46
337.77
337.77
325.62
325.62
670.97
670.97
441.83
441.83
460.92
460.92
294.11
294.11
827.12
827.12
834.47
834.47
633.61
633.61
633.61
633.61
502.99
502.99
502.99
418.62
418.62
450.18
541.82
541.82
146.70
146.70
623.13
834.57
834.57
474.63
474.63
499.38
828.14
828.14
845.76
845.76
845.76
428.86
428.86
428.86
331.84
331.84
331.84
164.28
164.28
839.46
824.38
824.38
587.58
769.28
769.28
814.55
814.55
814.55
342.15
342.15
426.57
426.57
426.57
363.93
363.93
780.60
780.60
614.40
493.16
493.16
493.16
682.79
682.79
301.05
301.05
531.63
531.63
531.63
373.24
580.31
580.31
580.31
580.31
750.86
750.86
456.20
456.20
456.20
456.20
442.62
442.62
354.90
354.90
354.90
354.90
652.38
652.38
350.09
350.09
369.96
369.96
369.96
369.96
791.17
791.17
798.12
798.12
798.12
798.12
446.82
446.82
797.96
797.96
305.94
305.94
305.94
305.94
781.47
781.47
781.47
781.47
651.61
651.61
654.69
654.69
654.69
588.46
588.46
439.85
439.85
439.85
371.68
371.68
371.68
268.44
268.44
194.17
194.17
816.03
823.59
247.58
247.58
410.65
410.65
832.14
831.08
455.06
455.06
455.06
422.20
422.20
611.37
611.37
327.47
271.85
271.85
774.39
774.39
650.40
746.53
746.53
353.87
353.87
568.66
568.66
568.66
10.00
370.16
558.88
558.88
814.07
814.07
534.58
534.58
468.74
326.66
326.66
752.74
752.74
752.74
596.90
596.90
596.90
488.98
488.98
488.98
488.98
358.13
358.13
527.98
527.98
288.51
288.51
630.48
630.48
328.43
328.43
578.50
578.50
268.52
478.33
478.33
478.33
617.88
617.88
617.88
617.88
617.88
245.63
260.80
260.80
260.80
378.68
439.06
147.64
418.64
418.64
418.64
418.64
418.64
713.62
713.62
713.62
384.95
384.95
324.67
324.67
324.67
233.40
233.40
233.40
55.89
55.89
475.49
475.49
552.85
297.32
319.15
524.22
524.22
524.22
264.54
264.54
379.68
379.68
211.11
556.54
556.54
556.54
305.71
305.71
305.71
262.82
262.82
262.82
423.25
423.25
10.00
676.18
676.18
343.71
343.71
523.17
261.63
261.63
261.63
261.63
66.87
66.87
66.87
66.87
263.23
336.47
433.91
433.91
432.12
470.14
470.14
470.14
422.02
580.40
580.40
530.41
530.41
59.80
59.80
481.41
481.41
648.74
648.74
631.14
631.14
616.88
616.88
83.63
83.63
614.24
614.24
148.77
148.77
612.00
612.00
644.35
644.35
629.42
589.46
589.46
589.46
537.96
537.96
336.21
336.21
336.21
336.21
110.03
110.03
314.79
314.79
460.37
460.37
487.92
487.92
536.85
536.85
352.89
352.89
490.20
490.20
437.67
437.67
437.67
478.76
598.20
598.20
639.48
542.70
637.27
637.27
546.76
546.76
573.03
573.03
524.96
524.96
547.14
547.14
591.44
591.44
552.52
552.52
552.52
552.52
442.65
442.65
10.00
10.00
422.49
422.49
431.17
431.17
528.12
562.46
492.90
492.90
538.89
538.89
538.89
446.18
446.18
462.20
462.20
489.11
489.11
489.11
492.15
492.15
350.91
350.91
470.62
470.62
481.32
481.32
345.88
345.88
345.88
475.25
299.29
299.29
279.14
279.14
396.21
396.21
390.97
390.97
462.00
462.00
392.44
392.44
375.21
375.21
424.07
424.07
443.04
429.56
429.56
394.06
394.06
394.06
413.80
413.80
275.08
275.08
396.74
396.74
430.71
430.71
172.03
172.03
172.03
284.59
284.59
284.59
107.61
107.61
107.61
317.03
317.03
287.37
287.37
153.11
153.11
143.58
143.58
143.58
143.58
15.03
15.03
117.36
117.36
117.36
174.40
174.40
174.40
10.00
40.26
59.29
59.29
70.64
70.64
70.64
70.64
70.64
70.64
70.64
70.64
70.64
70.64
70.64
70.64
70.64
70.64
70.64
10.00
10.00
10.00
10.00
10.00
10.00
10.00
10.00
10.00
10.00
10.00
10.00
10.00
10.00
10.00
10.00
10.00
10.00
10.00
10.00
10.00
10.00
10.00
10.00
10.00
10.00
10.00
10.00
10.00
10.00
10.00
10.00
10.00
26.98
26.98
17.59
