# 1Hz Kbps trace generated by import_real_world_traces.py
2283.35
1719.60
1895.75
2458.83
3977.99
925.61
925.61
3306.61
3306.61
3184.18
3184.18
3302.18
3302.18
3489.33
3489.33
3445.25
3445.25
3158.07
3158.07
2126.29
2126.29
3212.23
3212.23
3231.00
3231.00
45.38
45.38
2483.00
2483.00
2230.08
2230.08
3170.16
3170.16
3155.33
3155.33
2938.49
2938.49
3701.31
3701.31
2001.84
2001.84
3608.51
3608.51
3409.70
3409.70
3507.07
3507.07
2930.83
2930.83
10.00
10.00
10.00
535.07
535.07
10.00
3713.01
3713.01
3713.01
3416.41
3416.41
2368.19
2368.19
2840.48
2840.48
3065.15
3065.15
140.42
140.42
374.11
2112.04
2112.04
2112.04
2971.65
2971.65
2708.74
2708.74
3526.25
3526.25
3725.10
3725.10
3284.82
3284.82
188.42
188.42
4247.52
4247.52
3120.11
3120.11
1064.46
1064.46
3374.52
3374.52
23.56
1294.95
1294.95
1294.95
2591.32
2591.32
3251.42
3251.42
3430.75
3430.75
344.48
344.48
618.06
618.06
323.25
323.25
3659.11
3659.11
3405.78
3405.78
334.74
334.74
3149.61
3149.61
3257.06
3257.06
3235.06
3235.06
1554.65
1554.65
3461.84
3461.84
5034.66
5034.66
3405.70
3405.70
4224.19
4224.19
3544.57
3544.57
2657.98
2657.98
232.52
232.52
3414.05
3414.05
3572.13
3572.13
349.85
349.85
2860.30
2860.30
1056.52
1056.52
3299.38
3299.38
3931.83
3931.83
3257.44
3257.44
5319.43
5319.43
3397.88
3397.88
1935.48
1935.48
3403.34
3403.34
3478.12
3478.12
3439.91
3439.91
10.00
10.00
3010.75
3010.75
3401.13
3401.13
490.64
490.64
3489.40
3489.40
2535.45
2535.45
420.04
420.04
3742.11
3742.11
3308.66
3308.66
2805.84
2805.84
3209.45
3209.45
3121.22
3121.22
3185.64
3185.64
2724.19
2724.19
3122.70
3122.70
323.96
323.96
3059.31
3059.31
3247.16
3247.16
3169.14
3169.14
3513.35
3513.35
3671.55
3671.55
3469.57
3469.57
3257.51
3257.51
4007.13
4007.13
348.94
348.94
2948.21
2948.21
133.56
133.56
3195.35
3195.35
3016.81
3016.81
1146.81
1146.81
4078.10
4078.10
3554.58
3554.58
3566.70
3566.70
3451.08
3451.08
3214.48
3214.48
3651.24
3651.24
3146.01
3146.01
2781.74
2781.74
3390.82
3390.82
3366.19
3366.19
3334.43
3334.43
2741.60
2741.60
4615.28
4615.28
3331.94
3331.94
3495.50
3495.50
2775.04
2775.04
3447.23
3447.23
3572.72
3572.72
3631.88
3631.88
3712.67
3712.67
3122.89
3122.89
3510.89
3510.89
3359.33
3359.33
3499.66
3499.66
3334.60
3334.60
3435.24
3435.24
3490.96
3490.96
3378.39
3378.39
3411.22
3411.22
4939.58
4939.58
3688.80
3688.80
3426.34
3426.34
3189.69
3189.69
3339.82
3339.82
3394.87
3394.87
3147.31
3147.31
3089.15
3089.15
217.68
217.68
3423.40
3423.40
3417.27
3417.27
1081.94
1081.94
3546.69
3546.69
1208.51
1208.51
3894.55
3894.55
3509.86
3509.86
3466.15
3466.15
3462.28
3462.28
3352.89
3352.89
3330.52
3330.52
3682.14
3682.14
3673.99
3673.99
3553.41
3553.41
3428.10
3428.10
3458.29
3458.29
3421.20
3421.20
5244.09
5244.09
3536.52
3536.52
3476.59
3476.59
3232.28
3232.28
3232.28
3232.28
4879.70
4879.70
3146.20
3146.20
4021.14
4021.14
3028.78
3028.78
3580.31
3580.31
3260.82
3260.82
1193.61
1193.61
2482.27
2482.27
3443.13
3443.13
2955.51
2955.51
3717.94
3717.94
2745.66
2745.66
1135.88
1135.88
3371.65
3371.65
3630.19
3630.19
3364.79
3364.79
3558.63
3558.63
3745.82
3745.82
3481.67
3481.67
4000.51
4000.51
3689.11
3689.11
1945.90
1945.90
3325.32
3325.32
3583.66
3583.66
3507.87
3507.87
121.85
121.85
1419.20
1419.20
29.10
29.10
3562.72
3562.72
434.43
434.43
2719.18
2719.18
4771.02
4771.02
3400.90
3400.90
3342.01
3342.01
3394.15
3394.15
3234.09
3234.09
2853.34
2853.34
2553.19
2553.19
3191.96
3191.96
3593.39
3593.39
3577.99
3577.99
3445.20
3445.20
3388.79
3388.79
4854.47
4854.47
3534.24
3534.24
23.65
23.65
3267.35
3267.35
3306.91
3306.91
524.76
524.76
3494.26
3494.26
1445.13
1445.13
359.26
359.26
3405.80
3405.80
3527.69
3527.69
3409.15
3409.15
3166.20
3166.20
3852.88
3852.88
3506.59
3506.59
3113.52
3113.52
3067.09
3067.09
456.66
456.66
3597.95
3597.95
2503.80
2503.80
1902.49
1902.49
1370.69
1370.69
3665.39
3665.39
3411.09
3411.09
3072.24
3072.24
233.76
233.76
3341.97
3341.97
3026.58
3026.58
1035.01
1035.01
276.40
276.40
3047.41
3047.41
3858.74
3858.74
3060.24
3060.24
2789.45
2789.45
4624.89
4624.89
3461.08
3461.08
4021.51
4021.51
3390.69
3390.69
97.86
97.86
1376.31
1376.31
3553.45
3553.45
1687.90
1687.90
3413.82
3413.82
4467.18
4467.18
1894.84
1894.84
3584.20
3584.20
3521.20
3521.20
2095.90
2095.90
3636.74
3636.74
3358.36
3358.36
3445.10
3445.10
2794.16
2794.16
3036.79
3036.79
3344.26
3344.26
2124.26
2124.26
2566.25
2566.25
2559.85
2559.85
3707.53
3707.53
3643.67
3643.67
2881.98
2881.98
4241.93
4241.93
3268.34
3268.34
3125.34
3125.34
3418.84
3418.84
2087.17
2087.17
4059.91
4059.91
3411.40
3411.40
3561.64
3561.64
3264.03
3264.03
3355.44
3355.44
3338.22
3338.22
3515.12
3515.12
3155.65
3155.65
3565.12
3565.12
3271.10
3271.10
3292.29
3292.29
2914.05
2914.05
2639.11
2639.11
2253.57
2253.57
3037.47
3037.47
3191.04
3191.04
3584.41
3584.41
247.59
247.59
1428.18
1428.18
2974.42
2974.42
3474.62
3474.62
3605.12
3605.12
106.93
106.93
2070.65
2070.65
5031.51
5031.51
3356.94
3356.94
3009.47
3009.47
2218.84
2218.84
3510.41
3510.41
2292.25
2292.25
1297.88
1297.88
5056.09
5056.09
3470.06
3470.06
23.08
23.08
2126.92
2126.92
320.89
320.89
3043.90
3043.90
1774.61
1774.61
4611.97
4611.97
3363.71
3363.71
3240.51
3240.51
3281.06
3281.06
3711.92
3711.92
3289.65
3289.65
3488.86
3488.86
3544.97
3544.97
3185.60
3185.60
3460.10
3460.10
3589.71
3589.71
3559.76
3559.76
3799.67
3799.67
3170.89
3170.89
3084.64
3084.64
1836.05
1836.05
3437.32
3437.32
3479.35
3479.35
3387.78
3387.78
3487.44
3487.44
3482.09
3482.09
3594.21
3594.21
3679.50
3679.50
3421.57
3421.57
3388.43
3388.43
3398.16
3398.16
3019.55
3019.55
3479.81
3479.81
3543.15
3543.15
3191.44
3191.44
3324.88
3324.88
3169.79
3169.79
3588.65
3588.65
3269.39
3269.39
2927.49
2927.49
3337.38
3337.38
5420.77
5420.77
3541.40
3541.40
2001.56
2001.56
4802.93
4802.93
3451.29
3451.29
3402.17
3402.17
3601.86
3601.86
3724.51
3724.51
3450.72
3450.72
3631.95
3631.95
2757.46
2757.46
3318.41
3318.41
4522.65
4522.65
2780.76
2780.76
3361.79
3361.79
2778.07
2778.07
2656.66
2656.66
3716.42
3716.42
3330.97
3330.97
3480.25
3480.25
3201.36
3201.36
3741.08
3741.08
1804.58
1804.58
665.95
665.95
5087.99
5087.99
2907.66
2907.66
321.37
321.37
68.19
68.19
188.58
188.58
3358.80
3358.80
3032.11
3032.11
57.83
57.83
813.71
813.71
1012.87
1012.87
2055.93
2055.93
1762.80
1762.80
86.35
86.35
3368.68
3368.68
2838.41
2838.41
898.28
898.28
913.03
913.03
468.83
468.83
3401.24
3401.24
3203.27
3203.27
3556.46
3556.46
3361.57
3361.57
1970.77
1970.77
1675.37
1675.37
2297.85
2297.85
2904.46
2904.46
1577.94
1577.94
3126.92
3126.92
3300.67
3300.67
746.54
746.54
3430.63
3430.63
4626.72
4626.72
2410.94
2410.94
104.13
104.13
351.06
351.06
3703.51
3703.51
2849.45
2849.45
3380.54
3380.54
3292.98
3292.98
3068.30
3068.30
2492.07
2492.07
4425.06
4425.06
574.57
574.57
2600.91
2600.91
3839.60
3839.60
4112.26
4112.26
3139.59
3139.59
3339.95
3339.95
3849.72
3849.72
3356.87
3356.87
279.34
279.34
206.52
206.52
44.33
44.33
3508.94
3508.94
3251.33
3251.33
2739.78
2739.78
3685.94
3685.94
2878.99
2878.99
3700.97
3700.97
2974.34
2974.34
3304.46
3304.46
3400.17
3400.17
2229.56
2229.56
2697.02
2697.02
840.06
840.06
2910.20
2910.20
740.78
740.78
3746.93
3746.93
30.65
30.65
3125.20
3125.20
980.63
980.63
2735.10
2735.10
87.05
87.05
3612.14
3612.14
2693.59
2693.59
3316.33
3316.33
3427.64
3427.64
3703.63
3703.63
3541.21
3541.21
82.88
82.88
234.95
234.95
926.77
926.77
2232.92
2232.92
1197.18
1197.18
3057.97
3057.97
928.46
928.46
3325.58
3325.58
321.27
321.27
3177.81
3177.81
3348.18
3348.18
2381.88
2381.88
3539.77
3539.77
3148.97
3148.97
3603.81
3603.81
2324.39
2324.39
3700.47
3700.47
275.51
275.51
3470.51
3470.51
2854.66
2854.66
585.52
585.52
1509.66
1509.66
4123.37
4123.37
3613.91
3613.91
1669.22
1669.22
2780.32
2780.32
3275.45
3275.45
2790.39
2790.39
1730.92
1730.92
3246.48
3246.48
252.39
252.39
74.34
74.34
1379.04
1379.04
97.91
97.91
3029.57
3029.57
48.61
48.61
3473.26
3473.26
3462.60
3462.60
71.27
71.27
3310.13
3310.13
1214.81
1214.81
4412.84
4412.84
861.41
861.41
3454.36
3454.36
2920.54
2920.54
3260.37
3260.37
1730.99
1730.99
3294.99
3294.99
518.32
518.32
3054.76
3054.76
3337.38
3337.38
1846.82
1846.82
3291.35
3291.35
3220.47
3220.47
3195.96
3195.96
2860.05
2860.05
3287.05
3287.05
2707.32
2707.32
3474.19
3474.19
3475.62
3475.62
3624.37
3624.37
631.57
631.57
3132.03
3132.03
3421.24
3421.24
3205.09
3205.09
3207.95
3207.95
59.66
59.66
3265.64
3265.64
3265.64
3398.36
3398.36
10.00
5062.69
5062.69
5062.69
2452.25
2121.35
2121.35
2121.35
285.88
285.88
3768.25
3768.25
1155.71
1155.71
1756.54
1756.54
3082.31
3082.31
199.46
199.46
2964.23
2964.23
3465.67
3465.67
94.35
94.35
3721.68
3721.68
3528.69
3528.69
3292.78
3292.78
3197.58
3197.58
3081.49
3081.49
1521.40
1521.40
3408.45
3408.45
2709.80
2709.80
3285.20
3285.20
3104.53
3104.53
2400.97
2400.97
60.61
60.61
4012.06
4012.06
715.60
715.60
423.73
423.73
3273.89
3273.89
1460.71
1460.71
3316.06
3316.06
3421.98
3421.98
3480.97
3480.97
3164.31
3164.31
3472.44
3472.44
3483.08
3483.08
3412.61
3412.61
3501.58
3501.58
3684.66
3684.66
3440.38
3440.38
3217.22
3217.22
3182.55
3182.55
3572.86
3572.86
3256.45
3256.45
3201.64
3201.64
3261.39
3261.39
2974.09
2974.09
3531.85
3531.85
3149.27
3149.27
3341.88
3341.88
3739.92
3739.92
1993.20
1993.20
3579.68
3579.68
114.95
114.95
3131.29
3131.29
3351.72
3351.72
3038.87
3038.87
3585.34
3585.34
3220.83
3220.83
3206.57
3206.57
1651.33
1651.33
3702.54
3702.54
3569.87
3569.87
3273.96
3273.96
3364.88
3364.88
3576.28
3576.28
3540.71
3540.71
3286.97
3286.97
2830.34
2830.34
3240.96
3240.96
3365.53
3365.53
1639.17
1639.17
3562.21
3562.21
3776.86
3776.86
3266.16
3266.16
3238.49
3238.49
1894.15
1894.15
3530.28
3530.28
3536.95
3536.95
3506.06
3506.06
3494.93
3494.93
3201.06
3201.06
3323.11
3323.11
3573.25
3573.25
543.46
543.46
3735.18
3735.18
3245.41
3245.41
2787.00
2787.00
631.30
631.30
3386.89
3386.89
3537.95
3537.95
3341.93
3341.93
3690.45
3690.45
3340.29
3340.29
3603.10
3603.10
3662.92
3662.92
3517.89
3517.89
3318.97
3318.97
3161.82
3161.82
3606.35
3606.35
3792.30
3792.30
3133.77
3133.77
2936.17
2936.17
3332.49
3332.49
3662.06
3662.06
291.42
291.42
3330.70
3330.70
1445.50
1445.50
58.21
58.21
1334.96
1334.96
3356.07
3356.07
4561.57
4561.57
3267.42
3267.42
560.77
560.77
39.76
39.76
1825.85
1825.85
521.27
521.27
196.79
196.79
2303.94
2303.94
793.35
793.35
3142.13
3142.13
1967.72
1967.72
2109.30
2109.30
3714.48
3714.48
3143.90
3143.90
3504.84
3504.84
3245.25
3245.25
2573.49
2573.49
5410.63
5410.63
3421.94
3421.94
1063.00
1063.00
1418.56
1418.56
3395.35
3395.35
1253.88
1253.88
3378.19
3378.19
4188.62
4188.62
3572.09
3572.09
3172.94
3172.94
3163.73
3163.73
125.62
125.62
1714.74
1714.74
3602.49
3602.49
3556.75
3556.75
3321.21
3321.21
3462.33
3462.33
3296.81
3296.81
3303.30
3303.30
2925.26
2925.26
343.01
343.01
1640.37
1640.37
3011.30
3011.30
415.38
415.38
3582.55
3582.55
749.04
749.04
1970.51
1970.51
1595.54
1595.54
1706.59
1706.59
3099.08
3099.08
3492.08
3492.08
2475.35
2475.35
223.69
223.69
1954.60
1954.60
1303.00
1303.00
339.59
339.59
1674.38
1674.38
702.73
702.73
46.91
46.91
143.30
143.30
3428.32
3428.32
3777.39
3777.39
3416.53
3416.53
3554.92
3554.92
3438.53
3438.53
3324.66
3324.66
3702.13
3702.13
3298.95
3298.95
3445.45
3445.45
3659.16
3659.16
2600.58
2600.58
3140.39
3140.39
3059.65
3059.65
3996.35
3996.35
2452.79
2452.79
3045.28
3045.28
3238.37
3238.37
929.33
929.33
3580.55
3580.55
3023.86
3023.86
3504.12
3504.12
2931.88
2931.88
1141.18
1141.18
3023.40
3023.40
3210.26
3210.26
2088.80
2088.80
3196.24
3196.24
3399.67
3399.67
3152.07
3152.07
3250.34
3250.34
4663.86
4663.86
3785.80
3785.80
2992.21
2992.21
3476.82
3476.82
4626.05
4626.05
4626.05
4626.05
3492.95
3492.95
352.48
352.48
814.38
814.38
3032.16
3032.16
3305.14
3305.14
3612.75
3612.75
2332.65
2332.65
3461.94
3461.94
3185.28
3185.28
3134.60
3134.60
3384.01
3384.01
72.18
72.18
2983.94
2983.94
3424.40
3424.40
3503.55
3503.55
3304.46
3304.46
3433.06
3433.06
4489.49
4489.49
3377.26
3377.26
3570.01
3570.01
3560.92
3560.92
45.99
45.99
3305.10
3305.10
3490.82
3490.82
3512.22
3512.22
3616.06
3616.06
966.84
966.84
3830.40
3830.40
3869.21
3869.21
3869.21
3869.21
2111.95
2111.95
3142.71
3142.71
3522.23
3522.23
4120.55
4120.55
3870.23
3870.23
3457.10
3457.10
3506.73
3506.73
3479.82
3479.82
3012.71
3012.71
840.75
840.75
3327.52
3327.52
3469.64
3469.64
3562.41
3562.41
3446.84
3446.84
3678.75
3678.75
3421.98
3421.98
2152.07
2152.07
2366.96
2366.96
755.34
755.34
3599.70
3599.70
3170.85
3170.85
1321.27
1321.27
2602.12
2602.12
3285.40
3285.40
1247.51
1247.51
3531.87
3531.87
3394.06
3394.06
3163.22
3163.22
5424.01
5424.01
637.24
637.24
3163.91
3163.91
3589.47
3589.47
349.24
349.24
900.39
900.39
97.84
97.84
1920.40
1920.40
1665.29
1665.29
3341.33
3341.33
2867.18
2867.18
2454.80
2454.80
3965.01
3965.01
1941.26
1941.26
3374.33
3374.33
3333.26
3333.26
1709.75
1709.75
3022.22
3022.22
2082.81
2082.81
3131.18
3131.18
313.10
313.10
3073.27
3073.27
91.68
91.68
3439.86
3439.86
4348.23
4348.23
3284.39
3284.39
3552.67
3552.67
299.00
299.00
3146.68
3146.68
3850.91
3850.91
445.61
445.61
3795.03
3795.03
536.24
536.24
3125.41
3125.41
3457.04
3457.04
3615.93
3615.93
4086.87
4086.87
3134.71
3134.71
3349.08
3349.08
746.22
746.22
3376.61
3376.61
4469.09
4469.09
3657.04
3657.04
2467.86
2467.86
2441.96
2441.96
3212.24
3212.24
3248.95
3248.95
1638.78
1638.78
4641.31
4641.31
752.61
752.61
3178.43
3178.43
3329.19
3329.19
53.13
53.13
278.13
278.13
920.53
920.53
2295.25
2295.25
3211.64
3211.64
3280.84
3280.84
3101.89
3101.89
70.57
70.57
2386.16
2386.16
3148.27
3148.27
1614.93
1614.93
216.11
216.11
602.41
602.41
3804.32
3804.32
3474.44
3474.44
3244.67
3244.67
3041.68
3041.68
757.02
757.02
3540.84
3540.84
112.39
112.39
2818.11
2818.11
3271.90
3271.90
2129.35
2129.35
1433.81
1433.81
3380.48
3380.48
3383.72
3383.72
2583.65
2583.65
89.34
89.34
2951.36
2951.36
93.84
93.84
3527.09
3527.09
452.49
452.49
3235.77
3235.77
3321.07
3321.07
2976.23
2976.23
422.23
422.23
3459.22
3459.22
3204.07
3204.07
3353.30
3353.30
2819.53
2819.53
3674.21
3674.21
3263.30
3263.30
3945.64
3945.64
3424.85
3424.85
4766.15
4766.15
3678.62
3678.62
3528.10
3528.10
3415.63
3415.63
3755.53
3755.53
4474.94
4474.94
3331.38
3331.38
1766.16
1766.16
3519.34
3519.34
1936.74
1936.74
2177.69
2177.69
1847.50
1847.50
3460.15
3460.15
3368.09
3368.09
3644.55
3644.55
2831.82
2831.82
3517.89
3517.89
3421.94
3421.94
3256.51
3256.51
163.36
163.36
3283.35
3283.35
3631.48
3631.48
3637.41
3637.41
3348.70
3348.70
2199.30
2199.30
3469.51
3469.51
2548.52
2548.52
3024.95
3024.95
3418.70
3418.70
3375.83
3375.83
2448.22
2448.22
4269.14
4269.14
3082.74
3082.74
2531.53
2531.53
3479.03
3479.03
3374.03
3374.03
3906.71
3906.71
3075.17
3075.17
3118.89
3118.89
3411.03
3411.03
3276.19
3276.19
4852.89
4852.89
3643.48
3643.48
2952.02
2952.02
2844.38
2844.38
3265.79
3265.79
3434.19
3434.19
67.50
67.50
3026.60
3026.60
3122.23
3122.23
3110.43
3110.43
2903.57
2903.57
2676.61
2676.61
122.70
122.70
313.85
313.85
5365.65
5365.65
3019.00
3019.00
3640.71
3640.71
3103.56
3103.56
23.91
23.91
188.37
188.37
591.20
591.20
182.29
182.29
1229.59
1229.59
3343.70
3343.70
3112.13
3112.13
180.25
180.25
3511.13
3511.13
2647.96
2647.96
2502.33
2502.33
3072.61
