# 1Hz Kbps trace generated by import_real_world_traces.py
9407.42
3417.44
3417.44
4020.66
4020.66
4020.66
4020.66
4477.78
4477.78
4477.78
4477.78
4691.90
4691.90
4145.69
4145.69
4026.11
4026.11
6623.26
6623.26
67.40
67.40
3148.86
3148.86
1568.49
1568.49
22.68
22.68
495.08
495.08
180.41
180.41
202.44
202.44
67.59
67.59
315.27
315.27
180.06
180.06
180.48
180.48
224.05
224.05
293.28
293.28
202.80
202.80
4674.56
4674.56
3935.79
3935.79
4591.96
4591.96
2790.51
2790.51
4726.80
4726.80
1189.37
1189.37
4946.27
4946.27
2003.75
2003.75
4352.17
4352.17
944.68
944.68
923.32
923.32
4888.06
4888.06
1951.72
1951.72
1539.72
1539.72
5238.58
5238.58
1018.82
1018.82
701.64
701.64
1063.64
1063.64
808.01
808.01
156.75
156.75
1413.38
1413.38
5139.35
5139.35
1689.43
1689.43
60.88
60.88
219.01
219.01
44.77
44.77
89.57
89.57
1008.22
1008.22
2321.22
2321.22
4797.75
4797.75
4909.91
4909.91
964.97
