# 1Hz Kbps trace generated by import_real_world_traces.py
1149.04
1560.62
1560.62
1429.23
6397.62
3015.45
1922.84
2193.36
2193.36
696.87
696.87
1236.05
1236.05
3949.18
3949.18
1822.12
1822.12
11007.16
11007.16
4601.68
4601.68
1247.28
1247.28
50.90
50.90
560.42
560.42
9225.25
9225.25
1115.11
1115.11
1378.12
1378.12
4449.43
4449.43
3554.85
3554.85
3776.08
3776.08
1281.31
1281.31
1061.88
1061.88
2276.69
2276.69
870.99
870.99
817.31
817.31
8213.05
8213.05
6043.84
6043.84
644.87
644.87
15253.61
15253.61
127.37
127.37
13978.98
13978.98
16721.49
16721.49
1319.00
1319.00
17343.44
17343.44
14978.61
14978.61
252.27
252.27
1041.82
1041.82
754.07
754.07
9832.84
9832.84
950.20
950.20
1088.27
1088.27
4519.31
4519.31
669.74
669.74
3519.52
3519.52
883.33
883.33
3374.81
3374.81
6991.35
6991.35
451.59
451.59
2425.89
2425.89
703.70
703.70
703.70
1599.33
685.57
685.57
4419.15
4419.15
13268.52
13268.52
856.30
856.30
6812.56
6812.56
706.84
706.84
3473.15
3473.15
459.46
459.46
10.00
10.00
10.00
50.89
50.89
50.89
50.89
2499.45
2499.45
2141.94
2141.94
2141.94
3618.00
3618.00
7465.05
7465.05
7008.68
16.75
782.23
782.23
1440.19
1440.19
18056.51
18056.51
2576.69
2576.69
3236.41
3236.41
646.48
646.48
4136.92
4136.92
752.84
752.84
3111.61
3111.61
61.60
61.60
61.60
5658.46
5658.46
1997.43
1997.43
609.89
20.69
20.69
2781.08
2781.08
101.79
101.79
2342.88
2342.88
2342.88
2342.88
25.47
25.47
25.47
1117.66
1117.66
50.92
50.92
50.92
1601.21
1601.21
1601.21
1601.21
2255.24
2255.24
1020.26
4182.91
4182.91
4182.91
866.61
866.61
127.62
127.62
50.17
50.17
2478.49
2478.49
433.86
433.86
2216.94
2216.94
445.52
445.52
445.52
445.52
3548.06
3548.06
2976.18
2976.18
6751.75
4884.50
4884.50
4805.68
600.54
600.54
459.11
122.71
342.17
342.17
342.17
1917.44
1917.44
10.00
10.00
560.86
560.86
560.86
3537.85
3537.85
7688.57
7688.57
17.52
17.52
17.52
6810.82
6810.82
8732.41
8732.41
12151.50
12151.50
6566.00
6566.00
7176.63
3701.06
815.34
689.55
689.55
2726.50
2726.50
431.94
431.94
14285.41
14285.41
1918.90
1918.90
1445.97
1445.97
2027.66
2027.66
2027.66
203.51
5107.58
5107.58
10518.84
10518.84
797.54
797.54
1843.62
1843.62
254.75
254.75
9390.00
9390.00
1498.40
1498.40
655.79
655.79
557.13
557.13
87.52
87.52
969.48
969.48
6803.29
6803.29
1352.54
1352.54
1372.49
1372.49
600.85
600.85
3616.50
3616.50
12.72
12.72
238.09
238.09
11.06
11.06
11.06
6805.15
14954.84
14954.84
967.66
967.66
2122.65
2122.65
6550.18
6550.18
820.59
820.59
2383.73
2383.73
794.79
794.79
15202.23
15202.23
452.07
452.07
61.75
61.75
76.37
76.37
76.37
76.37
613.64
613.64
712.22
712.22
712.22
3344.61
3344.61
5032.98
22.05
22.05
2554.33
2554.33
1902.23
1902.23
1902.23
1170.27
1176.20
1176.20
1176.20
1176.20
6067.54
3796.96
2961.30
2961.30
2961.30
22.13
4569.03
4569.03
4569.03
152.64
408.48
12852.59
12852.59
1213.72
1213.72
1213.72
3088.61
3088.61
2657.29
2657.29
5699.48
5699.48
9733.68
9733.68
20.76
20.76
557.62
557.62
8577.92
8577.92
2179.88
2179.88
2303.27
2303.27
20.17
20.17
9598.19
9598.19
9598.19
12971.80
24.65
24.65
22.70
22.70
636.49
636.49
8347.14
8347.14
11410.56
11410.56
23.59
23.59
639.38
639.38
10.00
10.00
10.00
10.00
102.20
102.20
102.20
102.20
1524.46
1524.46
1524.46
1524.46
1524.46
1016.91
1016.91
1016.91
16467.56
16467.56
16467.56
1972.11
1972.11
4266.97
4266.97
1007.44
1007.44
4743.69
561.42
18092.39
18092.39
539.76
539.76
1597.76
1597.76
1597.76
903.90
6320.63
7882.69
8657.27
8657.27
11683.18
11683.18
10931.04
8206.64
2548.63
15685.52
15685.52
9358.48
9358.48
704.35
704.35
9790.16
9790.16
641.14
641.14
1646.16
1646.16
304.79
304.79
1057.07
1057.07
7468.40
7468.40
739.68
739.68
4258.52
4258.52
4258.52
9427.98
739.99
739.99
3040.30
3040.30
797.56
797.56
964.27
964.27
1121.85
1121.85
4406.23
4406.23
17862.39
17862.39
459.12
459.12
714.90
714.90
25.48
25.48
357.59
357.59
357.59
355.73
355.73
355.73
355.73
188.40
188.40
118.00
118.00
7376.29
7376.29
333.19
333.19
333.19
333.19
333.19
333.19
333.19
333.19
333.19
333.19
333.19
333.19
333.19
333.19
333.19
13547.73
3882.95
6337.37
4173.20
636.85
13.36
10.00
484.50
637.57
637.57
637.57
228.62
228.62
968.16
968.16
968.16
3062.39
3062.39
3062.39
8611.26
8611.26
9142.22
17.53
11.12
834.19
834.19
3894.34
3894.34
231.24
231.24
1149.69
1149.69
10.66
10.66
119.64
119.64
3217.21
3217.21
758.40
758.40
7950.30
7950.30
10.00
10.00
19.74
19.74
2612.78
2612.78
2612.78
2612.78
2612.78
2612.78
2612.78
2612.78
2612.78
2612.78
2612.78
2612.78
2612.78
2612.78
2612.78
2612.78
2612.78
3707.51
3969.02
3969.02
8806.38
418.54
5211.67
5211.67
4465.95
4465.95
13226.33
13226.33
4926.00
4926.00
4729.70
4729.70
4729.70
2474.04
2474.04
3638.19
5452.25
3578.57
10582.32
288.08
288.08
14.77
17181.22
17181.22
1078.48
1078.48
11284.01
11284.01
964.76
964.76
962.20
962.20
12236.98
12236.98
1271.92
1271.92
7481.56
7481.56
17638.22
17638.22
17638.22
17638.22
1220.12
1220.12
668.71
668.71
3514.99
3514.99
577.41
577.41
5080.79
5080.79
6914.72
6914.72
8262.42
8262.42
8158.28
8158.28
10622.27
10622.27
9258.39
9258.39
8325.45
8325.45
8325.45
8325.45
13762.97
13762.97
13161.71
13161.71
10494.82
10494.82
14367.68
14367.68
14576.94
14576.94
11376.07
11376.07
4209.09
4209.09
557.48
557.48
674.64
674.64
674.64
5600.19
1272.33
1272.33
6894.30
6894.30
686.66
686.66
2431.84
2431.84
5907.09
5907.09
1428.01
1428.01
1428.01
1428.01
393.42
459.87
459.87
459.87
2372.61
2372.61
5527.69
5527.69
9484.93
9484.93
122.34
5738.07
3383.98
3383.98
8317.45
8317.45
5605.54
5605.54
600.67
600.67
600.67
600.67
600.67
600.67
600.67
2757.70
6836.53
17804.01
3689.11
3689.11
3689.11
450.21
5922.86
5922.86
3972.53
3972.53
3972.53
2195.80
2195.80
2195.80
15.10
15.10
16.51
16.51
16.51
7378.86
2403.21
2403.21
14.20
14.20
1003.27
22.69
5922.03
5922.03
639.61
639.61
8016.50
8016.50
576.74
576.74
576.74
10874.55
3421.07
3421.07
6277.26
6277.26
3059.53
3059.53
697.25
697.25
697.25
3662.39
9318.77
9318.77
9318.77
9318.77
3671.72
3347.05
3347.05
19.33
7711.74
7711.74
732.98
732.98
7670.30
7670.30
17813.84
17813.84
6203.42
6203.42
2139.19
2139.19
2139.19
1300.14
2465.60
2465.60
1747.47
1747.47
3052.96
3052.96
3052.96
5340.74
1361.49
1361.49
990.41
990.41
1321.17
1321.17
3422.93
3422.93
3422.93
3260.24
1066.55
1066.55
1275.84
1275.84
1275.84
4293.22
4293.22
302.94
302.94
302.94
302.94
10.00
10.00
17.94
17.94
3944.50
3944.50
3944.50
3791.14
3791.14
16493.64
16493.64
5808.59
2472.59
792.03
792.03
6596.66
6596.66
6596.66
6596.66
6596.66
6596.66
6596.66
6596.66
6890.98
6890.98
11486.81
11486.81
11486.81
1408.23
21.89
21.89
21.89
514.38
7468.39
7468.39
591.01
591.01
591.01
2983.36
8074.18
8074.18
780.89
780.89
4935.90
4935.90
6745.89
6745.89
6745.89
9756.90
1647.47
1647.47
1001.51
1001.51
433.76
433.76
720.93
720.93
720.93
1371.70
1371.70
155.57
13712.16
13712.16
3253.13
3253.13
707.26
707.26
5470.69
5470.69
1969.09
1969.09
5358.27
5358.27
6082.86
6082.86
67.22
67.22
4179.64
4179.64
735.23
735.23
735.23
2287.92
2287.92
11828.23
11828.23
152.92
152.92
9689.99
9689.99
721.65
721.65
11451.40
11451.40
537.43
537.43
2419.79
2419.79
12011.13
12011.13
12011.13
12011.13
12011.13
12011.13
7222.77
7222.77
7222.77
7222.77
7222.77
7222.77
943.00
943.00
11398.38
11398.38
11451.82
11451.82
11451.82
11451.82
11451.82
11451.82
11451.82
11451.82
11451.82
11451.82
8962.24
8962.24
12720.72
12720.72
13699.81
13699.81
13699.81
13699.81
13699.81
13699.81
4955.16
4955.16
12103.69
12103.69
12103.69
12103.69
12103.69
12103.69
12103.69
12103.69
12103.69
12103.69
13691.84
13691.84
13873.35
13873.35
14004.36
14004.36
14104.80
14104.80
14104.80
14104.80
14104.80
14104.80
14104.80
14104.80
9520.10
9520.10
4258.90
4258.90
6804.79
6804.79
964.79
964.79
6966.94
6966.94
24.81
24.81
978.86
978.86
978.86
7204.74
21.16
21.16
21.16
1369.19
1683.34
1683.34
1683.34
2221.60
2221.60
3186.51
2296.81
2296.81
3312.86
3312.86
6783.16
6783.16
5963.36
5963.36
1751.46
1751.46
1488.09
1488.09
638.72
638.72
727.88
727.88
192.03
192.03
11033.94
11033.94
7196.16
7196.16
2505.68
2505.68
901.85
901.85
3918.64
3918.64
966.86
966.86
18099.36
18099.36
1600.34
1600.34
1121.43
1121.43
2219.84
2219.84
816.03
816.03
1931.22
1931.22
3547.27
3547.27
445.19
445.19
13.96
13.96
740.34
740.34
23.27
23.27
23.27
602.40
5807.31
5807.31
15190.69
15190.69
457.96
457.96
5538.11
5538.11
443.28
443.28
4259.33
4259.33
18237.10
18237.10
1022.75
1022.75
17.39
17.39
447.50
447.50
447.50
447.50
742.62
742.62
6603.75
6603.75
1734.04
1734.04
437.72
437.72
4564.20
4564.20
426.97
426.97
9358.06
9358.06
3055.33
3055.33
12.49
12.49
13564.83
13564.83
1313.95
1313.95
4352.93
4352.93
13.29
13.29
7431.93
7431.93
1706.74
1706.74
561.76
561.76
561.76
529.87
529.87
529.87
1862.26
3230.78
3230.78
16752.25
8804.71
8804.71
5400.70
5400.70
969.24
969.24
16.62
16.62
685.18
685.18
5376.55
5376.55
13567.90
13567.90
983.88
983.88
6536.20
6536.20
698.40
698.40
3356.52
3356.52
7185.29
7185.29
804.02
804.02
9737.45
9737.45
1117.03
1117.03
14.79
14.79
629.40
629.40
13.43
13.43
4501.81
4501.81
574.87
574.87
18439.35
18439.35
713.59
713.59
6472.82
6472.82
531.49
531.49
4963.85
4963.85
4963.85
4963.85
6818.40
6818.40
6818.40
6818.40
13879.80
13879.80
8405.87
8405.87
8405.87
8405.87
8405.87
8405.87
8405.87
8405.87
8405.87
8405.87
866.99
866.99
7975.99
7975.99
102.02
102.02
689.27
689.27
1038.30
1038.30
1965.45
1965.45
13801.18
13801.18
5694.13
5694.13
14119.78
14119.78
14.94
14.94
11333.19
11333.19
745.85
745.85
5308.57
5308.57
777.34
777.34
8788.15
8788.15
1476.50
1476.50
1476.50
1476.50
1476.50
1476.50
1476.50
1476.50
1476.50
1476.50
1476.50
1476.50
1476.50
1476.50
1476.50
1476.50
1476.50
1476.50
1476.50
3603.84
1450.94
10375.01
10375.01
6446.34
8543.00
7550.81
814.40
15783.11
2754.42
2754.42
12246.86
9327.30
1298.15
1298.15
18077.97
18077.97
18077.97
1379.63
6781.55
6781.55
559.85
559.85
543.32
543.32
612.15
612.15
2512.92
2512.92
17290.91
17290.91
618.98
618.98
4200.93
4200.93
4019.72
4019.72
3058.40
3058.40
22.24
22.24
671.03
671.03
761.60
761.60
450.47
450.47
13769.15
13769.15
5416.58
5416.58
11577.47
11577.47
10218.00
10218.00
1273.09
1273.09
4435.46
4435.46
1274.61
1274.61
4122.67
4122.67
1150.43
1150.43
428.08
428.08
428.08
3007.16
3007.16
2873.87
2873.87
10396.60
10396.60
10396.60
618.67
618.67
618.67
618.67
618.67
618.67
618.67
618.67
618.67
618.67
618.67
618.67
618.67
618.67
618.67
618.67
618.67
618.67
618.67
618.67
618.67
1977.69
1977.69
7433.48
8776.30
8776.30
1031.21
8780.35
16573.62
2976.70
2976.70
6674.45
697.85
39.56
39.56
18309.51
18309.51
729.37
729.37
13547.41
13547.41
18077.78
18077.78
617.05
617.05
11491.26
11491.26
711.95
711.95
11215.32
11215.32
11215.32
11215.32
11215.32
11215.32
11215.32
11215.32
11215.32
11215.32
11215.32
14689.52
14689.52
1082.08
1082.08
6246.30
6246.30
10946.23
10946.23
864.63
864.63
15016.71
15016.71
451.54
451.54
6544.93
6544.93
688.58
688.58
8522.25
8522.25
8522.25
6040.77
6040.77
6040.77
8445.62
8445.62
8202.45
8202.45
5637.09
5637.09
24.79
24.79
1632.24
1632.24
153.08
153.08
1499.75
1499.75
942.46
942.46
709.51
709.51
13.37
13.37
1679.83
1679.83
1679.83
1679.83
11004.44
11004.44
11004.44
2426.66
2426.66
1551.71
1551.71
1551.71
1551.71
658.90
23.68
4353.32
4353.32
6675.77
6675.77
10723.09
10723.09
10723.09
212.05
2443.69
2443.69
2723.37
3137.24
2212.55
2212.55
9378.99
714.86
714.86
9169.50
9169.50
4283.51
4283.51
7546.98
7546.98
1620.03
1620.03
741.62
741.62
305.79
305.79
225.79
225.79
178.40
178.40
378.56
378.56
291.16
291.16
291.16
16.93
4810.76
4810.76
4810.76
4810.76
381.29
381.29
129.02
129.02
129.02
398.90
398.90
198.27
198.27
3213.75
3608.33
3608.33
7996.76
7996.76
7996.76
2157.78
2157.78
2157.78
2157.78
2157.78
7608.33
7608.33
7608.33
7608.33
7608.33
306.37
306.37
306.37
306.37
42.85
122.62
156.04
8588.56
149.84
149.84
14854.16
13637.57
159.72
159.72
159.72
115.28
115.28
115.28
115.28
115.28
3077.39
3077.39
256.17
256.17
256.17
1058.23
4598.30
4715.16
4715.16
4715.16
354.95
6457.86
6457.86
18.82
18.82
19.11
447.40
7424.59
7424.59
73.78
73.78
4084.23
4084.23
784.52
784.52
784.52
23.26
23.26
23.26
23.26
23.26
571.73
571.73
571.73
344.17
344.17
3074.56
3074.56
3074.56
3432.48
3432.48
450.81
450.81
450.81
450.81
343.17
6813.17
5152.22
5152.22
5152.22
16255.55
16255.55
4714.14
4714.14
4714.14
17.20
88.72
4744.67
4744.67
171.17
171.17
119.23
119.23
119.23
16.80
16.80
842.36
4623.07
4623.07
4623.07
4623.07
10.00
10.00
2910.19
2910.19
2910.19
6488.30
1451.21
1451.21
1451.21
155.94
155.94
204.61
8124.39
8124.39
8124.39
1191.04
1191.04
1191.04
1191.04
981.05
981.05
19.28
19.28
19.28
146.57
273.40
9839.01
9839.01
9839.01
5125.14
4319.70
4319.70
4319.70
9171.51
5946.89
5946.89
6361.81
2804.31
7449.32
7449.32
2418.71
2418.71
3368.24
3368.24
3004.08
3004.08
3381.33
3381.33
3381.33
3381.33
3381.33
3381.33
11319.95
11319.95
2097.72
2097.72
17.52
17.52
731.70
731.70
6516.97
6516.97
1273.53
1273.53
968.17
968.17
275.70
275.70
4328.28
4328.28
1252.20
1252.20
3189.61
3189.61
3189.61
6055.93
6055.93
1093.60
1093.60
1093.60
263.19
14906.11
14906.11
3370.23
18129.96
18129.96
705.20
705.20
255.06
255.06
1915.78
1915.78
533.70
533.70
9215.75
9215.75
770.49
770.49
1732.94
1732.94
1122.16
1122.16
321.19
321.19
738.89
738.89
680.33
680.33
5052.53
5052.53
1314.54
1314.54
831.03
831.03
1639.89
1639.89
76.36
76.36
10.00
10.00
177.10
177.10
25.57
25.57
59.37
59.37
22.45
22.45
22.45
22.45
22.45
22.45
22.45
22.45
22.45
22.45
22.45
22.45
22.45
22.45
22.45
22.45
22.45
5894.49
5894.49
1304.87
175.48
1297.19
1297.19
1043.06
429.18
97.50
207.21
207.21
50.98
21.17
148.87
76.65
76.65
88.91
88.91
713.53
713.53
713.53
72.56
72.56
2594.53
2594.53
552.81
552.81
99.29
1958.58
1958.58
1293.19
1293.19
7936.76
7936.76
358.58
358.58
358.58
2581.94
2581.94
51.10
51.10
1281.88
1281.88
204.40
51.10
51.10
51.10
284.38
9358.56
9358.56
962.96
962.96
38.52
38.52
710.38
710.38
830.19
830.19
830.19
830.19
830.19
830.19
830.19
830.19
830.19
830.19
830.19
830.19
830.19
830.19
249.93
249.93
76.55
88.08
88.08
736.83
736.83
52.25
7876.52
7876.52
18.92
2354.91
2354.91
6924.96
6924.96
183.20
183.20
183.20
18.47
18.47
18.47
18.47
854.64
854.64
4547.73
4547.73
4547.73
232.69
6642.20
683.69
683.69
17.32
2280.13
2280.13
160.51
160.51
160.51
37.88
37.88
37.88
229.99
229.99
111.76
111.76
90.02
90.02
90.02
118.86
73.10
73.10
381.92
381.92
2275.65
2275.65
2812.49
505.08
505.08
55.79
55.79
11421.85
11421.85
11421.85
173.64
173.64
17.83
17.83
2729.48
2729.48
19.19
19.19
23.84
23.84
21.00
6790.04
76.16
4009.53
4009.53
76.48
76.48
1859.35
1859.35
551.00
17.39
17.39
3153.62
199.64
199.64
199.64
6888.08
11.64
1275.81
1275.81
2380.08
2380.08
5322.16
5322.16
5322.16
101.98
101.98
9991.83
9991.83
9991.83
18.75
18.75
7562.95
3768.82
3768.82
17446.40
549.63
549.63
1109.87
1109.87
101.65
101.65
25.55
25.55
2025.83
2025.83
25.53
25.53
25.53
915.36
2744.45
2744.45
25.56
25.56
25.56
255.31
255.31
69.76
69.76
7617.28
7617.28
195.58
195.58
4234.51
4234.51
4234.51
4234.51
4234.51
4646.72
4646.72
4646.72
4646.72
5164.77
6052.62
6052.62
4761.51
4761.51
1423.87
1423.87
4705.23
3532.89
16657.41
16657.41
16399.19
16399.19
80.94
80.94
726.12
726.12
533.99
533.99
711.21
711.21
11377.50
11377.50
3243.49
3243.49
14324.31
14324.31
8268.52
8268.52
456.80
456.80
2199.88
2199.88
76.50
76.50
4042.85
4042.85
6223.72
6223.72
6223.72
6223.72
3948.56
3948.56
10756.52
10756.52
13195.17
13195.17
18076.45
18076.45
1018.14
1018.14
17174.39
17174.39
716.40
716.40
3486.80
3486.80
806.91
806.91
2399.05
2399.05
3152.45
3152.45
650.48
650.48
82.55
82.55
714.12
714.12
17997.37
17997.37
5128.86
5128.86
380.43
380.43
17.02
17.02
1107.86
1107.86
1107.86
1107.86
695.52
695.52
51.47
51.47
3272.43
3272.43
2171.43
2171.43
3061.51
3061.51
5186.96
5186.96
4061.78
4061.78
5689.98
5689.98
6032.06
6032.06
7409.36
7409.36
9070.54
9070.54
10700.81
10700.81
8211.82
8211.82
5333.10
5333.10
5072.40
5072.40
5072.40
5072.40
5072.40
5072.40
5072.40
5072.40
5908.69
5908.69
2205.54
2205.54
203.49
203.49
2588.43
2588.43
112.05
112.05
7774.08
7774.08
1282.78
1282.78
25.58
25.58
18.01
18.01
6568.89
6568.89
6568.89
6568.89
6568.89
6568.89
6568.89
6568.89
6568.89
6568.89
6568.89
6568.89
6568.89
6568.89
6568.89
6568.89
500.73
500.73
500.73
500.73
500.73
2022.77
7169.83
377.15
11625.22
255.05
255.05
245.85
245.85
1275.07
1275.07
5529.29
7926.85
16.10
16.10
10627.48
7559.78
7063.41
7063.41
7063.41
7063.41
7063.41
3954.89
3954.89
12555.64
7781.12
7781.12
7678.14
7678.14
6449.13
2526.12
1274.44
12638.60
18020.29
561.87
155.88
155.88
794.49
794.49
12.92
12.92
371.75
371.75
2269.07
2269.07
720.28
720.28
17.49
17.49
606.73
606.73
1623.67
1623.67
1623.67
34.66
376.82
376.82
1235.98
1235.98
535.09
535.09
20.74
20.74
674.90
674.90
510.97
510.97
51.04
51.04
51.04
1230.83
7534.48
7534.48
829.46
829.46
74.44
74.44
24.66
24.66
112.75
112.75
959.65
959.65
549.78
549.78
2025.02
2025.02
1108.42
1108.42
1733.74
1733.74
1733.74
25.52
25.52
5014.95
5935.78
5935.78
5935.78
5935.78
5935.78
455.38
3564.19
3564.19
12991.84
12991.84
16927.32
16927.32
1314.48
1314.48
1314.48
1314.48
8010.67
8010.67
1862.09
202.23
3336.23
3336.23
1120.59
1120.59
257.93
257.93
7114.13
7114.13
7114.13
7114.13
7114.13
7114.13
2528.70
2528.70
111.06
111.06
1315.60
1315.60
1315.60
198.99
2680.68
2680.68
14875.17
14875.17
5997.65
5997.65
908.12
908.12
315.66
315.66
1032.63
1032.63
5783.97
5783.97
15849.09
15849.09
947.01
947.01
8218.20
8218.20
705.00
705.00
7103.17
7103.17
7103.17
7103.17
7103.17
7103.17
7103.17
7103.17
7103.17
7103.17
7103.17
7103.17
7103.17
7103.17
7103.17
7103.17
7103.17
7103.17
9576.21
9576.21
10464.09
10464.09
1277.98
1277.98
10055.02
10055.02
8639.98
8639.98
8639.98
8639.98
2987.30
2987.30
2987.30
10130.15
10130.15
10130.15
87.24
87.24
5760.92
5760.92
8571.51
8571.51
1229.03
1229.03
56.05
56.05
77.78
77.78
5876.90
5876.90
3620.30
3620.30
19.38
19.38
9660.96
9660.96
1223.53
1223.53
291.21
291.21
150.16
150.16
150.16
120.80
120.80
33.74
33.74
20.08
20.26
20.26
3089.51
3089.51
3089.51
3089.51
1195.56
1195.56
23.93
23.93
54.95
301.53
301.53
301.53
16.65
1513.29
1513.29
2597.07
2597.07
23.50
23.50
577.77
178.96
178.96
36.60
36.60
506.92
506.92
2007.31
2007.31
2007.31
2007.31
2007.31
460.74
460.74
460.74
1758.19
1758.19
1758.19
1385.50
10.00
10.00
10.00
4053.45
17821.22
5424.20
2580.34
2580.34
152.84
152.84
863.24
863.24
22.50
22.50
22.50
22.50
22.50
242.15
242.15
242.15
242.15
242.15
242.15
17.22
17.22
3471.18
11191.86
12117.79
12117.79
255.40
255.40
255.40
255.40
255.40
7370.17
7370.17
4169.31
4169.31
4169.31
4169.31
2372.03
2372.03
577.34
577.34
577.34
577.34
1076.71
1076.71
113.14
113.14
34.51
34.51
88.47
127.29
991.63
15.55
5733.90
5733.90
11475.91
11475.91
9662.49
9662.49
21.86
15.27
15.27
15.27
188.13
71.64
71.64
71.64
4559.50
4559.50
4559.50
4559.50
791.91
791.91
791.91
791.91
865.42
865.42
865.42
93.92
435.86
7057.73
7057.73
7057.73
31.13
31.13
445.51
445.51
445.51
445.51
417.44
417.44
1456.29
1456.29
34.49
34.49
4498.58
23.03
2308.34
2308.34
765.12
358.20
358.20
79.12
79.12
1378.83
1378.83
1378.83
636.19
636.19
4045.50
4045.50
4045.50
2873.72
1863.05
13203.95
8244.02
8244.02
172.40
172.40
12767.03
12767.03
12767.03
12767.03
1209.25
1209.25
1209.25
1209.25
1209.25
25.11
25.11
6840.50
6840.50
299.57
3312.50
20.71
225.03
225.03
39.48
614.03
18.93
18.93
18.93
946.63
946.63
946.63
39.73
39.73
6859.67
10345.44
10345.44
10345.44
7574.35
7574.35
34.54
34.54
34.54
34.54
8068.33
8068.33
8068.33
231.34
231.34
214.10
198.13
1954.10
1954.10
13061.89
13061.89
69.96
69.96
1329.97
1329.97
83.57
18.39
18.39
4320.57
4320.57
10.92
10.92
1273.51
1273.51
4427.90
4427.90
4427.90
310.62
310.62
310.62
310.62
8547.12
8547.12
163.71
163.71
163.71
163.71
163.71
4487.24
4487.24
4487.24
630.20
630.20
143.57
3188.86
3188.86
3188.86
150.55
7802.30
7802.30
6017.27
157.33
37.00
4993.83
4993.83
443.39
443.39
556.28
556.28
75.67
75.67
1033.08
1033.08
22.70
22.70
5901.30
466.68
466.68
55.35
55.35
715.50
715.50
203.11
203.11
75.30
75.30
337.88
337.88
5601.65
5601.65
467.64
467.64
7746.96
7746.96
443.42
443.42
8846.42
8846.42
34.21
34.21
34.21
3086.93
36.16
36.16
1274.69
1274.69
168.10
168.10
280.26
280.26
280.26
23.76
176.59
176.59
577.26
577.26
577.26
315.25
315.25
315.25
678.23
2700.26
2700.26
6783.99
1120.72
1120.72
3661.00
3661.00
438.72
438.72
438.72
83.33
275.09
275.09
108.89
108.89
867.10
867.10
867.10
37.28
37.28
7899.49
7899.49
164.59
164.59
1571.38
1571.38
2274.84
2274.84
44.93
44.93
3217.62
3217.62
56.12
56.12
257.32
257.32
4252.94
4252.94
2069.92
2069.92
357.37
357.37
833.84
833.84
4626.07
4626.07
530.14
530.14
2192.51
2192.51
4201.23
4201.23
382.72
382.72
4465.41
4465.41
76.13
76.13
101.87
101.87
36.72
36.72
183.07
183.07
25.53
25.53
434.21
434.21
25.17
25.17
25.17
102.82
102.82
47.79
47.79
47.79
47.79
47.79
47.79
47.79
47.79
47.79
47.79
47.79
47.79
47.79
47.79
47.79
47.79
47.79
661.51
1835.52
448.18
448.18
448.18
1213.68
189.54
20.62
20.62
20.62
20.62
20.62
20.62
59.28
911.87
911.87
8272.85
8272.85
8272.85
356.73
36.49
11207.61
17.30
17.30
17.30
121.34
121.34
3456.24
3456.24
3456.24
3456.24
3456.24
357.16
357.16
357.16
6986.90
5762.20
546.34
546.34
14113.29
1529.00
4706.01
6586.08
3953.26
449.45
43.95
43.95
2923.68
2923.68
725.21
725.21
13675.74
13675.74
721.38
721.38
11686.94
11686.94
24.89
24.89
498.26
498.26
545.82
545.82
644.00
644.00
10803.43
10803.43
5319.95
5319.95
5319.95
18107.94
18107.94
18107.94
18260.64
18260.64
18260.64
757.37
7902.95
686.47
686.47
6726.79
6726.79
16046.02
16046.02
564.61
564.61
8079.17
8079.17
1315.36
1315.36
16420.83
16420.83
16420.83
16420.83
1046.50
1046.50
6286.36
6286.36
76.46
76.46
23.12
23.12
1120.74
1120.74
11930.00
11930.00
7197.63
7197.63
12.05
12.05
10976.03
10976.03
730.92
730.92
730.92
102.08
102.08
102.08
102.08
7210.85
7210.85
6094.38
419.02
419.02
9184.28
3409.23
966.61
966.61
14.43
18000.88
18000.88
18000.88
530.75
530.75
2387.07
2387.07
860.45
860.45
11086.02
11086.02
11396.76
11396.76
11672.53
11672.53
11672.53
11672.53
11672.53
11672.53
13147.87
13147.87
896.52
896.52
3782.14
3782.14
4299.06
4299.06
4119.49
4119.49
6431.47
6431.47
593.93
593.93
6440.87
6440.87
93.90
93.90
7782.07
7782.07
9162.69
9162.69
89.01
89.01
12234.31
12234.31
11887.89
11887.89
3023.87
3023.87
73.86
73.86
8219.30
8219.30
49.47
49.47
147.09
147.09
17.06
17.06
2193.13
2193.13
121.89
121.89
10.00
10.00
127.60
127.60
17.24
17.24
17.24
17.24
67.19
67.19
25.56
25.56
25.56
25.56
4811.61
4811.61
4811.61
4723.47
4723.47
1338.80
1338.80
1396.14
1396.14
1396.14
559.35
559.35
559.35
165.36
165.36
6407.82
6407.82
137.71
137.71
137.71
11553.96
11553.96
280.62
280.62
4834.16
4834.16
1556.06
480.63
480.63
480.63
202.30
202.30
697.84
697.84
4707.71
4707.71
508.41
508.41
508.41
17.31
17.31
17.31
709.33
34.49
10.00
204.09
204.09
229.64
229.64
229.64
320.22
320.22
320.22
3806.61
3806.61
3806.61
408.86
408.86
2629.42
2629.42
23.62
23.62
5641.76
5641.76
5641.76
7547.45
7547.45
7547.45
314.04
314.04
314.04
314.04
4831.66
4831.66
4831.66
1409.47
212.94
25.50
25.50
25.48
560.18
2285.83
203.71
203.71
15.80
15.80
779.12
779.12
5198.68
5198.68
5198.68
161.51
161.51
847.19
50.90
765.21
765.21
20.44
20.44
20.44
3635.97
3635.97
3635.97
3635.97
3635.97
144.86
144.86
3470.40
17439.03
3713.61
3713.61
3216.07
4522.51
4522.51
300.89
300.89
300.89
4005.43
4005.43
4005.43
2134.34
9908.71
9908.71
9908.71
599.61
599.61
4803.61
19.95
296.49
126.44
126.44
546.70
86.89
86.89
6866.86
6866.86
936.03
936.03
37.32
37.32
16774.74
16774.74
14.82
14.82
9895.10
9895.10
4192.38
4192.38
6233.43
6233.43
1120.43
1120.43
526.58
526.58
254.88
254.88
1235.39
1235.39
76.55
76.55
76.55
16.99
16.99
76.48
76.48
1760.19
1760.19
3014.82
2145.52
2145.52
6100.91
6100.91
356.14
356.14
356.14
588.42
588.42
529.20
21.86
21.86
21.86
12053.27
12053.27
304.83
19.15
19.15
738.57
738.57
914.17
914.17
10.00
10.00
67.22
67.22
2472.94
2472.94
9021.54
9021.54
713.96
713.96
713.96
2540.04
2540.04
447.87
447.87
447.87
127.58
127.58
218.47
218.47
257.49
257.49
18.63
18.63
2698.74
2698.74
203.68
203.68
17.41
17.41
2787.17
2787.17
18.08
18.08
6510.07
6510.07
6510.07
6308.97
6308.97
3925.43
3925.43
17.96
14678.43
14678.43
14678.43
10063.15
10063.15
1017.97
5383.37
5383.37
12557.04
12557.04
712.02
712.02
7891.25
7891.25
1318.72
1318.72
57.03
57.03
10.00
10.00
170.34
170.34
170.34
7146.31
140.77
140.77
20.84
20.84
127.84
127.84
17.20
17.20
71.59
71.59
71.59
11.15
11.15
432.63
432.63
432.63
199.36
5774.71
5774.71
5774.71
722.37
722.37
102.25
102.25
102.25
102.25
61.82
61.82
61.82
61.82
196.56
196.56
10353.98
10353.98
10353.98
4574.00
4574.00
4284.92
3208.02
3208.02
1540.37
197.08
4985.50
4985.50
1011.04
1011.04
9956.32
9956.32
694.83
694.83
7518.76
7518.76
17494.93
17494.93
662.92
662.92
209.11
209.11
715.33
715.33
2304.97
2304.97
686.42
686.42
8680.09
8680.09
17797.33
17797.33
611.53
611.53
16400.73
16400.73
712.84
712.84
10868.89
10868.89
6864.38
6864.38
10005.35
10005.35
12033.18
12033.18
12033.18
12033.18
12033.18
12033.18
12033.18
12033.18
12033.18
12033.18
12033.18
12033.18
11862.22
11862.22
156.84
156.84
13175.84
13175.84
17.32
17.32
4559.66
4559.66
5554.35
5554.35
5554.35
5554.35
1283.87
1283.87
11042.60
11042.60
1297.62
1297.62
13125.48
13125.48
4079.08
4079.08
75.58
75.58
16608.28
16608.28
105.48
105.48
406.00
406.00
8623.99
8623.99
236.88
236.88
2165.80
2165.80
5297.87
5297.87
8805.33
8805.33
702.92
702.92
15141.55
15141.55
8161.49
8161.49
1177.36
1177.36
18.82
18.82
719.21
719.21
39.86
39.86
489.83
489.83
178.33
178.33
86.66
86.66
1106.26
1106.26
407.47
407.47
6225.43
6225.43
68.72
68.72
68.72
283.41
283.41
4017.49
4017.49
17.29
17.29
17.29
1679.55
1679.55
1679.55
1574.62
1574.62
1574.62
899.99
899.99
5209.00
5209.00
25.04
25.04
55.21
20.26
20.26
20.26
20.26
34.94
34.94
5703.29
5703.29
5703.29
25.47
52.17
688.92
688.92
1943.43
1943.43
2255.34
1501.15
1501.15
484.84
484.84
19.42
19.42
19.42
645.15
645.15
645.15
233.89
233.89
233.89
3519.15
3519.15
449.52
449.52
73.69
73.69
3875.09
3875.09
3875.09
1649.19
1649.19
552.27
3327.41
3327.41
8023.32
8023.32
564.08
564.08
66.51
1679.28
1679.28
6236.38
6236.38
6597.99
6597.99
6597.99
6597.99
8749.32
8749.32
6086.55
6086.55
6086.55
1620.09
7489.74
13021.62
13021.62
16037.89
16037.89
977.93
977.93
7935.01
7935.01
647.36
647.36
19.28
19.28
10.00
10.00
2367.93
2367.93
10586.76
10586.76
10586.76
458.82
19.89
19.89
34.95
34.95
8478.56
8478.56
254.56
254.56
840.64
840.64
840.64
14.30
1058.71
1058.71
1058.71
153.05
305.44
305.44
52.81
52.81
52.81
178.51
178.51
1672.54
1672.54
1777.89
73.32
73.32
6150.52
6150.52
3290.21
3290.21
630.36
630.36
630.36
545.50
545.50
383.47
10.00
10.00
732.30
732.30
18.92
18.92
17.27
17.27
1402.41
1402.41
153.67
153.67
153.67
483.36
173.27
173.27
173.27
173.27
76.64
34.74
34.74
34.74
34.74
3843.91
126.85
126.85
4240.49
4240.49
17.56
17.56
706.21
706.21
706.21
2994.93
5063.65
5063.65
5063.65
4173.67
2037.10
2037.10
1042.22
1042.22
1042.22
71.42
71.42
177.64
177.64
125.38
841.62
356.06
7704.97
7704.97
180.86
180.86
3252.15
3252.15
3252.15
3252.15
302.42
302.42
52.60
52.60
52.60
52.60
52.60
126.41
126.41
126.41
2117.55
2117.55
2603.49
124.18
124.18
547.07
189.69
39.53
39.53
39.53
374.75
508.60
508.60
508.60
508.60
177.33
177.33
177.33
50.47
50.47
50.47
50.47
3564.68
3564.68
3402.99
6526.37
900.42
2191.54
2191.54
2191.54
1300.14
74.45
74.45
70.01
70.01
70.01
2350.83
2350.83
2350.83
4961.89
4961.89
661.64
3980.14
22.48
22.48
22.48
8377.77
232.98
18032.28
18032.28
84.49
84.49
15120.33
15120.33
10389.42
10389.42
13636.05
13636.05
8083.95
8083.95
629.72
629.72
9058.27
9058.27
1070.23
1070.23
18.92
18.92
13823.27
13823.27
5585.34
5585.34
817.10
817.10
524.65
524.65
3917.86
3917.86
11513.38
11513.38
11513.38
10123.90
14850.89
14850.89
2104.36
2104.36
3417.68
3417.68
14401.65
14401.65
10726.43
10726.43
15896.44
15896.44
15896.44
15896.44
7543.79
12.33
1121.06
1121.06
18222.97
18222.97
4914.60
4914.60
4914.60
770.99
452.58
452.58
700.37
700.37
8072.83
8072.83
13695.51
13695.51
136.66
136.66
7557.62
7557.62
834.10
834.10
7370.06
7370.06
705.36
705.36
9873.77
9873.77
10536.84
10536.84
7069.89
7069.89
8804.81
8804.81
1111.82
1111.82
9996.50
9996.50
1120.78
1120.78
5187.40
5187.40
7859.26
7859.26
733.58
733.58
11686.89
11686.89
11686.89
11686.89
11686.89
11686.89
11686.89
11686.89
11686.89
11686.89
11686.89
11686.89
11686.89
11686.89
11686.89
11686.89
11686.89
11686.89
11686.89
1326.12
6577.25
407.54
10180.38
10180.38
176.57
176.57
7941.07
7941.07
7941.07
7941.07
7941.07
7941.07
11853.45
11853.45
286.98
286.98
587.04
587.04
20.17
20.17
703.14
703.14
374.00
374.00
4059.58
4059.58
20.57
20.57
24.99
24.99
682.35
682.35
12497.04
12497.04
1117.75
1117.75
1117.75
3692.59
437.12
437.12
736.39
736.39
1506.07
1506.07
49.51
49.51
10.00
10.00
10.00
10.00
19.95
19.95
8855.10
8855.10
1292.10
1292.10
9353.13
9353.13
3466.51
3466.51
3466.51
3466.51
82.57
4776.32
4776.32
4776.32
4353.11
4353.11
4353.11
187.34
187.34
187.34
2491.61
599.60
787.45
1605.41
1605.41
154.00
154.00
12488.24
12488.24
472.90
472.90
619.52
619.52
619.52
127.64
127.64
454.62
440.36
440.36
511.31
511.31
991.12
991.12
433.67
433.67
553.73
101.92
101.92
101.92
17.07
17.07
147.64
147.64
6158.69
6158.69
5648.23
5648.23
355.26
355.26
4836.46
4836.46
430.02
430.02
25.27
25.27
25.27
25.27
1562.18
1562.18
1562.18
6330.15
6330.15
76.54
1661.14
17567.92
5005.43
5005.43
11496.38
11496.38
1315.36
1315.36
16521.33
16521.33
4873.09
4873.09
619.50
619.50
180.63
180.63
1322.42
1322.42
88.96
88.96
17.06
17.06
698.67
698.67
2625.54
2625.54
716.07
716.07
13780.49
13780.49
1117.66
1117.66
689.11
689.11
127.33
127.33
40.59
40.59
223.24
223.24
8585.59
8585.59
9319.16
9319.16
127.53
127.53
3252.67
3252.67
1887.50
1887.50
1887.50
950.54
950.54
47.25
3804.41
3804.41
3804.41
9720.45
9720.45
76.34
24.08
24.08
24.08
5314.43
3871.32
3871.32
224.41
224.41
17938.65
17938.65
1110.35
1110.35
19.43
19.43
725.20
725.20
7651.52
7651.52
7651.52
1036.24
1036.24
1036.24
16164.84
16164.84
38.87
38.87
38.87
290.50
290.50
19.81
2247.03
2247.03
5666.00
5666.00
305.23
483.46
483.46
483.46
1789.52
6376.26
439.62
439.62
721.60
721.60
13793.29
13793.29
449.87
449.87
1123.45
1123.45
798.16
798.16
449.89
449.89
5548.09
5548.09
220.83
220.83
18109.21
18109.21
1146.90
1146.90
821.17
821.17
457.42
457.42
1309.35
1309.35
7580.78
7580.78
859.99
859.99
785.66
785.66
4136.62
4136.62
4136.62
34.79
34.79
61.81
61.81
61.81
1123.79
1123.79
1123.79
1123.79
10472.84
10472.84
8989.27
1522.37
1522.37
4996.62
1708.31
9214.73
9214.73
9003.17
9003.17
9003.17
9377.55
9377.55
7067.47
7067.47
10473.35
10473.35
13312.57
13312.57
13491.88
13491.88
13491.88
13491.88
13491.88
13491.88
13423.92
13423.92
13423.92
13423.92
13536.01
13536.01
13485.92
13485.92
5494.04
5494.04
5580.08
5580.08
5580.08
5580.08
5580.08
5580.08
5580.08
5580.08
15725.18
15725.18
7199.80
7199.80
15540.72
15540.72
15540.72
15540.72
15540.72
15540.72
455.85
455.85
13028.65
8261.83
3692.04
3692.04
120.86
120.86
50.99
50.99
18.69
18.69
1084.21
1084.21
20.72
20.72
20.70
20.70
518.77
518.77
18228.25
18228.25
18228.25
1120.74
262.12
262.12
1685.22
1685.22
1685.22
441.81
441.81
441.81
5672.41
15079.20
17624.37
17624.37
71.39
71.39
884.60
884.60
4596.10
4596.10
1397.12
1397.12
1632.66
1632.66
1632.66
652.97
3398.27
3398.27
2802.77
2802.77
2802.77
197.38
358.57
358.57
740.89
740.89
740.89
5509.78
5509.78
5509.78
5509.78
69.06
5120.30
5120.30
3681.02
3681.02
11500.79
11500.79
11500.79
11500.79
508.59
508.59
6683.19
6683.19
6683.19
6683.19
4232.80
4232.80
4217.40
18.16
18.16
144.84
16.39
160.85
54.78
54.78
227.88
227.88
36.36
36.36
31.03
31.03
35.33
35.33
45.91
45.91
45.91
18.91
18.91
18.91
5211.23
5211.23
52.88
173.42
173.42
173.42
282.64
282.64
282.64
17.34
17.34
6428.24
6428.24
255.60
255.60
255.60
6376.18
24.04
533.75
533.75
74.08
74.08
17.07
214.30
312.69
312.69
312.69
90.88
90.88
404.56
404.56
404.56
356.43
356.43
70.77
70.77
1240.79
1240.79
2313.82
2313.82
2313.82
86.96
86.96
118.95
118.95
118.95
118.95
118.95
118.95
482.37
482.37
482.37
482.37
2306.40
2306.40
2306.40
2306.40
10963.62
13932.77
13932.77
17947.79
70.80
442.15
451.97
4969.71
4969.71
4969.71
69.70
106.43
76.24
76.24
10231.84
10231.84
11875.32
18292.35
18292.35
6181.40
6181.40
725.60
725.60
6989.91
6989.91
4374.81
4374.81
718.39
718.39
7121.35
7121.35
689.03
689.03
11165.67
11165.67
6703.64
6703.64
1240.51
1240.51
10907.01
10907.01
11457.61
11457.61
11457.61
11457.61
11457.61
11457.61
11334.49
11334.49
11706.33
11706.33
11857.32
11857.32
9050.00
9050.00
9050.00
9050.00
115.43
115.43
5808.04
5808.04
1213.27
1213.27
5002.76
5002.76
12423.24
12423.24
12423.24
12423.24
12423.24
12423.24
10619.70
10619.70
10619.70
10619.70
10619.70
10619.70
10619.70
10619.70
10619.70
10619.70
10619.70
10619.70
6735.83
6735.83
11677.83
11677.83
78.23
78.23
641.50
641.50
8758.14
8758.14
1273.05
1273.05
13749.77
13749.77
17863.66
17863.66
444.09
444.09
1965.38
1965.38
655.54
655.54
5967.83
5967.83
964.31
964.31
974.08
974.08
7321.12
7321.12
825.13
825.13
615.75
615.75
713.97
713.97
1821.71
1821.71
438.36
438.36
1232.30
1232.30
1709.14
1709.14
35.52
35.52
24.09
24.09
73.85
73.85
89.11
89.11
278.99
278.99
1210.68
1210.68
1210.68
10.18
10.18
832.36
832.36
8145.16
8145.16
53.13
78.38
78.38
78.38
12305.88
34.23
34.23
34.23
34.23
34.23
748.88
748.88
8286.15
8286.15
2320.19
2320.19
2320.19
3854.12
3854.12
56.87
41.82
51.02
51.02
432.73
432.73
826.51
826.51
826.51
826.51
706.38
17.02
2364.35
2364.35
50.82
50.82
77.61
77.61
123.89
123.89
126.72
126.72
10886.07
10886.07
10886.07
3760.47
3760.47
10.00
10.00
10.00
139.94
127.15
127.15
127.15
5362.77
5362.77
4628.80
4628.80
982.57
982.57
982.57
982.57
2196.38
2196.38
2196.38
2196.38
24.68
127.22
127.22
127.22
1738.63
1738.63
511.15
511.15
511.15
24.07
15071.65
141.69
689.75
672.10
2595.42
2595.42
647.19
647.19
647.19
256.78
256.78
6351.50
6351.50
6351.50
53.93
1307.18
9163.75
16.95
16.95
13715.69
3139.67
3139.67
5869.53
5869.53
20.34
20.34
441.68
441.68
432.95
432.95
733.70
733.70
17.41
17.41
825.38
825.38
1282.17
1282.17
992.29
992.29
148.67
148.67
176.92
176.92
176.92
311.52
75.00
75.00
75.00
226.78
226.78
226.78
226.78
19.98
19.98
6587.42
6587.42
6587.42
6587.42
2458.00
2458.00
7326.73
7326.73
7326.73
1205.20
1205.20
1205.20
183.52
183.52
183.52
204.17
204.17
25.04
25.04
3290.42
3290.42
697.69
92.49
92.49
26.86
2172.37
2172.37
18.13
18.13
270.35
331.58
331.58
1834.27
1834.27
41.52
5111.19
574.44
574.44
574.44
2830.96
967.94
967.94
17.39
17.39
17.39
1050.23
1050.23
1050.23
17.91
17.91
17.91
2805.56
2805.56
34.29
34.29
34.29
34.29
5011.35
5011.35
38.30
2571.55
2571.55
678.65
678.65
678.65
83.74
2094.02
2094.02
9020.93
9020.93
4198.81
100.20
15.93
15.93
15.93
1256.76
509.56
508.07
508.07
8900.55
456.65
86.03
86.03
160.92
160.92
984.17
984.17
212.76
212.76
2101.11
2101.11
6827.16
6827.16
1438.80
1438.80
5358.86
5358.86
268.14
268.14
268.14
338.25
1197.47
1197.47
369.65
369.65
2705.23
2705.23
10339.25
10339.25
92.39
92.39
355.71
355.71
4255.45
4255.45
761.58
761.58
19.90
19.90
664.93
664.93
12066.46
12066.46
12773.69
12773.69
447.12
447.12
447.12
447.12
12977.73
11712.67
3168.26
3168.26
7711.43
7711.43
550.63
550.63
6581.17
6581.17
656.21
656.21
3641.90
3641.90
714.80
714.80
5097.42
5097.42
4716.72
4716.72
9911.18
9911.18
9911.18
9911.18
1221.56
1221.56
5310.67
5310.67
5842.56
5842.56
5842.56
5842.56
5842.56
5842.56
5842.56
5842.56
12320.49
12320.49
12682.23
12682.23
13002.24
13002.24
13002.24
13002.24
13002.24
13002.24
12495.40
12495.40
713.66
713.66
7896.19
7896.19
5172.35
5172.35
5172.35
15893.45
11714.16
11714.16
728.26
728.26
14933.60
14933.60
726.19
726.19
7901.02
7901.02
4708.44
4708.44
508.99
508.99
3962.23
3962.23
7902.05
7902.05
8263.68
8263.68
8247.27
8247.27
10235.28
10235.28
10699.57
10699.57
10699.57
10699.57
10699.57
10699.57
69.43
69.43
8082.26
8082.26
6328.72
6328.72
4987.69
4987.69
12807.68
12807.68
12807.68
12807.68
12807.68
12807.68
13208.41
13208.41
11400.91
11400.91
13570.92
13570.92
1267.31
1267.31
13560.32
13560.32
5326.60
5326.60
6546.28
6546.28
11616.37
11616.37
1107.42
1107.42
7812.13
7812.13
678.23
678.23
298.41
298.41
1755.86
1755.86
469.16
469.16
51.04
51.04
51.04
550.13
13632.51
13632.51
703.14
703.14
703.14
15587.73
1793.48
1793.48
1793.48
921.04
147.65
147.65
702.11
702.11
702.11
182.32
5303.08
5303.08
6000.82
6000.82
25.51
25.51
34.23
34.23
127.29
127.29
2038.35
2038.35
2038.35
2038.35
127.58
25.57
18.14
18.14
5104.29
5104.29
1315.04
1315.04
1315.04
1315.04
468.71
468.71
468.71
468.71
353.81
353.81
8968.53
8968.53
17.71
5065.72
17817.33
631.91
631.91
76.11
76.11
835.64
835.64
100.84
100.84
12179.60
12179.60
734.20
734.20
4385.57
10339.95
10339.95
10339.95
22.11
22.11
325.98
325.98
843.26
843.26
99.94
782.69
782.69
782.69
457.38
457.38
3071.87
3071.87
280.49
280.49
12.49
12.49
68.27
68.27
3936.50
3936.50
1323.56
1323.56
993.11
993.11
241.00
241.00
16.38
16.38
172.93
172.93
172.93
756.09
756.09
9473.95
4465.77
4465.77
3973.89
3973.89
250.78
250.78
250.78
3207.25
3207.25
3684.48
3684.48
3684.48
4059.63
4264.10
4264.10
4264.10
171.47
5138.14
25.56
25.56
1291.23
1291.23
279.59
279.59
211.31
211.31
14.96
14.96
4255.79
4255.79
699.10
699.10
17.22
17.22
1118.91
1118.91
1118.91
539.28
6032.74
6032.74
9445.58
9445.58
2564.76
2564.76
89.32
89.32
3194.51
3194.51
1016.85
1016.85
102.11
102.11
140.60
140.60
70.00
70.00
221.19
221.19
1279.46
1279.46
8663.81
8663.81
406.26
406.26
1178.12
1178.12
53.25
53.25
459.41
459.41
5253.04
5253.04
5253.04
143.12
143.12
143.12
143.12
638.42
35.82
35.82
19.10
19.10
19.10
25.06
25.06
134.54
25.50
264.21
175.97
175.97
17.85
17.85
1279.23
1279.23
1279.23
1899.34
1899.34
1899.34
506.52
338.31
338.31
338.31
1102.02
1102.02
8802.01
8802.01
8802.01
8802.01
101.37
101.37
1010.90
1010.90
32.60
32.60
32.60
32.60
32.60
16.88
16.88
16.88
723.15
723.15
1174.70
1174.70
357.49
357.49
16.85
16.85
51.49
5972.21
1553.30
1553.30
11445.02
11445.02
124.31
124.31
124.31
51.71
418.81
418.81
49.53
49.53
49.53
126.67
126.67
79.06
79.06
79.06
79.06
79.06
636.01
636.01
636.01
9825.19
153.95
4384.48
4384.48
105.02
5390.74
5390.74
153.00
153.00
153.00
2860.19
2860.19
2860.19
2214.34
2214.34
371.69
457.51
971.91
971.91
971.91
2973.81
2973.81
11239.33
11239.33
11239.33
947.86
947.86
103.89
11533.32
17971.00
17971.00
3531.74
3531.74
234.21
234.21
68.44
68.44
305.52
305.52
305.52
185.64
615.99
615.99
615.99
5246.84
38.07
38.07
1808.38
1808.38
37.13
37.13
34.67
34.67
34.67
34.67
276.24
178.57
178.57
59.70
59.70
140.64
140.64
17.37
17.37
17.37
483.35
483.35
288.46
288.46
7472.20
7472.20
55.03
55.03
55.03
55.03
1293.86
1293.86
456.58
456.58
456.58
122.62
763.81
763.81
763.81
763.81
4018.74
4018.74
10705.63
13108.10
13108.10
512.91
1828.80
1828.80
200.36
200.36
200.36
503.44
503.44
503.44
503.44
280.73
280.73
180.84
1357.23
72.35
72.35
5894.53
5894.53
107.96
107.96
3440.76
9414.62
9414.62
9414.62
5114.19
9444.74
9444.74
209.94
127.00
127.00
40.62
5302.13
5302.13
5302.13
15.64
11.31
11.31
53.75
53.75
244.94
244.94
1275.83
1275.83
56.76
56.76
50.93
50.93
381.27
381.27
280.55
280.55
280.55
280.55
280.55
280.55
612.23
10036.70
10036.70
62.24
62.24
62.24
62.24
1262.25
1262.25
1262.25
25.45
21.30
21.30
21.30
21.30
330.83
330.83
3190.82
3190.82
5517.75
5517.75
9646.24
3577.59
15.78
15.78
819.25
189.74
52.17
52.17
52.17
172.31
172.31
5788.94
5788.94
5788.94
17.26
17.26
130.29
148.22
148.22
1574.62
24.83
18165.06
18165.06
18165.06
595.53
595.53
72.88
72.88
72.88
22.79
17.14
12.27
12.27
102.14
102.14
3776.81
3776.81
8358.05
8358.05
14471.69
14471.69
17.13
17.13
3756.83
3756.83
1780.94
1780.94
1305.33
1305.33
1305.33
18.43
801.73
801.73
672.56
672.56
35.51
35.51
12914.87
12914.87
12547.66
12547.66
676.66
676.66
676.66
8448.04
595.56
595.56
207.99
207.99
207.99
501.37
501.37
501.37
501.37
17.34
739.53
10.30
10.30
25.45
20.38
20.38
60.79
60.79
19.58
19.58
19.58
18.29
18.29
18.29
18.29
6687.04
6687.04
4085.66
4085.66
4085.66
204.47
204.47
204.47
5042.01
5042.01
660.49
660.49
159.21
940.38
940.38
535.82
192.57
192.57
488.61
10.00
20.44
7422.68
7422.68
152.10
152.10
5957.71
5957.71
15.97
15.97
517.49
517.49
3432.08
3432.08
705.27
705.27
705.27
33.80
33.80
33.80
33.80
281.73
281.73
583.79
7760.46
7760.46
130.88
130.88
130.88
11341.24
11341.24
835.83
835.83
835.83
835.83
835.83
65.83
65.83
65.83
65.83
812.89
812.89
204.16
565.93
565.93
565.93
565.93
679.26
679.26
3482.99
3482.99
115.37
96.54
96.54
4272.19
4272.19
37.68
1534.72
1534.72
10232.99
10232.99
82.36
82.36
60.67
60.67
60.67
8158.25
7795.19
7795.19
2366.03
2861.51
2861.51
3698.17
200.19
200.19
200.19
446.27
446.27
10139.86
20.32
7742.36
7312.23
7312.23
19.49
2802.82
2802.82
2802.82
102.00
8524.22
8524.22
8524.22
1786.39
36.76
36.76
216.57
216.57
166.87
166.87
3641.58
3641.58
469.47
469.47
19.25
19.25
328.55
328.55
328.55
1122.16
1122.16
1122.16
3782.72
3782.72
1756.06
2218.52
2218.52
765.96
79.21
79.21
12908.62
12908.62
12908.62
575.93
7489.00
7489.00
25.46
25.46
3614.53
3614.53
400.70
400.70
778.79
778.79
4588.34
4588.34
840.85
840.85
2606.95
2606.95
153.01
153.01
7583.68
7583.68
11.35
11.35
11.35
11.35
25.49
10.00
10.00
1271.29
1271.29
697.61
19.77
19.77
707.29
707.29
330.42
330.42
104.74
104.74
104.74
6756.95
6756.95
4281.69
4281.69
4281.69
6006.80
2959.84
2537.42
2537.42
14295.98
14295.98
726.78
726.78
5147.75
5147.75
5147.75
5147.75
25.46
25.46
6789.34
17969.19
1099.11
1099.11
18.78
18.78
3858.13
3858.13
183.43
183.43
5283.19
5283.19
5498.09
5498.09
5264.33
5264.33
4956.30
4956.30
4956.30
4956.30
152.87
152.87
1171.49
1171.49
231.34
231.34
231.34
119.17
119.17
92.34
3996.90
3996.90
1137.27
1137.27
2678.69
2678.69
2678.69
821.14
254.26
254.26
939.26
939.26
403.90
403.90
137.89
137.89
137.89
1996.74
1996.74
1996.74
1996.74
673.32
4206.78
193.26
3389.01
3389.01
949.78
949.78
17.42
17.42
17.42
101.84
101.84
88.87
88.87
1285.86
1285.86
204.72
204.72
173.41
173.41
18357.19
18357.19
18357.19
924.15
924.15
924.15
302.66
302.66
302.66
2445.08
2445.08
2445.08
6869.55
6869.55
6869.55
370.68
5961.33
5961.33
5961.33
5961.33
5961.33
133.28
16935.97
1155.80
230.36
230.36
6452.99
6697.52
6697.52
224.01
17.05
17.05
947.20
513.51
513.51
15.68
15.68
458.24
458.24
458.24
485.69
155.74
52.67
511.10
511.10
511.10
10.31
23.26
23.26
23.26
13.87
13.87
120.23
120.23
126.73
126.73
2128.74
1520.20
1520.20
1520.20
1520.20
61.60
20.51
229.11
229.11
229.11
1121.99
34.75
34.75
34.75
9714.81
9714.81
9714.81
5270.82
5270.82
5270.82
1119.23
1119.23
1915.73
1915.73
1915.73
118.67
4236.38
4236.38
6640.91
6640.91
6640.91
168.34
168.44
168.44
445.16
445.16
5462.35
1094.48
1094.48
1094.48
1451.82
1451.82
1451.82
1451.82
8827.76
8827.76
5341.67
40.21
40.21
195.33
698.88
71.24
71.24
1278.75
1278.75
229.08
229.08
5714.24
5714.24
7102.17
7102.17
6610.01
6610.01
592.98
592.98
592.98
20.97
20.97
20.97
17.50
17.50
17.50
10.00
10.00
2027.19
299.16
394.51
55.22
55.22
1046.96
1046.96
1275.38
1275.38
1275.38
1215.66
1215.66
34.74
34.74
34.74
86.48
86.48
1148.46
7602.25
7602.25
7602.25
4020.24
1296.44
8456.06
8456.06
8456.06
8456.06
1952.85
1952.85
18.39
18.39
18.39
720.67
237.18
237.18
237.18
2029.01
142.11
142.11
63.16
63.16
798.86
798.86
17.72
17.72
7665.65
7665.65
1490.72
1490.72
10875.56
10875.56
877.61
877.61
8481.47
8481.47
8481.47
8481.47
1120.80
175.33
175.33
180.59
180.59
4779.96
192.68
192.68
612.07
612.07
6478.42
6478.42
4365.81
4365.81
5047.43
5047.43
1469.01
1469.01
1469.01
1469.01
54.58
54.58
2278.30
323.09
1401.49
1401.49
9244.21
9244.21
8869.80
8869.80
209.44
209.44
209.44
209.44
209.44
209.44
440.75
440.75
37.15
37.15
65.91
65.91
65.91
65.91
16.44
16.44
1342.98
1342.98
1342.98
1342.98
2178.57
7939.02
7939.02
4639.17
14768.79
15375.01
6066.58
1567.09
1567.09
1567.09
124.97
124.97
124.97
124.97
253.65
253.65
253.65
919.02
919.02
919.02
10.31
2954.89
8007.75
2696.98
2696.98
20.22
3641.67
3641.67
3641.67
3641.67
3641.67
4817.44
4817.44
4817.44
8030.90
8030.90
2117.22
3939.55
3939.55
3939.55
17.18
5016.88
5016.88
2611.03
8322.49
8322.49
6110.21
212.24
212.24
212.24
98.16
98.16
98.16
20.75
20.75
17.16
17.16
18.14
18.14
189.44
189.44
4236.30
4236.30
13851.40
13851.40
1404.26
1404.26
5027.71
5027.71
1120.05
1120.05
2143.98
2143.98
340.68
340.68
15.17
15.17
17.37
17.37
17.37
1088.40
4779.32
4779.32
150.37
150.37
80.17
80.17
154.32
154.32
1417.55
1417.55
1250.01
1250.01
1269.76
1269.76
14.54
14.54
41.54
41.54
514.75
514.75
3243.98
3243.98
3243.98
1117.97
1117.97
6553.54
6553.54
6553.54
6553.54
4445.85
648.20
648.20
648.20
648.20
51.81
6606.38
21.05
15186.75
15186.75
1394.91
11.85
11.85
17547.70
17547.70
9284.50
9284.50
909.11
909.11
2753.92
2753.92
719.48
719.48
1834.05
1834.05
1252.32
1252.32
102.19
102.19
307.34
307.34
331.41
331.41
353.27
353.27
7662.05
7662.05
19.26
19.26
79.60
79.60
491.52
491.52
2904.96
2904.96
722.28
722.28
2420.81
2420.81
153.69
153.69
11.57
11.57
9246.61
9246.61
746.09
746.09
25.32
25.32
53.94
53.94
669.07
669.07
15.15
15.15
895.14
895.14
17895.08
17895.08
654.96
654.96
11247.48
11247.48
12768.30
12768.30
505.25
505.25
34.60
34.60
723.21
723.21
8365.99
8365.99
14076.58
14076.58
9748.62
9748.62
5819.74
5819.74
586.05
586.05
8642.22
8642.22
716.47
716.47
716.47
716.47
716.47
716.47
716.47
716.47
716.47
716.47
716.47
716.47
716.47
716.47
716.47
716.47
716.47
716.47
15592.71
5603.16
3935.11
7528.02
1219.31
12678.56
14.82
713.60
257.21
257.21
227.00
227.00
8689.62
8689.62
16.28
16.28
1247.73
1247.73
11701.35
11701.35
187.24
187.24
14037.18
14037.18
6889.74
6889.74
642.80
642.80
83.50
83.50
718.83
718.83
13872.75
13872.75
1472.71
1472.71
181.99
181.99
14232.33
14232.33
724.21
724.21
15359.81
15359.81
726.42
726.42
1325.77
1325.77
7471.19
7471.19
7471.19
7471.19
7471.19
7471.19
460.90
460.90
15664.16
15664.16
15664.16
15664.16
15664.16
15664.16
15664.16
15664.16
15664.16
573.71
7393.80
7393.80
442.88
442.88
50.90
50.90
16021.53
16021.53
16021.53
16021.53
16021.53
16021.53
16021.53
16021.53
7465.45
7465.45
2142.53
2142.53
563.79
563.79
3108.59
3108.59
458.85
458.85
127.29
127.29
494.05
494.05
508.40
508.40
1343.37
1343.37
721.10
721.10
76.50
76.50
1278.33
1278.33
270.76
270.76
305.79
305.79
15.78
15.78
50.76
50.76
50.76
9642.99
9642.99
51.07
1320.84
1320.84
1320.84
73.88
62.15
62.15
535.16
535.16
119.69
119.69
695.36
695.36
2731.70
2731.70
2731.70
6100.27
6100.27
408.19
408.19
1387.88
705.38
705.38
2747.35
2747.35
1272.18
1272.18
11621.72
11621.72
1659.17
1659.17
679.11
679.11
679.11
906.35
826.49
826.49
5840.84
5840.84
86.75
86.75
253.81
253.81
209.25
209.25
680.19
680.19
2306.47
2306.47
716.38
716.38
1872.56
1872.56
98.74
98.74
98.74
997.10
18042.90
18042.90
1121.47
1121.47
20.54
20.54
121.56
121.56
932.20
932.20
1679.48
1679.48
861.82
861.82
9345.13
9345.13
594.32
594.32
12092.97
12092.97
25.44
25.44
50.26
50.26
18138.05
18138.05
447.56
447.56
25.42
25.42
15.97
15.97
9295.49
9295.49
2565.96
2565.96
685.21
685.21
229.42
229.42
229.42
389.45
389.45
5955.92
6305.93
6305.93
20.73
20.73
21.59
21.59
610.52
610.52
610.52
497.52
1077.90
1077.90
108.40
108.40
5754.83
5754.83
724.08
724.08
1299.27
1299.27
447.64
447.64
1281.30
1281.30
1281.30
262.18
4713.48
4713.48
3038.61
3038.61
721.25
721.25
721.25
721.25
2194.26
2194.26
968.55
968.55
344.59
344.59
344.59
671.57
671.57
10911.62
662.84
662.84
662.84
10990.42
10990.42
15838.85
15838.85
1103.56
1103.56
11166.74
11166.74
1120.84
1120.84
18184.88
18184.88
107.46
107.46
701.33
701.33
287.79
287.79
703.11
703.11
5014.43
5014.43
4001.52
4001.52
2853.65
2853.65
6104.74
6104.74
3005.07
3005.07
8341.10
8341.10
10272.03
10272.03
10801.21
10801.21
1202.08
1202.08
18.95
18.95
12113.22
12113.22
7668.11
7668.11
7668.11
7668.11
7668.11
7668.11
7668.11
7668.11
15052.08
15052.08
1301.60
1301.60
8723.57
8723.57
1117.58
1117.58
7257.06
7257.06
12680.56
12680.56
121.02
121.02
17.14
17.14
102.11
102.11
1834.56
1834.56
1314.84
1314.84
841.19
841.19
7222.81
7222.81
127.30
127.30
53.80
53.80
792.13
792.13
138.08
138.08
5718.06
5718.06
2985.36
2985.36
485.43
485.43
813.57
813.57
8544.01
8544.01
710.69
710.69
14162.43
14162.43
5743.08
5743.08
2302.62
2302.62
35.60
35.60
1295.77
1295.77
11.68
11.68
22.92
22.92
3890.25
3890.25
835.12
835.12
454.27
454.27
563.88
563.88
1322.02
1322.02
25.32
25.32
25.54
25.54
70.85
70.85
193.82
193.82
726.84
726.84
66.40
66.40
66.40
891.80
433.81
433.81
10.00
10.00
10.00
5421.51
5421.51
5421.51
5421.51
198.56
7012.23
17.27
17.27
460.12
460.12
2522.57
2522.57
2522.57
3036.27
3036.27
3036.27
1511.47
8818.35
8818.35
254.09
1054.05
1054.05
1054.05
5605.16
5605.16
2468.10
739.10
1280.85
1280.85
1280.85
1946.57
9641.41
9641.41
83.53
83.53
730.35
730.35
1015.25
1015.25
1015.25
1015.25
155.98
155.98
155.98
2299.83
2299.83
2299.83
366.22
366.22
366.22
7448.50
7448.50
17.36
17.36
3728.38
19.78
19.78
474.77
474.77
202.65
202.65
14.83
14.83
638.66
638.66
58.53
130.91
102.85
102.85
102.85
128.04
128.04
128.04
57.86
57.86
51.79
68.55
68.55
68.55
25.58
278.67
278.67
18.76
18.76
204.45
204.45
232.44
232.44
232.44
6672.05
6672.05
6672.05
330.45
330.45
330.45
1369.80
25.36
25.36
25.36
127.10
20.72
20.72
976.57
976.57
976.57
101.24
101.24
18.44
18.44
18.44
2555.05
16.00
452.71
452.71
5332.82
19.82
19.82
19.82
19.82
2885.30
2885.30
40.91
40.91
40.91
5689.05
854.73
854.73
2383.80
2383.80
6050.12
4476.67
4476.67
7977.67
528.14
528.14
76.54
76.54
98.13
98.13
98.13
25.42
25.42
25.42
230.16
230.16
52.54
52.54
101.93
17.81
2019.85
358.69
358.69
5832.24
5832.24
5832.24
1856.54
1856.54
1856.54
97.14
97.14
97.14
6630.00
6630.00
6630.00
6630.00
1720.28
4153.16
4153.16
11022.78
11022.78
11022.78
6400.78
6400.78
6400.78
14371.20
5962.10
5962.10
4722.27
4722.27
25.44
17819.89
2888.57
2888.57
7879.82
12613.82
1041.35
1041.35
9862.01
9862.01
10536.61
10536.61
605.58
605.58
7136.90
7136.90
1277.50
1277.50
6553.85
6553.85
4119.85
4119.85
487.86
487.86
4725.88
4725.88
673.67
673.67
3782.15
3782.15
36.49
36.49
364.57
364.57
2269.84
2269.84
4258.69
4258.69
4387.49
4387.49
452.36
452.36
1118.11
1118.11
8358.01
8358.01
1003.53
1003.53
2111.68
2111.68
728.64
728.64
76.82
76.82
457.30
457.30
10.15
10.15
260.53
260.53
853.18
853.18
509.34
509.34
449.35
449.35
21.92
21.92
13052.78
13052.78
4773.67
4773.67
11986.58
11986.58
725.56
725.56
12.12
12.12
711.32
711.32
711.32
711.32
348.74
10082.83
10082.83
3491.53
3491.53
6402.09
619.28
619.28
4327.44
4327.44
3646.93
3646.93
985.58
985.58
8713.63
8713.63
1032.51
1032.51
11823.94
11823.94
688.77
688.77
10059.62
10059.62
6412.82
6412.82
8933.86
8933.86
7739.34
7739.34
6111.26
6111.26
6793.27
6793.27
6793.27
6793.27
6793.27
6793.27
6793.27
6793.27
7834.84
7834.84
161.23
161.23
155.26
155.26
127.49
127.49
204.08
204.08
1291.49
1291.49
10404.91
10404.91
1282.10
1282.10
988.91
988.91
13678.91
13678.91
12479.68
12479.68
12479.68
6894.72
6894.72
4016.76
4016.76
21.99
21.99
21.99
173.14
1116.32
13740.68
13740.68
51.73
51.73
626.46
626.46
70.24
70.24
11843.80
11843.80
2877.11
2877.11
1104.09
1104.09
5477.71
5477.71
1261.08
1261.08
69.87
69.87
5614.07
5614.07
8238.25
8238.25
5599.52
5599.52
22.56
22.56
74.37
74.37
994.15
994.15
994.15
161.30
52.72
52.72
7447.67
7447.67
606.11
606.11
21.72
21.72
21.72
51.05
34.78
34.78
573.94
573.94
72.17
72.17
1193.62
1193.62
4226.06
4226.06
645.53
645.53
1607.73
1607.73
11790.79
11790.79
4368.82
4368.82
4368.82
335.72
9318.40
9318.40
900.87
900.87
1039.03
1039.03
8128.17
8128.17
8128.17
640.59
178.99
178.99
211.82
211.82
14.48
14.48
484.11
484.11
102.03
102.03
10148.46
10148.46
23.21
23.21
762.34
762.34
648.05
648.05
648.05
72.87
975.83
975.83
25.50
25.50
10.16
10.16
20.67
20.67
577.49
577.49
740.98
740.98
3037.50
3037.50
6156.60
6156.60
521.89
521.89
11836.64
11836.64
9589.74
9589.74
9589.74
1277.69
1277.69
10.00
10.00
10.00
251.95
251.95
4120.57
4120.57
8792.90
8792.90
4210.04
4210.04
50.97
50.97
76.53
76.53
72.85
72.85
9087.65
9087.65
9087.65
3583.48
3583.48
3583.48
35.70
508.18
1058.42
1058.42
38.40
38.40
38.40
71.85
71.85
702.72
702.72
39.01
39.01
698.71
12649.97
12649.97
10.42
10.42
1276.75
1276.75
1276.75
45.06
690.55
690.55
330.07
330.07
4568.31
4568.31
2809.60
2809.60
2809.60
10056.44
1083.78
1083.78
4007.69
4007.69
714.45
714.45
158.81
158.81
460.48
460.48
708.01
708.01
196.67
196.67
183.05
183.05
3567.58
3567.58
17.44
17.44
357.37
357.37
23.88
23.88
475.87
475.87
2682.19
2682.19
76.28
76.28
858.01
858.01
468.38
468.38
468.38
468.38
3087.58
20.07
20.07
20.07
2130.20
18.38
9027.26
9027.26
9027.26
146.76
74.86
74.86
74.86
984.04
10898.28
10898.28
435.94
435.94
178.07
178.07
5660.49
5660.49
5660.49
302.13
33.29
33.29
641.47
641.47
13.98
13.98
14.73
14.73
1130.61
1130.61
1527.91
1527.91
1122.32
1122.32
1122.32
1680.70
189.05
189.05
189.05
7310.18
4237.47
4237.47
4237.47
745.30
745.30
560.95
485.51
485.51
2673.39
2673.39
11.84
11.84
15.98
15.98
7150.05
7150.05
567.91
567.91
10.53
10.53
573.49
573.49
1886.79
1886.79
9703.28
9703.28
22.14
22.14
22.14
8004.83
3831.03
3831.03
3055.15
3055.15
7699.05
7699.05
7662.86
7662.86
7662.86
1776.72
689.60
689.60
9496.66
9496.66
1046.55
1046.55
17929.54
17929.54
18134.11
18134.11
972.30
972.30
332.92
332.92
445.40
445.40
17.78
17.78
16543.61
16543.61
950.23
950.23
25.44
25.44
25.44
170.46
310.41
310.41
747.01
747.01
1444.69
1444.69
659.94
659.94
1271.68
1271.68
270.66
270.66
17.36
17.36
4537.48
4537.48
2537.38
2537.38
2537.38
1895.47
1895.47
481.12
481.12
23.69
23.69
185.43
1295.80
1295.80
1295.80
1295.80
206.51
12600.82
12600.82
51.09
3823.58
3823.58
1073.50
1073.50
1073.50
205.62
656.25
656.25
656.25
656.25
656.25
5404.55
57.32
57.32
688.31
116.41
699.12
699.12
2235.60
2235.60
3286.33
3286.33
1104.94
1104.94
1104.94
5792.55
971.75
971.75
74.41
74.41
74.41
52.56
52.56
3112.51
3112.51
3112.51
101.64
7492.16
180.46
180.46
710.83
710.83
3548.29
3548.29
76.50
76.50
76.50
10.00
10.00
203.96
203.96
280.48
10.00
10.00
10.00
436.43
17.21
17.21
17.21
17.21
4852.38
4852.38
4852.38
4852.38
17.15
6505.37
6505.37
6505.37
1276.89
1276.89
1276.89
119.23
119.23
119.23
355.85
355.85
355.85
79.55
79.55
5339.70
5339.70
35.66
54.80
418.17
418.17
418.17
18.56
18.56
18.56
793.33
3261.61
15.42
229.74
350.74
11178.13
11178.13
106.32
106.32
1609.91
1609.91
344.11
586.34
586.34
672.16
672.16
672.16
352.25
1172.97
1172.97
1172.97
25.52
12684.99
1313.43
1313.43
279.85
279.85
72.15
72.15
16.45
16.45
17.45
17.45
621.36
621.36
621.36
284.69
284.69
284.69
70.03
17.57
17.57
199.59
199.59
6394.53
25.48
25.48
1120.45
1120.45
1120.45
154.65
1194.62
1194.62
577.21
577.21
577.21
18.43
1317.71
1317.71
2394.90
2394.90
2394.90
236.73
33.99
33.99
33.99
15.67
216.71
216.71
86.44
86.44
1283.46
1283.46
101.91
101.91
4435.27
4435.27
163.21
163.21
163.21
127.04
127.04
354.17
354.17
229.10
229.10
229.10
22.81
22.81
22.81
18.02
18.02
18.02
787.89
787.89
787.89
305.90
305.90
178.40
178.40
178.40
11.62
1209.40
1209.40
159.16
159.16
7098.86
7098.86
3058.35
3058.35
3058.35
3058.35
3058.35
1961.40
1961.40
107.40
107.40
107.40
663.90
663.90
5539.74
5539.74
10.06
2561.38
2561.38
158.28
158.28
4379.51
4379.51
154.03
154.03
127.50
17.46
375.15
6890.50
40.48
40.48
4658.81
209.93
209.93
6461.43
6461.43
70.92
70.92
728.80
728.80
728.80
93.31
407.69
407.69
407.69
10.95
762.27
762.27
101.78
101.78
164.82
164.82
545.08
545.08
545.08
2631.56
2631.56
3394.87
1422.85
1422.85
1422.85
14904.50
3269.13
3269.13
3269.13
12822.93
1954.40
1954.40
2543.59
2543.59
21.41
21.41
161.66
161.66
194.63
194.63
362.88
362.88
287.89
287.89
15.22
15.22
1292.16
1292.16
588.70
588.70
8550.68
8550.68
3362.63
3362.63
18.03
18.03
7250.85
7250.85
18.80
18.80
18.80
6342.31
6342.31
214.07
214.07
1606.19
3364.54
3364.54
139.63
139.63
454.20
454.20
17.98
17.98
702.95
702.95
5869.17
5869.17
599.67
599.67
51.74
51.74
227.71
227.71
1075.51
1075.51
177.74
177.74
171.24
171.24
515.27
515.27
63.12
63.12
255.03
255.03
50.22
50.22
1301.97
1301.97
713.88
713.88
10.00
10.00
6134.46
6134.46
2117.07
2117.07
1279.72
1279.72
379.23
379.23
89.35
89.35
3911.62
3911.62
3911.62
3203.31
3203.31
3203.31
3563.05
3563.05
226.91
226.91
226.91
9553.55
9553.55
17.29
17.29
17.29
3785.79
3785.79
457.78
104.64
104.64
246.31
193.66
193.66
4801.10
4801.10
174.99
174.99
12776.26
12776.26
12776.26
12776.26
9676.09
9676.09
6149.84
6149.84
6149.84
15794.79
109.42
109.42
109.42
3520.71
3520.71
4886.50
4886.50
4886.50
496.04
496.04
2969.77
1302.71
666.66
3079.84
4754.30
3252.85
187.21
187.21
110.30
110.30
815.90
815.90
17.30
17.30
3746.87
3746.87
110.45
110.45
1119.78
1119.78
184.80
184.80
1313.74
1313.74
199.25
199.25
2945.62
2945.62
2945.62
5708.58
5708.58
1300.80
1300.80
1300.80
2237.67
1482.98
1482.98
1482.98
10389.56
15.77
407.83
407.83
11873.40
11873.40
3163.92
3163.92
824.76
824.76
1254.75
1254.75
51.87
51.87
221.11
221.11
2405.96
2405.96
699.09
699.09
53.15
53.15
5643.59
5643.59
11808.90
11808.90
3582.01
3582.01
1092.15
1092.15
5013.28
5013.28
761.86
761.86
3178.56
3178.56
40.61
40.61
1164.63
1164.63
16.93
16.93
1318.52
1318.52
79.26
79.26
84.58
84.58
17.36
17.36
89.87
89.87
6773.14
6773.14
5118.88
5118.88
5118.88
5118.88
5118.88
457.30
457.30
491.23
491.23
14.52
14.52
14.52
257.56
257.56
2659.34
2659.34
5608.06
3566.63
3566.63
948.52
3211.19
3211.19
3211.19
950.26
18.86
18.86
440.87
440.87
4696.13
4696.13
1415.51
1415.51
539.16
539.16
102.58
102.58
1320.73
1320.73
17599.19
17599.19
11602.69
11602.69
728.78
728.78
1809.77
1809.77
1362.60
1362.60
6620.90
6620.90
529.59
529.59
6768.18
6768.18
160.01
160.01
838.28
838.28
588.38
588.38
440.86
440.86
7118.80
7118.80
1233.58
1233.58
17.29
17.29
3745.16
3745.16
720.30
720.30
1747.64
1747.64
731.60
731.60
53.74
53.74
50.99
50.99
203.39
203.39
18.43
18.43
49.93
49.93
49.93
2048.99
5945.31
5945.31
7225.57
7225.57
12952.16
12952.16
12952.16
4214.75
4214.75
5025.39
5025.39
2025.95
2025.95
2025.95
2025.95
6048.53
6048.53
6048.53
49.39
408.42
5387.08
178.64
53.13
53.13
6745.78
6745.78
3852.88
3852.88
3266.92
3266.92
231.78
231.78
79.59
79.59
79.59
1120.92
228.67
228.67
117.90
117.90
23.95
23.95
1493.20
1493.20
17.36
17.36
175.36
175.36
175.36
17.79
75.25
75.25
161.25
161.25
161.25
107.06
107.06
4409.89
4409.89
4409.89
6553.19
6553.19
9535.84
9535.84
9535.84
2575.27
2407.06
2407.06
2407.06
2407.06
2276.92
2276.92
2276.92
2276.92
37.67
37.67
37.67
76.34
76.34
50.89
255.24
20.09
183.97
4237.47
4110.54
1384.15
10956.50
10956.50
10956.50
2388.65
102.59
102.59
405.37
405.37
405.37
405.37
902.89
902.89
902.89
415.55
415.55
147.25
126.98
126.98
76.88
76.88
12453.94
18.42
1771.87
1771.87
2959.47
2959.47
1712.25
1712.25
1712.25
6800.44
10048.22
10048.22
10048.22
9271.27
985.38
985.38
3184.65
3184.65
11102.92
11102.92
689.42
689.42
5527.69
5527.69
55.43
55.43
1550.65
1550.65
199.69
199.69
451.60
451.60
299.58
299.58
1304.59
1304.59
10.00
10.00
466.64
466.64
3491.76
3491.76
247.36
247.36
130.20
130.20
136.53
136.53
136.53
580.71
21.54
21.54
2815.75
2815.75
9441.31
9441.31
1380.00
1380.00
15.94
15.94
176.80
176.80
1307.42
1307.42
212.83
212.83
8011.66
8011.66
1682.15
1682.15
500.74
500.74
6648.39
6648.39
631.28
631.28
55.88
55.88
55.88
2636.00
6638.69
6638.69
873.87
873.87
6011.01
6011.01
667.90
667.90
667.90
6778.69
5245.37
5245.37
842.96
842.96
142.19
142.19
1122.09
1122.09
1949.70
1949.70
2549.25
2549.25
17545.64
17545.64
9018.13
9018.13
708.68
708.68
9928.04
9928.04
11185.89
11185.89
11185.89
11185.89
11185.89
11185.89
11513.30
11513.30
11513.30
11513.30
10.00
10.00
12165.31
12165.31
12009.51
12009.51
5711.43
5711.43
5711.43
5711.43
5711.43
5711.43
5711.43
5711.43
2052.92
2052.92
1983.99
1983.99
12896.42
12896.42
6679.48
6679.48
16119.96
16119.96
716.96
716.96
17834.45
17834.45
17834.45
17834.45
433.31
433.31
17.35
17.35
1115.54
1115.54
8606.22
8606.22
715.23
715.23
5629.98
5629.98
355.62
355.62
5811.70
5811.70
5811.70
5811.70
1271.86
1271.86
13097.74
13097.74
12151.15
12151.15
11636.96
11636.96
7187.37
7187.37
723.81
723.81
16442.45
16442.45
704.44
704.44
2076.38
2076.38
3516.59
3516.59
10.00
10.00
10.17
10.17
139.32
139.32
91.82
91.82
1470.65
1470.65
1303.51
1303.51
305.41
305.41
665.37
665.37
665.37
2708.36
2708.36
1352.82
1352.82
1352.82
1557.39
1557.39
554.30
51.44
51.44
272.86
96.27
96.27
96.27
33.63
33.63
204.33
1027.60
1027.60
1001.31
1001.31
24.67
24.67
24.67
24.67
40.06
40.06
304.70
304.70
126.83
126.83
6036.62
39.66
39.66
39.66
18.05
18.05
4516.60
4516.60
4516.60
12488.72
12488.72
25.26
25.26
25.26
707.65
375.61
375.61
21.44
21.44
152.48
178.82
37.25
37.25
884.40
264.44
264.44
75.20
75.20
1274.88
1274.88
582.55
582.55
98.13
98.13
531.96
531.96
152.22
152.22
152.22
151.37
151.37
2045.56
2045.56
2045.56
1596.05
41.81
304.52
304.52
1279.11
1279.11
13104.65
13104.65
864.88
864.88
814.83
814.83
814.83
927.07
927.07
927.07
2894.46
2894.46
76.36
76.36
2243.26
2243.26
709.69
709.69
17086.44
17086.44
17070.31
17070.31
23.71
23.71
1970.59
1970.59
1970.59
34.57
34.57
152.94
76.56
76.56
76.56
20.10
76.02
76.02
76.02
4332.58
609.98
609.98
86.03
86.03
86.03
549.09
549.09
24.51
24.51
24.51
149.63
149.63
305.90
305.90
7736.08
12723.85
99.47
99.47
24.79
24.79
24.79
24.79
66.80
66.80
35.47
35.47
76.19
76.19
80.66
80.66
2519.39
1023.23
4755.85
4755.85
3399.24
3399.24
3399.24
16005.20
16005.20
16005.20
16005.20
316.91
316.91
316.91
2078.05
2078.05
2078.05
2078.05
19.98
19.98
19.98
19.98
2495.39
17.51
17.51
985.57
328.70
100.90
100.90
663.82
6178.68
6178.68
813.53
813.53
1323.36
1323.36
1323.36
2821.09
2821.09
2078.99
868.14
868.14
868.14
4430.35
831.54
831.54
831.54
3463.99
4870.51
4870.51
156.20
156.20
16362.30
16362.30
947.98
947.98
947.98
277.79
277.79
34.48
34.48
50.34
111.17
111.17
118.16
118.16
101.67
101.67
52.22
52.22
18.12
18.12
277.44
277.44
152.12
152.12
152.12
303.66
303.66
523.74
523.74
523.74
523.74
591.61
591.61
591.61
591.61
591.61
578.20
578.20
578.20
578.20
578.20
381.58
381.58
381.58
2234.31
68.99
3381.77
3381.77
203.97
203.97
203.97
996.84
996.84
996.84
996.84
2340.46
2340.46
453.49
453.49
453.49
16.53
16.53
324.43
324.43
324.43
646.19
646.19
646.19
231.61
22.71
6799.97
6799.97
460.06
460.06
460.06
69.78
69.78
22.46
22.46
22.46
101.84
1421.15
1421.15
2400.86
2400.86
2400.86
1353.91
1353.91
4031.77
4031.77
816.54
23.89
23.89
6424.00
6424.00
1449.65
17.51
17.51
17.51
455.57
455.57
310.95
608.54
608.54
7953.05
2726.11
8574.54
13116.35
2161.80
3901.33
3901.33
6966.80
6966.80
715.14
715.14
715.14
10.00
10.00
10.00
114.38
1255.64
750.92
750.92
3749.05
3749.05
2592.25
2592.25
1117.89
1117.89
83.53
83.53
139.59
139.59
34.17
34.17
69.64
69.64
130.73
130.73
37.68
37.68
7690.33
7690.33
1291.05
1291.05
25.34
25.34
1268.55
1268.55
117.41
117.41
298.35
298.35
298.35
2909.79
2909.79
7827.47
7827.47
18.89
18258.08
18258.08
559.12
559.12
2461.93
2461.93
2805.31
2805.31
14516.98
14516.98
301.66
301.66
697.61
697.61
810.00
810.00
148.09
148.09
381.63
381.63
206.75
206.75
1275.12
1275.12
329.62
329.62
16.41
16.41
819.53
819.53
412.16
412.16
256.22
256.22
13180.75
13180.75
1215.77
1215.77
1215.77
1438.89
1438.89
1438.89
2335.40
2335.40
16.29
16.29
522.43
522.43
713.10
713.10
17.36
17.36
17.36
13373.91
13373.91
13373.91
278.01
278.01
4992.80
4992.80
4992.80
402.56
402.56
155.80
155.80
155.80
155.80
1679.46
1679.46
3970.89
3970.89
11.79
480.26
84.94
84.94
122.36
18.80
419.58
11.69
11.69
11.69
229.54
229.54
1553.37
15.97
15.97
4710.47
4710.47
867.28
867.28
82.17
82.17
1064.34
1064.34
3285.35
3285.35
15.77
15.77
726.07
726.07
726.07
726.07
726.07
14513.67
14513.67
14513.67
14513.67
14513.67
14513.67
14513.67
1010.91
19.80
854.87
5799.12
5799.12
5799.12
178.74
178.74
178.74
266.71
266.71
15.91
25.45
10.00
10.00
10.00
3357.86
68.10
68.10
80.38
431.93
13587.17
128.20
128.20
5332.44
5332.44
5332.44
1283.18
1283.18
1283.18
777.44
777.44
3066.48
3066.48
312.03
312.03
312.03
312.03
20.91
126.46
126.46
124.34
124.34
10.00
612.08
612.08
612.08
404.99
404.99
6126.07
6126.07
282.06
282.06
17.20
2972.78
2972.78
2972.78
22.56
22.56
635.13
635.13
109.11
109.11
206.37
206.37
206.37
206.37
206.37
4013.05
4013.05
4013.05
4013.05
182.31
326.22
326.22
966.28
7007.18
203.05
203.05
260.96
260.96
260.96
90.06
90.06
720.05
720.05
720.05
477.76
2083.53
435.47
15525.08
15525.08
15525.08
3460.77
3460.77
3460.77
17.65
70.30
70.30
16.05
4246.00
2404.37
2404.37
76.10
76.10
654.62
2165.90
2165.90
751.21
751.21
3888.85
3888.85
701.75
701.75
13734.21
13734.21
13734.21
13734.21
13734.21
5498.44
5498.44
5498.44
19.31
19.31
19.31
3660.29
3660.29
1094.67
130.45
17328.23
17328.23
18.77
6541.20
6541.20
13436.25
13436.25
456.95
456.95
255.72
255.72
314.31
314.31
62.79
62.79
2671.95
2671.95
2671.95
675.55
329.57
329.57
606.49
606.49
10.00
10.00
5240.42
5240.42
1280.18
1280.18
17.74
17.74
17.74
1780.11
1709.99
1709.99
3743.61
3743.61
1193.16
1193.16
13764.11
13764.11
13764.11
2470.19
302.86
302.86
93.59
93.59
93.59
93.59
149.44
356.38
356.38
356.38
33.91
33.91
615.20
615.20
81.35
81.35
536.91
536.91
115.67
115.67
270.81
270.81
1317.12
1317.12
1317.12
432.04
432.04
2061.73
2061.73
2061.73
17.33
291.05
291.05
433.22
433.22
209.03
209.03
37.05
37.05
37.05
92.51
18.92
18.92
18.92
18.92
6349.66
642.13
642.13
642.13
51.35
8107.84
8107.84
1273.17
1273.17
20.23
20.23
472.83
472.83
472.83
472.83
1486.95
1486.95
285.39
285.39
6225.24
6225.24
490.56
490.56
490.56
10.08
10.08
34.98
1045.38
1045.38
500.71
500.71
8571.07
8571.07
22.96
22.96
7200.68
7200.68
56.41
56.41
966.20
966.20
1302.76
1302.76
22.64
22.64
584.09
1782.08
1782.08
2510.58
2510.58
11230.12
11230.12
11230.12
100.04
100.04
11791.16
281.39
281.39
2806.29
2806.29
2806.29
1824.65
1824.65
3398.60
200.99
50.26
50.26
35.90
35.90
725.84
725.84
10.47
10.47
722.58
722.58
1429.91
1429.91
3984.84
3984.84
1691.79
1691.79
8064.10
8064.10
734.91
734.91
17511.19
17511.19
1321.91
1321.91
10404.13
10404.13
2891.27
2891.27
2047.10
2047.10
3748.93
3748.93
457.39
457.39
190.91
190.91
1960.92
1960.92
883.58
883.58
2837.06
2837.06
779.79
779.79
779.79
6059.03
1124.30
1124.30
9305.04
9305.04
12.19
12.19
7551.24
7551.24
7876.91
7876.91
9868.16
9868.16
9868.16
9868.16
9868.16
9868.16
9667.60
9667.60
9693.72
9693.72
10964.58
10964.58
13500.17
13500.17
714.02
714.02
12800.53
12800.53
4048.55
4048.55
13710.70
13710.70
11592.06
11592.06
683.22
683.22
1300.28
1300.28
16512.17
16512.17
9106.65
9106.65
469.46
469.46
444.22
444.22
23.96
23.96
488.31
488.31
15071.42
15071.42
877.86
877.86
1119.35
1119.35
9972.33
9972.33
1118.60
1118.60
4949.62
4949.62
1709.18
1709.18
3228.15
3228.15
3664.42
3664.42
3664.42
1123.49
18150.28
18150.28
722.41
722.41
18119.85
18119.85
11393.60
11393.60
948.79
948.79
14.82
14.82
5211.45
5211.45
5211.45
5211.45
5211.45
5211.45
5211.45
5211.45
18.92
18.92
1119.48
1119.48
2776.01
2776.01
720.88
720.88
16640.79
16640.79
9167.61
9167.61
10463.56
10463.56
574.88
574.88
1010.64
1010.64
33.61
33.61
7650.84
7650.84
845.54
845.54
1107.02
1107.02
7977.58
7977.58
78.63
78.63
78.63
619.36
18.52
18.52
18.52
3287.48
3101.31
3101.31
7834.12
7834.12
7834.12
1119.60
908.71
908.71
2522.30
2522.30
588.68
588.68
11147.94
11147.94
11147.94
443.19
10237.08
10237.08
902.41
902.41
7426.92
7426.92
372.71
372.71
254.78
254.78
5775.61
5775.61
5775.61
419.97
10.00
10.00
16858.37
16858.37
3722.47
3722.47
5105.80
5105.80
5105.80
1010.08
8699.49
8699.49
724.16
724.16
6142.04
6142.04
8334.22
8334.22
16899.57
16899.57
1700.58
1700.58
739.69
739.69
5648.18
5648.18
5210.06
5210.06
14087.67
14087.67
9839.67
9839.67
9839.67
9839.67
9839.67
9839.67
703.29
703.29
12741.00
12741.00
1117.24
1117.24
6325.97
6325.97
6325.97
6325.97
9212.30
9212.30
13293.07
13293.07
13420.35
13420.35
14238.10
14238.10
3304.66
3304.66
6871.57
6871.57
1650.88
1650.88
732.93
732.93
24.76
24.76
17908.22
17908.22
1034.08
1034.08
4908.37
4908.37
837.29
837.29
18027.42
18027.42
2075.80
2075.80
49.08
49.08
6042.66
6042.66
653.88
653.88
1266.66
1266.66
1120.54
1120.54
920.81
920.81
986.30
986.30
1188.41
1188.41
1140.42
1140.42
1745.58
1745.58
1341.67
1341.67
1840.18
1840.18
4118.34
4118.34
8118.82
8118.82
1359.36
1359.36
13653.09
13653.09
1084.87
1084.87
1121.58
1121.58
8906.57
8906.57
1106.21
1106.21
5229.22
5229.22
6255.36
6255.36
52.33
52.33
8895.62
8895.62
8074.42
8074.42
8074.42
8074.42
11231.90
11231.90
11231.90
11231.90
11231.90
11231.90
11231.90
11231.90
11231.90
11231.90
11231.90
11231.90
11231.90
11231.90
11231.90
11231.90
11466.58
11466.58
11466.58
11466.58
11380.62
11380.62
11240.31
11240.31
12200.18
12200.18
13468.35
13468.35
13468.35
13468.35
14183.37
14183.37
11799.33
11799.33
13759.18
13759.18
13759.18
13759.18
722.19
722.19
6679.46
6679.46
713.60
713.60
14742.97
14742.97
979.69
979.69
1089.60
1089.60
15894.76
15894.76
716.55
716.55
707.86
707.86
3316.68
3316.68
737.38
737.38
4640.62
4640.62
10674.57
10674.57
10674.57
10674.57
10674.57
10674.57
10674.57
10674.57
10674.57
10674.57
10813.76
10813.76
10813.76
10813.76
11508.42
11508.42
9668.42
9668.42
12356.16
12356.16
7297.85
7297.85
7001.44
7001.44
12641.33
12641.33
10973.54
10973.54
14246.08
14246.08
5990.14
5990.14
10078.24
10078.24
534.55
534.55
3158.35
3158.35
16390.53
16390.53
8231.00
8231.00
5831.68
5831.68
994.46
994.46
9357.58
9357.58
705.99
705.99
15455.59
15455.59
726.51
726.51
15673.90
15673.90
4925.17
4925.17
645.14
645.14
4015.99
4015.99
18080.58
18080.58
11411.39
11411.39
10918.60
10918.60
17599.13
17599.13
9441.44
9441.44
737.85
737.85
12336.72
12336.72
713.08
713.08
6230.89
6230.89
6230.89
6230.89
12150.94
12150.94
12150.94
12150.94
12481.02
12481.02
12887.97
12887.97
5627.40
5627.40
13331.34
13331.34
13331.34
13331.34
13331.34
13331.34
13131.20
13131.20
5525.75
5525.75
10659.17
10659.17
5561.68
5561.68
6153.97
6153.97
3986.35
3986.35
557.35
557.35
2955.14
2955.14
2955.14
763.36
763.36
7741.86
7741.86
7741.86
3024.90
3024.90
2055.01
2055.01
2055.01
6781.09
6781.09
10279.79
10279.79
10279.79
10279.79
8547.70
15.78
4391.50
4391.50
8032.52
159.89
159.89
9464.24
9464.24
907.55
1460.15
15325.97
15325.97
15325.97
729.81
729.81
1424.44
1424.44
702.61
702.61
16.41
16.41
18052.84
18052.84
18052.84
436.79
1568.40
1568.40
568.48
568.48
18081.59
18081.59
714.90
714.90
7585.65
7585.65
522.22
522.22
522.22
522.22
1118.13
1118.13
1118.13
1118.13
4859.69
6463.58
2385.39
2385.39
2593.80
2593.80
5336.84
5336.84
716.94
716.94
8249.77
8249.77
712.13
712.13
12224.22
12224.22
12224.22
12224.22
10972.75
10972.75
10972.75
2368.12
14874.31
13757.99
13757.99
13757.99
159.72
273.06
821.39
821.39
17404.40
17404.40
849.74
849.74
1886.54
1886.54
698.58
698.58
18117.01
18117.01
1276.26
1276.26
814.71
814.71
18207.12
18207.12
880.18
880.18
13046.41
13046.41
15562.78
15562.78
5328.11
5328.11
17270.59
17270.59
718.01
718.01
14485.73
14485.73
421.61
421.61
2050.42
2050.42
572.18
572.18
7015.42
7015.42
7665.94
7665.94
737.42
737.42
5717.56
5717.56
7188.92
7188.92
729.97
729.97
2727.11
2727.11
564.79
564.79
3368.17
3368.17
5620.90
5620.90
8023.14
8023.14
9840.85
9840.85
9587.50
9587.50
7278.12
7278.12
12565.79
12565.79
12565.79
12565.79
12565.79
12565.79
14931.48
14931.48
3780.49
3780.49
487.99
487.99
329.98
329.98
1216.77
1216.77
3000.03
3000.03
12049.93
12049.93
13783.02
13783.02
521.34
521.34
711.69
711.69
10617.62
10617.62
145.97
145.97
4477.97
4477.97
12.86
12.86
822.04
822.04
2977.47
2977.47
36.21
36.21
3848.13
3848.13
11628.51
11628.51
731.33
731.33
8915.55
8915.55
5604.44
5604.44
10024.28
10024.28
11289.12
11289.12
11271.72
11271.72
134.48
134.48
640.57
640.57
2691.65
2691.65
1120.33
1120.33
6062.83
6062.83
1537.58
1537.58
1038.79
1038.79
18354.82
18354.82
608.56
608.56
17.74
17.74
15621.52
15621.52
1120.59
1120.59
12402.57
12402.57
767.50
767.50
18148.11
18148.11
735.62
735.62
3764.15
3764.15
73.75
73.75
1052.31
1052.31
401.70
401.70
103.46
103.46
1771.74
1771.74
2692.22
2692.22
983.05
983.05
4534.18
4534.18
716.12
716.12
4754.61
4754.61
554.12
554.12
5099.22
5099.22
2691.21
2691.21
849.62
849.62
1806.67
1806.67
689.65
689.65
6435.96
6435.96
6627.04
6627.04
18009.57
18009.57
2706.02
2706.02
668.31
668.31
13013.11
13013.11
716.35
716.35
11720.21
11720.21
14294.98
14294.98
668.81
668.81
10971.11
10971.11
10971.11
10971.11
10971.11
10971.11
10971.11
10971.11
10971.11
10971.11
10971.11
10971.11
10971.11
10971.11
714.94
13050.98
8054.38
15204.45
10597.02
3969.57
5442.34
6421.68
803.95
803.95
8820.28
8820.28
7876.46
7876.46
9041.32
9041.32
8119.66
8119.66
12143.63
12143.63
12143.63
12143.63
6205.95
6205.95
6205.95
6205.95
6205.95
6205.95
6205.95
6205.95
6205.95
6205.95
6205.95
6205.95
6205.95
6205.95
6205.95
6205.95
6205.95
6205.95
6205.95
6205.95
6205.95
6205.95
6205.95
6205.95
6205.95
6205.95
6205.95
6205.95
6205.95
6205.95
6205.95
6205.95
6205.95
6205.95
6205.95
6205.95
12488.65
12488.65
12561.90
12561.90
12561.90
12561.90
12561.90
12561.90
12346.41
12346.41
12346.41
12346.41
12346.41
12346.41
12346.41
12346.41
12346.41
12346.41
12346.41
12346.41
12346.41
12346.41
1273.04
1273.04
1450.31
1450.31
802.02
802.02
2535.12
2535.12
2058.53
2058.53
37.98
37.98
3995.40
3995.40
8597.95
8597.95
10756.50
10756.50
13332.86
13332.86
14018.80
