# 1Hz Kbps trace generated by import_real_world_traces.py
7346.61
3360.37
3360.37
37.55
37.55
3033.84
3033.84
3469.90
3469.90
3092.74
3092.74
3367.62
3367.62
3367.62
3367.62
23.97
23.97
2724.24
2724.24
3352.25
3352.25
733.51
733.51
293.03
293.03
700.01
700.01
205.56
205.56
2006.27
2006.27
14.55
14.55
14.30
14.30
749.04
749.04
42.88
42.88
2092.02
2092.02
932.05
932.05
4306.73
4306.73
4306.73
4306.73
3517.22
3517.22
3132.51
3132.51
50.85
50.85
36.46
36.46
24.86
24.86
1610.95
1610.95
6774.54
6774.54
1562.54
1562.54
190.24
190.24
15.66
15.66
3595.07
3595.07
7041.40
7041.40
220.60
220.60
7181.85
7181.85
77.31
77.31
875.60
875.60
801.22
801.22
71.30
71.30
11.46
11.46
10.00
10.00
209.80
209.80
4341.76
4341.76
4801.77
4801.77
6651.39
6651.39
35.96
35.96
21.81
21.81
3001.10
3001.10
113.14
113.14
802.14
802.14
802.14
802.14
893.35
893.35
84.60
84.60
2604.12
2604.12
6261.08
6261.08
2126.83
2126.83
2126.83
861.95
3431.17
3431.17
48.31
48.31
202.87
202.87
332.29
332.29
34.35
34.35
248.99
248.99
6157.98
6157.98
950.66
950.66
950.66
950.66
4192.78
4192.78
7299.01
7299.01
6220.54
6220.54
1769.16
1769.16
599.69
599.69
1822.38
1822.38
6320.47
6320.47
6320.47
6320.47
63.40
63.40
800.51
800.51
78.23
78.23
3272.77
3272.77
15.68
15.68
40.09
40.09
3474.86
3474.86
6495.41
6495.41
6495.41
6495.41
7952.09
7952.09
7952.09
7952.09
861.70
861.70
6078.80
6078.80
6078.80
6078.80
6078.80
6078.80
89.12
89.12
83.91
83.91
106.11
106.11
6687.39
6687.39
75.12
75.12
802.33
802.33
8329.23
8329.23
8329.23
8329.23
8329.23
8329.23
165.29
165.29
729.84
729.84
101.78
101.78
64.40
64.40
101.58
101.58
32.42
32.42
801.14
801.14
1349.03
1349.03
848.17
848.17
234.00
234.00
108.68
108.68
15.67
15.67
1268.41
1268.41
700.66
700.66
44.27
44.27
10.00
10.00
15.68
15.68
162.72
162.72
543.29
543.29
281.68
281.68
704.14
704.14
439.08
439.08
36.10
36.10
205.13
205.13
498.88
498.88
16.20
16.20
39.62
39.62
114.95
114.95
11.65
11.65
424.38
424.38
535.79
535.79
1980.07
1980.07
2160.30
2160.30
2551.91
2551.91
2730.51
2730.51
2882.81
2882.81
2882.81
2882.81
3294.71
3294.71
2976.38
2976.38
3634.75
3634.75
3232.55
3232.55
3232.55
3232.55
3232.55
3232.55
3592.76
3592.76
3987.39
3987.39
3534.83
3534.83
3534.83
3534.83
3903.51
3903.51
3997.92
3997.92
3997.92
3997.92
3997.92
3997.92
4523.19
4523.19
4780.82
4780.82
4524.00
4524.00
5706.28
5706.28
5742.49
5742.49
6590.27
6590.27
1745.33
1745.33
7756.55
7756.55
7252.30
7252.30
8111.07
8111.07
801.79
801.79
4102.15
4102.15
4102.15
4102.15
4102.15
4102.15
3156.46
3156.46
3898.53
3898.53
13.37
13.37
4689.23
4689.23
27.21
27.21
4885.36
4885.36
5635.76
5635.76
5384.18
5384.18
1198.83
1198.83
6398.08
6398.08
6398.08
6398.08
4714.99
4714.99
4714.99
4714.99
4714.99
4714.99
6976.08
6976.08
6934.07
6934.07
6934.07
6934.07
7032.62
7032.62
799.93
799.93
3715.21
3715.21
3725.28
3725.28
3725.28
3725.28
7449.07
7449.07
57.54
57.54
7828.05
7828.05
801.17
801.17
3676.32
3676.32
8017.53
8017.53
5338.18
5338.18
8070.16
8070.16
8085.53
8085.53
7623.58
7623.58
802.90
802.90
51.52
51.52
7978.48
7978.48
7961.82
7961.82
3565.88
3565.88
6849.62
6849.62
6808.11
6808.11
801.20
801.20
2270.90
2270.90
75.24
75.24
861.36
861.36
7852.89
7852.89
6923.14
6923.14
6923.14
6923.14
6923.14
6923.14
6980.89
6980.89
7562.99
7562.99
7686.21
7686.21
22.90
22.90
1787.80
1787.80
4154.12
4154.12
7732.20
7732.20
140.67
140.67
6787.28
6787.28
800.55
800.55
12.37
12.37
50.68
50.68
3712.66
3712.66
3712.66
3712.66
3712.66
3712.66
3925.50
3925.50
3925.50
3925.50
3925.50
3925.50
3925.50
3925.50
2131.23
2131.23
186.68
186.68
1121.19
1121.19
238.87
238.87
238.87
746.89
746.89
1912.54
1912.54
1912.54
1912.54
1912.54
1912.54
25.48
25.48
757.55
757.55
16.59
16.59
152.72
152.72
194.12
194.12
4748.11
4748.11
1810.85
1810.85
1810.85
1810.85
2509.93
2509.93
50.94
50.94
16.81
16.81
4119.49
4119.49
74.49
74.49
38.21
38.21
4657.54
4657.54
72.46
72.46
4512.64
4512.64
6639.26
6639.26
6771.79
6771.79
6536.60
6536.60
7238.98
7238.98
7238.98
7238.98
7238.98
7238.98
7238.98
7238.98
7238.98
7238.98
7756.67
