# 1Hz Kbps trace generated by import_real_world_traces.py
586.09
1015.41
1232.07
850.53
993.03
1120.80
1054.79
1179.72
1021.63
1021.63
1198.37
1050.89
1157.27
1039.50
1056.44
1056.44
1048.68
1048.68
1154.43
1154.43
870.44
870.44
959.51
959.51
76.48
76.48
1169.00
1169.00
647.24
647.24
647.24
648.48
648.48
1096.69
1096.69
1096.69
1075.77
1075.77
1104.77
1126.04
1126.04
1126.04
1060.15
1060.15
993.02
993.02
382.27
382.27
1156.66
1156.66
893.97
893.97
540.32
540.32
1178.07
1034.69
937.20
937.20
1035.08
1035.08
696.31
696.31
906.21
906.21
936.64
936.64
1204.16
1204.16
455.79
455.79
1007.19
1007.19
905.58
905.58
1124.00
1124.00
307.63
307.63
936.42
936.42
972.18
972.18
1196.54
1196.54
1117.32
1117.32
1067.29
1067.29
1001.04
1001.04
584.69
584.69
1223.93
1223.93
1027.16
1027.16
1026.60
1026.60
1171.17
1171.17
995.92
995.92
1075.18
1075.18
998.47
998.47
1132.60
1132.60
1133.64
1133.64
1142.90
1142.90
1091.45
1091.45
1106.12
1106.12
1041.62
1041.62
1149.16
1149.16
1062.78
1062.78
1119.71
1119.71
981.41
981.41
1098.55
1098.55
1022.12
1022.12
1076.04
1076.04
1100.57
1100.57
1181.88
1181.88
864.64
864.64
1127.08
1127.08
941.52
941.52
867.33
867.33
1041.03
1041.03
1092.32
1092.32
1046.84
1046.84
968.73
968.73
1144.71
1144.71
1079.51
1079.51
1048.03
1048.03
1094.34
1094.34
1003.98
1003.98
1185.22
1185.22
954.81
954.81
1068.43
1068.43
913.99
913.99
1109.70
1109.70
1147.53
1147.53
1064.26
1064.26
839.64
839.64
821.29
821.29
1080.76
1080.76
417.27
417.27
1010.00
1010.00
648.02
648.02
1121.61
1121.61
1067.54
1067.54
1067.54
1064.77
1064.77
1048.60
1048.60
989.04
989.04
989.04
1100.79
1100.79
1063.70
1063.70
745.43
745.43
745.43
168.22
168.22
168.22
168.22
1122.40
1122.40
1122.40
161.53
161.53
1045.56
1045.56
941.23
