# 1Hz Kbps trace generated by import_real_world_traces.py
844.73
1091.91
1093.64
1093.64
1096.88
994.47
994.47
1037.58
1037.58
1122.45
1122.45
956.67
956.67
956.67
992.26
992.26
1046.65
1046.65
1161.01
1161.01
1161.01
167.16
125.42
125.42
1023.74
1023.74
998.94
998.94
1111.86
1055.21
1055.21
1131.43
1131.43
1054.95
1054.95
1173.05
1173.05
1173.05
1052.81
1183.55
1183.55
933.12
933.12
1004.06
1004.06
681.14
681.14
1087.12
1087.12
1087.12
1022.03
1022.03
1022.03
1203.72
1203.72
1047.96
1047.96
1129.70
1123.80
1123.80
1123.80
1172.58
1214.41
934.89
934.89
934.89
1094.78
1094.78
1051.30
1051.30
1051.30
879.29
879.29
1191.06
974.93
974.93
1184.08
1090.53
1090.53
1101.04
1101.04
523.89
523.89
1069.85
1069.85
1214.52
1214.52
1145.82
1145.82
947.48
947.48
978.92
978.92
1046.49
1046.49
1106.44
1106.44
550.30
550.30
550.30
1116.14
1116.14
1116.14
1116.14
575.25
1019.64
1019.64
402.96
402.96
402.96
402.96
1100.43
1100.43
1100.43
1100.43
1174.02
1174.02
1174.02
1174.02
956.53
956.53
956.53
1106.02
1106.02
983.91
983.91
983.91
76.99
76.99
1120.69
491.39
1056.20
1056.20
901.74
901.74
1092.83
1092.83
1044.70
1044.70
965.55
965.55
965.55
1052.10
1052.10
1103.41
1103.41
953.28
921.99
921.99
966.86
966.86
1193.65
1193.65
1017.05
1017.05
1017.05
1157.87
1157.87
1157.87
970.52
1041.46
1143.57
1096.26
1048.32
1048.32
1233.34
1233.34
1022.86
1022.86
1147.65
1147.65
939.89
939.89
1077.95
1077.95
1062.42
1062.42
1103.86
1103.86
1103.86
1103.86
1060.49
1060.49
1066.58
1066.58
1132.05
1132.05
1047.77
1047.77
1108.21
1108.21
705.62
705.62
972.56
972.56
988.46
988.46
1182.81
1182.81
1072.66
1072.66
544.13
544.13
1032.26
1032.26
994.69
994.69
920.11
920.11
1083.24
1083.24
1083.24
1083.24
1000.62
1000.62
1148.27
1148.27
1103.80
1103.80
1026.14
1026.14
1062.40
1062.40
1254.44
1254.44
933.37
933.37
986.52
986.52
1053.21
1053.21
1114.07
1114.07
1091.14
1091.14
1108.81
1108.81
1108.81
1108.81
1130.81
1130.81
1144.49
1144.49
1123.98
1123.98
914.49
914.49
992.54
992.54
1050.55
1050.55
1148.00
1148.00
1041.59
1041.59
45.50
45.50
1066.38
1066.38
1152.20
1152.20
1139.99
1139.99
1103.82
1103.82
964.89
964.89
1116.48
1116.48
1064.48
1064.48
1038.61
1038.61
1102.00
1102.00
1106.22
1106.22
1041.37
1041.37
960.53
960.53
1119.53
1119.53
961.75
961.75
1117.02
1117.02
579.05
579.05
872.24
872.24
1082.13
1082.13
1082.13
1082.13
1082.13
867.41
867.41
867.41
1189.78
1189.78
642.87
1085.79
1085.79
1221.38
1221.38
1114.23
1114.23
1114.23
1114.23
1201.15
1201.15
1113.59
1113.59
1014.59
1147.59
1067.76
1083.03
901.13
1151.73
1151.73
413.61
413.61
885.82
885.82
1184.08
1184.08
1175.20
1175.20
954.63
954.63
1047.54
1047.54
1047.54
843.74
843.74
843.74
601.89
601.89
601.89
601.89
1101.38
1101.38
1101.38
1101.38
1101.38
427.71
889.66
889.66
1062.10
1062.10
1142.37
1142.37
1138.50
1138.50
1214.00
1118.13
616.09
616.09
1142.74
1107.45
1107.45
548.11
548.11
1160.62
1160.62
1160.62
1160.62
1160.62
1046.48
1046.48
1046.48
1109.11
1109.11
1109.11
1109.11
904.26
904.26
904.26
815.45
815.45
815.45
815.45
283.66
242.84
242.84
1236.14
1236.14
1236.14
1059.37
1059.37
1154.39
1154.39
1154.39
21.14
21.14
962.82
1112.44
1112.44
902.26
1143.83
821.58
821.58
821.58
937.10
937.10
1177.67
1177.67
211.68
211.68
1089.29
1087.58
770.03
770.03
1077.96
1077.96
1128.88
1128.88
1128.88
758.45
758.45
1145.32
1145.32
1145.32
1220.18
1220.18
390.02
1041.72
1041.72
1041.72
1167.38
1167.38
1167.38
1167.38
419.29
477.01
477.01
18.76
18.76
1066.31
1066.31
907.61
907.61
783.47
783.47
1074.75
1074.75
1058.20
1058.20
1173.31
982.47
1199.02
1199.02
1199.02
1061.18
1017.42
1017.42
1181.21
1181.21
593.97
593.97
593.97
593.97
593.97
18.32
18.32
1019.04
655.32
550.19
550.19
486.95
486.95
486.95
657.61
657.61
1077.11
1099.22
1099.22
202.38
202.38
891.58
891.58
817.62
817.62
37.75
1020.66
939.80
939.80
383.92
383.92
383.92
383.92
1221.81
1221.81
793.70
793.70
594.13
594.13
599.58
277.77
540.18
540.18
1092.42
1092.42
1092.42
1092.42
1099.73
1098.43
1098.43
982.02
982.02
982.02
1151.97
929.92
929.92
929.92
1136.80
1080.79
1080.79
1130.01
1130.01
934.82
934.82
931.90
931.90
252.45
252.45
1159.71
1152.61
883.23
883.23
225.55
225.55
1077.19
214.80
530.59
530.59
905.89
905.89
905.89
294.80
294.80
294.80
294.80
1116.40
540.52
540.52
1106.77
1106.77
1106.77
555.36
555.36
1061.38
983.57
983.57
983.57
983.57
590.92
590.92
590.92
971.47
109.19
109.19
1154.19
1154.19
663.28
663.28
663.28
1137.55
1035.01
1035.01
1035.01
863.23
863.23
534.99
318.71
1127.35
1127.35
1127.35
1018.31
1018.31
1018.31
1144.97
1144.97
1133.85
1133.85
1010.90
655.40
1038.04
1244.40
1244.40
1244.40
691.46
691.46
691.46
691.46
691.46
1023.88
952.58
952.58
999.38
1157.79
1019.80
1019.80
1155.06
1034.46
1034.46
1034.46
1071.65
1071.65
1071.65
1105.14
1105.14
1105.14
790.45
791.78
791.78
791.78
1125.50
1197.84
1197.84
1130.78
1130.78
1008.49
1104.29
1104.29
1104.29
977.55
977.55
1238.43
1055.35
1055.35
1055.35
142.19
142.19
1055.19
1055.19
1055.19
1099.53
1030.10
1030.10
1186.79
394.52
394.52
394.52
1025.88
1025.88
1180.23
1180.23
1180.23
400.40
400.40
400.40
1105.22
1105.22
1105.22
1089.33
1089.33
1155.49
1155.49
1074.58
1074.58
1025.30
1111.25
1111.25
905.50
905.50
532.17
1209.37
824.34
824.34
872.38
872.38
872.38
55.38
55.38
55.38
55.38
1246.72
1246.72
671.02
20.67
1167.21
1167.21
1167.21
1027.39
1027.39
1115.50
1115.50
1115.50
1048.24
1048.24
1163.10
1163.10
973.33
956.24
956.24
727.56
727.56
993.20
993.20
993.20
1164.95
1164.95
1049.75
1049.75
909.85
909.85
694.85
911.47
911.47
1021.32
1021.32
967.35
1181.73
1181.73
1181.73
1181.73
914.43
914.43
1067.27
1188.70
1054.55
1054.55
1086.94
1087.04
1087.04
1186.47
1223.39
1091.28
1091.28
1116.59
1116.59
1142.78
893.01
893.01
471.58
471.58
1113.63
1040.03
1106.16
1106.16
1075.09
1075.09
775.28
775.28
950.84
950.84
994.84
994.84
231.91
231.91
937.00
937.00
159.93
159.93
1205.71
1205.71
933.73
933.73
1171.75
1171.75
1085.03
1085.03
1064.12
1064.12
1064.12
687.63
687.63
812.71
812.71
1175.29
1101.27
1101.27
1049.35
1049.35
1011.04
1011.04
918.88
918.88
1108.56
1108.56
1108.56
1108.56
1096.42
1096.42
1096.42
1006.97
1006.97
1006.97
1125.41
1125.41
812.82
1132.56
1132.56
1098.77
1098.77
92.80
92.80
92.80
1187.84
1187.84
1187.84
879.04
879.04
1144.27
1144.27
1144.27
66.36
1069.70
974.52
974.52
974.52
974.52
1216.55
1216.55
1115.61
1115.61
1098.90
1098.90
1098.90
1169.98
1169.98
1169.98
1045.17
550.25
550.25
1061.64
1061.64
185.27
185.27
185.27
1105.30
1105.30
1008.92
1008.92
1184.78
1184.78
26.17
26.17
1064.53
1064.53
1094.81
367.62
367.62
874.08
874.08
874.08
18.99
18.99
404.60
746.71
746.71
746.71
26.50
26.50
26.50
324.68
860.23
860.23
18.41
100.52
100.52
100.52
95.74
95.74
95.74
992.43
240.27
271.45
271.45
271.45
1152.78
1152.78
1152.78
342.68
342.68
282.23
282.23
282.23
546.61
482.23
50.81
919.36
919.36
1168.57
1168.57
1168.57
62.26
62.26
783.85
783.85
1077.00
1077.00
544.87
544.87
544.87
544.87
544.87
434.23
434.23
1203.72
1203.72
489.25
489.25
533.53
533.53
1053.60
1053.60
914.23
914.23
956.01
1133.68
1133.68
733.67
1115.57
1115.57
1115.57
1081.62
1081.62
1081.62
656.79
656.79
1178.56
1178.56
1178.56
1178.56
51.32
342.15
516.58
516.58
913.64
913.64
938.84
938.84
835.58
835.58
1208.65
1208.65
809.31
809.31
1094.47
982.90
498.84
498.84
498.84
608.75
608.75
608.75
399.82
399.82
1189.02
1189.02
542.10
542.10
542.10
1218.87
1218.87
103.20
103.20
545.72
545.72
1116.37
1116.37
635.84
635.84
635.84
1179.52
1179.52
1110.86
1110.86
1127.83
1113.75
1113.75
1113.75
832.68
911.95
911.95
483.14
483.14
1132.38
955.28
1117.66
1117.66
1230.19
1060.81
1060.81
1060.81
1106.37
943.60
961.45
961.45
957.88
957.88
1075.61
1075.61
1050.63
1050.63
1173.31
1173.31
1099.11
1099.11
582.43
582.43
961.98
961.98
996.14
996.14
1196.92
1196.92
1035.25
1035.25
921.28
921.28
1042.21
1042.21
301.57
301.57
958.13
958.13
977.51
977.51
977.51
1123.06
1031.21
1031.21
1154.71
1154.71
1112.02
1112.02
1112.49
1112.49
830.91
830.91
810.49
810.49
1080.80
1080.80
973.76
973.76
890.22
890.22
1149.06
1149.06
893.89
893.89
1096.38
1096.38
1161.24
1161.24
1194.03
1194.03
1069.37
1069.37
1098.15
1098.15
973.07
973.07
1067.68
1067.68
986.08
986.08
1215.08
1215.08
1103.63
1103.63
1013.41
1013.41
1013.41
417.28
1007.20
1007.20
1098.82
1098.82
1146.94
1146.94
1027.04
1027.04
1074.82
1074.82
1004.55
1004.55
1214.07
1214.07
1108.64
1108.64
1077.60
1077.60
1099.32
1099.32
1088.44
1088.44
1079.38
1079.38
917.11
917.11
1166.09
1166.09
987.67
987.67
982.75
982.75
1021.15
1021.15
978.45
978.45
1034.59
1034.59
973.55
973.55
942.68
942.68
1137.09
1137.09
1067.39
1067.39
1172.73
1172.73
1113.90
1113.90
833.93
833.93
962.56
962.56
1027.69
1027.69
1027.77
1027.77
1136.10
1136.10
987.37
987.37
868.46
868.46
808.90
808.90
1022.49
1022.49
1129.91
1129.91
1036.61
1036.61
1126.95
1126.95
945.58
945.58
1159.52
1159.52
1023.13
1023.13
1061.63
1061.63
1091.68
1091.68
1178.59
1178.59
983.76
983.76
1181.32
1181.32
1085.05
1085.05
1052.38
1052.38
1168.61
1168.61
1168.61
1168.61
1099.24
1099.24
1076.24
1076.24
851.78
851.78
1075.81
1075.81
1111.57
1111.57
1064.54
1064.54
1064.54
1010.01
1010.01
1010.01
1031.67
1031.67
1207.37
1207.37
1207.37
1021.88
1021.88
1082.32
1082.32
1083.96
1083.96
1058.06
1117.46
1117.46
1176.86
1176.86
1089.31
