# 1Hz Kbps trace generated by import_real_world_traces.py
250.47
98.20
583.59
583.59
74.04
559.52
559.52
1280.73
832.82
669.84
1892.52
19.46
19.46
5683.51
5683.51
11.41
11.41
237.42
237.42
22.76
22.76
160.83
160.83
22.86
22.86
53.11
53.11
122.14
122.14
10.57
10.57
3787.50
3787.50
5190.38
5190.38
2988.13
2988.13
2483.51
2483.51
1807.77
1807.77
10.00
10.00
10.00
10.00
91.47
91.47
36.12
36.12
803.86
803.86
60.90
60.90
374.31
374.31
10.51
10.51
54.04
54.04
94.60
94.60
783.92
783.92
10.00
10.00
106.79
106.79
213.51
213.51
124.24
124.24
49.89
49.89
4867.42
4867.42
4867.42
4867.42
2239.85
2239.85
5523.51
5523.51
564.15
564.15
978.01
978.01
10.00
10.00
357.90
357.90
3997.86
3997.86
345.52
345.52
5978.49
5978.49
10.00
10.00
199.11
199.11
21.05
21.05
24.44
24.44
82.88
82.88
671.61
671.61
898.15
898.15
4079.11
4079.11
1482.72
1482.72
273.89
273.89
91.18
91.18
40.25
40.25
47.88
47.88
47.88
32.66
32.66
117.87
117.87
117.87
55.60
55.60
107.78
3516.53
209.91
209.91
34.13
