# 1Hz Kbps trace generated by import_real_world_traces.py
1599.86
1245.70
1245.70
6168.97
6168.97
7488.88
7488.88
2036.78
2036.78
8538.18
8538.18
2535.49
2535.49
8786.89
8786.89
9367.03
9367.03
6147.26
6147.26
11382.88
11382.88
2071.18
2071.18
13355.84
13355.84
12813.85
12813.85
4822.60
4822.60
7143.16
7143.16
8228.05
8228.05
60.04
60.04
7779.23
7779.23
8767.81
8767.81
4676.91
4676.91
5657.95
5657.95
4217.52
4217.52
7872.14
7872.14
1297.60
1297.60
7698.33
7698.33
5854.84
5854.84
7080.43
7080.43
5774.46
5774.46
10550.50
10550.50
9392.78
9392.78
9460.24
9460.24
6766.19
6766.19
7677.55
7677.55
40.05
40.05
6913.66
6913.66
5769.14
5769.14
2484.10
2484.10
7634.77
7634.77
8933.15
8933.15
7585.56
7585.56
3135.27
3135.27
3152.56
3152.56
4261.93
4261.93
6921.63
6921.63
5163.73
5163.73
6159.21
6159.21
7702.89
7702.89
4599.08
4599.08
2209.00
2209.00
6664.45
6664.45
12526.81
12526.81
12649.12
12649.12
9350.22
9350.22
5700.88
5700.88
24.44
24.44
3016.05
3016.05
9553.42
9553.42
8402.78
8402.78
6134.09
6134.09
6134.09
7200.02
7200.02
11801.19
11801.19
1603.12
1603.12
10075.73
10075.73
2180.65
2180.65
6212.26
6212.26
9291.92
9291.92
1581.20
2007.91
2007.91
2007.91
187.12
187.12
634.02
634.02
2111.53
2111.53
65.49
65.49
1896.67
1896.67
2708.68
2708.68
941.87
941.87
3394.29
3394.29
5904.44
5904.44
8376.93
8376.93
5194.68
5194.68
82.65
82.65
634.94
634.94
139.62
139.62
132.65
132.65
2651.53
2651.53
6183.85
6183.85
7869.56
7869.56
8041.58
8041.58
1930.09
1930.09
101.15
101.15
2117.02
2117.02
826.49
826.49
2366.91
2366.91
9148.01
9148.01
1726.47
1726.47
8885.79
8885.79
4336.54
4336.54
2113.98
2113.98
2113.98
2113.98
8176.24
8176.24
5655.85
5655.85
100.81
100.81
2201.60
2201.60
5504.66
5504.66
10584.62
10584.62
10584.62
10584.62
9972.34
9972.34
4516.13
4516.13
25.88
25.88
8369.67
8369.67
8893.63
8893.63
7921.86
7921.86
2220.10
2220.10
142.21
142.21
127.42
127.42
100.52
100.52
1839.43
1839.43
106.64
106.64
19.87
19.87
1917.94
1917.94
29.82
29.82
2692.10
2692.10
132.14
132.14
439.00
439.00
201.50
201.50
119.21
119.21
1328.44
1328.44
49.62
236.89
236.89
236.89
2718.68
2718.68
2099.24
2099.24
1524.32
1524.32
2888.82
2888.82
3584.93
3584.93
3584.47
3584.47
3285.65
3285.65
1653.50
1653.50
2936.62
2936.62
3055.59
3055.59
3320.22
3320.22
4492.01
4492.01
3280.17
3280.17
3280.17
3280.17
3280.17
3280.17
49.39
49.39
2061.96
2061.96
315.98
315.98
235.30
235.30
123.53
123.53
113.41
113.41
91.79
91.79
48.70
48.70
2500.76
2500.76
248.65
248.65
7359.95
7359.95
1586.62
1586.62
220.54
220.54
9183.43
9183.43
513.64
513.64
269.91
269.91
62.63
62.63
423.19
423.19
2308.92
2308.92
325.38
325.38
111.15
111.15
63.80
63.80
1837.83
1837.83
141.54
141.54
26.83
26.83
2754.60
2754.60
5400.19
5400.19
320.62
320.62
27.93
27.93
3787.30
3787.30
10.00
10.00
309.71
309.71
2162.39
2162.39
656.05
656.05
5681.60
5681.60
2845.46
2845.46
46.12
46.12
5341.36
5341.36
198.17
198.17
89.12
89.12
2244.73
2244.73
37.09
37.09
6322.71
6322.71
235.55
235.55
38.22
38.22
580.89
580.89
10.49
10.49
597.76
597.76
705.09
705.09
5626.60
5626.60
413.65
413.65
166.70
166.70
52.27
52.27
4366.54
4366.54
9573.55
9573.55
6042.98
6042.98
1883.58
1883.58
9724.26
9724.26
10881.18
10881.18
128.16
128.16
7725.89
7725.89
2082.24
2082.24
10977.98
10977.98
168.41
168.41
369.36
369.36
820.28
820.28
2250.78
2250.78
1329.35
1329.35
2074.76
2074.76
5796.16
5796.16
23.09
23.09
5012.79
5012.79
183.23
183.23
2369.38
2369.38
5439.44
5439.44
7429.89
7429.89
1425.25
1425.25
596.29
596.29
1910.20
1910.20
636.53
636.53
4639.97
4639.97
8289.77
8289.77
3891.20
3891.20
11103.45
11103.45
2902.79
2902.79
2417.89
2417.89
176.06
176.06
57.22
57.22
1998.37
1998.37
60.77
60.77
5534.50
5534.50
8940.33
8940.33
12652.84
12652.84
4307.88
4307.88
9056.36
9056.36
6689.36
6689.36
257.56
257.56
1945.14
1945.14
194.62
194.62
11.14
11.14
158.62
158.62
469.59
469.59
12289.21
12289.21
13472.49
13472.49
7239.61
7239.61
10019.78
10019.78
620.51
620.51
4580.91
4580.91
78.41
78.41
2429.53
2429.53
95.74
95.74
10.00
10.00
527.36
527.36
301.79
301.79
2599.12
2599.12
7220.43
7220.43
8171.98
8171.98
822.77
822.77
335.36
335.36
386.94
386.94
119.72
119.72
45.41
45.41
51.72
51.72
158.43
158.43
7738.26
7738.26
8614.32
8614.32
2186.45
2186.45
161.48
161.48
113.82
113.82
3355.39
3355.39
56.11
56.11
123.03
123.03
240.96
240.96
2214.19
2214.19
2641.62
2641.62
3433.78
3433.78
5588.28
5588.28
291.82
291.82
243.54
243.54
148.88
148.88
10.00
10.00
122.95
122.95
22.28
22.28
2305.19
2305.19
695.72
695.72
7874.09
7874.09
86.50
86.50
35.23
35.23
5180.46
5180.46
5180.46
5180.46
3269.44
3269.44
68.11
68.11
1996.38
1996.38
7282.97
7282.97
7255.39
7255.39
192.19
192.19
112.97
112.97
2417.59
2417.59
251.31
251.31
61.91
61.91
21.47
21.47
29.38
29.38
7463.92
7463.92
414.52
414.52
9453.36
9453.36
8793.17
8793.17
9401.94
9401.94
48.07
48.07
519.93
519.93
66.97
66.97
1377.69
1377.69
1883.58
1883.58
2422.63
2422.63
3640.48
3640.48
1954.86
1954.86
203.29
203.29
1807.20
1807.20
135.93
135.93
1260.58
1260.58
4750.83
4750.83
5201.33
5201.33
2278.60
2278.60
443.75
443.75
84.02
84.02
843.90
843.90
5907.34
5907.34
2056.55
2056.55
66.29
66.29
3410.13
3410.13
372.68
372.68
4703.88
4703.88
95.18
95.18
5919.08
5919.08
5754.84
5754.84
5341.30
5341.30
5804.21
5804.21
4231.17
4231.17
482.45
482.45
2151.50
2151.50
140.03
140.03
1341.55
1341.55
816.58
816.58
7190.24
7190.24
40.19
40.19
49.56
49.56
3531.17
3531.17
6662.89
6662.89
2044.13
2044.13
5799.44
5799.44
6174.69
6174.69
6174.69
6174.69
545.41
545.41
2263.22
2263.22
130.25
130.25
116.56
116.56
7847.04
7847.04
886.13
886.13
2422.65
2422.65
7550.38
7550.38
114.12
114.12
34.79
34.79
303.29
303.29
2128.14
2128.14
88.90
88.90
5216.26
5216.26
94.75
94.75
1373.00
1373.00
10.00
10.00
881.00
881.00
2208.69
2208.69
6253.24
6253.24
70.01
70.01
357.35
357.35
960.40
960.40
48.95
48.95
3806.98
3806.98
8651.82
8651.82
48.86
48.86
10358.19
10358.19
2466.78
2466.78
487.47
487.47
2502.62
2502.62
1943.23
1943.23
2132.66
2132.66
2132.66
403.59
1129.45
1129.45
10.00
10.00
191.97
191.97
191.97
10.00
10.00
478.15
478.15
166.74
166.74
13245.65
13245.65
39.90
39.90
2066.90
2066.90
8570.19
8570.19
1617.14
1617.14
135.75
135.75
5529.01
5529.01
9212.91
9212.91
42.27
42.27
2129.47
2129.47
262.73
262.73
262.42
262.42
279.94
279.94
4133.31
4133.31
9002.25
9002.25
4490.64
4490.64
2049.65
2049.65
508.75
508.75
10.00
10.00
1674.04
1674.04
2319.17
2319.17
1930.76
1930.76
335.34
335.34
48.77
48.77
9604.81
9604.81
28.43
28.43
3478.26
3478.26
40.72
40.72
41.24
41.24
10.00
10.00
4961.33
4961.33
235.89
235.89
44.99
44.99
1628.90
1628.90
6273.35
6273.35
8127.75
8127.75
8625.20
8625.20
33.44
33.44
3487.53
3487.53
7237.99
7237.99
5078.45
5078.45
234.25
234.25
8652.97
8652.97
1215.34
1215.34
4856.87
4856.87
109.24
109.24
657.83
657.83
2880.51
2880.51
3595.10
3595.10
6762.03
6762.03
9855.53
9855.53
7320.77
7320.77
9908.04
9908.04
4564.35
4564.35
564.33
564.33
5026.65
5026.65
10610.53
10610.53
2333.18
2333.18
9430.56
9430.56
10653.47
10653.47
4530.06
4530.06
4224.30
4224.30
1710.44
1710.44
6576.71
6576.71
1819.70
1819.70
7401.93
7401.93
5831.43
5831.43
512.31
512.31
5478.80
5478.80
2050.62
2050.62
9602.24
9602.24
7827.38
7827.38
7750.11
7750.11
8269.61
8269.61
9974.55
9974.55
9828.14
9828.14
2444.28
2444.28
2660.13
2660.13
11411.24
11411.24
29.51
29.51
92.79
92.79
12949.74
12949.74
12031.09
12031.09
9705.04
9705.04
500.48
500.48
7601.31
7601.31
2203.96
2203.96
10114.52
10114.52
9203.17
9203.17
11643.51
11643.51
10683.26
10683.26
6995.37
6995.37
6966.44
6966.44
10951.78
10951.78
4450.62
4450.62
5410.72
5410.72
3074.87
3074.87
6322.07
6322.07
10641.69
10641.69
27.05
27.05
1874.79
1874.79
12204.94
12204.94
6087.88
6087.88
2492.41
2492.41
7847.44
7847.44
1904.89
1904.89
866.32
866.32
86.39
86.39
252.14
252.14
8203.37
8203.37
3662.48
3662.48
6690.54
6690.54
10158.69
10158.69
203.19
203.19
125.09
125.09
248.84
248.84
593.18
593.18
2452.85
2452.85
2793.72
2793.72
6962.27
6962.27
65.46
65.46
9871.04
9871.04
8858.76
8858.76
408.89
408.89
2020.83
2020.83
4904.70
4904.70
4006.06
4006.06
3564.71
3564.71
5703.93
5703.93
4928.73
4928.73
4384.76
4384.76
208.48
208.48
4459.39
4459.39
6666.58
6666.58
1806.40
1806.40
421.54
421.54
81.21
81.21
486.10
486.10
39.96
39.96
2486.18
2486.18
606.51
606.51
7355.38
7355.38
138.57
138.57
4266.77
4266.77
7003.56
7003.56
3081.25
3081.25
1935.40
1935.40
692.47
692.47
142.50
142.50
8349.22
8349.22
8511.13
8511.13
3337.06
3337.06
9442.03
9442.03
8947.80
8947.80
9254.86
9254.86
100.99
100.99
531.75
531.75
7583.65
7583.65
6725.41
6725.41
653.37
653.37
9797.52
9797.52
257.82
257.82
6110.65
6110.65
6333.19
6333.19
1191.25
1191.25
5304.03
5304.03
1914.76
1914.76
8307.75
8307.75
4021.99
4021.99
173.46
173.46
1890.75
1890.75
18.00
18.00
608.77
608.77
5487.59
5487.59
765.91
765.91
4734.05
4734.05
5424.69
5424.69
5412.52
5412.52
5003.91
5003.91
92.95
92.95
146.60
146.60
6818.64
6818.64
6229.27
6229.27
6396.31
6396.31
5647.98
5647.98
580.32
580.32
759.75
759.75
6661.95
6661.95
86.20
86.20
71.48
71.48
149.89
149.89
5782.32
5782.32
5565.25
5565.25
5100.61
5100.61
6229.34
6229.34
6090.12
6090.12
6518.28
6518.28
7802.09
7802.09
66.88
66.88
461.29
461.29
793.00
793.00
1947.35
1947.35
40.22
40.22
144.55
144.55
806.99
806.99
226.06
226.06
1901.32
1901.32
57.63
57.63
6277.93
6277.93
430.27
430.27
1828.01
1828.01
76.77
76.77
3846.38
3846.38
1860.56
1860.56
69.51
69.51
2554.58
2554.58
6356.78
6356.78
5478.36
5478.36
1872.45
1872.45
6686.02
6686.02
8979.12
8979.12
296.90
296.90
133.40
133.40
219.88
219.88
32.40
32.40
420.26
420.26
35.63
35.63
33.83
33.83
4529.72
4529.72
32.52
32.52
1548.66
1548.66
6829.54
6829.54
2100.97
2100.97
8088.37
8088.37
4940.46
4940.46
305.84
305.84
344.57
344.57
8409.65
8409.65
8688.47
8688.47
3616.46
3616.46
39.19
39.19
7318.09
7318.09
6447.96
6447.96
110.58
110.58
50.32
50.32
174.92
174.92
210.05
210.05
5405.18
5405.18
4124.57
4124.57
2175.48
2175.48
8062.46
8062.46
8337.86
8337.86
9947.49
9947.49
8785.42
8785.42
9316.52
9316.52
4959.51
4959.51
2250.19
2250.19
472.93
472.93
447.20
447.20
9580.20
9580.20
7418.15
7418.15
2183.10
2183.10
371.03
371.03
2081.18
2081.18
5787.79
5787.79
635.42
635.42
4087.06
4087.06
29.55
29.55
666.02
666.02
8953.75
8953.75
2094.50
2094.50
665.58
665.58
83.32
83.32
6008.91
6008.91
15.81
15.81
7856.57
7856.57
5922.05
5922.05
6011.07
6011.07
6011.07
6011.07
3054.98
3054.98
1916.47
1916.47
6104.01
6104.01
4963.76
4963.76
4729.27
4729.27
42.92
42.92
6117.19
6117.19
5740.13
5740.13
3859.95
3859.95
8415.37
8415.37
64.61
64.61
5294.75
5294.75
3048.00
3048.00
5661.53
5661.53
4569.12
4569.12
44.60
44.60
79.10
79.10
2687.05
2687.05
2983.69
2983.69
3123.91
3123.91
5378.76
5378.76
3953.23
3953.23
5831.52
5831.52
5027.08
5027.08
3378.29
3378.29
2408.66
2408.66
7792.02
7792.02
2523.80
2523.80
113.81
113.81
7150.49
7150.49
43.16
43.16
6945.50
6945.50
2061.21
2061.21
1226.66
1226.66
2808.14
2808.14
4222.61
4222.61
5307.90
5307.90
1766.90
1766.90
86.37
86.37
1311.96
1311.96
206.01
206.01
679.76
679.76
1503.61
1503.61
3167.72
3167.72
113.42
113.42
147.43
147.43
521.78
521.78
50.61
50.61
42.14
42.14
115.70
115.70
328.72
328.72
2104.42
2104.42
3372.99
3372.99
2691.35
2691.35
3244.96
3244.96
4040.93
4040.93
1238.27
1238.27
5448.73
5448.73
351.71
351.71
1988.69
1988.69
192.23
192.23
1898.55
1898.55
85.65
85.65
1608.92
1608.92
93.84
93.84
5453.34
5453.34
1490.48
1490.48
1490.48
1490.48
1490.48
1490.48
1490.48
1490.48
1490.48
388.44
30.95
30.95
132.57
132.57
184.00
761.48
116.14
116.14
933.30
933.30
2058.79
2058.79
2058.79
2058.79
1461.18
1461.18
1503.01
1503.01
1699.76
1699.76
753.47
753.47
911.84
911.84
137.76
137.76
3400.13
3400.13
1195.69
1195.69
65.30
65.30
2004.72
2004.72
55.12
55.12
747.43
747.43
181.11
181.11
30.86
30.86
1733.91
1733.91
111.67
111.67
358.91
358.91
2625.21
2625.21
1732.53
1732.53
4289.83
4289.83
5281.08
5281.08
2001.48
2001.48
4810.73
4810.73
4321.05
4321.05
4079.09
4079.09
30.00
30.00
2039.97
2039.97
522.45
522.45
216.37
216.37
1906.70
1906.70
654.54
654.54
155.50
155.50
5931.96
5931.96
3879.51
3879.51
3879.51
3413.23
335.54
335.54
1945.58
1945.58
6659.51
6659.51
1997.14
1997.14
32.78
32.78
184.22
184.22
5114.53
5114.53
4872.30
4872.30
2105.16
2105.16
27.91
27.91
114.10
114.10
128.56
128.56
108.58
108.58
370.47
370.47
45.57
45.57
141.05
141.05
1182.41
1182.41
1610.90
1610.90
512.20
512.20
118.95
118.95
1644.79
1644.79
258.97
258.97
103.03
103.03
4543.93
4543.93
1901.51
1901.51
279.01
279.01
658.63
658.63
1799.53
1799.53
915.94
915.94
553.88
553.88
535.79
535.79
1676.12
1676.12
1903.02
1903.02
178.11
178.11
2155.00
2155.00
335.61
335.61
4909.24
4909.24
3295.98
3295.98
5339.80
5339.80
5339.80
1509.09
2245.82
2245.82
5352.43
5352.43
1852.92
1852.92
101.52
101.52
116.07
116.07
33.92
33.92
1853.02
1853.02
901.73
901.73
240.01
240.01
5568.54
5568.54
7226.45
7226.45
1776.82
1776.82
888.18
888.18
135.44
135.44
10.97
10.97
2822.19
2822.19
207.95
207.95
442.92
442.92
791.87
791.87
1472.10
1472.10
2966.23
2966.23
34.79
34.79
6331.04
6331.04
7611.43
7611.43
919.87
919.87
125.05
125.05
6876.38
6876.38
132.30
132.30
290.10
290.10
41.02
41.02
4856.60
4856.60
2350.80
2350.80
2721.40
2721.40
6931.89
6931.89
8794.68
8794.68
11271.56
11271.56
16.91
16.91
95.29
95.29
755.79
755.79
232.14
232.14
2085.62
2085.62
535.43
535.43
8861.96
8861.96
8861.96
8861.96
237.26
237.26
48.00
48.00
1165.79
1165.79
2298.21
2298.21
74.77
74.77
109.74
109.74
409.36
409.36
39.35
39.35
60.74
60.74
145.21
145.21
1904.80
1904.80
7166.71
7166.71
120.79
120.79
89.01
89.01
538.84
538.84
1854.58
1854.58
7436.66
7436.66
4276.96
4276.96
6610.31
6610.31
67.66
67.66
67.66
2636.39
2636.39
196.35
501.15
501.15
501.15
1604.93
1604.93
182.61
182.61
147.33
147.33
910.98
910.98
222.58
222.58
402.44
2234.63
2234.63
2234.63
112.70
112.70
7505.99
7505.99
4577.69
4577.69
6996.72
6996.72
8447.03
8447.03
4825.77
4825.77
4825.77
4825.77
133.64
133.64
2469.22
2469.22
10181.82
10181.82
7568.06
7910.10
7910.10
7910.10
10222.17
10222.17
7983.90
7983.90
7983.90
7983.90
380.52
380.52
31.13
31.13
3435.76
3435.76
4435.10
4435.10
30.50
30.50
348.66
348.66
1913.20
1913.20
1229.66
39.55
39.55
39.55
4628.05
4628.05
6783.70
6783.70
906.22
906.22
6917.35
6917.35
6874.10
6874.10
7633.92
7633.92
7633.92
7633.92
7633.92
7633.92
655.37
655.37
9043.19
9043.19
8428.49
8428.49
8428.49
8428.49
8428.49
8428.49
8428.49
8428.49
6737.82
6737.82
2224.65
2224.65
598.76
598.76
27.12
27.12
1568.90
1568.90
3424.48
3424.48
446.63
446.63
4796.21
4796.21
769.14
769.14
5470.17
5470.17
4626.20
4626.20
8274.05
8274.05
886.97
886.97
6403.34
6403.34
13922.04
13922.04
13922.04
13922.04
14710.27
14710.27
119.99
119.99
5598.64
5598.64
12655.48
12655.48
6084.10
6084.10
2019.21
2019.21
9318.77
9318.77
1836.11
1836.11
12136.86
12136.86
588.84
588.84
1924.82
1924.82
6622.98
6622.98
7145.39
7145.39
7287.77
7287.77
7607.33
7607.33
10113.44
10113.44
75.34
75.34
4868.13
4868.13
11396.26
11396.26
8987.84
8987.84
588.18
588.18
8268.25
8268.25
1635.20
1635.20
669.76
669.76
7055.78
7055.78
5518.89
5518.89
393.56
393.56
1953.63
1953.63
4537.52
4537.52
113.23
113.23
12908.58
12908.58
43.80
43.80
1331.56
1331.56
10825.48
10825.48
2067.24
2067.24
14076.07
14076.07
14429.00
14429.00
13110.32
13110.32
102.62
102.62
438.60
438.60
51.70
51.70
2031.80
2031.80
11635.32
11635.32
11003.41
11003.41
7713.27
7713.27
12917.06
12917.06
2463.44
2463.44
3230.27
3230.27
3847.09
3847.09
8697.52
8697.52
8487.91
8487.91
11140.98
11140.98
3330.38
3330.38
135.88
135.88
336.14
336.14
312.14
312.14
2379.48
2379.48
7174.18
7174.18
6031.94
6031.94
11182.86
11182.86
28.40
28.40
10390.22
10390.22
10390.22
10390.22
7413.84
7413.84
441.07
441.07
2627.25
2627.25
4069.48
4069.48
6629.06
6629.06
3396.40
3396.40
2439.26
2439.26
4668.66
4668.66
2658.90
2658.90
10443.00
10443.00
68.09
68.09
11931.86
11931.86
188.00
188.00
1867.75
1867.75
37.95
37.95
215.92
215.92
5324.93
5324.93
1647.79
1647.79
139.75
139.75
2064.26
2064.26
390.82
390.82
2251.42
2251.42
5363.83
5363.83
4252.69
4252.69
2317.68
2317.68
2368.95
2368.95
955.91
955.91
1569.19
1569.19
3913.84
3913.84
2737.80
2737.80
1656.24
1656.24
4180.21
4180.21
1391.66
1391.66
148.90
148.90
947.90
947.90
1779.58
1779.58
960.67
960.67
2420.54
2420.54
2192.97
2192.97
1274.83
1274.83
146.69
146.69
9077.91
9077.91
244.17
244.17
2277.59
2277.59
10.00
10.00
2085.62
2085.62
38.54
38.54
312.56
312.56
143.09
143.09
7271.48
7271.48
7023.42
7023.42
483.20
483.20
91.28
91.28
102.46
102.46
275.76
275.76
2144.30
2144.30
40.22
40.22
2139.20
2139.20
3788.79
3788.79
5571.50
5571.50
7389.97
7389.97
8503.03
8503.03
9177.43
9177.43
64.48
64.48
283.43
283.43
2198.63
2198.63
2926.64
2926.64
797.71
797.71
488.30
488.30
2005.08
2005.08
155.31
155.31
3172.25
3172.25
310.67
310.67
1764.01
1764.01
428.54
428.54
886.23
886.23
273.65
273.65
186.44
186.44
284.81
284.81
84.56
84.56
3903.23
3903.23
5174.65
5174.65
6932.06
6932.06
7250.28
7250.28
32.63
32.63
1472.53
1472.53
140.37
140.37
570.39
570.39
79.53
79.53
10.00
10.00
14.02
14.02
298.46
298.46
420.06
420.06
4103.03
4103.03
3405.75
3405.75
35.22
35.22
177.09
177.09
45.62
45.62
3792.97
3792.97
10.00
10.00
673.11
673.11
1578.20
1578.20
1350.36
1350.36
1980.80
1980.80
6549.70
6549.70
2376.73
2376.73
71.57
71.57
32.08
32.08
90.98
90.98
10.00
10.00
2027.54
2027.54
6010.15
6010.15
4074.18
4074.18
179.73
179.73
571.94
571.94
672.67
672.67
10496.47
10496.47
1814.37
1814.37
32.43
32.43
697.77
697.77
4454.75
4454.75
5310.51
5310.51
2040.98
2040.98
7808.56
7808.56
3348.59
3348.59
7726.79
7726.79
8092.01
8092.01
4139.47
4139.47
7551.94
7551.94
65.06
65.06
1061.79
1061.79
118.44
118.44
11194.71
11194.71
132.91
132.91
181.52
181.52
55.08
55.08
237.86
237.86
35.28
35.28
8360.03
8360.03
1805.28
1805.28
300.53
300.53
193.24
193.24
226.70
226.70
199.74
199.74
479.75
479.75
533.39
533.39
2080.20
2080.20
1629.87
1629.87
3252.58
3252.58
49.95
49.95
27.73
27.73
104.19
104.19
545.65
545.65
106.50
106.50
452.26
452.26
496.59
496.59
361.17
361.17
93.63
93.63
4808.12
4808.12
5148.20
5148.20
9901.70
9901.70
10984.33
10984.33
11457.13
11457.13
5908.11
5908.11
593.19
593.19
9243.57
9243.57
9121.87
9121.87
9121.87
9121.87
4489.19
4489.19
7379.51
7379.51
11167.66
11167.66
274.01
274.01
853.50
853.50
44.89
44.89
7492.80
7492.80
13236.58
13236.58
13674.30
13674.30
13674.30
13674.30
81.17
81.17
90.94
90.94
1189.96
1189.96
9485.96
9485.96
9506.88
9506.88
7503.96
7503.96
2270.51
2270.51
7491.34
7491.34
7585.42
7585.42
614.26
614.26
425.42
425.42
5208.87
5208.87
10287.82
10287.82
8068.56
8068.56
10396.26
10396.26
98.35
98.35
10531.51
10531.51
3562.44
3562.44
10246.24
10246.24
113.97
113.97
55.93
55.93
7752.29
7752.29
9968.32
9968.32
2327.08
2327.08
6371.64
6371.64
104.62
104.62
9945.19
9945.19
50.65
50.65
7686.44
7686.44
14565.54
14565.54
16356.05
16356.05
13442.90
13442.90
14641.63
14641.63
949.12
949.12
301.99
301.99
642.75
642.75
7360.84
7360.84
7792.68
7792.68
8365.25
8365.25
7403.10
7403.10
9372.17
9372.17
7395.89
7395.89
9442.58
9442.58
140.92
140.92
9783.44
9783.44
12184.18
12184.18
27.55
27.55
2746.59
2746.59
9304.45
9304.45
184.58
184.58
2122.60
2122.60
8554.85
8554.85
8262.38
8262.38
338.70
338.70
807.03
807.03
121.66
121.66
41.20
41.20
2359.70
2359.70
988.35
988.35
78.75
78.75
5834.66
5834.66
5021.34
5021.34
2273.48
2273.48
154.02
154.02
6721.72
6721.72
36.89
36.89
1553.75
