# 1Hz Kbps trace generated by import_real_world_traces.py
58.25
1722.11
2142.78
2142.78
1538.70
1538.70
1379.64
1379.64
1579.06
1579.06
424.95
31.06
1329.49
1329.49
1329.74
1198.53
3336.54
3336.54
792.96
792.96
1117.44
1117.44
145.04
145.04
881.87
881.87
265.19
265.19
91.52
91.52
376.14
376.14
220.82
220.82
125.77
125.77
1638.91
1638.91
1054.58
1054.58
997.82
997.82
1534.95
1534.95
1013.80
1013.80
86.94
86.94
1400.11
1400.11
329.35
329.35
329.35
503.09
2696.77
2696.77
156.70
156.70
743.57
743.57
751.95
751.95
2831.33
2831.33
998.75
998.75
1250.70
1250.70
3083.17
3083.17
2926.16
2926.16
2368.60
2368.60
2355.41
2355.41
3083.42
3083.42
2324.02
2324.02
2370.86
2370.86
3092.65
3092.65
512.57
512.57
2456.76
2456.76
1004.99
1004.99
1422.68
1422.68
1422.68
1422.68
2857.03
2857.03
2476.06
2476.06
2282.61
2282.61
3614.01
3614.01
1728.29
1728.29
4469.52
4469.52
3461.71
3461.71
1045.51
1045.51
2441.91
2441.91
1241.61
1241.61
3314.08
3314.08
465.30
465.30
1259.46
1259.46
1239.68
1239.68
3101.63
3101.63
2569.05
2569.05
2469.21
2469.21
965.02
965.02
2273.97
2273.97
875.41
875.41
2753.93
2753.93
2445.02
2445.02
2217.14
2217.14
2473.60
2473.60
3515.74
3515.74
3002.01
3002.01
952.81
952.81
2856.31
2856.31
2918.81
2918.81
1985.67
1985.67
2499.33
2499.33
2896.45
2896.45
3847.15
3847.15
4259.05
4259.05
4259.05
4259.05
4446.28
4446.28
2299.92
2299.92
3421.53
3421.53
3538.92
3538.92
2590.97
2590.97
2907.94
2907.94
2399.53
2399.53
373.00
373.00
923.26
923.26
2651.63
2651.63
1118.77
1118.77
3691.00
3691.00
2216.39
2216.39
2980.85
2980.85
2858.28
2858.28
2896.46
2896.46
3259.17
3259.17
1244.04
1244.04
3973.42
3973.42
2218.68
2218.68
1998.07
1998.07
1799.48
1799.48
2574.12
2574.12
3405.10
3405.10
3723.60
3723.60
2726.85
2726.85
2726.85
2726.85
2726.85
2726.85
2726.85
2726.85
394.64
394.64
394.64
394.64
1074.18
1074.18
2764.92
2764.92
2965.20
2965.20
2383.36
2383.36
3332.84
3332.84
1709.07
1709.07
3469.15
3469.15
3252.98
3252.98
3410.19
3410.19
2283.94
2283.94
2925.67
2925.67
1896.48
1896.48
1785.53
1785.53
1543.04
1543.04
3631.21
3631.21
1640.04
1640.04
2046.42
2046.42
17.69
17.69
84.12
84.12
1904.71
1904.71
189.43
189.43
373.73
373.73
888.09
888.09
752.28
752.28
1977.40
1977.40
2266.00
2266.00
4092.18
4092.18
2888.73
2888.73
3395.60
3395.60
1397.47
1397.47
4158.70
4158.70
1594.34
1594.34
3080.68
3080.68
3086.40
3086.40
2981.77
2981.77
2320.59
2320.59
3297.85
3297.85
2761.04
2761.04
2432.71
2432.71
3594.09
3594.09
2643.08
2643.08
2877.57
2877.57
3669.45
3669.45
3336.90
3336.90
795.68
795.68
2667.53
2667.53
3198.29
3198.29
3002.87
3002.87
3109.71
3109.71
3109.71
3109.71
853.79
853.79
1733.30
1733.30
2112.35
2112.35
2263.23
2263.23
3117.27
3117.27
2647.66
2647.66
2850.17
2850.17
3768.71
3768.71
3678.22
3678.22
3678.22
