# 1Hz Kbps trace generated by import_real_world_traces.py
1891.66
2699.47
2810.73
2265.53
2265.53
2275.54
2275.54
2548.57
2548.57
2230.82
2230.82
2641.90
2641.90
499.17
499.17
2607.81
2607.81
2157.07
2157.07
2110.45
2110.45
2049.68
2049.68
2518.41
2518.41
1809.64
1809.64
2853.51
2853.51
2667.96
2667.96
2153.43
2153.43
2516.54
2516.54
2442.77
2442.77
3030.53
3030.53
2558.75
2558.75
2001.64
2001.64
2060.39
2060.39
2624.56
2624.56
2002.01
2002.01
2367.65
2367.65
2431.68
2431.68
66.66
66.66
3092.61
3092.61
2732.54
2732.54
2620.63
2620.63
2695.09
2695.09
2516.98
2516.98
2511.47
2511.47
2517.62
2517.62
2389.08
2389.08
2339.46
2339.46
481.60
481.60
2442.65
2442.65
1786.25
1786.25
1786.25
1786.25
2263.86
2263.86
2912.22
2912.22
348.42
348.42
2921.74
2921.74
2627.23
2627.23
2445.88
2445.88
10.00
10.00
2764.76
2764.76
2764.76
2764.76
2831.88
2831.88
2739.72
2739.72
2436.67
2436.67
2633.65
2633.65
2560.31
2560.31
2772.77
2772.77
2513.10
2513.10
10.00
10.00
2257.92
2257.92
2472.87
2472.87
523.87
523.87
2413.44
2413.44
1138.35
1138.35
2203.61
2203.61
2959.97
2959.97
10.00
10.00
2888.61
2888.61
192.62
192.62
2017.47
2017.47
2180.30
2180.30
2619.22
2619.22
2619.22
2619.22
2619.22
2619.22
2342.85
2342.85
2443.23
2443.23
2923.83
2923.83
2635.26
2635.26
3030.29
3030.29
2469.86
2469.86
1453.60
1453.60
1453.60
1453.60
1453.60
1453.60
2776.36
2776.36
3020.98
3020.98
2014.81
2014.81
2577.95
2577.95
2081.21
2081.21
2081.21
2081.21
2644.64
2644.64
11.58
11.58
2420.22
2420.22
10.00
10.00
3044.29
3044.29
2733.57
2733.57
2414.13
2414.13
2346.66
2346.66
2001.24
2001.24
2224.08
2224.08
2648.13
2648.13
2769.93
2769.93
2723.36
2723.36
2448.13
2448.13
2644.94
2644.94
1837.06
1837.06
2525.01
2525.01
715.10
715.10
2388.41
2388.41
2388.41
2388.41
2367.50
2367.50
14.19
14.19
2376.53
2376.53
2749.36
2749.36
2391.81
2391.81
2337.67
2337.67
2318.48
2318.48
1567.73
1567.73
2559.67
2559.67
1150.53
1150.53
627.55
627.55
1456.12
1456.12
1874.84
1874.84
10.00
10.00
69.80
69.80
485.62
485.62
2444.23
2444.23
2456.64
2456.64
1045.45
1045.45
1045.45
1045.45
2620.23
2620.23
2617.50
2617.50
2617.50
2617.50
31.22
31.22
2624.12
2624.12
2553.90
2553.90
2475.54
2475.54
2721.57
2721.57
2194.45
2194.45
93.23
93.23
1569.56
1569.56
2624.17
2624.17
2759.77
2759.77
2316.59
2316.59
2570.87
2570.87
499.72
499.72
2202.41
2202.41
1952.34
1952.34
2432.85
2432.85
2202.63
2202.63
2076.87
2076.87
2118.36
2118.36
1864.13
1864.13
218.30
218.30
1937.43
1937.43
1410.20
1410.20
2038.41
2038.41
2100.58
2100.58
2100.58
2100.58
2382.03
2382.03
1933.34
1933.34
2073.51
2073.51
2073.51
2073.51
2258.44
2258.44
1797.89
1797.89
2381.02
2381.02
1376.40
1376.40
24.51
24.51
2397.67
2397.67
1997.79
1997.79
2025.96
2025.96
1940.86
1940.86
2464.95
2464.95
1687.83
1687.83
2556.69
2556.69
1943.56
1943.56
692.41
692.41
10.00
10.00
799.56
799.56
105.20
105.20
2596.09
2596.09
2623.79
2623.79
10.00
10.00
2830.91
2830.91
2830.91
2830.91
2445.25
2445.25
1710.25
1710.25
2068.98
2068.98
482.52
482.52
2226.11
2226.11
2391.21
2391.21
2391.21
2391.21
1809.41
1809.41
2168.15
2168.15
937.47
937.47
2634.73
2634.73
2600.57
2600.57
2652.68
2652.68
1972.19
1972.19
2100.90
2100.90
2005.68
2005.68
2005.68
124.02
124.02
600.61
310.69
310.69
710.23
710.23
2523.28
2523.28
2619.46
2619.46
2533.35
2533.35
2044.04
2044.04
10.00
10.00
2355.75
2355.75
10.00
10.00
1322.64
1322.64
10.00
10.00
12.41
12.41
2140.28
2140.28
2140.28
2140.28
2070.90
2070.90
2200.73
2200.73
2200.73
2200.73
339.89
339.89
1621.95
1621.95
1986.42
1986.42
1986.42
1986.42
1245.18
1245.18
1632.86
1632.86
1846.27
1846.27
1690.24
1690.24
1877.45
1877.45
10.00
10.00
47.56
47.56
478.10
478.10
231.18
231.18
847.48
847.48
998.23
998.23
1597.13
1597.13
1597.13
1597.13
1039.50
1039.50
1039.50
1039.50
1373.84
1373.84
2059.81
2059.81
1737.12
1737.12
1088.57
1088.57
2338.34
2338.34
2239.17
2239.17
1938.68
1938.68
1557.39
1557.39
1575.31
1575.31
1575.31
1575.31
2097.70
2097.70
442.38
442.38
2235.13
2235.13
1457.27
1457.27
10.00
10.00
13.34
13.34
2067.19
2067.19
1719.45
1719.45
2243.46
2243.46
1913.45
1913.45
2159.58
2159.58
2391.68
2391.68
2391.68
2391.68
2157.86
2157.86
2292.56
2292.56
10.00
10.00
1148.04
1148.04
1148.04
1148.04
1148.04
1148.04
1148.04
1148.04
2596.99
2596.99
2902.30
2902.30
2902.30
2902.30
2169.79
2169.79
1967.18
1967.18
3109.28
3109.28
3109.28
3109.28
2320.09
2320.09
2813.09
2813.09
2516.52
2516.52
3037.72
3037.72
3326.77
3326.77
2779.72
2779.72
2779.72
2779.72
924.32
924.32
10.00
10.00
1863.34
1863.34
1276.55
1276.55
1979.94
1979.94
1927.43
1927.43
3311.25
3311.25
40.06
40.06
2637.96
2637.96
2637.96
2637.96
2637.96
2637.96
3295.38
3295.38
2237.51
2237.51
2924.07
2924.07
711.87
711.87
2435.38
2435.38
2498.67
2498.67
2575.89
2575.89
3064.78
3064.78
2461.71
2461.71
485.43
485.43
2760.69
2760.69
504.23
504.23
736.66
736.66
2905.94
2905.94
2312.69
2312.69
2312.69
2175.09
1029.01
1029.01
3012.72
3012.72
2716.10
2716.10
2768.10
2768.10
2768.10
2768.10
497.09
497.09
723.20
723.20
542.00
542.00
2187.64
2187.64
2510.35
2510.35
2714.48
2714.48
3016.96
3016.96
2571.38
2571.38
2571.38
2571.38
3008.12
3008.12
3008.12
3172.40
3093.50
3093.50
3093.50
2735.06
2735.06
2299.13
2299.13
2699.85
2699.85
2594.00
2594.00
2755.43
2755.43
2635.53
2635.53
2386.92
2386.92
3279.35
3279.35
2990.26
2990.26
475.81
475.81
310.72
310.72
2565.77
2565.77
2714.24
2714.24
2056.00
2056.00
2272.13
2272.13
2788.76
2788.76
2525.35
2525.35
2409.44
2409.44
2727.61
2727.61
2347.59
2347.59
1480.59
1480.59
2369.14
2369.14
2646.58
2646.58
10.00
10.00
1455.96
1455.96
2785.86
2785.86
2785.86
2785.86
2578.02
2578.02
2987.09
2987.09
2758.81
2758.81
2452.97
2452.97
2741.89
2741.89
2374.38
2374.38
2648.17
2648.17
697.02
697.02
2318.97
2318.97
2396.79
2396.79
2396.79
2396.79
794.77
794.77
2336.96
2336.96
390.21
390.21
2760.91
2760.91
2760.91
2760.91
2166.75
2166.75
2986.28
2986.28
2797.50
2797.50
301.38
301.38
3096.45
3096.45
2742.76
2742.76
18.21
18.21
2913.55
2913.55
2431.97
2431.97
2734.80
2734.80
1936.50
1936.50
2566.49
2566.49
499.16
499.16
2916.81
2916.81
2384.44
2384.44
1674.34
1674.34
31.38
31.38
10.00
10.00
2457.59
2457.59
2412.13
2412.13
2367.49
2367.49
2437.70
2437.70
493.40
493.40
3252.42
3252.42
3252.42
3252.42
2288.13
2288.13
2335.36
2335.36
2804.14
2804.14
2563.83
2563.83
2563.83
2563.83
2563.83
2563.83
2707.99
2707.99
2559.65
2559.65
25.35
25.35
2766.86
2766.86
16.41
16.41
2536.05
2536.05
2449.66
2449.66
2781.94
2781.94
2934.10
2934.10
2228.83
2228.83
1811.35
1811.35
2757.29
2757.29
466.31
466.31
2487.59
2487.59
2458.53
2458.53
10.00
10.00
2847.92
2847.92
498.01
498.01
208.89
208.89
508.03
508.03
3053.44
3053.44
3053.44
3053.44
3053.44
3053.44
55.51
55.51
2165.48
2165.48
2695.35
2695.35
2396.30
2396.30
399.67
399.67
2853.73
2853.73
3065.53
3065.53
2846.01
2846.01
2846.01
2846.01
2846.01
2846.01
2846.01
2846.01
2846.01
2846.01
2846.01
2846.01
2846.01
2846.01
2288.08
2288.08
1234.94
1234.94
10.00
10.00
2115.74
2115.74
1864.24
1864.24
1435.94
1435.94
2168.91
2168.91
2459.42
2459.42
10.00
10.00
2814.94
2814.94
2828.83
2828.83
2721.21
2721.21
551.23
551.23
2681.30
2681.30
2353.24
2353.24
2057.03
2057.03
2236.21
2236.21
2622.23
2622.23
463.49
463.49
2299.42
2299.42
89.97
89.97
2351.86
2351.86
3018.39
3018.39
3070.39
3070.39
3070.39
3070.39
3070.39
3070.39
346.65
346.65
2543.34
2543.34
1469.52
1469.52
2671.28
2671.28
2428.42
2428.42
2350.50
2350.50
2386.99
2386.99
2376.08
2376.08
1139.49
1139.49
2254.58
2254.58
2570.26
2570.26
2487.50
2487.50
2705.95
2705.95
1689.78
1689.78
2202.12
2202.12
2121.87
2121.87
2744.37
2744.37
2833.49
2833.49
2084.18
2084.18
2106.57
2106.57
2550.48
2550.48
2739.78
2739.78
2674.36
2674.36
2516.50
2516.50
2730.94
2730.94
2811.66
2811.66
2575.44
2575.44
1920.89
1920.89
1836.35
1836.35
2184.86
2184.86
2372.55
2372.55
2547.49
2547.49
3600.31
3600.31
1977.19
1977.19
202.71
202.71
1728.46
1728.46
1537.54
1537.54
1982.61
1982.61
1636.97
1636.97
1757.18
1757.18
2221.14
2221.14
539.64
539.64
2229.78
2229.78
182.15
182.15
1803.96
1803.96
1803.96
1803.96
1193.50
1193.50
1721.39
1721.39
2076.92
2076.92
2184.16
2184.16
1601.29
1601.29
1601.29
1601.29
2238.72
2238.72
177.22
177.22
177.22
177.22
2470.78
2470.78
2573.16
2573.16
2693.18
2693.18
2439.32
2439.32
2098.25
2098.25
2418.90
2418.90
2909.09
2909.09
2130.76
2130.76
3093.97
3093.97
2621.26
2621.26
2221.37
2221.37
2859.47
2859.47
2317.90
2317.90
2386.40
2386.40
2730.84
2730.84
2897.29
2897.29
2563.12
2563.12
2615.90
