# 1Hz Kbps trace generated by import_real_world_traces.py
796.39
2396.76
3061.02
3082.56
3082.56
3483.43
3483.43
4336.95
4336.95
2688.31
2688.31
3646.41
3646.41
4130.02
4130.02
3229.25
3229.25
4454.04
4454.04
10.30
10.30
2539.70
2539.70
2539.70
2539.70
2539.70
2539.70
2857.84
2857.84
3230.81
3230.81
3230.81
3230.81
5645.18
5645.18
5995.60
5995.60
6253.29
6253.29
6253.29
6253.29
7660.35
7660.35
5878.00
5878.00
868.86
868.86
1764.62
1764.62
1764.62
1764.62
2540.70
2540.70
2975.85
2975.85
2975.85
2975.85
2975.85
2975.85
2975.85
2975.85
2975.85
2975.85
3656.18
3656.18
2870.71
2870.71
3446.69
3446.69
4200.51
4200.51
3614.52
3614.52
3070.26
3070.26
4269.61
4269.61
4828.71
4828.71
4858.18
4858.18
4702.29
4702.29
4702.29
4702.29
4702.29
4702.29
4702.29
4702.29
4702.29
4702.29
3488.88
3488.88
4783.70
4783.70
4952.49
4952.49
674.68
674.68
1026.82
1026.82
8151.44
8151.44
36.75
36.75
5851.48
5851.48
23.88
23.88
385.33
385.33
1941.64
1941.64
3106.21
3106.21
5487.82
5487.82
5290.94
5290.94
4694.49
4694.49
4694.49
4694.49
4694.49
4694.49
4694.49
4694.49
4694.49
4694.49
2986.49
2986.49
11.73
11.73
3215.82
3215.82
5403.17
5403.17
47.28
47.28
3300.07
3300.07
3300.07
3300.07
3300.07
3300.07
3458.72
3458.72
4550.03
4550.03
12.57
12.57
258.11
258.11
81.76
81.76
15.76
15.76
233.69
233.69
1012.89
1012.89
140.61
140.61
22.14
22.14
2997.69
2997.69
4383.03
4383.03
5039.65
5039.65
5620.71
5620.71
6129.45
6129.45
799.30
799.30
6117.19
6117.19
4846.09
4846.09
1315.62
1315.62
8808.84
8808.84
10.83
10.83
1070.41
1070.41
25.70
25.70
9037.07
9037.07
5635.88
5635.88
73.44
73.44
77.43
77.43
79.42
79.42
4432.78
4432.78
2933.71
2933.71
122.08
122.08
590.00
590.00
25.04
25.04
49.36
49.36
69.89
69.89
3487.77
3487.77
691.70
691.70
101.81
101.81
6989.76
6989.76
7402.11
7402.11
8134.57
8134.57
8134.57
8134.57
8594.97
8594.97
8594.97
8594.97
1896.65
1896.65
6166.20
6166.20
537.75
537.75
1068.27
1068.27
9532.18
9532.18
6169.97
6169.97
16.19
16.19
10154.90
10154.90
13.78
13.78
979.41
979.41
368.39
368.39
53.94
53.94
7482.89
7482.89
2304.14
2304.14
90.10
90.10
545.90
545.90
551.74
551.74
3931.73
3931.73
81.14
81.14
115.74
115.74
10.00
10.00
47.71
47.71
270.84
270.84
2449.33
2449.33
5525.81
5525.81
15.99
15.99
6982.16
6982.16
10222.05
10222.05
5055.50
5055.50
5055.50
5055.50
677.31
677.31
44.94
44.94
11430.02
11430.02
10595.18
10595.18
4946.78
4946.78
1659.18
1659.18
6089.48
6089.48
9424.09
9424.09
13296.25
13296.25
9022.28
9022.28
13546.61
13546.61
2340.87
2340.87
13559.00
13559.00
724.92
724.92
5101.16
5101.16
5101.16
5101.16
5101.16
5101.16
10347.98
10347.98
56.52
56.52
258.88
258.88
10.00
10.00
652.26
652.26
2251.71
2251.71
3519.07
3519.07
3049.71
3049.71
2041.21
2041.21
8534.45
8534.45
1626.84
1626.84
2560.39
2560.39
7751.55
7751.55
240.42
240.42
9262.66
9262.66
50.67
50.67
4430.11
4430.11
525.44
525.44
4663.64
4663.64
1001.36
1001.36
62.94
62.94
2797.47
2797.47
6583.00
6583.00
12352.38
12352.38
6001.75
6001.75
4818.02
4818.02
337.93
337.93
986.61
986.61
68.63
68.63
6965.81
6965.81
6965.81
6965.81
7885.37
7885.37
86.51
86.51
2298.15
2298.15
7327.66
7327.66
1423.61
1423.61
7262.44
7262.44
10787.81
10787.81
1102.90
1102.90
578.67
578.67
10.00
10.00
835.18
835.18
1709.35
1709.35
23.10
23.10
14.01
14.01
586.17
586.17
34.08
34.08
4980.09
4980.09
11569.13
11569.13
10860.86
10860.86
8898.75
8898.75
12533.99
12533.99
12533.99
12533.99
12029.81
12029.81
3729.90
3729.90
67.86
67.86
125.67
125.67
20.40
20.40
995.57
995.57
59.64
59.64
561.33
561.33
500.17
500.17
2388.40
2388.40
7624.03
7624.03
12166.28
12166.28
3047.49
3047.49
2785.82
2785.82
8949.37
8949.37
411.70
411.70
90.04
90.04
32.14
32.14
454.09
454.09
460.39
460.39
204.21
204.21
204.20
204.20
715.84
715.84
5389.29
5389.29
972.33
972.33
972.33
11869.06
14.65
14.65
10.50
10.50
11.58
11.58
10.00
10.00
226.15
226.15
9288.80
9288.80
1655.70
1655.70
4896.44
4896.44
4896.44
4896.44
9560.25
9560.25
11071.95
11071.95
60.38
60.38
4216.10
4216.10
56.98
56.98
624.76
624.76
945.87
945.87
1443.38
1443.38
1815.42
1815.42
1163.81
1163.81
2202.66
2202.66
1006.11
1006.11
1770.60
1770.60
2458.58
2458.58
1955.44
1955.44
440.64
440.64
3199.92
3199.92
2289.73
2289.73
2289.73
625.25
625.25
906.66
906.66
3140.09
3430.13
3430.13
3494.97
3494.97
3494.97
2855.58
2855.58
2855.58
2855.58
4897.43
4897.43
4897.43
29.51
29.51
29.51
3627.91
3627.91
3554.03
3554.03
3554.03
3554.03
17.94
17.94
5547.32
5547.32
5959.10
5959.10
5773.53
1714.30
1714.30
5844.71
5844.71
5844.71
5844.71
5844.71
3356.54
6259.52
6259.52
6259.52
4255.72
4255.72
4255.72
1926.46
1926.46
1926.46
3233.66
3233.66
3233.66
3233.66
3233.66
3233.66
1856.77
1856.77
4175.37
4175.37
3683.39
3683.39
3705.59
3705.59
3980.05
4123.67
4123.67
4123.67
3210.31
3210.31
3514.19
3514.19
3514.19
3514.19
3514.19
3514.19
3514.19
3514.19
3514.19
3514.19
4726.73
4726.73
4930.44
5022.45
5022.45
5022.45
5022.45
5022.45
5022.45
5702.38
5702.38
5702.38
5775.74
7169.10
7169.10
7169.10
4548.10
4548.10
4548.10
4548.10
4548.10
4548.10
5045.77
5045.77
5045.77
5045.77
7697.28
7697.28
8104.71
8104.71
61.68
61.68
9472.75
9472.75
7914.19
7914.19
49.76
49.76
11319.04
11319.04
887.83
887.83
6060.52
6060.52
8703.16
8703.16
2635.55
2635.55
7837.87
7837.87
20.07
20.07
14.00
14.00
963.28
963.28
5468.62
5468.62
994.30
994.30
8794.95
8794.95
7639.33
7639.33
5873.63
5873.63
6850.08
6850.08
11895.57
11895.57
897.26
897.26
127.11
127.11
12011.32
12011.32
7266.17
7266.17
12636.56
12636.56
63.88
63.88
954.17
954.17
14146.16
14146.16
2518.08
2518.08
904.48
904.48
13047.99
13047.99
735.51
735.51
2179.02
2179.02
252.79
252.79
808.19
808.19
15.76
15.76
857.16
857.16
360.94
360.94
517.09
517.09
12.16
12.16
15.73
15.73
29.30
29.30
102.56
102.56
960.55
960.55
18.22
18.22
27.43
27.43
160.51
160.51
99.84
99.84
10.00
10.00
133.35
133.35
4401.19
4401.19
250.05
250.05
81.75
81.75
725.90
725.90
10.00
10.00
2795.12
2795.12
5019.40
5019.40
6801.24
6801.24
6230.90
6230.90
7837.06
7837.06
914.44
914.44
7707.77
63.00
63.00
63.00
2738.56
2738.56
1700.22
1700.22
466.47
466.47
5018.87
5018.87
5018.87
5018.87
6734.50
6734.50
111.66
111.66
4146.20
4146.20
151.76
151.76
12590.51
12590.51
4085.10
4085.10
992.10
992.10
10.00
10.00
14.21
14.21
168.29
168.29
71.41
71.41
897.41
897.41
66.14
66.14
100.38
100.38
43.58
43.58
43.58
43.58
43.58
43.58
66.78
66.78
800.87
2347.23
2088.91
81.45
79.84
79.84
3617.38
3617.38
3860.86
3860.86
4211.40
4211.40
5674.05
5674.05
5255.49
5255.49
5354.23
5354.23
5732.50
5732.50
5529.59
5529.59
5718.51
5718.51
5472.25
5472.25
4764.19
4764.19
4764.19
4764.19
4764.19
4764.19
4764.19
4764.19
4520.81
4520.81
4520.81
4520.81
4520.81
4520.81
4979.41
4979.41
5710.45
5710.45
5932.61
5932.61
1886.56
1886.56
899.06
899.06
3064.10
3064.10
6307.45
6307.45
4131.04
4131.04
5645.15
5645.15
5645.15
5645.15
5645.15
5645.15
3421.68
3421.68
7075.25
7075.25
7075.25
7075.25
7075.25
7075.25
6330.15
6330.15
4189.25
4189.25
4537.49
4537.49
5374.46
5374.46
16.55
16.55
6961.15
6961.15
6009.33
6009.33
6009.33
6009.33
420.17
420.17
1550.77
1550.77
712.21
712.21
3802.97
3802.97
7789.23
7789.23
8479.05
8479.05
8479.05
8479.05
3603.28
3603.28
3841.09
3841.09
2440.91
2440.91
492.08
492.08
1294.87
1294.87
3190.41
3190.41
3190.41
3190.41
3190.41
3190.41
3299.67
3299.67
3828.31
3828.31
6859.40
6859.40
4958.96
4958.96
4963.95
4963.95
742.05
742.05
3192.75
3192.75
3209.95
3209.95
7885.73
7885.73
8092.39
8092.39
8671.94
8671.94
8178.66
8178.66
6933.01
6933.01
8004.99
8004.99
9647.72
9647.72
890.97
890.97
2558.91
2558.91
3921.04
3921.04
7542.05
7542.05
759.36
759.36
4402.78
4402.78
429.12
429.12
200.52
200.52
267.73
267.73
911.38
911.38
6870.02
6870.02
625.11
625.11
3983.23
3983.23
56.89
56.89
6375.35
6375.35
6619.31
6619.31
82.71
82.71
2615.87
2615.87
96.62
96.62
15.74
15.74
238.86
238.86
61.37
61.37
93.97
93.97
1914.78
1914.78
1427.75
1427.75
2769.93
2769.93
2769.93
2769.93
2769.93
2769.93
2769.93
2769.93
5743.11
5743.11
5743.11
5743.11
5743.11
5743.11
5743.11
5743.11
5743.11
5743.11
6404.12
6404.12
1194.02
1194.02
15.16
15.16
220.83
220.83
11.29
11.29
5576.77
5576.77
5429.64
5429.64
3717.77
3717.77
999.63
999.63
10.95
10.95
86.63
86.63
100.67
100.67
13.91
13.91
5162.60
5162.60
8126.09
8126.09
210.62
210.62
11517.00
11517.00
23.22
23.22
9900.45
9900.45
2875.66
2875.66
9443.16
9443.16
6984.78
6984.78
3103.39
3103.39
5760.91
5760.91
138.03
138.03
3336.61
3336.61
3707.88
3707.88
6023.58
6023.58
6735.33
6735.33
4428.21
4428.21
1583.20
1583.20
232.77
232.77
727.82
727.82
68.75
68.75
31.62
31.62
7923.90
7923.90
9176.48
9176.48
70.89
70.89
11.70
11.70
11.54
11.54
91.25
91.25
3768.57
3768.57
930.42
930.42
3744.51
3744.51
2545.71
2545.71
86.05
86.05
10352.07
10352.07
2831.62
2831.62
579.13
579.13
4057.31
4057.31
185.12
185.12
315.44
315.44
17.39
17.39
4091.73
4091.73
6306.06
6306.06
11821.51
11821.51
917.54
917.54
684.66
684.66
9460.92
9460.92
645.67
645.67
5253.26
5253.26
1886.11
1886.11
1094.48
1094.48
19.05
19.05
40.02
40.02
13193.72
13193.72
12223.12
12223.12
2185.79
2185.79
4464.69
4464.69
419.23
419.23
76.01
76.01
2540.45
2540.45
233.36
233.36
10939.66
10939.66
597.53
597.53
14.31
14.31
62.46
62.46
10.67
10.67
10.00
10.00
3018.07
3018.07
61.82
61.82
4334.31
4334.31
1865.91
1865.91
911.61
911.61
11.60
11.60
515.98
515.98
185.93
185.93
450.57
450.57
23.87
23.87
55.38
55.38
51.08
51.08
77.90
77.90
926.83
926.83
14.28
14.28
4478.92
4478.92
910.61
910.61
3525.45
3525.45
3828.05
3828.05
3558.22
3558.22
8001.23
8001.23
28.32
28.32
56.30
56.30
18.50
18.50
28.63
28.63
902.29
902.29
7712.43
7712.43
121.24
121.24
906.34
906.34
174.42
174.42
12406.81
12406.81
12692.83
12692.83
9595.12
9595.12
9595.12
9595.12
9595.12
9595.12
9595.12
9595.12
9595.12
9595.12
671.99
671.99
2718.34
2718.34
119.85
119.85
125.08
125.08
302.20
302.20
434.37
434.37
54.58
54.58
34.81
34.81
10304.03
10304.03
643.02
643.02
756.28
756.28
10.00
10.00
10.00
10.00
7093.45
7093.45
229.66
229.66
297.85
297.85
95.86
95.86
5630.36
5630.36
120.36
120.36
4693.51
4693.51
52.57
52.57
13106.10
13106.10
894.45
894.45
9747.17
9747.17
14.89
14.89
10.00
10.00
993.62
993.62
15.94
15.94
27.03
27.03
520.97
520.97
39.91
39.91
12.61
12.61
221.14
221.14
10.00
10.00
85.92
85.92
11.81
11.81
529.57
529.57
708.11
708.11
4319.72
4319.72
8712.84
8712.84
1597.06
1597.06
2281.85
2281.85
7402.67
7402.67
15.52
15.52
7523.30
7523.30
2599.34
2599.34
41.07
41.07
727.96
727.96
4253.94
4253.94
15.74
15.74
2606.05
2606.05
981.85
981.85
277.06
277.06
43.32
43.32
397.29
397.29
2091.29
2091.29
242.65
242.65
8509.01
8509.01
8509.01
8509.01
8509.01
8509.01
10.00
10.00
10.00
10.00
98.34
98.34
60.82
60.82
151.69
151.69
2432.11
2432.11
4557.18
4557.18
75.88
75.88
157.24
157.24
109.67
109.67
5668.31
5668.31
525.53
525.53
35.23
35.23
3354.39
3354.39
9398.74
9398.74
14.94
14.94
101.52
101.52
747.95
747.95
7933.57
7933.57
237.50
237.50
5369.67
5369.67
5402.75
5402.75
1177.94
1177.94
43.03
43.03
6685.05
6685.05
3839.69
3839.69
8013.93
8013.93
2961.09
2961.09
1733.06
1733.06
5663.58
5663.58
1050.61
1050.61
13.98
13.98
15.76
15.76
262.42
262.42
118.05
118.05
10.00
10.00
793.13
793.13
1726.32
1726.32
11951.32
11951.32
126.96
126.96
340.62
340.62
2514.09
2514.09
1403.94
1403.94
14.32
14.32
193.15
193.15
548.17
548.17
10.00
10.00
2418.36
2418.36
1901.27
1901.27
225.61
225.61
2456.79
2456.79
6298.12
6298.12
137.95
137.95
8622.80
8622.80
4566.82
4566.82
9837.82
9837.82
9363.47
9363.47
10919.41
10919.41
995.40
995.40
4399.96
4399.96
4447.90
4447.90
4447.90
4447.90
4981.09
4981.09
10614.39
10614.39
10614.39
10614.39
10614.39
10614.39
10614.39
10614.39
10614.39
10614.39
10614.39
10614.39
10614.39
10614.39
43.11
43.11
43.11
43.11
43.11
280.16
280.16
698.59
817.33
444.14
1508.87
1508.87
1655.65
1655.65
1655.65
1865.25
1865.25
2144.34
706.26
706.26
706.26
694.98
694.98
1268.96
1268.96
1553.62
1553.62
1255.83
1255.83
1255.83
1255.83
1255.83
1255.83
2574.18
2574.18
2772.54
2772.54
77.53
77.53
1697.56
1697.56
20.60
20.60
1289.40
1289.40
37.67
37.67
3810.72
3810.72
2887.75
2887.75
3030.86
3030.86
903.21
903.21
921.31
921.31
3424.13
3424.13
4100.01
4100.01
4948.30
4948.30
3779.19
3779.19
3000.56
4627.70
4627.70
4627.70
5381.37
5381.37
5566.27
5566.27
78.72
78.72
5814.04
5814.04
1539.68
1539.68
4708.70
4708.70
4354.90
4354.90
2740.14
2740.14
2946.74
2946.74
5800.78
5800.78
3596.42
5967.77
5967.77
5967.77
5789.72
5789.72
84.87
84.87
6749.88
6749.88
6796.21
6796.21
648.67
648.67
7435.90
7435.90
5424.04
5424.04
39.80
39.80
52.89
52.89
3910.10
3910.10
3910.10
4552.99
4552.99
4552.99
8218.90
8218.90
6880.44
6880.44
6880.44
6880.44
6131.32
6131.32
6131.32
6131.32
6131.32
6131.32
6131.32
6131.32
5543.07
5543.07
5036.18
5036.18
5216.42
5216.42
1130.66
44.97
44.97
44.97
14.00
14.00
27.06
27.06
2964.44
2964.44
11938.85
11938.85
1055.08
1055.08
3895.58
3895.58
212.25
212.25
118.25
118.25
35.87
35.87
12132.88
12132.88
11332.01
11332.01
2051.12
2051.12
32.47
32.47
213.86
213.86
10.00
10.00
1328.40
1328.40
3373.54
3373.54
4783.88
4783.88
17.01
17.01
208.23
208.23
29.47
29.47
1361.21
1361.21
11219.78
11219.78
10815.76
10815.76
1350.06
1350.06
9921.26
9921.26
1139.73
1139.73
1104.06
1104.06
662.97
662.97
13702.86
13702.86
94.50
94.50
4458.23
4458.23
5140.11
5140.11
931.65
931.65
13.05
13.05
69.56
69.56
10.00
10.00
132.31
132.31
169.30
169.30
181.47
181.47
4308.67
4308.67
11209.33
11209.33
10.00
10.00
130.37
130.37
2977.44
2977.44
42.13
42.13
7338.59
7338.59
11490.41
11490.41
402.92
402.92
73.06
73.06
41.99
41.99
13.32
13.32
57.38
57.38
53.07
53.07
2575.21
2575.21
22.99
22.99
3549.11
3549.11
1410.33
1410.33
10.00
10.00
1735.34
1735.34
83.92
83.92
58.58
58.58
3195.25
3195.25
35.55
35.55
10.00
10.00
52.48
52.48
911.49
911.49
8517.80
8517.80
4790.67
4790.67
9959.86
9959.86
9553.94
9553.94
62.36
62.36
49.30
49.30
4995.24
4995.24
81.26
81.26
8594.87
8594.87
8594.87
8594.87
8594.87
8594.87
8594.87
8594.87
9561.09
9561.09
683.29
683.29
6907.71
6907.71
10.00
10.00
75.85
75.85
32.69
32.69
10.12
10.12
5922.47
5922.47
114.05
114.05
49.05
49.05
828.45
828.45
988.63
988.63
988.63
15.67
85.66
85.66
32.56
32.56
181.88
181.88
44.66
44.66
150.75
150.75
266.38
266.38
6498.27
6498.27
5795.13
5795.13
1508.61
1508.61
322.99
322.99
10649.21
10649.21
11620.96
11620.96
472.65
472.65
16.62
16.62
54.23
54.23
64.84
64.84
2802.96
2802.96
345.22
345.22
40.95
40.95
129.48
129.48
15.91
15.91
105.07
105.07
10.62
10.62
6826.47
6826.47
4360.05
4360.05
3679.04
3679.04
4049.98
4049.98
46.08
46.08
108.93
108.93
50.18
50.18
978.29
978.29
110.13
110.13
640.64
640.64
8146.46
8146.46
8146.46
8146.46
8146.46
8146.46
8146.46
8146.46
8146.46
8146.46
8146.46
8146.46
8146.46
8146.46
8146.46
8146.46
8146.46
8146.46
8146.46
8146.46
8146.46
8146.46
8146.46
8146.46
8146.46
8146.46
8146.46
8146.46
8146.46
8146.46
8146.46
8146.46
8146.46
8146.46
8146.46
8146.46
6610.31
6610.31
4893.29
4893.29
3539.88
3539.88
16.09
16.09
2398.22
2398.22
2398.22
2398.22
5172.74
5172.74
1958.26
1958.26
2965.78
2965.78
2059.91
2059.91
2053.49
2053.49
2138.87
2138.87
12.75
12.75
2258.10
2258.10
3887.95
3887.95
2900.44
2900.44
4045.15
4045.15
2808.11
2808.11
2766.80
2766.80
11.70
11.70
2139.07
2139.07
4329.90
4329.90
4324.53
4324.53
4297.15
4297.15
2862.00
2862.00
4719.23
4719.23
4150.03
4150.03
4150.03
4150.03
4691.25
4691.25
2992.78
2992.78
3084.28
3084.28
5892.62
5892.62
5892.62
5892.62
5892.62
5892.62
5892.62
5892.62
3216.14
3216.14
5856.90
5856.90
3744.45
3744.45
4910.56
4910.56
2301.12
2301.12
5365.91
5365.91
4736.41
4736.41
5544.43
5544.43
5544.43
5544.43
5544.43
5544.43
158.00
158.00
3017.27
3017.27
5379.17
5379.17
924.16
924.16
5929.68
5929.68
3792.72
3792.72
7171.74
7171.74
6666.35
6666.35
891.48
891.48
1882.69
1882.69
566.17
566.17
8985.09
8985.09
6682.21
6682.21
670.32
670.32
6554.80
6554.80
1502.93
1502.93
7374.06
7374.06
384.38
384.38
5775.91
5775.91
3282.24
3282.24
8518.65
8518.65
6422.63
6422.63
605.81
605.81
4713.34
4713.34
42.45
42.45
1537.83
1537.83
150.88
150.88
59.45
59.45
6042.32
6042.32
2751.49
2751.49
5241.87
5241.87
7840.35
7840.35
492.73
492.73
5057.76
5057.76
40.75
40.75
7497.83
7497.83
2396.73
2396.73
1677.34
1677.34
77.48
77.48
4829.41
4829.41
8160.88
8160.88
7620.63
7620.63
18.14
18.14
10.00
10.00
7061.17
7061.17
2762.96
2762.96
6937.49
6937.49
24.73
24.73
239.33
239.33
3550.91
3550.91
3403.23
3403.23
665.06
665.06
6449.85
6449.85
2316.45
2316.45
10.00
10.00
44.64
44.64
3883.95
3883.95
19.81
19.81
6948.31
6948.31
7831.19
7831.19
10187.32
10187.32
6512.88
6512.88
4316.49
4316.49
885.88
885.88
11.61
11.61
101.66
101.66
4051.56
4051.56
7417.00
7417.00
8104.95
8104.95
8023.37
8023.37
1275.62
1275.62
79.16
79.16
47.04
47.04
10.00
10.00
9426.82
9426.82
917.84
917.84
7949.94
7949.94
7949.94
7949.94
7949.94
7949.94
7949.94
7949.94
7131.06
7131.06
10465.25
10465.25
537.05
537.05
1070.87
1070.87
10.00
10.00
5109.88
5109.88
7422.65
7422.65
3578.15
3578.15
5233.15
5233.15
24.22
24.22
7316.48
7316.48
7939.17
7939.17
25.00
25.00
5022.01
5022.01
7523.34
7523.34
4597.95
4597.95
553.17
553.17
3799.80
3799.80
8112.48
8112.48
935.03
935.03
206.94
206.94
408.37
408.37
6787.86
6787.86
15.90
15.90
10186.71
10186.71
5436.07
5436.07
1000.92
1000.92
157.96
157.96
28.07
28.07
269.41
269.41
447.58
447.58
655.49
655.49
84.86
84.86
58.30
58.30
30.98
30.98
3805.72
3805.72
776.01
776.01
4667.18
4667.18
901.33
901.33
931.77
931.77
1111.07
1111.07
16.16
16.16
9328.37
9328.37
8892.92
8892.92
1332.13
1332.13
7103.51
7103.51
2608.61
2608.61
6485.69
6485.69
8138.65
8138.65
10.00
10.00
5298.87
5298.87
1367.95
1367.95
220.13
220.13
387.71
387.71
4082.52
4082.52
58.61
58.61
1430.91
1430.91
54.89
54.89
632.14
632.14
10.05
10.05
2101.51
2101.51
252.76
252.76
3779.16
3779.16
10.02
10.02
7682.03
7682.03
6429.92
6429.92
6429.92
6429.92
6429.92
6429.92
6385.96
6385.96
10191.56
10191.56
8841.50
8841.50
13268.18
13268.18
10.00
10.00
10310.03
10310.03
816.72
816.72
10.38
10.38
15.95
15.95
210.78
210.78
9459.36
9459.36
9499.18
9499.18
9938.34
9938.34
2350.76
2350.76
340.65
340.65
14.28
14.28
27.15
27.15
6660.16
6660.16
898.47
898.47
1666.46
1666.46
10.00
10.00
597.35
597.35
10.00
10.00
48.44
48.44
30.32
30.32
58.96
58.96
14.43
14.43
42.78
42.78
1010.18
1010.18
140.23
140.23
1842.25
1842.25
11994.87
11994.87
4246.35
4246.35
9143.32
9143.32
20.38
20.38
37.94
37.94
465.85
465.85
999.72
999.72
2716.45
2716.45
111.99
111.99
69.57
69.57
135.45
135.45
1008.74
1008.74
13.94
13.94
14.25
14.25
13673.57
13673.57
4335.05
4335.05
5829.24
5829.24
1461.99
1461.99
1002.58
1002.58
5781.97
5781.97
15889.73
15889.73
903.46
903.46
738.63
738.63
5936.67
5936.67
2464.13
2464.13
1559.80
1559.80
15424.50
15424.50
16315.45
16315.45
4559.20
4559.20
54.45
54.45
3251.39
3251.39
338.83
338.83
7166.18
7166.18
10.00
10.00
143.69
143.69
1017.86
1017.86
19.14
19.14
13518.80
13518.80
60.05
60.05
356.81
356.81
601.90
601.90
125.98
125.98
1677.72
1677.72
436.37
436.37
11.91
11.91
1257.92
1257.92
536.53
536.53
1006.15
1006.15
50.39
50.39
444.44
444.44
776.10
776.10
42.61
42.61
13.97
13.97
1988.28
1988.28
1546.79
1546.79
2693.58
2693.58
715.95
715.95
896.94
896.94
220.44
220.44
743.34
743.34
2646.68
2646.68
986.99
986.99
178.74
178.74
8723.62
8723.62
6141.01
6141.01
6556.62
6556.62
6211.88
6211.88
28.57
28.57
67.25
67.25
16.12
16.12
116.63
116.63
19.70
19.70
19.70
21.17
762.80
762.80
762.80
35.66
35.66
7148.94
7148.94
10207.10
10207.10
1738.20
1738.20
7240.27
7240.27
350.18
350.18
5855.33
5855.33
16.63
16.63
2320.34
2320.34
3895.30
3895.30
1023.35
993.53
993.53
993.53
4014.69
4014.69
66.27
66.27
8402.37
8402.37
11423.32
11423.32
672.19
672.19
1200.22
1200.22
71.20
71.20
283.10
283.10
1630.96
1630.96
949.23
949.23
429.85
6604.19
6604.19
6604.19
72.07
72.07
88.97
88.97
990.85
990.85
6631.16
6631.16
28.40
28.40
111.56
111.56
234.46
234.46
16.86
16.86
265.24
265.24
801.84
801.84
14.18
11.07
11.07
11.07
796.10
796.10
2924.33
2924.33
103.56
103.56
1255.95
1255.95
2195.08
2195.08
426.44
426.44
12282.63
12282.63
16.51
16.51
177.06
177.06
2552.72
2552.72
6562.77
47.28
47.28
47.28
4247.19
4247.19
7209.71
7209.71
7209.71
7209.71
3726.55
3726.55
994.09
994.09
7881.47
7881.47
3917.01
3917.01
8828.17
8828.17
6697.16
6697.16
6230.76
6230.76
756.69
756.69
1835.50
1835.50
14115.14
14115.14
11652.65
11652.65
11652.65
11652.65
1443.17
1443.17
6653.41
6653.41
327.76
327.76
434.72
434.72
15.89
15.89
4110.11
4110.11
580.49
580.49
373.78
3890.15
3890.15
3890.15
6507.60
6507.60
15.98
15.98
821.61
821.61
13.87
13.87
21.05
21.05
28.80
28.80
185.51
185.51
15.00
15.00
28.36
28.36
29.63
29.63
164.90
164.90
36.15
36.15
232.88
232.88
2639.45
2639.45
12.33
12.33
52.67
52.67
7483.32
7483.32
142.17
142.17
5793.53
5793.53
153.40
153.40
14.19
14.19
993.59
993.59
63.76
63.76
11953.38
11953.38
11106.40
11106.40
11708.10
11708.10
926.49
926.49
3849.39
3849.39
20.23
20.23
29.86
29.86
10.00
10.00
48.36
48.36
31.91
31.91
59.11
59.11
79.82
79.82
79.82
18.62
108.28
108.28
10.00
10.00
10.00
10.00
10.00
51.25
51.25
308.44
472.11
472.11
111.82
111.82
14.02
14.02
75.65
75.65
3380.97
3380.97
844.12
844.12
46.84
46.84
506.30
506.30
125.38
125.38
79.93
79.93
639.57
639.57
916.85
916.85
81.91
81.91
174.94
174.94
8487.43
8487.43
101.29
101.29
8909.12
8909.12
1358.60
1358.60
879.28
879.28
174.65
174.65
345.21
345.21
487.38
487.38
144.80
144.80
717.15
717.15
77.71
77.71
6638.35
6638.35
6638.35
6638.35
5583.25
5583.25
10761.34
10761.34
10761.34
10761.34
3564.54
3564.54
447.52
447.52
6780.33
6780.33
987.52
987.52
9294.78
9294.78
9294.78
9294.78
2105.38
2105.38
14.93
14.93
5197.68
5197.68
16.31
16.31
15.78
15.78
18.55
18.55
2660.78
2660.78
4619.35
4619.35
2975.17
2975.17
5415.50
5415.50
3765.86
3765.86
6328.26
6328.26
3988.92
3988.92
1378.87
1378.87
1617.72
1617.72
57.35
57.35
900.01
900.01
127.08
127.08
721.72
721.72
1598.06
1598.06
1738.89
1738.89
4328.69
4328.69
5612.96
5612.96
813.56
813.56
101.26
101.26
10.00
10.00
364.46
364.46
89.64
89.64
496.70
496.70
84.57
84.57
25.77
25.77
54.01
54.01
228.12
228.12
7443.23
7443.23
7443.23
7443.23
7443.23
7443.23
7443.23
7443.23
7443.23
7443.23
8296.42
8296.42
8296.42
8296.42
10222.64
10222.64
10222.64
10222.64
10222.64
10222.64
10222.64
10222.64
10222.64
10222.64
2120.51
2120.51
23.86
23.86
940.05
940.05
1168.07
1168.07
1158.40
1158.40
392.41
392.41
2743.41
2743.41
2608.26
2608.26
2734.74
2734.74
1601.43
1601.43
1601.43
1601.43
1871.30
1871.30
1850.20
1850.20
40.69
40.69
858.55
858.55
3493.73
3493.73
3301.17
3301.17
4909.07
4909.07
36.23
36.23
2741.18
2741.18
2292.16
2292.16
4074.87
4074.87
150.67
150.67
1009.92
1009.92
885.26
885.26
3053.83
3053.83
7073.84
7073.84
8625.34
8625.34
8625.34
8625.34
8625.34
8625.34
8625.34
8625.34
8625.34
8625.34
7199.61
7199.61
7199.61
7199.61
7199.61
7199.61
5619.59
5619.59
5619.59
5619.59
5619.59
5619.59
5619.59
5619.59
5619.59
5619.59
5619.59
5619.59
4715.59
4715.59
4715.59
4715.59
4405.73
4405.73
2489.54
2489.54
3899.95
3899.95
5098.37
5098.37
5065.29
5065.29
3650.80
3650.80
2912.65
2912.65
2920.11
2920.11
6067.49
6067.49
6067.49
6067.49
5609.52
5609.52
5609.52
5609.52
5609.52
5609.52
6212.02
6212.02
6212.02
6212.02
6212.02
6212.02
5877.79
5877.79
1771.63
1771.63
1276.98
1276.98
15.92
15.92
10.02
10.02
7398.81
7398.81
6701.43
6701.43
7097.52
7097.52
55.21
55.21
145.59
145.59
6033.70
6033.70
2450.95
2450.95
9427.93
9427.93
9427.93
9427.93
1736.36
1736.36
4042.72
4042.72
9749.50
9749.50
4085.87
4085.87
6343.90
6343.90
6574.20
6574.20
10.00
10.00
46.62
46.62
932.21
932.21
1215.53
1215.53
3995.52
3995.52
5773.76
5773.76
37.78
37.78
6692.33
6692.33
241.52
241.52
6635.95
6635.95
817.76
817.76
4207.76
4207.76
60.28
60.28
41.22
41.22
4862.63
4862.63
3315.15
3315.15
1523.20
1523.20
11.34
11.34
51.87
51.87
712.05
712.05
11.69
11.69
580.32
580.32
8742.73
8742.73
2057.99
2057.99
10561.01
10561.01
4157.41
4157.41
7172.66
7172.66
7464.60
7464.60
2165.59
2165.59
24.51
24.51
333.71
333.71
13.51
13.51
40.28
40.28
70.25
70.25
19.19
19.19
21.12
21.12
52.08
52.08
1225.50
1225.50
5833.96
5833.96
6685.01
6685.01
3681.58
3681.58
269.04
269.04
101.19
101.19
87.79
87.79
425.69
425.69
722.52
722.52
234.88
234.88
100.11
100.11
15.95
15.95
55.32
55.32
4322.41
4322.41
92.92
92.92
1519.69
1519.69
89.23
89.23
11705.38
11705.38
1824.43
1824.43
109.11
109.11
590.70
590.70
308.92
308.92
290.15
290.15
32.23
32.23
661.12
661.12
3228.90
3228.90
8304.53
8304.53
130.67
130.67
5736.44
5736.44
4933.24
4933.24
722.65
722.65
14545.23
14545.23
1017.61
1017.61
2256.68
2256.68
14494.52
14494.52
10449.69
10449.69
12489.62
12489.62
568.89
568.89
3117.66
3117.66
354.14
354.14
15.97
15.97
158.63
158.63
10.00
10.00
207.55
207.55
504.22
504.22
3182.22
3182.22
273.16
273.16
642.84
642.84
13.72
13.72
796.20
796.20
10.00
10.00
711.82
711.82
34.74
34.74
31.47
31.47
17.03
17.03
17.03
21.50
250.54
250.54
88.80
88.80
36.15
36.15
10.00
10.00
15.74
15.74
13.06
13.06
163.85
163.85
1064.80
1064.80
1880.06
1880.06
352.03
352.03
23.48
23.48
7584.90
7584.90
1257.65
1257.65
1558.51
1558.51
10081.22
10081.22
1130.26
1130.26
6064.63
6064.63
1318.00
1318.00
3527.42
3527.42
1297.50
1297.50
9688.70
9688.70
3286.11
3286.11
1118.00
1118.00
545.01
545.01
8729.96
8729.96
4757.43
4757.43
7800.40
7800.40
13.65
13.65
89.34
89.34
46.55
46.55
2509.10
2509.10
4130.18
4130.18
3777.88
3777.88
1499.35
1499.35
600.76
600.76
16.28
16.28
10.00
10.00
10.23
10.23
321.19
321.19
127.34
127.34
208.93
208.93
31.92
31.92
10.00
10.00
10.00
10.00
110.67
110.67
1664.16
1664.16
5317.69
5317.69
4404.86
4404.86
788.90
788.90
5384.98
5384.98
36.98
36.98
6007.29
6007.29
4856.67
4856.67
69.40
69.40
14.26
14.26
103.92
103.92
197.50
197.50
44.60
44.60
991.12
991.12
5446.55
5446.55
9009.45
9009.45
3902.15
3902.15
69.38
69.38
4726.36
4726.36
4726.36
4726.36
4726.36
4726.36
4726.36
4726.36
4726.36
4726.36
4726.36
4726.36
4726.36
4726.36
4726.36
4726.36
5176.27
5176.27
9332.18
9332.18
9480.11
9480.11
9480.11
9480.11
9480.11
9480.11
9480.11
9480.11
9480.11
9480.11
9480.11
9480.11
9480.11
9480.11
10175.10
10175.10
10175.10
10175.10
10175.10
10175.10
10175.10
10175.10
10175.10
10175.10
10175.10
10175.10
10175.10
10175.10
10175.10
10175.10
10175.10
10175.10
4734.56
4734.56
4222.01
4222.01
2785.11
2785.11
3917.79
3917.79
6195.32
6195.32
5240.57
5240.57
4556.16
4556.16
680.80
680.80
3220.22
3220.22
6793.90
6793.90
7237.77
7237.77
7237.77
7237.77
6856.62
6856.62
6856.62
6856.62
6856.62
6856.62
6361.63
6361.63
7826.77
7826.77
7826.77
7826.77
5099.38
5099.38
1496.21
1496.21
4707.39
4707.39
7123.46
7123.46
6961.06
6961.06
8744.59
8744.59
2443.90
2443.90
5458.20
5458.20
7241.54
7241.54
26.70
26.70
4750.51
4750.51
653.95
653.95
4130.47
4130.47
4130.47
4130.47
2301.90
2301.90
5284.43
5284.43
5284.43
5284.43
5284.43
5284.43
5284.43
5284.43
5284.43
5284.43
5284.43
5284.43
6185.24
6185.24
4592.91
4592.91
20.37
20.37
6110.66
6110.66
5574.21
5574.21
5574.21
5774.84
5774.84
6166.45
6166.45
7153.79
7153.79
396.20
396.20
7880.99
7880.99
6203.67
6203.67
409.39
409.39
587.74
587.74
180.69
180.69
149.41
149.41
10.13
10.13
7092.90
7092.90
1639.28
1639.28
10017.92
10017.92
9903.16
9903.16
7751.72
7751.72
6624.30
6624.30
6624.30
5326.53
5326.53
5326.53
9885.74
9885.74
16.94
16.94
10109.44
10109.44
2040.58
2040.58
989.29
989.29
46.72
46.72
55.81
55.81
331.74
331.74
3265.05
3265.05
10.00
10.00
212.86
992.82
992.82
992.82
9921.13
9921.13
10612.03
10612.03
1004.48
1004.48
10379.41
10379.41
699.57
699.57
297.14
297.14
5811.33
5811.33
3410.05
3410.05
62.12
62.12
95.43
95.43
1077.78
1077.78
44.51
44.51
2315.06
2315.06
37.14
37.14
16.32
16.32
5387.20
5387.20
405.31
405.31
118.10
118.10
7416.49
7416.49
1465.39
1465.39
6688.34
6688.34
11023.43
11023.43
4913.22
9487.58
9487.58
9487.58
10473.35
10473.35
9700.44
9700.44
2761.14
2761.14
8486.56
8486.56
906.06
906.06
5423.00
5423.00
38.07
38.07
2174.30
2174.30
176.17
176.17
23.35
23.35
11.60
11.60
10.00
10.00
330.25
330.25
5394.97
5394.97
11.83
11.83
192.31
192.31
898.87
898.87
49.80
49.80
63.60
63.60
130.15
130.15
96.68
96.68
52.17
52.17
69.34
69.34
661.37
661.37
4443.49
4443.49
191.07
191.07
114.85
114.85
68.84
68.84
125.40
125.40
313.88
313.88
361.30
361.30
4848.24
4848.24
910.55
910.55
51.63
51.63
4409.00
4409.00
2249.40
2249.40
2249.40
2249.40
2604.63
2604.63
5265.11
5265.11
8188.78
8188.78
1283.24
1283.24
55.06
55.06
2505.16
2505.16
6611.30
6611.30
4209.57
4209.57
10.00
10.00
8814.56
8814.56
4107.67
4107.67
2296.82
2296.82
3671.23
3671.23
26.67
26.67
1934.12
1934.12
635.50
635.50
6804.82
6804.82
8608.35
8608.35
10277.10
10277.10
3649.22
3649.22
986.20
986.20
8033.11
8033.11
13032.27
13032.27
10.00
10.00
10079.72
10079.72
10079.72
10079.72
13862.74
13862.74
9438.69
9438.69
26.21
26.21
7101.78
7101.78
3387.41
3387.41
9087.18
9087.18
13291.04
13291.04
608.83
608.83
91.74
91.74
1314.73
1314.73
56.85
56.85
4406.03
4406.03
4692.12
4692.12
13371.56
13371.56
13371.56
13371.56
13371.56
13371.56
209.57
209.57
110.56
110.56
6859.76
6859.76
3908.03
3908.03
9497.63
9497.63
256.75
256.75
42.82
42.82
5265.45
5265.45
1411.95
1411.95
935.53
935.53
1514.46
1514.46
890.45
890.45
247.68
247.68
28.04
28.04
10.00
10.00
10.00
10.00
10122.81
10122.81
23.75
23.75
160.17
160.17
556.89
556.89
39.26
39.26
10.00
10.00
28.75
28.75
76.80
76.80
176.67
176.67
3296.20
3296.20
32.61
32.61
1367.31
1367.31
64.72
64.72
49.08
49.08
962.87
962.87
1174.95
1174.95
127.58
127.58
27.09
27.09
7823.53
7823.53
997.59
997.59
155.79
155.79
3773.91
3773.91
5713.31
5713.31
411.13
411.13
13.37
13.37
303.89
303.89
16.39
16.39
763.92
763.92
507.84
507.84
798.12
798.12
5465.27
5465.27
10409.81
10409.81
31.73
31.73
111.90
111.90
10624.08
10624.08
48.08
48.08
10.00
10.00
13.67
13.67
464.52
464.52
36.54
36.54
10715.80
10715.80
811.08
811.08
16.03
16.03
513.15
513.15
5274.66
5274.66
3136.09
3136.09
80.20
80.20
12.27
12.27
52.36
52.36
572.35
572.35
11.93
11.93
10.00
10.00
88.86
88.86
3646.57
3646.57
2808.83
2808.83
7338.00
7338.00
3860.98
3860.98
6763.62
6763.62
3321.35
3321.35
17.33
17.33
745.12
745.12
2923.78
2923.78
169.98
169.98
65.75
65.75
36.35
36.35
10.00
10.00
80.05
80.05
65.07
65.07
3109.79
3109.79
1083.35
1083.35
12442.04
12442.04
176.80
176.80
4262.55
4262.55
12360.20
12360.20
2580.22
2580.22
6171.19
6171.19
10.00
10.00
17.39
17.39
21.80
21.80
2644.31
2644.31
3653.38
3653.38
4434.15
4434.15
12.63
12.63
211.77
211.77
10.80
10.80
109.57
109.57
66.70
66.70
10.00
10.00
222.00
222.00
888.66
888.66
110.56
110.56
891.41
891.41
4457.82
4457.82
2161.21
2161.21
10.87
10.87
42.03
42.03
7554.98
7554.98
8858.09
8858.09
2497.48
2497.48
9541.31
9541.31
10067.37
10067.37
6636.40
6636.40
7278.27
7278.27
994.15
994.15
7433.57
7433.57
4981.13
4981.13
292.38
292.38
46.19
46.19
4858.63
4858.63
145.99
145.99
431.06
431.06
40.49
40.49
99.89
99.89
6582.11
6582.11
6616.54
6616.54
11371.11
11371.11
138.50
138.50
279.07
279.07
1731.59
1731.59
261.15
261.15
979.27
979.27
284.37
284.37
10.56
10.56
211.42
211.42
358.40
358.40
912.83
912.83
11278.48
11278.48
799.40
799.40
491.14
491.14
10.00
10.00
6187.24
6187.24
6830.98
6830.98
55.17
55.17
23.12
23.12
2707.14
2707.14
13.70
13.70
187.50
187.50
2996.73
2996.73
2765.10
2765.10
181.42
181.42
174.36
174.36
262.28
262.28
28.42
28.42
7319.82
7319.82
47.93
47.93
11.37
11.37
88.23
88.23
69.79
69.79
61.93
61.93
15.83
15.83
14.29
14.29
960.75
960.75
99.77
99.77
5179.17
5179.17
5285.51
5285.51
10639.99
10639.99
10639.99
10639.99
10639.99
10639.99
10639.99
10639.99
10639.99
10639.99
10639.99
10639.99
10597.34
10597.34
10597.34
10597.34
11500.92
11500.92
11905.83
11905.83
9494.79
9494.79
883.46
883.46
4554.12
4554.12
4554.12
4554.12
4554.12
4554.12
4554.12
4554.12
4554.12
4554.12
5210.14
5210.14
6810.01
6810.01
8223.39
8223.39
6015.96
6015.96
1000.91
1000.91
69.81
69.81
7765.40
7765.40
72.00
72.00
3360.86
3360.86
3812.11
3812.11
380.71
380.71
4907.05
4907.05
5207.88
5207.88
8549.92
8549.92
7842.32
7842.32
472.46
472.46
8430.43
8430.43
8694.82
8694.82
8694.82
8694.82
8694.82
8694.82
9121.01
9121.01
9382.43
9382.43
88.38
88.38
3736.03
3736.03
439.60
439.60
10443.97
10443.97
11736.80
11736.80
11736.80
11736.80
11736.80
11736.80
11736.80
11736.80
11736.80
11736.80
11736.80
11736.80
11736.80
11736.80
11736.80
11736.80
11736.80
11736.80
6995.15
6995.15
6536.52
6536.52
6536.52
6536.52
72.87
72.87
8277.89
8277.89
21.01
21.01
3899.37
3899.37
3899.37
3899.37
6441.74
6441.74
987.00
987.00
5103.18
5103.18
9187.18
9187.18
415.11
415.11
16.77
16.77
643.16
643.16
26.74
26.74
443.83
443.83
178.90
178.90
10692.22
10692.22
1806.21
1806.21
7128.83
7128.83
11976.69
11976.69
11063.17
11063.17
906.77
906.77
12355.59
12355.59
149.63
149.63
52.06
52.06
39.02
39.02
950.11
950.11
15.96
15.96
889.14
889.14
11279.70
11279.70
3906.27
3906.27
1698.48
1698.48
6741.32
6741.32
6741.32
6741.32
6741.32
6741.32
6741.32
6741.32
35.37
35.37
879.37
879.37
879.37
879.37
2843.97
2843.97
8100.62
8100.62
4909.55
4909.55
7542.29
7542.29
1838.09
1838.09
2532.30
2532.30
19.68
19.68
31.39
31.39
9563.06
9563.06
5219.97
5219.97
70.79
70.79
92.61
92.61
10.59
10.59
4443.14
4443.14
4443.14
4443.14
558.11
558.11
1009.28
1009.28
631.17
631.17
1735.11
1735.11
15.84
15.84
596.44
596.44
1365.41
1365.41
10.00
10.00
939.60
939.60
11.66
11.66
111.92
111.92
7189.92
7189.92
4654.13
4654.13
965.14
965.14
9515.28
9515.28
10290.55
10290.55
13124.84
13124.84
1020.79
1020.79
7849.33
7849.33
25.27
25.27
10907.36
10907.36
53.10
53.10
62.04
62.04
120.24
120.24
14817.41
14817.41
788.63
788.63
13736.23
13736.23
492.31
492.31
9431.44
9431.44
9431.44
9431.44
9517.95
9517.95
718.52
718.52
14655.25
14655.25
14655.25
14655.25
14655.25
14655.25
20.59
20.59
8599.86
8599.86
789.10
789.10
1234.85
1234.85
4171.88
4171.88
4019.50
4019.50
4019.50
6457.64
50.87
50.87
309.79
309.79
11.56
11.56
30.32
30.32
19.69
19.69
99.70
99.70
131.22
131.22
263.54
263.54
182.58
182.58
913.77
913.77
3225.21
3225.21
643.79
643.79
11.69
11.69
467.99
467.99
7151.42
7151.42
675.10
675.10
891.90
891.90
339.94
339.94
34.96
34.96
55.69
55.69
10.00
10.00
734.37
734.37
357.09
357.09
358.29
358.29
28.43
28.43
45.11
45.11
893.66
893.66
151.52
151.52
11869.76
11869.76
170.34
170.34
7156.99
7156.99
577.05
577.05
310.45
310.45
5393.12
5393.12
101.87
101.87
112.45
112.45
12921.94
12921.94
36.47
36.47
3308.24
3308.24
6535.40
6535.40
1733.75
1733.75
86.38
86.38
7346.36
7346.36
38.93
38.93
90.90
90.90
4277.48
4277.48
12.33
12.33
12.33
194.21
194.21
15.67
15.67
153.10
153.10
708.76
708.76
875.58
570.97
570.97
570.97
68.91
68.91
41.02
41.02
16.00
16.00
116.89
116.89
873.88
873.88
184.78
184.78
34.97
34.97
16.82
16.82
3220.65
3220.65
6300.49
6300.49
649.08
978.27
978.27
978.27
575.58
575.58
54.50
54.50
18.79
18.79
112.50
112.50
674.83
674.83
4227.67
4227.67
4227.67
4227.67
16.06
16.06
9101.31
9101.31
419.57
419.57
10.00
10.00
580.33
580.33
142.64
142.64
10.00
10.00
43.59
43.59
592.43
592.43
41.56
41.56
293.18
293.18
191.01
191.01
616.39
616.39
10.00
10.00
29.64
29.64
5863.38
887.89
887.89
887.89
7973.10
7973.10
8083.25
8083.25
1695.63
1695.63
1502.36
1502.36
5719.20
5719.20
4637.75
4637.75
5034.33
5034.33
192.59
192.59
10.00
10.00
615.97
615.97
179.73
179.73
28.84
28.84
96.93
96.93
5085.66
5085.66
958.21
958.21
3754.94
3754.94
4886.68
4886.68
92.76
92.76
1684.82
1684.82
15.97
15.97
163.27
163.27
9715.30
9715.30
8214.30
8214.30
976.19
976.19
8181.03
8181.03
8181.03
8181.03
8181.03
8181.03
8181.03
8181.03
8181.03
8181.03
9224.77
9224.77
10322.27
10322.27
10879.11
10879.11
569.73
569.73
819.71
819.71
1150.39
1150.39
64.40
64.40
5600.73
5600.73
5600.73
5600.73
779.90
779.90
4799.47
4799.47
728.88
728.88
4413.07
4413.07
5145.67
5145.67
9337.69
9337.69
7630.45
7630.45
6558.86
6558.86
29.89
29.89
3930.36
3930.36
162.05
162.05
10073.61
10073.61
11283.74
11283.74
4631.11
4631.11
6379.63
6379.63
11743.42
11743.42
22.52
22.52
10.04
10.04
7553.38
7553.38
10106.41
10106.41
3843.22
3843.22
7453.71
7453.71
3628.48
3628.48
5304.88
5304.88
26.99
26.99
1978.05
1978.05
996.69
996.69
45.23
45.23
1999.23
1999.23
10.00
10.00
15.07
15.07
709.57
709.57
55.53
55.53
11.02
11.02
839.57
839.57
3989.98
3989.98
11720.76
11720.76
9039.62
9039.62
962.22
962.22
5795.73
5795.73
11752.25
11752.25
3922.55
3922.55
4707.90
4707.90
10.00
10.00
82.54
82.54
3083.10
3083.10
6986.84
6986.84
10260.88
10260.88
863.94
863.94
131.10
131.10
506.19
506.19
28.73
28.73
10.00
10.00
16.45
16.45
23.55
23.55
999.45
999.45
56.46
56.46
994.35
994.35
198.39
198.39
269.17
269.17
330.09
330.09
5989.91
5989.91
978.11
978.11
84.82
84.82
224.51
224.51
147.05
147.05
162.25
162.25
1863.30
1863.30
2668.08
2668.08
7277.48
7277.48
7277.48
7277.48
7277.48
7277.48
7277.48
7277.48
8336.67
8336.67
2884.59
2884.59
4651.79
4651.79
8478.95
8478.95
737.00
737.00
39.10
39.10
6563.53
6563.53
8330.33
8330.33
11953.94
11953.94
10.29
10.29
8855.78
8855.78
11649.65
11649.65
5722.47
5722.47
1596.83
1596.83
7515.11
7515.11
7352.00
7352.00
145.99
145.99
13803.70
13803.70
736.18
736.18
3579.62
3579.62
110.39
110.39
13.92
13.92
5746.12
5746.12
15.97
15.97
10694.24
10694.24
7176.19
7176.19
7635.21
7635.21
6454.53
6454.53
7974.98
7974.98
156.48
156.48
1911.29
1911.29
1460.01
1460.01
9060.35
9060.35
7992.65
7992.65
12013.93
12013.93
75.78
75.78
7465.46
7465.46
7465.46
7465.46
7465.46
7465.46
2361.32
2361.32
11807.64
11807.64
10.00
10.00
917.00
917.00
314.55
314.55
988.51
988.51
74.10
74.10
8463.52
8463.52
8463.52
8463.52
8463.52
8463.52
8463.52
8463.52
8463.52
8463.52
8463.52
8463.52
6388.12
6388.12
1793.28
1793.28
11.57
11.57
490.36
490.36
2025.39
2025.39
405.16
405.16
384.22
384.22
1014.47
1014.47
4640.64
4640.64
5306.28
5306.28
11770.66
11770.66
1525.62
1525.62
5579.73
5579.73
4111.59
4111.59
3462.13
3462.13
12.33
12.33
516.88
516.88
9667.97
9667.97
2580.72
2580.72
115.46
115.46
7885.23
7885.23
12431.53
12431.53
2582.78
2582.78
14661.71
14661.71
14116.10
14116.10
4287.41
4287.41
4654.21
4654.21
8819.45
8819.45
486.40
486.40
5273.89
5273.89
5273.89
5273.89
5731.76
5731.76
8613.08
8613.08
9787.31
9787.31
2485.24
2485.24
2836.11
2836.11
4723.69
4723.69
4723.69
4723.69
5415.44
5415.44
32.24
32.24
8364.48
8364.48
5579.92
5579.92
2459.16
2459.16
2994.02
2994.02
2994.02
2994.02
3200.95
3200.95
3627.97
3627.97
4315.01
4315.01
4315.01
4315.01
5887.89
5887.89
5605.98
5605.98
6575.35
6575.35
7388.82
7388.82
6123.30
6123.30
2818.07
2818.07
3220.29
3220.29
6613.67
6613.67
7269.97
7269.97
7269.97
7269.97
7269.97
7269.97
5314.64
5314.64
5581.36
5581.36
5581.36
5581.36
5581.36
5581.36
6034.49
6034.49
680.10
680.10
2770.37
2770.37
2770.37
2770.37
2770.37
2770.37
3023.74
3023.74
4063.34
4063.34
878.38
878.38
3045.64
3045.64
4060.10
4060.10
3505.00
3505.00
4268.46
4268.46
4268.46
4268.46
4268.46
4268.46
4268.46
4268.46
2485.26
2485.26
2485.26
2485.26
2485.26
2485.26
2485.26
2485.26
4297.54
4297.54
1739.24
1739.24
5356.62
5356.62
12.55
12.55
5845.83
5845.83
6276.03
6276.03
4023.91
4023.91
17.84
17.84
7305.22
7305.22
5879.93
5879.93
7446.97
7446.97
4375.40
4375.40
4046.77
4046.77
326.51
326.51
9134.05
9134.05
7725.17
7725.17
9572.55
9572.55
9572.55
9572.55
9572.55
9572.55
10482.36
10482.36
226.89
226.89
10480.37
10480.37
582.17
582.17
117.30
117.30
5056.21
5056.21
280.29
280.29
45.86
45.86
5780.54
5780.54
11223.12
11223.12
6190.23
6190.23
6474.97
6474.97
119.45
119.45
217.55
217.55
4082.11
4082.11
9446.27
9446.27
118.19
118.19
105.68
105.68
6397.79
6397.79
485.89
485.89
3418.66
3418.66
1382.06
1382.06
4551.69
4551.69
165.11
165.11
145.22
145.22
1041.91
1041.91
405.94
405.94
146.41
146.41
12.80
12.80
566.32
566.32
3109.55
3109.55
199.57
199.57
12.59
12.59
3562.49
3562.49
924.76
924.76
10.00
10.00
1649.52
1649.52
1364.84
1364.84
612.52
612.52
7786.33
7786.33
110.86
110.86
9569.11
9569.11
1009.26
1009.26
10.00
10.00
16.57
16.57
14.36
14.36
987.25
987.25
6657.73
6657.73
6657.73
6657.73
6657.73
6657.73
6657.73
6657.73
6657.73
6657.73
6657.73
6657.73
6657.73
6657.73
6657.73
6657.73
6657.73
6657.73
6657.73
6657.73
5716.26
5716.26
1005.15
1005.15
4998.99
4998.99
645.75
645.75
14.30
14.30
1702.58
1702.58
77.73
77.73
46.04
46.04
875.50
875.50
46.43
46.43
22.73
22.73
5097.76
5097.76
70.52
70.52
2181.43
2181.43
481.06
481.06
5508.08
5508.08
4552.42
4552.42
6529.64
6529.64
6697.34
6697.34
46.43
46.43
898.57
898.57
5967.14
5967.14
7939.24
7939.24
6986.22
6986.22
8482.66
8482.66
8457.46
8457.46
9344.07
9344.07
953.24
953.24
3509.65
3509.65
4693.61
4693.61
24.41
24.41
128.62
128.62
777.66
777.66
55.05
55.05
10.00
10.00
115.25
115.25
89.95
89.95
984.20
984.20
120.07
120.07
2394.03
2394.03
3722.89
3722.89
1633.85
1633.85
62.01
62.01
16.01
16.01
10.00
10.00
1402.28
1402.28
2703.63
2703.63
807.97
807.97
219.41
219.41
219.41
157.44
743.46
743.46
306.97
306.97
6437.71
6437.71
140.87
140.87
65.33
65.33
934.82
934.82
79.35
79.35
10.00
10.00
15.13
15.13
16.79
16.79
288.80
288.80
12280.83
12280.83
10250.83
10250.83
7760.42
7760.42
15.50
15.50
922.16
922.16
4523.53
4523.53
2457.93
2457.93
756.91
756.91
9245.14
9245.14
7670.90
7670.90
7670.90
7670.90
3844.97
3844.97
11228.17
11228.17
118.99
118.99
311.15
311.15
14.20
14.20
499.84
499.84
10189.71
10189.71
112.54
112.54
126.92
126.92
11.79
11.79
501.67
501.67
75.16
75.16
22.69
22.69
145.53
145.53
10.34
10.34
10.34
958.88
958.88
14.64
14.64
53.52
53.52
173.87
16.01
16.01
3343.97
3343.97
2508.29
2508.29
3663.93
3663.93
121.47
121.47
2012.85
2012.85
13.84
13.84
1055.40
1055.40
126.18
126.18
64.11
64.11
10380.13
10380.13
1974.39
1974.39
560.43
560.43
52.49
52.49
2734.13
2734.13
146.95
146.95
10652.20
10652.20
11534.97
11534.97
13068.08
13068.08
13104.62
13104.62
10785.67
10785.67
11530.88
11530.88
11772.86
11772.86
8351.23
8351.23
13830.52
13830.52
30.13
30.13
2424.60
2424.60
8454.72
8454.72
13121.72
13121.72
3434.23
3434.23
7988.22
7988.22
5341.64
5341.64
15685.14
15685.14
119.95
119.95
9858.41
9858.41
58.56
58.56
380.12
380.12
940.14
940.14
288.85
288.85
320.87
320.87
31.95
31.95
10.00
10.00
10.00
36.70
36.70
141.96
681.26
681.26
213.05
213.05
213.05
871.67
871.67
309.51
309.51
15.82
15.82
461.56
461.56
56.27
56.27
3687.36
3687.36
8400.53
8400.53
6232.38
6232.38
7686.93
7686.93
8474.02
8474.02
5683.91
5683.91
71.14
71.14
100.97
100.97
10441.67
10441.67
2683.65
2683.65
978.66
978.66
134.46
134.46
63.59
63.59
8038.48
8038.48
7027.21
7027.21
26.76
26.76
52.05
1555.42
1555.42
1555.42
43.89
43.89
6692.72
6692.72
15.84
15.84
3522.79
3522.79
83.39
83.39
265.97
265.97
4948.48
4948.48
1513.78
1513.78
100.99
100.99
406.90
406.90
67.70
67.70
967.30
967.30
2763.14
2763.14
209.79
209.79
42.30
42.30
32.86
32.86
10.00
10.00
82.93
82.93
14.43
14.43
1042.17
1042.17
12821.56
12821.56
12439.30
12439.30
12214.14
12576.60
12576.60
12576.60
207.16
207.16
34.52
34.52
71.70
71.70
172.06
172.06
982.20
982.20
14088.06
14088.06
14088.06
14088.06
5484.53
5484.53
267.06
267.06
47.48
47.48
2612.65
2612.65
983.03
983.03
10.00
10.00
9847.60
9847.60
10.00
10.00
2574.42
2574.42
2481.03
2481.03
156.28
156.28
17.91
17.91
11753.67
11753.67
214.34
214.34
10.00
10.00
4912.56
4912.56
5936.59
5936.59
120.21
120.21
153.24
153.24
259.60
259.60
10.00
10.00
10.00
10.00
76.93
76.93
800.07
800.07
1136.16
1136.16
5144.31
5144.31
9639.33
9639.33
9259.82
9259.82
10968.03
10968.03
10601.11
10601.11
11593.61
11593.61
11712.89
11712.89
3614.01
3614.01
10142.91
10142.91
13873.62
13873.62
8686.06
8686.06
8331.53
8331.53
9348.28
9348.28
33.99
33.99
821.35
821.35
671.94
671.94
10.00
10.00
189.48
189.48
31.95
31.95
376.05
376.05
46.14
46.14
14.30
14.30
156.96
156.96
3771.21
3771.21
7737.39
7737.39
9732.74
9732.74
9154.63
9154.63
2134.78
2134.78
5381.26
5381.26
11936.69
11936.69
11936.69
11936.69
3766.91
3766.91
896.61
896.61
1610.61
1610.61
6991.53
6991.53
6991.53
6991.53
46.64
46.64
1711.28
1711.28
4090.16
4090.16
6931.34
6931.34
303.66
303.66
6342.23
6342.23
7009.86
7009.86
6790.04
6790.04
760.16
760.16
9516.30
9516.30
8532.93
8532.93
9511.74
9511.74
9369.04
9369.04
6136.51
6136.51
31.96
31.96
4150.43
4150.43
4150.43
4150.43
4150.43
4150.43
4150.43
4150.43
4150.43
4150.43
4150.43
4150.43
4150.43
4150.43
4150.43
4150.43
4150.43
4150.43
4150.43
4150.43
4150.43
4150.43
4150.43
4150.43
9349.75
9349.75
10564.30
10564.30
1873.22
1873.22
6616.50
6616.50
9594.98
9594.98
602.08
602.08
6668.87
6668.87
743.55
743.55
3865.85
3865.85
4867.47
4867.47
2536.14
2536.14
5192.47
5192.47
8279.20
8279.20
8279.20
8279.20
8279.20
8279.20
8279.20
8279.20
8279.20
8279.20
8279.20
8279.20
8279.20
8279.20
8279.20
8279.20
25.56
25.56
25.56
244.47
244.47
444.08
444.08
1467.07
1779.80
1779.80
25.61
25.61
2240.67
2240.67
64.06
64.06
1021.80
1021.80
805.86
805.86
2158.33
2158.33
1970.79
1970.79
32.23
32.23
119.36
119.36
3687.61
3687.61
597.73
597.73
6051.04
6051.04
3577.37
3577.37
10.00
10.00
1032.97
1032.97
516.28
516.28
873.71
873.71
3842.89
3842.89
8067.05
8067.05
4901.90
4901.90
8106.50
8106.50
8226.80
8226.80
459.41
459.41
1785.24
1785.24
10.43
10.43
4224.75
4224.75
11.68
11.68
205.16
205.16
3220.20
3220.20
4050.70
4050.70
878.27
878.27
11.89
11.89
342.06
342.06
10.00
10.00
223.96
223.96
978.35
978.35
10.00
10.00
9912.22
9912.22
10324.91
10324.91
1151.08
1151.08
19.72
19.72
6648.78
6648.78
8373.89
8373.89
8373.89
8373.89
11199.85
11199.85
942.56
942.56
13215.69
13215.69
7912.17
7912.17
122.66
122.66
13542.65
13542.65
12088.39
12088.39
5305.11
5305.11
5305.11
5305.11
6733.57
6733.57
10.56
10.56
10196.24
10196.24
956.16
956.16
74.84
74.84
245.01
245.01
7575.98
7575.98
13.59
13.59
204.29
204.29
11511.05
11511.05
4801.58
4801.58
4801.58
4801.58
5344.77
5344.77
5486.39
5486.39
5486.39
5486.39
5486.39
5486.39
5486.39
5486.39
13455.54
13455.54
13455.54
13455.54
13455.54
13455.54
1340.19
1340.19
11922.71
11922.71
12963.91
12963.91
877.09
877.09
14.57
14.57
447.75
447.75
223.88
223.88
167.68
167.68
11739.00
11739.00
84.79
84.79
826.72
826.72
7639.38
7639.38
7639.38
7639.38
4084.30
4084.30
81.54
81.54
14.55
14.55
622.56
622.56
535.62
535.62
69.83
69.83
251.60
251.60
1218.87
1218.87
7792.76
7792.76
11.91
11.91
860.45
860.45
19.35
19.35
1075.68
1075.68
4096.91
4096.91
17.66
17.66
8605.52
8605.52
994.92
994.92
4107.55
4107.55
3397.72
3397.72
10.00
10.00
563.00
563.00
700.07
700.07
4700.96
4700.96
431.11
431.11
10.00
10.00
1090.09
1090.09
46.98
46.98
211.46
211.46
10.00
10.00
104.30
104.30
12288.78
12288.78
13.72
13.72
11044.02
11044.02
912.38
912.38
2647.25
2647.25
10.00
10.00
15.71
15.71
47.05
47.05
951.16
951.16
410.31
410.31
777.60
777.60
323.68
323.68
261.55
261.55
72.21
72.21
231.73
231.73
6077.65
6077.65
336.95
336.95
12.90
12.90
487.48
487.48
34.10
34.10
105.87
105.87
10.00
10.00
666.13
666.13
806.70
806.70
14.27
14.27
12.17
12.17
322.82
322.82
787.46
787.46
44.28
44.28
4616.25
4616.25
10098.02
10098.02
8935.02
8935.02
10378.88
10378.88
6319.70
6319.70
7706.57
7706.57
7352.88
7352.88
10616.80
10616.80
10510.39
10510.39
10119.53
10119.53
958.95
958.95
56.66
56.66
23.36
23.36
12081.84
12081.84
64.80
64.80
69.52
69.52
92.14
92.14
993.52
993.52
12762.39
12762.39
10370.15
10370.15
2044.94
2044.94
236.67
236.67
538.46
538.46
14519.00
14519.00
14584.46
14584.46
13683.22
13683.22
2880.09
2880.09
650.07
650.07
7927.94
7927.94
666.64
666.64
4946.51
4946.51
2238.73
2238.73
203.03
203.03
111.84
111.84
2302.13
2302.13
10479.81
10479.81
161.27
161.27
11926.37
11926.37
6745.35
6745.35
2091.89
2091.89
13988.54
13988.54
13988.54
13988.54
13634.09
13634.09
6738.14
6738.14
6738.14
6738.14
6738.14
6738.14
6738.14
6738.14
57.46
57.46
2124.34
2124.34
9475.31
9475.31
26.12
26.12
984.10
984.10
498.60
498.60
904.98
904.98
460.03
460.03
8631.18
8631.18
7983.78
7983.78
83.62
83.62
46.74
46.74
836.46
836.46
8501.15
8501.15
13.15
13.15
1405.32
1405.32
11450.44
11450.44
14124.57
14124.57
8976.20
8976.20
11844.42
11844.42
4421.21
4421.21
10727.06
10727.06
3110.85
3110.85
1750.83
1750.83
45.98
45.98
2423.18
2423.18
2423.18
8267.05
1930.23
1930.23
5058.16
5058.16
5777.38
5777.38
966.47
966.47
58.38
58.38
233.16
233.16
10.00
10.00
14.47
14.47
398.83
398.83
61.43
61.43
781.41
781.41
116.87
116.87
65.71
65.71
726.26
726.26
408.79
408.79
1308.13
1308.13
11713.36
11713.36
6782.53
6782.53
11.84
11.84
24.17
24.17
586.24
586.24
15.89
15.89
563.77
563.77
108.33
108.33
6034.87
6034.87
1225.77
1225.77
6672.61
6672.61
6730.53
6730.53
140.94
140.94
10490.36
10490.36
583.07
583.07
7904.70
7904.70
2139.69
2139.69
13673.03
13673.03
8042.05
8042.05
1429.75
1429.75
7361.62
7361.62
33.85
33.85
73.32
73.32
43.06
43.06
1303.94
1303.94
12834.78
12834.78
13003.66
13003.66
10361.25
10361.25
976.23
976.23
3638.88
3638.88
573.31
573.31
250.13
250.13
11711.68
11711.68
12.46
12.46
15.83
15.83
999.99
999.99
23.20
23.20
4414.43
4414.43
4414.43
11504.50
7143.64
7143.64
733.58
733.58
13245.85
13245.85
953.20
953.20
4595.97
4595.97
94.82
94.82
83.94
83.94
241.92
241.92
976.32
976.32
194.97
194.97
11162.49
11162.49
38.04
38.04
11665.59
11665.59
935.27
935.27
12045.62
12045.62
2475.38
2475.38
10225.34
10225.34
12677.32
12677.32
6033.91
6033.91
14.33
14.33
617.42
617.42
10.00
10.00
93.76
93.76
50.38
50.38
60.76
60.76
34.95
34.95
105.84
105.84
79.01
79.01
27.70
27.70
482.25
482.25
10.00
10.00
3373.09
3373.09
905.46
905.46
575.96
575.96
4367.92
4367.92
6050.75
6050.75
62.34
62.34
78.34
78.34
61.45
61.45
9102.69
9102.69
100.06
100.06
1963.12
1963.12
27.41
27.41
1100.77
1100.77
871.95
871.95
9710.22
9710.22
2900.65
2900.65
6936.72
6936.72
11595.18
11595.18
32.11
32.11
12634.74
12634.74
6794.53
6794.53
267.96
267.96
13025.78
13025.78
2626.70
2626.70
35.27
35.27
10.00
10.00
191.42
191.42
11.93
11.93
12.15
12.15
288.74
288.74
288.74
518.94
518.94
133.11
133.11
6529.38
6529.38
6424.38
6424.38
1316.49
1316.49
63.75
63.75
3263.72
3263.72
3263.72
3263.72
10.00
1687.36
1687.36
1687.36
3111.72
3111.72
3111.72
3111.72
3217.29
3217.29
4230.41
4230.41
4230.41
4230.41
4230.41
4230.41
4230.41
4230.41
48.53
48.53
48.53
31.49
350.93
350.93
526.12
526.12
281.65
281.65
781.32
781.32
855.47
855.47
1877.06
1877.06
2486.37
2486.37
2633.96
2633.96
2532.27
2532.27
2588.24
2588.24
2232.48
2232.48
231.44
231.44
3762.93
3762.93
2667.60
2667.60
4411.78
4411.78
3950.26
3950.26
4459.25
4459.25
4377.15
4377.15
4781.03
4781.03
4348.69
4348.69
4822.75
4822.75
2635.22
2635.22
4888.27
4888.27
5244.94
5244.94
4866.73
4866.73
5033.58
5033.58
6495.44
6495.44
3479.01
3479.01
4866.54
4866.54
1111.61
1111.61
8534.24
8534.24
8534.24
8534.24
8534.24
8534.24
6450.00
6450.00
8404.67
8404.67
4629.26
4629.26
4629.26
4629.26
4629.26
4629.26
4629.26
4629.26
7962.91
7962.91
6469.25
6469.25
32.91
32.91
307.91
307.91
5560.30
5560.30
789.47
789.47
9716.08
9716.08
9659.56
9659.56
8339.23
8339.23
8339.23
8339.23
10.00
10.00
5364.10
5364.10
7048.00
7048.00
5099.23
5099.23
10208.41
10208.41
76.98
76.98
2303.12
2303.12
4786.91
4786.91
4786.91
4786.91
11278.41
11278.41
6644.23
6644.23
7341.28
7341.28
3168.39
3168.39
3643.29
3643.29
12169.08
12169.08
100.65
100.65
874.60
874.60
2356.61
2356.61
4932.38
4932.38
5745.74
5745.74
5745.74
5745.74
5745.74
5745.74
8351.89
8351.89
8138.45
8138.45
10777.79
10777.79
2152.62
2152.62
9104.64
9104.64
11303.04
11303.04
64.91
64.91
3921.45
3921.45
11743.14
11743.14
11284.77
11284.77
12585.51
12585.51
610.26
610.26
3833.35
3833.35
7625.24
7625.24
7625.24
7625.24
12685.77
12685.77
8995.88
8995.88
11652.00
11652.00
5787.41
5787.41
12750.53
12750.53
6148.81
6148.81
15062.06
15062.06
10666.80
10666.80
8645.94
8645.94
158.72
158.72
999.79
999.79
211.63
211.63
717.86
717.86
1453.52
1453.52
1453.52
1453.52
658.07
658.07
10731.80
10731.80
10731.80
10731.80
5259.79
5259.79
36.81
36.81
59.49
59.49
20.35
20.35
20.23
20.23
4100.23
4100.23
4100.23
4100.23
4100.23
4100.23
9155.96
9155.96
9155.96
9155.96
9155.96
9155.96
891.83
891.83
2301.99
2301.99
6985.11
6985.11
6985.11
6985.11
6985.11
6985.11
6985.11
6985.11
6985.11
6985.11
6985.11
6985.11
6985.11
6985.11
6985.11
6985.11
6985.11
6985.11
6985.11
6985.11
6985.11
6985.11
6985.11
6985.11
640.10
640.10
818.31
818.31
52.52
52.52
52.52
12.07
12.07
12.07
2809.08
2809.08
2070.95
2070.95
908.97
908.97
49.89
49.89
176.57
176.57
906.60
906.60
13.41
13.41
3195.15
3195.15
2997.07
2997.07
3290.60
3290.60
914.08
914.08
2454.25
2454.25
4415.30
4415.30
4369.32
4369.32
4369.32
4369.32
4369.32
4369.32
5856.33
5856.33
5743.75
5743.75
6102.13
6102.13
6102.13
6102.13
5257.92
5257.92
5257.92
5257.92
10.00
10.00
2329.32
2329.32
620.81
620.81
22.28
22.28
3948.78
3948.78
3948.78
3948.78
3948.78
3948.78
79.53
79.53
10.00
10.00
4800.90
4800.90
5904.21
5904.21
1841.24
1841.24
1841.24
1841.24
1841.24
1841.24
3307.35
3307.35
3640.92
3640.92
3748.51
3748.51
3748.51
3748.51
3748.51
3748.51
3748.51
3748.51
3748.51
3748.51
1953.56
1953.56
3688.36
3688.36
3120.92
3120.92
3120.92
3120.92
31.51
31.51
901.94
901.94
34.33
34.33
2539.06
2539.06
3079.02
3079.02
3079.02
3079.02
5542.33
5542.33
5284.65
5284.65
3055.97
3055.97
4197.77
4197.77
5090.72
5090.72
5219.50
5219.50
5219.50
5219.50
5219.50
5219.50
5219.50
5219.50
493.14
493.14
1336.64
1336.64
1336.64
1336.64
1336.64
1336.64
5568.56
5568.56
1965.77
1965.77
63.45
63.45
4875.62
4875.62
3758.94
3758.94
5538.67
5538.67
3569.11
3569.11
256.15
256.15
3802.99
3802.99
3384.66
3384.66
6291.79
6291.79
3718.36
3718.36
3718.36
3718.36
12.66
12.66
2381.15
2381.15
2996.38
2996.38
7097.03
7097.03
7541.97
7541.97
6325.56
6325.56
6425.04
6425.04
7603.77
7603.77
7603.77
7603.77
7603.77
7603.77
7603.77
7603.77
3334.57
3334.57
2331.14
2331.14
9000.91
9000.91
9096.33
9096.33
6345.29
6345.29
94.84
94.84
6015.84
6015.84
52.31
52.31
100.72
100.72
6588.57
6588.57
10.00
10.00
4942.45
4942.45
11576.97
11576.97
6773.92
6773.92
11794.69
11794.69
11794.69
11794.69
11794.69
11794.69
11794.69
11794.69
11794.69
11794.69
11794.69
11794.69
11794.69
11794.69
885.58
885.58
926.67
926.67
1076.15
1076.15
1130.04
1130.04
1179.79
1179.79
110.85
110.85
1498.35
1498.35
1553.56
1553.56
2042.26
2042.26
44.49
44.49
1398.26
1398.26
17.41
17.41
3205.74
3205.74
3218.90
3218.90
3641.04
3641.04
4352.21
4352.21
31.13
31.13
4753.42
4753.42
4028.51
4028.51
2796.32
2796.32
37.97
37.97
2631.96
2631.96
3357.86
3357.86
5713.68
5713.68
54.59
54.59
5716.03
5716.03
6144.43
6144.43
6144.43
6144.43
24.46
24.46
3526.58
3526.58
5730.64
5730.64
5730.64
5730.64
943.41
943.41
3266.70
3266.70
3432.18
3432.18
4693.74
4693.74
4693.74
4693.74
5037.32
5037.32
5161.11
5161.11
5161.11
5161.11
5161.11
5161.11
5161.11
5161.11
5161.11
5161.11
4491.50
4491.50
4491.50
4491.50
5310.67
5310.67
5352.35
5352.35
3673.01
3673.01
5365.31
5365.31
799.00
799.00
5449.04
5449.04
4892.32
4892.32
4768.76
4768.76
413.59
413.59
5319.28
5319.28
7058.14
7058.14
7159.42
7159.42
7410.15
7410.15
7410.15
7410.15
7094.37
7094.37
690.87
690.87
7919.09
7919.09
7686.19
7686.19
6604.43
6604.43
604.33
604.33
4105.66
4105.66
13.64
13.64
7673.70
7673.70
7673.70
7673.70
7673.70
7673.70
7673.70
7673.70
5730.56
5730.56
3985.71
3985.71
9255.59
9255.59
10315.03
10315.03
11005.22
11005.22
6938.75
6938.75
7889.55
7889.55
4632.10
4632.10
4632.10
4632.10
4307.63
4307.63
6478.66
6478.66
1975.44
1975.44
6887.81
6887.81
637.16
637.16
8851.20
8851.20
8327.75
8327.75
8327.75
8327.75
5643.20
5643.20
8266.04
8266.04
746.89
746.89
1364.04
1364.04
6883.53
6883.53
6883.53
6883.53
7297.09
7297.09
4361.76
4361.76
4361.76
4361.76
4361.76
4361.76
4361.76
4361.76
4361.76
4361.76
3121.31
3121.31
3225.82
3225.82
7923.81
7923.81
7935.41
7935.41
3231.84
3231.84
4899.50
4899.50
5691.36
5691.36
2557.90
2557.90
77.44
77.44
3197.93
3197.93
6167.64
6167.64
26.21
26.21
4624.41
4624.41
3137.12
3137.12
9258.30
9258.30
60.12
60.12
1263.74
1263.74
968.06
968.06
2945.34
2945.34
783.25
783.25
23.51
23.51
9130.31
9130.31
10230.30
10230.30
8091.56
8091.56
2908.33
2908.33
10275.06
10275.06
10275.06
10275.06
6191.75
6191.75
205.32
205.32
10535.65
10535.65
6015.50
6015.50
6840.73
6840.73
58.19
58.19
5192.16
5192.16
8931.01
8931.01
5465.83
5465.83
5465.83
5465.83
5465.83
5465.83
5465.83
5465.83
4307.29
4307.29
9317.00
9317.00
9317.00
9317.00
8735.78
8735.78
6620.92
6620.92
1229.76
1229.76
6676.51
6676.51
5232.25
5232.25
50.39
50.39
25.61
25.61
4160.40
4160.40
124.07
124.07
1736.78
1736.78
2019.58
2019.58
3419.53
3419.53
3933.47
3933.47
7289.07
7289.07
6367.73
6367.73
6367.73
6367.73
10.00
10.00
3678.29
3678.29
3678.29
3678.29
3678.29
3678.29
3678.29
3678.29
3678.29
3678.29
3678.29
3678.29
7884.66
7884.66
7884.66
7884.66
485.49
485.49
15.93
15.93
1053.03
1053.03
2395.35
2395.35
165.30
165.30
2204.95
2204.95
17.10
17.10
988.94
988.94
1420.93
1420.93
1919.18
1919.18
2084.70
2084.70
2084.70
2084.70
2084.70
2084.70
2936.12
2936.12
2936.12
2936.12
619.18
619.18
2426.27
2426.27
797.69
797.69
2973.07
2973.07
2806.82
2806.82
2557.86
2557.86
2828.89
2828.89
2064.72
2064.72
2484.00
2484.00
105.98
105.98
2167.12
2167.12
2998.74
2998.74
24.34
24.34
252.21
252.21
658.95
658.95
312.23
312.23
2427.10
2427.10
2427.10
98.58
1219.93
1219.93
12.56
12.56
4323.17
4323.17
2347.08
2347.08
1634.14
1634.14
4023.48
4023.48
4255.59
4255.59
2409.06
2409.06
593.73
593.73
36.16
36.16
2685.64
2685.64
869.91
869.91
2055.32
2055.32
646.29
646.29
2808.43
2808.43
56.19
56.19
4157.05
4157.05
734.59
734.59
1295.60
1295.60
1647.19
1647.19
577.01
577.01
46.60
46.60
2507.19
2507.19
4085.76
4085.76
4537.87
4537.87
4219.17
4219.17
4555.29
4555.29
1493.07
1493.07
3454.05
3454.05
19.96
19.96
2016.99
2016.99
3136.70
3136.70
832.89
832.89
3475.71
3475.71
735.97
735.97
4292.06
4292.06
4399.87
4399.87
4399.87
4399.87
4399.87
4486.60
4486.60
2970.61
2970.61
2970.61
2970.61
2970.61
2970.61
2970.61
2970.61
3790.81
3790.81
3451.33
3451.33
5157.53
5157.53
6078.58
6078.58
5791.22
5791.22
6491.93
6491.93
4453.99
4453.99
2689.06
5802.41
5802.41
5802.41
3065.28
3065.28
5432.41
5432.41
6010.53
6010.53
5923.37
5923.37
3743.36
3743.36
3031.70
3031.70
1740.09
1740.09
4056.10
4056.10
3856.56
3856.56
5089.67
5089.67
5089.67
6475.40
6475.40
6475.40
7322.69
7322.69
4710.02
4710.02
7043.95
7043.95
7043.95
7043.95
5922.03
5922.03
5922.03
5922.03
4724.98
4724.98
11.51
11.51
7795.65
7795.65
4795.93
4795.93
4795.93
4795.93
4795.93
4795.93
4795.93
4795.93
4795.93
4795.93
4795.93
4795.93
7051.93
7051.93
8393.74
8393.74
8745.77
8745.77
8745.77
8745.77
6762.56
6762.56
8625.21
8625.21
5136.07
5136.07
9005.47
9005.47
6295.96
6295.96
604.46
604.46
8074.71
8074.71
35.78
35.78
9915.42
9915.42
7628.68
7628.68
10030.27
10030.27
6369.12
6369.12
9979.20
9979.20
10127.45
10127.45
10127.45
10127.45
10127.45
10127.45
10127.45
10127.45
10127.45
10127.45
10127.45
10127.45
1089.04
1089.04
2579.28
2579.28
2482.68
2482.68
2717.42
2717.42
2242.48
2242.48
20.21
20.21
3293.47
3293.47
3302.47
3302.47
4421.45
4421.45
895.42
895.42
6177.15
6177.15
6736.99
6736.99
1986.50
1986.50
6221.15
6221.15
5355.03
5355.03
4852.70
4852.70
4616.59
4616.59
4616.59
4616.59
45.40
45.40
6391.39
6391.39
2797.21
2797.21
6495.53
6495.53
795.78
795.78
1320.34
1320.34
1775.56
1775.56
2110.13
2110.13
2110.13
2110.13
2110.13
2110.13
2110.13
2110.13
2110.13
2110.13
2110.13
2110.13
3366.53
3366.53
1564.88
1564.88
1807.49
1807.49
2014.84
2014.84
1833.91
1833.91
1664.01
1664.01
1987.24
1987.24
1178.85
1178.85
2146.26
2146.26
994.70
994.70
2091.83
2091.83
1316.79
1316.79
1166.64
1166.64
1911.38
1911.38
1655.25
1655.25
2277.04
2277.04
2411.87
2411.87
27.23
27.23
2838.32
2838.32
2838.32
2838.32
2838.32
2838.32
2511.77
2511.77
3877.36
3877.36
2154.08
2154.08
1931.61
1931.61
2509.44
2509.44
5723.58
5723.58
5520.78
5520.78
5520.78
5520.78
5520.78
5520.78
27.85
27.85
4586.19
4586.19
5649.78
5649.78
4979.30
4979.30
5114.12
5114.12
1497.57
1497.57
2428.18
2428.18
2256.63
2256.63
5043.14
5043.14
6194.64
6194.64
5819.39
5819.39
6230.44
6230.44
3890.86
3890.86
5754.03
5754.03
11.22
11.22
6189.59
6189.59
4986.62
4986.62
6589.77
6589.77
7651.26
7651.26
7651.26
7651.26
6169.17
6169.17
6202.05
6202.05
4597.07
4597.07
3405.15
3405.15
6650.19
6650.19
4091.81
4091.81
7182.40
7182.40
7098.86
7098.86
2907.88
2907.88
2907.88
2907.88
875.22
875.22
7554.22
7554.22
905.53
905.53
7421.22
7421.22
5401.07
5401.07
6194.17
6194.17
40.93
40.93
8112.86
8112.86
4021.28
4021.28
5268.76
5268.76
10417.69
10417.69
3218.74
3218.74
993.77
993.77
10139.02
10139.02
10139.02
10139.02
10139.02
10139.02
5014.24
5014.24
1646.73
1646.73
1416.35
1416.35
8245.23
8245.23
3195.72
3195.72
722.71
722.71
920.38
920.38
7825.09
7825.09
11301.38
11301.38
7713.13
7713.13
768.40
768.40
391.36
391.36
12768.88
12768.88
531.46
531.46
2476.14
2476.14
5023.86
5023.86
232.37
232.37
3496.22
3496.22
10460.48
10460.48
10139.44
10139.44
994.42
994.42
8191.59
8191.59
7572.89
7572.89
2464.42
2464.42
4280.98
4280.98
8861.59
8861.59
99.85
99.85
6785.33
6785.33
5398.33
5398.33
912.96
912.96
9839.56
9839.56
71.38
71.38
514.45
514.45
1032.31
1032.31
550.50
550.50
63.83
63.83
97.27
97.27
843.68
843.68
3764.82
3764.82
5290.03
5290.03
5086.73
5086.73
5086.73
5086.73
5086.73
5086.73
5704.77
5704.77
2373.04
2373.04
5853.59
5853.59
4652.23
4652.23
4391.73
4391.73
4909.22
4909.22
2012.43
2012.43
7309.08
7309.08
8074.18
8074.18
2083.01
2083.01
9030.25
9030.25
9030.25
9030.25
9030.25
9030.25
9030.25
9030.25
9030.25
9030.25
9030.25
9030.25
9894.29
9894.29
8171.89
8171.89
10041.25
10041.25
9078.99
9078.99
9496.16
9496.16
10884.76
10884.76
822.07
822.07
13.94
13.94
2941.39
2941.39
11500.41
11500.41
7719.41
7719.41
12738.07
12738.07
12319.16
12319.16
3309.73
3309.73
15.94
15.94
5420.19
5420.19
1563.43
1563.43
1844.66
1844.66
3089.39
3089.39
3089.39
3089.39
7498.16
7498.16
7498.16
7498.16
7498.16
7498.16
7498.16
7498.16
7498.16
7498.16
10.00
10.00
11750.48
11750.48
11750.48
11750.48
11750.48
11750.48
11750.48
11750.48
11750.48
11750.48
11750.48
11750.48
11750.48
11750.48
1020.03
1020.03
6162.19
6162.19
6220.18
6220.18
6220.18
6220.18
69.92
69.92
29.20
29.20
5396.97
5396.97
5768.91
5768.91
5768.91
5768.91
5768.91
5768.91
6219.07
6219.07
6219.07
6219.07
571.95
571.95
2385.26
2385.26
1720.16
1720.16
2385.00
2385.00
914.21
914.21
3292.86
3292.86
4716.02
4716.02
2270.61
2270.61
20.83
20.83
3508.98
3508.98
3448.58
3448.58
500.41
500.41
2013.65
2013.65
3647.84
3647.84
1992.52
1992.52
4266.80
4266.80
561.26
561.26
5959.17
5959.17
5724.03
5724.03
81.22
81.22
7690.27
7690.27
812.32
812.32
1763.83
1763.83
7702.04
7702.04
4924.21
4924.21
7384.17
7384.17
9636.15
9636.15
7401.59
7401.59
7401.59
7401.59
8684.66
8684.66
8684.66
8684.66
8684.66
8684.66
8684.66
8684.66
8684.66
8684.66
10638.83
10638.83
10638.83
10638.83
10638.83
10638.83
1820.62
1820.62
3381.49
3381.49
4427.31
4427.31
4427.31
4427.31
4427.31
4427.31
4427.31
4427.31
6529.55
6529.55
7862.10
7862.10
7392.05
7392.05
8383.99
8383.99
2077.08
2077.08
8766.29
8766.29
8682.86
8682.86
7316.30
7316.30
7649.37
7649.37
52.51
52.51
2271.96
2271.96
4620.07
4620.07
4620.07
4620.07
4620.07
4620.07
4620.07
4620.07
4620.07
4620.07
4620.07
4620.07
4620.07
4620.07
4620.07
4620.07
4620.07
4620.07
4923.07
4923.07
2442.84
2442.84
2885.26
2885.26
1801.78
1801.78
1878.47
1878.47
2304.96
2304.96
4554.71
4554.71
4951.36
4951.36
5259.93
5259.93
3670.72
3670.72
1331.09
1331.09
1941.27
1941.27
3198.13
3198.13
63.20
63.20
4199.38
4199.38
25.52
25.52
3440.21
3440.21
1577.94
1577.94
1724.72
1724.72
4984.77
4984.77
3895.92
3895.92
6975.97
6975.97
43.66
43.66
4369.59
4369.59
5601.39
5601.39
8377.62
8377.62
7547.90
7547.90
838.40
838.40
65.51
65.51
7390.80
7390.80
1597.51
1597.51
579.46
579.46
3411.25
3411.25
4196.46
4196.46
73.70
73.70
532.83
532.83
1950.36
1950.36
779.74
779.74
45.40
45.40
1033.65
1033.65
10636.68
10636.68
10130.41
10130.41
1202.94
1202.94
139.68
139.68
8823.07
8823.07
8823.07
8823.07
8823.07
8823.07
931.69
931.69
854.88
854.88
62.36
62.36
5660.30
5660.30
5660.30
5660.30
5660.30
5660.30
5660.30
5660.30
163.42
163.42
4141.80
4141.80
4141.80
4141.80
29.50
29.50
108.11
108.11
63.91
63.91
151.11
151.11
415.18
415.18
433.91
433.91
109.31
109.31
309.47
309.47
776.50
776.50
890.48
890.48
838.26
838.26
697.07
697.07
1033.47
1033.47
1111.01
1111.01
1230.66
1230.66
778.03
778.03
1226.93
1226.93
190.91
190.91
387.97
387.97
26.78
26.78
953.70
953.70
574.99
574.99
122.16
122.16
45.25
45.25
144.42
144.42
1561.05
1561.05
668.35
668.35
1580.55
1580.55
21.29
21.29
158.16
158.16
2288.34
2288.34
2267.88
2267.88
1294.02
1294.02
1596.50
1596.50
892.99
892.99
1483.93
1483.93
423.27
423.27
32.92
32.92
25.53
25.53
10.00
10.00
32.68
32.68
72.14
72.14
38.58
38.58
360.48
360.48
14.51
14.51
1809.23
1809.23
44.75
44.75
10.00
10.00
343.40
343.40
65.22
65.22
17.36
17.36
54.24
54.24
200.67
200.67
847.93
847.93
145.66
145.66
9065.59
9065.59
4352.63
4352.63
888.90
888.90
7923.48
7923.48
4501.01
4501.01
15.95
15.95
10.00
10.00
57.72
57.72
10.56
10.56
10.00
10.00
29.49
29.49
53.15
53.15
4930.33
4930.33
4638.95
4638.95
543.74
543.74
135.98
135.98
360.81
360.81
27.84
27.84
2990.76
2990.76
545.58
545.58
94.96
94.96
66.42
66.42
11353.68
11353.68
67.70
67.70
10.76
10.76
10750.40
10750.40
868.99
868.99
647.81
647.81
310.02
310.02
344.94
344.94
122.15
122.15
1023.43
1023.43
1044.73
1044.73
991.05
991.05
808.71
808.71
1667.57
1667.57
1500.15
1500.15
2089.89
2089.89
2382.36
2382.36
1928.64
1928.64
3406.33
3406.33
28.00
28.00
23.57
23.57
38.67
38.67
5331.34
5331.34
28.34
28.34
2639.82
2639.82
1941.68
1941.68
46.64
46.64
755.66
755.66
755.66
579.19
579.19
67.21
910.95
910.95
910.95
4814.03
4814.03
5199.24
5199.24
5928.63
5928.63
15.76
15.76
1863.15
1863.15
10.00
10.00
5604.16
5604.16
10.00
10.00
7931.16
7931.16
3502.07
3502.07
7425.46
2182.84
2182.84
2182.84
7924.94
7924.94
5064.88
5064.88
2617.27
2617.27
5612.24
5612.24
2759.42
2759.42
4407.59
4407.59
776.33
776.33
46.91
46.91
2723.35
2723.35
451.36
451.36
8785.95
8785.95
2886.23
2886.23
6317.36
6317.36
10139.65
10139.65
11919.83
11919.83
1596.54
1596.54
677.99
677.99
677.99
10.00
207.53
207.53
363.22
363.22
2669.13
2669.13
4714.80
4714.80
9118.73
9118.73
10856.56
10856.56
7708.47
7708.47
4626.15
4626.15
8869.40
8869.40
3106.32
3106.32
7663.18
7663.18
9767.79
9767.79
78.29
78.29
818.12
818.12
3095.10
3095.10
1579.98
1579.98
1715.00
1715.00
35.18
35.18
1213.70
1213.70
37.45
37.45
796.92
796.92
1840.07
1840.07
19.23
19.23
2613.49
2613.49
992.19
992.19
3948.67
3948.67
71.86
71.86
4023.93
4023.93
5263.85
5263.85
5263.85
5263.85
5263.85
5263.85
5263.85
5263.85
6982.51
6982.51
5739.12
5739.12
4524.31
4524.31
30.11
30.11
331.94
331.94
15.79
15.79
1121.03
1121.03
17.02
17.02
106.69
106.69
83.10
83.10
3022.62
3022.62
3944.90
3944.90
5962.27
5962.27
8524.65
8524.65
8524.65
8524.65
8524.65
8524.65
54.20
54.20
3313.48
3313.48
3313.48
3313.48
3755.57
3755.57
3755.57
3755.57
3755.57
3755.57
17.41
17.41
17.41
17.41
142.00
142.00
301.17
301.17
408.49
408.49
366.03
366.03
394.58
394.58
528.21
528.21
740.81
740.81
230.88
230.88
1463.41
1463.41
223.62
223.62
391.93
391.93
315.84
315.84
15.94
15.94
1186.57
1186.57
1386.48
1386.48
1407.49
1407.49
830.53
830.53
1791.97
1791.97
1774.00
1774.00
1580.55
1580.55
1569.67
1569.67
1557.70
1557.70
972.79
972.79
1940.90
1940.90
630.57
630.57
1990.94
1990.94
1972.39
1972.39
1762.00
1762.00
992.96
992.96
2352.98
2352.98
2239.89
2239.89
2190.96
2190.96
1703.39
1703.39
2397.79
2397.79
2564.49
2564.49
2276.60
2276.60
48.70
48.70
2664.75
2664.75
1005.37
1005.37
1875.74
1875.74
1112.38
1112.38
34.88
34.88
3079.52
3079.52
64.98
64.98
21.50
21.50
25.54
25.54
12.44
12.44
47.72
47.72
1129.62
1129.62
12.18
12.18
1414.48
1414.48
283.74
283.74
586.15
586.15
315.78
315.78
206.27
206.27
58.05
58.05
1757.17
1757.17
1451.93
1451.93
2607.32
2607.32
2627.41
2627.41
1061.07
1061.07
78.02
78.02
3163.59
3163.59
1901.45
1901.45
143.56
143.56
16.53
16.53
217.91
217.91
55.61
55.61
163.56
163.56
679.35
679.35
135.03
135.03
14.23
14.23
464.30
464.30
1133.30
1133.30
16.58
16.58
4208.55
4208.55
2463.58
2463.58
2089.41
2089.41
3683.27
3683.27
50.57
50.57
4574.10
4574.10
853.47
853.47
10.18
10.18
168.52
168.52
42.28
42.28
2685.51
2685.51
40.67
40.67
3578.01
3578.01
4793.07
4793.07
2644.82
2644.82
18.82
18.82
99.15
99.15
408.11
408.11
64.25
64.25
70.97
70.97
1048.96
1048.96
903.03
903.03
3049.96
3049.96
914.77
914.77
2952.07
2952.07
2952.07
2952.07
4029.15
4029.15
2293.84
2293.84
10.00
10.00
172.32
172.32
10.57
10.57
13.71
13.71
627.56
627.56
573.81
573.81
699.71
699.71
711.11
711.11
988.76
988.76
1672.44
1672.44
1095.47
1095.47
1342.55
1342.55
1764.94
1764.94
1631.51
1631.51
821.27
821.27
1427.91
1427.91
1600.07
1600.07
1822.90
1822.90
3092.34
3092.34
2005.70
2005.70
2005.70
2005.70
2005.70
2005.70
2769.10
2769.10
2695.59
2695.59
764.51
764.51
990.33
990.33
2525.16
2525.16
3290.68
3290.68
3698.21
3698.21
1624.83
1624.83
3695.01
3695.01
3666.30
3666.30
4314.09
4314.09
4942.26
4942.26
2995.39
2995.39
4013.62
4013.62
6003.87
6003.87
6175.39
6175.39
6275.10
6275.10
6332.86
6332.86
6105.70
6105.70
6105.70
6105.70
6105.70
6105.70
6105.70
6105.70
6105.70
6105.70
28.42
28.42
3114.26
3114.26
4257.08
4257.08
4276.86
4276.86
4153.19
4153.19
4553.91
4553.91
4934.73
4934.73
4931.41
4931.41
2126.32
2126.32
3225.52
3225.52
3905.49
3905.49
2079.22
2079.22
4968.68
4968.68
5256.78
5256.78
5286.67
5286.67
5049.30
5049.30
4533.95
4533.95
5010.04
5010.04
5751.71
5751.71
6662.31
6662.31
4359.58
4359.58
6861.22
6861.22
7568.84
7568.84
6712.12
6712.12
20.73
20.73
6740.17
6740.17
1537.27
1537.27
4792.86
4792.86
8241.56
8241.56
5944.32
5944.32
4731.24
4731.24
2651.78
2651.78
24.96
24.96
5240.71
5240.71
5440.37
5440.37
5440.37
5440.37
5440.37
5440.37
5440.37
5440.37
476.04
476.04
1167.18
1167.18
5364.70
5364.70
694.48
694.48
3728.10
3728.10
3728.10
3728.10
3531.17
3531.17
13.50
13.50
887.08
887.08
13.92
13.92
1243.26
1243.26
5790.60
5790.60
5790.60
5790.60
5790.60
5790.60
5790.60
5790.60
485.10
485.10
3271.79
3271.79
25.54
25.54
5374.45
5374.45
5511.63
5511.63
5511.63
5511.63
5511.63
5511.63
1241.98
1241.98
63.98
63.98
288.90
288.90
65.77
65.77
180.88
180.88
49.98
49.98
1945.40
1945.40
511.69
511.69
2230.74
2230.74
2932.92
2932.92
2870.24
2870.24
2872.60
2872.60
25.43
25.43
3661.18
3661.18
3189.60
3189.60
3189.60
3189.60
3848.65
3848.65
4221.45
4221.45
4221.45
4221.45
4397.78
4397.78
4482.55
4482.55
3607.50
3607.50
2978.59
2978.59
3106.92
3106.92
22.12
22.12
3486.82
3486.82
530.16
530.16
639.65
639.65
37.85
37.85
1521.64
1521.64
2617.87
2617.87
5838.67
5838.67
2538.89
2538.89
247.24
247.24
2140.41
2140.41
1061.27
1061.27
828.89
828.89
41.30
41.30
176.67
176.67
799.40
799.40
515.00
515.00
899.00
899.00
4867.51
4867.51
41.91
41.91
3787.36
3787.36
3787.36
3787.36
3787.36
3787.36
31.27
31.27
3445.35
3445.35
516.81
516.81
2171.42
2171.42
4134.50
4134.50
1776.24
1776.24
820.01
820.01
2773.19
2773.19
2959.71
2959.71
37.41
37.41
93.91
93.91
46.55
46.55
4185.25
4185.25
4185.25
4185.25
524.10
524.10
2700.11
2700.11
806.73
806.73
5175.65
5175.65
1084.91
1084.91
4097.87
4097.87
304.28
304.28
4569.19
4569.19
5308.79
5308.79
2790.46
2790.46
1698.22
1698.22
908.87
908.87
1132.57
1132.57
1756.13
1756.13
3277.20
3277.20
49.52
49.52
3389.20
3389.20
691.30
691.30
1372.38
1372.38
15.74
15.74
1784.72
1784.72
865.88
