# 1Hz Kbps trace generated by import_real_world_traces.py
4731.11
469.66
257.25
2770.33
4708.64
1587.55
1587.55
7896.22
7896.22
782.51
5127.59
10828.46
10828.46
2607.27
8362.58
8362.58
3808.30
3808.30
4788.68
4788.68
81.97
81.97
1865.71
1865.71
12535.53
12535.53
1306.18
1306.18
712.73
712.73
712.73
712.73
901.43
901.43
901.43
901.43
677.93
677.93
677.93
677.93
3319.76
3319.76
3319.76
4879.22
4879.22
4879.22
133.18
602.52
602.52
4985.61
4985.61
193.32
193.32
6877.21
6877.21
5011.78
5011.78
6529.08
6529.08
6529.08
6529.08
6529.08
6416.88
6416.88
6416.88
6416.88
6416.88
6416.88
6416.88
1614.00
1614.00
5942.04
5942.04
7323.77
7323.77
247.47
247.47
7206.43
7206.43
941.72
941.72
4135.43
4135.43
1092.72
1092.72
6559.21
6559.21
104.91
104.91
1261.68
1261.68
7495.23
7495.23
110.60
110.60
418.40
418.40
7650.60
7650.60
1364.05
1364.05
5734.52
5734.52
7770.30
7770.30
6755.12
6755.12
6755.12
6755.12
7776.06
7776.06
5160.92
5160.92
1370.67
1370.67
900.14
900.14
5107.68
5107.68
4044.37
4044.37
4605.14
4605.14
16.73
16.73
547.65
547.65
983.60
983.60
983.60
301.69
3546.38
3546.38
5589.93
5589.93
1306.94
1306.94
1057.07
1057.07
4809.91
4809.91
10.00
10.00
6243.94
6243.94
2398.08
2398.08
311.68
311.68
6170.06
6170.06
383.31
383.31
2139.60
2139.60
6021.62
6021.62
5033.10
5033.10
153.45
153.45
5094.73
5094.73
3525.15
3525.15
1042.97
1042.97
3763.50
3763.50
7017.98
7017.98
875.74
875.74
186.61
186.61
962.22
962.22
1748.30
1748.30
350.79
350.79
595.56
595.56
595.56
233.52
3387.86
3387.86
3387.86
1286.43
879.41
879.41
1830.24
1830.24
2752.23
2752.23
152.85
152.85
152.85
152.85
3074.68
3074.68
3074.68
3074.68
1199.02
1199.02
1870.78
1870.78
1870.78
3901.97
1250.40
1250.40
1250.40
4051.55
4051.55
19.64
19.64
202.32
401.82
6141.77
6141.77
6141.77
858.20
858.20
858.20
858.20
6948.36
6948.36
1401.05
4849.03
942.95
942.95
1749.80
1749.80
1789.81
1789.81
4632.79
4632.79
866.57
866.57
2694.67
2694.67
2906.43
2906.43
2906.43
42.64
42.64
414.42
414.42
3534.14
4926.12
4926.12
1062.96
1062.96
1062.96
516.04
516.04
787.82
787.82
787.82
787.82
17.31
17.31
5547.32
5547.32
5547.32
138.69
138.69
2320.36
3524.32
3524.32
2038.39
5551.79
427.72
427.72
34.24
34.24
5944.97
5944.97
1379.05
2196.27
2196.27
2196.27
1046.90
1046.90
6993.71
6993.71
356.80
356.80
7152.84
7152.84
7856.41
7856.41
18.86
294.13
294.13
294.13
8278.55
8278.55
3426.56
3426.56
7119.88
7119.88
10509.22
643.24
643.24
643.24
6755.72
6755.72
10413.94
58.98
58.98
58.98
165.99
165.99
6147.87
6147.87
6147.87
3826.99
3826.99
3826.99
3826.99
3826.99
2621.38
2621.38
2621.38
9368.86
9368.86
524.33
524.33
201.53
70.20
4301.92
3668.77
132.74
132.74
132.74
1105.86
1105.86
1736.47
1736.47
306.71
306.71
306.71
306.71
280.25
280.25
280.25
280.25
280.25
859.96
859.96
859.96
859.96
1065.72
1065.72
9056.90
9056.90
4973.48
6282.90
6282.90
182.48
182.48
2617.89
2617.89
9157.53
1534.46
1534.46
9724.57
9724.57
12.79
12.79
12.79
486.17
7771.51
7771.51
7771.51
543.29
543.29
1114.93
3258.96
3258.96
3258.96
993.41
168.33
168.33
953.06
953.06
99.59
99.59
1334.53
9598.21
84.91
84.91
7062.31
8972.17
8972.17
54.80
54.80
4983.91
4983.91
1905.80
1905.80
18.00
18.00
5241.83
5241.83
219.82
219.82
1598.36
1598.36
10.00
10.00
10.00
3953.22
3953.22
3953.22
385.56
385.56
385.56
3446.30
3446.30
2981.43
2981.43
2939.79
79.09
79.09
2297.49
1864.69
1864.69
1632.62
1632.62
2206.41
658.06
658.06
983.00
983.00
1883.65
1883.65
1883.65
1883.65
2303.27
2303.27
55.62
55.62
55.62
973.82
1673.27
3978.12
3978.12
2236.49
2236.49
4234.40
4234.40
4234.40
3598.94
3598.94
3598.94
3598.94
3598.94
4288.07
4288.07
4288.07
4288.07
697.88
697.88
147.16
147.16
352.51
352.51
953.99
3986.35
3986.35
3986.35
5722.09
92.37
2429.95
2429.95
5600.93
222.19
980.97
2095.62
2095.62
4176.91
2168.99
2168.99
5843.95
97.91
97.91
19.61
19.61
4488.75
4488.75
839.89
839.89
3138.80
3138.80
771.50
771.50
771.50
242.83
242.83
242.83
83.61
83.61
83.61
145.15
145.15
145.15
5390.26
5390.26
18.77
18.77
5169.18
5169.18
5169.18
5169.18
5169.18
2753.17
2753.17
2753.17
7951.03
7951.03
7951.03
333.59
18.41
18.41
5137.72
5137.72
6061.60
6061.60
1702.44
1702.44
773.40
773.40
953.19
953.19
1032.80
1032.80
2692.76
2692.76
333.42
264.50
54.96
54.96
390.55
2666.21
146.97
146.97
146.97
146.97
146.97
4235.88
4235.88
4235.88
527.50
527.50
256.73
256.73
256.73
96.74
96.74
210.71
