# 1Hz Kbps trace generated by import_real_world_traces.py
3217.30
3217.30
733.36
733.36
912.48
3095.78
3095.78
2395.80
2395.80
3391.15
3391.15
2450.95
2450.95
4220.11
4220.11
2726.82
2726.82
2957.97
2957.97
4462.07
4462.07
34.20
34.20
4353.04
4353.04
306.20
306.20
2706.59
2706.59
1404.50
1404.50
3489.53
3489.53
5718.04
5718.04
3869.29
3869.29
3466.52
3466.52
5415.33
5415.33
3094.70
3094.70
1690.75
1690.75
3568.01
3568.01
543.14
543.14
3532.09
3532.09
4798.15
4798.15
4638.34
4638.34
4553.46
4553.46
6695.66
6695.66
2070.30
2070.30
6169.05
6169.05
6415.95
6415.95
6688.45
6688.45
5729.00
5729.00
1682.81
1682.81
1371.20
1371.20
531.55
531.55
894.57
894.57
5466.74
5466.74
6652.30
6652.30
1515.92
1515.92
2333.01
2333.01
6724.54
6724.54
6126.81
6126.81
5531.61
5531.61
5860.64
5860.64
1605.37
1605.37
774.29
774.29
3349.08
3349.08
3349.08
1159.48
1506.38
1506.38
1686.53
1686.53
1298.93
1298.93
2566.47
2566.47
1560.51
1560.51
2482.64
2482.64
18.10
18.10
1980.09
1980.09
663.86
663.86
499.52
499.52
471.58
