# 1Hz Kbps trace generated by import_real_world_traces.py
840.35
277.04
277.04
277.04
10.00
10.00
276.49
276.49
276.49
161.52
161.52
300.74
300.74
501.77
501.77
501.77
182.37
956.38
956.38
226.32
226.32
866.09
866.09
849.56
849.56
299.83
299.83
334.94
334.94
56.91
56.91
368.48
368.48
368.48
849.73
51.73
716.06
137.70
137.70
497.12
497.12
852.77
852.77
127.96
127.96
127.96
697.59
697.59
182.70
182.70
394.62
394.62
321.08
321.08
10.00
10.00
10.00
452.02
452.02
509.35
509.35
64.29
64.29
10.00
202.24
842.34
855.95
855.95
416.06
416.06
416.06
98.18
98.18
847.08
847.08
847.08
37.07
37.07
717.25
717.25
717.25
167.88
167.88
358.04
108.05
108.05
108.05
108.05
407.31
407.31
407.31
277.42
244.41
244.41
89.41
89.41
244.26
244.26
244.26
721.40
721.40
99.25
99.25
685.04
862.94
680.69
852.66
839.49
839.49
839.49
294.27
294.27
294.27
861.43
861.43
861.43
216.27
216.27
858.09
858.09
858.09
163.78
859.28
859.28
759.09
759.09
759.09
166.84
166.84
647.11
815.31
815.31
815.31
245.49
245.49
245.49
487.28
487.28
487.28
487.28
863.25
863.25
863.25
167.05
557.07
557.07
290.93
716.38
327.98
327.98
770.68
770.68
158.03
158.03
749.72
749.72
298.92
298.92
837.03
837.03
837.03
827.55
827.55
79.35
79.35
589.31
589.31
257.57
443.00
443.00
202.56
202.56
97.03
97.03
97.03
410.18
410.18
98.52
98.52
657.01
657.01
657.01
10.00
10.00
843.96
882.86
882.86
882.86
760.60
857.46
25.59
25.59
479.36
479.36
479.36
141.31
141.31
757.72
757.72
468.00
468.00
715.80
715.80
736.03
736.03
704.76
704.76
158.36
461.44
786.21
495.78
187.30
709.80
821.97
732.67
865.92
865.92
32.64
724.42
724.42
800.95
800.95
477.36
477.36
810.73
810.73
868.43
868.43
692.28
692.28
596.21
596.21
841.63
841.63
852.71
852.71
924.25
924.25
234.30
234.30
414.30
414.30
414.30
1262.65
486.97
486.97
693.41
693.41
703.24
703.24
748.35
748.35
790.31
790.31
790.31
854.64
854.64
704.96
704.96
853.71
853.71
371.71
371.71
427.56
427.56
929.54
929.54
929.54
434.31
173.63
796.05
796.05
170.73
170.73
18.60
18.60
110.83
110.83
182.51
182.51
868.66
868.66
198.04
198.04
479.19
479.19
566.90
566.90
852.87
852.87
247.75
247.75
126.61
126.61
478.19
478.19
861.87
861.87
861.87
383.97
383.97
844.29
872.31
872.31
34.84
34.84
34.84
290.42
290.42
873.44
873.44
588.22
588.22
588.22
588.22
177.26
177.26
177.26
177.26
420.75
420.75
420.75
420.75
420.75
408.30
408.30
854.69
854.69
633.47
633.47
676.83
676.83
905.46
905.46
777.74
777.74
363.28
363.28
464.68
417.47
417.47
10.00
623.39
692.44
684.02
684.02
684.02
684.02
97.40
97.40
97.40
97.40
387.72
387.72
854.71
854.71
854.71
18.94
854.47
358.26
358.26
845.11
845.11
845.11
845.11
845.11
249.95
249.95
249.95
249.95
249.95
445.36
445.36
445.36
445.36
773.08
773.08
672.57
672.57
326.19
326.19
91.08
91.08
792.07
792.07
792.07
317.68
317.68
876.50
863.40
863.40
374.65
837.90
815.99
815.99
366.29
366.29
802.08
802.08
622.65
828.45
828.45
863.14
863.14
863.14
841.69
841.69
841.69
841.69
855.37
855.37
855.37
789.47
789.47
789.47
92.69
92.69
92.69
554.42
743.60
743.60
320.67
761.97
761.97
761.97
119.72
119.72
119.72
825.44
789.65
789.65
789.65
833.86
833.86
833.86
426.95
426.95
426.95
426.95
236.67
743.08
185.29
306.16
306.16
35.68
58.91
58.91
154.50
154.50
154.50
335.28
335.28
45.19
77.89
77.89
828.50
828.50
828.50
859.23
859.23
859.23
859.23
267.38
267.38
267.38
405.77
405.77
423.53
423.53
852.43
856.53
856.53
923.13
437.20
158.78
163.16
163.16
726.68
726.68
726.68
416.49
416.49
416.49
187.62
187.62
187.62
544.96
544.96
721.73
226.08
10.00
146.01
854.96
854.96
859.06
859.06
820.07
820.07
820.07
397.63
397.63
397.63
397.63
796.23
796.23
796.23
706.38
706.38
232.86
232.86
815.37
815.37
832.36
832.36
176.64
176.64
218.85
218.85
325.72
333.48
333.48
442.82
341.53
341.53
42.18
683.08
683.08
629.31
10.00
10.00
10.00
852.72
852.72
598.88
598.88
598.88
598.88
511.55
511.55
511.55
511.55
205.24
205.24
205.24
205.24
61.42
187.52
187.52
397.01
718.28
629.08
878.05
878.05
878.05
432.20
432.20
432.20
93.19
93.19
647.50
647.50
259.57
259.57
536.45
536.45
314.03
314.03
314.03
314.03
317.22
840.19
66.31
137.69
164.99
508.07
508.07
75.96
75.96
75.96
499.75
499.75
852.68
852.68
852.68
135.70
135.70
135.70
55.21
509.27
294.26
294.26
294.26
294.26
850.69
850.69
251.60
251.60
809.73
809.73
656.43
656.43
146.41
780.33
780.33
841.19
841.19
390.85
390.85
276.38
276.38
143.13
143.13
78.17
10.00
10.00
874.07
874.07
912.80
433.48
433.48
93.55
93.55
93.55
93.55
93.55
726.08
726.08
145.46
145.46
15.66
173.52
173.52
12.99
56.20
56.20
463.22
463.22
186.68
186.68
186.68
186.68
179.10
179.10
179.10
179.10
74.54
74.54
316.28
316.28
10.00
611.58
611.58
264.27
264.27
264.27
861.49
243.94
243.94
243.94
850.40
850.40
193.91
193.91
85.88
85.88
214.06
214.06
214.06
214.06
214.06
836.06
836.06
633.87
846.51
750.98
611.86
611.86
326.83
326.83
326.83
26.82
26.82
636.51
636.51
636.51
359.11
359.11
606.52
606.52
606.52
447.55
447.55
847.42
847.42
865.61
802.20
807.64
807.64
762.79
775.29
775.29
775.29
775.29
806.50
806.50
360.45
360.45
360.45
528.28
528.28
104.32
104.32
862.83
862.83
22.24
135.97
237.17
823.23
823.23
811.63
811.63
811.63
811.63
14.23
14.23
14.23
14.23
846.99
846.99
846.99
102.56
35.57
14.00
14.00
10.00
10.00
56.93
34.18
34.18
171.79
678.36
678.36
351.04
74.04
48.14
751.95
751.95
751.95
591.34
591.34
591.34
591.34
582.61
582.61
582.61
582.61
582.61
711.85
711.85
18.89
18.89
18.89
269.93
121.46
121.46
842.21
842.21
100.00
770.85
591.15
591.15
654.16
654.16
810.43
810.43
810.43
251.59
251.59
251.59
810.32
810.32
810.32
810.32
810.32
810.32
836.76
851.76
292.81
292.81
245.38
831.25
831.25
80.77
80.77
80.77
80.77
318.83
400.07
400.07
10.00
449.26
94.54
94.54
94.54
94.54
254.08
254.08
254.08
254.08
841.81
400.45
847.77
843.40
843.40
843.40
100.76
100.76
100.76
100.76
250.44
250.44
250.44
177.41
286.57
286.57
752.93
752.93
752.93
752.93
775.32
775.32
891.89
891.89
891.89
400.62
400.62
400.62
352.95
352.95
352.95
352.95
238.46
238.46
238.46
142.51
443.17
443.17
805.46
418.07
728.44
850.04
850.04
336.78
336.78
813.44
855.63
855.63
434.09
434.09
434.09
116.41
116.41
672.70
672.70
239.53
239.53
293.28
293.28
856.03
851.26
267.36
267.36
267.36
425.33
425.33
425.33
528.18
528.18
528.18
144.85
144.85
144.85
813.08
813.08
181.55
181.55
100.31
100.31
670.76
670.76
670.76
394.87
394.87
870.20
431.78
431.78
563.28
148.33
148.33
1034.21
1034.21
289.43
635.01
779.85
779.85
684.29
775.11
563.46
176.84
176.84
332.57
332.57
830.59
661.82
661.82
808.34
808.34
55.70
55.70
455.54
455.54
273.96
273.96
203.18
203.18
463.76
463.76
832.46
832.46
401.32
401.32
855.26
855.26
855.26
855.37
775.58
775.58
849.99
849.99
172.81
172.81
186.34
186.34
836.27
836.27
843.11
843.11
344.05
344.05
153.28
153.28
855.43
855.43
857.38
857.38
45.54
45.54
850.20
850.20
854.88
854.88
160.21
160.21
752.35
752.35
1017.77
1017.77
434.39
434.39
241.36
241.36
289.06
289.06
476.95
476.95
161.73
161.73
477.66
477.66
18.97
18.97
16.44
16.44
841.25
841.25
916.26
916.26
68.00
68.00
93.71
93.71
674.01
674.01
351.70
351.70
23.20
23.20
23.20
836.57
836.57
836.57
70.51
70.51
70.51
70.51
70.51
836.54
836.54
80.13
80.13
80.13
80.13
80.13
80.13
294.23
294.23
294.23
294.23
827.15
827.15
26.77
809.17
753.32
918.25
918.25
918.25
119.25
119.25
119.25
119.25
147.09
147.09
147.09
13.55
410.83
410.83
833.49
833.49
37.53
37.53
37.53
172.38
132.87
11.67
11.67
501.07
501.07
16.32
604.49
604.49
38.09
38.09
38.09
10.00
10.00
10.00
849.87
849.87
288.44
288.44
288.44
70.87
70.87
70.87
96.61
96.61
96.61
15.92
15.92
12.28
10.00
30.21
132.04
132.04
18.80
18.80
18.80
14.50
100.75
100.75
105.33
37.91
14.12
63.31
63.31
82.79
82.79
82.79
82.79
332.38
332.38
332.38
827.43
827.43
827.43
827.43
827.43
246.17
246.17
443.99
443.99
18.88
18.88
269.24
269.24
205.25
205.25
834.88
834.88
834.88
847.77
847.77
847.77
316.86
525.58
10.00
739.97
739.97
175.64
175.64
75.27
75.27
75.27
75.27
75.91
75.91
476.06
476.06
441.61
441.61
849.73
373.49
373.49
230.47
230.47
500.28
500.28
504.58
504.58
504.58
504.58
885.40
885.40
885.40
885.40
634.86
634.86
634.86
38.32
38.32
38.32
25.09
25.09
524.43
740.46
740.46
740.46
756.13
756.13
756.13
756.13
756.13
756.13
884.07
245.29
18.51
708.04
708.04
25.73
25.73
311.89
687.31
687.31
687.31
687.31
420.87
789.63
789.63
789.63
789.63
107.48
107.48
37.70
37.70
22.65
22.65
55.77
55.77
146.29
146.29
10.00
10.00
88.61
88.61
88.61
78.10
78.10
545.93
131.56
131.56
351.01
351.01
70.93
70.93
70.93
182.12
887.63
887.63
744.98
744.98
622.47
828.31
828.31
828.31
248.53
248.53
248.53
699.85
699.85
853.95
853.95
853.95
210.05
764.79
764.79
764.79
848.22
848.22
848.22
217.89
17.29
160.57
73.67
288.04
288.04
288.04
121.67
121.67
121.67
776.68
678.30
678.30
188.00
188.00
395.66
395.66
289.81
289.81
63.52
63.52
63.52
28.80
28.80
28.80
228.45
228.45
297.34
297.34
773.31
773.31
773.31
336.42
336.42
336.42
726.44
755.20
835.79
756.46
756.46
180.77
180.77
180.77
852.14
852.14
540.18
540.18
176.30
176.30
331.51
331.51
331.51
189.24
189.24
189.24
175.79
175.79
861.18
861.18
136.16
769.37
810.25
928.24
721.04
721.04
626.66
626.66
626.66
540.77
540.77
19.79
19.79
869.57
869.57
848.24
168.54
168.54
71.87
71.87
769.29
829.52
829.52
319.46
319.46
278.80
709.24
967.59
967.59
197.99
453.28
621.94
237.35
237.35
685.22
700.39
700.39
134.14
856.76
856.76
746.93
746.93
681.03
681.03
737.41
737.41
240.08
240.08
84.58
84.58
317.06
317.06
864.83
864.83
126.26
126.26
890.07
890.07
853.80
853.80
865.39
865.39
354.40
354.40
46.04
46.04
861.08
861.08
793.18
793.18
877.44
877.44
884.35
884.35
877.76
877.76
877.76
690.74
690.74
690.74
690.74
165.96
165.96
165.96
668.84
668.84
668.84
668.84
10.00
10.00
206.58
206.58
843.93
843.93
843.93
223.54
223.54
849.47
849.47
174.30
174.30
174.30
174.30
776.91
776.91
776.91
776.91
10.00
10.00
10.00
732.32
878.04
878.04
158.95
158.95
158.95
66.81
768.86
768.86
789.01
256.44
256.44
310.64
310.64
819.96
873.86
845.08
845.08
317.97
317.97
317.97
317.97
862.22
862.22
285.65
285.65
285.65
33.71
33.71
33.71
10.00
10.00
10.00
10.00
737.42
852.94
290.09
290.09
290.09
853.32
283.53
856.94
856.94
207.00
207.00
27.53
27.53
82.18
82.18
82.18
10.00
10.00
591.87
591.87
715.00
857.24
857.24
296.83
820.75
820.75
754.12
754.12
840.28
343.83
343.83
343.83
379.10
379.10
379.10
10.00
10.00
10.00
540.83
540.83
540.83
598.41
598.41
598.41
598.41
61.46
34.02
187.17
85.95
85.95
714.67
655.18
655.18
313.02
32.27
32.27
32.27
560.55
560.55
560.55
10.21
10.21
161.50
116.03
116.03
65.50
65.50
65.50
276.33
276.33
73.20
73.20
73.20
73.20
346.48
346.48
165.82
446.83
129.22
129.22
129.22
694.61
27.20
274.02
274.02
274.02
274.02
574.29
574.29
574.29
36.80
36.80
15.88
15.88
708.52
708.52
848.36
848.36
351.53
351.53
391.99
391.99
29.17
29.17
538.49
521.94
521.94
469.06
278.00
278.00
245.64
245.64
851.52
851.52
851.52
163.49
163.49
163.49
251.41
251.41
95.42
18.59
18.59
606.39
695.52
695.52
150.09
150.09
150.09
642.68
409.62
409.62
409.62
148.32
148.32
148.32
812.74
812.74
812.74
476.97
476.97
476.97
495.44
495.44
875.57
875.57
146.35
146.35
146.35
273.22
273.22
273.22
56.55
868.94
645.46
645.46
297.07
828.53
718.77
718.77
258.35
258.35
353.98
353.98
353.98
353.98
795.93
795.93
401.95
775.81
775.81
775.81
840.74
840.74
800.98
800.98
800.98
25.92
25.92
25.92
832.24
832.24
227.76
227.76
474.48
474.48
847.89
246.98
127.07
127.07
127.07
844.05
752.79
752.79
489.90
489.90
489.90
489.90
489.90
843.91
747.91
747.91
747.91
843.40
843.40
719.26
719.26
934.22
934.22
272.61
333.25
376.81
376.81
848.94
848.94
848.94
149.65
149.65
149.65
777.00
777.00
777.00
468.73
468.73
468.73
851.93
851.93
144.95
144.95
127.39
127.39
843.07
843.07
32.40
42.99
872.77
839.17
839.17
839.17
745.94
745.94
745.94
421.29
421.29
421.29
627.30
627.30
604.71
290.32
290.32
835.36
835.36
165.61
165.61
845.75
845.75
845.75
849.26
849.26
849.26
849.27
244.51
244.51
123.22
123.22
230.44
230.44
11.06
11.06
18.84
291.25
291.25
765.23
765.23
730.98
730.98
730.98
740.52
740.52
740.52
740.19
740.19
802.89
802.89
117.08
819.90
819.90
819.90
819.90
259.62
259.62
461.00
461.00
828.96
828.96
82.03
82.03
721.82
721.82
140.01
140.01
140.01
140.01
140.01
685.45
685.45
597.44
111.13
111.13
856.56
54.82
54.82
54.82
181.67
185.16
185.16
228.12
228.12
228.12
850.98
850.98
850.98
719.84
719.84
719.84
719.84
204.07
204.07
204.07
204.07
470.19
470.19
854.69
846.27
262.86
262.86
841.15
841.15
841.15
817.55
862.68
862.68
862.68
862.68
872.27
872.27
138.11
115.37
115.37
886.69
886.69
852.44
852.44
828.65
828.65
828.65
872.63
243.86
243.86
171.31
171.31
860.20
860.20
209.09
209.09
209.09
29.01
29.01
10.00
718.62
485.21
485.21
32.96
32.96
184.86
184.86
800.42
715.08
204.68
204.68
736.33
736.33
736.33
736.33
67.44
67.44
137.97
137.97
137.97
137.97
137.97
137.97
137.97
626.52
848.02
848.02
241.64
676.80
676.80
193.49
433.21
433.21
333.03
333.03
815.47
815.47
649.98
790.53
790.53
843.71
843.71
843.71
498.61
17.15
17.15
17.15
17.15
860.06
860.06
860.06
56.51
56.51
56.51
114.15
852.67
758.33
684.36
684.36
837.48
837.48
470.14
470.14
468.46
756.40
915.45
915.45
730.56
396.93
837.11
837.11
837.11
837.11
816.41
816.41
816.41
163.33
163.33
163.33
163.33
163.33
163.33
446.24
446.24
446.24
446.24
446.24
597.49
40.39
40.39
67.89
67.89
67.89
172.98
208.02
208.02
115.78
115.78
51.14
51.14
51.14
51.14
51.14
51.14
51.14
51.14
51.14
51.14
51.14
51.14
51.14
51.14
51.14
51.14
51.14
51.14
51.14
51.14
51.14
51.14
51.14
51.14
51.14
51.14
51.14
51.14
51.14
51.14
51.14
51.14
51.14
51.14
51.14
51.14
51.14
50.19
