# 1Hz Kbps trace generated by import_real_world_traces.py
96.95
96.95
96.95
146.85
1620.66
699.96
1407.45
1407.45
1407.45
882.31
7540.14
7540.14
7540.14
7540.14
2098.58
1702.64
1702.64
2878.29
2878.29
2878.29
2878.29
2878.29
2878.29
2878.29
2878.29
708.64
2598.63
2598.63
2598.63
1476.61
1476.61
5669.44
5576.36
5576.36
5576.36
5576.36
5576.36
2200.91
2200.91
158.09
158.09
158.09
158.09
158.09
158.09
158.09
9315.24
9315.24
9315.24
9315.24
9315.24
117.39
117.39
117.39
117.39
117.39
117.39
117.39
117.39
117.39
117.39
117.39
117.39
7019.01
7019.01
7019.01
7019.01
7019.01
7019.01
7019.01
7019.01
7019.01
7019.01
7019.01
7019.01
7019.01
7019.01
7019.01
7019.01
7019.01
7019.01
5773.90
5773.90
2217.88
2217.88
2217.88
2217.88
2217.88
2217.88
2217.88
2217.88
2217.88
2217.88
2217.88
2217.88
2217.88
4396.94
4396.94
2074.44
2074.44
2074.44
2074.44
2074.44
2074.44
2074.44
2074.44
2074.44
2074.44
2074.44
2074.44
2074.44
2074.44
2074.44
7144.18
7144.18
7144.18
7144.18
7144.18
7144.18
7144.18
7144.18
7144.18
7144.18
7144.18
7144.18
7144.18
7144.18
7144.18
7144.18
7144.18
7144.18
10213.42
10213.42
10213.42
10213.42
10213.42
10213.42
10213.42
10213.42
10213.42
10213.42
10213.42
1807.29
1807.29
1807.29
1807.29
1807.29
1807.29
1807.29
1807.29
461.35
461.35
461.35
461.35
199.89
199.89
199.89
199.89
199.89
199.89
199.89
199.89
199.89
199.89
199.89
199.89
199.89
199.89
199.89
199.89
59.84
59.84
59.84
514.56
514.56
514.56
514.56
514.56
514.56
514.56
514.56
514.56
514.56
514.56
514.56
514.56
514.56
514.56
5843.70
5843.70
5843.70
5843.70
5843.70
5843.70
5843.70
5843.70
5843.70
5843.70
5843.70
5843.70
5843.70
5843.70
5843.70
5843.70
5843.70
8964.92
8964.92
8964.92
8964.92
8964.92
8964.92
8964.92
8964.92
8964.92
1689.94
1689.94
1689.94
1689.94
1689.94
1689.94
1689.94
1689.94
1689.94
1689.94
1689.94
5684.62
5684.62
5684.62
1515.53
1515.53
1515.53
1515.53
1515.53
1515.53
1515.53
1515.53
1515.53
1515.53
1515.53
1515.53
1515.53
1515.53
810.02
810.02
13.27
13.27
13.27
13.27
13.27
13.27
13.27
13.27
13.27
13.27
13.27
13.27
13.27
13.27
13.27
13.27
13.27
1719.57
1719.57
1719.57
1719.57
1719.57
1719.57
1719.57
1719.57
1719.57
1719.57
1719.57
1719.57
1719.57
1719.57
1719.57
1719.57
1719.57
7845.20
7845.20
7845.20
13.45
13.45
13.45
13.45
13.45
13.45
13.45
13.45
13.45
13.45
13.45
13.45
13.45
13.45
13.45
13.45
11297.41
11297.41
11297.41
11297.41
11297.41
11297.41
11297.41
11297.41
11297.41
11297.41
11297.41
11297.41
11297.41
11297.41
1244.68
1244.68
1244.68
1244.68
1244.68
19.98
19.98
19.98
19.98
19.98
19.98
445.96
445.96
445.96
445.96
445.96
445.96
445.96
445.96
445.96
445.96
445.96
445.96
445.96
2019.15
2019.15
2019.15
2019.15
2019.15
2019.15
2019.15
2019.15
2019.15
2019.15
2019.15
2019.15
2019.15
2019.15
2019.15
2019.15
2019.15
750.33
750.33
750.33
1556.86
1556.86
1556.86
1556.86
1556.86
1556.86
1556.86
1556.86
1556.86
1556.86
1556.86
1556.86
1556.86
1556.86
1556.86
1556.86
1556.86
3209.96
3209.96
4139.90
4139.90
4139.90
4139.90
4139.90
4139.90
4139.90
4139.90
4139.90
4139.90
4139.90
4139.90
4139.90
4139.90
4139.90
4139.90
4139.90
4139.90
4139.90
4139.90
3226.78
3226.78
510.20
