# 1Hz Kbps trace generated by import_real_world_traces.py
2429.67
1218.41
2495.28
598.17
3989.64
935.22
1832.77
388.39
1497.94
2086.16
2086.16
1544.17
1544.17
2018.43
2018.43
2832.33
2832.33
2637.31
2637.31
3429.49
3429.49
860.07
860.07
1132.66
1132.66
842.46
842.46
1290.21
1290.21
1683.25
1683.25
2944.25
2944.25
2076.41
2076.41
222.95
222.95
609.18
609.18
1762.87
1762.87
3018.59
3018.59
2710.58
2710.58
620.64
620.64
2021.38
2021.38
3477.75
3477.75
3913.07
3913.07
4285.00
4285.00
678.51
678.51
4398.27
4398.27
519.19
519.19
4165.12
4165.12
3829.37
3829.37
3829.37
3829.37
2277.17
2277.17
397.42
397.42
611.25
611.25
2092.46
2092.46
2956.86
2956.86
2828.27
2828.27
3061.72
3061.72
3181.49
3181.49
3181.49
2294.78
2294.78
2294.78
2294.78
2691.93
2691.93
1909.19
1909.19
1909.19
15.66
15.66
15.66
15.66
1565.54
1565.54
1565.54
1565.54
1565.54
231.30
231.30
24.44
24.44
24.44
24.44
538.96
538.96
538.96
931.73
931.73
1744.27
1744.27
1744.27
1744.27
1101.92
1101.92
1101.92
103.53
103.53
2517.29
2517.29
2517.29
2951.37
2951.37
1223.33
1223.33
1223.33
1223.33
1255.29
1255.29
1255.29
1966.57
1966.57
1954.53
1954.53
1954.53
2032.61
2032.61
2032.61
2864.62
2864.62
2864.62
2864.62
2864.62
2864.62
1779.79
1779.79
2228.70
2228.70
2417.70
2417.70
2417.70
2417.70
2020.91
2020.91
440.34
440.34
440.34
4110.05
4110.05
4110.05
4110.05
1443.30
1443.30
1443.30
1443.30
1443.30
222.88
222.88
222.88
222.88
108.42
108.42
2816.97
2816.97
2816.97
2816.97
2398.67
2398.67
2398.67
2614.97
2614.97
644.98
644.98
644.98
644.98
1686.26
1686.26
3613.94
3613.94
4733.22
4733.22
4733.22
4733.22
4420.91
4420.91
850.79
850.79
850.79
10.00
10.00
10.00
3041.47
3041.47
1323.28
1323.28
1323.28
19.76
19.76
585.81
585.81
585.81
585.81
1149.62
1149.62
1149.62
3785.21
3785.21
3025.03
3025.03
3025.03
3710.88
3710.88
3710.88
3710.88
1239.94
1239.94
74.74
74.74
74.74
74.74
674.46
674.46
674.46
107.36
107.36
756.44
756.44
756.44
756.44
3089.38
3089.38
483.25
483.25
483.25
1869.42
1869.42
1869.42
1869.42
2516.68
2516.68
4599.34
4599.34
4599.34
5326.56
5326.56
5326.56
2576.44
2576.44
3327.08
3327.08
3327.08
3327.08
445.11
445.11
445.11
918.43
918.43
2100.12
2100.12
2100.12
2100.12
3242.47
3242.47
1993.90
1993.90
1993.90
5283.49
5283.49
5283.49
5283.49
2938.50
2938.50
3299.54
3299.54
3299.54
2691.42
2691.42
2691.42
2691.42
1544.03
1544.03
4264.43
4264.43
4264.43
4650.50
4650.50
5381.76
5381.76
5381.76
4012.82
4012.82
4012.82
4012.82
2809.58
2809.58
704.51
704.51
704.51
1236.82
1236.82
1236.82
1236.82
4538.75
4538.75
5316.23
5316.23
5316.23
3169.77
3169.77
3169.77
3169.77
2543.18
2543.18
979.12
979.12
979.12
149.02
149.02
995.98
995.98
995.98
995.98
963.56
963.56
963.56
4435.32
4435.32
944.24
944.24
944.24
944.24
2936.25
2936.25
2936.25
976.97
976.97
4468.48
4468.48
4468.48
4468.48
4824.51
4824.51
4824.51
5372.23
5372.23
4863.98
4863.98
4863.98
4863.98
880.46
880.46
1654.82
1654.82
1654.82
1654.82
69.59
69.59
69.59
69.59
428.92
428.92
588.06
588.06
588.06
934.16
934.16
934.16
934.16
320.76
320.76
346.96
346.96
346.96
346.96
40.02
40.02
40.02
59.50
59.50
1342.87
1342.87
1342.87
1342.87
315.13
1246.32
1246.32
1246.32
1246.32
1362.16
1362.16
1362.16
1362.16
972.55
972.55
1562.47
1562.47
1562.47
2606.20
2606.20
2606.20
2606.20
1762.44
1762.44
2025.54
2025.54
2025.54
2025.54
1947.21
1947.21
1947.21
3226.00
3226.00
2170.79
2170.79
2170.79
2170.79
3476.62
3476.62
3324.81
3324.81
3324.81
3324.81
24.29
24.29
24.29
597.27
597.27
1393.55
1393.55
1393.55
2188.31
2188.31
2188.31
2188.31
3001.38
3001.38
255.13
255.13
255.13
255.13
1460.28
1460.28
1996.01
1996.01
1996.01
1795.71
1795.71
1795.71
1795.71
27.46
27.46
23.21
23.21
23.21
409.82
409.82
409.82
409.82
3352.30
