# 1Hz Kbps trace generated by import_real_world_traces.py
306.75
841.16
307.73
832.06
340.35
35.27
819.93
819.93
834.78
857.08
857.08
443.51
443.51
863.06
863.06
745.91
745.91
742.05
742.05
846.21
846.21
863.50
863.50
872.26
872.26
731.27
731.27
839.45
839.45
833.32
833.32
318.15
318.15
191.20
191.20
640.67
640.67
640.67
124.54
124.54
124.54
818.96
818.96
624.13
624.13
861.03
861.03
861.03
36.54
36.54
680.01
680.01
680.01
680.01
680.01
680.01
680.01
341.62
341.62
341.62
378.27
378.27
378.27
433.68
433.68
192.91
192.91
192.91
766.14
766.14
24.71
562.36
182.49
299.54
299.54
553.34
553.34
269.64
269.64
269.64
269.64
269.64
719.46
838.74
838.74
744.34
744.34
744.34
509.01
509.01
637.57
637.57
637.57
33.98
33.98
553.18
553.18
553.18
566.86
566.86
566.86
566.86
628.78
628.78
628.78
578.99
578.99
307.91
307.91
834.99
834.99
836.39
836.39
836.39
366.95
366.95
366.95
871.56
871.56
679.60
708.74
708.74
435.09
435.09
139.72
139.72
967.92
967.92
124.22
124.22
323.63
323.63
77.66
641.18
641.18
345.42
345.42
805.63
805.63
805.63
606.53
439.34
439.34
439.34
313.52
859.26
758.76
758.76
758.76
535.23
535.23
343.16
343.16
696.68
212.03
212.03
363.10
363.10
725.81
725.81
725.81
316.15
316.15
316.15
495.90
528.66
528.66
528.66
580.68
580.68
557.67
557.67
47.21
47.21
18.94
18.77
18.77
311.31
311.31
47.08
47.08
763.90
523.63
657.71
657.71
855.16
855.16
855.16
742.99
742.99
742.99
848.52
920.20
828.72
695.99
826.38
826.38
954.44
954.44
954.44
449.71
449.71
676.98
676.98
676.98
849.62
849.62
849.62
166.16
166.16
166.16
166.16
728.51
728.51
728.51
728.51
73.43
73.43
855.77
855.77
414.91
414.91
254.16
254.16
748.76
748.76
844.02
844.02
844.02
692.50
692.50
764.10
764.10
765.37
765.37
831.78
763.04
763.04
56.12
56.12
56.12
850.57
850.57
850.57
623.27
623.27
848.50
848.50
259.69
704.09
212.84
212.84
212.84
844.85
844.85
301.71
301.71
143.45
143.45
143.45
218.74
218.74
860.70
860.70
708.49
708.49
785.99
214.19
150.91
378.73
632.85
738.83
505.40
505.40
165.34
181.74
455.80
356.17
356.17
356.17
473.17
473.17
222.80
458.98
458.98
192.82
192.82
192.82
289.17
289.17
865.52
865.52
115.20
282.59
282.59
192.39
192.39
192.39
530.00
530.00
489.32
769.75
769.75
769.75
817.58
817.58
195.90
195.90
227.28
227.28
854.64
779.71
779.71
779.71
726.17
726.17
858.17
858.17
478.87
478.87
752.40
319.86
319.86
319.86
188.03
188.03
861.62
861.62
728.59
332.24
332.24
177.55
177.55
177.55
859.30
859.30
846.29
846.29
853.04
853.04
82.46
82.46
845.78
845.78
10.00
10.00
10.00
10.68
10.68
10.68
843.16
843.16
843.16
652.65
652.65
652.65
652.65
772.41
772.41
772.41
772.41
14.96
14.96
804.10
73.41
73.41
73.41
69.28
69.28
848.52
646.64
646.64
705.52
705.52
52.93
52.93
52.93
52.93
176.08
176.08
437.06
437.06
291.67
291.67
834.61
834.61
91.18
91.18
130.80
130.80
629.47
629.47
871.11
871.11
871.11
853.52
762.09
762.09
60.48
60.48
830.14
830.14
320.12
320.12
832.93
832.93
548.27
548.27
548.27
548.27
696.22
696.22
832.67
86.79
86.79
915.63
915.63
533.79
533.79
533.79
533.79
533.79
357.62
357.62
851.82
851.82
719.84
834.63
849.36
849.36
510.86
763.50
763.50
371.15
371.15
430.24
764.55
764.55
764.55
151.44
151.44
83.05
83.05
23.55
23.55
23.55
809.02
809.02
529.62
529.62
529.62
891.03
891.03
891.03
785.03
785.03
319.38
319.38
802.48
802.48
549.45
549.45
287.24
287.24
12.82
12.82
12.82
816.70
816.70
816.70
10.00
245.91
525.79
525.79
525.79
857.84
857.84
857.84
857.84
240.18
240.18
208.09
208.09
271.79
271.79
237.32
237.32
237.32
870.16
870.16
786.62
786.62
10.00
505.88
505.88
138.22
138.22
138.22
523.55
523.55
223.99
202.37
202.37
841.41
793.12
324.02
324.02
324.02
408.77
408.77
10.92
837.52
703.61
703.61
10.00
10.00
843.76
843.76
138.99
138.99
848.52
848.52
844.95
844.95
502.29
502.29
853.16
853.16
859.64
859.64
547.23
547.23
964.62
964.62
476.91
476.91
10.00
10.00
435.01
435.01
668.44
668.44
703.31
703.31
777.85
777.85
869.15
869.15
772.37
772.37
772.37
281.88
281.88
281.88
796.75
796.75
796.75
796.75
477.16
477.16
477.16
836.13
836.13
864.03
864.03
864.03
10.00
10.00
700.08
700.08
700.08
139.24
139.24
365.32
365.32
365.32
365.32
365.32
689.30
689.30
589.45
873.75
305.18
264.83
264.83
264.83
264.83
219.15
834.15
834.15
54.76
54.76
54.76
481.42
481.42
164.35
164.35
207.78
207.78
208.12
857.91
857.91
217.72
835.99
835.99
837.15
223.95
223.95
297.37
297.37
176.99
176.99
176.99
253.04
863.31
863.31
162.08
162.08
551.25
551.25
551.25
876.42
780.06
780.06
861.46
861.46
133.00
133.00
565.56
565.56
565.56
329.06
329.06
134.21
134.21
134.21
751.76
751.76
853.67
803.44
803.44
466.52
820.24
820.24
851.69
851.69
267.97
267.97
537.31
537.31
537.31
537.31
716.06
716.06
807.90
807.90
229.72
229.72
229.72
229.72
229.72
888.61
888.61
888.61
144.42
144.42
144.42
144.42
44.05
315.93
482.83
482.83
482.83
482.83
482.83
283.67
283.67
391.54
391.54
226.92
226.92
226.92
141.23
141.23
122.07
122.07
582.32
582.32
233.38
233.38
233.38
703.89
745.85
745.85
323.39
323.39
268.31
268.31
233.61
233.61
15.32
15.32
18.91
254.29
254.29
307.28
613.35
357.02
357.02
252.79
330.11
518.07
860.97
860.97
182.95
182.95
750.94
750.94
856.03
856.03
847.44
847.44
480.68
480.68
896.75
896.75
847.06
847.06
724.57
724.57
279.95
279.95
769.47
769.47
176.31
176.31
357.68
357.68
495.77
495.77
472.83
472.83
126.61
126.61
199.68
199.68
105.29
105.29
347.80
347.80
347.80
824.21
824.21
544.65
544.65
193.17
193.17
193.17
485.85
485.85
485.85
548.50
548.50
548.50
553.86
553.86
16.57
16.57
843.42
843.42
207.97
207.97
207.97
207.97
784.60
784.60
784.60
784.60
483.58
483.58
871.60
871.60
730.64
730.64
730.64
174.48
587.62
65.14
65.14
725.13
725.13
219.97
219.97
219.97
168.39
168.39
655.35
103.41
757.17
757.17
897.79
897.79
897.79
738.12
738.12
841.06
841.06
841.06
10.00
10.00
10.00
835.39
835.39
149.84
149.84
123.44
123.44
123.44
34.08
34.08
71.66
234.87
234.87
98.27
283.08
679.93
679.93
679.93
31.07
31.07
824.12
824.12
55.34
55.34
37.11
37.11
558.43
423.18
423.18
423.18
750.26
10.00
242.78
242.78
123.51
342.80
342.80
342.80
25.57
25.57
25.57
94.48
94.48
310.12
310.12
310.12
659.89
12.50
12.50
487.69
308.92
308.92
798.02
798.02
397.90
397.90
397.90
597.79
597.79
597.79
326.84
326.84
326.84
835.64
852.67
852.67
857.66
857.66
857.66
440.99
499.59
499.59
495.26
495.26
856.30
856.30
843.93
843.93
843.93
228.33
228.33
753.27
253.43
253.43
211.28
211.28
211.28
792.33
792.33
11.39
11.39
663.64
663.64
663.64
553.75
553.75
753.75
753.75
332.74
332.74
844.45
833.31
833.31
212.71
212.71
212.71
212.71
699.34
851.65
849.33
849.33
366.12
366.12
510.95
510.95
510.95
18.41
18.41
194.92
194.92
194.92
47.36
56.54
447.91
840.40
840.40
840.40
691.54
691.54
691.54
666.74
666.74
121.45
121.45
121.45
372.62
372.62
416.03
747.00
747.00
747.00
27.31
27.31
594.93
594.93
313.63
313.63
859.63
859.63
687.07
204.13
204.13
608.49
608.49
608.49
78.45
78.45
78.45
255.77
255.77
255.77
573.33
573.33
692.59
851.57
851.57
851.57
281.55
281.55
281.55
849.06
849.06
849.06
845.77
845.77
329.00
855.43
827.20
816.40
816.40
926.17
926.17
859.81
859.81
859.81
587.84
587.84
587.84
433.43
433.43
109.96
109.96
844.14
863.09
872.52
872.52
86.96
86.96
294.38
294.38
294.38
350.52
350.52
350.52
10.66
10.66
842.76
842.76
842.76
842.76
511.37
511.37
511.37
511.37
511.37
511.37
284.90
284.90
284.90
284.90
594.24
594.24
97.09
97.09
254.38
76.17
799.92
19.57
195.52
195.52
195.52
216.86
216.86
755.01
755.01
755.01
770.11
770.11
52.24
52.24
309.70
86.52
537.91
537.91
828.27
411.87
411.87
411.87
61.87
61.87
61.87
470.97
470.97
206.33
206.33
206.33
634.55
634.55
634.55
849.44
849.44
849.44
56.56
243.01
243.01
64.38
64.38
177.26
177.26
177.26
439.65
439.65
439.65
837.35
655.73
655.73
655.73
80.31
216.83
326.41
490.77
490.77
333.23
333.23
853.12
853.12
442.19
442.19
325.28
325.28
96.05
96.05
96.05
829.83
829.83
829.83
11.50
11.50
783.19
783.19
755.65
755.65
118.69
118.69
513.94
513.94
54.51
54.51
759.44
759.44
759.44
277.03
277.03
358.89
358.89
848.12
848.12
12.16
12.16
669.25
669.25
669.25
145.25
145.25
353.71
475.92
724.54
724.54
800.97
800.97
863.84
863.84
863.84
857.98
857.98
176.01
176.01
176.01
313.84
860.49
860.49
852.41
852.41
394.65
394.65
201.61
846.84
846.84
846.84
29.82
29.82
29.17
277.16
277.16
30.55
30.55
847.30
847.30
36.34
36.34
705.40
705.40
705.40
180.07
180.07
236.56
236.56
492.08
127.84
127.84
363.44
363.44
363.44
150.72
294.29
294.29
349.61
145.41
94.35
94.35
73.17
73.17
73.17
429.50
429.50
862.30
862.30
747.26
747.26
822.61
822.61
822.61
856.62
130.13
130.13
411.88
749.74
749.74
234.12
