# 1Hz Kbps trace generated by import_real_world_traces.py
995.12
1172.81
1172.81
120.53
327.69
327.69
327.69
10.00
69.26
69.26
420.01
420.01
360.90
419.40
419.40
1145.63
928.11
677.46
677.46
1038.41
1038.41
1038.41
742.83
742.83
742.83
742.83
28.25
28.25
28.25
92.67
92.67
401.41
743.86
1117.38
460.09
460.09
581.50
1240.15
357.97
357.97
357.97
357.97
1426.90
1426.90
1426.90
1426.90
1003.88
1003.88
1003.88
71.75
179.67
179.67
947.15
947.15
890.03
253.29
1830.99
151.33
161.28
1597.99
122.63
311.52
174.06
174.06
168.23
168.23
17.03
17.03
301.98
301.98
53.19
53.19
290.02
290.02
398.05
398.05
1528.59
1528.59
13.13
13.13
1538.25
1538.25
262.94
262.94
1438.29
1438.29
1078.48
1078.48
341.83
341.83
988.68
988.68
238.55
238.55
915.58
915.58
675.92
675.92
1120.79
1120.79
1522.74
1522.74
1548.95
1548.95
40.26
40.26
101.88
101.88
1550.84
1550.84
1550.84
1550.84
1371.09
1371.09
108.47
108.47
205.47
205.47
1274.96
1274.96
1486.65
1486.65
203.22
203.22
172.97
172.97
974.06
974.06
103.08
103.08
44.52
44.52
968.05
968.05
968.05
968.05
476.54
476.54
542.48
542.48
150.28
150.28
796.15
796.15
817.00
817.00
870.20
870.20
1075.82
1075.82
1032.41
1032.41
1032.41
67.45
67.45
862.18
862.18
20.60
1290.46
1290.46
657.65
657.65
542.43
542.43
702.20
702.20
70.89
70.89
97.58
97.58
203.80
203.80
98.80
98.80
409.67
409.67
1404.12
1404.12
1404.12
74.89
81.08
81.08
44.86
44.86
861.14
861.14
391.82
391.82
146.24
146.24
1217.75
1217.75
90.39
90.39
90.39
618.93
322.20
322.20
1086.91
1086.91
1086.91
1407.63
1407.63
142.31
142.31
760.99
59.49
59.49
59.49
400.96
400.96
400.96
400.96
894.61
894.61
1076.16
1076.16
1076.16
274.00
274.00
1420.82
1420.82
1420.82
791.95
791.95
859.21
859.21
717.87
717.87
211.75
211.75
91.03
91.03
91.03
66.77
66.77
48.67
48.67
48.67
36.32
36.32
36.32
36.32
15.25
15.25
15.25
242.82
185.67
23.24
627.39
910.75
910.75
910.75
910.75
43.10
43.10
43.10
43.10
43.10
179.78
179.78
369.29
369.29
369.29
369.29
165.09
165.09
658.62
658.62
144.79
573.30
837.69
159.76
362.58
362.58
812.71
472.54
472.54
472.54
983.05
983.05
983.05
983.05
10.00
10.00
740.51
740.51
883.74
883.74
288.47
1287.88
940.84
621.92
621.92
394.53
394.53
394.53
1278.20
1278.20
1278.20
594.08
594.08
80.47
80.47
180.65
180.65
180.65
216.04
216.04
216.04
180.62
180.62
800.51
248.91
248.91
37.69
352.56
352.56
839.81
839.81
1130.18
1130.18
697.54
780.21
780.21
280.87
280.87
155.02
155.02
155.02
1028.22
1028.22
133.54
133.54
314.83
314.83
73.69
72.19
72.19
56.92
56.92
56.92
108.43
605.81
605.81
605.81
258.93
258.93
870.55
210.25
210.25
210.25
826.63
826.63
826.63
10.00
10.00
10.00
257.91
856.93
1153.52
556.67
556.67
640.41
640.41
640.41
640.41
640.41
640.41
640.41
332.85
332.85
691.26
730.33
150.31
150.31
562.58
1382.15
1382.15
313.47
514.51
596.58
596.58
596.58
1099.22
1099.22
736.09
736.09
736.09
281.64
281.64
632.87
632.87
632.87
632.87
164.52
484.89
484.89
484.89
126.27
126.27
860.81
860.81
860.81
771.72
1040.35
1040.35
943.40
943.40
98.13
98.13
724.20
724.20
724.20
724.20
957.26
422.04
422.04
422.04
105.51
105.51
17.87
703.72
750.26
750.26
750.26
191.41
191.41
133.69
445.81
445.81
445.81
33.84
33.84
741.18
741.18
502.79
502.79
100.32
100.32
600.04
600.04
10.00
10.00
108.25
108.25
108.25
213.95
213.95
213.95
97.00
97.00
777.33
1320.12
1386.05
505.12
10.99
10.99
1114.93
1114.93
1400.12
