# 1Hz Kbps trace generated by import_real_world_traces.py
1040.40
657.63
733.37
733.37
1451.77
1451.77
205.83
205.83
887.62
887.62
893.13
893.13
664.77
664.77
957.76
957.76
957.76
311.39
311.39
311.39
311.39
649.36
649.36
818.68
818.68
605.70
1165.35
1165.35
514.80
514.80
860.12
860.12
998.53
998.53
541.71
541.71
159.96
159.96
167.24
167.24
435.91
435.91
435.91
167.56
167.56
495.48
93.50
93.50
599.50
599.50
599.50
599.50
780.19
780.19
303.46
809.93
809.93
1173.48
541.74
541.74
938.11
938.11
1063.65
1063.65
970.18
970.18
345.99
345.99
345.99
446.72
929.13
929.13
1036.68
1036.68
1237.09
1237.09
48.44
48.44
935.97
935.97
969.39
969.39
515.85
515.85
1172.88
1172.88
1172.88
666.32
666.32
782.17
782.17
782.17
1188.92
1188.92
725.21
376.86
376.86
515.26
1541.40
1541.40
1283.93
1283.93
987.52
987.52
594.50
594.50
724.55
724.55
1001.79
1001.79
921.96
921.96
412.62
412.62
412.62
213.71
213.71
512.16
693.94
693.94
1049.02
1049.02
891.49
891.49
1285.48
1285.48
1285.48
928.83
607.80
607.80
653.88
653.88
25.58
25.58
387.38
387.38
473.19
473.19
473.19
121.94
121.94
440.36
659.26
659.26
896.37
896.37
776.28
776.28
633.12
633.12
426.88
426.88
357.95
357.95
357.95
209.24
209.24
209.24
205.82
205.82
205.82
444.66
25.22
25.22
985.35
642.25
642.25
836.33
836.33
1227.98
1227.98
570.69
570.69
533.64
488.79
488.79
488.79
411.00
1181.83
1181.83
82.78
82.78
371.26
371.26
167.15
167.15
822.95
822.95
315.34
