# 1Hz Kbps trace generated by import_real_world_traces.py
2757.07
1354.80
1590.01
1951.30
1500.26
1500.26
2326.16
2326.16
1098.57
1098.57
839.67
839.67
1958.22
1958.22
1343.71
1343.71
2179.14
2179.14
447.33
447.33
2789.78
2789.78
1010.28
1010.28
915.97
915.97
1228.86
1228.86
1891.39
1891.39
21.22
21.22
2813.75
2813.75
1705.85
1705.85
1077.91
1077.91
791.00
791.00
920.32
920.32
208.16
208.16
921.47
921.47
976.45
976.45
2157.15
2157.15
1536.33
1536.33
137.52
137.52
2668.47
2668.47
937.26
937.26
1380.32
1380.32
315.37
315.37
1804.37
1804.37
2533.69
2533.69
2561.65
2561.65
1053.80
1053.80
1735.92
1735.92
2841.55
2841.55
378.09
378.09
1760.65
1760.65
2436.44
2436.44
2311.46
2311.46
2078.85
2078.85
508.11
508.11
3064.21
3064.21
113.34
113.34
182.11
182.11
2508.27
2508.27
2217.55
2217.55
2081.78
2081.78
1789.05
1789.05
1487.14
1487.14
2573.51
2573.51
257.35
257.35
876.05
876.05
201.64
201.64
238.07
238.07
1897.29
1897.29
1805.11
1805.11
1670.83
1670.83
2389.60
2389.60
1978.57
1978.57
378.06
378.06
1039.65
1039.65
1387.79
1387.79
2413.48
2413.48
1247.30
1247.30
1126.69
1126.69
1829.27
1829.27
1033.55
1033.55
2226.06
2226.06
204.10
204.10
2714.90
2714.90
2573.72
2573.72
2506.47
2506.47
1153.20
1153.20
786.71
786.71
1048.12
1048.12
2477.49
2477.49
1956.62
1956.62
537.27
537.27
2939.93
2939.93
2769.33
2769.33
22.91
22.91
3179.71
3179.71
2303.19
2303.19
2279.36
2279.36
16.19
16.19
124.14
124.14
625.02
625.02
729.49
729.49
1042.33
1042.33
2400.61
2400.61
1741.93
1741.93
466.70
466.70
300.21
300.21
2419.67
2419.67
2474.70
2474.70
2449.08
2449.08
3022.30
3022.30
2648.46
2648.46
1171.30
1171.30
1064.56
1064.56
177.46
177.46
2576.53
2576.53
2379.32
2379.32
327.69
327.69
1450.61
1450.61
211.28
211.28
833.44
833.44
2505.30
2505.30
2732.79
2732.79
2944.39
2944.39
2244.80
2244.80
2339.66
2339.66
2286.27
2286.27
1862.86
1862.86
286.54
286.54
2705.03
2705.03
845.13
845.13
2219.96
2219.96
1585.37
1585.37
1645.02
1645.02
2552.20
2552.20
2598.21
2598.21
1919.99
1919.99
2697.92
2697.92
1854.12
1854.12
2107.10
2107.10
44.67
44.67
1174.22
1174.22
1987.77
1987.77
1885.23
1885.23
2827.56
2827.56
1985.37
1985.37
663.01
663.01
400.71
400.71
43.13
43.13
566.23
566.23
1833.33
1833.33
2254.78
2254.78
1849.70
1849.70
1471.53
1471.53
2784.57
2784.57
1348.85
1348.85
2292.76
2292.76
1918.51
1918.51
1685.99
1685.99
2166.76
2166.76
2659.10
2659.10
1605.71
1605.71
823.97
823.97
427.55
427.55
1571.26
1571.26
406.48
406.48
860.91
860.91
1537.38
1537.38
1593.98
1593.98
1115.46
1115.46
1473.98
1473.98
2412.68
2412.68
54.80
54.80
2314.23
2314.23
994.02
994.02
3097.00
3097.00
2305.88
2305.88
2487.04
2487.04
53.35
53.35
2476.11
2476.11
164.25
164.25
164.25
1701.94
1701.94
2962.13
2962.13
1886.07
1886.07
2054.64
2054.64
2068.73
2068.73
2888.96
2888.96
1641.71
1641.71
325.05
325.05
3115.51
3115.51
2026.21
2026.21
1655.45
1655.45
931.46
931.46
2479.29
2479.29
275.94
275.94
14.39
14.39
75.64
75.64
21.60
21.60
1605.98
1605.98
871.12
871.12
2851.36
2851.36
2755.64
2755.64
2566.21
2566.21
1483.04
1483.04
1904.97
1904.97
2524.11
2524.11
489.45
489.45
619.43
619.43
1671.07
1671.07
3005.09
3005.09
2077.26
2077.26
1882.49
1882.49
760.56
760.56
1802.92
1802.92
2794.74
2794.74
10.00
10.00
2191.91
2191.91
1994.40
1994.40
349.51
349.51
124.23
124.23
1133.68
1133.68
158.03
158.03
2149.24
2149.24
258.10
258.10
1537.99
1537.99
1751.56
1751.56
3118.46
3118.46
186.98
186.98
1501.65
1501.65
1128.37
1128.37
2999.59
2999.59
1500.60
1500.60
1120.66
1120.66
2640.51
2640.51
2027.78
2027.78
856.72
856.72
624.07
624.07
2367.11
2367.11
2650.58
2650.58
3058.93
3058.93
836.42
836.42
2047.36
2047.36
3116.97
3116.97
2967.51
2967.51
2634.90
2634.90
1293.20
1293.20
1615.76
1615.76
1223.18
1223.18
3170.11
3170.11
2156.07
2156.07
1618.38
1618.38
1719.46
1719.46
678.72
678.72
2767.57
2767.57
368.44
368.44
2873.78
2873.78
3150.78
3150.78
977.51
977.51
1190.09
1190.09
1938.11
1938.11
1268.44
1268.44
2507.39
2507.39
1681.22
1681.22
1264.79
1264.79
1336.05
1336.05
316.43
316.43
1397.08
1397.08
426.61
426.61
17.97
17.97
155.66
155.66
105.82
105.82
609.03
609.03
621.94
621.94
52.43
52.43
116.71
116.71
209.21
209.21
92.35
92.35
400.26
400.26
320.05
320.05
1368.98
1368.98
1208.63
1208.63
1556.43
1556.43
1079.69
1079.69
802.72
802.72
79.69
79.69
617.66
617.66
1573.77
1573.77
1834.64
1834.64
540.45
540.45
113.09
113.09
676.58
676.58
120.82
120.82
2051.69
2051.69
18.91
18.91
1580.00
1580.00
701.15
701.15
2617.22
2617.22
675.85
675.85
2220.75
2220.75
1333.71
1333.71
2094.15
2094.15
2016.94
2016.94
636.44
636.44
1473.36
1473.36
1633.82
1633.82
2630.76
2630.76
1906.41
1906.41
2008.21
2008.21
2404.30
2404.30
3049.75
3049.75
1915.18
1915.18
361.79
361.79
2895.28
2895.28
2689.68
2689.68
1901.84
1901.84
1798.13
1798.13
830.69
830.69
39.06
39.06
43.24
43.24
56.32
56.32
1517.72
1517.72
1398.38
1398.38
1531.82
1531.82
1372.32
1372.32
1501.64
1501.64
760.08
760.08
1183.75
1183.75
530.07
530.07
186.25
186.25
1049.11
1049.11
163.63
163.63
206.77
206.77
140.85
140.85
561.77
561.77
73.29
73.29
1002.97
1002.97
324.33
324.33
885.69
885.69
137.11
137.11
1200.69
1200.69
1848.44
1848.44
173.90
173.90
1802.68
1802.68
258.98
258.98
1583.75
1583.75
1644.79
1644.79
1985.45
1985.45
1618.75
1618.75
20.77
20.77
229.03
229.03
895.21
895.21
880.63
880.63
1242.91
1242.91
2509.22
2509.22
3162.28
3162.28
1367.88
1367.88
125.61
125.61
2397.80
2397.80
500.22
500.22
745.03
745.03
415.24
415.24
864.15
864.15
991.89
991.89
2877.50
2877.50
3132.35
3132.35
1829.63
1829.63
1076.34
1076.34
798.69
798.69
2087.97
2087.97
1908.24
1908.24
2404.38
2404.38
175.74
175.74
798.82
798.82
1259.20
1259.20
874.08
874.08
3023.68
3023.68
1589.70
1589.70
52.10
52.10
2300.32
2300.32
1672.36
1672.36
440.98
440.98
266.24
266.24
41.08
41.08
920.44
920.44
839.02
839.02
1407.86
1407.86
457.19
457.19
1473.35
1473.35
1620.49
1620.49
2423.44
2423.44
1693.39
1693.39
1627.91
1627.91
2380.01
2380.01
1756.36
1756.36
1451.40
1451.40
1688.86
1688.86
1689.87
1689.87
1199.34
1199.34
2919.54
2919.54
35.67
35.67
1246.83
1246.83
1873.13
1873.13
3106.08
3106.08
2648.69
2648.69
156.24
156.24
393.20
393.20
1545.62
1545.62
3130.83
3130.83
2379.22
2379.22
2337.89
2337.89
1005.67
1005.67
2906.29
2906.29
512.03
512.03
505.72
505.72
650.82
650.82
39.89
39.89
167.67
167.67
1744.21
1744.21
1338.33
1338.33
2668.66
2668.66
2916.12
2916.12
1970.42
1970.42
1161.63
1161.63
1572.90
1572.90
3115.16
3115.16
3003.59
3003.59
1093.51
1093.51
2590.02
2590.02
3127.12
3127.12
2675.35
2675.35
648.47
648.47
3165.29
3165.29
1132.22
1132.22
2274.52
2274.52
902.55
902.55
1527.90
1527.90
2389.38
2389.38
188.18
188.18
3327.21
3327.21
227.62
227.62
1951.80
1951.80
2517.25
2517.25
2145.11
2145.11
370.41
370.41
29.87
29.87
972.31
972.31
2021.92
2021.92
2678.93
2678.93
1932.64
1932.64
3227.51
3227.51
2433.92
2433.92
1423.08
1423.08
556.69
556.69
3269.97
3269.97
1189.43
1189.43
2465.61
2465.61
1248.05
1248.05
2585.23
2585.23
2464.89
2464.89
1729.32
1729.32
142.05
142.05
3066.35
3066.35
2507.77
2507.77
867.03
867.03
2720.24
2720.24
3144.73
3144.73
1269.65
1269.65
64.95
64.95
3105.82
3105.82
2022.78
2022.78
3341.11
3341.11
3354.66
3354.66
387.33
387.33
2408.61
2408.61
2019.99
2019.99
3149.30
3149.30
556.93
556.93
1232.34
1232.34
1684.62
1684.62
2189.52
2189.52
2649.97
2649.97
1976.53
1976.53
1687.41
1687.41
1352.46
1352.46
2897.94
2897.94
664.73
664.73
3256.13
3256.13
24.82
24.82
2031.33
2031.33
2283.80
2283.80
2161.53
2161.53
2706.25
2706.25
2802.06
2802.06
1849.78
1849.78
16.72
16.72
422.49
422.49
2195.84
2195.84
2247.05
2247.05
27.81
27.81
1940.33
1940.33
1902.53
1902.53
283.30
283.30
978.46
978.46
852.20
852.20
1273.18
1273.18
1390.29
1390.29
802.31
802.31
2373.32
2373.32
2438.46
2438.46
397.11
397.11
2202.59
2202.59
896.50
896.50
2617.08
2617.08
1954.54
1954.54
2756.46
2756.46
2147.10
2147.10
1760.60
1760.60
3181.55
3181.55
2561.12
2561.12
3333.00
3333.00
2953.96
2953.96
2384.13
2384.13
2096.81
2096.81
910.57
910.57
1863.36
1863.36
709.75
709.75
3176.10
3176.10
1603.07
1603.07
1667.32
1667.32
3724.13
3724.13
1689.69
1689.69
2319.87
2319.87
3148.01
3148.01
122.58
122.58
713.24
713.24
1979.74
1979.74
2797.63
2797.63
1777.99
1777.99
1063.71
1063.71
1023.54
1023.54
442.92
442.92
647.17
647.17
2485.74
2485.74
626.36
626.36
2094.20
2094.20
2399.84
2399.84
87.99
87.99
2803.74
2803.74
2803.74
2803.74
638.13
638.13
2182.91
2182.91
2679.55
2679.55
2644.19
2644.19
2525.74
2525.74
2950.01
2950.01
2020.03
2020.03
2756.96
2756.96
1426.89
1426.89
2288.50
2288.50
2288.50
2288.50
2080.60
2080.60
3032.23
3032.23
2180.55
2180.55
2180.55
2180.55
2416.68
2416.68
2416.68
416.84
996.08
996.08
2383.17
2383.17
369.74
369.74
915.42
915.42
926.69
926.69
1391.52
1391.52
2289.93
2289.93
882.87
882.87
2124.58
2124.58
2284.60
2284.60
2316.03
2316.03
2575.42
2575.42
2575.42
2575.42
1987.76
1987.76
2030.16
2030.16
1700.69
1700.69
2639.41
2639.41
2036.33
2036.33
1838.63
1838.63
2145.61
2145.61
533.51
533.51
1947.69
1947.69
861.59
861.59
1919.03
1919.03
1542.06
1542.06
970.02
970.02
2259.67
2259.67
2259.67
1989.84
2858.39
2858.39
3094.79
3094.79
2647.31
2647.31
2647.31
1000.20
3506.88
3506.88
866.22
866.22
14.54
14.54
14.54
2860.89
2860.89
2363.48
2363.48
2363.48
3485.96
3485.96
1627.82
1627.82
914.98
914.98
1981.12
1981.12
3520.29
3520.29
2680.72
2680.72
2504.29
2504.29
1260.24
1260.24
2984.41
2984.41
2489.56
2489.56
1327.68
1327.68
2530.77
2530.77
2665.77
2665.77
150.81
150.81
2084.63
2084.63
1274.78
1274.78
890.21
890.21
745.35
745.35
2524.62
2524.62
1554.98
1554.98
798.10
798.10
2619.30
2619.30
2531.47
2531.47
869.55
869.55
1937.19
1937.19
248.45
248.45
2744.84
2744.84
597.62
597.62
1681.99
1681.99
2504.26
2504.26
3259.69
3259.69
1434.93
1434.93
1707.11
1707.11
1707.11
3125.37
3125.37
253.34
253.34
2437.20
2437.20
1250.63
1250.63
2374.81
2374.81
2360.10
2360.10
342.35
342.35
1858.65
1858.65
867.80
867.80
1960.15
1960.15
1833.55
1833.55
155.75
155.75
2540.59
2540.59
1724.61
1724.61
2469.01
2469.01
1452.37
1452.37
1256.73
1256.73
2676.06
2676.06
2007.74
2007.74
2584.01
2584.01
2087.35
2087.35
2446.36
2446.36
715.61
715.61
1889.61
1889.61
2602.09
2602.09
2842.23
2842.23
2064.45
2064.45
3179.38
3179.38
3179.38
446.10
446.10
1959.57
1959.57
351.99
351.99
2063.91
2063.91
2720.07
2720.07
850.39
850.39
809.57
809.57
2473.27
2473.27
629.51
629.51
2150.79
2150.79
3029.14
3029.14
2220.27
2220.27
2425.00
2425.00
2965.71
2965.71
2771.38
2771.38
251.79
251.79
1205.72
1205.72
3191.28
3191.28
2608.67
2608.67
2925.13
2925.13
20.14
20.14
1665.04
1665.04
2894.36
2894.36
893.37
893.37
2505.98
2505.98
2187.99
2187.99
1052.99
1052.99
2904.85
2904.85
2904.85
2904.85
2904.85
2904.85
2043.21
2043.21
1994.84
1994.84
2409.20
2409.20
2728.49
2728.49
418.89
418.89
1461.60
1461.60
1931.04
1931.04
2188.88
2188.88
2387.26
2387.26
1136.53
1136.53
2229.75
2229.75
2389.94
2389.94
2324.71
2324.71
1807.88
1807.88
3001.61
3001.61
3118.63
3118.63
1960.97
1960.97
2597.93
2597.93
1629.79
1629.79
2625.65
2625.65
2030.64
2030.64
826.06
826.06
1961.99
1961.99
2113.87
2113.87
2350.58
2350.58
2582.26
2582.26
2439.17
2439.17
1261.62
1261.62
2765.31
2765.31
2334.93
2334.93
2276.00
2276.00
1236.06
1236.06
1823.58
1823.58
1974.60
1974.60
830.65
830.65
1426.67
1426.67
2452.97
2452.97
911.75
911.75
2777.57
2777.57
2213.51
2213.51
902.94
902.94
2145.86
2145.86
3095.61
3095.61
2567.44
2567.44
2567.44
2567.44
2693.89
2693.89
2265.29
2265.29
2466.22
2466.22
2115.23
2115.23
2092.72
2092.72
540.79
540.79
1979.38
1979.38
2047.29
2047.29
1701.75
1701.75
2593.86
2593.86
1071.72
1071.72
988.68
988.68
1331.65
1331.65
1916.29
1916.29
2631.58
2631.58
1070.21
1070.21
3375.78
3375.78
2614.27
2614.27
2614.27
2614.27
3451.80
3451.80
2994.74
2994.74
911.71
911.71
2553.28
2553.28
651.74
651.74
2220.12
2220.12
1799.91
1799.91
2658.17
2658.17
228.34
228.34
191.83
191.83
1577.64
1577.64
2366.20
2366.20
2748.91
2748.91
2748.91
2748.91
2748.91
2748.91
1360.66
1360.66
1981.49
1981.49
1718.33
1718.33
2086.30
2086.30
1878.23
1878.23
1552.88
1552.88
2039.09
2039.09
2202.13
2202.13
2203.68
2203.68
1795.54
1795.54
2277.05
2277.05
1424.52
1424.52
2175.35
2175.35
323.95
323.95
1831.63
1831.63
2419.54
2419.54
1489.56
1489.56
2494.88
2494.88
1899.05
1899.05
2430.11
2430.11
1934.27
1934.27
2136.47
2136.47
2506.17
2506.17
1423.96
1423.96
1423.96
1423.96
627.17
627.17
2107.11
2107.11
2447.34
2447.34
2447.34
2447.34
2447.34
2447.34
2040.54
2040.54
2218.85
2218.85
2376.13
2376.13
2770.49
2770.49
2174.30
2174.30
1737.28
1737.28
2595.04
2595.04
911.36
911.36
2488.33
2488.33
2455.75
2455.75
783.52
783.52
746.02
746.02
2716.23
2716.23
2593.82
2593.82
2472.74
2472.74
2929.27
2929.27
1311.53
1311.53
3075.54
3075.54
2098.47
2098.47
1970.50
1970.50
2593.87
2593.87
1682.98
1682.98
2771.23
2771.23
2410.01
2410.01
2455.30
2455.30
2538.69
2538.69
676.58
676.58
676.58
3109.84
3109.84
2279.39
2279.39
139.55
139.55
2403.43
2403.43
2822.45
2822.45
1617.13
1617.13
3057.10
3057.10
769.10
769.10
2653.12
2653.12
2414.88
2414.88
2080.22
2080.22
1892.16
1892.16
1007.74
1007.74
1652.59
1652.59
1925.93
1925.93
1571.68
1571.68
185.68
185.68
2239.22
2239.22
2875.84
2875.84
2564.67
2564.67
2002.78
2002.78
2596.54
2596.54
2261.74
2261.74
2369.89
2369.89
1997.46
1997.46
2862.32
2862.32
57.48
57.48
2850.39
2850.39
180.56
180.56
2301.25
2301.25
1841.37
1841.37
982.43
982.43
3049.21
3049.21
3115.89
3115.89
2455.53
2455.53
2362.73
2362.73
962.81
962.81
2049.87
2049.87
2457.75
2457.75
2436.73
2436.73
2289.89
2289.89
1467.37
1467.37
2222.26
2222.26
2893.24
2893.24
2376.71
2376.71
3034.09
3034.09
887.59
887.59
1085.17
1085.17
910.50
910.50
3237.08
3237.08
2907.65
2907.65
3191.81
3191.81
1993.97
1993.97
2453.93
2453.93
2388.78
2388.78
71.57
71.57
3202.72
3202.72
2295.06
2295.06
444.02
444.02
208.83
208.83
1824.30
1824.30
1375.26
1375.26
881.93
881.93
1579.72
1579.72
2383.38
2383.38
1936.46
1936.46
2673.35
2673.35
970.31
970.31
3199.41
3199.41
2511.54
2511.54
1634.25
1634.25
360.84
360.84
988.17
988.17
1603.63
1603.63
201.57
201.57
2073.02
2073.02
1911.22
1911.22
3202.08
3202.08
2272.38
2272.38
991.17
991.17
654.44
654.44
890.92
890.92
575.54
575.54
1879.10
1879.10
996.59
996.59
272.88
272.88
705.10
705.10
233.78
233.78
2173.39
2173.39
767.63
767.63
1895.95
1895.95
2094.29
2094.29
1984.86
1984.86
2333.45
2333.45
2685.88
2685.88
2932.41
2932.41
2084.37
2084.37
432.61
432.61
2634.08
2634.08
2562.97
2562.97
34.29
34.29
1739.97
1739.97
472.72
472.72
2562.93
2562.93
655.97
655.97
415.76
415.76
399.89
399.89
525.33
525.33
3193.05
3193.05
133.28
133.28
887.52
887.52
1591.93
1591.93
36.73
36.73
1967.32
1967.32
1896.72
1896.72
1829.02
1829.02
2173.50
2173.50
2318.14
2318.14
1699.24
1699.24
2629.90
2629.90
2703.29
2703.29
2800.39
2800.39
2256.15
2256.15
2020.99
2020.99
2020.99
2020.99
2723.25
2723.25
2186.68
2186.68
2536.81
2536.81
2932.73
2932.73
2726.18
2726.18
258.46
258.46
619.49
619.49
1029.74
1029.74
2546.21
2546.21
2809.34
2809.34
208.56
208.56
2116.57
2116.57
2375.59
2375.59
2556.80
2556.80
2556.80
2556.80
2282.22
2282.22
2098.06
2098.06
2009.99
2009.99
1555.72
1555.72
2798.15
2798.15
2151.00
2151.00
2062.22
2062.22
2577.12
2577.12
2282.74
2282.74
1477.73
1477.73
1713.68
1713.68
1535.31
1535.31
2438.45
2438.45
809.92
809.92
2544.92
2544.92
2483.44
2483.44
2542.96
2542.96
2564.79
2564.79
2170.92
2170.92
2270.37
2270.37
1755.70
1755.70
2026.40
2026.40
2885.67
2885.67
2764.38
2764.38
2142.16
2142.16
1719.81
1719.81
2560.74
2560.74
2341.66
2341.66
2766.02
2766.02
2758.77
2758.77
1946.41
1946.41
2524.01
2524.01
1253.42
1253.42
267.66
267.66
830.31
830.31
2589.24
2589.24
2294.38
2294.38
2294.38
2294.38
2962.65
2962.65
2052.59
2052.59
1222.97
1222.97
3021.03
3021.03
2183.07
2183.07
2163.36
2163.36
1607.91
1607.91
2257.08
2257.08
2246.46
2246.46
232.97
232.97
2777.46
2777.46
2199.40
2199.40
1971.11
1971.11
2521.39
2521.39
2345.01
2345.01
2501.20
2501.20
2542.77
2542.77
3045.84
3045.84
3405.17
3405.17
3222.73
3222.73
2561.56
2561.56
1706.68
1706.68
1654.20
1654.20
1684.06
1684.06
151.14
151.14
1795.97
1795.97
2531.83
2531.83
1887.09
1887.09
1604.83
1604.83
1492.06
1492.06
1661.69
1661.69
1114.39
1114.39
163.49
163.49
3009.67
3009.67
1585.79
1585.79
3052.54
3052.54
3088.87
3088.87
471.01
471.01
3223.64
3223.64
1472.95
1472.95
829.42
829.42
342.36
342.36
1714.49
1714.49
942.74
942.74
1655.15
1655.15
2028.50
2028.50
2680.98
2680.98
886.50
886.50
2222.82
2222.82
2158.36
2158.36
1543.23
1543.23
478.74
478.74
929.23
929.23
2565.54
2565.54
1831.39
1831.39
169.93
169.93
3256.83
3256.83
1708.49
1708.49
2404.23
2404.23
853.19
853.19
1777.66
1777.66
3110.72
3110.72
105.17
105.17
1302.06
1302.06
2730.07
2730.07
1611.95
1611.95
3012.68
3012.68
2426.46
2426.46
1635.46
1635.46
2683.16
2683.16
2293.47
2293.47
2116.49
2116.49
426.73
426.73
2389.42
2389.42
2006.54
2006.54
927.89
927.89
1674.07
1674.07
2516.53
2516.53
540.63
540.63
1886.66
1886.66
2022.89
2022.89
2697.24
2697.24
3063.39
3063.39
913.57
913.57
2267.29
2267.29
1643.16
1643.16
2179.58
2179.58
228.24
228.24
932.19
932.19
768.51
768.51
2223.39
2223.39
3264.16
3264.16
149.02
149.02
345.10
345.10
1750.16
1750.16
2090.05
2090.05
1583.20
1583.20
2833.67
2833.67
2883.76
2883.76
171.15
171.15
2652.96
2652.96
1841.36
1841.36
1837.98
1837.98
723.64
723.64
2108.84
2108.84
2159.94
2159.94
2608.08
2608.08
2470.26
2470.26
780.73
780.73
1572.99
1572.99
2390.85
2390.85
178.51
178.51
1270.62
1270.62
1433.63
1433.63
2536.89
2536.89
224.57
224.57
2398.53
2398.53
2645.77
2645.77
2517.28
2517.28
2493.92
2493.92
3126.44
3126.44
1870.59
1870.59
3021.21
3021.21
1965.28
1965.28
981.16
981.16
981.16
981.16
369.40
369.40
2139.91
2139.91
2694.17
2694.17
2694.17
2694.17
2032.28
2032.28
2262.95
2262.95
1910.47
1910.47
2348.81
2348.81
572.92
572.92
1953.66
1953.66
1953.66
1953.66
1953.66
1953.66
1852.12
1852.12
2220.78
2220.78
2239.21
2239.21
1650.67
1650.67
2386.31
2386.31
2250.91
2250.91
2864.88
2864.88
2932.62
2932.62
345.62
345.62
1311.21
1311.21
1636.01
1636.01
797.30
797.30
1352.02
1352.02
2667.58
2667.58
1483.69
1483.69
240.18
240.18
3070.57
3070.57
3070.57
3070.57
1272.21
1272.21
2781.72
2781.72
2788.04
2788.04
2386.78
2386.78
2711.52
2711.52
2764.25
2764.25
2875.93
2875.93
3272.22
3272.22
2838.02
2838.02
2236.96
2236.96
2232.43
2232.43
142.48
142.48
2912.47
2912.47
2207.85
2207.85
2150.82
2150.82
442.29
442.29
2589.32
2589.32
1554.66
1554.66
2244.69
2244.69
2880.20
2880.20
2353.60
2353.60
2440.77
2440.77
339.12
339.12
870.70
870.70
2960.65
2960.65
2708.37
2708.37
2894.32
2894.32
2821.87
2821.87
1329.20
1329.20
684.72
684.72
18.96
18.96
639.07
639.07
2293.28
2293.28
265.36
265.36
3174.39
3174.39
2227.50
2227.50
2227.50
2402.21
1754.07
1754.07
989.92
989.92
1673.79
1673.79
2779.40
2779.40
2078.18
2078.18
2788.02
2788.02
2009.03
2009.03
925.15
925.15
344.36
344.36
2774.42
2774.42
2094.43
2094.43
1955.65
1955.65
1932.18
1932.18
2167.24
2167.24
2246.68
2246.68
1986.68
1986.68
2957.47
2957.47
2391.63
2391.63
1842.53
1842.53
2492.41
2492.41
1123.42
1123.42
2154.60
2154.60
1983.05
1983.05
2262.52
2262.52
520.14
520.14
1108.86
1108.86
3024.16
3024.16
2305.66
2305.66
2980.21
2980.21
389.39
389.39
393.27
393.27
233.00
233.00
3055.59
3055.59
1781.98
1781.98
1781.98
1781.98
1340.41
1340.41
3023.26
3023.26
2461.59
2461.59
458.66
458.66
3377.62
3377.62
1191.08
1191.08
3044.77
3044.77
386.31
386.31
2487.16
2487.16
2387.20
2387.20
422.03
422.03
2563.18
2563.18
520.73
520.73
2144.33
2144.33
2144.33
2144.33
2504.28
2504.28
3029.42
3029.42
739.87
739.87
1653.81
1653.81
1122.43
1122.43
2379.60
2379.60
2522.26
2522.26
2522.26
2522.26
2592.76
2592.76
2584.20
2584.20
195.73
195.73
2062.70
2062.70
2062.70
2062.70
1354.16
1354.16
2587.84
2587.84
2225.08
2225.08
2443.82
2443.82
1264.29
1264.29
2477.13
2477.13
1602.16
1602.16
2643.00
2643.00
2468.28
2468.28
2046.91
2046.91
2599.10
2599.10
2450.56
2450.56
2818.10
2818.10
1291.12
1291.12
2974.66
2974.66
2974.66
2974.66
2974.66
2974.66
2412.95
2412.95
1361.46
1361.46
819.80
819.80
3058.57
3058.57
792.49
792.49
1163.10
1163.10
247.70
247.70
2585.67
2585.67
516.51
516.51
1427.65
1427.65
2658.41
2658.41
2118.39
2118.39
908.23
908.23
1752.28
1752.28
908.14
908.14
2101.83
2101.83
772.49
772.49
859.53
859.53
1967.94
1967.94
1921.46
1921.46
21.14
21.14
2696.51
2696.51
2863.64
2863.64
2683.25
2683.25
2178.35
2178.35
2905.69
2905.69
1706.31
1706.31
353.23
353.23
1874.32
1874.32
1652.65
1652.65
2377.45
2377.45
2079.98
2079.98
1182.38
1182.38
1182.38
2153.28
2153.28
2903.76
2903.76
261.16
261.16
2315.43
2315.43
3249.11
3249.11
973.98
973.98
584.75
584.75
197.84
197.84
251.25
251.25
1850.77
1850.77
2619.51
2619.51
1819.00
1819.00
3040.25
3040.25
1903.26
1903.26
913.09
913.09
1012.86
1012.86
2498.23
2498.23
841.36
841.36
2097.15
2097.15
597.20
597.20
2655.15
2655.15
2655.15
2655.15
2655.15
2655.15
2748.34
2748.34
2101.83
2101.83
2280.72
2280.72
1971.09
1971.09
2160.98
2160.98
2643.14
2643.14
1662.97
1662.97
495.78
495.78
2107.79
2107.79
2949.56
2949.56
782.93
782.93
2281.47
2281.47
2013.01
2013.01
2504.67
2504.67
1500.93
1500.93
2498.00
2498.00
2567.02
2567.02
909.19
909.19
2040.48
2040.48
2683.49
2683.49
2656.80
2656.80
1656.28
1656.28
2693.86
2693.86
2460.70
2460.70
1585.42
1585.42
2030.40
2030.40
3048.13
3048.13
1729.74
1729.74
1892.03
1892.03
1931.27
1931.27
2303.52
2303.52
2227.84
2227.84
16.59
16.59
2828.50
2828.50
2704.73
2704.73
2789.33
2789.33
352.52
352.52
1861.93
1861.93
2761.42
2761.42
2649.48
2649.48
2121.79
2121.79
2933.86
2933.86
1209.88
1209.88
136.04
136.04
911.54
911.54
2417.75
2417.75
2281.09
2281.09
1202.28
1202.28
1504.97
1504.97
881.28
881.28
2380.91
2380.91
2694.46
2694.46
578.29
578.29
1748.69
1748.69
2436.78
2436.78
2560.72
2560.72
2598.19
2598.19
1679.91
1679.91
1511.89
1511.89
2925.30
2925.30
2928.29
2928.29
2803.63
2803.63
380.30
380.30
2255.05
2255.05
2528.15
2528.15
1684.32
1684.32
1479.41
1479.41
2857.06
2857.06
2254.64
2254.64
1895.73
1895.73
712.01
712.01
1185.01
1185.01
2870.31
2870.31
797.50
797.50
1407.49
1407.49
2983.43
2983.43
1975.04
1975.04
1391.18
1391.18
724.80
724.80
2458.70
2458.70
2458.70
2458.70
2458.70
2458.70
2155.28
2155.28
2509.57
2509.57
1966.02
1966.02
1692.53
1692.53
39.23
39.23
1541.17
1541.17
1541.17
1541.17
2438.70
2438.70
2662.53
2662.53
1489.68
1489.68
1489.68
1489.68
2790.89
2790.89
2324.89
2324.89
2947.11
2947.11
3000.64
3000.64
2363.96
2363.96
3114.44
3114.44
2832.70
2832.70
2430.94
2430.94
3042.37
3042.37
2176.49
2176.49
2174.32
2174.32
2174.32
2174.32
2315.52
2315.52
2315.52
2315.52
1855.24
1855.24
2544.30
2544.30
3074.62
3074.62
168.22
168.22
2005.43
2005.43
1688.18
1688.18
3310.61
3310.61
47.95
47.95
2005.36
2005.36
2657.30
2657.30
2631.58
2631.58
2581.50
2581.50
2238.22
2238.22
2218.97
2218.97
1879.19
1879.19
1396.55
1396.55
1754.14
1754.14
226.30
226.30
198.18
198.18
1555.07
1555.07
1628.34
1628.34
1747.57
1747.57
1870.08
1870.08
1122.84
1122.84
2520.33
2520.33
2313.49
2313.49
2673.62
2673.62
2791.13
2791.13
1211.82
1211.82
1578.46
1578.46
426.64
426.64
2072.16
2072.16
643.14
643.14
887.68
887.68
887.68
887.68
3007.97
3007.97
976.85
976.85
3079.67
3079.67
3079.67
3079.67
2149.53
2149.53
2831.62
2831.62
1913.90
1913.90
2150.07
2150.07
27.16
27.16
2354.97
2354.97
2836.53
2836.53
2770.36
2770.36
3115.27
3115.27
2838.90
2838.90
3341.73
3341.73
3027.69
3027.69
1925.09
1925.09
2781.81
2781.81
3409.19
3409.19
973.49
973.49
2344.95
2344.95
2291.28
2291.28
1847.49
1847.49
624.32
624.32
1484.54
1484.54
2533.38
2533.38
1974.41
1974.41
2987.09
2987.09
1140.63
1140.63
20.80
20.80
3017.29
3017.29
2229.51
2229.51
2785.24
2785.24
3230.15
3230.15
3230.15
3230.15
3230.15
3230.15
1272.99
1272.99
937.44
937.44
1369.61
1369.61
863.47
863.47
2630.06
2630.06
2706.35
2706.35
2933.67
2933.67
930.76
930.76
884.43
884.43
1813.38
1813.38
1562.40
1562.40
2791.68
2791.68
129.18
129.18
1320.20
1320.20
2401.88
2401.88
2733.30
2733.30
3059.37
3059.37
1786.99
1786.99
237.84
237.84
3086.61
3086.61
1726.54
1726.54
1726.54
1726.54
1726.54
1726.54
2444.07
2444.07
2951.41
2951.41
1296.08
1296.08
657.42
657.42
952.11
952.11
1100.72
1100.72
1141.10
1141.10
2327.83
2327.83
2390.89
2390.89
2111.88
2111.88
1758.43
1758.43
911.08
911.08
2030.51
2030.51
2574.31
2574.31
3255.65
3255.65
2044.17
2044.17
2697.13
2697.13
1802.13
1802.13
2496.68
2496.68
3021.22
3021.22
2669.83
2669.83
2393.06
2393.06
138.12
138.12
2609.17
2609.17
1061.76
1061.76
2451.59
2451.59
2581.83
2581.83
861.78
861.78
2282.32
2282.32
472.76
472.76
2265.21
2265.21
346.92
346.92
2469.07
2469.07
1088.09
1088.09
1113.46
1113.46
1999.19
1999.19
86.99
86.99
1009.94
1009.94
356.99
356.99
258.37
258.37
2111.43
2111.43
1290.59
1290.59
1878.99
1878.99
234.33
234.33
1334.84
1334.84
2628.55
2628.55
2862.05
2862.05
2852.20
2852.20
2430.53
2430.53
2767.96
2767.96
2518.47
2518.47
2518.47
2518.47
2518.47
2518.47
2518.47
2518.47
2518.47
2518.47
1251.17
1251.17
3340.34
3340.34
2385.02
2385.02
2563.51
2563.51
2399.94
2399.94
3350.28
3350.28
2494.28
2494.28
3404.59
3404.59
1513.75
1513.75
846.22
846.22
746.56
746.56
981.96
981.96
3192.05
3192.05
1958.43
1958.43
2661.90
2661.90
1693.40
1693.40
2044.20
2044.20
232.58
232.58
1748.16
1748.16
1748.16
2020.41
2931.07
2931.07
893.48
893.48
29.22
29.22
1295.89
1295.89
2247.47
2247.47
2486.46
2486.46
2363.12
2363.12
3264.07
3264.07
998.65
998.65
1993.92
1993.92
2582.75
2582.75
2582.75
2582.75
2582.75
2582.75
2319.93
2319.93
1554.73
1554.73
867.67
867.67
1768.38
1768.38
1725.50
1725.50
2502.94
2502.94
2299.55
2299.55
2302.16
2302.16
2408.31
2408.31
846.13
846.13
603.14
603.14
1653.10
1653.10
2617.17
2617.17
1142.17
1142.17
1142.17
1142.17
3077.60
3077.60
1294.99
1294.99
2111.70
2111.70
2880.05
2880.05
17.56
17.56
2428.22
2428.22
2428.22
2428.22
2428.22
2428.22
2048.93
2048.93
3251.69
3251.69
1374.77
1374.77
1257.89
1257.89
2120.84
2120.84
3725.91
3725.91
1148.12
1148.12
3456.20
3456.20
3456.20
3456.20
218.43
218.43
245.04
245.04
2403.20
2403.20
2215.68
2215.68
2135.38
2135.38
1641.86
1641.86
2270.51
2270.51
2107.67
2107.67
2269.82
2269.82
1071.27
1071.27
1167.70
1167.70
796.91
796.91
2236.66
2236.66
2602.40
2602.40
2710.14
2710.14
2723.86
2723.86
473.36
473.36
2862.84
2862.84
952.30
952.30
2028.10
2028.10
1870.38
1870.38
2762.65
2762.65
2964.11
2964.11
3020.41
3020.41
2972.17
2972.17
3139.59
3139.59
2965.58
2965.58
1382.52
1382.52
3242.75
3242.75
1375.35
1375.35
2731.92
2731.92
2959.33
2959.33
2185.74
2185.74
2873.17
2873.17
365.28
365.28
903.55
903.55
2143.84
2143.84
2386.49
2386.49
2148.71
2148.71
223.40
223.40
174.84
174.84
1773.13
1773.13
1773.13
1773.13
2775.89
2775.89
2331.24
2331.24
1842.39
1842.39
1260.86
1260.86
2095.17
2095.17
2473.92
2473.92
2277.16
2277.16
845.09
845.09
2344.60
2344.60
3216.84
3216.84
2454.01
2454.01
16.85
16.85
2544.98
2544.98
1696.38
1696.38
2392.61
2392.61
1707.37
1707.37
2825.02
2825.02
814.48
814.48
2271.63
2271.63
1068.57
1068.57
2488.49
2488.49
2542.37
2542.37
502.75
502.75
1445.03
1445.03
28.94
28.94
1205.23
1205.23
1727.55
1727.55
1727.55
1727.55
2426.66
2426.66
1287.03
1287.03
1067.32
1067.32
1067.32
188.74
1448.55
1448.55
1448.55
919.30
2448.01
2448.01
2513.63
2513.63
2598.11
2598.11
1110.84
1110.84
2505.12
2505.12
289.31
289.31
785.85
785.85
2275.99
2275.99
2554.86
2554.86
3041.62
3041.62
1832.22
1832.22
1891.49
1891.49
1332.36
1332.36
2112.96
2112.96
1857.23
1857.23
69.72
69.72
1020.42
1020.42
854.43
854.43
2017.68
2017.68
1334.18
1334.18
2450.40
2450.40
3149.21
3149.21
36.94
36.94
2412.43
2412.43
1303.61
1303.61
1303.61
34.30
34.30
2396.65
2396.65
1626.37
1626.37
2142.55
2142.55
690.59
690.59
257.99
257.99
1215.04
1215.04
2228.46
2228.46
3113.38
3113.38
2484.26
2484.26
3237.36
3237.36
2978.97
2978.97
781.19
781.19
201.82
201.82
1835.45
1835.45
1860.96
1860.96
2172.85
2172.85
964.84
964.84
2184.07
2184.07
3417.47
3417.47
1721.21
1721.21
2579.14
2579.14
1980.16
1980.16
2912.49
2912.49
2286.74
2286.74
2679.37
2679.37
2573.56
2573.56
1879.32
1879.32
2363.00
2363.00
2160.24
2160.24
925.40
925.40
1004.47
1004.47
2439.93
2439.93
2084.01
2084.01
1838.08
1838.08
1916.71
1916.71
2754.55
2754.55
675.81
675.81
1689.44
1689.44
2889.80
2889.80
915.67
915.67
761.19
761.19
1114.22
1114.22
903.30
903.30
1453.98
1453.98
1533.12
1533.12
2143.69
2143.69
259.04
259.04
905.55
905.55
1917.99
1917.99
937.12
937.12
2341.01
2341.01
498.32
498.32
2464.50
2464.50
100.56
100.56
2327.10
2327.10
2583.84
2583.84
2166.49
2166.49
500.94
500.94
2905.74
2905.74
2451.98
2451.98
2099.63
2099.63
2137.20
2137.20
2497.77
2497.77
1976.66
1976.66
1899.52
1899.52
2402.39
2402.39
3205.22
3205.22
2769.13
2769.13
2081.65
2081.65
1695.68
1695.68
1473.18
1473.18
2819.98
2819.98
2335.08
2335.08
1996.96
1996.96
2133.68
2133.68
1170.39
1170.39
1627.32
1627.32
2760.13
2760.13
890.36
890.36
2722.37
2722.37
1972.85
1972.85
2331.79
2331.79
2796.55
2796.55
1479.85
1479.85
2336.59
2336.59
1938.70
1938.70
853.69
853.69
2240.80
2240.80
2541.16
2541.16
1839.26
1839.26
3037.60
3037.60
2188.76
2188.76
1786.77
1786.77
2141.99
2141.99
1790.18
1790.18
2457.14
2457.14
2913.58
2913.58
2962.40
2962.40
2066.05
2066.05
2365.12
2365.12
341.17
341.17
3039.97
3039.97
2549.33
2549.33
547.44
547.44
3004.22
3004.22
798.02
798.02
2107.72
2107.72
1865.94
1865.94
202.62
202.62
2987.45
2987.45
2036.38
2036.38
2835.77
2835.77
2065.88
2065.88
3120.63
3120.63
2266.08
2266.08
2623.39
2623.39
308.91
308.91
2527.16
2527.16
2429.38
2429.38
2120.97
2120.97
1742.45
1742.45
1960.90
1960.90
1381.71
1381.71
2464.73
2464.73
893.77
893.77
2760.48
2760.48
1465.79
1465.79
1285.02
1285.02
2530.20
2530.20
1025.21
1025.21
2797.62
2797.62
973.04
973.04
1408.02
1408.02
1628.60
1628.60
57.44
57.44
801.61
801.61
2898.81
2898.81
525.70
525.70
734.95
734.95
177.32
177.32
209.74
209.74
231.97
231.97
515.12
515.12
1768.87
1768.87
1708.13
1708.13
2500.74
2500.74
2400.98
2400.98
337.49
337.49
2963.82
2963.82
2384.53
2384.53
2972.16
2972.16
2253.86
2253.86
591.57
591.57
3219.27
3219.27
2659.73
2659.73
1761.88
1761.88
2318.69
2318.69
2707.59
2707.59
2725.74
2725.74
1377.69
1377.69
2726.07
2726.07
770.04
770.04
1708.61
1708.61
1690.74
1690.74
1574.22
1574.22
2434.51
2434.51
2590.09
2590.09
2209.90
2209.90
1983.64
1983.64
2265.52
2265.52
1157.46
1157.46
2850.59
2850.59
1908.55
1908.55
699.17
699.17
2305.67
2305.67
2732.76
2732.76
2619.19
2619.19
2385.14
2385.14
2374.39
2374.39
3276.77
3276.77
2949.38
2949.38
3308.76
3308.76
3243.44
3243.44
188.57
188.57
2392.37
2392.37
2559.43
2559.43
2547.39
2547.39
159.08
159.08
1820.65
1820.65
3408.84
3408.84
271.95
271.95
3322.20
3322.20
2443.97
2443.97
1975.38
1975.38
2539.30
2539.30
2217.62
2217.62
2630.23
2630.23
2492.20
2492.20
1961.48
1961.48
2861.49
2861.49
923.01
923.01
1763.03
1763.03
2544.84
2544.84
2569.69
2569.69
2459.14
2459.14
2485.80
2485.80
2013.51
2013.51
3138.41
3138.41
1581.94
1581.94
3548.69
3548.69
911.16
911.16
3470.26
3470.26
3040.06
3040.06
2025.42
2025.42
860.88
860.88
2215.36
2215.36
2608.35
2608.35
2810.48
2810.48
1062.94
1062.94
2506.85
2506.85
328.79
328.79
2840.99
2840.99
2168.15
2168.15
2810.02
2810.02
236.66
236.66
1050.11
1050.11
213.26
213.26
2883.61
2883.61
3196.24
3196.24
3176.32
3176.32
1488.12
1488.12
3171.29
3171.29
2991.73
2991.73
2691.40
2691.40
2790.70
2790.70
2684.74
2684.74
1821.78
1821.78
1821.78
1821.78
2582.76
2582.76
2582.76
2582.76
3133.96
3133.96
859.27
859.27
1142.39
1142.39
2831.19
2831.19
20.63
20.63
61.66
61.66
2472.61
2472.61
3217.84
3217.84
1986.98
1986.98
2093.39
2093.39
366.47
366.47
3182.39
3182.39
1559.70
1559.70
3739.29
3739.29
3009.81
3009.81
1909.32
1909.32
988.25
988.25
3449.99
3449.99
798.10
798.10
3419.18
3419.18
762.01
762.01
2365.48
2365.48
608.33
608.33
2095.90
2095.90
202.05
202.05
230.48
230.48
1515.31
1515.31
2155.68
2155.68
303.42
303.42
2667.02
2667.02
2401.44
2401.44
1998.35
1998.35
2948.52
2948.52
1093.41
1093.41
2188.99
2188.99
2055.22
2055.22
594.36
594.36
1722.42
1722.42
667.93
667.93
2599.57
2599.57
2599.57
2599.57
2357.24
2357.24
799.83
799.83
34.36
34.36
417.06
417.06
2990.64
2990.64
1493.03
1493.03
3219.08
3219.08
2388.26
2388.26
870.12
870.12
1259.88
1259.88
2330.29
2330.29
2330.29
2330.29
2658.91
2658.91
1680.45
1680.45
52.60
52.60
2005.14
2005.14
792.30
792.30
2670.61
2670.61
2405.13
2405.13
292.26
292.26
2464.95
2464.95
11.58
11.58
643.33
643.33
1801.07
1801.07
1353.52
1353.52
1649.59
1649.59
1706.76
1706.76
2072.68
2072.68
1250.31
1250.31
2520.78
2520.78
2078.42
2078.42
2695.39
2695.39
2348.81
2348.81
1387.17
1387.17
2287.50
2287.50
1980.45
1980.45
1872.92
1872.92
1904.07
1904.07
2817.64
2817.64
675.24
675.24
2082.23
2082.23
2021.41
2021.41
2434.94
2434.94
2022.19
2022.19
2638.62
2638.62
1515.13
1515.13
1878.82
1878.82
1977.94
1977.94
1726.49
1726.49
2293.23
2293.23
2293.23
2293.23
2293.23
2293.23
1664.61
1664.61
2824.26
2824.26
1654.68
1654.68
2625.99
2625.99
821.15
821.15
1729.89
1729.89
1760.31
1760.31
29.36
29.36
409.73
409.73
1806.67
1806.67
759.21
759.21
2336.26
2336.26
1700.88
1700.88
100.34
100.34
2300.30
2300.30
2300.30
2300.30
16.16
16.16
2117.52
2117.52
2614.32
2614.32
2039.96
2039.96
2556.51
2556.51
2637.84
2637.84
1206.08
1206.08
2148.86
2148.86
1456.97
1456.97
2166.58
2166.58
1744.46
1744.46
2401.10
2401.10
32.32
32.32
1795.63
1795.63
212.52
212.52
2103.62
2103.62
1470.47
1470.47
2348.37
2348.37
220.08
220.08
231.65
231.65
1600.42
1600.42
2703.41
2703.41
2484.34
2484.34
2359.54
2359.54
1440.78
1440.78
1440.78
1440.78
2362.84
2362.84
1111.23
1111.23
1840.95
1840.95
2508.86
2508.86
2265.81
2265.81
1908.29
1908.29
1388.17
1388.17
2010.48
2010.48
1477.12
1477.12
1814.63
1814.63
2144.00
2144.00
1298.24
1298.24
96.62
96.62
2442.34
2442.34
104.78
104.78
2151.41
2151.41
2223.57
2223.57
1805.25
1805.25
2598.00
2598.00
2559.81
2559.81
2012.75
2012.75
1506.16
1506.16
1226.98
1226.98
2623.46
2623.46
2382.44
2382.44
417.61
417.61
2950.25
2950.25
2082.15
2082.15
1741.71
1741.71
867.38
867.38
2207.78
2207.78
2476.88
2476.88
2592.67
2592.67
1774.55
1774.55
2150.89
2150.89
2724.86
2724.86
337.63
337.63
2714.99
2714.99
291.44
291.44
1194.61
1194.61
689.04
689.04
1895.99
1895.99
2426.83
2426.83
2437.38
2437.38
2636.80
2636.80
2367.63
2367.63
2502.89
2502.89
1935.83
1935.83
221.76
221.76
1994.88
1994.88
2629.59
2629.59
2959.11
2959.11
2223.92
2223.92
909.80
909.80
1012.27
1012.27
1170.08
1170.08
287.92
287.92
2286.69
2286.69
1700.56
1700.56
1529.30
1529.30
814.43
814.43
1804.47
1804.47
1108.31
1108.31
1270.54
1270.54
722.07
722.07
88.59
88.59
1375.58
1375.58
2153.42
2153.42
1942.94
1942.94
251.78
251.78
1621.10
1621.10
1512.38
1512.38
2031.88
2031.88
1174.63
1174.63
2335.65
2335.65
1664.30
1664.30
2409.11
2409.11
71.21
71.21
2080.88
2080.88
1901.91
1901.91
2375.21
2375.21
2418.20
2418.20
675.54
675.54
2201.79
2201.79
2186.87
2186.87
2453.39
2453.39
578.43
578.43
1799.75
1799.75
1533.43
1533.43
2581.17
2581.17
2095.72
2095.72
2095.72
2741.10
2741.10
999.93
999.93
259.06
259.06
1909.40
1909.40
591.55
591.55
1534.56
1534.56
1732.44
1732.44
2302.57
2302.57
1957.54
1957.54
196.92
196.92
1445.13
1445.13
213.62
213.62
580.09
580.09
1900.67
1900.67
1754.46
1754.46
2373.45
2373.45
2585.60
2585.60
2436.71
2436.71
3075.49
3075.49
1380.30
1380.30
1296.81
1296.81
1844.92
1844.92
2646.38
2646.38
1691.69
1691.69
2501.74
2501.74
930.03
930.03
2044.68
2044.68
2813.32
2813.32
2914.10
2914.10
2415.81
2415.81
1913.31
1913.31
1474.66
1474.66
2814.68
2814.68
1654.78
1654.78
883.43
883.43
1815.38
1815.38
1885.80
1885.80
2159.14
2159.14
294.17
294.17
1759.81
1759.81
2641.58
2641.58
1586.79
1586.79
898.98
898.98
1584.12
1584.12
1627.60
1627.60
1456.04
1456.04
2006.28
2006.28
2373.44
2373.44
2292.67
2292.67
1397.82
1397.82
1655.50
1655.50
1602.66
1602.66
1290.44
1290.44
1423.72
1423.72
797.65
797.65
2652.16
2652.16
2096.78
2096.78
1876.51
1876.51
500.73
500.73
2487.31
2487.31
1667.17
1667.17
1236.65
1236.65
1554.14
1554.14
1885.96
1885.96
2885.37
2885.37
2324.10
2324.10
13.41
13.41
2849.39
2849.39
1626.90
1626.90
1053.21
1053.21
1505.82
1505.82
229.41
229.41
2497.48
2497.48
21.30
21.30
2005.43
2005.43
2909.88
2909.88
1850.48
1850.48
1801.86
1801.86
787.06
787.06
1486.66
1486.66
2130.52
2130.52
1890.69
1890.69
1142.62
1142.62
237.70
237.70
2304.13
2304.13
25.14
25.14
1511.87
1511.87
2433.63
2433.63
2473.10
2473.10
2683.53
2683.53
1292.18
1292.18
1784.11
1784.11
2485.17
2485.17
188.18
188.18
1179.46
1179.46
911.65
911.65
2071.29
2071.29
2198.64
2198.64
1646.75
1646.75
1235.99
1235.99
398.69
398.69
1876.85
1876.85
3110.89
3110.89
1755.78
1755.78
2928.43
2928.43
564.89
564.89
2386.89
2386.89
1086.40
1086.40
1916.18
1916.18
1685.07
1685.07
3173.25
3173.25
2685.49
2685.49
2561.82
2561.82
2735.33
2735.33
1423.99
1423.99
2219.62
2219.62
980.64
980.64
2659.55
2659.55
928.44
928.44
525.50
525.50
1885.53
1885.53
2767.43
2767.43
1980.36
1980.36
239.34
239.34
2851.86
2851.86
873.03
873.03
421.39
421.39
1999.48
1999.48
1999.48
1999.48
1742.21
1742.21
868.25
868.25
2519.52
2519.52
1977.79
1977.79
1209.73
1209.73
2455.68
2455.68
1761.43
1761.43
1354.92
1354.92
2488.68
2488.68
2376.99
2376.99
2053.14
2053.14
2812.35
2812.35
1443.13
1443.13
1880.15
1880.15
522.84
522.84
252.55
252.55
2404.28
2404.28
161.76
161.76
2029.62
2029.62
1067.24
1067.24
143.11
143.11
2518.63
2518.63
2318.77
2318.77
2268.36
2268.36
1901.54
1901.54
2300.69
2300.69
304.03
304.03
428.10
428.10
2452.51
2452.51
2465.79
2465.79
862.60
862.60
2028.13
2028.13
390.68
390.68
2757.73
2757.73
2837.53
2837.53
2739.76
2739.76
1388.71
1388.71
1637.79
1637.79
1925.80
1925.80
407.89
407.89
2664.38
2664.38
2031.62
2031.62
2369.80
2369.80
1979.40
1979.40
418.94
418.94
3248.88
3248.88
2507.19
2507.19
1151.25
1151.25
2619.60
2619.60
663.95
663.95
1171.08
1171.08
1171.08
1171.08
2328.23
2328.23
304.95
304.95
720.63
720.63
2080.05
2080.05
547.34
547.34
1847.54
1847.54
1153.39
1153.39
888.15
888.15
2292.81
2292.81
1466.21
1466.21
1663.52
1663.52
2140.86
2140.86
2624.94
2624.94
1659.87
1659.87
1902.45
1902.45
2163.28
2163.28
1005.83
1005.83
1469.18
1469.18
3033.81
3033.81
3021.23
3021.23
2471.47
2471.47
2441.86
2441.86
2441.86
2441.86
2083.12
2083.12
2464.44
2464.44
2245.94
2245.94
2142.21
2142.21
1887.45
1887.45
296.92
296.92
2456.22
2456.22
2456.22
2456.22
2456.22
2456.22
2830.04
2830.04
18.45
18.45
2297.42
2297.42
1908.43
1908.43
31.64
31.64
1934.73
1934.73
915.01
915.01
443.38
443.38
1933.94
1933.94
548.58
548.58
2885.45
2885.45
1172.29
1172.29
1172.29
1172.29
2461.46
2461.46
2141.50
2141.50
2201.31
2201.31
2676.71
2676.71
1864.76
1864.76
1864.76
2381.39
3173.61
3173.61
430.59
430.59
2255.73
2255.73
707.23
707.23
19.55
19.55
2992.22
2992.22
2839.15
2839.15
1399.91
1399.91
2229.91
2229.91
1558.38
1558.38
1060.25
1060.25
1598.70
1598.70
2214.65
2214.65
2377.57
2377.57
1593.44
1593.44
1593.44
1593.44
903.26
903.26
2424.13
2424.13
406.54
406.54
250.03
250.03
940.21
940.21
2975.84
2975.84
169.27
169.27
2051.36
2051.36
2400.41
2400.41
1367.04
1367.04
270.21
270.21
2800.09
2800.09
2246.71
2246.71
1996.56
1996.56
3027.13
3027.13
3027.13
3027.13
507.25
507.25
2595.08
2595.08
962.35
962.35
2573.41
2573.41
196.66
196.66
1814.84
1814.84
707.94
707.94
1500.56
1500.56
798.75
798.75
366.91
366.91
2745.65
2745.65
2550.57
2550.57
1462.11
1462.11
276.20
276.20
827.26
827.26
2523.33
2523.33
2760.46
2760.46
817.08
817.08
3073.76
3073.76
2797.51
2797.51
2157.62
2157.62
1568.66
1568.66
1417.82
1417.82
223.53
223.53
2997.63
2997.63
1082.17
1082.17
2900.22
2900.22
644.82
644.82
2623.09
2623.09
3186.05
3186.05
1993.83
1993.83
2128.46
2128.46
2942.28
2942.28
1779.22
1779.22
2552.22
2552.22
1188.90
1188.90
1276.94
1276.94
489.47
489.47
2142.18
2142.18
469.66
469.66
2979.99
2979.99
1323.83
1323.83
2950.20
2950.20
419.25
419.25
434.45
434.45
2865.63
2865.63
1428.74
1428.74
2846.46
2846.46
2736.20
2736.20
1779.65
1779.65
1660.34
1660.34
1011.64
1011.64
2877.46
2877.46
2954.33
2954.33
161.39
161.39
1870.09
1870.09
2755.02
2755.02
1092.15
1092.15
981.89
981.89
2404.52
2404.52
502.79
502.79
1101.28
1101.28
1366.26
1366.26
957.98
957.98
2571.77
2571.77
2368.24
2368.24
2622.79
2622.79
2159.84
2159.84
1489.47
1489.47
3559.56
3559.56
819.87
819.87
777.11
777.11
3062.74
3062.74
1289.98
1289.98
2182.59
2182.59
1433.49
1433.49
1069.90
1069.90
267.27
267.27
2990.24
2990.24
3136.62
3136.62
3174.06
3174.06
2708.92
2708.92
2463.53
2463.53
2399.24
2399.24
649.37
649.37
441.38
441.38
2603.71
2603.71
2328.26
2328.26
548.08
548.08
831.79
831.79
2807.68
2807.68
2077.12
2077.12
2050.08
2050.08
409.22
409.22
2654.53
2654.53
2360.26
2360.26
3215.71
3215.71
3285.07
3285.07
385.22
385.22
1132.10
1132.10
2312.01
2312.01
435.45
435.45
3290.96
3290.96
1805.61
1805.61
1462.07
1462.07
2004.71
2004.71
819.85
819.85
1903.05
1903.05
1455.83
1455.83
2210.82
2210.82
2711.71
2711.71
2317.71
2317.71
2221.84
2221.84
1608.71
1608.71
3001.01
3001.01
1909.79
1909.79
648.09
648.09
915.55
915.55
2436.39
2436.39
2505.29
2505.29
1154.15
1154.15
2782.11
2782.11
1491.56
1491.56
2320.09
2320.09
1786.93
1786.93
1935.70
1935.70
914.32
914.32
171.58
171.58
2730.72
2730.72
1258.37
1258.37
2667.55
2667.55
1732.83
1732.83
1653.43
1653.43
271.71
271.71
2104.89
2104.89
2761.28
2761.28
2761.28
1563.94
1563.94
2137.22
2137.22
377.25
377.25
1581.32
1581.32
2543.97
2543.97
2061.76
2061.76
1005.99
1005.99
3029.32
3029.32
836.00
836.00
187.68
187.68
2043.10
2043.10
2363.05
2363.05
2080.25
2080.25
201.53
201.53
3434.81
3434.81
2348.49
2348.49
2791.03
2791.03
152.07
152.07
3012.96
3012.96
1486.68
1486.68
54.01
54.01
1669.49
1669.49
2130.24
2130.24
986.72
986.72
913.78
913.78
1927.97
1927.97
2011.44
2011.44
2290.04
2290.04
1456.05
1456.05
2187.94
2187.94
1485.33
1485.33
1802.17
1802.17
1519.81
1519.81
1774.57
1774.57
93.19
93.19
1727.03
1727.03
624.80
624.80
860.21
860.21
295.22
295.22
693.35
693.35
1469.41
1469.41
1659.21
1659.21
1448.86
1448.86
1399.72
1399.72
1479.67
1479.67
1875.38
1875.38
2525.71
2525.71
1081.87
1081.87
1441.20
1441.20
1914.21
1914.21
2744.41
2744.41
1517.53
1517.53
1988.68
1988.68
1988.68
1988.68
1153.50
1153.50
36.24
36.24
3202.42
3202.42
2888.35
