# 1Hz Kbps trace generated by import_real_world_traces.py
3968.80
6931.43
6931.43
7171.21
7171.21
12.49
12.49
14.05
14.05
14.12
14.12
6477.31
6477.31
6824.81
6824.81
6824.81
6824.81
1090.48
1090.48
7194.97
7194.97
3009.45
3009.45
3255.03
3255.03
13.29
13.29
6847.78
6847.78
2934.85
2934.85
6654.38
6654.38
6654.38
6654.38
1943.69
1943.69
5304.22
5304.22
6776.38
6776.38
3794.04
3794.04
6715.66
6715.66
641.56
641.56
6821.73
6821.73
837.45
837.45
4741.20
4741.20
12.54
12.54
23.91
23.91
4777.40
4777.40
7522.04
7522.04
7522.04
7522.04
7522.04
7522.04
2458.89
2458.89
8277.75
8277.75
8277.75
8277.75
976.50
976.50
4684.65
4684.65
7946.37
7946.37
8147.91
8147.91
24.18
24.18
3708.99
3708.99
7998.94
7998.94
7998.94
7998.94
177.75
177.75
7896.58
7896.58
792.61
792.61
7701.21
7701.21
13.20
13.20
4059.86
4059.86
8207.16
8207.16
8207.16
8207.16
8207.16
8207.16
7814.39
7814.39
9247.32
9247.32
1051.88
1051.88
162.76
162.76
3226.49
3226.49
8245.92
8245.92
8245.92
8245.92
1612.23
1612.23
7931.42
7931.42
7931.42
7931.42
63.02
63.02
5583.86
5583.86
243.98
243.98
628.91
628.91
2392.90
2392.90
1603.86
1603.86
6397.36
6397.36
6605.12
6605.12
5051.37
5051.37
6724.89
6724.89
6724.89
6724.89
6724.89
6724.89
6724.89
6724.89
6724.89
6724.89
2684.24
2684.24
11.88
11.88
26.76
26.76
2132.45
2132.45
6682.84
6682.84
825.22
825.22
13.11
13.11
6231.09
6231.09
16.73
16.73
1386.53
1386.53
3315.70
3315.70
1815.10
1815.10
825.82
825.82
7042.46
7042.46
6926.23
6926.23
6268.80
6268.80
7208.20
7208.20
3470.59
3470.59
2106.56
2106.56
2573.51
2573.51
4449.60
4449.60
4449.60
4449.60
4449.60
4449.60
4449.60
4449.60
4449.60
4449.60
12.92
12.92
1820.63
1820.63
3404.36
3404.36
3497.89
3497.89
13.34
13.34
3808.61
3808.61
219.70
219.70
12.11
12.11
4203.44
4203.44
4277.27
4277.27
4750.08
4750.08
5235.59
5235.59
33.89
33.89
5093.59
5093.59
159.25
159.25
5797.48
5797.48
2351.53
2351.53
6096.90
6096.90
5186.10
5186.10
6297.79
6297.79
6250.59
6250.59
13.02
13.02
1943.91
1943.91
1536.20
1536.20
6959.52
6959.52
7035.64
7035.64
6771.36
6771.36
3847.57
3847.57
3377.85
3377.85
709.84
709.84
6862.78
6862.78
7065.60
7065.60
13.48
13.48
3542.49
3542.49
4739.74
4739.74
4739.74
4739.74
4739.74
4739.74
4739.74
4739.74
775.58
775.58
4764.01
4764.01
2222.45
2222.45
4874.41
4874.41
3077.44
3077.44
686.04
686.04
5655.19
5655.19
13.07
13.07
34.59
34.59
13.55
13.55
4920.58
4920.58
464.12
464.12
2450.64
2450.64
5890.36
5890.36
6256.27
6256.27
6062.58
6062.58
5679.20
5679.20
6797.12
6797.12
11.05
11.05
4539.51
4539.51
5686.36
5686.36
7064.95
7064.95
5374.08
5374.08
7051.55
7051.55
144.43
144.43
7336.77
7336.77
11.29
11.29
13.50
13.50
16.85
16.85
3738.26
3738.26
3052.56
3052.56
846.86
846.86
3470.98
3470.98
4351.58
4351.58
3152.16
3152.16
2374.70
2374.70
5105.46
5105.46
7847.73
7847.73
13.10
13.10
5288.58
5288.58
4040.20
4040.20
40.41
40.41
3798.81
3798.81
11.89
11.89
3551.25
3551.25
70.98
70.98
4053.31
4053.31
2809.37
2809.37
592.17
592.17
4553.81
4553.81
5353.26
5353.26
470.55
470.55
4237.84
4237.84
4237.84
5072.35
40.32
40.32
2721.12
2721.12
5898.82
5898.82
6021.32
6021.32
2622.56
2622.56
1841.42
1841.42
25.82
25.82
6192.83
6192.83
6192.83
7230.72
3443.39
3443.39
1968.56
1968.56
264.76
264.76
26.37
26.37
803.17
803.17
4695.02
4695.02
7388.06
7388.06
3730.63
3730.63
7470.28
7470.28
6837.24
6837.24
293.04
293.04
1672.61
1672.61
3873.72
3873.72
6784.74
6784.74
3101.58
3101.58
3688.74
3688.74
832.92
832.92
3767.45
3767.45
781.15
781.15
4287.69
4287.69
13.86
13.86
4451.36
4451.36
2622.46
2622.46
1029.58
1029.58
5247.87
5247.87
5038.04
5038.04
4777.44
4777.44
3591.22
3591.22
4845.48
4845.48
5484.72
5484.72
5724.76
5724.76
5605.24
5605.24
5717.83
5717.83
6022.32
6022.32
5897.87
5897.87
62.14
62.14
6021.83
6021.83
2487.42
2487.42
38.80
38.80
12.00
12.00
2500.78
2500.78
5950.01
5950.01
6065.97
6065.97
5855.16
5855.16
6289.51
6289.51
5879.01
5879.01
6081.67
6081.67
2924.27
2924.27
5864.31
5864.31
2044.03
2044.03
6262.93
6262.93
5422.87
5422.87
6668.16
6668.16
6924.29
6924.29
12.60
12.60
3584.76
3584.76
3602.41
3602.41
7028.53
7028.53
4556.88
4556.88
12.98
12.98
7308.86
7308.86
6885.06
6885.06
7093.91
7093.91
7477.48
7477.48
11.87
11.87
1965.46
1965.46
2081.88
2081.88
2081.88
7431.88
7431.88
6969.11
6969.11
448.22
448.22
8227.36
8227.36
91.63
91.63
8176.87
8176.87
2328.00
2328.00
1788.61
1788.61
7413.81
7413.81
12.26
12.26
3605.40
3605.40
3768.76
3768.76
8999.40
8999.40
9090.41
9090.41
9090.41
9090.41
9395.58
9395.58
3993.09
3993.09
862.95
862.95
791.44
791.44
2087.26
2087.26
8110.06
8110.06
2342.78
2342.78
8723.44
8723.44
8429.97
8429.97
8429.97
8429.97
16.89
16.89
7198.48
7198.48
9250.23
9250.23
151.97
151.97
568.80
568.80
995.64
995.64
1429.99
1429.99
143.21
143.21
1078.97
1078.97
1920.88
1920.88
1972.77
1972.77
576.59
576.59
2826.85
2826.85
4130.50
4130.50
1703.89
1703.89
2679.84
2679.84
3635.73
3635.73
12.11
12.11
4025.74
4025.74
4638.86
4638.86
780.52
780.52
1936.88
1936.88
3033.11
3033.11
5401.90
5401.90
5412.31
5412.31
6285.41
6285.41
10.00
10.00
5547.56
5547.56
6559.83
6559.83
5882.38
5882.38
6931.26
6931.26
6628.21
6628.21
3278.29
3278.29
7147.70
7147.70
830.60
830.60
12.65
12.65
91.77
91.77
16.81
16.81
1887.46
1887.46
18.01
18.01
1409.62
1409.62
964.44
964.44
7826.06
7826.06
29.01
29.01
12.22
12.22
4480.21
4480.21
7006.94
7006.94
2544.99
2544.99
4105.62
4105.62
4411.79
4411.79
4411.79
4411.79
147.63
147.63
614.99
614.99
937.98
937.98
1051.52
1051.52
1124.08
1124.08
1552.61
1552.61
1858.20
1858.20
2014.14
2014.14
1756.13
1756.13
13.28
13.28
2728.19
2728.19
2696.84
2696.84
694.54
694.54
2742.39
2742.39
2993.49
2993.49
2772.68
2772.68
3119.78
3119.78
3119.78
3119.78
3119.78
3119.78
3099.00
3099.00
3285.38
3285.38
3900.45
3900.45
4243.37
4243.37
4371.55
4371.55
183.02
183.02
4519.21
4519.21
4422.36
4422.36
1154.72
1154.72
4322.58
4322.58
1587.55
1587.55
5851.50
5851.50
4992.26
4992.26
2839.60
2839.60
13.96
13.96
1980.16
1980.16
1869.97
1869.97
2414.10
2414.10
1974.91
1974.91
2277.18
2277.18
2926.66
2926.66
3080.66
3080.66
3694.98
3694.98
3330.98
3330.98
3317.62
3317.62
2321.14
2321.14
4356.75
4356.75
4087.12
4087.12
4355.72
4355.72
4391.77
4391.77
1249.41
1249.41
4494.22
4494.22
4648.02
4648.02
3847.90
3847.90
5485.50
5485.50
4447.23
4447.23
5747.78
5747.78
2176.09
2176.09
5727.66
5727.66
6597.00
6597.00
6580.86
6580.86
6228.67
6228.67
6897.05
6897.05
13.33
13.33
5100.40
5100.40
6813.57
6813.57
6430.66
6430.66
5632.14
5632.14
3111.63
3111.63
526.12
526.12
12.90
12.90
3352.58
3352.58
5393.30
5393.30
1163.19
1163.19
2604.54
2604.54
828.68
828.68
3361.99
3361.99
10.74
10.74
16.96
16.96
656.09
656.09
954.33
954.33
1033.15
1033.15
1237.63
1237.63
1376.20
1376.20
1526.64
1526.64
1762.15
1762.15
1975.05
1975.05
2272.02
2272.02
2371.81
2371.81
2642.95
2642.95
1293.29
1293.29
2940.37
2940.37
3270.99
3270.99
2662.58
2662.58
3291.07
3291.07
3586.35
3586.35
1251.99
1251.99
14.02
14.02
4156.35
4156.35
4230.53
4230.53
187.02
187.02
4109.58
4109.58
1848.40
1848.40
324.56
324.56
4611.72
4611.72
4611.72
4611.72
309.69
807.29
914.50
914.50
1210.16
1210.16
544.16
544.16
1361.64
1361.64
1852.05
1852.05
788.32
788.32
2135.88
2135.88
2337.06
2337.06
2334.70
2334.70
2747.84
2747.84
197.33
197.33
2816.49
2816.49
2861.88
2861.88
3212.03
3212.03
2942.99
2942.99
1094.00
1094.00
3229.55
3229.55
3499.44
3499.44
2273.54
2273.54
3895.34
3895.34
3608.13
3608.13
4142.91
4142.91
328.00
328.00
1222.77
1222.77
4281.65
4281.65
3444.51
3444.51
4410.72
4410.72
5311.89
5311.89
4884.24
4884.24
4518.54
4518.54
1624.55
1624.55
16.25
16.25
14.15
14.15
828.29
828.29
2468.59
2468.59
2005.43
2005.43
2545.28
2545.28
3405.05
3405.05
6629.18
