# 1Hz Kbps trace generated by import_real_world_traces.py
1029.06
1698.40
713.01
2013.78
2013.78
2602.31
2602.31
549.25
549.25
562.83
379.64
2573.27
670.87
2461.99
19.73
19.73
2468.61
2468.61
2468.61
2620.59
2620.59
2214.41
2214.41
2549.65
2549.65
313.95
313.95
294.66
294.66
117.96
117.96
117.96
228.88
228.88
758.07
758.07
758.07
1582.13
1582.13
1582.13
314.45
2375.15
2375.15
2375.15
2375.15
781.87
781.87
1946.83
1946.83
1946.83
2315.08
2315.08
2315.08
2637.78
2637.78
2385.45
2385.45
2385.45
2385.45
367.03
367.03
2396.15
2396.15
39.90
39.90
760.92
760.92
804.61
804.61
312.04
312.04
677.89
677.89
746.81
746.81
440.22
440.22
2518.11
2518.11
1540.51
1540.51
1962.21
1962.21
1962.21
274.79
274.79
2548.43
2548.43
357.08
357.08
2653.31
2653.31
2548.55
2548.55
1408.23
1408.23
2529.02
2529.02
2083.05
2083.05
1851.96
1851.96
1851.96
770.84
770.84
1864.72
1864.72
2279.12
2279.12
1903.75
1903.75
433.07
433.07
2434.65
2434.65
2514.07
2514.07
2522.80
2522.80
583.73
583.73
2549.79
2549.79
1309.00
1309.00
562.88
562.88
2160.42
2160.42
2029.12
2029.12
2531.55
2531.55
2352.02
2352.02
2444.69
2444.69
2444.69
2485.52
2485.52
811.59
811.59
2452.70
2452.70
2558.03
2558.03
2523.00
2523.00
1877.61
1877.61
423.39
423.39
2664.20
2664.20
2546.64
2546.64
2642.15
2642.15
101.74
101.74
1983.71
1983.71
138.97
138.97
915.03
915.03
915.03
1839.03
1839.03
2287.33
2287.33
1893.14
1893.14
2459.09
2459.09
2459.09
78.70
78.70
134.98
134.98
2513.48
2513.48
1100.47
1100.47
2517.14
2517.14
2365.27
2365.27
2580.46
2580.46
86.08
86.08
1329.24
1329.24
1329.24
2161.68
2161.68
2584.16
2584.16
2584.16
2584.16
32.22
32.22
32.22
32.22
32.22
32.22
37.07
37.07
37.07
37.07
1087.31
39.42
39.42
844.58
844.58
2028.17
2028.17
355.00
355.00
2571.75
2571.75
2571.75
1869.22
1869.22
2546.65
2546.65
1693.12
1693.12
2500.74
2500.74
2500.74
615.11
615.11
730.00
730.00
261.89
261.89
172.12
172.12
172.12
1589.73
1589.73
1810.72
1810.72
37.33
37.33
209.30
209.30
31.37
31.37
31.37
1621.54
1621.54
140.02
140.02
10.00
10.00
13.91
13.91
132.35
132.35
2295.07
2295.07
2295.07
1850.73
1850.73
1478.22
1478.22
150.76
150.76
2510.44
2510.44
2510.44
2478.04
2478.04
1870.17
1870.17
264.68
264.68
2540.83
2540.83
1397.01
1397.01
201.39
201.39
2565.33
2565.33
2565.33
2565.33
2565.33
2565.33
1060.85
1060.85
1060.85
1060.85
1549.25
1549.25
2172.51
2551.03
2648.16
2648.16
2313.86
2313.86
1847.97
1847.97
2507.28
2507.28
2382.24
2382.24
1985.37
1985.37
2005.50
2005.50
2005.50
680.22
680.22
2569.99
2569.99
2569.99
2371.12
2371.12
1983.71
1983.71
1754.93
1754.93
2589.34
2589.34
1980.21
1980.21
2432.98
2432.98
2583.40
2583.40
2337.59
2337.59
2530.37
2530.37
2530.37
2530.37
2282.16
2282.16
2495.80
2495.80
2502.89
2502.89
1817.69
1817.69
2607.84
2607.84
2603.95
2603.95
1891.22
1891.22
1891.15
1891.15
2565.97
2375.46
2375.46
2375.46
2204.96
2204.96
2486.08
2486.08
2207.59
2207.59
2468.22
2468.22
2524.48
2524.48
1940.36
1940.36
2293.91
2293.91
2430.19
2430.19
2256.44
2256.44
2551.38
2551.38
1814.75
2604.14
2604.14
2604.14
2557.90
2557.90
2344.06
2344.06
1858.87
1858.87
1858.87
1858.87
2334.66
2334.66
2507.01
2507.01
2467.61
2467.61
2467.61
2467.61
2395.95
2395.95
2547.82
2547.82
1919.98
1794.13
1794.13
1794.13
1750.58
1750.58
1908.52
1908.52
2453.00
2453.00
2453.00
2453.00
753.38
753.38
2454.32
2454.32
2174.69
2174.69
2535.59
2535.59
2535.59
2535.59
1660.14
1660.14
1000.11
1000.11
2096.02
2096.02
2423.88
2423.88
1732.77
1732.77
1711.33
1711.33
1923.74
1923.74
2491.49
2491.49
1885.79
1885.79
1009.74
1009.74
1009.74
1726.16
1726.16
2381.57
2381.57
2224.31
2224.31
1840.12
1840.12
730.39
730.39
434.47
434.47
434.47
2224.30
2224.30
1817.29
1817.29
2538.59
2538.59
2563.99
2563.99
1940.29
1940.29
2567.12
2567.12
2590.99
2590.99
2590.99
658.28
658.28
393.60
393.60
393.60
2585.19
2585.19
2450.52
2450.52
2450.52
1361.69
1361.69
1261.26
1261.26
36.01
36.01
206.61
206.61
113.80
113.80
301.11
301.11
2246.67
2246.67
2366.86
2366.86
2444.85
2444.85
1054.69
1054.69
2540.36
2540.36
2487.25
2487.25
2487.25
700.61
700.61
1142.94
1142.94
2025.48
2025.48
1730.27
1730.27
788.58
788.58
2446.68
2446.68
2523.22
2523.22
2336.68
2336.68
2573.52
2573.52
776.72
776.72
1863.85
1863.85
1826.29
1826.29
1826.29
2432.50
2432.50
328.34
328.34
467.08
467.08
2468.61
2468.61
2468.61
1277.81
1277.81
493.28
493.28
2432.06
2432.06
240.65
240.65
1336.65
1336.65
1336.65
231.41
231.41
2218.01
2218.01
771.07
771.07
2531.41
2531.41
2226.29
2226.29
393.56
393.56
393.56
948.50
948.50
780.43
780.43
2370.74
2370.74
1848.72
1848.72
2334.77
2334.77
19.44
19.44
2141.38
2141.38
950.70
950.70
752.79
752.79
2415.60
2415.60
417.68
417.68
1882.96
1882.96
850.05
850.05
775.09
775.09
1001.52
1001.52
277.05
277.05
2649.26
2649.26
2649.26
1691.25
1691.25
938.43
938.43
2399.68
2399.68
692.91
692.91
692.91
2034.66
2034.66
2684.92
2684.92
688.86
688.86
2035.19
2035.19
2035.19
2735.41
2735.41
2509.16
2509.16
1553.55
1553.55
751.61
751.61
206.16
206.16
49.69
49.69
796.61
796.61
796.61
715.45
715.45
534.68
534.68
2629.94
2629.94
2629.94
291.38
291.38
2625.03
2625.03
427.42
427.42
1216.55
1216.55
2560.87
2560.87
2560.87
2560.87
2560.87
66.96
2505.70
2505.70
2505.70
721.64
721.64
225.86
225.86
750.80
750.80
2357.06
2357.06
215.27
215.27
2379.52
2379.52
2569.75
2569.75
636.74
636.74
2364.69
2364.69
797.37
797.37
2355.35
2355.35
2490.25
2490.25
2490.25
2538.65
2538.65
1945.67
1945.67
2368.35
2368.35
2434.97
2434.97
780.42
780.42
588.27
588.27
1910.70
1910.70
1910.70
2160.17
2160.17
2363.55
2363.55
2363.55
2245.85
2245.85
2598.14
2598.14
578.87
578.87
2368.49
2368.49
1927.86
1927.86
1927.86
2631.07
2631.07
2578.32
2578.32
1940.80
1940.80
2574.03
2574.03
2437.87
2437.87
2437.87
2400.88
2400.88
1804.40
1804.40
2263.92
2263.92
1969.71
1969.71
1969.71
2485.34
2485.34
2536.79
2536.79
1885.20
1885.20
2319.83
2319.83
2505.90
2505.90
2048.92
2048.92
2480.41
2480.41
2402.03
2402.03
2510.76
2510.76
2443.76
2443.76
2633.00
2633.00
2520.34
2520.34
2521.64
2521.64
2556.07
2556.07
2525.43
2525.43
2528.43
2528.43
1838.13
1838.13
945.86
945.86
945.86
652.33
652.33
1926.13
1926.13
2528.57
2528.57
177.12
177.12
2615.18
2615.18
2501.35
2501.35
2506.26
2506.26
2619.64
2619.64
1781.15
1781.15
1761.09
1761.09
2577.30
2577.30
2470.71
2470.71
2257.94
2257.94
2501.68
2501.68
1851.01
1851.01
2579.53
2579.53
470.16
470.16
2585.57
2585.57
1857.07
1857.07
2541.90
2541.90
2528.49
2528.49
2354.08
2354.08
2401.73
2401.73
2401.73
2131.26
2131.26
1776.89
1776.89
2606.60
2606.60
1967.42
1967.42
2586.72
2586.72
2558.92
2558.92
2523.72
2523.72
2523.72
2055.09
2055.09
1764.78
1764.78
39.18
39.18
2594.22
2594.22
2366.67
2366.67
2589.96
2589.96
2521.74
2521.74
1845.11
1845.11
2179.80
2179.80
219.47
777.17
777.17
777.17
1977.32
1977.32
436.74
436.74
799.75
799.75
10.00
10.00
969.48
969.48
160.53
160.53
1701.24
1701.24
110.17
110.17
1610.27
1610.27
58.46
58.46
2655.24
2655.24
1894.53
1894.53
10.00
10.00
2157.25
2157.25
2286.76
2286.76
2638.72
2638.72
2223.46
2223.46
2595.08
2595.08
2559.76
2559.76
1966.60
1966.60
2562.74
2562.74
135.35
135.35
2399.15
2399.15
2611.03
2611.03
2593.55
2593.55
1834.83
1834.83
604.67
604.67
2392.97
2392.97
1745.40
1745.40
345.35
345.35
386.13
386.13
278.92
278.92
1347.16
1347.16
684.92
684.92
2469.54
2469.54
2666.95
2666.95
2666.95
1729.76
1729.76
1947.52
1947.52
2662.95
2662.95
2528.45
2528.45
312.71
312.71
312.71
2516.72
981.34
981.34
981.34
2494.98
2494.98
2600.86
2600.86
2600.86
2546.96
2546.96
1363.16
1363.16
676.07
676.07
1245.75
1245.75
1978.66
1978.66
485.64
485.64
485.64
820.81
820.81
157.28
157.28
157.28
2455.96
2455.96
1016.30
1016.30
2533.15
2533.15
2534.05
2534.05
2452.11
2452.11
2495.12
2495.12
623.03
623.03
2504.49
2504.49
2504.49
129.01
129.01
117.97
117.97
1384.91
1384.91
1384.91
2515.55
2515.55
2515.55
35.94
35.94
2535.60
2203.81
2203.81
1536.23
1536.23
1065.67
1065.67
950.52
950.52
423.81
423.81
560.42
560.42
290.39
290.39
290.39
100.34
100.34
39.69
39.69
152.53
152.53
2613.74
2613.74
2447.11
2447.11
408.95
408.95
556.56
556.56
303.23
303.23
60.62
60.62
280.61
280.61
280.61
379.93
379.93
1239.06
1239.06
765.96
765.96
742.69
742.69
214.81
214.81
728.33
728.33
127.72
127.72
429.07
429.07
10.00
10.00
10.00
20.07
20.07
288.09
288.09
176.87
176.87
590.92
590.92
133.11
133.11
781.70
781.70
2000.23
2000.23
2000.23
2000.23
2000.23
995.52
995.52
995.52
995.52
995.52
475.92
475.92
475.92
475.92
459.99
459.99
1890.25
1890.25
2218.85
2218.85
2426.47
2426.47
2464.98
2464.98
2464.98
58.97
58.97
202.92
202.92
10.00
10.00
1316.95
1316.95
1316.95
458.19
458.19
1228.31
1228.31
2339.44
2339.44
1835.41
1835.41
2104.15
2104.15
10.00
10.00
39.32
39.32
79.16
79.16
79.16
150.47
150.47
79.43
79.43
100.70
100.70
1361.97
1361.97
1361.97
2419.06
2419.06
2529.88
2529.88
2441.30
2441.30
2532.71
2532.71
2532.71
2092.10
2092.10
2597.98
2597.98
134.76
134.76
134.76
405.36
405.36
405.36
405.36
405.36
405.36
405.36
405.36
561.25
561.25
561.25
561.25
561.25
561.25
561.25
781.56
781.56
781.56
695.35
695.35
240.83
240.83
240.83
240.83
200.47
2253.19
2881.07
2239.72
2239.72
317.74
317.74
317.74
1317.09
1317.09
924.88
924.88
2279.74
2279.74
281.31
281.31
329.13
329.13
77.62
77.62
40.56
40.56
454.56
454.56
2452.55
2452.55
2409.16
2409.16
2372.73
2372.73
2485.19
2485.19
754.21
754.21
754.21
278.26
278.26
1259.81
1259.81
750.60
750.60
1674.60
1674.60
10.00
10.00
242.10
242.10
242.10
234.63
234.63
2518.04
2518.04
2518.04
2300.16
2300.16
137.52
39.74
39.74
39.74
160.25
160.25
162.14
162.14
253.28
253.28
1495.03
1495.03
568.88
568.88
1004.78
1004.78
2532.37
2532.37
2564.91
2564.91
2630.83
2630.83
10.00
10.00
1640.26
1640.26
1640.26
77.69
77.69
93.59
93.59
502.77
502.77
2455.71
2455.71
1792.73
1792.73
1792.73
2270.13
2270.13
2349.86
2349.86
2566.89
2566.89
497.42
497.42
2331.39
2331.39
97.76
97.76
399.90
399.90
956.34
956.34
2624.13
2624.13
385.88
385.88
1090.58
1090.58
2495.38
2495.38
2495.38
1928.38
1928.38
2088.80
2088.80
2585.60
2585.60
2183.80
2183.80
1953.40
1953.40
2357.00
2357.00
2357.00
2471.47
2471.47
2155.31
2155.31
2155.31
2155.31
2556.36
2556.36
2444.00
2444.00
2444.00
2444.00
2444.00
2507.88
2507.88
2582.84
2582.84
2582.84
2539.76
2539.76
2509.27
2509.27
1247.17
1247.17
2357.58
2357.58
676.92
676.92
1858.38
1858.38
2572.66
2572.66
2572.66
2223.08
2223.08
2298.03
2298.03
1768.81
1768.81
1768.81
2564.45
2564.45
2514.35
2514.35
2514.35
2485.85
2386.82
2386.82
2386.82
2361.25
2361.25
2024.77
2024.77
2024.77
601.16
601.16
944.99
944.99
1306.87
1306.87
1671.56
1671.56
2564.11
2564.11
2557.26
2557.26
2557.26
1927.68
1927.68
2399.64
2399.64
2428.28
2428.28
2179.15
2179.15
1917.03
1917.03
2557.77
2557.77
2536.29
2536.29
1087.24
1087.24
2529.84
2529.84
2425.90
2425.90
2331.34
2331.34
1912.49
1912.49
2412.02
2412.02
2328.64
2328.64
2328.64
748.00
748.00
2226.15
2226.15
2030.51
2030.51
2030.51
95.72
95.72
1449.84
1449.84
2582.71
2582.71
2532.23
2532.23
2268.26
2268.26
2311.54
2311.54
1802.31
1802.31
1866.14
1866.14
2556.88
2556.88
2584.25
2584.25
2187.67
2187.67
1902.83
1902.83
933.86
933.86
2544.14
2544.14
2254.54
2254.54
2546.89
2546.89
2494.39
2494.39
2222.25
2222.25
1992.37
1992.37
1992.37
2468.80
2262.48
2262.48
2262.48
2571.99
2571.99
2406.31
2406.31
2378.31
2378.31
59.54
59.54
137.78
137.78
1229.62
1229.62
962.63
962.63
2447.98
2447.98
1931.35
1931.35
1931.35
1931.35
2648.53
2648.53
332.00
332.00
2123.04
2123.04
2541.14
2541.14
2546.00
2546.00
919.86
919.86
2156.23
2156.23
2577.09
2577.09
117.79
117.79
117.79
2061.24
2061.24
2061.24
2061.24
1754.76
1754.76
139.45
139.45
1958.01
1958.01
93.80
93.80
10.00
10.00
2540.42
2540.42
603.26
603.26
2625.99
2625.99
855.33
855.33
1162.12
1162.12
684.54
684.54
209.78
209.78
1133.93
1133.93
26.96
26.96
2474.02
2474.02
13.91
13.91
2516.63
2516.63
2476.22
2476.22
2639.58
2639.58
1650.79
1650.79
828.06
828.06
443.63
443.63
792.16
792.16
1075.51
1075.51
472.11
472.11
247.88
247.88
2640.85
2640.85
1778.04
1778.04
539.26
539.26
983.30
983.30
1084.38
1084.38
2423.93
2423.93
2500.24
2500.24
1054.59
1054.59
2306.52
2306.52
1057.90
1057.90
319.63
319.63
234.68
234.68
139.10
139.10
989.70
989.70
1603.45
1603.45
2564.93
2564.93
1509.81
1509.81
1509.81
295.53
295.53
427.36
427.36
427.36
76.62
76.62
971.92
971.92
680.00
680.00
1822.09
1822.09
561.83
561.83
1944.47
1944.47
2491.05
2491.05
2190.05
2190.05
2468.19
2468.19
1119.91
1119.91
2518.33
2518.33
169.97
169.97
92.41
92.41
546.25
546.25
797.00
797.00
1755.01
1755.01
10.00
10.00
211.86
211.86
211.86
698.94
698.94
834.88
834.88
176.97
176.97
1179.29
1179.29
111.60
111.60
86.97
86.97
86.97
1806.12
1806.12
2567.23
2567.23
2464.99
2464.99
2325.19
2325.19
2374.89
2374.89
2404.18
2404.18
177.47
177.47
177.47
1732.06
1732.06
274.00
274.00
114.19
114.19
512.27
512.27
37.40
37.40
79.40
79.40
79.40
1742.46
1742.46
418.73
418.73
418.73
118.39
118.39
1752.23
1752.23
1752.23
1752.23
291.28
291.28
1869.66
1869.66
1694.31
1694.31
1694.31
2615.00
2615.00
2595.33
2595.33
2595.33
2374.76
2374.76
2155.46
2155.46
121.23
121.23
178.86
178.86
504.08
504.08
504.08
2443.32
2443.32
497.03
497.03
497.03
2376.26
2376.26
2369.93
2369.93
975.68
975.68
975.68
1097.92
1097.92
1097.92
1097.92
1097.92
1220.50
1220.50
424.06
424.06
424.06
424.06
424.06
616.69
616.69
616.69
616.69
1449.40
1449.40
1844.16
1844.16
2570.95
2570.95
2570.95
818.12
818.12
818.12
788.46
788.46
2596.53
2596.53
177.23
177.23
612.57
612.57
612.57
57.81
57.81
413.18
413.18
2474.16
2474.16
2474.16
2474.16
981.21
981.21
2550.39
2550.39
2143.29
2143.29
2547.22
2547.22
2547.22
2341.97
2341.97
972.15
972.15
583.01
583.01
1724.21
1724.21
867.07
867.07
39.39
39.39
2171.43
2171.43
317.46
317.46
317.46
156.74
156.74
882.45
882.45
882.45
756.67
756.67
614.46
614.46
2656.83
2656.83
2656.83
2000.70
2000.70
2265.48
2265.48
2265.48
2265.48
2265.48
2464.74
2464.74
2401.43
2401.43
2401.43
2401.43
2401.43
2401.43
781.96
781.96
2256.58
2256.58
2217.78
2217.78
2186.63
2186.63
2438.30
2438.30
2438.30
1571.01
1571.01
1571.01
2341.38
2341.38
2301.12
2050.19
2050.19
2050.19
2379.30
2379.30
2338.85
2338.85
2062.59
2062.59
2283.65
2283.65
2283.65
2532.00
2532.00
1926.32
1926.32
2220.87
2220.87
2220.87
2296.04
2296.04
1379.35
1379.35
995.03
995.03
995.03
2484.23
2484.23
2508.13
2508.13
1572.87
1572.87
1958.95
1958.95
1958.95
2515.04
2515.04
910.47
910.47
2336.38
2336.38
2356.55
2356.55
2307.86
2307.86
2552.88
2552.88
2559.55
2559.55
2559.55
2142.75
2142.75
2524.32
2524.32
1832.15
1832.15
2261.15
2261.15
775.01
775.01
1393.80
1393.80
510.06
510.06
2208.79
2208.79
2208.79
1835.76
1835.76
2496.85
2496.85
2496.85
1113.11
1113.11
2374.82
2374.82
1826.07
1826.07
2683.18
2683.18
2363.77
2363.77
2095.43
2095.43
2095.43
192.60
192.60
157.23
157.23
2119.39
2119.39
2015.97
2015.97
2015.97
2015.97
2323.96
2323.96
840.54
840.54
2530.11
2530.11
1800.25
1800.25
1800.25
2417.96
2417.96
2272.40
2272.40
360.65
360.65
816.77
816.77
1041.53
1041.53
702.78
702.78
702.78
158.08
158.08
1273.57
1273.57
19.86
19.86
2062.75
2062.75
1326.44
1326.44
2590.65
2590.65
2590.65
2590.65
2386.59
2386.59
2386.59
1744.65
1744.65
732.84
732.84
2587.40
2587.40
172.41
172.41
172.41
261.96
261.96
790.25
790.25
160.19
160.19
10.00
10.00
1517.37
1517.37
534.44
534.44
2596.61
2596.61
2046.65
2046.65
546.17
546.17
466.52
466.52
2101.27
2101.27
772.24
772.24
1635.45
1635.45
1921.49
1921.49
2310.12
2310.12
1836.60
1836.60
37.95
37.95
2137.34
2137.34
1380.63
1380.63
247.09
247.09
713.48
713.48
1143.69
1143.69
589.19
589.19
12.60
12.60
2137.74
2137.74
2441.76
2441.76
1815.22
1815.22
966.40
966.40
77.85
77.85
2467.71
2467.71
769.16
769.16
140.94
140.94
2577.75
2577.75
870.82
870.82
883.29
883.29
708.09
708.09
436.60
436.60
510.88
510.88
2236.15
2236.15
2328.51
2328.51
2459.13
2459.13
696.11
696.11
2532.86
2532.86
2388.53
2388.53
1422.40
1422.40
2550.20
2550.20
480.38
480.38
2361.22
2361.22
2361.22
2369.88
2369.88
1848.45
1848.45
2222.50
2222.50
1923.43
1923.43
2538.31
2538.31
2418.55
2418.55
2518.93
2518.93
2543.84
2543.84
2519.42
2519.42
2589.09
2589.09
2539.25
2539.25
1848.13
1848.13
1569.68
1569.68
2556.55
2556.55
2074.55
2074.55
2443.00
2443.00
2308.57
2308.57
1853.30
1853.30
2402.52
2402.52
1735.60
1735.60
2527.12
2527.12
28.09
28.09
1794.86
1794.86
2530.68
2530.68
2336.71
2336.71
2379.30
2379.30
1750.77
1750.77
1829.49
1829.49
2500.81
2500.81
2615.89
2615.89
688.64
688.64
688.64
2404.70
2404.70
975.90
2540.72
2540.72
2540.72
2557.79
2557.79
2457.92
2457.92
2564.78
2564.78
2115.94
2115.94
2568.98
2568.98
675.14
675.14
1887.07
1887.07
1887.07
2564.82
2564.82
2555.45
2555.45
2555.45
1936.59
1936.59
324.20
324.20
2432.65
2432.65
2499.11
2499.11
1934.09
1934.09
1934.09
899.53
899.53
422.04
422.04
1963.51
1963.51
2246.31
2246.31
1793.61
1793.61
1912.27
1912.27
2535.18
2535.18
1849.14
1830.33
1830.33
1830.33
2594.73
2594.73
2195.05
2195.05
2371.91
2371.91
2414.85
2414.85
2570.07
2570.07
1862.39
1862.39
616.64
616.64
523.50
523.50
56.46
56.46
56.46
737.90
737.90
2552.66
2552.66
960.93
960.93
2515.82
2515.82
765.00
765.00
2443.58
2443.58
2443.58
1937.16
1937.16
2406.67
2406.67
2409.50
2409.50
466.30
466.30
466.30
132.69
132.69
640.38
640.38
119.52
119.52
1766.70
1766.70
2612.15
2612.15
2041.48
2041.48
2586.40
2586.40
766.82
766.82
1762.59
1762.59
1539.81
1539.81
1539.81
1539.81
2239.15
2239.15
1104.61
1104.61
230.73
230.73
39.44
39.44
2360.22
2360.22
1214.81
1214.81
2561.70
2561.70
250.35
250.35
2597.05
2597.05
2597.05
2597.05
2337.55
2337.55
338.14
338.14
2072.13
2072.13
922.39
922.39
1590.21
1590.21
319.59
319.59
39.34
39.34
485.97
485.97
233.33
233.33
2353.03
2353.03
2535.00
2535.00
1785.49
1785.49
1785.49
1808.63
1808.63
2183.64
2183.64
2262.20
2262.20
393.65
393.65
785.75
785.75
132.54
132.54
448.83
448.83
696.86
696.86
251.54
251.54
496.78
496.78
1056.55
1056.55
2602.90
2602.90
1437.12
1437.12
1067.98
1067.98
178.05
178.05
10.00
10.00
39.73
39.73
831.32
831.32
1162.00
1162.00
1219.94
1219.94
818.38
818.38
316.94
316.94
61.07
61.07
60.46
60.46
786.59
786.59
308.25
308.25
2563.13
2563.13
1642.64
1642.64
2511.98
2511.98
2479.29
2479.29
2260.54
2260.54
715.35
715.35
883.04
883.04
77.77
77.77
422.90
422.90
117.92
117.92
553.18
553.18
2328.73
2328.73
2534.25
2534.25
1779.54
1779.54
2504.40
2504.40
773.25
773.25
390.64
390.64
675.38
675.38
682.38
682.38
1568.95
1568.95
784.24
784.24
77.83
77.83
1988.31
1988.31
2331.67
2331.67
25.86
25.86
231.94
231.94
350.30
350.30
135.78
135.78
356.55
356.55
671.94
671.94
100.30
100.30
668.29
668.29
76.35
76.35
2257.00
2257.00
80.19
80.19
13.40
13.40
13.40
10.00
10.00
10.00
1206.38
1206.38
1206.38
1215.27
2512.78
2512.78
2512.78
2534.80
2534.80
583.57
583.57
1680.41
1680.41
933.08
933.08
933.08
1912.97
1912.97
2300.40
2300.40
2300.40
13.75
13.75
378.83
378.83
378.83
10.00
10.00
1763.18
1763.18
1763.18
802.93
802.93
59.43
59.43
106.62
106.62
292.23
292.23
201.82
201.82
2665.10
2665.10
39.21
39.21
39.21
334.43
334.43
159.90
159.90
533.90
533.90
178.67
178.67
178.67
142.42
142.42
79.99
79.99
79.99
508.33
508.33
195.93
195.93
337.14
337.14
840.13
840.13
1210.42
1210.42
1210.42
51.45
51.45
2556.64
2556.64
2491.48
2491.48
1370.53
1370.53
1370.53
1991.29
1991.29
582.16
582.16
2230.97
2230.97
1721.75
1721.75
1721.75
1721.75
2442.75
2442.75
453.17
453.17
453.17
10.00
10.00
79.74
79.74
121.34
121.34
822.28
822.28
822.28
822.28
822.28
822.28
822.28
822.28
822.28
822.28
822.28
10.00
10.00
10.00
432.14
432.14
19.66
19.66
236.72
236.72
732.98
732.98
2434.39
2434.39
2550.24
2550.24
2423.06
2423.06
1628.97
1628.97
10.00
10.00
2523.74
2523.74
2523.74
2523.74
585.21
585.21
10.00
10.00
2555.11
2555.11
142.68
142.68
819.29
819.29
872.28
872.28
872.28
386.23
386.23
2504.96
2504.96
2504.96
664.31
664.31
1187.47
1187.47
2666.60
2666.60
937.29
937.29
937.29
573.07
573.07
1728.20
1728.20
899.48
899.48
408.85
408.85
549.71
549.71
1754.07
1754.07
122.09
122.09
849.84
849.84
2380.96
2380.96
2552.09
2552.09
929.74
929.74
2353.60
2353.60
887.86
887.86
887.86
401.61
401.61
239.92
239.92
239.92
978.01
978.01
978.01
261.03
355.81
355.81
1816.62
1816.62
873.26
119.99
119.99
119.99
760.53
760.53
789.22
789.22
789.22
789.22
789.22
873.83
873.83
873.83
873.83
873.83
873.83
873.83
480.03
480.03
480.03
480.03
480.03
480.03
480.03
480.03
480.03
447.72
447.72
447.72
447.72
447.72
447.72
1728.05
2197.36
584.38
165.44
10.00
101.45
101.45
20.20
20.20
215.55
215.55
478.06
478.06
139.01
139.01
139.01
99.39
99.39
99.39
18.52
18.52
18.52
776.65
776.65
510.39
510.39
348.86
348.86
39.74
39.74
1381.01
1381.01
236.88
236.88
236.88
1385.86
1385.86
1296.16
1296.16
275.26
275.26
905.64
905.64
905.64
2364.50
2364.50
2469.24
2469.24
2469.24
2346.27
2346.27
2602.11
2602.11
2442.03
2442.03
2442.03
2107.78
2107.78
2220.73
2220.73
39.30
39.30
153.04
153.04
212.48
212.48
212.48
122.04
122.04
122.04
10.00
1506.75
1506.75
1506.75
1050.60
1050.60
1050.60
238.87
238.87
238.87
586.31
586.31
586.31
586.31
586.31
586.31
586.31
586.31
586.31
586.31
586.31
51.91
51.91
157.03
157.03
20.07
20.07
20.07
20.07
648.28
648.28
648.28
38.97
38.97
79.14
79.14
79.14
199.98
199.98
1445.12
1445.12
40.00
40.00
19.78
19.78
39.72
39.72
39.72
39.72
1386.61
2574.26
2574.26
2454.63
2454.63
2454.63
394.26
394.26
394.26
2163.73
2163.73
2163.73
1890.87
1890.87
2103.97
2103.97
1334.62
1334.62
1334.62
1268.72
1268.72
1268.72
1087.98
1087.98
1087.98
1528.06
1528.06
422.55
2282.09
572.79
572.79
19.65
19.65
2187.49
2187.49
1930.25
1930.25
2541.35
2541.35
648.41
648.41
2328.38
2328.38
2328.38
2328.38
2328.38
2328.38
2328.38
2328.38
2390.03
2390.03
2390.03
2182.10
2182.10
2565.84
2565.84
2430.93
2430.93
2430.93
2011.56
2011.56
2011.56
2160.34
2160.34
2160.34
2518.41
2518.41
1016.93
1016.93
1860.52
1860.52
938.40
938.40
1984.18
1984.18
1984.18
2561.62
2561.62
2354.19
2354.19
200.81
200.81
435.70
435.70
2460.65
2460.65
2460.65
1903.84
1903.84
262.61
262.61
440.76
440.76
440.76
2543.58
2543.58
2580.25
2580.25
2564.51
2564.51
2564.51
2564.51
20.20
20.20
20.20
20.20
2048.46
2048.46
2283.54
2283.54
2283.54
2581.86
2581.86
2581.86
1475.87
1475.87
1475.87
1304.31
1304.31
2410.89
2410.89
2248.87
2248.87
2248.87
1469.89
1469.89
95.74
95.74
775.47
775.47
2165.27
2165.27
2165.27
2574.33
2574.33
2506.81
2506.81
2578.86
2578.86
2578.86
1922.78
1922.78
2482.69
2482.69
797.57
797.57
1624.46
1624.46
1624.46
1624.46
1624.46
1624.46
1852.49
1852.49
488.47
488.47
488.47
1617.22
1617.22
316.03
316.03
316.03
316.03
2653.95
2653.95
431.82
431.82
431.82
511.43
511.43
416.40
416.40
416.40
595.89
595.89
59.57
59.57
334.14
334.14
256.56
256.56
2611.80
2611.80
646.95
646.95
646.95
417.92
417.92
204.27
204.27
1330.81
1330.81
475.36
475.36
2352.72
2352.72
2352.72
2359.89
2359.89
2670.12
2670.12
1001.61
1001.61
2249.98
2249.98
2068.89
2068.89
64.26
64.26
643.77
643.77
1113.35
1113.35
1113.35
1205.58
1205.58
2617.70
2617.70
2366.20
2366.20
60.29
60.29
60.29
949.23
949.23
949.23
949.23
949.23
58.41
58.41
58.41
58.41
58.41
58.41
242.63
342.56
835.23
835.23
835.23
260.12
260.12
579.77
579.77
579.77
237.01
1139.67
1139.67
1139.67
1073.26
1073.26
1073.26
1073.26
407.88
407.88
367.40
367.40
2296.57
2296.57
2196.07
2196.07
120.47
120.47
1577.48
1577.48
2173.01
2173.01
2173.01
1125.25
1125.25
77.21
77.21
77.21
109.17
109.17
241.83
241.83
241.83
121.72
121.72
121.72
121.72
776.99
