# 1Hz Kbps trace generated by import_real_world_traces.py
1429.43
3325.92
1677.05
288.59
288.59
1815.74
1815.74
1979.02
1979.02
214.26
214.26
36.37
36.37
2051.87
2051.87
1367.05
1367.05
439.36
439.36
2743.64
2743.64
1945.02
1945.02
1777.30
1777.30
1862.67
1862.67
1602.65
1602.65
3434.77
3434.77
178.99
178.99
1801.77
1801.77
1372.29
1372.29
2186.10
2186.10
2148.57
2148.57
594.71
594.71
80.14
80.14
56.62
56.62
939.96
939.96
409.92
409.92
38.94
38.94
65.01
65.01
10.00
10.00
1820.88
1820.88
1050.49
1050.49
345.03
345.03
1214.65
1214.65
1138.27
1138.27
521.64
521.64
823.81
823.81
374.46
374.46
1484.89
1484.89
723.88
723.88
262.31
262.31
2013.86
2013.86
1908.15
1908.15
290.92
290.92
148.04
148.04
2470.43
2470.43
2999.33
2999.33
2675.72
2675.72
212.26
212.26
29.45
29.45
135.04
135.04
328.57
328.57
3771.80
3771.80
1042.19
1042.19
1384.75
1384.75
274.18
274.18
688.10
688.10
3509.03
3509.03
4113.11
4113.11
2918.78
2918.78
51.37
51.37
113.47
113.47
4385.71
4385.71
2793.30
2793.30
385.71
385.71
42.41
42.41
162.78
162.78
3031.40
3031.40
307.47
307.47
2474.20
2474.20
3652.01
3652.01
631.33
631.33
384.74
384.74
312.36
312.36
2275.52
2275.52
658.92
658.92
2074.72
2074.72
193.19
193.19
759.75
759.75
1350.91
1350.91
75.64
75.64
510.56
510.56
506.86
506.86
506.86
791.51
551.87
551.87
493.17
493.17
289.46
289.46
309.75
309.75
10.10
10.10
615.63
615.63
557.37
557.37
557.37
763.66
1040.48
1040.48
1001.69
1001.69
811.57
811.57
744.43
744.43
352.29
352.29
352.29
352.29
10.00
10.00
96.77
96.77
622.15
622.15
680.46
680.46
381.42
381.42
13.37
13.37
447.98
447.98
116.10
116.10
213.19
213.19
597.93
597.93
664.11
664.11
64.55
64.55
528.64
528.64
455.65
455.65
513.00
513.00
614.15
614.15
519.34
519.34
140.00
140.00
486.22
486.22
509.92
509.92
38.13
38.13
580.22
580.22
580.22
580.22
580.22
580.22
580.22
268.85
268.85
268.85
465.48
411.78
411.78
779.04
779.04
650.02
103.51
471.44
471.44
506.84
531.61
531.61
64.84
64.84
64.84
13.90
13.90
294.70
294.70
45.30
45.30
358.96
358.96
280.05
280.05
306.75
306.75
101.09
653.70
1207.95
783.78
783.78
783.78
101.90
623.02
623.02
623.02
170.92
170.92
247.11
247.11
497.59
497.59
486.00
486.00
251.86
392.22
392.22
392.22
304.81
587.60
587.60
360.57
360.57
360.57
268.59
268.59
286.89
286.89
446.74
446.74
446.74
261.80
216.54
216.54
324.51
538.04
538.04
538.04
394.42
588.08
588.08
588.08
169.98
169.98
33.25
33.25
341.07
341.07
59.30
59.30
313.98
313.98
383.56
383.56
404.79
404.79
194.26
194.26
194.26
194.26
219.98
219.98
219.98
615.83
615.83
615.83
615.83
615.83
615.83
615.83
308.79
308.79
343.13
343.13
177.72
177.72
67.07
67.07
197.94
81.30
81.30
81.30
588.13
588.13
624.75
624.75
181.70
1014.64
1014.64
1014.64
506.97
506.97
1310.52
1310.52
2006.15
2006.15
1489.40
1489.40
1004.98
1004.98
1187.52
1187.52
1704.51
1704.51
760.67
760.67
705.75
705.75
778.16
778.16
729.57
729.57
729.57
978.17
917.49
917.49
943.55
744.38
744.38
744.38
973.16
973.16
796.17
796.17
21.48
815.55
815.55
815.55
1183.40
1034.42
1034.42
1034.42
776.31
683.51
683.51
605.53
605.53
605.53
310.65
132.43
132.43
132.43
976.28
976.28
773.68
773.68
1198.10
1198.10
1520.98
1520.98
2394.90
2394.90
2514.37
2514.37
2991.96
2991.96
1957.05
1957.05
736.74
736.74
885.54
885.54
690.03
690.03
690.03
690.03
690.03
690.03
690.03
690.03
690.03
510.14
510.14
563.86
563.86
554.88
554.88
23.47
672.71
672.71
859.02
918.19
918.19
1507.43
1507.43
707.63
707.63
434.62
