# 1Hz Kbps trace generated by import_real_world_traces.py
1796.79
2121.20
10.00
10.00
1947.29
935.91
1714.34
1714.34
1403.63
1403.63
10.00
10.00
1143.42
1143.42
560.14
560.14
12.25
12.25
1149.54
1149.54
699.39
699.39
1558.81
1558.81
760.61
760.61
1973.86
1973.86
802.37
802.37
300.46
300.46
2442.03
2442.03
617.56
617.56
2918.44
2918.44
2473.84
2473.84
1186.55
1186.55
37.70
37.70
1765.31
1765.31
1132.31
1132.31
467.27
467.27
1672.51
1672.51
1640.66
1640.66
947.30
947.30
1672.37
1672.37
507.81
507.81
2319.75
2319.75
2296.60
2296.60
3358.22
3358.22
18.53
18.53
12.96
12.96
2160.18
2160.18
2138.62
2138.62
1804.93
1804.93
168.63
168.63
52.45
52.45
1589.87
1589.87
518.00
518.00
2454.76
2454.76
11.97
11.97
1103.38
1103.38
2013.34
2013.34
701.09
701.09
1242.76
1242.76
669.68
669.68
68.64
68.64
392.95
392.95
664.67
664.67
13.41
13.41
671.08
671.08
559.89
559.89
1424.95
1424.95
202.53
202.53
43.39
