# 1Hz Kbps trace generated by import_real_world_traces.py
574.45
1290.86
2108.67
924.48
924.48
3010.02
3010.02
2665.59
2665.59
51.25
51.25
1918.45
1918.45
5159.05
5159.05
2128.47
2128.47
2128.47
3177.56
5236.32
5236.32
5236.32
149.54
149.54
1088.47
4266.24
4266.24
2735.02
2735.02
6185.49
6185.49
6185.49
36.81
418.09
418.09
67.88
67.88
321.02
321.02
321.02
881.24
228.49
228.49
228.49
3368.33
39.40
39.40
39.40
4211.02
4211.02
4579.02
53.60
53.60
194.34
194.34
194.34
48.19
1031.17
1031.17
10.00
10.00
98.90
98.90
42.56
42.56
42.56
101.78
4084.50
4084.50
4021.27
4021.27
10.00
10.00
10.00
766.58
4876.68
4876.68
430.12
430.12
430.12
34.98
34.98
54.45
54.45
54.45
54.45
2246.93
2824.36
2824.36
2824.36
5065.79
5065.79
10.00
77.68
77.68
77.68
251.54
251.54
10.00
158.93
158.93
781.12
781.12
163.39
163.39
163.39
33.68
25.75
25.75
10.00
10.00
10.00
1390.18
1390.18
4031.22
4031.22
4031.22
4031.22
4031.22
4031.22
4031.22
4031.22
4031.22
4031.22
4031.22
4388.40
4388.40
4388.40
89.45
89.45
11.39
1641.33
1641.33
1641.33
1641.33
4260.57
4260.57
3133.62
3133.62
3133.62
1902.61
15.39
15.39
10.00
10.00
10.00
3670.84
3670.84
3670.84
4174.85
4174.85
3825.73
3825.73
3825.73
3825.73
10.00
10.00
5789.23
5789.23
5789.23
15.47
6134.88
6134.88
6134.88
6134.88
6134.88
6134.88
6134.88
6134.88
6134.88
803.38
803.38
3588.30
3588.30
3588.30
5401.44
5401.44
484.55
484.55
484.55
17.04
1433.13
1433.13
5683.46
5683.46
5683.46
10.00
3265.69
3265.69
3265.69
4221.96
3682.87
3682.87
5077.60
5077.60
5077.60
17.56
757.34
757.34
4725.02
4725.02
4958.05
4958.05
4958.05
3730.61
3730.61
5616.11
4609.88
4609.88
4846.44
4846.44
2104.59
2104.59
2104.59
4670.30
2580.99
2580.99
2580.99
3618.23
3618.23
3377.81
3377.81
1646.66
1646.66
4151.30
4066.12
4066.12
4066.12
2225.25
2225.25
2418.36
2418.36
2418.36
2418.36
1130.12
1130.12
4566.09
496.49
496.49
496.49
81.34
81.34
54.80
54.80
323.65
323.65
764.80
764.80
10.00
10.00
2866.58
2866.58
76.25
76.25
14.70
14.70
23.00
23.00
1755.80
1755.80
4505.20
4505.20
170.29
170.29
22.37
22.37
2156.23
2156.23
94.74
94.74
2934.83
2934.83
63.80
63.80
40.79
40.79
730.14
730.14
500.43
500.43
625.47
625.47
40.18
40.18
17.03
17.03
2980.73
2980.73
116.25
116.25
16.10
16.10
5864.93
5864.93
5251.48
5251.48
25.04
25.04
30.36
30.36
5484.52
5484.52
4973.49
4973.49
786.78
786.78
27.92
27.92
1462.21
1462.21
5036.11
5036.11
11.49
11.49
1457.40
1457.40
103.28
103.28
858.81
858.81
284.71
284.71
184.89
184.89
25.72
25.72
640.59
640.59
90.44
90.44
484.64
484.64
87.71
87.71
201.65
201.65
10.00
10.00
14.61
14.61
2893.38
2893.38
696.19
696.19
3777.33
3777.33
4630.48
4630.48
26.41
26.41
2851.52
2851.52
10.00
10.00
204.61
204.61
5513.48
5513.48
295.48
295.48
2285.43
2285.43
1947.17
1947.17
21.03
21.03
5963.39
5963.39
108.41
108.41
10.00
10.00
103.28
103.28
3201.42
3201.42
447.24
447.24
3459.68
3459.68
10.00
10.00
3088.93
3088.93
360.20
360.20
58.96
58.96
4039.67
4039.67
2573.16
2573.16
22.65
22.65
10.00
10.00
80.81
80.81
12.63
12.63
825.56
825.56
41.55
41.55
57.95
57.95
238.66
238.66
113.17
113.17
1202.82
1202.82
165.43
165.43
31.32
31.32
2765.01
2765.01
1770.63
1770.63
393.62
393.62
11.49
11.49
789.60
789.60
10.00
10.00
10.00
10.00
16.95
16.95
404.86
404.86
566.33
566.33
3324.46
3324.46
2936.76
2936.76
636.88
636.88
4091.53
4091.53
1768.91
1768.91
4582.71
4582.71
1786.78
1786.78
2669.48
2669.48
56.95
56.95
39.86
39.86
5914.38
5914.38
81.53
81.53
593.22
593.22
27.07
27.07
2458.52
2458.52
1742.34
1742.34
73.19
73.19
3395.43
3395.43
1966.77
1966.77
4187.84
4187.84
3279.10
3279.10
4570.26
4570.26
3693.40
3693.40
15.05
15.05
494.84
494.84
5007.32
5007.32
5709.36
5709.36
19.04
19.04
1017.55
1017.55
5713.69
5713.69
334.65
334.65
5872.86
5872.86
6059.75
6059.75
6059.75
6059.75
4267.87
4267.87
88.51
88.51
5446.96
5446.96
4343.06
4343.06
823.69
823.69
21.77
21.77
1020.67
1020.67
15.72
15.72
35.31
35.31
2321.79
2321.79
794.62
794.62
30.07
30.07
231.08
231.08
99.52
99.52
461.70
461.70
854.22
854.22
1224.28
1224.28
16.24
16.24
91.68
91.68
3604.73
3604.73
6037.08
6037.08
2788.54
2788.54
4915.88
4915.88
58.55
58.55
10.00
10.00
1834.53
1834.53
73.59
73.59
7012.84
7012.84
4825.65
4825.65
6390.65
6390.65
11.43
11.43
2778.15
2778.15
680.71
680.71
2521.04
2521.04
21.38
21.38
20.57
20.57
484.90
484.90
70.39
70.39
43.59
43.59
6005.68
6005.68
158.47
158.47
3449.78
3449.78
267.39
267.39
1602.58
1602.58
4156.72
4156.72
5217.00
5217.00
55.51
55.51
202.46
202.46
5361.46
5361.46
88.20
88.20
5412.83
5412.83
561.74
561.74
61.18
61.18
209.53
209.53
4708.12
4708.12
972.33
972.33
10.00
10.00
16.74
16.74
16.65
16.65
374.96
374.96
1030.41
1030.41
639.75
639.75
732.04
732.04
825.23
825.23
548.28
548.28
50.17
50.17
5244.60
5244.60
5049.70
5049.70
321.97
321.97
540.37
540.37
786.11
786.11
124.47
124.47
28.79
28.79
268.11
268.11
5865.15
5865.15
2898.59
2898.59
19.63
19.63
40.22
40.22
48.12
48.12
7425.43
7425.43
10.00
10.00
3673.27
3673.27
6319.24
6319.24
2271.53
2271.53
65.96
65.96
157.39
157.39
3520.89
3520.89
81.05
81.05
2718.91
2718.91
786.99
786.99
6056.87
6056.87
445.07
445.07
12.69
12.69
2423.37
2423.37
530.16
530.16
6935.40
6935.40
512.54
512.54
10.00
10.00
282.04
282.04
825.66
825.66
151.00
151.00
445.99
445.99
12.91
12.91
43.41
43.41
17.47
17.47
699.73
699.73
5479.46
5479.46
553.41
553.41
135.74
135.74
11.61
11.61
5495.01
5495.01
391.88
391.88
619.64
619.64
116.87
116.87
12.87
12.87
4896.85
4896.85
17.12
17.12
66.26
66.26
52.45
52.45
6531.70
6531.70
43.99
43.99
6776.09
6776.09
10.00
10.00
838.42
838.42
5185.89
5185.89
892.64
892.64
342.82
342.82
46.70
46.70
29.17
29.17
1879.58
1879.58
588.29
588.29
790.03
790.03
2738.93
2738.93
4955.21
4955.21
2147.60
2147.60
2312.36
2312.36
6112.70
6112.70
1559.14
1559.14
34.10
34.10
1304.50
1304.50
3353.26
3353.26
3353.26
3353.26
3353.26
3353.26
33.76
33.76
4065.48
4065.48
1941.83
1941.83
2275.05
2275.05
4067.44
4067.44
2092.46
2092.46
2092.46
2092.46
5157.87
5157.87
432.42
432.42
828.10
828.10
2609.52
2609.52
382.28
382.28
131.16
131.16
3622.16
3622.16
278.79
278.79
10.00
10.00
2565.58
2565.58
5372.87
5372.87
718.09
718.09
1225.54
1225.54
3713.94
3713.94
13.92
13.92
1458.22
1458.22
305.41
305.41
1811.29
1811.29
1718.58
1718.58
1718.58
1718.58
1277.94
1277.94
1701.70
1701.70
570.58
570.58
2021.47
2021.47
2370.71
2370.71
2370.71
2370.71
2692.34
2692.34
943.07
943.07
10.00
10.00
509.64
509.64
699.38
699.38
3075.08
3075.08
1522.55
1522.55
3221.45
3221.45
10.00
10.00
1351.52
1351.52
38.86
38.86
3801.18
3801.18
3801.18
3801.18
3801.18
3801.18
3801.18
3801.18
3801.18
3801.18
3801.18
3801.18
3801.18
3801.18
3801.18
3801.18
1618.57
1618.57
2660.62
2660.62
137.07
137.07
113.64
113.64
3436.20
3436.20
4072.03
4072.03
5650.22
5650.22
1335.15
1335.15
2256.45
2256.45
6822.71
6822.71
48.87
48.87
5133.82
5133.82
3618.76
3618.76
3618.76
2303.42
417.16
417.16
4179.89
4179.89
6882.55
6882.55
2685.18
2685.18
5450.74
5450.74
583.89
583.89
110.62
110.62
7800.79
7800.79
1183.37
1183.37
5540.69
5540.69
836.82
836.82
1534.16
1534.16
2175.40
2175.40
4949.24
4949.24
4949.24
4949.24
4949.24
4949.24
4139.09
4139.09
800.69
800.69
628.10
628.10
348.60
348.60
102.47
102.47
93.91
93.91
5598.35
5598.35
8576.55
8576.55
258.30
258.30
36.68
36.68
7344.45
7344.45
831.36
831.36
2038.73
2038.73
739.29
739.29
195.45
195.45
6404.34
6404.34
76.44
76.44
1088.82
1088.82
16.75
16.75
116.62
116.62
805.67
805.67
124.32
124.32
1662.83
1662.83
1583.72
1583.72
440.80
440.80
475.86
475.86
180.27
180.27
152.38
152.38
14.61
14.61
10.00
10.00
4762.45
4762.45
3176.03
3176.03
5428.61
5428.61
5519.16
5519.16
282.58
282.58
282.58
6013.13
6072.05
6072.05
6072.05
2969.98
5690.27
5690.27
61.66
61.66
61.66
3029.51
4338.31
4338.31
16.06
16.06
16.06
1124.87
1260.72
1260.72
3081.73
3081.73
143.19
143.19
111.61
111.61
87.14
87.14
87.14
500.25
500.25
112.59
88.50
88.50
254.87
254.87
254.87
231.40
60.15
60.15
60.15
10.00
10.00
470.05
239.17
239.17
239.17
2371.76
207.99
207.99
207.99
638.06
638.06
21.24
2165.09
2165.09
2165.09
2365.20
2365.20
6054.66
5615.98
5615.98
5615.98
2038.51
3720.54
3720.54
3720.54
854.64
6175.66
6175.66
10.00
10.00
10.00
96.57
50.00
50.00
12.74
12.74
12.74
77.36
266.14
266.14
266.14
4965.92
4965.92
2792.99
529.29
529.29
529.29
3727.57
629.60
629.60
629.60
4320.72
4320.72
170.05
6550.99
6550.99
1183.06
1183.06
664.82
664.82
3390.42
3390.42
3390.42
82.45
19.77
19.77
12.74
12.74
85.52
85.52
1126.90
1126.90
1126.90
3310.06
3554.08
3554.08
14.09
14.09
14.09
38.67
4720.25
4720.25
4720.25
2080.88
2080.88
421.95
222.14
222.14
222.14
3126.55
4859.67
4859.67
2121.36
2121.36
2121.36
3242.59
3242.59
7267.67
7267.67
7267.67
7267.67
1834.47
8211.92
8211.92
8211.92
8211.92
8211.92
10.00
10.00
117.51
117.51
1626.90
107.88
107.88
1542.37
1542.37
4251.61
4251.61
4552.91
4552.91
57.94
57.94
24.77
24.77
24.77
108.99
108.99
5643.95
433.84
433.84
433.84
3752.23
8777.84
8777.84
10.04
10.04
10.04
1758.63
47.98
47.98
47.98
3147.26
3147.26
34.69
7966.14
7966.14
7966.14
3486.03
4599.62
4599.62
1292.71
1292.71
30.43
30.43
5453.90
5453.90
5453.90
2908.89
2908.89
63.84
1343.12
1343.12
1343.12
16.73
16.73
739.59
732.57
732.57
2652.07
2652.07
4032.63
4032.63
4032.63
4032.63
4032.63
10.00
10.00
2662.66
2662.66
800.94
800.94
50.81
50.81
2781.16
2781.16
10.00
10.00
4558.89
4558.89
2588.68
2588.68
4268.63
4268.63
4432.19
4432.19
5446.72
5446.72
238.55
238.55
1851.41
1851.41
4613.01
4613.01
3434.01
3434.01
12.63
12.63
1766.93
1766.93
42.99
42.99
1176.17
1176.17
14.18
14.18
22.73
22.73
4906.49
4906.49
3205.88
3205.88
1492.72
1492.72
31.85
31.85
2016.95
2016.95
844.83
844.83
5632.27
5632.27
1744.14
1744.14
5611.26
5611.26
189.29
189.29
14.42
14.42
6785.19
6785.19
830.02
830.02
56.38
56.38
12.87
12.87
975.73
975.73
9034.08
9034.08
862.77
862.77
92.36
92.36
810.74
810.74
84.47
84.47
112.77
112.77
91.99
91.99
1865.51
1865.51
691.12
691.12
78.27
78.27
26.60
26.60
2990.98
2990.98
220.40
220.40
15.99
15.99
544.44
544.44
853.03
853.03
52.91
52.91
3143.98
3143.98
5413.60
5413.60
4475.75
4475.75
4475.75
4475.75
4475.75
4475.75
478.06
478.06
3292.03
3292.03
1738.31
1738.31
83.91
83.91
522.35
522.35
1677.34
1677.34
25.11
25.11
5286.35
5286.35
10.00
10.00
73.60
73.60
481.64
481.64
11.51
11.51
32.17
32.17
97.75
97.75
2026.61
2026.61
35.32
35.32
58.01
58.01
614.85
614.85
143.35
143.35
29.53
29.53
82.64
82.64
178.69
178.69
38.24
38.24
948.82
948.82
88.41
88.41
274.81
274.81
885.93
885.93
11.31
11.31
3756.05
3756.05
2447.48
2447.48
23.27
23.27
3010.65
3010.65
2786.69
2786.69
3502.63
3502.63
56.22
56.22
45.62
45.62
3872.97
3872.97
406.70
406.70
1922.61
1922.61
1123.82
1123.82
22.27
22.27
6550.30
6550.30
2633.97
2633.97
290.85
290.85
3715.73
3715.73
25.76
25.76
10.00
10.00
50.46
50.46
703.81
703.81
79.54
79.54
11.76
11.76
4961.51
4961.51
26.30
26.30
10.00
10.00
2654.38
2654.38
2908.46
2908.46
126.66
126.66
14.73
14.73
827.97
827.97
186.19
186.19
14.93
14.93
15.58
15.58
127.40
127.40
669.62
669.62
5885.56
5885.56
2080.90
2080.90
20.68
20.68
19.52
19.52
2614.23
2614.23
38.51
38.51
456.82
456.82
85.96
85.96
2406.00
2406.00
2184.05
2184.05
56.66
56.66
86.08
86.08
74.17
74.17
350.05
350.05
450.82
450.82
1547.15
1547.15
10.00
10.00
6751.60
6751.60
786.06
786.06
30.93
30.93
780.67
780.67
86.66
86.66
130.65
130.65
44.24
44.24
461.12
461.12
461.12
133.85
1096.91
1096.91
2758.19
2758.19
10.00
10.00
3936.53
3936.53
3936.53
3936.53
32.96
32.96
2176.68
2176.68
337.59
337.59
1164.14
1164.14
1164.14
1164.14
1164.14
1164.14
1790.51
1790.51
2453.01
2453.01
3042.56
3042.56
3042.56
3042.56
3367.48
3367.48
4145.05
4145.05
4091.95
4091.95
4091.95
4091.95
4091.95
4091.95
4002.91
4002.91
4507.72
4507.72
29.90
29.90
1521.22
1521.22
1759.31
1759.31
2159.36
2159.36
3692.15
3692.15
4263.17
4263.17
4263.17
4263.17
3793.22
3793.22
3793.22
3793.22
3461.38
3461.38
3461.38
3461.38
451.77
451.77
3916.25
3916.25
5146.30
5146.30
200.22
200.22
6048.51
6048.51
5875.08
5875.08
28.64
28.64
14.90
14.90
2514.52
2514.52
320.87
320.87
307.19
307.19
262.40
262.40
3304.64
3304.64
6517.59
6517.59
6945.05
6945.05
6945.05
6945.05
6945.05
6945.05
4876.16
4876.16
6962.14
6962.14
6094.23
6094.23
6908.47
6908.47
2848.02
2848.02
4895.78
4895.78
2408.89
2408.89
4743.76
4743.76
6534.42
6534.42
6617.88
6617.88
73.09
73.09
6656.78
6656.78
255.18
255.18
3613.82
3613.82
3613.82
3613.82
58.75
58.75
832.82
832.82
45.94
45.94
2917.82
2917.82
5723.61
5723.61
46.48
46.48
2617.35
2617.35
2617.35
2617.35
12.59
12.59
525.99
525.99
2431.82
2431.82
2671.30
2671.30
5651.28
5651.28
2224.60
2224.60
39.20
39.20
37.53
37.53
5980.16
5980.16
12.67
12.67
41.72
41.72
444.29
444.29
406.08
406.08
3696.05
3696.05
7604.11
7604.11
7604.11
7604.11
7604.11
7604.11
7604.11
7604.11
7604.11
7604.11
7604.11
7604.11
2895.74
