# 1Hz Kbps trace generated by import_real_world_traces.py
750.95
787.52
440.60
712.55
393.55
955.85
955.85
21.75
21.75
444.04
444.04
444.04
444.04
322.77
322.77
715.96
715.96
1018.26
1018.26
1186.56
1186.56
2297.69
2297.69
213.53
213.53
150.29
150.29
1955.57
1955.57
1499.96
1499.96
41.69
41.69
2389.14
2389.14
1815.39
1815.39
2437.39
2437.39
511.14
511.14
994.84
994.84
981.87
981.87
883.73
883.73
638.71
638.71
1505.06
1505.06
119.31
119.31
629.26
629.26
2165.26
2165.26
2563.54
2563.54
2563.54
13.97
1058.00
1058.00
333.45
333.45
250.98
250.98
2077.30
2077.30
51.01
51.01
13.82
13.82
2791.01
2791.01
29.84
29.84
25.93
25.93
2052.08
2052.08
300.75
300.75
827.27
827.27
31.42
31.42
2931.93
2931.93
2931.93
483.93
10.00
10.00
10.00
29.35
29.35
29.35
1137.56
1137.56
261.71
261.71
965.27
1282.33
1282.33
1961.29
1961.29
1961.29
1130.35
1130.35
1467.45
1467.45
1918.35
1918.35
22.83
22.83
1398.57
1398.57
1398.57
1075.97
1515.40
1515.40
926.41
926.41
1117.83
1117.83
324.40
324.40
1440.37
1440.37
158.19
158.19
2296.35
2296.35
543.20
543.20
10.00
10.00
77.19
77.19
77.19
146.64
146.64
146.64
289.81
289.81
10.00
10.00
10.00
1231.82
1231.82
1062.08
1062.08
553.36
553.36
26.73
26.73
26.73
770.75
195.44
1741.93
1741.93
165.93
165.93
182.81
182.81
17.55
17.55
17.55
1706.32
70.30
70.30
1551.92
1551.92
38.69
38.69
990.31
990.31
990.31
990.31
10.00
10.00
10.00
10.00
10.00
943.74
943.74
1567.92
1174.47
784.64
100.41
122.60
122.60
3032.81
107.57
107.57
378.94
378.94
378.94
45.17
45.17
13.31
13.31
1068.75
114.28
114.28
114.28
114.28
289.98
289.98
1139.28
1318.14
1318.14
41.55
41.55
1059.56
1059.56
1059.56
111.59
111.59
21.59
21.59
21.59
971.51
971.51
144.38
995.88
995.88
1640.93
1640.93
1640.93
27.63
27.63
27.63
1585.32
1585.32
711.95
711.95
711.95
711.95
1073.78
1073.78
38.48
2690.68
345.73
345.73
345.73
744.41
744.41
519.99
519.99
519.99
2031.19
2031.19
80.21
974.87
363.54
363.54
1314.93
1314.93
2777.92
2777.92
1786.15
1786.15
57.20
57.20
24.48
24.48
918.97
918.97
698.33
698.33
1083.08
1083.08
48.81
48.81
2385.54
2385.54
140.77
140.77
3025.16
3025.16
1000.11
1000.11
1075.67
1075.67
71.18
71.18
1568.36
1568.36
27.26
27.26
1786.06
1786.06
792.09
792.09
297.70
297.70
38.46
38.46
854.13
854.13
1325.99
1325.99
1024.20
1024.20
1969.00
1969.00
2161.23
2161.23
34.82
34.82
2761.56
2761.56
143.60
143.60
3246.27
3246.27
68.03
68.03
1260.06
1260.06
147.55
147.55
72.43
72.43
256.77
256.77
199.24
199.24
2435.48
2435.48
1896.27
1896.27
19.15
19.15
19.15
1547.07
3103.17
3103.17
2041.39
2041.39
1834.29
1834.29
1267.10
1267.10
43.20
43.20
1068.26
1068.26
2351.62
2351.62
31.10
31.10
2315.65
2315.65
2110.54
2110.54
393.91
393.91
393.91
1554.74
2002.23
2002.23
601.99
601.99
601.99
18.57
18.57
18.57
18.57
18.57
158.41
158.41
344.77
344.77
344.77
257.15
257.15
19.19
248.92
248.92
333.22
337.20
276.89
931.94
880.68
880.68
1184.64
1184.64
695.23
695.23
713.09
713.09
332.66
332.66
1129.46
1129.46
618.69
