# 1Hz Kbps trace generated by import_real_world_traces.py
1133.34
1164.51
2482.79
2734.69
2734.69
334.58
334.58
1974.11
1974.11
27.23
27.23
30.68
30.68
3228.30
3228.30
3747.35
3747.35
4015.51
4015.51
3111.90
3111.90
4688.31
4688.31
892.62
892.62
3151.59
3151.59
50.30
50.30
1271.22
1271.22
840.91
840.91
1274.73
1274.73
435.29
435.29
17.86
17.86
3819.32
3819.32
2340.13
2340.13
4381.30
4381.30
1003.68
1003.68
956.21
956.21
3289.68
3289.68
14.52
14.52
4823.65
4823.65
1614.79
1614.79
51.41
51.41
2404.48
2404.48
4928.41
4928.41
980.52
980.52
10.01
10.01
2081.12
2081.12
504.75
504.75
793.85
793.85
2294.79
2294.79
2294.79
46.11
46.11
316.82
316.82
54.72
54.72
1162.96
1162.96
1992.29
10.00
10.00
3307.70
3307.70
2279.79
2279.79
2611.14
2611.14
525.69
525.69
721.98
721.98
721.98
721.98
1530.97
1530.97
1530.97
1723.41
1283.56
33.04
1841.26
1841.26
26.08
26.08
213.41
213.41
1011.07
1011.07
694.53
694.53
694.53
2083.46
2083.46
84.14
2308.90
2308.90
655.49
655.49
2063.53
2063.53
191.13
191.13
1875.30
1875.30
808.55
808.55
639.62
639.62
2599.08
2599.08
1922.54
1922.54
2017.21
2017.21
1144.97
1144.97
2583.20
2583.20
958.42
958.42
2427.05
2427.05
3777.99
3777.99
3265.51
3265.51
2758.58
2758.58
938.32
938.32
2730.25
2730.25
1621.30
1621.30
1457.77
1457.77
2039.49
2039.49
220.23
220.23
3860.26
3860.26
1441.90
1441.90
4017.92
4017.92
1592.77
1592.77
22.96
22.96
181.48
181.48
232.79
232.79
15.89
15.89
3108.48
3108.48
4255.09
4255.09
86.28
86.28
1725.78
1725.78
2190.23
2190.23
1465.11
1465.11
2450.21
2450.21
155.96
155.96
511.68
511.68
104.82
104.82
311.26
311.26
422.96
422.96
10.00
10.00
3077.49
3077.49
2374.09
2374.09
4489.02
4489.02
93.76
93.76
744.12
744.12
3839.19
3839.19
3432.67
3432.67
3270.95
3270.95
4357.33
4357.33
414.40
414.40
44.16
44.16
44.16
42.94
4281.12
4281.12
1026.75
1026.75
1346.05
1346.05
1098.78
1098.78
43.24
43.24
760.46
760.46
57.75
57.75
1369.42
1369.42
36.61
36.61
148.51
148.51
60.29
60.29
1093.05
1093.05
337.56
337.56
837.85
837.85
1457.54
1457.54
3236.09
3236.09
3434.71
3434.71
2495.49
2495.49
2799.13
2799.13
3126.36
3126.36
3054.60
3054.60
3753.62
3753.62
3670.19
3670.19
3142.78
3142.78
3464.44
3464.44
3423.73
3423.73
3713.73
3713.73
10.00
10.00
4197.25
4197.25
4790.97
4790.97
4894.36
4894.36
4896.44
4896.44
4911.05
4911.05
4340.37
4340.37
3497.12
3497.12
5205.16
5205.16
4912.45
4912.45
3736.80
3736.80
3877.28
3877.28
1659.41
1659.41
4875.59
4875.59
4408.80
4408.80
3704.16
3704.16
4473.23
4473.23
4673.20
4673.20
4534.00
4534.00
4242.90
4242.90
4967.56
4967.56
4765.33
4765.33
2291.91
2291.91
1614.43
1614.43
3764.74
3764.74
2445.49
2445.49
2576.42
2576.42
4681.62
4681.62
5261.01
5261.01
3758.63
3758.63
5266.52
5266.52
3881.85
3881.85
3881.85
3881.85
4535.48
4535.48
3836.74
3836.74
4689.87
4689.87
2929.34
2929.34
4524.73
4524.73
3107.14
3107.14
4733.90
4733.90
3657.60
3657.60
3961.51
3961.51
3433.96
3433.96
4369.89
4369.89
3144.84
3144.84
4517.60
4517.60
29.72
29.72
1217.73
1217.73
4501.56
4501.56
1043.93
1043.93
4882.12
4882.12
3451.95
3451.95
3900.54
3900.54
3834.62
3834.62
4042.30
4042.30
267.51
267.51
3965.20
3965.20
46.47
46.47
3512.85
3512.85
5261.15
5261.15
2119.48
2119.48
1003.52
1003.52
2392.12
2392.12
110.55
110.55
4588.97
4588.97
5394.58
5394.58
5185.09
5185.09
5267.34
5267.34
5329.93
5329.93
1549.65
1549.65
1549.65
1031.77
2516.12
2516.12
2516.12
1201.88
13.87
13.87
13.87
23.94
23.94
228.41
228.41
3040.39
3040.39
607.42
607.42
2328.63
2328.63
447.77
447.77
32.42
32.42
3850.11
3850.11
67.55
67.55
3266.38
3266.38
3793.33
3793.33
879.16
879.16
1074.36
1074.36
1215.21
1215.21
2121.23
2121.23
889.84
889.84
2959.23
2959.23
723.13
766.03
766.03
766.03
485.73
485.73
485.73
485.73
964.50
964.50
586.43
536.63
536.63
2047.16
1390.95
1390.95
2260.12
2260.12
2672.93
2672.93
1764.75
1764.75
1973.06
1973.06
1973.06
1466.76
2382.18
2382.18
560.26
560.26
66.91
66.91
1548.14
1548.14
2056.93
2056.93
28.15
28.15
3088.85
3088.85
2496.01
2496.01
2948.81
2948.81
2532.21
2532.21
3460.74
3460.74
3243.17
3243.17
3243.17
3243.17
3243.17
3243.17
3164.43
3164.43
2161.48
2161.48
3778.73
3778.73
13.70
13.70
3223.96
3223.96
3930.82
3930.82
3830.67
3830.67
3051.55
3051.55
2307.06
2307.06
3784.78
3784.78
3974.74
3974.74
2059.84
2059.84
3715.56
3715.56
4165.79
4165.79
4165.79
4165.79
31.54
31.54
4279.61
4279.61
4667.97
4667.97
3974.64
3974.64
4660.88
4660.88
4823.47
4823.47
4203.66
4203.66
5011.32
5011.32
4515.93
4515.93
4437.90
4437.90
2283.03
2283.03
4506.21
4506.21
4359.20
4359.20
4076.57
4076.57
3903.74
3903.74
4609.35
4609.35
3665.14
3665.14
3523.15
3523.15
4636.05
4636.05
4123.13
4123.13
4614.65
4614.65
4189.20
4189.20
4325.82
4325.82
2403.71
2403.71
777.97
777.97
4385.65
4385.65
4385.65
4385.65
4732.70
4732.70
4393.16
4393.16
3366.11
3366.11
17.59
17.59
986.74
986.74
1380.33
1380.33
3301.06
3301.06
3367.97
3367.97
4610.37
4610.37
4239.83
4239.83
4239.83
4239.83
2843.67
2843.67
2650.32
2650.32
3900.42
3900.42
3541.30
3541.30
1049.88
1049.88
2885.27
2885.27
4564.86
4564.86
4391.01
4391.01
2551.54
2551.54
4519.49
4519.49
24.73
24.73
354.00
354.00
230.20
230.20
10.00
10.00
864.25
864.25
1807.81
1807.81
130.78
130.78
103.49
103.49
128.76
128.76
3042.15
3042.15
108.94
108.94
3614.01
3614.01
2609.16
2609.16
4639.65
4639.65
4437.09
4437.09
4818.27
4818.27
4401.60
4401.60
5112.98
5112.98
4787.68
4787.68
4735.69
4735.69
4153.80
4153.80
1033.94
1033.94
5489.64
5489.64
1964.33
1964.33
3300.81
3300.81
2038.75
2038.75
16.01
16.01
152.12
152.12
106.74
106.74
2088.67
2088.67
3536.98
3536.98
3058.17
3058.17
2343.14
2343.14
976.39
976.39
3313.72
3313.72
4110.99
4110.99
3150.49
3150.49
12.27
12.27
1633.97
1633.97
83.79
83.79
46.93
46.93
1158.01
1158.01
418.39
418.39
41.68
41.68
1038.70
1038.70
373.57
373.57
160.95
160.95
853.52
853.52
1004.86
1004.86
3448.15
3448.15
30.97
30.97
313.67
313.67
135.76
135.76
3234.32
3234.32
96.96
96.96
17.02
17.02
383.98
383.98
1643.89
1643.89
81.36
81.36
62.08
62.08
3026.24
3026.24
3807.46
3807.46
2124.88
2124.88
2332.21
2332.21
136.92
136.92
1383.67
1383.67
147.62
147.62
1033.78
1033.78
86.15
86.15
21.98
21.98
69.53
69.53
179.84
179.84
618.59
618.59
2025.18
2025.18
59.17
59.17
2421.99
2421.99
22.28
22.28
588.31
588.31
301.39
301.39
99.63
99.63
110.46
110.46
17.34
17.34
16.14
16.14
16.14
169.94
169.94
169.94
41.81
41.81
41.81
41.81
41.81
517.55
517.55
517.55
2654.55
2654.55
171.48
929.19
2486.97
1480.55
117.59
117.59
138.39
138.39
4283.27
4283.27
4368.56
4368.56
42.74
42.74
82.66
82.66
3447.92
3447.92
2782.66
2782.66
4047.83
4047.83
3855.19
3855.19
4354.55
4354.55
2898.39
2898.39
1013.10
1013.10
3057.71
3057.71
3661.22
3661.22
3815.02
3815.02
4646.72
4646.72
4152.52
4152.52
4971.47
4971.47
3941.41
3941.41
4218.28
4218.28
3868.33
3868.33
3845.16
3845.16
2931.57
2931.57
16.58
16.58
3959.82
3959.82
4455.44
4455.44
4555.02
4555.02
4293.76
4293.76
1729.46
1729.46
3252.08
3252.08
2891.07
2891.07
2891.07
2891.07
3610.94
3610.94
2729.61
2729.61
4091.03
4091.03
4091.03
4091.03
3653.98
3653.98
3443.36
3443.36
3358.52
3358.52
3941.57
3941.57
93.77
93.77
1345.08
1345.08
39.70
39.70
4357.12
4357.12
23.44
23.44
2449.38
2449.38
15.52
15.52
45.90
45.90
3893.52
3893.52
516.43
516.43
2088.42
2088.42
3414.40
3414.40
1168.50
1168.50
1168.50
1168.50
1168.50
1168.50
2163.48
2163.48
966.74
966.74
3215.99
3215.99
2731.44
2731.44
1551.58
1551.58
3472.67
3472.67
1307.57
1307.57
3492.12
3492.12
2702.74
2702.74
2702.74
2702.74
3689.61
3689.61
2895.16
2895.16
3488.79
3488.79
3267.93
3267.93
3358.99
3358.99
3832.28
3832.28
3626.72
3626.72
2956.01
2956.01
1751.41
1751.41
2121.72
2121.72
2493.84
2493.84
3180.60
3180.60
997.41
997.41
958.73
958.73
123.71
123.71
3204.97
3204.97
5646.09
5646.09
16.09
16.09
239.46
239.46
2809.33
2809.33
2894.62
2894.62
86.73
86.73
39.87
39.87
58.10
58.10
4167.91
4167.91
3801.09
3801.09
3822.72
3822.72
3822.72
3822.72
4979.55
4979.55
813.81
813.81
1607.52
1607.52
2258.40
2258.40
23.15
23.15
21.44
21.44
22.66
22.66
1102.89
1102.89
920.81
920.81
87.36
87.36
145.44
145.44
2757.10
2757.10
146.55
146.55
4421.62
4421.62
657.39
657.39
248.24
248.24
10.00
10.00
67.70
67.70
23.32
23.32
23.32
23.32
23.32
10.10
10.10
10.10
10.10
233.09
1747.31
40.56
2059.46
2059.46
857.09
857.09
29.48
29.48
2469.53
2469.53
469.03
469.03
4862.17
4862.17
3570.38
3570.38
2008.78
2008.78
3667.93
3667.93
974.26
974.26
367.90
367.90
12.22
12.22
1279.30
1279.30
871.77
871.77
71.66
71.66
368.77
368.77
14.65
14.65
3051.92
3051.92
106.13
106.13
2074.39
2074.39
1005.45
1005.45
2518.28
2518.28
164.10
164.10
599.62
599.62
389.17
389.17
389.17
1302.47
1302.47
519.72
250.17
250.17
10.00
10.00
597.96
597.96
597.96
597.96
1260.53
1260.53
67.16
67.16
1669.73
1669.73
38.23
17.69
3863.70
3863.70
1616.47
1616.47
3327.49
3327.49
1056.05
1056.05
3927.87
3927.87
2946.75
2946.75
3473.01
3473.01
2586.45
2586.45
4058.47
4058.47
3427.81
3427.81
3253.93
3253.93
3596.54
3596.54
3639.91
3639.91
935.68
935.68
1411.74
1411.74
3262.95
3262.95
3549.75
3549.75
3766.07
3766.07
4240.33
4240.33
4377.42
4377.42
3685.78
3685.78
912.21
912.21
10.37
10.37
4247.31
4247.31
4822.92
4822.92
5145.74
5145.74
3534.92
3534.92
2257.96
2257.96
4637.09
4637.09
384.98
384.98
1430.94
1430.94
4887.13
4887.13
1793.99
1793.99
2589.93
2589.93
5337.88
5337.88
4516.85
4516.85
4516.85
4516.85
1733.30
1733.30
5182.41
5182.41
4730.15
4730.15
5564.23
5564.23
889.02
889.02
1136.05
1136.05
4581.48
4581.48
4581.48
4581.48
4581.48
4581.48
4581.48
4581.48
4581.48
4581.48
869.11
869.11
3841.41
3841.41
3841.41
3841.41
3270.42
3270.42
3892.26
3892.26
2602.08
2602.08
3925.53
3925.53
4075.17
4075.17
3706.04
3706.04
934.10
934.10
113.71
113.71
1839.36
1839.36
3672.30
3672.30
3934.67
3934.67
3703.62
3703.62
3703.62
3703.62
3703.62
3703.62
3703.62
3703.62
2524.92
2524.92
2535.71
2535.71
1120.90
1120.90
894.48
894.48
1157.54
1157.54
37.26
37.26
2145.82
2145.82
3282.64
3282.64
1843.65
1843.65
3379.25
3379.25
4301.44
4301.44
2872.24
2872.24
10.00
10.00
400.38
400.38
429.53
429.53
81.47
81.47
1814.92
1814.92
704.96
704.96
103.56
103.56
103.56
743.20
743.20
2590.89
67.34
67.34
43.25
43.25
112.58
112.58
112.58
112.58
168.08
314.15
314.15
438.46
438.46
438.46
85.27
85.27
85.27
85.27
85.27
1492.73
1492.73
1492.73
1220.43
1273.59
764.12
456.98
456.98
410.58
307.70
307.70
451.60
451.60
451.60
179.43
179.43
2028.71
2028.71
2111.13
2111.13
835.83
734.58
734.58
3602.45
3602.45
1002.98
1002.98
3150.68
3150.68
1348.41
1348.41
1348.41
127.57
127.57
234.41
34.81
34.81
2642.42
2642.42
2802.57
2802.57
3592.70
3592.70
4185.32
4185.32
4526.00
4526.00
3077.68
3077.68
35.27
35.27
448.93
448.93
157.92
157.92
94.13
94.13
61.05
61.05
48.34
48.34
22.34
22.34
128.67
128.67
68.61
68.61
10.00
10.00
133.43
133.43
967.18
967.18
53.93
53.93
3782.35
3782.35
4392.60
4392.60
5253.44
5253.44
829.43
829.43
2967.18
2967.18
456.63
456.63
1028.72
1028.72
1516.23
1516.23
589.45
589.45
47.26
47.26
47.26
1058.88
3129.78
3129.78
3129.78
21.57
21.57
3291.34
3291.34
3940.53
3940.53
1477.90
1477.90
344.53
344.53
42.27
42.27
1865.12
1865.12
4105.41
4105.41
4439.47
4439.47
427.29
427.29
4023.67
4023.67
4537.68
4537.68
3092.40
3092.40
4008.95
4008.95
2222.38
2222.38
112.96
112.96
698.19
698.19
887.82
887.82
3847.97
3847.97
5006.72
5006.72
990.71
990.71
2603.87
2603.87
37.93
37.93
24.47
24.47
3237.46
3237.46
3440.76
3440.76
2505.88
2505.88
4337.46
4337.46
2857.66
2857.66
3479.95
3479.95
4632.39
4632.39
3412.93
3412.93
1348.11
1348.11
3841.33
3841.33
2803.53
2803.53
3107.12
3107.12
1087.04
1087.04
1858.00
1858.00
1858.00
1858.00
3039.47
3039.47
318.47
318.47
2770.79
2770.79
2882.53
2882.53
2708.34
2708.34
2699.38
2699.38
1331.57
1331.57
3037.56
3037.56
984.22
984.22
2601.60
2601.60
4221.88
4221.88
4158.88
4158.88
3964.94
3964.94
15.57
15.57
735.16
735.16
10.00
10.00
741.12
741.12
1112.80
1112.80
3092.17
3092.17
1199.90
1199.90
2744.96
2744.96
2044.71
2044.71
2097.88
2097.88
2032.72
2032.72
3330.11
3330.11
1073.98
1073.98
830.82
830.82
649.20
649.20
3120.34
3120.34
2423.65
2423.65
3096.96
3096.96
40.07
40.07
2999.50
2999.50
2813.51
2813.51
3195.03
3195.03
2553.61
2553.61
3234.29
3234.29
3164.99
3164.99
2998.44
2998.44
3212.18
3212.18
3251.16
3251.16
3995.17
3995.17
3995.17
3995.17
3995.17
3995.17
3995.17
3995.17
2696.25
2696.25
2106.82
2106.82
794.34
794.34
3023.10
3023.10
4131.25
4131.25
221.29
221.29
2411.89
2411.89
2717.36
2717.36
3648.33
3648.33
3648.33
3648.33
3648.33
3648.33
3648.33
615.71
615.71
615.71
1455.96
1455.96
57.12
595.70
595.70
595.70
595.70
595.70
595.70
10.00
10.00
220.42
220.42
521.64
521.64
521.64
20.44
20.44
27.92
27.92
66.10
738.36
738.36
602.41
602.41
319.96
319.96
837.59
837.59
208.03
26.84
68.97
68.97
1710.84
1710.84
611.35
1826.73
1054.82
1007.45
1007.45
1826.25
1826.25
1236.15
1236.15
404.04
404.04
2908.80
2908.80
79.42
79.42
3412.62
3412.62
877.17
