# 1Hz Kbps trace generated by import_real_world_traces.py
14.54
14.54
14.54
14.54
14.54
14.54
14.54
14.54
14.54
14.54
14.54
14.54
14.54
10.00
95.61
353.03
122.22
122.22
20.79
20.79
199.35
199.35
199.35
199.35
199.35
199.35
10.77
36.63
136.37
65.45
65.45
203.70
236.44
236.44
10.00
10.00
10.00
117.18
117.18
176.87
137.28
137.28
24.78
61.36
61.36
349.90
349.90
115.19
115.19
115.19
117.83
567.49
567.49
567.49
567.49
186.18
186.18
186.18
186.18
391.92
354.02
354.02
354.02
354.02
354.02
354.02
10.00
10.00
10.00
10.00
10.00
10.00
82.58
82.58
215.77
215.77
169.78
169.78
145.22
145.22
145.22
145.22
145.22
145.22
364.18
364.18
10.00
10.00
10.17
10.17
23.23
46.31
100.01
100.01
522.60
353.34
393.93
393.93
393.93
262.39
119.75
119.75
119.75
16.73
16.73
16.73
16.73
22.80
22.80
27.58
27.58
27.58
27.58
27.58
22.43
22.43
22.43
22.43
22.43
22.43
28.99
10.00
199.91
315.57
315.57
149.66
149.66
10.73
10.73
10.73
74.89
74.89
74.89
33.11
33.11
283.86
283.86
85.49
85.49
33.22
33.22
28.68
28.68
28.68
172.00
24.94
17.50
99.69
99.69
204.45
204.45
682.69
682.69
261.12
1210.80
1210.80
1210.80
1210.80
1210.80
1210.80
54.99
54.99
212.80
212.80
212.80
212.80
212.80
212.80
212.80
212.80
212.80
212.80
212.80
12.04
12.04
280.44
10.00
10.00
15.21
15.21
15.21
46.05
46.05
46.05
46.05
46.05
128.27
126.08
26.11
49.58
49.58
49.58
49.58
49.58
10.00
10.00
199.92
199.92
199.92
13.69
13.69
35.35
737.98
737.98
737.98
737.98
25.48
25.48
10.00
214.22
214.22
214.22
214.22
14.26
14.26
345.85
573.37
573.37
573.37
65.35
65.35
65.35
131.02
131.02
131.02
131.02
10.00
10.00
18.50
925.31
28.45
28.45
28.45
28.45
115.50
82.91
82.91
82.91
82.91
82.91
34.97
480.08
1195.55
1195.55
1195.55
1195.55
1195.55
1195.55
1195.55
1195.55
1195.55
1186.42
838.84
17.38
1575.85
10.00
10.00
10.00
10.00
10.00
10.00
10.00
17.09
17.09
53.48
53.48
1078.02
1078.02
18.66
18.66
15.21
310.18
310.18
310.18
158.73
158.73
1109.55
1109.55
16.40
16.40
16.40
16.40
16.40
38.92
38.92
115.90
115.90
115.90
115.90
10.00
10.00
28.80
62.74
84.72
17.08
327.49
10.00
10.00
10.90
419.24
419.24
10.00
10.00
10.00
10.00
10.00
10.00
101.90
825.71
368.03
1439.72
1081.94
1081.94
873.01
873.01
2131.39
2131.39
2131.39
2131.39
10.00
10.00
338.15
151.19
151.19
151.19
10.00
10.00
10.00
10.00
10.00
10.00
10.00
10.00
10.00
10.00
10.00
10.00
10.00
10.00
10.00
10.00
771.48
1023.57
1023.57
1023.57
1023.57
1023.57
1023.57
1023.57
20.55
34.59
32.96
32.96
162.70
630.93
103.36
114.12
580.96
580.96
580.96
580.96
580.96
580.96
580.96
580.96
580.96
580.96
580.96
272.31
272.31
272.31
272.31
272.31
272.31
272.31
272.31
127.87
127.87
86.42
45.26
45.26
33.47
11.13
250.75
115.69
1293.06
1293.06
1293.06
1293.06
10.00
10.00
10.00
10.00
10.00
10.00
10.00
294.28
170.20
645.97
645.97
840.83
840.83
840.83
840.83
840.83
67.06
67.06
67.06
67.06
67.06
67.06
10.00
21.56
118.69
118.69
33.13
33.13
10.00
10.00
10.00
10.00
10.00
17.01
17.01
105.63
105.45
105.45
43.47
19.87
19.87
19.87
10.00
10.00
84.76
62.05
62.05
62.05
10.00
10.00
406.94
406.94
406.94
10.00
313.80
313.80
232.97
232.97
232.97
461.62
461.62
461.62
461.62
461.62
461.62
461.62
350.13
332.65
545.96
11.10
11.10
11.10
10.00
10.00
10.00
15.54
15.54
15.54
15.54
15.54
15.54
33.24
33.24
27.14
27.14
27.14
83.71
83.71
83.71
10.00
10.00
10.00
781.63
781.63
10.00
10.00
10.00
135.41
135.41
135.41
135.41
135.41
135.41
176.15
176.15
176.15
141.59
141.59
15.67
121.60
121.60
111.34
111.34
111.34
111.34
111.34
10.00
10.00
10.00
10.00
10.00
10.00
10.00
10.00
10.00
10.00
10.00
10.00
10.00
10.00
10.00
10.00
11.47
11.47
11.47
11.47
11.47
11.47
11.47
11.47
11.47
11.47
11.47
11.47
11.47
11.47
11.47
11.47
11.47
11.47
11.47
11.47
11.47
11.47
11.47
11.47
11.47
11.47
11.47
11.47
11.47
11.47
11.47
85.73
258.60
341.43
325.96
325.96
104.06
104.06
245.48
245.48
13.91
13.91
131.36
833.00
833.00
1003.78
253.14
253.14
10.00
21.82
21.82
21.82
21.82
204.03
204.03
204.03
204.03
204.03
10.00
10.00
10.00
10.00
10.00
125.20
125.20
125.20
14.45
14.45
345.76
345.76
345.76
345.76
345.76
787.03
331.50
331.50
10.00
213.91
213.91
57.89
61.75
61.75
30.41
30.41
30.41
10.00
139.11
139.11
139.11
139.11
139.11
139.11
13.18
13.18
322.55
322.55
322.55
322.55
43.77
43.77
43.77
45.73
45.73
45.73
137.61
137.61
137.61
137.61
137.61
137.61
70.13
315.46
311.22
293.83
239.01
239.01
90.86
500.58
50.33
50.33
1126.12
10.27
10.27
43.26
43.26
43.26
1011.21
594.70
54.59
54.59
328.11
1361.07
1361.07
10.00
10.00
10.00
10.00
10.00
10.00
10.00
10.00
10.00
10.00
10.00
10.00
15.31
15.31
15.31
15.31
15.31
15.31
15.31
15.31
15.31
15.31
1470.22
261.63
261.63
261.63
261.63
165.14
165.14
1217.60
468.51
468.51
468.51
119.46
119.46
119.46
119.46
119.46
119.46
76.92
33.64
33.64
1998.57
1998.57
64.11
827.08
10.00
10.00
10.00
891.30
891.30
891.30
891.30
21.84
21.84
21.84
21.84
2252.85
2252.85
2252.85
122.44
122.44
29.86
29.86
29.86
21.64
89.06
89.06
15.92
15.92
15.92
15.92
37.95
37.95
103.30
103.30
103.30
103.30
103.30
103.30
103.30
103.30
103.30
103.30
103.30
103.30
103.30
103.30
103.30
103.30
103.30
103.30
103.30
103.30
103.30
103.30
155.75
10.00
979.34
979.34
10.50
162.46
551.65
551.65
1747.46
1747.46
525.95
525.95
237.06
237.06
637.40
637.40
423.53
423.53
423.53
688.28
688.28
2081.36
174.49
174.49
128.78
2648.14
426.81
69.89
69.89
153.87
153.87
32.18
32.18
32.18
32.18
32.18
22.75
3163.35
3163.35
3217.72
1360.22
2838.64
787.54
2510.92
927.67
927.67
767.48
767.48
767.48
1514.30
236.88
236.88
1206.55
1206.55
2021.93
2021.93
2758.41
2758.41
2758.41
3280.09
3280.09
20.70
1817.49
1817.49
1817.49
3759.48
74.59
74.59
74.59
31.56
19.85
19.85
2501.89
2501.89
35.98
35.98
2702.11
2702.11
662.77
662.77
662.77
15.90
15.90
4981.42
4981.42
4981.42
35.84
35.84
35.84
35.84
35.84
23.75
1403.03
3263.67
3263.67
4119.16
4517.89
4517.89
4517.89
4851.01
4851.01
3348.92
30.10
30.10
1245.30
1245.30
1275.84
1275.84
5026.26
5026.26
1363.07
1363.07
3048.19
3048.19
3048.19
3577.42
3053.97
3053.97
1332.02
1332.02
88.85
88.85
88.85
88.85
182.82
1318.86
1318.86
1318.86
1318.86
1318.86
1318.86
14.33
2104.24
2104.24
2104.24
163.08
3749.36
3749.36
3749.36
3749.36
473.24
473.24
1662.20
1662.20
1662.20
16.27
16.27
10.00
10.00
11.75
1670.39
1670.39
2240.23
2240.23
2683.20
2683.20
293.62
293.62
2866.79
2866.79
3505.74
3505.74
3505.74
2573.36
2981.72
2981.72
2981.72
17.20
17.20
897.15
3955.63
3955.63
378.90
378.90
1344.76
1344.76
1344.76
1105.58
956.90
956.90
956.90
956.90
956.90
956.90
956.90
10.00
391.54
391.54
2272.89
2272.89
2272.89
131.65
131.65
131.65
302.02
302.02
10.00
10.00
10.00
10.00
10.00
218.70
218.70
10.00
575.65
93.25
93.25
93.25
93.25
197.41
2837.34
2837.34
320.94
320.94
2275.34
82.28
82.28
973.43
973.43
28.50
28.50
171.47
171.47
110.64
110.64
38.51
38.51
10.00
10.00
19.01
19.01
866.65
866.65
1601.44
1601.44
450.14
450.14
47.97
47.97
24.42
24.42
30.87
30.87
593.27
593.27
1089.30
1089.30
1089.30
1089.30
1566.23
1566.23
655.07
655.07
655.07
655.07
872.15
872.15
2524.84
2524.84
2524.84
2524.84
2020.60
723.23
723.23
10.00
260.14
260.14
17.33
17.33
3072.73
3072.73
10.00
10.00
10.00
10.00
10.00
10.00
10.00
10.00
554.65
900.87
900.87
10.00
10.00
10.00
21.43
2049.68
2049.68
13.15
13.15
13.15
999.23
999.23
1463.38
1463.38
1736.73
1736.73
3103.84
3103.84
10.00
