# 1Hz Kbps trace generated by import_real_world_traces.py
341.73
341.73
106.53
106.53
243.96
243.96
1070.72
1070.72
152.38
152.38
97.09
97.09
115.75
115.75
115.75
220.85
1056.24
1074.74
14.04
14.04
14.04
960.14
960.14
960.14
1131.48
1131.48
656.34
656.34
279.07
279.07
943.91
943.91
759.70
1085.73
1085.73
980.44
980.44
10.62
10.62
586.87
586.87
67.43
1102.57
732.12
732.12
780.43
780.43
1101.55
1101.55
1101.55
1007.31
1007.31
1262.08
1262.08
1262.08
1262.08
1262.08
1262.08
1262.08
735.94
735.94
735.94
1620.98
802.41
832.90
832.90
1055.84
1055.84
1055.84
1000.90
1000.90
940.43
407.03
407.03
407.03
1115.19
1115.19
159.56
159.56
678.56
911.58
911.58
911.58
402.80
402.80
801.89
163.61
296.46
296.46
50.75
50.75
1340.75
1340.75
1093.71
1093.71
1093.71
609.30
609.30
798.42
798.42
798.42
1081.25
1081.25
220.76
220.76
732.29
732.29
732.29
240.97
1019.84
1019.84
1019.84
953.25
953.25
470.50
91.66
1387.35
1003.22
1116.83
1116.83
76.47
12.89
12.89
28.31
28.31
2352.29
2352.29
1547.17
1547.17
1515.37
1515.37
3495.45
3495.45
360.71
360.71
2111.95
2111.95
1853.44
1853.44
270.54
270.54
3372.50
3372.50
2958.59
2958.59
3626.63
3626.63
1546.07
1546.07
222.84
222.84
247.35
247.35
4265.12
4265.12
6311.65
6311.65
4424.24
4424.24
5923.30
5923.30
1781.24
1781.24
1246.97
1246.97
3303.98
3303.98
2978.03
2978.03
186.67
186.67
2836.04
2836.04
6615.03
6615.03
6615.03
6615.03
5773.43
5773.43
6585.02
6585.02
6532.90
6532.90
1352.42
1352.42
5779.46
5779.46
5779.46
5779.46
1699.04
1699.04
2667.51
2667.51
2667.51
2667.51
68.24
68.24
4445.20
4445.20
1710.80
1710.80
1741.50
1741.50
1852.53
1852.53
76.07
76.07
5008.05
5008.05
4590.93
4590.93
4206.25
4206.25
1615.69
1615.69
140.44
140.44
2221.67
2221.67
48.08
48.08
4203.23
4203.23
1445.23
1445.23
4591.29
4591.29
4591.29
4591.29
4591.29
4591.29
1824.40
1824.40
20.51
20.51
2160.52
2160.52
901.95
901.95
901.95
193.38
193.38
193.38
889.85
889.85
741.39
741.39
741.39
741.39
1184.25
1184.25
727.36
1299.34
1005.72
1005.72
75.54
75.54
1147.34
1147.34
906.27
906.27
906.27
906.27
906.27
906.27
424.27
424.27
424.27
998.69
998.69
133.70
133.70
39.38
103.36
103.36
103.36
103.36
103.36
103.36
103.36
32.42
502.13
46.47
1947.45
26.53
26.53
26.53
26.53
22.38
22.38
659.73
884.29
884.29
1900.63
1900.63
1900.63
87.58
87.58
145.45
145.45
684.36
684.36
1151.12
556.53
556.53
994.68
994.68
994.68
1041.45
1041.45
1041.45
718.67
718.67
816.71
816.71
838.17
838.17
838.17
1102.20
1102.20
31.82
31.82
31.82
10.00
213.15
1405.41
619.73
619.73
619.73
619.73
1090.97
1090.97
1090.97
1090.97
60.05
60.05
60.05
1038.31
824.74
836.72
836.72
35.98
620.03
314.71
687.02
687.02
687.02
199.64
199.64
199.64
985.67
985.67
985.67
985.67
985.67
35.87
35.87
1000.32
911.80
911.80
1760.82
500.43
500.43
500.43
1026.04
1026.04
1026.04
1026.04
55.40
55.40
55.40
1109.82
1109.82
1080.69
1080.69
885.03
1158.18
1158.18
1158.18
24.35
95.08
95.08
10.00
828.70
828.70
828.70
562.59
749.97
749.97
677.41
579.84
579.84
579.84
657.62
657.62
657.62
657.62
81.33
81.33
222.66
550.98
550.98
550.98
651.77
651.77
891.61
891.61
292.36
292.36
292.36
1094.81
1094.81
832.37
1270.17
1270.17
1270.17
1031.15
1031.15
911.53
679.06
41.66
520.82
591.33
591.33
626.84
626.84
626.84
891.88
891.88
1034.30
1059.64
1059.64
1059.64
600.61
623.14
623.14
623.14
1399.57
49.14
49.14
328.97
328.97
1038.56
207.20
1034.52
991.85
991.85
991.85
697.29
748.40
748.40
1234.12
1234.12
1234.12
1885.06
1885.06
2646.81
2237.29
2237.29
2897.05
2897.05
2897.05
2524.86
2524.86
77.83
41.84
41.84
41.84
1262.23
1262.23
359.87
1243.77
1243.77
1243.77
282.78
282.78
3177.86
57.49
57.49
251.26
251.26
251.26
117.31
117.31
1903.45
302.35
302.35
302.35
1613.71
1613.71
1909.27
1909.27
21.91
1005.72
1005.72
1005.72
1783.51
1783.51
265.52
2602.17
2602.17
2602.17
1424.82
1424.82
4612.07
4612.07
4612.07
4612.07
294.47
294.47
4166.71
4166.71
4166.71
6021.40
6021.40
6021.40
2019.08
2019.08
4796.14
5163.32
5163.32
5163.32
5070.10
5070.10
200.55
200.55
2449.17
2969.02
2969.02
2969.02
1431.76
1431.76
5404.88
5404.88
1930.06
1930.06
3770.07
3770.07
2179.67
2179.67
2633.49
2633.49
2147.02
2147.02
5129.72
5129.72
892.44
892.44
3185.24
3185.24
1345.42
1345.42
1636.91
1636.91
1636.91
1636.91
1636.91
1636.91
1636.91
1636.91
4260.74
4260.74
2017.93
2017.93
4232.37
4232.37
738.02
5760.07
5760.07
5760.07
5771.79
5771.79
4134.19
4134.19
1554.27
1554.27
337.42
337.42
5135.42
5135.42
5135.42
5135.42
842.51
842.51
842.51
842.51
842.51
783.91
783.91
783.91
127.37
21.02
725.85
725.85
710.29
710.29
710.29
710.29
827.75
827.75
827.75
827.75
827.75
125.68
125.68
125.68
125.68
125.68
1408.56
221.99
1116.90
1116.90
156.73
156.73
98.03
98.03
98.03
188.12
188.12
188.12
12.12
1129.41
1129.41
877.53
900.98
900.98
900.98
547.41
891.79
1057.70
1070.90
1070.90
767.40
767.40
871.37
871.37
752.65
752.65
942.59
942.59
51.03
51.03
51.03
536.69
536.69
18.30
18.30
159.85
1395.83
1395.83
1395.83
202.70
202.70
202.70
992.77
992.77
992.77
686.90
686.90
1274.95
1274.95
1068.80
1068.80
109.07
348.67
348.67
966.57
966.57
966.57
102.03
432.59
998.22
998.22
998.22
69.25
69.25
1279.49
