# 1Hz Kbps trace generated by import_real_world_traces.py
1489.45
833.55
2580.13
4657.36
1001.24
2605.22
2605.22
4582.86
4582.86
4508.41
4508.41
889.34
889.34
126.80
126.80
33.80
33.80
4601.57
4601.57
2911.20
2911.20
5568.50
5568.50
145.90
145.90
802.32
802.32
6682.53
6682.53
229.17
229.17
486.73
486.73
103.63
103.63
907.26
907.26
2105.19
2105.19
2570.25
2570.25
2570.25
2570.25
2570.25
2570.25
2570.25
2570.25
2695.01
2695.01
2695.01
2695.01
971.46
971.46
412.98
412.98
1839.87
1839.87
128.62
128.62
7083.02
7083.02
167.88
167.88
5611.12
5611.12
1188.66
1188.66
837.37
837.37
5165.19
5165.19
5966.93
5966.93
5966.93
5490.55
489.90
489.90
5911.56
5911.56
5911.56
6490.72
5693.62
5693.62
5485.15
5485.15
6791.89
6791.89
5152.08
5152.08
6814.20
6814.20
7594.81
7594.81
1406.27
1406.27
5263.13
5263.13
2918.14
2918.14
5313.34
5313.34
4671.65
4671.65
6299.05
6299.05
6182.03
6182.03
5866.98
5866.98
5556.35
5556.35
1159.76
1159.76
4690.22
4690.22
5567.82
5567.82
5369.72
5369.72
657.82
657.82
37.08
37.08
3380.30
3380.30
749.06
749.06
6748.90
6748.90
2857.38
2857.38
26.35
26.35
690.74
690.74
690.74
7080.59
7080.59
1210.36
1210.36
1444.54
1675.61
1675.61
66.76
66.76
66.76
3883.51
3357.95
3357.95
5331.92
5331.92
4805.02
4805.02
6785.51
6785.51
5929.69
5929.69
5929.69
3272.13
53.89
53.89
53.89
1772.25
1561.87
1561.87
4444.64
4444.64
1176.00
1176.00
1176.00
5758.54
5691.80
5691.80
4060.65
4060.65
989.63
989.63
989.63
119.33
1321.94
1321.94
1248.70
1248.70
1248.70
1557.93
1548.91
1548.91
1548.91
1837.84
2299.36
2299.36
2477.55
2477.55
818.86
818.86
3377.73
3377.73
3449.14
3449.14
18.87
18.87
3463.73
3463.73
3463.73
46.11
113.06
113.06
113.06
28.75
4469.31
4469.31
4469.31
152.66
830.09
830.09
242.69
242.69
242.69
4594.51
77.02
77.02
2150.00
2150.00
2150.00
2150.00
2713.92
2713.92
2713.92
2713.92
6023.29
6023.29
6023.29
5675.97
6050.63
6050.63
6510.70
6510.70
136.42
136.42
6792.14
6792.14
6792.14
2562.95
11.08
11.08
914.15
914.15
662.02
662.02
834.15
834.15
3729.77
3729.77
7114.57
7114.57
1042.81
1042.81
474.77
474.77
6588.31
6588.31
1263.26
1263.26
1395.72
1395.72
907.00
907.00
3707.95
3707.95
907.32
907.32
907.32
3776.98
3398.40
3398.40
5475.28
5475.28
5261.64
5261.64
1153.12
1153.12
1153.12
218.96
218.96
14.81
299.03
