# 1Hz Kbps trace generated by import_real_world_traces.py
428.80
275.41
275.41
275.41
275.41
100.85
100.85
145.40
135.97
261.39
261.39
405.73
405.73
462.21
462.21
10.00
10.00
124.28
439.22
439.22
377.33
377.33
377.33
377.33
377.33
377.33
17.86
187.78
187.78
153.33
153.33
61.81
115.30
299.87
299.87
81.45
21.19
21.19
280.79
188.22
316.90
316.90
224.71
224.71
224.71
361.13
219.48
614.47
614.57
614.57
290.07
290.07
290.07
290.07
51.20
696.53
696.53
696.53
426.86
426.86
10.00
10.00
631.48
631.48
631.48
631.48
201.01
601.52
601.52
601.52
601.52
601.52
10.00
10.00
10.00
10.00
10.00
10.00
27.10
27.10
48.46
48.46
230.08
456.75
456.75
219.49
219.49
536.75
536.75
238.60
354.67
407.06
407.06
367.47
367.47
374.63
374.63
374.63
294.05
294.05
252.79
252.79
510.50
510.50
205.48
350.30
350.30
350.30
150.90
150.90
353.95
236.92
236.92
343.23
202.72
202.72
143.72
143.72
143.72
234.17
234.17
273.63
273.63
237.72
237.72
404.26
404.26
367.00
367.00
367.00
256.46
256.46
263.00
575.35
631.96
631.96
767.29
767.29
767.29
42.69
42.69
253.47
253.47
568.98
568.98
568.98
436.16
598.38
22.10
22.10
22.10
22.10
145.76
255.53
255.53
10.00
620.36
620.36
24.89
24.89
121.93
462.36
462.36
136.82
136.82
136.82
355.19
853.95
853.95
853.95
853.95
389.81
389.81
389.81
10.00
403.65
352.96
352.96
352.96
29.08
29.08
29.08
12.26
244.52
244.52
459.51
459.51
731.35
731.35
1129.87
