# 1Hz Kbps trace generated by import_real_world_traces.py
1155.87
1315.24
1841.81
1841.81
197.46
1286.68
284.07
1683.07
587.44
300.25
1830.83
1830.83
270.28
472.86
357.53
1612.98
1612.98
1612.98
354.86
354.86
45.38
45.38
612.99
612.99
831.35
831.35
1881.03
1881.03
2021.36
2021.36
109.67
109.67
1966.81
1966.81
212.46
212.46
1919.41
1919.41
49.74
49.74
2147.14
2147.14
1268.74
1268.74
805.77
805.77
1533.36
1533.36
10.00
10.00
25.91
25.91
12.92
12.92
666.54
666.54
1017.12
1017.12
103.93
103.93
1514.08
1514.08
924.80
924.80
704.73
704.73
20.53
20.53
25.38
25.38
2233.59
2233.59
988.54
988.54
937.01
937.01
2064.29
2064.29
2262.91
2262.91
2269.33
2269.33
1920.12
1920.12
2189.63
2189.63
666.32
666.32
17.00
17.00
58.74
58.74
42.77
42.77
17.01
17.01
179.36
179.36
24.48
24.48
2029.35
2029.35
117.06
117.06
593.51
593.51
183.43
183.43
31.35
31.35
1763.34
1763.34
185.13
185.13
48.68
48.68
302.71
302.71
56.74
56.74
235.18
235.18
11.75
11.75
84.89
84.89
2015.46
2015.46
345.97
345.97
11.93
11.93
667.59
667.59
424.35
424.35
1794.62
1794.62
1484.11
1484.11
51.73
51.73
1830.02
1830.02
1750.43
1750.43
60.23
60.23
248.80
248.80
1786.75
1786.75
44.82
44.82
451.67
451.67
195.55
195.55
31.81
31.81
20.04
20.04
272.54
272.54
1488.76
1488.76
2222.57
2222.57
1637.80
1637.80
1806.10
1806.10
2231.08
2231.08
2010.62
2010.62
1786.47
1786.47
24.64
24.64
1982.03
1982.03
11.46
11.46
20.76
20.76
10.00
10.00
1970.52
1970.52
344.27
344.27
63.24
63.24
2047.53
2047.53
2106.64
2106.64
1850.12
1850.12
432.50
432.50
698.11
698.11
14.66
14.66
10.00
10.00
23.71
23.71
969.98
969.98
1866.16
1866.16
160.49
160.49
26.20
26.20
87.57
87.57
360.45
360.45
666.60
666.60
352.33
352.33
1379.04
1379.04
1840.92
1840.92
975.08
975.08
32.29
32.29
72.16
72.16
1401.91
1401.91
198.84
198.84
1711.34
1711.34
258.62
258.62
50.95
50.95
594.93
594.93
491.94
491.94
1773.11
1773.11
15.78
15.78
1637.95
1637.95
2180.20
2180.20
1907.13
1907.13
1776.64
1776.64
580.57
580.57
12.37
12.37
674.60
674.60
1689.24
1689.24
593.84
593.84
1062.26
1062.26
1446.60
1446.60
1438.79
1438.79
61.16
61.16
1448.67
1448.67
602.82
602.82
1620.19
1620.19
2139.37
2139.37
1778.37
1778.37
2047.44
2047.44
2122.85
2122.85
292.26
292.26
921.98
921.98
30.07
30.07
32.48
32.48
604.68
604.68
686.14
686.14
782.52
782.52
1764.82
1764.82
2152.68
2152.68
2081.42
2081.42
354.61
354.61
1407.18
1407.18
1425.22
1425.22
1475.09
1475.09
10.60
10.60
1561.43
1561.43
51.16
51.16
688.09
688.09
17.26
17.26
21.58
21.58
1435.38
1435.38
946.44
946.44
57.39
57.39
131.71
131.71
10.87
10.87
737.24
737.24
1347.36
1347.36
2094.85
2094.85
2348.99
2348.99
1066.63
1066.63
1879.42
1879.42
1887.12
1887.12
2209.49
2209.49
1594.05
1594.05
1750.39
1750.39
2092.14
2092.14
663.64
663.64
2004.94
2004.94
1809.86
1809.86
1822.87
1822.87
1973.68
1973.68
1668.22
1668.22
2009.69
2009.69
2103.92
2103.92
1733.20
1733.20
1631.71
1631.71
1953.91
1953.91
1965.44
1965.44
1636.24
1636.24
1768.73
1768.73
1753.09
1753.09
1703.65
1703.65
1894.40
1894.40
1612.99
1612.99
946.20
946.20
619.29
619.29
1760.98
1760.98
1402.55
1402.55
1833.60
1833.60
1941.15
1941.15
1888.79
1888.79
2051.24
2051.24
1499.84
1499.84
1936.37
1936.37
2162.84
2162.84
2082.64
2082.64
1768.46
1768.46
1451.48
1451.48
1867.29
1867.29
1421.21
1421.21
1583.10
1583.10
1470.67
1470.67
2212.31
2212.31
1479.75
1479.75
1284.33
1284.33
1829.34
1829.34
1688.72
1688.72
858.60
858.60
1533.87
1533.87
2138.40
2138.40
1874.17
1874.17
1700.49
1700.49
13.77
13.77
18.69
18.69
1419.09
1419.09
1775.62
1775.62
2183.67
2183.67
2010.68
2010.68
1911.31
1911.31
1871.71
1871.71
1770.87
1770.87
1635.50
1635.50
2212.96
2212.96
1876.68
1876.68
1875.25
1875.25
1848.22
1848.22
1835.89
1835.89
1778.90
1778.90
1549.64
1549.64
2055.93
2055.93
1958.63
1958.63
1160.36
1160.36
1780.10
1780.10
636.61
636.61
562.40
562.40
173.65
173.65
10.00
10.00
48.49
48.49
258.86
258.86
221.95
221.95
10.00
10.00
40.45
40.45
1493.15
1493.15
23.79
23.79
1693.96
1693.96
653.62
653.62
83.35
83.35
1351.22
1351.22
1491.59
1491.59
1688.74
1688.74
667.75
667.75
1860.27
1860.27
1586.94
1586.94
1376.89
1376.89
1991.39
1991.39
1705.42
1705.42
1999.81
1999.81
1102.39
1102.39
151.45
151.45
246.84
246.84
1084.38
1084.38
942.60
942.60
1988.44
1988.44
1440.62
1440.62
799.54
799.54
185.74
185.74
2088.08
2088.08
635.70
635.70
1553.08
1553.08
622.21
622.21
1311.02
1311.02
111.71
111.71
438.41
438.41
49.95
49.95
620.33
620.33
153.50
153.50
1237.06
1237.06
1315.93
1315.93
1414.91
1414.91
1668.62
1668.62
439.08
439.08
64.52
64.52
1319.63
1319.63
360.33
360.33
1750.71
1750.71
1381.46
1381.46
135.89
135.89
618.78
618.78
42.24
42.24
69.02
69.02
1839.25
1839.25
1224.40
1224.40
234.33
234.33
517.11
517.11
1703.82
1703.82
10.68
10.68
2200.74
2200.74
2064.45
2064.45
275.44
275.44
307.80
307.80
763.45
763.45
1456.70
1456.70
1358.63
1358.63
1247.85
1247.85
1349.41
1349.41
122.74
122.74
1487.93
1487.93
1766.14
1766.14
1337.77
1337.77
1591.66
1591.66
1606.70
1606.70
115.60
115.60
17.36
17.36
1673.00
1673.00
2127.81
2127.81
1410.35
1410.35
407.91
407.91
624.55
624.55
12.38
12.38
1809.40
1809.40
1620.40
1620.40
1981.64
1981.64
252.99
252.99
1251.73
1251.73
1274.11
1274.11
285.97
285.97
1752.02
1752.02
638.86
638.86
1791.33
1791.33
744.77
744.77
977.57
977.57
1050.42
1050.42
333.52
333.52
153.63
153.63
1877.76
1877.76
965.65
965.65
13.13
13.13
49.88
49.88
12.11
12.11
2161.75
2161.75
130.17
130.17
743.20
743.20
1975.78
1975.78
1875.42
1875.42
1862.44
