# 1Hz Kbps trace generated by import_real_world_traces.py
2754.48
4729.28
3366.42
6316.31
6316.31
2159.15
2159.15
2878.67
2878.67
1249.49
1249.49
366.74
366.74
2795.23
2795.23
22.77
22.77
136.78
136.78
1193.95
1193.95
1319.44
1319.44
4998.73
4998.73
2690.55
2690.55
461.42
461.42
3343.03
3343.03
3343.03
926.85
3195.15
3195.15
790.48
790.48
10.00
10.00
5404.04
5404.04
5404.04
2068.72
1359.60
1359.60
7318.45
7318.45
1597.16
1597.16
1267.95
1267.95
3803.42
3803.42
2533.30
2533.30
4392.55
4392.55
4392.55
3231.95
5623.18
5623.18
196.18
196.18
1100.61
1100.61
6361.47
6361.47
6361.47
1674.66
1674.66
1695.57
3273.44
3273.44
5722.20
5722.20
173.26
173.26
976.58
976.58
1014.08
1014.08
1104.61
1104.61
2134.24
2134.24
3453.70
3453.70
3579.41
3579.41
2552.98
2552.98
657.81
657.81
66.01
66.01
3708.02
3708.02
6080.42
6080.42
601.95
601.95
2368.22
2368.22
1179.10
1179.10
2914.01
2914.01
6554.44
6554.44
6441.58
6441.58
2955.91
2955.91
3712.04
3712.04
5532.72
5532.72
2543.70
2543.70
13.93
13.93
1354.26
1354.26
3421.46
3421.46
5514.92
5514.92
6492.87
6492.87
6492.87
5669.36
5669.36
991.15
960.79
960.79
1642.36
1642.36
1642.36
573.68
1841.69
1841.69
1841.69
3691.60
5010.44
5010.44
5010.44
25.83
25.83
570.71
570.71
2064.38
2064.38
2612.67
2612.67
4629.39
4629.39
18.16
18.16
149.68
149.68
2244.88
2244.88
2914.38
2914.38
4873.60
4873.60
227.32
2799.36
2799.36
2799.36
20.09
20.09
4443.89
4443.89
283.37
283.37
4179.98
4179.98
1238.66
1238.66
60.38
60.38
4430.29
4430.29
4743.80
4743.80
4071.90
4071.90
3034.96
3034.96
252.60
252.60
4665.18
4665.18
1769.34
1769.34
327.49
327.49
5851.04
5851.04
3349.11
