# 1Hz Kbps trace generated by import_real_world_traces.py
1037.71
3789.76
4115.61
4115.61
5309.14
5309.14
5309.14
6321.19
6321.19
356.17
356.17
1265.33
1265.33
1757.36
1757.36
1852.24
1852.24
1852.24
1011.84
1011.84
1011.84
199.79
199.79
966.45
966.45
966.45
1162.13
1154.38
1154.38
1154.38
1828.28
1828.28
1828.28
1828.28
1828.28
1828.28
1121.18
1121.18
1121.18
1121.18
1121.18
41.98
41.98
1432.90
1695.31
2255.86
405.14
1727.56
1727.56
1727.56
71.23
71.23
71.23
451.01
451.01
451.01
451.01
394.62
394.62
1306.17
1435.21
1373.13
1971.86
1971.86
2252.13
2252.13
192.69
192.69
2134.61
2134.61
2239.15
2239.15
2239.15
2239.15
2239.15
2239.15
2747.33
2747.33
2838.25
2838.25
2831.45
2831.45
2831.45
755.91
974.39
974.39
1554.01
1554.01
1801.66
1801.66
210.56
210.56
1104.45
1104.45
1459.38
1459.38
806.13
806.13
806.13
467.77
467.77
713.83
713.83
713.83
59.65
59.65
21.19
21.19
21.19
21.19
1450.34
1450.34
1885.75
1885.75
410.96
410.96
71.55
3447.76
191.15
191.15
98.07
98.07
98.07
98.07
98.07
1777.73
754.70
754.70
754.70
365.74
365.74
365.74
365.74
114.07
114.07
1037.39
1037.39
1037.39
1037.39
1037.39
83.50
83.50
83.50
83.50
539.55
539.55
23.65
23.65
696.28
696.28
51.03
1143.23
1143.23
1143.23
592.79
592.79
969.25
1400.35
2467.30
2551.42
4834.30
4834.30
313.28
179.55
179.55
710.28
817.45
817.45
933.16
933.16
1088.71
1088.71
615.37
615.37
615.37
615.37
163.92
163.92
1614.71
1614.71
1614.71
1614.71
1614.71
1085.18
1085.18
1085.18
1085.18
1085.18
161.72
161.72
1109.91
275.65
463.45
55.23
55.23
79.35
79.35
79.35
281.15
281.15
281.15
281.15
281.15
18.88
18.88
2749.03
2662.62
4277.92
4497.42
2777.94
2777.94
2777.94
2777.94
693.86
693.86
828.18
828.18
1283.01
1559.67
845.54
845.54
845.54
1626.22
2878.37
657.48
657.48
657.48
3083.03
3083.03
90.18
90.18
518.76
518.76
3356.17
3356.17
480.73
480.73
480.73
98.79
98.79
23.31
31.98
31.98
31.98
436.56
436.56
436.56
1541.74
1541.74
1541.74
10.00
10.00
10.00
10.00
10.00
10.00
1348.68
1348.68
2111.37
2111.37
2111.37
627.93
627.93
627.93
1311.97
1071.92
1071.92
1071.92
569.54
336.17
1582.36
1866.66
98.24
117.81
810.17
810.17
385.39
385.39
385.39
1068.18
1068.18
1068.18
1068.18
1068.18
832.74
832.74
832.74
797.79
797.79
797.79
797.79
797.79
797.79
659.33
799.16
799.16
740.78
1595.11
1595.11
382.96
382.96
382.96
382.96
722.22
690.72
690.72
690.72
690.72
535.35
535.35
535.35
426.76
426.76
426.76
44.13
654.73
855.08
757.69
974.75
173.47
173.47
173.47
173.47
416.99
11.42
11.42
169.54
169.54
633.14
633.14
633.14
633.14
633.14
896.36
1001.81
1153.16
1541.95
1541.95
1541.95
260.14
260.14
379.48
78.74
489.86
489.86
72.37
72.37
72.37
72.37
72.37
72.37
84.39
84.39
16.19
16.19
16.19
23.40
650.41
10.00
515.12
515.12
515.12
515.12
41.91
806.17
888.08
2377.20
2377.20
10.00
10.00
456.87
21.23
10.00
535.98
298.38
298.38
298.38
125.64
125.64
125.64
125.64
10.00
10.00
10.00
10.00
113.25
84.70
2795.47
2795.47
2795.47
2795.47
735.43
735.43
948.58
948.58
826.88
826.88
826.88
536.04
1195.52
1354.12
1950.71
2003.57
2003.57
2214.72
2214.72
10.00
10.00
120.89
120.89
772.24
772.24
183.94
183.94
183.94
183.94
721.37
721.37
721.37
721.37
721.37
721.37
721.37
721.37
721.37
366.40
366.40
366.40
366.40
366.40
366.40
12.57
12.57
294.96
294.96
294.96
104.97
104.97
104.97
104.97
535.27
600.26
747.70
747.70
879.19
879.19
879.19
879.19
879.19
651.32
651.32
11.47
11.47
10.00
206.81
788.14
22.88
22.88
1074.30
1074.30
1074.30
45.08
45.08
45.08
45.08
866.32
866.32
866.32
866.32
866.32
866.32
866.32
457.67
13.70
415.83
57.99
57.99
57.99
111.65
595.09
595.09
99.48
3140.83
3104.61
3658.54
3658.54
2879.00
2879.00
3009.35
95.54
264.51
5610.38
5610.38
4325.96
4325.96
4325.96
59.70
2147.23
2147.23
55.05
55.05
877.96
877.96
58.97
58.97
58.97
58.97
58.97
1300.41
1300.41
1300.41
939.62
939.62
2128.46
2128.46
511.93
4010.19
2179.61
2179.61
2179.61
2179.61
10.00
10.00
2738.09
489.65
55.49
55.49
55.49
55.49
408.49
44.19
44.19
1899.10
1899.10
1899.10
1899.10
607.58
607.58
11.13
11.13
970.56
970.56
970.56
125.40
125.40
114.46
1916.09
1916.09
2807.03
33.07
21.45
21.45
21.45
2024.41
2024.41
125.98
125.98
1115.45
1115.45
2556.72
2556.72
6207.08
6207.08
10.71
10.71
5656.71
5656.71
207.70
207.70
207.70
328.38
19.10
19.10
319.44
319.44
5065.60
5065.60
5065.60
742.50
742.50
862.08
250.19
250.19
10.00
10.00
10.00
10.00
21.22
21.22
21.22
389.80
389.80
389.80
389.80
307.62
307.62
307.62
307.62
307.62
515.67
515.67
515.67
515.67
561.01
22.52
22.52
1176.50
1176.50
1176.50
1176.50
142.65
711.46
184.17
44.45
114.05
114.05
100.69
100.69
100.69
769.88
769.88
769.88
769.88
575.04
575.04
575.04
575.04
575.04
575.04
195.92
195.92
195.92
566.46
72.03
20.04
20.04
366.51
681.74
1170.88
1106.51
1558.78
1558.78
85.79
85.79
85.79
890.98
890.98
890.98
629.67
629.67
629.67
765.49
765.49
765.49
980.80
1393.91
1653.43
2365.20
2834.22
2834.22
2834.22
2834.22
705.94
795.49
1070.99
1070.99
1097.80
1097.80
1097.80
1097.80
1097.80
226.96
1151.91
1439.27
1276.04
1276.04
1756.86
1756.86
442.37
442.37
1073.09
1073.09
1484.00
1484.00
1434.82
1434.82
555.92
555.92
1697.86
1697.86
1909.42
1909.42
1998.82
1998.82
814.22
814.22
1961.13
1961.13
1885.52
1885.52
1885.52
1885.52
1885.52
1885.52
2681.64
2681.64
2539.45
2539.45
995.15
995.15
670.92
670.92
1419.09
1419.09
575.93
575.93
1946.35
1946.35
772.96
772.96
2119.58
2119.58
2823.83
2823.83
2981.43
2981.43
2981.43
2981.43
2981.43
340.41
671.72
1065.44
1065.44
1065.44
1065.44
212.55
212.55
1119.29
688.83
1993.13
2170.97
2170.97
2170.97
1114.28
1114.28
1354.38
1562.61
1562.61
1985.50
1985.50
2284.66
2284.66
10.00
10.00
22.25
22.25
2953.52
2953.52
3136.94
3136.94
3136.94
86.57
2272.68
2272.68
69.53
69.53
2922.38
2922.38
66.82
66.82
839.15
839.15
3668.94
3668.94
4042.62
4042.62
1261.46
1261.46
1671.80
1671.80
3794.40
3794.40
4647.62
4647.62
1213.52
1213.52
2392.33
2392.33
5930.77
5930.77
3305.97
3305.97
10.00
10.00
1558.67
1558.67
1558.67
1558.67
1558.67
1558.67
86.55
86.55
57.02
57.02
439.29
439.29
439.29
40.70
40.70
40.70
40.70
921.71
921.71
128.45
128.45
128.45
128.45
128.45
169.54
169.54
556.98
556.98
2413.41
2413.41
13.83
13.83
1571.40
1571.40
67.37
67.37
67.37
240.49
240.49
240.49
240.49
240.49
1259.30
1259.30
1175.43
1175.43
1278.30
1278.30
1278.30
882.71
882.71
1739.68
11.26
11.26
10.00
10.00
23.65
692.02
2280.07
603.20
2637.22
2637.22
2637.22
518.57
518.57
1464.43
1933.99
1933.99
1848.37
1848.37
1848.37
1848.37
1033.84
1033.84
1528.12
1528.12
1528.12
400.91
400.91
400.91
400.91
99.78
99.78
99.78
448.63
448.63
448.63
448.63
16.59
965.36
965.36
425.76
425.76
425.76
425.76
425.76
749.78
749.78
749.78
749.78
445.27
101.08
101.08
827.51
1209.12
1241.86
1587.51
1587.51
1587.51
1587.51
97.60
97.60
897.32
93.72
93.72
50.05
50.05
428.58
280.61
280.61
363.74
363.74
363.74
286.09
286.09
286.09
286.09
490.37
490.37
639.57
639.57
1169.42
1169.42
433.63
433.63
10.17
857.06
79.85
87.80
544.14
544.14
10.00
1086.61
1086.61
1243.38
1243.38
2153.06
2153.06
2153.06
858.67
858.67
27.39
27.39
27.39
1848.44
1848.44
1848.44
1848.44
1848.44
14.74
1445.02
1279.82
2656.06
2721.65
3390.01
710.51
710.51
710.51
450.14
450.14
933.83
933.83
1272.86
1272.86
246.61
246.61
64.31
64.31
72.88
191.77
191.77
18.66
18.66
18.66
18.66
724.39
724.39
470.07
470.07
470.07
470.07
470.07
10.00
10.00
10.00
10.00
10.00
10.00
10.00
10.00
10.00
251.13
768.07
672.15
10.00
10.00
10.00
304.94
304.94
422.61
429.94
429.94
634.18
793.26
793.26
1119.26
1119.26
1756.46
1027.00
691.81
691.81
242.34
242.34
159.30
159.30
338.15
1113.49
1113.49
155.62
155.62
155.62
155.62
71.04
71.04
71.04
198.08
198.08
198.08
198.08
751.48
751.48
751.48
79.09
79.09
221.93
737.84
737.84
99.95
99.95
99.95
337.35
337.35
59.51
59.51
10.00
10.00
10.00
10.00
939.18
963.09
1059.29
1059.29
1059.29
1059.29
1059.29
243.65
995.89
1545.12
1881.93
1881.93
473.02
473.02
473.02
713.78
713.78
2228.11
3699.79
4621.65
4621.65
4057.08
4057.08
117.36
117.36
761.82
761.82
1078.85
1078.85
1184.46
1184.46
416.43
416.43
1198.89
1198.89
414.02
414.02
1858.18
1858.18
509.43
509.43
1165.08
1165.08
482.59
482.59
1671.33
1671.33
1671.33
1671.33
1470.80
1470.80
2439.91
2439.91
2180.12
2180.12
3036.51
3036.51
3036.51
3036.51
3416.79
3416.79
2935.38
2935.38
906.72
906.72
906.72
906.72
62.12
1311.56
1571.42
1571.42
1112.78
1112.78
893.71
893.71
1925.92
1925.92
1909.69
1909.69
2411.33
2411.33
45.93
45.93
1817.82
1817.82
2157.56
2157.56
3162.59
3162.59
111.11
111.11
1285.95
1285.95
3186.99
3186.99
124.40
124.40
3084.34
3084.34
3223.04
3223.04
3570.74
3570.74
13.79
13.79
440.56
440.56
1728.56
1728.56
1912.95
1912.95
2268.40
2268.40
625.70
625.70
1092.72
1092.72
1092.72
1092.72
335.97
335.97
2852.46
2852.46
2384.14
2384.14
3599.95
3599.95
789.35
789.35
4312.25
4312.25
4821.72
4821.72
5304.34
5304.34
5304.34
5304.34
5304.34
5304.34
1054.38
1054.38
1054.38
1054.38
1054.38
702.64
1145.10
1759.67
1925.42
1925.42
147.59
147.59
147.59
1779.80
1779.80
495.19
495.19
495.19
2262.18
22.33
3304.05
3304.05
3304.05
3365.69
3365.69
3365.69
211.56
211.56
211.56
607.19
607.19
607.19
13.29
13.29
495.59
1023.90
452.14
452.14
52.80
52.80
52.80
52.80
52.80
52.80
52.80
52.80
600.87
1185.37
824.85
824.85
824.85
2057.79
1071.44
1071.44
883.46
883.46
322.81
322.81
1978.86
1978.86
900.74
1166.88
557.05
1025.94
1025.94
133.17
133.17
1266.27
1266.27
797.93
797.93
797.93
797.93
853.70
853.70
564.91
376.62
1730.37
1201.34
638.63
638.63
638.63
638.63
638.63
638.63
21.24
1609.59
1815.94
1815.94
1815.94
10.00
10.00
10.00
364.77
364.77
625.47
813.31
813.31
341.01
15.77
15.77
781.78
2739.91
148.68
2406.15
2406.15
2406.15
2406.15
2406.15
2406.15
380.21
380.21
380.21
380.21
380.21
380.21
380.21
446.16
446.16
130.12
130.12
15.57
15.57
15.57
15.57
702.17
702.17
1108.99
1501.17
583.40
583.40
583.40
1150.80
1150.80
1150.80
1150.80
224.57
224.57
224.57
224.57
224.57
224.57
2415.64
2734.38
3007.89
4197.44
4197.44
4197.44
784.63
784.63
784.63
1818.36
1818.36
1143.32
1143.32
1143.32
380.36
1788.08
3035.11
2287.93
2750.59
2750.59
930.53
930.53
482.01
482.01
482.01
482.01
482.01
744.68
744.68
744.68
744.68
744.68
43.25
1034.75
2072.64
1617.51
1476.04
1476.04
1653.56
1653.56
1319.90
1319.90
2232.54
2232.54
2842.22
2842.22
1742.65
1742.65
1742.65
1742.65
784.94
784.94
784.94
63.17
63.17
63.17
365.73
365.73
777.11
777.11
385.28
385.28
385.28
385.28
385.28
385.28
461.69
461.69
461.69
461.69
461.69
461.69
461.69
461.69
599.46
877.98
1069.40
253.77
253.77
379.06
1466.75
1466.75
722.23
1311.39
1607.07
1607.07
1607.07
40.33
2473.32
904.61
4383.93
453.65
3188.15
3188.15
1976.93
1976.93
3811.97
3811.97
151.12
151.12
7758.29
7758.29
7758.29
7758.29
7758.29
599.33
599.33
599.33
110.39
110.39
267.84
267.84
26.34
26.34
1265.79
1265.79
1363.81
56.05
56.05
56.05
56.05
14.32
14.32
14.32
428.50
428.50
428.50
428.50
24.05
24.05
24.05
230.80
459.40
459.40
1819.63
1819.63
166.45
166.45
166.45
1530.33
1256.94
1646.45
1646.45
1646.45
1646.45
296.22
296.22
1400.88
1400.88
1400.88
1400.88
1077.26
1077.26
784.75
784.75
170.33
110.16
1460.70
281.69
2275.47
599.16
599.16
599.16
599.16
839.91
1696.17
4344.33
2640.75
2640.75
33.37
33.37
33.37
779.90
779.90
2629.77
2629.77
840.00
840.00
232.35
232.35
232.35
28.75
307.54
222.53
222.53
440.24
440.24
440.24
440.24
440.24
440.24
440.24
188.16
188.16
188.16
188.16
188.16
188.16
188.16
188.16
188.16
10.00
10.00
352.72
352.72
352.72
446.51
658.02
937.58
209.91
276.12
218.25
218.25
218.25
18.98
18.98
171.24
1642.59
1058.25
1058.25
687.92
687.92
687.92
465.80
37.30
42.08
42.08
42.08
42.08
42.08
42.08
42.08
178.91
178.91
178.91
178.91
178.91
376.10
376.10
376.10
1149.28
1490.40
11.28
1430.95
638.54
638.54
638.54
638.54
1105.47
1105.47
1699.85
955.16
955.16
10.26
10.26
141.13
14.87
112.32
2138.56
583.94
5579.05
5579.05
1015.31
1015.31
1724.46
1724.46
1038.86
1038.86
98.14
98.14
31.95
31.95
31.95
31.95
628.14
628.14
628.14
23.61
23.61
23.61
484.28
484.28
11.92
11.92
715.36
553.51
553.51
157.62
157.62
157.62
157.62
844.38
844.38
844.38
844.38
844.38
844.38
844.38
844.38
844.38
584.35
584.35
584.35
75.18
75.18
75.18
409.69
440.01
440.01
826.20
826.20
379.09
379.09
379.09
119.93
893.50
1372.78
1651.58
1967.22
1967.22
18.17
18.17
18.17
666.25
98.43
98.43
56.50
56.50
56.50
629.06
629.06
629.06
10.00
871.86
871.86
1637.17
1637.17
1637.17
1474.98
2230.96
146.04
2442.70
80.44
90.35
90.35
90.35
51.39
51.39
46.29
46.29
46.29
46.29
46.29
186.11
186.11
186.11
186.11
186.11
10.00
1442.87
1390.54
1390.54
1390.54
1390.54
1390.54
1390.54
1390.54
1390.54
1390.54
366.92
344.96
149.70
711.57
1127.29
1127.29
1448.37
32.37
1786.24
1786.24
518.16
518.16
21.91
21.91
105.10
1563.61
14.78
14.78
14.78
41.76
3601.88
80.15
80.15
4509.27
4509.27
2247.23
2247.23
2247.23
75.27
75.27
1880.36
2119.70
2119.70
2559.73
2559.73
982.08
982.08
982.08
587.00
587.00
587.00
704.72
704.72
704.72
704.72
441.63
441.63
69.78
69.78
256.02
947.98
947.98
947.98
39.49
39.49
39.49
1098.59
1312.39
792.33
792.33
792.33
300.19
276.93
276.93
686.78
126.00
1231.51
97.90
97.90
97.90
136.27
136.27
136.27
136.27
136.27
136.27
830.46
830.46
830.46
830.46
830.46
830.46
523.21
1530.00
1530.00
1530.00
413.03
413.03
596.54
596.54
709.48
709.48
690.11
690.11
690.11
690.11
136.64
136.64
136.64
279.49
279.49
279.49
279.49
211.87
327.76
543.33
921.13
878.11
1250.01
1250.01
1250.01
1250.01
330.08
330.08
1218.09
555.62
1665.29
1724.24
1724.24
1724.24
1724.24
1724.24
1724.24
396.09
396.09
613.35
55.74
55.74
55.74
55.74
369.10
369.10
627.86
11.06
290.18
14.64
14.64
14.64
340.16
340.16
225.18
71.11
2150.59
2150.59
2150.59
2150.59
28.34
57.19
1378.30
779.12
31.87
31.87
31.87
31.87
22.43
22.43
22.43
22.43
1216.79
1216.79
558.38
558.38
558.38
558.38
1098.62
1653.06
2534.89
2534.89
1647.68
1647.68
1647.68
194.97
194.97
194.97
56.78
56.78
56.78
82.58
82.58
82.58
137.95
268.38
875.71
875.71
875.71
875.71
875.71
257.30
257.30
257.30
312.33
183.56
183.56
13.20
13.20
25.09
25.09
25.09
25.09
68.05
68.05
95.28
95.28
151.69
143.21
143.21
143.21
99.50
99.50
99.50
97.99
97.99
97.99
133.28
133.28
21.43
21.43
394.25
541.98
647.40
381.09
516.18
873.30
873.30
100.03
100.03
1710.86
1710.86
365.78
365.78
1329.18
1157.07
1157.07
1157.07
1157.07
458.14
458.14
458.14
357.85
65.85
1532.39
1532.39
29.21
29.21
649.36
649.36
649.36
416.20
37.66
127.23
1096.35
1096.35
1096.35
28.15
28.15
28.15
1401.79
1401.79
558.93
558.93
20.62
20.62
10.00
3821.13
17.17
5428.03
33.38
5113.24
5113.24
2340.95
2340.95
3621.04
3621.04
4596.14
4596.14
2445.99
2445.99
2445.99
2445.99
2445.99
282.55
282.55
917.83
1073.67
1071.59
1071.59
16.76
16.76
39.25
39.25
757.06
902.52
902.52
179.76
179.76
179.76
179.76
179.76
1030.70
1030.70
958.60
1333.00
1904.28
1904.28
1904.28
1904.28
603.90
603.90
603.90
36.58
36.58
31.23
31.23
31.23
867.68
867.68
3658.84
193.80
395.03
395.03
395.03
923.23
923.23
262.36
226.94
2471.83
2806.86
1516.94
1516.94
359.32
359.32
302.75
302.75
22.84
22.84
651.24
651.24
651.24
28.50
28.50
28.50
694.29
1551.30
99.57
99.57
21.29
21.29
1376.93
1376.93
658.39
658.39
3318.09
3318.09
3318.09
3318.09
347.25
347.25
347.25
347.25
555.16
555.16
555.16
555.16
555.16
611.61
611.61
611.61
611.61
531.80
531.80
531.80
531.80
537.97
1351.53
1607.66
2232.10
1658.30
251.25
1260.01
1260.01
528.86
3483.59
3483.59
1729.16
1729.16
3993.77
3993.77
84.27
84.27
3850.08
3850.08
3123.04
3123.04
4106.25
4106.25
629.13
629.13
657.48
657.48
284.77
284.77
284.77
284.77
284.77
859.49
444.09
444.09
1078.59
1078.59
20.40
20.40
939.21
939.21
939.21
939.21
939.21
216.01
216.01
216.01
216.01
756.57
756.57
756.57
756.57
756.57
756.57
1467.62
1818.70
1818.70
2032.06
3771.00
35.30
35.30
834.81
2553.10
4896.32
4896.32
6642.76
6642.76
6090.65
6090.65
6090.65
6090.65
93.59
526.84
912.66
912.66
1332.18
1332.18
1420.65
1420.65
1420.65
28.59
1252.63
1252.63
1499.91
1499.91
1256.88
1256.88
1155.46
1155.46
1422.03
1422.03
1322.62
1322.62
1880.45
1880.45
1880.45
43.66
227.81
227.81
350.07
350.07
280.25
280.25
280.25
752.89
1164.27
1164.27
1184.95
1184.95
1335.69
1335.69
169.25
169.25
169.25
117.84
117.84
523.72
536.83
536.83
536.83
536.83
256.14
256.14
1310.12
36.79
10.00
10.00
10.00
10.00
10.00
10.00
77.59
387.52
387.52
387.52
225.26
225.26
211.15
211.15
729.87
729.87
1597.31
1597.31
1597.31
1597.31
1597.31
807.92
807.92
807.92
807.92
807.92
995.14
995.14
995.14
995.14
995.14
310.25
639.88
639.88
639.88
372.69
372.69
372.69
372.69
58.03
58.03
58.03
58.03
411.80
411.80
411.80
411.80
26.86
817.61
987.32
1224.40
44.58
1526.71
1526.71
22.52
22.52
22.52
1312.87
1377.10
2325.67
2325.67
2325.67
2325.67
2325.67
567.87
567.87
567.87
1730.50
1730.50
1730.50
456.42
456.42
456.42
456.42
55.16
139.99
139.99
351.25
351.25
351.25
351.25
351.25
40.38
275.96
515.59
704.51
836.80
836.80
377.75
599.94
502.26
502.26
1665.40
22.95
22.95
83.32
83.32
83.32
83.32
1048.98
1048.98
1048.98
1048.98
136.88
136.88
136.88
136.88
136.88
136.88
837.52
123.06
845.64
845.64
19.96
19.96
19.96
19.96
55.56
109.29
455.48
1449.00
1449.00
111.92
111.92
111.92
1250.93
1250.93
1250.93
1250.93
1250.93
21.56
21.56
21.56
21.56
253.10
253.10
14.37
829.82
829.82
829.82
151.71
151.71
874.75
888.80
1245.65
400.05
1223.51
1223.51
1223.51
1223.51
568.61
1091.19
59.49
12.65
112.63
112.63
58.35
58.35
58.35
58.35
10.00
10.00
1193.49
1867.84
1867.84
408.22
2788.73
2788.73
1528.25
2262.11
2735.44
2236.44
660.84
3348.34
3348.34
3348.34
219.89
219.89
1907.66
1293.57
1293.57
3103.02
3103.02
3103.02
74.60
74.60
309.31
316.72
316.72
4503.19
4503.19
4503.19
221.23
85.59
85.59
2268.40
2268.40
399.74
399.74
399.74
399.74
399.74
399.74
654.05
654.05
1062.24
1062.24
1739.98
1739.98
1069.26
1069.26
1069.26
1069.26
10.00
81.39
159.71
2062.16
966.86
966.86
966.86
966.86
80.60
80.60
56.49
56.49
56.49
56.49
56.49
378.27
378.27
378.27
378.27
378.27
378.27
19.27
19.27
19.27
199.76
845.18
450.89
102.38
102.38
51.75
182.85
182.85
137.25
137.25
137.25
1356.25
2072.08
24.91
24.91
40.86
40.86
2704.07
24.56
4313.52
4877.73
4877.73
6552.52
6552.52
6552.52
6552.52
6552.52
6552.52
6552.52
1601.63
1601.63
1601.63
1601.63
553.60
711.73
23.26
2623.35
2589.69
2589.69
2589.69
94.70
94.70
94.70
22.40
22.40
35.41
35.41
35.41
35.41
35.41
176.21
695.72
664.47
664.47
664.47
57.95
57.95
57.95
691.01
751.14
106.54
1270.10
1270.10
47.91
47.91
47.91
47.91
47.91
47.91
12.13
12.13
12.13
12.13
12.13
12.13
788.83
940.58
385.54
385.54
385.54
13.68
13.68
363.55
412.68
534.29
324.43
422.63
422.63
422.63
422.63
204.86
221.60
224.41
224.41
49.91
49.91
49.91
49.91
30.85
1256.41
1256.41
409.70
409.70
624.64
624.64
624.64
180.57
1044.15
3946.97
28.78
4440.10
4440.10
4440.10
4440.10
4440.10
4440.10
171.11
171.11
171.11
2112.80
2112.80
2112.80
579.93
579.93
154.25
4045.92
6019.61
6664.27
7192.97
7192.97
7346.41
7346.41
7346.41
7346.41
1845.00
2038.31
3428.06
3428.06
3426.00
3426.00
604.69
604.69
397.89
397.89
1265.89
1265.89
1128.53
1128.53
53.94
53.94
53.94
1207.61
1886.78
1886.78
1636.61
1636.61
1636.61
1636.61
99.14
2204.25
428.67
428.67
2076.57
2076.57
2076.57
2076.57
2076.57
616.44
903.28
1064.58
1437.83
1437.83
1281.31
1281.31
1281.31
230.86
1762.88
1762.88
1782.13
1782.13
1968.17
1968.17
88.84
88.84
318.19
318.19
1902.26
1902.26
2791.08
2791.08
1937.65
1937.65
1937.65
849.76
3304.59
3304.59
55.65
55.65
2195.97
2195.97
2195.97
1002.15
2284.51
2284.51
2228.33
2228.33
2763.68
2763.68
867.69
867.69
1709.74
1709.74
1709.74
1709.74
1709.74
1709.74
33.37
33.37
33.37
734.57
922.90
1267.97
369.36
369.36
747.68
747.68
1350.55
1350.55
2300.45
2300.45
2782.51
2782.51
2782.51
355.21
355.21
951.98
1175.57
1175.57
1843.31
1843.31
1843.31
1843.31
719.95
1007.78
1007.78
1341.12
1341.12
1535.11
1535.11
356.94
356.94
1394.14
1394.14
12.48
12.48
1855.10
1855.10
89.11
333.47
333.47
333.47
10.00
10.00
650.50
254.38
254.38
254.38
213.88
1069.23
1069.23
1069.23
1061.91
1892.34
1892.34
1892.34
1892.34
356.75
2347.33
2787.25
2787.25
2787.25
1025.86
1025.86
1025.86
1013.84
1013.84
1857.76
3270.92
3270.92
3270.92
3270.92
236.57
236.57
236.57
236.57
1233.96
1233.96
1233.96
430.39
430.39
430.39
430.39
430.39
430.39
23.37
1421.04
863.53
863.53
1186.36
1899.52
1794.16
2013.14
1127.55
1127.55
3031.95
3031.95
3031.95
2090.72
2090.72
2831.43
2567.62
2567.62
44.36
44.36
44.36
44.36
1769.30
661.43
641.36
641.36
108.54
108.54
577.87
577.87
1313.28
1313.28
3823.68
3823.68
2838.11
2838.11
2838.11
10.00
10.00
10.00
10.00
766.29
766.29
766.29
766.29
557.84
557.84
557.84
1547.64
1547.64
2841.72
2841.72
2841.72
528.82
528.82
528.82
528.82
528.82
1326.01
504.59
627.82
627.82
627.82
627.82
703.44
703.44
1885.42
1885.42
707.69
707.69
707.69
931.62
931.62
931.62
766.11
766.11
194.00
194.00
194.00
10.00
10.00
37.69
283.76
1285.27
40.93
863.08
863.08
392.43
392.43
58.66
58.66
428.89
83.92
83.92
83.92
83.92
83.92
353.30
353.30
270.54
1323.09
1323.09
1323.09
735.08
735.08
735.08
25.49
805.02
805.02
805.02
805.02
805.02
805.02
805.02
805.02
805.02
805.02
805.02
331.64
999.97
999.97
999.97
999.97
999.97
999.97
999.97
999.97
999.97
392.19
392.19
392.19
57.34
198.63
164.77
164.77
164.77
232.59
232.59
232.59
157.58
335.86
563.77
1031.69
1314.31
1314.31
1314.31
1314.31
1314.31
70.66
959.00
994.03
994.03
994.03
994.03
994.03
994.03
1358.70
1358.70
1358.70
1026.48
12.63
12.63
275.48
275.48
275.48
275.48
645.90
219.50
807.43
1694.30
1893.09
329.32
686.60
686.60
2189.82
1554.09
802.39
3383.00
3383.00
3001.46
3001.46
1131.85
1131.85
1131.85
1131.85
1565.12
1565.12
13.81
13.81
1008.97
1008.97
647.24
647.24
1658.01
1658.01
898.36
898.36
695.65
695.65
695.65
695.65
695.65
466.37
35.67
35.67
538.62
538.62
538.62
427.74
427.74
427.74
835.57
1500.58
1902.34
1902.34
85.94
85.94
643.97
643.97
2336.19
2336.19
2395.98
2395.98
935.06
935.06
935.06
828.10
828.10
1341.13
1642.13
1642.13
36.68
36.68
59.71
59.71
59.71
1360.54
1360.54
1360.54
1360.54
906.26
906.26
906.26
906.26
906.26
1051.32
1051.32
1051.32
1051.32
37.09
37.09
53.15
125.18
125.18
85.83
85.83
548.49
66.07
66.07
66.07
13.73
13.73
239.44
239.44
1240.23
1240.23
1240.23
1240.23
173.28
173.28
712.47
114.70
74.37
74.37
70.19
250.11
250.11
250.11
250.11
518.27
518.27
1910.41
2135.66
33.38
33.38
275.34
275.34
97.76
2006.57
2006.57
419.52
117.04
347.31
347.31
347.31
20.76
20.76
20.76
210.20
210.20
1522.35
1522.35
873.71
873.71
873.71
2201.03
294.23
4031.81
1741.80
5847.80
5847.80
113.91
113.91
174.98
174.98
11.05
11.05
1120.41
1120.41
242.74
242.74
242.74
242.74
797.52
797.52
797.52
739.95
739.95
739.95
739.95
66.66
66.66
66.66
1005.74
1005.74
260.48
260.48
260.48
260.48
260.48
305.99
305.99
305.99
305.99
94.95
94.95
12.11
12.11
12.11
210.00
766.73
766.73
936.75
877.79
305.25
305.25
305.25
305.25
305.25
299.91
299.91
281.13
281.13
566.74
566.74
545.98
79.46
14.64
11.34
218.18
496.78
41.72
41.72
41.72
75.31
75.31
87.42
87.42
42.56
42.56
190.93
190.93
190.93
31.73
31.73
31.73
387.83
387.83
1002.82
1002.82
1002.82
95.84
95.84
95.84
95.84
128.76
128.76
40.06
33.59
33.59
33.59
33.59
189.39
189.39
148.11
28.23
755.87
33.02
33.02
1175.89
1175.89
1175.89
666.21
57.62
57.62
98.40
98.40
98.40
98.40
751.58
751.58
751.58
191.42
33.21
33.21
33.21
117.17
117.17
117.17
117.17
788.86
788.86
1187.36
1187.36
43.11
538.04
538.04
179.69
179.69
672.03
1081.89
1482.08
1482.08
465.56
465.56
465.56
465.56
465.56
572.96
572.96
572.96
572.96
572.96
123.06
673.81
29.98
235.67
33.98
296.99
296.99
97.03
97.03
97.03
97.03
97.03
42.84
42.84
696.03
696.03
696.03
375.51
375.51
809.45
809.45
312.52
836.37
848.82
848.82
848.82
211.89
211.89
211.89
69.37
171.69
1286.82
379.29
111.53
109.64
109.64
14.98
14.98
430.28
430.28
56.21
56.21
56.21
56.21
232.70
232.70
232.70
2166.49
2166.49
104.46
104.46
166.58
3031.61
3031.61
3031.61
3031.61
22.82
22.82
373.58
373.58
31.58
31.58
14.30
14.30
14.30
14.30
14.30
14.30
21.35
21.35
21.35
11.34
11.34
10.00
10.00
31.66
31.66
774.24
662.45
662.45
662.45
422.01
422.01
422.01
422.01
422.01
76.05
76.05
822.37
822.37
822.37
822.37
822.37
822.37
10.00
296.36
284.13
284.13
354.27
354.27
354.27
141.00
818.89
1179.44
1489.58
1907.05
2478.65
2478.65
2478.65
1999.99
1999.99
789.26
789.26
789.26
1129.38
1129.38
1129.38
1129.38
1129.38
1129.38
734.30
1609.59
1609.59
2848.46
3652.60
3652.60
3652.60
3652.60
3652.60
2565.63
6045.64
6695.81
7530.49
7530.49
7530.49
9397.84
9397.84
9397.84
6892.06
2835.19
5220.11
5220.11
5220.11
5220.11
5220.11
5220.11
5552.45
5552.45
126.00
126.00
33.88
33.88
33.88
33.88
67.00
67.00
698.10
1623.74
1492.28
1492.28
1991.54
1991.54
2552.49
2552.49
2820.89
2820.89
3411.64
3411.64
775.02
775.02
775.02
409.95
4155.76
4155.76
4155.76
4205.38
3912.73
3912.73
113.79
113.79
4685.93
4685.93
4869.84
4869.84
718.52
718.52
1251.86
1251.86
5538.83
5538.83
5555.85
5555.85
6492.91
6492.91
843.62
843.62
843.62
843.62
843.62
643.50
1632.69
1632.69
306.89
306.89
10.00
10.00
391.97
391.97
1979.88
1979.88
2201.47
2201.47
2201.47
1123.79
2722.02
2722.02
2833.55
2833.55
2125.49
2125.49
210.98
210.98
224.76
224.76
2278.49
2278.49
1889.83
1889.83
2570.07
2570.07
2570.07
1469.29
20.20
20.20
20.20
3063.23
3063.23
3063.23
3063.23
42.77
546.31
11.47
11.47
1830.69
1830.69
1830.69
464.27
464.27
300.19
300.19
300.19
649.82
649.82
996.48
996.48
2007.63
1853.51
1853.51
1853.51
3181.83
3181.83
21.92
514.95
514.95
514.95
291.43
1079.26
1079.26
1079.26
145.98
145.98
605.46
605.46
605.46
605.46
12.22
2644.25
2644.25
2029.97
2029.97
2029.97
560.02
560.02
560.02
1981.74
1981.74
2847.42
3649.10
3649.10
3649.10
3649.10
3649.10
371.39
1360.26
1360.26
1725.10
1903.43
1903.43
1903.43
165.57
165.57
165.57
165.57
165.57
165.57
165.57
701.81
701.81
701.81
307.70
307.70
1525.78
2867.96
2867.96
912.02
912.02
912.02
912.02
600.72
44.57
2633.47
2921.73
714.68
23.10
540.11
540.11
145.60
145.60
108.77
206.30
206.30
428.19
58.41
58.41
102.42
102.42
102.42
220.70
220.70
1146.62
1146.62
1146.62
223.43
223.43
223.43
1257.55
1257.55
1257.55
1217.18
1217.18
841.30
841.30
841.30
841.30
841.30
841.30
841.30
841.30
841.30
841.30
841.30
185.91
185.91
712.36
1430.71
1776.45
2185.59
2185.59
98.92
98.92
98.92
98.92
98.92
809.74
1047.78
1653.03
2025.97
635.97
456.92
456.92
379.65
379.65
2834.67
3159.28
89.14
1727.18
1727.18
5079.91
5079.91
5079.91
856.96
3580.98
3580.98
3219.99
3219.99
4225.44
4225.44
625.21
625.21
3720.48
3720.48
81.36
81.36
88.44
88.44
88.44
88.44
88.44
14.46
14.46
42.18
42.18
42.18
46.66
46.66
36.47
36.47
36.47
99.60
786.05
786.05
98.12
120.19
120.19
120.19
120.19
120.19
418.41
418.41
338.39
338.39
338.39
293.82
306.61
306.61
1256.65
241.72
2517.70
1607.32
14.63
14.63
14.63
14.63
14.63
462.23
148.24
31.27
31.27
31.27
31.27
403.34
168.78
4225.36
4225.36
156.34
5128.57
387.74
387.74
387.74
387.74
387.74
387.74
387.74
426.61
426.61
426.61
426.61
1407.85
1407.85
1407.85
471.63
1120.89
1120.89
1062.20
1062.20
10.00
10.00
10.00
10.00
469.92
1633.40
1794.88
1242.34
22.83
22.83
22.83
148.56
148.56
148.56
148.56
148.56
148.56
595.77
595.77
803.37
803.37
91.47
91.47
2005.82
61.29
61.29
61.29
61.29
61.29
61.29
41.61
1006.31
458.32
458.32
39.65
912.82
912.82
1067.26
20.74
703.76
646.02
646.02
2467.77
1414.59
1414.59
381.34
381.34
904.21
904.21
865.96
865.96
359.65
359.65
621.90
1089.77
2262.00
2327.47
24.63
24.63
24.63
314.95
314.95
483.34
14.62
14.62
350.34
350.34
350.34
112.94
112.94
112.94
112.94
112.94
1604.07
1604.07
1551.57
2965.42
2965.42
231.67
10.00
10.00
1802.32
1485.02
14.20
14.20
43.92
43.92
77.47
77.47
77.47
99.81
21.72
21.72
127.79
127.79
127.79
205.77
2234.06
2234.06
554.66
554.66
554.66
554.66
29.27
29.27
29.27
29.27
742.36
902.40
1262.62
1171.20
500.91
500.91
598.24
598.24
598.24
598.24
598.24
750.33
750.33
750.33
750.33
750.33
527.76
527.76
527.76
527.76
527.76
527.76
527.76
527.76
758.38
758.38
531.71
1698.86
1698.86
2297.26
2662.17
2662.17
2662.17
581.38
581.38
389.01
389.01
389.01
389.01
10.00
10.00
10.00
10.00
1750.52
1137.06
1374.55
3313.83
3313.83
3313.83
3313.83
216.22
216.22
216.22
216.22
216.22
1290.90
1685.21
1685.21
1685.21
432.33
1756.82
2210.79
1913.39
2368.92
2368.92
2368.92
117.52
117.52
58.83
2725.81
176.82
4498.59
4498.59
4698.53
4698.53
1254.89
775.86
775.86
775.86
43.62
43.62
5342.29
5342.29
4689.31
4689.31
780.95
780.95
5755.05
5755.05
7015.38
7015.38
7373.46
7373.46
28.37
28.37
236.04
236.04
954.39
954.39
754.79
754.79
1113.13
1113.13
2011.04
2011.04
1003.95
1003.95
23.83
23.83
23.83
66.58
1747.68
1747.68
2347.60
2347.60
1601.04
1601.04
10.00
10.00
439.64
439.64
1970.07
1970.07
2258.48
2258.48
22.78
22.78
21.91
21.91
708.84
708.84
718.73
718.73
3111.83
3111.83
2138.40
2138.40
2138.40
2138.40
153.66
153.66
1099.62
1099.62
1294.72
1294.72
742.12
742.12
742.12
729.81
729.81
729.81
729.81
477.70
477.70
477.70
2079.73
2079.73
2265.07
706.47
10.00
10.00
10.00
10.00
10.00
1370.44
1505.39
1505.39
581.88
581.88
581.88
1081.83
2788.47
2691.66
1970.54
1970.54
1970.54
1970.54
1970.54
1970.54
1970.54
1970.54
23.62
23.62
1145.52
1145.52
1145.52
175.74
175.74
246.08
1556.17
2167.32
754.43
3630.52
922.77
922.77
1612.56
1612.56
3999.60
3999.60
47.92
47.92
1933.81
1933.81
41.40
41.40
41.40
41.40
1223.51
1223.51
608.03
608.03
608.03
931.05
931.05
1777.40
20.49
1370.00
1370.00
1370.00
727.05
727.05
727.05
336.33
33.26
4912.61
10.13
10.13
748.14
748.14
115.78
115.78
4045.65
4045.65
3880.00
3880.00
355.79
355.79
1961.36
1961.36
311.04
311.04
3643.29
3643.29
1719.41
1719.41
889.10
889.10
3173.61
3173.61
146.43
146.43
146.43
146.43
1280.06
689.63
689.63
2471.91
1368.57
1368.57
925.45
925.45
925.45
10.00
1103.23
1103.23
104.58
104.58
73.40
73.40
73.40
10.00
2190.53
2190.53
377.99
377.99
141.18
141.18
1903.09
1903.09
2398.37
2398.37
2017.08
2017.08
3340.76
3340.76
600.07
600.07
600.07
393.70
393.70
1158.79
1158.79
1158.79
1158.79
694.47
694.47
1667.37
2015.65
2015.65
2977.44
2977.44
3782.72
3782.72
3782.72
3782.72
3782.72
3782.72
3782.72
1259.57
1259.57
1259.57
1259.57
568.63
568.63
2903.07
3482.85
3435.81
4277.65
4277.65
6676.58
6676.58
1381.46
1381.46
3247.09
3247.09
5517.13
5517.13
6161.04
6161.04
1566.64
1566.64
1619.95
1619.95
3364.72
3364.72
151.56
151.56
1647.92
1647.92
36.64
36.64
968.66
968.66
968.66
2598.70
2598.70
2598.70
2598.70
2598.70
10.00
10.00
10.00
10.00
1589.59
1589.59
10.26
10.26
126.35
2164.44
178.41
178.41
1839.66
1839.66
1839.66
740.66
2353.87
2353.87
2517.92
2517.92
3035.51
3035.51
1882.03
1882.03
69.47
69.47
52.65
52.65
598.57
598.57
598.57
1204.99
1204.99
1307.09
1162.16
1162.16
1015.54
1015.54
660.97
660.97
411.90
411.90
1929.47
1929.47
2664.18
2664.18
3436.69
3436.69
3436.69
696.37
4312.78
4312.78
5978.23
5978.23
6546.19
6546.19
6546.19
215.81
215.81
2155.15
2817.87
2817.87
3401.59
3401.59
3401.59
363.38
1609.64
1609.64
2206.81
2206.81
638.16
638.16
143.59
143.59
1661.91
1661.91
1969.84
1969.84
2174.73
2174.73
2174.73
285.30
1080.98
1080.98
1522.89
1522.89
1755.80
1755.80
683.76
683.76
971.76
971.76
1726.83
1726.83
2332.12
2332.12
138.25
138.25
297.54
297.54
1608.65
1608.65
118.61
118.61
14.25
14.25
212.20
212.20
29.57
29.57
71.78
71.78
931.51
931.51
1275.67
1275.67
1348.86
1348.86
288.06
288.06
288.06
288.06
288.06
56.17
1326.79
1899.27
2026.52
2026.52
469.32
469.32
1381.54
1381.54
2097.72
2097.72
2424.19
2424.19
324.67
324.67
2876.68
2876.68
2944.75
2944.75
203.64
203.64
1143.86
1143.86
563.37
563.37
10.61
10.61
2115.24
2115.24
478.92
478.92
1876.05
1876.05
3333.40
3333.40
905.89
905.89
417.34
417.34
1065.06
1065.06
1316.88
1316.88
1571.31
1571.31
710.12
710.12
1102.06
1102.06
173.16
173.16
113.42
113.42
360.23
360.23
1872.36
1872.36
1872.36
1872.36
1872.36
1872.36
1938.55
1938.55
36.85
36.85
2579.35
2579.35
13.83
13.83
1702.69
1702.69
1328.16
1328.16
58.62
58.62
58.62
58.62
58.62
58.62
175.92
175.92
175.92
175.92
175.92
284.13
284.13
284.13
604.60
762.09
762.09
724.00
724.00
724.00
10.00
10.00
706.76
706.76
793.10
793.10
1575.52
492.45
492.45
1401.44
1719.11
23.49
2573.11
20.85
20.85
20.85
51.19
51.19
40.15
57.12
232.48
14.95
240.46
240.46
240.46
240.46
14.68
14.68
14.68
1234.37
23.38
23.38
23.38
164.51
164.51
164.51
548.47
548.47
548.47
1058.94
1058.94
1058.94
1058.94
1058.94
1416.34
1645.79
1294.01
68.37
68.37
1272.69
1272.69
11.91
867.51
43.39
14.45
14.45
14.45
14.45
514.18
514.18
4335.08
636.52
7664.23
7664.23
8022.82
8022.82
8022.82
378.89
378.89
378.89
1334.20
1334.20
2721.67
2721.67
2721.67
910.04
910.04
2229.82
2716.94
3213.74
4132.92
4132.92
512.55
512.55
4356.59
4356.59
5154.79
5154.79
1112.74
1112.74
1112.74
184.13
184.13
2111.31
2111.31
1023.24
1023.24
1023.24
1023.24
47.44
47.44
88.44
2016.42
2016.42
13.76
13.76
10.00
10.00
247.08
247.08
249.38
249.38
461.81
461.81
14.98
14.98
36.49
36.49
722.84
722.84
797.48
797.48
797.48
463.72
463.72
1478.91
466.62
466.62
477.67
477.67
662.30
662.30
2872.43
2872.43
4755.79
4755.79
5735.46
5735.46
5735.46
1350.26
1350.26
1350.26
27.51
27.51
35.94
35.94
115.43
115.43
591.27
591.27
1688.82
1688.82
112.59
1218.65
1421.21
1421.21
1421.21
185.54
185.54
185.54
897.09
897.09
518.94
518.94
42.37
42.37
293.11
442.23
43.15
43.15
14.16
14.16
368.02
368.02
1919.77
1919.77
564.76
564.76
42.57
42.57
139.41
139.41
139.41
139.41
868.83
868.83
868.83
2009.70
2009.70
2009.70
2009.70
212.00
212.00
212.00
422.11
422.11
422.11
662.78
662.78
662.78
13.38
13.38
189.46
2085.54
2085.54
1110.78
2847.53
3321.02
3321.02
575.09
575.09
575.09
1238.71
1238.71
798.56
798.56
798.56
798.56
273.71
273.71
2117.58
2117.58
2581.63
1555.73
6381.36
6381.36
893.72
893.72
893.72
888.37
1907.53
4340.44
292.97
292.97
292.97
743.87
743.87
743.87
743.87
1941.34
3155.87
714.46
18.36
18.36
18.36
18.36
1225.57
1225.57
1225.57
21.84
21.84
21.84
21.84
69.05
69.05
40.31
40.31
43.99
43.99
70.47
70.47
495.77
42.29
42.29
543.77
543.77
1153.16
1153.16
36.74
36.74
36.74
254.26
2631.56
3458.89
3458.89
1734.18
2580.62
2580.62
597.06
597.06
597.06
731.74
5693.37
5693.37
6557.27
6557.27
5735.88
5735.88
5735.88
779.02
779.02
4318.86
4136.02
4136.02
5478.16
5478.16
5478.16
5478.16
5478.16
989.57
989.57
989.57
989.57
989.57
56.73
56.73
56.73
1460.63
2247.67
2516.43
3246.81
3821.65
1440.36
1440.36
1440.36
2687.67
3031.93
3031.93
2109.91
2109.91
3156.91
3156.91
3156.91
3156.91
298.47
298.47
1003.50
1003.50
1003.50
749.45
749.45
749.45
295.31
295.31
44.14
44.14
151.12
1850.91
1850.91
110.23
110.23
335.07
335.07
292.12
247.60
247.60
247.60
247.60
44.00
44.00
44.00
1189.51
1189.51
1127.71
1127.71
22.44
22.44
22.44
29.31
29.31
157.06
1229.05
1229.05
1229.05
41.54
41.54
41.54
41.88
41.88
1780.08
2454.85
3524.61
3524.61
3524.61
60.71
60.71
60.71
60.71
60.71
1075.69
1075.69
1075.69
1075.69
1075.69
1075.69
1075.69
1075.69
305.37
841.56
841.56
81.76
634.26
1440.11
1764.09
2539.85
3064.23
80.42
80.42
10.00
10.00
10.00
2040.74
2040.74
488.30
4545.47
5438.94
5438.94
5438.94
5438.94
10.11
10.11
2875.10
1577.87
1599.33
2878.84
1999.01
1999.01
265.23
265.23
265.23
265.23
1112.09
1112.09
1007.99
1007.99
1007.99
575.34
575.34
575.34
69.41
69.41
69.41
349.39
349.39
349.39
349.39
349.39
120.34
120.34
1707.13
12.76
12.76
2652.40
2652.40
47.16
47.16
47.16
795.19
826.03
756.88
756.88
812.30
812.30
812.30
392.17
392.17
392.17
48.90
127.64
127.64
1574.88
484.69
484.69
484.69
10.00
406.86
3184.85
344.22
3963.50
5294.34
5294.34
5294.34
811.98
811.98
811.98
2231.44
3355.02
1474.47
1170.00
1170.00
1170.00
161.79
161.79
541.42
1425.44
652.82
89.61
89.61
156.10
156.10
156.10
427.84
427.84
59.00
2048.42
2048.42
2048.42
10.71
1278.36
1278.36
2023.55
2023.55
2023.55
232.81
405.48
405.48
13.92
13.92
865.37
865.37
2701.36
2701.36
1891.45
1891.45
108.35
108.35
145.77
145.77
1847.74
1847.74
20.25
20.25
20.25
6301.32
6301.32
6385.66
6385.66
21.59
21.59
21.59
2203.92
2203.92
3881.57
3881.57
696.65
696.65
1970.88
2121.86
2121.86
2458.49
2458.49
4374.55
4374.55
4374.55
4374.55
125.64
125.64
125.64
125.75
125.75
125.75
125.75
125.75
208.02
208.02
851.83
851.83
58.20
58.20
715.83
715.83
786.27
1318.04
2416.37
2806.30
3630.36
3630.36
3630.36
4064.95
148.16
148.16
1353.27
1353.27
657.62
657.62
657.62
3416.34
3416.34
1282.51
1282.51
2020.42
2127.20
2127.20
2443.12
2443.12
2443.12
2443.12
100.21
100.21
416.83
416.83
3164.34
24.42
24.42
24.42
24.42
108.41
108.41
108.41
1421.16
476.35
476.35
41.59
41.59
278.02
2166.34
2593.83
2593.83
2891.44
3027.15
3027.15
3429.24
3429.24
742.88
742.88
156.85
156.85
3141.56
3141.56
2965.77
2965.77
769.42
769.42
20.02
20.02
972.73
972.73
81.14
81.14
81.14
81.14
737.52
1250.89
1691.37
1691.37
2219.70
2219.70
2219.70
387.68
1276.30
1276.30
766.61
766.61
2147.82
2147.82
216.39
216.39
2262.23
2262.23
689.54
689.54
10.61
10.61
3068.88
3068.88
269.74
269.74
1365.63
1365.63
10.11
10.11
419.52
419.52
131.39
131.39
1368.54
1368.54
1744.36
1744.36
279.84
279.84
28.21
28.21
437.44
437.44
894.25
894.25
1086.61
1086.61
1018.09
1018.09
1158.13
1158.13
351.26
351.26
3580.37
3580.37
2854.48
2854.48
4253.53
4253.53
4343.08
4343.08
1064.19
1064.19
1064.19
1064.19
1064.19
1064.19
1064.19
1064.19
1064.19
1064.19
141.07
141.07
141.07
680.09
680.09
271.79
271.79
271.79
512.60
512.60
512.60
512.60
11.76
399.73
172.91
