# 1Hz Kbps trace generated by import_real_world_traces.py
2636.87
2747.02
2669.43
2977.55
2977.55
1524.87
1524.87
2737.57
2737.57
2746.30
2746.30
2389.23
2389.23
2597.32
2597.32
2337.67
2337.67
2109.06
2109.06
2146.11
2146.11
2286.15
2286.15
3090.51
3090.51
3154.48
3154.48
3233.36
3233.36
2730.31
2730.31
1733.95
1733.95
1733.95
1733.95
2060.40
2060.40
2824.42
2824.42
2891.04
2891.04
2541.79
2541.79
2482.04
2482.04
2827.12
2827.12
2546.80
2546.80
2556.81
2556.81
2536.86
2536.86
2447.37
2447.37
2387.49
2387.49
3230.77
3230.77
90.22
90.22
127.44
127.44
328.53
328.53
1715.00
1715.00
136.85
136.85
807.54
807.54
486.50
486.50
2137.67
2137.67
1783.22
1783.22
2213.43
2213.43
2125.22
2125.22
2088.36
2088.36
2133.03
2133.03
1986.68
1986.68
1798.97
1798.97
2936.23
2936.23
1971.55
1971.55
2843.56
2843.56
2312.03
2312.03
2551.83
2551.83
1871.59
1871.59
2141.30
2141.30
2489.51
2489.51
2455.55
2455.55
2188.13
2188.13
3009.68
3009.68
1119.48
1119.48
598.42
598.42
2629.61
2629.61
2262.64
2262.64
2357.33
2357.33
2209.97
2209.97
2606.17
2606.17
2437.01
2437.01
2191.98
2191.98
2416.39
2416.39
1900.72
1900.72
2925.01
2925.01
2332.91
2332.91
2889.62
2889.62
2655.87
2655.87
2316.88
2316.88
2322.19
2322.19
2590.72
2590.72
2729.13
2729.13
2448.97
2448.97
2393.11
2393.11
2412.00
2412.00
2300.01
2300.01
2347.87
2347.87
2742.99
