# 1Hz Kbps trace generated by import_real_world_traces.py
2253.03
319.24
144.86
65.31
204.39
283.94
283.94
72.48
72.48
119.42
119.42
40.15
40.15
255.09
255.09
61.60
61.60
61.13
61.13
81.04
81.04
2154.54
2154.54
4706.01
4706.01
4865.30
4865.30
14.35
14.35
5798.67
5798.67
2576.66
2576.66
5352.15
5352.15
3501.29
3501.29
106.95
106.95
14.39
14.39
13.59
13.59
726.13
726.13
726.13
99.28
99.28
1863.50
1863.50
929.26
929.26
2599.56
955.80
955.80
955.80
2539.93
2539.93
41.78
41.78
288.50
288.50
101.10
20.55
20.55
20.55
80.00
80.00
18.29
18.29
3038.75
3038.75
4763.86
4763.86
4734.68
4734.68
4414.81
927.93
927.93
927.93
70.40
70.40
3943.33
3943.33
126.93
126.93
1667.03
1667.03
31.33
31.33
1804.72
1804.72
3094.77
3094.77
5969.35
5969.35
150.55
150.55
953.71
953.71
27.75
27.75
974.78
974.78
20.81
20.81
54.19
54.19
4976.89
4976.89
902.29
902.29
957.55
957.55
58.31
58.31
6231.89
6231.89
6803.46
6803.46
446.20
446.20
943.35
943.35
156.66
156.66
31.05
31.05
1770.04
1770.04
31.79
31.79
3224.08
3224.08
138.90
138.90
2684.24
2684.24
1590.06
1590.06
784.71
784.71
1028.00
1028.00
59.56
59.56
955.00
955.00
3527.00
3527.00
1565.73
1565.73
40.61
40.61
35.94
35.94
35.94
2822.84
2992.13
2992.13
1127.30
1127.30
469.89
469.89
54.79
54.79
4124.48
4124.48
249.00
249.00
13.54
13.54
2763.28
2763.28
885.61
885.61
183.52
183.52
234.10
234.10
84.26
84.26
5785.71
5785.71
5785.71
5785.71
2386.00
2386.00
1165.39
1165.39
61.69
61.69
356.40
356.40
41.81
41.81
2618.58
2618.58
971.73
971.73
242.98
242.98
3694.60
3694.60
16.23
16.23
1089.69
1089.69
937.04
937.04
785.55
785.55
91.79
91.79
1317.24
1317.24
1424.58
1424.58
16.28
16.28
1832.93
1832.93
1035.83
1035.83
20.82
20.82
40.22
40.22
356.44
356.44
356.44
1295.79
1295.79
907.00
907.00
2253.91
2253.91
3356.47
3356.47
1328.37
1328.37
2789.98
2789.98
1077.41
1077.41
225.94
5859.80
5859.80
5859.80
5453.80
5453.80
133.29
133.29
27.58
27.58
2222.13
2222.13
925.21
925.21
100.05
100.05
6143.65
6143.65
6190.52
6190.52
52.23
52.23
2827.31
2827.31
4854.27
1594.11
1594.11
1594.11
2267.31
2267.31
2699.43
2699.43
937.35
937.35
366.29
366.29
1019.47
1019.47
751.13
751.13
240.00
240.00
39.37
39.37
973.94
973.94
121.72
121.72
15.23
15.23
30.22
30.22
1012.00
1012.00
2017.67
2017.67
2755.66
2755.66
1667.94
1667.94
58.79
58.79
13.41
13.41
76.32
76.32
12.60
12.60
34.66
34.66
10.00
10.00
28.69
28.69
3931.09
3931.09
3812.98
3812.98
814.82
814.82
4632.63
