# 1Hz Kbps trace generated by import_real_world_traces.py
3684.23
74.98
87.50
2174.51
2523.69
510.68
1798.08
52.41
3167.61
43.47
102.54
102.54
839.21
839.21
26.00
26.00
70.97
70.97
154.84
154.84
331.39
331.39
3703.42
3703.42
732.96
732.96
843.01
843.01
5565.70
5565.70
1843.47
1843.47
2713.06
2713.06
148.31
148.31
25.74
25.74
1578.41
1578.41
52.82
52.82
60.46
60.46
1959.16
1959.16
101.69
101.69
5048.93
5048.93
1617.38
1617.38
37.45
37.45
12.78
12.78
16.29
16.29
23.72
23.72
23.72
3416.01
1092.66
1092.66
13.35
13.35
27.52
27.52
5676.16
5676.16
4781.90
4781.90
2620.39
2620.39
5878.69
5878.69
5878.69
5878.69
5878.69
5878.69
392.79
392.79
42.54
42.54
5023.88
5023.88
4818.57
4818.57
4818.57
4818.57
4818.57
4818.57
2338.45
2338.45
5313.10
5313.10
5313.10
5313.10
5313.10
5313.10
5432.75
5432.75
1206.80
1206.80
1350.92
1350.92
6097.21
6097.21
831.48
831.48
5649.58
5649.58
5590.67
5590.67
5590.67
5590.67
5740.72
5740.72
5506.29
5506.29
6381.28
6381.28
5770.36
5770.36
6370.71
6370.71
11.86
11.86
5917.60
5917.60
552.19
552.19
5760.00
5760.00
4685.08
4685.08
5969.59
5969.59
5000.43
5000.43
156.64
156.64
870.12
870.12
5050.84
5050.84
5618.69
5618.69
5802.27
5802.27
5993.43
5993.43
3481.67
3481.67
5108.52
5108.52
5337.12
5337.12
4664.54
4664.54
1941.28
1941.28
5588.63
5588.63
6223.82
6223.82
3872.09
3872.09
4398.67
4398.67
5591.85
5591.85
4394.64
4394.64
4394.64
4394.64
4840.93
4840.93
6279.56
6279.56
92.01
92.01
54.16
54.16
6405.96
6405.96
2356.26
2356.26
638.57
638.57
5624.28
5624.28
3747.74
3747.74
837.48
837.48
5726.67
5726.67
928.44
928.44
3268.39
3268.39
3268.39
3268.39
5182.83
5182.83
2211.45
2211.45
4575.57
4575.57
4575.57
4575.57
5386.04
5386.04
5580.12
5580.12
4463.61
4463.61
837.77
837.77
5770.41
5770.41
12.89
12.89
3580.21
3580.21
2689.46
2689.46
4689.82
4689.82
12.29
12.29
69.28
69.28
5488.77
5488.77
5877.43
5877.43
850.73
850.73
1426.66
1426.66
4960.30
4960.30
5813.12
5813.12
4306.43
4306.43
5648.18
5648.18
3193.52
3193.52
2680.70
2680.70
5804.73
5804.73
2452.99
2452.99
2577.89
2577.89
1019.45
1019.45
3136.61
3136.61
126.71
126.71
27.31
27.31
5739.02
5739.02
12.58
12.58
4440.95
4440.95
2826.10
2826.10
4159.12
4159.12
6108.14
6108.14
591.86
591.86
12.57
12.57
11.95
11.95
11.95
1037.68
1037.68
4880.48
3912.25
3912.25
6128.01
6128.01
54.43
54.43
6102.19
6102.19
5630.47
5630.47
853.71
853.71
6168.17
6168.17
851.09
851.09
504.06
504.06
595.79
595.79
4799.68
4799.68
3479.41
3479.41
854.22
854.22
6038.07
6038.07
1224.80
1224.80
121.33
121.33
26.33
26.33
1559.99
1559.99
82.18
82.18
3730.36
3730.36
18.41
18.41
123.55
123.55
2883.01
2883.01
34.58
34.58
5642.48
5642.48
11.92
11.92
160.00
160.00
2677.05
2677.05
1141.46
1141.46
4354.48
4354.48
5841.67
5841.67
5510.96
5510.96
4533.97
4533.97
934.23
934.23
2444.90
2444.90
2444.90
24.45
857.17
857.17
385.41
385.41
1401.69
1401.69
17.38
17.38
5622.40
5622.40
772.86
772.86
71.46
71.46
2948.55
2948.55
5388.09
5388.09
6285.51
6285.51
62.51
62.51
118.60
118.60
4799.09
4799.09
5733.65
5733.65
5572.20
5572.20
25.62
25.62
858.02
858.02
825.75
825.75
2631.51
2631.51
784.43
784.43
247.83
247.83
247.83
279.27
279.27
10.00
10.00
3567.40
3567.40
205.05
24.23
24.23
5842.88
5842.88
145.29
145.29
179.13
179.13
79.11
79.11
191.09
191.09
861.17
861.17
3815.63
3815.63
5886.53
5886.53
83.48
83.48
105.48
105.48
18.54
18.54
17.73
17.73
17.73
1991.30
4184.90
4184.90
6052.49
6052.49
899.31
899.31
12.79
12.79
182.32
182.32
1024.19
1024.19
1024.19
12.59
3279.73
3279.73
139.62
139.62
27.62
27.62
174.30
174.30
1195.82
1195.82
1560.66
1560.66
4211.20
4211.20
4203.07
4203.07
4203.07
4203.07
5724.66
5724.66
5870.03
5870.03
5870.03
5870.03
5977.08
5977.08
5235.26
5235.26
5235.26
5235.26
5235.26
5235.26
4804.24
