# 1Hz Kbps trace generated by import_real_world_traces.py
785.27
1019.04
982.32
1988.25
1988.25
619.60
619.60
519.60
519.60
327.68
327.68
66.97
66.97
89.40
89.40
89.40
89.40
89.40
201.45
201.45
201.45
542.59
624.04
309.61
309.61
252.41
252.41
252.41
252.41
33.74
33.74
146.33
830.99
830.99
947.61
34.40
965.27
93.98
93.98
93.98
93.98
93.98
234.83
234.83
234.83
234.83
234.83
59.63
59.63
311.86
264.99
264.99
101.89
101.89
293.62
257.78
505.04
495.52
495.52
495.52
813.23
813.23
813.23
813.23
418.17
181.25
181.25
198.64
198.64
198.64
198.64
470.78
470.78
470.78
556.85
650.78
650.78
827.64
89.28
804.38
804.38
804.38
192.77
120.24
120.24
120.24
99.16
99.16
99.16
694.70
1042.11
1042.11
582.15
582.15
646.97
877.69
877.69
65.15
65.15
65.15
714.50
714.50
714.50
711.68
196.13
668.11
668.11
539.68
539.68
124.88
124.88
91.43
91.43
91.43
83.42
83.42
81.46
81.46
81.46
81.46
1143.37
896.29
896.29
464.44
464.44
564.07
564.07
524.77
524.77
524.77
808.09
597.86
597.86
297.66
449.72
449.72
447.46
447.46
1035.95
466.77
466.77
256.43
256.43
252.07
252.07
252.07
886.27
528.36
528.36
528.36
248.70
248.70
138.97
138.97
138.97
142.02
142.02
119.53
119.53
577.35
1085.62
11.66
11.66
11.66
1088.72
1944.66
1944.66
42.13
42.13
42.13
19.78
862.83
862.83
518.73
518.73
310.21
