# 1Hz Kbps trace generated by import_real_world_traces.py
6864.77
6573.45
6573.45
20.22
20.22
13976.26
13976.26
882.96
882.96
141.37
141.37
4233.81
4233.81
355.66
355.66
11585.62
11585.62
39.70
39.70
92.27
92.27
80.03
80.03
5651.00
5651.00
11249.64
11249.64
973.43
973.43
6049.38
6049.38
775.11
775.11
453.10
453.10
1467.69
1467.69
14984.51
14984.51
29.44
29.44
1043.68
1043.68
271.25
271.25
1035.83
1035.83
233.05
233.05
13161.60
13161.60
2603.58
2603.58
16030.79
16030.79
5531.20
5531.20
362.78
362.78
826.89
826.89
16.09
16.09
977.44
977.44
831.71
831.71
624.42
624.42
771.98
771.98
2085.37
2085.37
158.28
158.28
241.75
241.75
163.99
163.99
121.21
121.21
401.23
401.23
20.04
20.04
376.40
376.40
2637.45
2637.45
28.61
28.61
639.53
639.53
5489.36
5489.36
42.84
42.84
5609.23
5609.23
1345.79
1345.79
131.69
131.69
1022.64
1022.64
470.03
470.03
2291.36
2291.36
1793.61
1793.61
5330.58
5330.58
905.96
