# 1Hz Kbps trace generated by import_real_world_traces.py
290.67
2693.68
3150.65
3928.09
3928.09
3928.09
3870.37
3870.37
3870.37
3870.37
3870.15
3772.19
3772.19
3772.19
3002.00
3002.00
3890.75
3890.75
3824.06
3824.06
3824.06
3824.06
3824.06
3824.06
3873.49
3873.49
3796.07
3796.07
3598.67
3598.67
3806.63
3806.63
3872.83
3872.83
984.32
984.32
2204.85
2204.85
1994.19
1994.19
3171.73
3171.73
3043.76
3043.76
3230.67
3230.67
32.89
32.89
1366.43
1366.43
3958.18
3958.18
3666.65
3666.65
3715.39
3715.39
3705.33
3705.33
3705.33
3705.33
3868.85
3868.85
3660.32
3660.32
2701.68
2701.68
2701.68
2701.68
2701.68
2701.68
2701.68
2701.68
3862.84
3862.84
3862.84
3862.84
3862.84
3862.84
3613.60
3613.60
3613.93
3613.93
3774.52
3774.52
3568.33
3568.33
3850.59
3850.59
2529.89
2529.89
3853.95
3853.95
3847.03
3847.03
3877.08
3877.08
3257.54
3257.54
3782.21
3782.21
3782.21
3782.21
3782.21
3782.21
3836.55
3836.55
3836.55
3836.55
119.36
119.36
1594.28
1594.28
1648.70
1648.70
1648.70
1648.70
3796.51
3796.51
3796.51
3796.51
3648.74
3648.74
3648.74
3648.74
3925.78
3925.78
4016.90
4016.90
3706.79
3706.79
3706.79
3706.79
3706.79
3706.79
3703.09
3703.09
3703.09
3703.09
3639.38
3639.38
3877.62
3877.62
270.89
270.89
1276.09
1276.09
1185.27
1185.27
49.77
49.77
308.33
308.33
1514.05
1514.05
2369.32
2369.32
2514.91
2514.91
2553.07
2553.07
2931.67
2931.67
3016.67
3016.67
3221.79
3221.79
3440.56
3440.56
3440.56
3440.56
3696.30
3696.30
3678.10
3678.10
3862.56
3862.56
3467.12
3467.12
3467.12
739.35
739.35
3651.68
3651.68
3701.68
3701.68
3864.90
13.63
13.63
13.63
3848.74
3848.74
3602.80
3602.80
3640.27
3640.27
3949.80
3949.80
3794.09
3794.09
3555.30
3555.30
3428.34
3428.34
3756.71
3756.71
3675.68
3675.68
3809.99
