# 1Hz Kbps trace generated by import_real_world_traces.py
1480.56
2429.76
2429.76
76.41
99.80
266.44
266.44
27.37
27.37
27.52
27.52
10.00
10.00
2705.14
2705.14
650.64
650.64
2542.74
2542.74
698.73
698.73
215.47
215.47
330.34
330.34
217.10
217.10
994.59
994.59
199.72
199.72
2622.93
2622.93
2382.81
2382.81
10.00
10.00
122.17
122.17
10.00
10.00
82.98
82.98
121.69
121.69
1259.62
1259.62
1986.52
1986.52
1512.73
1512.73
2791.57
2791.57
2733.51
2733.51
715.28
715.28
1127.13
1127.13
3082.20
3082.20
1214.56
1214.56
740.14
740.14
1878.74
1878.74
2538.24
2538.24
3506.28
3506.28
1094.11
1094.11
3863.03
3863.03
47.69
47.69
649.56
649.56
46.88
46.88
3672.71
3672.71
532.67
532.67
3896.14
3896.14
315.77
315.77
1166.57
1166.57
4366.73
4366.73
2700.64
2700.64
3043.89
3043.89
855.26
855.26
244.34
244.34
2846.87
2846.87
3971.02
3971.02
2574.74
2574.74
11.71
11.71
2232.84
2232.84
840.26
840.26
171.74
171.74
3667.26
3667.26
3387.83
3387.83
29.50
29.50
2072.64
2072.64
1430.32
1430.32
1237.77
1237.77
1799.39
1799.39
4238.66
4238.66
518.36
518.36
2686.11
2686.11
5069.55
5069.55
47.63
47.63
2399.88
2399.88
4539.83
4539.83
26.34
26.34
823.66
823.66
10.00
10.00
4942.71
4942.71
3757.81
3757.81
3757.81
3757.81
4510.28
4510.28
2819.07
2819.07
571.19
571.19
824.71
824.71
1097.43
1097.43
12.06
