# 1Hz Kbps trace generated by import_real_world_traces.py
1719.89
48.72
148.93
33.79
506.38
95.43
222.86
222.86
449.90
449.90
6857.26
6857.26
164.12
164.12
2026.68
2026.68
6692.50
6692.50
1820.45
1820.45
127.39
127.39
2619.64
2619.64
1048.95
1048.95
5512.78
5512.78
1092.80
1092.80
68.59
68.59
502.22
502.22
6823.42
6823.42
6994.68
6994.68
1077.98
1077.98
2062.94
2062.94
1551.31
1551.31
813.49
813.49
10.00
10.00
12.61
12.61
110.70
110.70
1659.09
1659.09
669.47
669.47
857.62
857.62
131.25
131.25
10.00
10.00
45.33
45.33
11.89
11.89
62.13
62.13
239.68
239.68
10.00
10.00
831.73
831.73
235.09
235.09
1061.59
1061.59
243.86
243.86
6211.70
6211.70
79.24
79.24
87.22
87.22
24.76
24.76
118.99
118.99
170.82
170.82
44.58
44.58
27.68
27.68
21.82
21.82
36.19
36.19
1034.20
1034.20
553.15
553.15
386.75
386.75
3191.80
3191.80
49.22
49.22
62.99
62.99
6748.09
6748.09
5108.59
5108.59
1144.45
1144.45
6346.58
6346.58
1074.56
1074.56
6446.37
6446.37
1080.32
1080.32
326.80
326.80
591.20
591.20
906.58
906.58
6750.18
6750.18
1095.93
1095.93
17.64
17.64
1071.12
1071.12
196.53
196.53
1163.33
1163.33
7103.59
7103.59
54.55
54.55
6928.23
6928.23
893.44
893.44
63.53
63.53
12.40
12.40
457.07
457.07
2335.71
2335.71
6729.84
6729.84
4808.30
4808.30
16.17
16.17
455.87
455.87
1091.00
1091.00
4986.48
4986.48
30.80
30.80
3634.09
3634.09
199.27
199.27
10.00
10.00
27.47
27.47
82.24
82.24
46.63
46.63
1028.63
1028.63
270.61
270.61
6544.90
6544.90
18.79
18.79
6458.61
6458.61
1047.60
1047.60
5774.50
5774.50
10.00
10.00
12.71
12.71
12.68
12.68
12.68
61.81
774.75
774.75
1060.85
1060.85
12.30
12.30
152.90
152.90
1612.18
1612.18
10.00
10.00
1061.03
1061.03
42.16
42.16
180.43
180.43
941.83
941.83
384.12
384.12
7160.58
7160.58
502.79
502.79
1076.42
1076.42
790.92
790.92
6905.08
6905.08
16.09
16.09
145.63
145.63
1447.32
1447.32
966.09
966.09
326.22
326.22
4472.87
4472.87
10.00
10.00
97.26
97.26
123.86
123.86
10.00
10.00
10.00
6143.74
51.20
51.20
6355.40
6355.40
474.41
474.41
4766.27
4766.27
6254.51
6254.51
2034.75
2034.75
6049.28
6049.28
510.60
510.60
5502.41
5502.41
970.68
970.68
6720.04
6720.04
2005.38
2005.38
6883.49
6883.49
1070.72
1070.72
6885.32
6885.32
2401.39
2401.39
6814.79
6814.79
213.50
213.50
3835.18
3835.18
387.22
387.22
1066.43
1066.43
215.38
215.38
947.35
947.35
6560.59
6560.59
5395.01
5395.01
5322.92
5322.92
5322.92
513.16
4026.33
4026.33
1195.93
1195.93
6889.69
6889.69
446.76
446.76
6742.93
6742.93
1069.84
1069.84
4170.75
4170.75
6904.95
6904.95
1589.15
1589.15
6721.53
6721.53
1644.42
1644.42
1336.76
1336.76
1336.76
21.93
21.93
423.64
10.27
10.27
126.17
126.17
6909.81
6909.81
1111.43
1111.43
4330.68
4330.68
1054.80
1054.80
53.75
53.75
2465.64
2465.64
1438.44
1438.44
5203.29
5203.29
4461.15
4461.15
6812.07
6812.07
5826.51
5826.51
6321.30
6321.30
432.67
432.67
3810.82
3810.82
6783.36
6783.36
6811.79
6811.79
6454.12
6454.12
112.32
112.32
6018.20
6018.20
6573.46
6573.46
1082.67
1082.67
6058.00
6058.00
3700.21
3700.21
24.09
24.09
1389.87
1389.87
7017.72
7017.72
99.50
99.50
4667.52
4667.52
6801.18
6801.18
145.71
145.71
6871.51
6871.51
6739.92
6739.92
1064.44
1064.44
12.47
12.47
1691.13
1691.13
142.96
142.96
705.97
705.97
1078.95
1078.95
4702.48
4702.48
1090.96
1090.96
75.28
75.28
62.66
62.66
21.31
21.31
3607.60
3607.60
101.23
101.23
50.49
50.49
389.42
389.42
53.84
53.84
10.00
10.00
93.98
93.98
88.46
88.46
124.04
124.04
15.00
15.00
10.00
10.00
158.89
158.89
71.25
71.25
33.37
33.37
21.29
21.29
1907.50
1907.50
47.87
47.87
4454.36
4454.36
1195.97
1195.97
88.90
88.90
22.74
22.74
384.43
384.43
4089.51
4089.51
109.91
109.91
106.88
106.88
1098.27
1098.27
176.67
176.67
10.00
10.00
620.99
620.99
14.23
14.23
10.00
10.00
30.45
30.45
1070.04
1070.04
79.33
79.33
555.16
555.16
20.86
20.86
3874.59
3874.59
1092.86
1092.86
4298.53
4298.53
176.82
176.82
1543.35
1543.35
6564.02
6564.02
6564.02
1070.12
3279.82
3279.82
1049.78
1049.78
17.66
17.66
17.87
17.87
3032.15
3032.15
3032.15
44.39
44.39
1078.49
1078.49
558.04
65.89
65.89
1418.32
1418.32
134.47
134.47
134.47
22.04
22.04
2627.81
2627.81
2991.25
2991.25
3024.51
22.71
22.71
22.71
22.88
400.17
400.17
14.64
14.64
14.64
174.76
1099.62
1099.62
1099.62
234.35
234.35
2288.33
2288.33
1082.52
1082.52
1812.82
1087.40
1087.40
1087.40
6299.71
6299.71
3051.43
3051.43
32.50
32.50
14.28
14.28
54.62
54.62
6992.38
6992.38
54.84
54.84
13.32
13.32
446.10
446.10
6914.74
6914.74
968.63
968.63
6625.35
6625.35
255.42
255.42
2762.40
2762.40
394.61
394.61
822.26
822.26
4238.38
4238.38
2527.65
2527.65
80.80
80.80
168.91
168.91
223.38
223.38
61.74
61.74
337.96
337.96
58.33
58.33
10.00
10.00
66.79
66.79
4387.14
4387.14
1474.39
1474.39
1333.07
1333.07
4941.83
1102.05
1102.05
1102.05
1138.74
1138.74
103.77
103.77
86.95
86.95
6894.07
6894.07
6210.04
6210.04
111.59
111.59
52.74
52.74
943.56
943.56
3248.30
3248.30
858.59
858.59
4109.82
4109.82
6694.14
6694.14
6418.05
6418.05
6786.69
6786.69
4932.58
4932.58
2228.10
2228.10
59.47
59.47
16.23
16.23
578.11
578.11
17.01
17.01
6765.16
6765.16
36.88
36.88
51.84
51.84
11.05
11.05
2774.60
2774.60
38.06
38.06
20.77
20.77
3740.93
3740.93
5271.62
5271.62
2083.13
2083.13
182.74
182.74
50.75
50.75
168.20
168.20
52.85
52.85
618.89
618.89
1070.21
1070.21
93.17
93.17
49.80
49.80
1086.60
1086.60
12.22
12.22
6742.82
6742.82
10.00
10.00
32.76
32.76
1418.31
1418.31
136.77
136.77
30.96
30.96
3110.87
3110.87
5266.30
5266.30
1338.86
1338.86
11.42
11.42
997.16
997.16
11.46
11.46
21.21
21.21
80.88
80.88
10.94
10.94
45.85
45.85
5318.73
5318.73
4993.62
4993.62
602.94
602.94
10.54
10.54
456.85
456.85
181.22
181.22
119.97
119.97
216.65
216.65
1073.27
1073.27
45.64
45.64
63.67
63.67
180.36
180.36
69.23
69.23
40.50
40.50
394.12
394.12
546.75
546.75
6741.77
6741.77
4351.02
4351.02
53.79
53.79
18.58
18.58
51.43
51.43
6937.61
6937.61
2837.68
2837.68
1431.88
1431.88
95.48
95.48
123.40
123.40
141.31
141.31
233.19
233.19
366.10
366.10
3428.25
3428.25
118.95
118.95
1116.49
1116.49
2874.01
2874.01
220.41
220.41
6944.21
6944.21
6119.26
6119.26
6836.75
6836.75
4570.88
4570.88
6837.83
6837.83
3350.85
3350.85
1222.78
1222.78
405.93
405.93
105.35
105.35
364.63
364.63
45.97
45.97
5783.40
5783.40
49.22
49.22
5886.02
5886.02
6671.66
6671.66
1020.68
1020.68
94.30
94.30
1059.69
1059.69
15.79
15.79
104.64
104.64
2715.18
2715.18
176.25
176.25
3697.65
3697.65
6921.89
6921.89
24.71
24.71
5661.09
5661.09
553.45
553.45
945.68
945.68
200.51
200.51
1032.11
1032.11
895.22
895.22
10.95
10.95
108.96
108.96
1670.66
1670.66
6049.19
6049.19
796.33
796.33
50.77
50.77
127.58
127.58
35.77
35.77
3465.54
3465.54
63.66
63.66
4844.84
4844.84
143.59
143.59
4426.82
4426.82
678.31
678.31
3468.88
3468.88
1059.82
1059.82
7282.68
7282.68
1090.93
1090.93
766.02
766.02
1776.83
1776.83
4578.99
4578.99
313.41
313.41
66.36
66.36
2216.71
2216.71
1319.98
1319.98
330.29
330.29
3749.43
3749.43
25.17
25.17
6528.35
6528.35
1592.86
1592.86
97.23
97.23
6069.41
6069.41
1477.15
1477.15
13.82
13.82
1076.51
1076.51
4101.31
4101.31
6708.95
6708.95
1008.69
1008.69
6917.45
6917.45
722.70
722.70
133.74
133.74
733.93
733.93
15.54
15.54
187.30
187.30
1098.92
1098.92
5948.26
5948.26
1086.71
1086.71
1509.38
1509.38
14.47
14.47
6914.20
6914.20
45.78
45.78
1077.91
1077.91
180.44
180.44
50.97
50.97
376.91
376.91
70.17
70.17
39.30
39.30
56.16
56.16
844.57
844.57
88.83
88.83
76.59
76.59
85.04
85.04
829.92
829.92
41.82
41.82
27.62
27.62
1055.11
1055.11
122.05
122.05
97.25
97.25
1087.18
1087.18
94.05
94.05
1076.74
1076.74
66.68
66.68
192.14
192.14
306.58
306.58
17.75
17.75
26.74
26.74
51.84
51.84
1377.89
1377.89
3770.76
3770.76
4761.20
4761.20
3882.57
3882.57
205.06
205.06
15.26
15.26
33.96
33.96
1117.95
1117.95
5209.92
5209.92
4202.22
4202.22
16.97
16.97
202.88
202.88
31.87
31.87
145.66
145.66
76.98
76.98
20.57
20.57
118.15
118.15
1075.67
1075.67
4870.17
4870.17
5386.26
5386.26
1744.85
1744.85
14.98
14.98
80.29
80.29
188.82
188.82
1039.53
1039.53
1384.98
1384.98
893.29
893.29
6467.52
6467.52
4698.12
4698.12
6728.27
6728.27
5913.27
5913.27
5917.31
5917.31
4116.22
4116.22
4116.22
1170.81
1828.78
1828.78
5216.73
5216.73
6656.11
6656.11
1504.80
1504.80
1631.76
1631.76
20.94
20.94
5430.32
5430.32
3427.75
3427.75
745.18
745.18
54.43
54.43
1024.80
1024.80
101.12
101.12
5203.14
5203.14
1870.93
1870.93
26.17
26.17
6830.66
6830.66
78.55
78.55
176.80
176.80
6651.39
6651.39
24.54
24.54
40.72
40.72
578.06
578.06
817.56
817.56
2943.13
2943.13
6124.03
6124.03
6864.97
6864.97
4401.46
4401.46
2271.27
2271.27
494.14
494.14
20.05
20.05
133.30
133.30
1078.68
1078.68
13.69
13.69
11.81
11.81
90.90
90.90
249.86
249.86
1074.64
1074.64
203.03
203.03
6842.71
6842.71
109.54
109.54
5192.99
5192.99
6209.10
6209.10
599.66
599.66
4690.56
4690.56
201.87
201.87
5168.42
5168.42
5168.42
6662.35
2724.37
2724.37
6709.30
6709.30
3661.11
3661.11
2191.66
2191.66
4346.60
4346.60
426.46
426.46
200.48
200.48
5182.02
5182.02
127.20
127.20
10.00
10.00
13.79
13.79
114.35
114.35
6197.65
6197.65
444.52
444.52
409.66
409.66
83.67
83.67
73.66
73.66
73.66
68.22
385.41
385.41
3894.52
3894.52
2862.88
2862.88
135.60
135.60
33.41
33.41
6772.40
6772.40
14.05
14.05
913.94
913.94
6728.41
6728.41
29.42
29.42
39.88
39.88
86.36
86.36
6684.47
6684.47
6694.93
6694.93
6879.57
6879.57
262.33
262.33
6767.81
6767.81
2446.47
2446.47
147.59
147.59
147.59
5292.56
5157.91
5157.91
23.27
23.27
6663.65
6663.65
6097.57
6097.57
6097.57
6921.95
2412.41
2412.41
4302.18
4302.18
424.99
424.99
5287.96
5287.96
772.33
772.33
772.33
2652.02
6447.14
6447.14
6447.14
6660.20
6660.20
7159.96
7159.96
2005.21
2005.21
529.65
529.65
603.15
603.15
6598.70
6598.70
1052.25
1052.25
220.16
220.16
3918.38
3918.38
912.65
912.65
4917.79
4917.79
22.63
22.63
2266.34
2266.34
1063.63
1063.63
3626.08
3626.08
7092.12
7092.12
263.83
263.83
639.20
639.20
1068.27
1068.27
419.05
419.05
6831.34
6831.34
4625.84
4625.84
897.49
897.49
752.74
752.74
2245.27
2245.27
1071.32
1071.32
6378.31
6378.31
781.43
781.43
6778.11
6778.11
1873.36
1873.36
6825.81
6825.81
2451.13
2451.13
6989.45
6989.45
383.95
383.95
6818.86
6818.86
334.98
334.98
6995.43
6995.43
1096.35
1096.35
2370.02
2370.02
1211.36
1211.36
299.18
299.18
6767.06
6767.06
1107.08
1107.08
2281.97
2281.97
6787.89
6787.89
6719.82
6719.82
3191.63
3191.63
3960.24
3960.24
129.05
129.05
5688.31
5688.31
337.87
337.87
174.98
174.98
3730.90
3730.90
4518.63
4518.63
1095.17
1095.17
6346.79
6346.79
160.52
160.52
216.81
216.81
6728.58
6728.58
7019.62
7019.62
66.37
66.37
201.56
201.56
902.61
902.61
6884.00
6884.00
450.71
450.71
10.02
10.02
6232.18
6232.18
32.70
32.70
2124.24
2124.24
10.00
10.00
141.90
141.90
319.12
319.12
51.11
51.11
1084.48
1084.48
343.14
343.14
65.49
65.49
41.30
41.30
124.84
124.84
1069.07
1069.07
3700.38
3700.38
1128.40
1128.40
4773.65
4773.65
328.69
328.69
1019.11
1019.11
6925.39
6925.39
5205.96
5205.96
5458.15
5458.15
613.76
613.76
1845.60
1845.60
6778.03
6778.03
1086.73
1086.73
6611.43
6611.43
6780.32
6780.32
969.95
969.95
90.38
90.38
916.07
916.07
6723.41
6723.41
2895.86
2895.86
5407.03
5407.03
3316.00
3316.00
2809.15
2809.15
328.21
328.21
29.35
29.35
1995.05
1995.05
1069.18
1069.18
240.67
240.67
269.44
269.44
1261.05
1261.05
1230.99
1230.99
6522.49
6522.49
160.63
160.63
82.70
82.70
3076.09
3076.09
130.49
130.49
1090.75
1090.75
6144.91
6144.91
13.92
13.92
2838.24
2838.24
6715.53
6715.53
12.68
12.68
6984.10
6984.10
1095.96
1095.96
20.23
20.23
222.71
222.71
85.21
85.21
407.45
407.45
22.22
22.22
69.06
69.06
1078.29
1078.29
4398.19
4398.19
42.66
42.66
341.79
341.79
2535.51
2535.51
6814.35
6814.35
7140.84
7140.84
2642.53
2642.53
199.04
199.04
154.38
154.38
154.38
59.66
59.66
153.59
1079.29
1079.29
6745.83
6745.83
12.84
12.84
6172.82
6172.82
1030.06
1030.06
2622.27
2622.27
4180.85
4180.85
6841.90
6841.90
6834.05
6834.05
16.32
16.32
6615.61
6615.61
6772.88
6772.88
2448.38
2448.38
4112.78
4112.78
1832.33
1832.33
36.38
36.38
36.38
1001.28
1094.08
1094.08
6491.05
6491.05
1077.31
1077.31
6752.16
6752.16
6768.30
6768.30
5345.85
5345.85
3156.63
3156.63
7194.65
7194.65
2226.51
2226.51
53.59
53.59
20.84
20.84
110.18
110.18
1064.75
1064.75
69.79
69.79
4502.48
4502.48
770.16
770.16
14.96
14.96
6619.28
6619.28
5387.78
5387.78
1057.45
1057.45
192.93
192.93
2800.83
2800.83
1779.03
1779.03
36.81
36.81
6676.89
6676.89
10.00
10.00
1205.37
1205.37
160.04
160.04
498.27
498.27
1620.73
1620.73
2363.66
2363.66
804.32
804.32
851.10
851.10
4619.83
4619.83
17.71
17.71
392.32
392.32
1047.22
1047.22
4823.11
4823.11
95.34
95.34
95.34
95.34
95.34
95.34
95.34
95.34
95.34
95.34
95.34
95.34
84.39
84.39
84.39
84.39
1980.91
96.99
4237.51
4740.52
2916.29
650.06
1076.29
1076.29
13.02
13.02
5678.26
5678.26
37.94
37.94
6524.49
6524.49
6866.27
6866.27
5693.19
5693.19
293.30
293.30
16.13
16.13
16.13
6161.18
36.30
36.30
1316.49
1316.49
2686.45
2686.45
301.44
301.44
1241.83
1241.83
6929.93
6929.93
1078.73
1078.73
141.72
141.72
1312.56
1312.56
6860.24
6860.24
6784.89
6784.89
99.55
99.55
461.07
461.07
1061.02
1061.02
78.79
78.79
6916.05
6916.05
4307.98
4307.98
4307.98
1349.01
10.00
10.00
13.93
13.93
961.80
961.80
454.93
454.93
454.93
5553.38
6745.74
6745.74
126.46
126.46
1068.00
1068.00
26.65
26.65
4831.99
4831.99
1650.86
1650.86
45.06
45.06
542.99
542.99
1168.92
1168.92
891.35
891.35
6858.47
6858.47
14.38
14.38
565.56
565.56
22.39
22.39
5173.04
5173.04
42.40
42.40
84.77
84.77
112.40
112.40
2357.32
2357.32
47.88
47.88
276.95
276.95
2990.94
2990.94
301.92
301.92
162.59
162.59
261.06
261.06
3854.90
3854.90
1228.35
1228.35
4482.10
4482.10
1004.67
1004.67
238.01
238.01
238.40
238.40
1395.63
1395.63
48.21
48.21
1050.67
1050.67
3007.81
3007.81
393.47
393.47
51.08
51.08
6796.45
6796.45
1091.58
1091.58
529.88
529.88
4070.59
4070.59
6800.38
6800.38
6666.18
6666.18
10.00
10.00
10.00
5424.60
175.62
175.62
5400.02
5400.02
6675.96
6675.96
63.16
63.16
63.16
4129.27
1031.01
1031.01
5134.36
5134.36
3576.48
3576.48
92.99
92.99
74.22
74.22
284.76
284.76
4726.92
4726.92
4716.06
4716.06
2976.78
2976.78
818.55
818.55
110.94
110.94
1177.93
1177.93
2629.73
2629.73
14.79
14.79
921.37
921.37
1233.26
1233.26
2342.95
2342.95
6616.38
6616.38
6616.38
2742.34
10.00
10.00
2796.97
2796.97
97.34
97.34
6063.07
6063.07
10.00
10.00
52.82
52.82
3856.14
3856.14
3856.14
6810.32
6810.32
46.45
85.90
85.90
13.84
13.84
6366.59
6366.59
6805.98
6805.98
1768.77
1768.77
6776.39
6776.39
6776.39
1425.20
1567.10
1567.10
1066.19
1066.19
814.77
814.77
29.46
29.46
1097.14
1097.14
6796.45
6796.45
6099.78
6099.78
178.57
178.57
5724.16
5724.16
6795.89
6795.89
21.86
21.86
163.25
163.25
5434.30
5434.30
1079.62
1079.62
780.19
780.19
6763.47
6763.47
2369.26
2369.26
90.66
90.66
4304.62
4304.62
4304.62
4274.44
1060.88
1060.88
4217.43
4217.43
399.23
399.23
2126.73
2126.73
6844.24
6844.24
6878.78
6878.78
175.00
175.00
1099.76
1099.76
40.30
40.30
33.82
33.82
127.00
127.00
314.90
314.90
22.05
22.05
183.20
183.20
10.17
