# 1Hz Kbps trace generated by import_real_world_traces.py
1505.32
1327.28
1327.28
982.53
982.53
1680.27
1680.27
727.54
727.54
406.06
406.06
1064.35
1064.35
714.93
714.93
741.44
741.44
55.49
55.49
95.20
95.20
67.45
67.45
1028.42
1028.42
626.53
626.53
516.11
516.11
580.08
580.08
873.38
873.38
148.69
148.69
192.13
192.13
716.96
716.96
895.64
895.64
1262.47
1262.47
702.21
702.21
14.97
14.97
372.62
372.62
406.04
406.04
406.04
406.04
406.04
406.04
978.26
978.26
664.08
664.08
875.40
875.40
156.98
156.98
103.17
103.17
103.17
103.17
46.34
46.34
588.36
588.36
1030.98
1030.98
483.59
483.59
438.07
438.07
344.06
344.06
371.72
371.72
754.09
754.09
617.92
617.92
622.46
622.46
980.44
980.44
786.75
786.75
21.92
21.92
890.71
890.71
1311.18
1311.18
12.74
12.74
939.97
939.97
586.18
586.18
400.67
400.67
535.31
535.31
420.25
420.25
13.76
13.76
360.21
360.21
53.27
53.27
391.91
391.91
391.91
280.37
280.37
97.42
444.27
444.27
747.83
747.83
940.54
940.54
661.62
661.62
556.41
556.41
556.41
324.24
324.24
324.24
551.83
551.83
551.83
223.27
223.27
223.27
205.78
205.78
548.11
811.26
123.76
123.76
889.77
889.77
889.77
526.24
526.24
597.84
597.84
365.02
365.02
406.70
406.70
406.70
564.63
564.63
899.81
1100.24
1100.24
1100.24
234.41
234.41
504.26
985.41
985.41
921.06
177.54
177.54
98.85
98.85
850.41
850.41
1132.60
1132.60
1229.38
1229.38
1197.09
1197.09
977.12
977.12
293.05
293.05
293.05
293.05
664.09
664.09
744.11
807.58
807.58
623.85
754.94
754.94
808.20
808.20
808.20
688.82
688.82
688.82
695.33
917.51
811.07
811.07
408.12
408.12
1078.83
1078.83
1543.78
1543.78
1081.50
1081.50
778.34
778.34
1222.25
1222.25
802.08
802.08
716.13
716.13
11.69
11.69
953.70
953.70
695.45
695.45
623.98
623.98
623.98
623.98
953.78
1139.21
1139.21
1497.65
1415.62
1415.62
1170.82
1170.82
868.59
868.59
746.03
746.03
746.03
733.08
733.08
733.08
384.32
384.32
384.32
483.19
483.19
557.86
557.86
690.50
690.50
517.94
401.66
442.73
442.73
442.73
415.73
415.73
415.73
457.28
457.28
178.91
178.91
178.91
407.42
407.42
407.42
360.71
360.71
360.71
575.52
553.26
553.26
642.33
642.33
454.68
570.08
570.08
244.93
244.93
733.83
1039.91
1039.91
749.51
749.51
757.00
757.00
999.44
999.44
553.17
553.17
97.06
97.06
487.53
801.88
801.88
629.09
629.09
1041.11
1056.88
1056.88
1018.24
1018.24
1459.66
1031.39
1031.39
429.13
429.13
496.73
496.73
496.73
1233.32
1233.32
1354.58
1416.46
1416.46
910.37
910.37
568.36
568.36
1477.21
1477.21
1389.67
1389.67
1389.67
908.64
1135.68
1135.68
574.52
574.52
574.52
456.15
456.15
602.74
602.74
740.11
740.11
1099.92
274.13
274.13
274.13
955.73
955.73
955.73
955.73
826.02
826.02
826.02
1237.25
652.06
652.06
640.90
953.77
953.77
953.77
1347.18
121.79
121.79
121.79
121.79
379.74
379.74
1027.35
1610.06
1708.55
1708.55
754.51
754.51
1283.32
1283.32
641.53
641.53
337.57
337.57
337.57
22.00
22.00
455.13
255.24
255.24
255.24
255.24
1156.75
1156.75
1156.75
1156.75
187.55
187.55
187.55
427.75
777.39
1022.08
1592.85
1592.85
1980.51
1980.51
573.45
573.45
1108.48
1108.48
1108.48
1456.12
1456.12
68.07
68.07
1018.13
966.31
966.31
966.31
795.80
795.80
931.60
931.60
983.27
816.72
816.72
383.06
383.06
1500.14
1500.14
515.70
515.70
1204.30
1204.30
327.55
327.55
327.55
1572.17
51.65
51.65
101.50
101.50
101.50
1347.22
1347.22
10.00
1396.13
1396.13
542.61
542.61
1185.06
1185.06
836.97
836.97
1435.45
1435.45
1242.50
1242.50
1305.90
1305.90
1305.90
273.40
273.40
273.40
211.75
211.75
211.75
610.11
610.11
369.00
369.00
546.65
546.65
535.50
535.50
668.61
668.61
316.90
316.90
316.90
648.12
648.12
589.98
589.98
589.98
589.98
541.39
541.39
541.39
541.39
481.72
481.72
372.50
372.50
405.83
155.64
410.77
410.77
410.77
470.82
135.84
135.84
859.74
859.74
859.74
482.81
147.42
147.42
147.42
428.49
428.49
308.75
659.40
659.40
12.73
12.73
617.22
287.47
287.47
287.47
603.07
603.07
797.44
483.85
960.98
960.98
960.98
253.99
253.99
253.99
655.36
655.36
472.29
472.29
472.29
757.88
757.88
760.09
14.17
14.17
694.97
694.97
694.97
733.35
733.35
916.05
916.05
672.46
672.46
1047.24
1047.24
1147.87
1147.87
1241.98
1241.98
696.30
696.30
1474.43
1474.43
811.92
811.92
1001.82
1001.82
350.07
