# 1Hz Kbps trace generated by import_real_world_traces.py
146.79
146.79
146.79
146.79
146.79
45.61
45.61
45.61
123.37
123.37
123.37
123.37
123.37
93.21
93.21
93.21
93.21
30.52
122.19
122.19
541.68
618.65
618.65
224.75
224.75
224.75
224.75
224.75
224.75
224.75
605.78
264.09
264.09
70.91
70.91
70.91
403.84
403.84
22.44
22.44
22.44
22.44
22.44
22.44
113.21
113.21
113.21
30.49
30.49
29.88
101.49
153.59
466.74
520.39
520.39
520.39
459.69
459.69
459.69
454.91
454.91
454.91
38.68
38.68
58.00
58.00
349.75
10.00
10.00
156.59
156.59
140.18
153.51
252.00
416.72
527.47
527.47
527.47
107.58
107.58
107.58
1142.91
45.66
45.66
240.10
240.10
240.10
240.10
240.10
240.10
240.10
150.46
150.46
150.46
97.01
97.01
423.39
470.71
552.72
516.74
491.41
491.41
491.41
491.41
183.30
183.30
183.30
183.30
183.30
183.30
183.30
161.22
161.22
134.07
134.07
612.15
620.40
601.15
235.92
235.92
633.87
633.87
623.67
623.67
623.67
623.67
36.48
362.44
362.44
362.44
512.28
512.28
512.28
512.28
512.28
512.28
139.19
153.20
317.45
164.72
164.72
128.31
128.31
62.55
191.46
562.06
562.06
470.44
470.44
618.24
620.68
648.07
648.07
648.07
619.30
619.30
619.30
619.30
619.30
619.30
619.30
619.30
161.61
161.61
161.61
184.89
184.89
519.15
56.10
552.20
635.08
304.45
304.45
260.50
260.50
44.64
44.64
127.32
127.32
127.32
127.32
127.32
127.32
127.32
127.32
127.32
127.32
127.32
312.06
391.67
598.44
467.29
376.56
376.56
376.56
622.47
622.47
609.91
609.91
614.05
614.05
614.05
614.05
614.05
614.05
90.31
90.31
90.31
621.89
439.39
439.39
632.14
617.13
624.15
622.17
628.16
37.53
274.66
274.66
269.36
326.11
626.74
622.00
622.00
217.37
217.37
217.37
217.37
217.37
217.37
217.37
217.37
217.37
217.37
217.37
217.37
217.37
108.06
108.06
311.46
10.00
54.29
54.29
103.92
82.98
523.62
388.28
388.28
603.54
603.54
603.54
222.43
97.02
97.02
97.02
162.04
162.04
162.04
61.29
61.29
61.29
119.07
119.07
119.07
121.33
121.33
121.33
121.33
121.33
121.33
422.99
613.80
620.52
617.25
617.25
637.29
637.29
590.38
590.38
590.38
635.07
635.07
635.07
635.07
635.07
635.07
525.15
525.15
604.87
604.87
604.87
23.68
23.68
23.68
23.68
23.68
207.27
382.21
200.51
200.51
275.38
551.72
558.39
558.39
618.68
618.68
618.68
128.48
128.48
128.48
128.48
128.48
128.48
128.48
237.53
237.53
10.00
10.00
30.24
30.24
43.99
43.99
198.45
417.77
632.91
588.47
588.47
588.47
607.54
607.54
10.00
10.00
10.00
10.00
154.60
154.60
154.60
154.60
202.64
202.64
202.64
15.89
196.76
196.76
196.76
436.33
593.96
593.96
593.96
593.96
199.59
199.59
199.59
199.59
199.59
199.59
595.51
595.51
37.14
37.14
37.14
37.14
122.96
339.89
621.11
621.11
10.00
274.77
119.73
488.02
488.02
397.08
626.64
626.64
626.64
626.64
626.64
626.64
626.64
626.64
149.51
149.51
149.51
149.51
104.65
182.32
195.18
195.18
240.36
346.98
346.98
346.98
19.70
339.50
162.18
613.87
613.87
620.62
620.62
623.12
623.12
623.12
623.12
623.12
108.78
108.78
108.78
270.92
616.18
616.18
193.45
193.45
193.45
193.45
193.45
193.45
193.45
193.45
193.45
193.45
15.22
15.22
482.76
621.54
396.79
617.74
617.74
617.74
617.74
617.74
617.74
93.99
455.47
623.44
576.38
576.38
576.61
576.61
611.65
611.65
611.65
153.11
153.11
25.71
25.71
25.71
616.02
616.02
616.02
616.02
109.73
109.73
107.19
107.19
107.19
88.80
88.80
88.80
88.80
128.76
476.48
616.06
564.59
537.21
537.21
537.21
537.21
537.21
537.21
537.21
537.21
348.50
167.45
462.85
462.85
413.62
616.38
616.38
606.12
633.14
633.14
623.70
623.70
589.29
589.29
589.29
589.29
589.29
589.29
589.29
589.29
589.29
589.29
628.13
15.62
240.21
128.93
112.84
112.84
112.84
112.84
96.08
96.08
96.08
143.58
149.08
149.08
428.94
645.76
622.96
618.42
622.64
622.64
626.22
626.22
626.22
626.22
626.22
626.22
626.22
626.22
626.22
626.22
626.22
132.98
132.98
132.98
228.82
634.69
617.38
548.18
548.18
10.00
10.00
599.75
478.05
478.05
478.05
478.05
478.05
478.05
478.05
478.05
478.05
367.18
367.18
582.69
238.90
238.90
238.90
120.22
120.22
120.22
120.22
120.22
120.22
120.22
120.22
120.22
120.22
82.38
82.38
82.38
82.38
118.66
118.66
624.49
434.88
581.11
623.39
464.64
575.81
575.81
575.81
575.81
575.81
575.81
575.81
70.65
70.65
70.65
70.65
70.65
633.55
587.74
636.33
599.59
599.59
599.59
60.31
60.31
60.31
89.06
128.60
655.96
627.65
627.65
627.65
600.82
600.82
602.45
602.45
602.45
602.45
104.91
104.91
104.91
104.91
104.91
380.24
562.34
379.80
595.88
595.88
626.53
521.21
521.21
521.21
521.21
521.21
521.21
165.97
165.97
165.97
165.97
97.71
217.85
37.66
98.25
115.86
183.21
103.37
10.00
10.00
10.00
126.89
126.89
126.89
115.20
115.20
115.20
121.02
121.02
149.48
168.13
715.75
715.75
561.59
561.59
561.59
561.59
148.88
148.88
148.88
82.22
82.22
10.00
10.00
134.45
134.45
459.14
621.31
20.15
20.15
20.15
20.15
20.15
100.81
100.81
100.81
100.81
100.81
100.81
100.81
100.81
100.81
131.57
131.57
121.54
121.54
102.95
391.60
607.06
607.06
607.06
124.83
124.83
124.83
107.47
107.47
67.73
67.73
67.73
67.73
14.81
14.81
14.81
150.89
150.89
238.45
238.45
238.45
179.96
179.96
179.96
130.59
168.20
242.38
242.38
627.85
600.74
605.53
195.27
195.27
195.27
195.27
22.67
22.67
22.67
22.67
22.67
70.20
70.20
70.20
70.20
571.47
284.15
629.74
626.49
626.49
637.93
671.28
671.28
671.28
137.95
137.95
137.95
137.95
137.95
137.95
276.21
276.21
116.63
116.63
116.63
24.23
24.23
352.31
352.31
603.73
603.73
615.12
456.54
456.54
456.54
178.58
178.58
178.58
176.00
176.00
176.00
121.52
121.52
121.52
151.41
151.41
151.41
151.41
174.08
174.08
174.08
108.08
106.94
106.94
251.13
278.19
278.19
29.65
316.65
44.84
44.84
106.72
106.72
297.28
297.28
629.59
629.59
426.02
426.02
623.09
27.66
27.66
27.66
27.66
27.66
29.75
29.75
29.75
226.74
497.81
497.81
497.81
497.81
497.81
497.81
497.81
105.65
105.65
45.27
