# 1Hz Kbps trace generated by import_real_world_traces.py
942.56
23.95
986.13
986.13
977.99
1793.42
1793.42
1793.42
1793.42
270.34
270.34
270.34
270.34
88.99
88.99
1243.21
1243.21
1859.05
1859.05
289.16
289.16
1869.04
1869.04
1869.04
10.00
10.00
271.37
271.37
1024.95
1024.95
101.31
1856.99
1831.29
1866.38
1866.38
1887.72
1887.72
1607.04
1607.04
12.13
12.13
1770.15
1770.15
71.31
71.31
436.88
436.88
436.88
337.58
337.58
162.70
162.70
162.70
678.34
678.34
660.69
660.69
799.09
799.09
1101.84
1813.65
1813.65
1749.18
1892.88
1892.88
1833.51
1833.51
10.00
10.00
1810.95
1810.95
1883.67
1883.67
1874.39
1874.39
1817.85
1817.85
1861.45
1861.45
1630.05
1630.05
362.00
362.00
367.90
367.90
1195.04
1195.04
37.81
37.81
37.81
912.84
912.84
564.26
1020.33
1020.33
178.09
178.09
28.26
28.26
28.26
26.01
26.01
26.01
255.17
255.17
255.17
1833.60
1833.60
277.48
552.29
552.29
1007.03
1188.23
1188.23
29.01
29.01
143.99
143.99
678.58
678.58
1841.19
25.61
25.61
10.52
10.52
1054.69
1054.69
758.60
758.60
17.87
17.87
1851.88
1851.88
1566.32
1566.32
187.34
187.34
1678.93
1678.93
43.12
43.12
465.03
465.03
465.03
13.58
106.66
106.66
123.20
123.20
123.20
123.20
52.42
52.42
1785.95
1785.95
757.27
757.27
1836.18
1836.18
302.52
302.52
124.64
124.64
124.64
160.58
160.58
160.58
107.06
107.06
107.06
107.06
640.20
640.20
640.20
640.20
268.29
268.29
268.29
268.29
268.29
268.29
527.46
527.46
1000.32
1000.32
1829.88
1829.88
254.58
1842.40
1440.26
1440.26
1248.76
1248.76
1839.51
320.61
1829.73
947.99
1164.79
1832.37
