# 1Hz Kbps trace generated by import_real_world_traces.py
2241.49
3457.89
2934.09
3349.49
3349.49
3349.49
3349.49
3349.49
3349.49
3349.49
3349.49
3349.49
3349.49
3956.05
3956.05
3848.71
3848.71
3627.36
3627.36
3844.73
3844.73
3962.16
3962.16
3845.29
3845.29
4008.71
4008.71
4008.71
4008.71
4008.71
4008.71
2945.65
2945.65
2945.65
2945.65
2945.65
2945.65
2945.65
2945.65
2945.65
2945.65
2945.65
2945.65
2945.65
2945.65
3753.65
3753.65
3833.30
3833.30
3898.62
3898.62
3262.85
3262.85
3262.85
3262.85
3262.85
3262.85
3262.85
3262.85
1341.52
1341.52
3451.47
3451.47
3282.86
3282.86
3282.86
3282.86
3282.86
3282.86
3282.86
3282.86
2678.01
2678.01
3699.54
3699.54
3813.19
3813.19
4066.82
4066.82
3994.72
3994.72
3716.64
3716.64
3962.62
3962.62
3962.62
3962.62
3962.62
3962.62
3962.62
3962.62
3962.62
3962.62
3962.62
3962.62
3962.62
3962.62
3962.62
3962.62
3962.62
3962.62
3962.62
3962.62
3962.62
3962.62
3962.62
3962.62
3962.62
3962.62
3936.41
3936.41
3936.41
3936.41
3936.41
3936.41
3936.41
3936.41
3936.41
3936.41
4080.11
4080.11
3885.68
3885.68
3885.68
3885.68
411.50
411.50
1421.01
1421.01
1421.01
1421.01
1421.01
1421.01
1421.01
1421.01
1421.01
1421.01
1503.67
1503.67
1503.67
1503.67
1503.67
1503.67
1503.67
1503.67
1503.67
1503.67
1503.67
1503.67
1503.67
1503.67
1503.67
1503.67
1503.67
1503.67
1503.67
1503.67
1503.67
1503.67
1503.67
1503.67
1503.67
1503.67
1612.40
1612.40
1612.40
1612.40
1735.48
1735.48
1735.48
1735.48
1735.48
1735.48
1735.48
1735.48
1735.48
1735.48
1735.48
1735.48
1735.48
1735.48
1735.48
1735.48
1735.48
1735.48
1735.48
1735.48
1735.48
1735.48
1735.48
1735.48
1735.48
1735.48
1735.48
1735.48
1735.48
1735.48
1735.48
1735.48
1735.48
1735.48
1735.48
1735.48
1735.48
1735.48
1735.48
1735.48
1735.48
1735.48
1735.48
1735.48
1735.48
1735.48
1735.48
1735.48
1735.48
1735.48
1735.48
1735.48
1735.48
1735.48
1735.48
1735.48
1735.48
1735.48
1735.48
1735.48
1735.48
1735.48
1735.48
1735.48
1735.48
1735.48
1735.48
1735.48
1735.48
1735.48
1735.48
1735.48
1735.48
1735.48
1735.48
1735.48
1735.48
1735.48
1735.48
1735.48
1735.48
1735.48
1735.48
1735.48
1735.48
1735.48
1735.48
1735.48
1735.48
1735.48
1735.48
1735.48
1735.48
1735.48
1735.48
2897.47
2897.47
2625.25
2625.25
3281.01
3281.01
3412.84
3412.84
3401.19
3401.19
3512.72
3512.72
3512.72
3512.72
3512.72
3512.72
3512.72
3512.72
3512.72
3512.72
3512.72
3512.72
3512.72
3512.72
3512.72
3512.72
3512.72
3512.72
3461.45
3461.45
3461.45
3461.45
3461.45
3461.45
3461.45
3461.45
3461.45
3461.45
3461.45
3461.45
3461.45
3461.45
3461.45
3461.45
2689.55
2689.55
2689.55
2689.55
3103.19
3103.19
3103.19
3103.19
3103.19
3103.19
3103.19
3103.19
3103.19
3103.19
3103.19
3103.19
3103.19
3103.19
3103.19
3103.19
3103.19
3103.19
3103.19
3103.19
3103.19
3103.19
3103.19
3103.19
3103.19
3103.19
3103.19
3103.19
3103.19
3103.19
3103.19
3103.19
3775.02
3775.02
3775.02
3775.02
3775.02
3775.02
3775.02
3775.02
3775.02
3775.02
3775.02
3775.02
3775.02
3775.02
3775.02
3775.02
3775.02
3775.02
3775.02
3775.02
3775.02
3775.02
3775.02
3775.02
3775.02
3775.02
3775.02
3775.02
3259.04
3259.04
3214.61
3214.61
3198.79
3198.79
3074.41
3074.41
3190.68
3190.68
3194.37
3194.37
2512.02
2512.02
3223.91
3223.91
3315.14
3315.14
3338.22
3338.22
3345.42
3345.42
3159.19
3159.19
2667.75
2667.75
2816.79
2816.79
2816.79
2816.79
2816.79
2816.79
2816.79
2816.79
2816.79
2816.79
2816.79
2816.79
2816.79
2816.79
2816.79
2816.79
2816.79
2816.79
2816.79
2816.79
2816.79
2816.79
2816.79
2816.79
2816.79
2816.79
2816.79
2816.79
2816.79
2816.79
2816.79
2816.79
2816.79
2816.79
2816.79
2816.79
3343.37
3343.37
3343.37
3343.37
3343.37
3343.37
3343.37
3343.37
3343.37
3343.37
3343.37
3343.37
3343.37
3343.37
3240.93
3240.93
3240.93
3240.93
3352.16
3352.16
3352.16
3352.16
3352.16
3352.16
3352.16
3352.16
3352.16
3352.16
3352.16
3352.16
3352.16
3352.16
3389.79
3389.79
3337.51
3337.51
3565.91
3565.91
3565.91
3565.91
3565.91
3565.91
3565.91
3565.91
3565.91
3565.91
3565.91
3565.91
3565.91
3565.91
3565.91
3565.91
3565.91
3565.91
3565.91
3565.91
3565.91
3565.91
3565.91
3565.91
3565.91
3565.91
3565.91
3565.91
3565.91
3565.91
3565.91
3565.91
3565.91
3565.91
3565.91
3565.91
3565.91
3565.91
3565.91
3565.91
3565.91
3565.91
3565.91
3565.91
3565.91
3565.91
3565.91
3565.91
3565.91
3565.91
3565.91
3565.91
3565.91
3565.91
3614.20
3614.20
3614.20
3614.20
3614.20
3614.20
3614.20
3614.20
3614.20
3614.20
3614.20
3614.20
3614.20
3614.20
3614.20
3614.20
3614.20
3614.20
3614.20
3614.20
3614.20
3614.20
3614.20
3614.20
3614.20
3614.20
3769.14
3769.14
3856.52
3856.52
3647.85
3647.85
3661.89
3661.89
3844.18
3844.18
3844.18
3844.18
3844.18
3844.18
3844.18
3844.18
3844.18
3844.18
3844.18
3844.18
3844.18
3844.18
3844.18
3844.18
3844.18
3844.18
3844.18
3844.18
3844.18
3844.18
2829.27
2829.27
2829.27
2829.27
2680.39
2680.39
2680.39
2680.39
2680.39
2680.39
2938.23
2938.23
2938.23
2938.23
2938.23
2938.23
2938.23
2938.23
2825.03
2825.03
2753.17
2753.17
3001.14
3001.14
2998.31
2998.31
2553.47
2553.47
2927.84
2927.84
3216.00
3216.00
2562.46
2562.46
3199.82
3199.82
3206.68
3206.68
3109.14
3109.14
3122.91
3122.91
3107.35
3107.35
2989.65
2989.65
2116.37
2116.37
2568.64
2568.64
2719.42
2719.42
3126.31
3126.31
2431.45
2431.45
2526.95
2526.95
2526.95
2526.95
2212.34
2212.34
2040.93
2040.93
2345.33
2345.33
2368.79
2368.79
1941.12
1941.12
1995.52
1995.52
2314.53
2314.53
2612.65
2612.65
2182.16
2182.16
2926.90
2926.90
2926.90
2919.81
2919.81
2807.78
2807.78
2956.23
2956.23
3467.97
3467.97
2949.80
2949.80
3506.13
3506.13
3905.88
3905.88
3344.57
3344.57
4001.06
4001.06
4001.06
4001.06
4001.06
4001.06
4001.06
4001.06
4001.06
3892.10
3892.10
3892.10
3892.10
3892.10
3892.10
3892.10
3892.10
3892.10
3892.10
3892.10
3892.10
3967.40
3967.40
3967.40
3967.40
