# 1Hz Kbps trace generated by import_real_world_traces.py
468.98
744.63
446.49
13.84
115.16
115.16
1166.91
1166.91
944.30
3922.36
12.99
12.99
2597.85
2597.85
423.68
423.68
1993.42
1993.42
5685.15
5685.15
2979.46
2979.46
29.98
29.98
1146.77
1146.77
2830.22
2830.22
56.67
56.67
53.68
53.68
1178.27
1178.27
178.39
178.39
399.11
399.11
399.11
399.11
13.33
13.33
56.14
56.14
1108.25
1108.25
93.00
93.00
64.40
64.40
157.35
157.35
1046.17
1046.17
15.56
15.56
4782.96
4782.96
3635.86
3635.86
977.63
977.63
2165.14
2165.14
17.83
17.83
755.46
755.46
427.02
427.02
1018.59
1018.59
2379.82
2379.82
135.78
135.78
185.15
185.15
459.87
459.87
91.75
91.75
2197.77
2197.77
934.76
934.76
1676.85
1676.85
72.87
72.87
157.73
157.73
77.48
77.48
3765.24
3765.24
63.28
63.28
26.51
26.51
1023.51
1023.51
509.61
509.61
14.32
14.32
1497.17
1497.17
100.60
100.60
85.69
85.69
34.04
34.04
44.30
44.30
839.57
839.57
16.30
16.30
10.00
10.00
14.61
14.61
120.62
120.62
2203.70
2203.70
931.13
931.13
13.67
13.67
29.80
29.80
4509.90
4509.90
2808.69
2808.69
19.18
19.18
136.77
136.77
10.00
10.00
10.00
40.89
40.89
186.17
186.17
186.17
65.38
65.38
65.38
269.18
269.18
13.25
13.67
1089.79
1089.79
39.18
39.18
39.18
32.91
32.91
32.91
12.83
12.83
1263.01
1263.01
60.92
60.92
321.97
321.97
177.60
303.92
303.92
144.44
79.13
79.13
79.13
917.46
917.46
1254.90
1254.90
5014.70
5014.70
3230.30
3230.30
5387.60
5387.60
27.24
27.24
5326.41
5326.41
2591.80
2591.80
890.29
890.29
2712.89
2712.89
759.19
759.19
2295.77
2295.77
3626.36
3626.36
115.75
115.75
1935.14
1935.14
94.73
94.73
104.33
104.33
556.22
556.22
3280.00
3280.00
3283.70
3283.70
3719.94
3719.94
20.89
20.89
1570.13
1570.13
10.00
10.00
197.83
197.83
928.79
928.79
13.33
13.33
1453.59
1453.59
327.04
327.04
5215.02
5215.02
1091.78
1091.78
73.30
73.30
2769.71
2769.71
6437.85
6437.85
3305.76
3305.76
6069.19
6069.19
2864.77
2864.77
6517.79
6517.79
3551.95
3551.95
1408.31
1408.31
535.46
535.46
40.49
40.49
21.18
21.18
202.17
202.17
39.44
39.44
3154.86
3154.86
2168.60
2168.60
1891.37
1891.37
37.44
37.44
937.05
937.05
261.66
261.66
39.45
39.45
166.19
166.19
414.08
414.08
1288.06
1288.06
140.08
140.08
1692.72
1692.72
1607.64
1607.64
3673.42
3673.42
1681.99
1681.99
4689.31
4689.31
1014.59
1014.59
3875.67
3875.67
843.94
843.94
296.94
296.94
2649.44
2649.44
16.34
16.34
13.09
13.09
693.14
693.14
36.77
36.77
289.24
289.24
14.90
14.90
69.03
69.03
900.87
900.87
12.75
12.75
12.75
190.37
190.37
69.59
69.59
510.15
510.15
2937.95
2937.95
497.19
497.19
65.03
65.03
442.44
442.44
233.38
233.38
61.85
61.85
15.66
15.66
15.36
15.36
517.63
517.63
45.27
45.27
728.11
728.11
484.39
484.39
31.91
31.91
31.91
83.98
83.98
3060.76
3060.76
5340.41
5340.41
1599.48
1599.48
5967.24
5967.24
496.20
496.20
908.11
908.11
5970.03
5970.03
166.77
166.77
1179.29
1179.29
2071.38
2071.38
4185.99
4185.99
2135.38
2135.38
41.47
41.47
97.82
97.82
83.80
83.80
177.07
177.07
2703.61
2703.61
2703.61
2262.13
2262.13
13.19
13.19
80.28
80.28
330.01
330.01
1654.60
1654.60
78.92
78.92
2644.85
2644.85
4153.56
4153.56
305.32
305.32
836.70
836.70
4329.95
4329.95
119.99
119.99
936.98
936.98
4603.61
4603.61
63.72
63.72
13.66
13.66
76.87
76.87
10.00
10.00
80.10
80.10
80.10
940.11
940.11
10.00
10.00
3711.67
3711.67
4844.92
4844.92
5949.76
5949.76
4353.41
4353.41
1858.89
1858.89
666.46
666.46
1275.51
1275.51
30.58
