# 1Hz Kbps trace generated by import_real_world_traces.py
1048.49
552.50
552.50
552.50
1626.57
1626.57
3240.74
3204.38
3204.38
1711.70
1711.70
3870.82
3870.82
4053.48
4053.48
801.32
801.32
2100.32
2100.32
314.36
314.36
5275.66
5275.66
5028.86
5028.86
5633.58
5633.58
101.87
101.87
748.70
748.70
156.55
156.55
3777.31
3777.31
7837.20
7837.20
7770.35
7770.35
7359.81
7359.81
6596.13
6596.13
6101.07
6101.07
1336.07
1336.07
6838.79
6838.79
3188.29
3188.29
7466.25
7466.25
7929.41
7929.41
389.03
389.03
7501.32
7501.32
2170.44
2170.44
7627.85
7627.85
5109.99
5109.99
2297.00
2297.00
7664.36
7664.36
15.66
15.66
169.40
169.40
6320.89
6320.89
6320.89
3553.32
3657.28
3657.28
4445.70
4445.70
1862.64
1862.64
3508.21
3508.21
2125.92
2125.92
7509.24
7509.24
7803.90
7803.90
2629.88
2629.88
7409.49
7409.49
7722.71
7722.71
7722.71
7722.71
1349.17
1349.17
2990.40
2990.40
7944.95
7944.95
4052.91
4052.91
7700.88
7700.88
7425.16
7425.16
7969.32
7969.32
4493.77
4493.77
84.89
84.89
5361.96
5361.96
2361.11
2361.11
3997.42
3997.42
1587.74
1587.74
3252.94
3252.94
4823.27
4823.27
3713.98
3713.98
4808.07
4808.07
2312.45
2312.45
2158.96
2158.96
5201.25
5201.25
5892.87
5892.87
4942.15
4942.15
4748.06
4748.06
7591.81
7591.81
3195.12
3195.12
3539.06
3539.06
3892.94
3892.94
3892.94
3892.94
3892.94
3892.94
3892.94
3892.94
3892.94
3892.94
3892.94
3892.94
3892.94
3892.94
7183.85
7183.85
3306.52
3306.52
6931.53
6931.53
7643.49
7643.49
5661.72
5661.72
126.29
126.29
205.43
205.43
7702.38
7702.38
2867.11
2867.11
3194.71
3194.71
972.33
972.33
27.19
27.19
3403.20
3403.20
152.56
152.56
862.35
862.35
5429.92
5429.92
863.34
863.34
4159.25
4159.25
7549.68
7549.68
135.39
135.39
8171.59
8171.59
7499.04
7499.04
347.49
347.49
3067.87
3067.87
649.11
649.11
3007.22
3007.22
7899.40
7899.40
5783.39
5783.39
3094.67
3094.67
5238.31
5238.31
4517.77
4517.77
900.69
900.69
6662.96
6662.96
7917.74
7917.74
1244.17
1244.17
8108.14
8108.14
3111.86
3111.86
5875.01
5875.01
3245.88
3245.88
916.66
916.66
2245.48
2245.48
2285.70
2285.70
4571.78
4571.78
6397.64
6397.64
4030.73
4030.73
7773.74
7773.74
7021.51
7021.51
7289.69
7289.69
7891.69
7891.69
7376.62
7376.62
8002.62
8002.62
907.28
907.28
5786.23
5786.23
8041.23
8041.23
7274.25
7274.25
916.40
916.40
67.82
67.82
185.02
185.02
1827.97
1827.97
4425.94
4425.94
1354.57
1354.57
6631.28
6631.28
799.58
799.58
1556.56
1556.56
7882.23
7882.23
5155.72
5155.72
8327.43
8327.43
5572.90
5572.90
2155.04
2155.04
865.24
865.24
7822.70
7822.70
831.36
831.36
16.96
16.96
469.70
469.70
7655.07
7655.07
5247.55
5247.55
3735.74
3735.74
3936.65
3936.65
6715.57
6715.57
33.94
33.94
2551.14
2551.14
1825.04
1825.04
7853.63
7853.63
5308.38
5308.38
1936.12
1936.12
274.60
274.60
968.76
968.76
215.54
215.54
425.30
425.30
1771.38
1771.38
7053.57
7053.57
404.43
404.43
4285.62
4285.62
2159.33
2159.33
7818.81
7818.81
1792.91
1792.91
7929.01
7929.01
7487.60
7487.60
7531.42
7531.42
5615.67
5615.67
802.41
802.41
802.41
5228.64
5228.64
267.90
267.90
15.67
15.67
4091.58
4091.58
2838.55
2838.55
2944.14
7339.24
7339.24
7339.24
5087.64
5087.64
1189.94
1189.94
7498.97
7498.97
7751.55
7751.55
7374.14
7374.14
7945.49
7945.49
7696.49
7696.49
7696.49
7696.49
7696.49
7696.49
7321.56
7321.56
7321.56
7321.56
7321.56
7321.56
7321.56
7321.56
7321.56
7321.56
7321.56
7321.56
104.84
104.84
2740.29
2740.29
127.77
127.77
3645.14
3645.14
3660.20
3660.20
3660.20
3660.20
4094.28
4094.28
2487.92
2487.92
171.99
171.99
438.75
438.75
1418.41
1418.41
6912.01
6912.01
7197.36
7197.36
815.21
815.21
7709.48
7709.48
7691.05
7691.05
8145.03
8145.03
7784.70
7784.70
3830.14
3830.14
3830.14
3830.14
3830.14
3830.14
3830.14
3830.14
4042.69
4042.69
4042.69
4042.69
4042.69
4042.69
5796.54
5796.54
7743.90
7743.90
6741.12
6741.12
3108.18
3108.18
5938.75
5938.75
3329.47
3329.47
363.96
363.96
7930.56
7930.56
7989.01
7989.01
4754.14
4754.14
4754.14
4754.14
7454.03
7454.03
7454.03
7454.03
7454.03
7454.03
7454.03
7454.03
6474.39
6474.39
6474.39
6474.39
6474.39
6474.39
6474.39
6474.39
1795.10
1795.10
1846.30
1846.30
6769.14
6769.14
6910.68
6910.68
4161.33
4161.33
6676.10
6676.10
6172.37
6172.37
7208.66
7208.66
6890.72
6890.72
7168.23
7168.23
6727.59
6727.59
2628.26
2628.26
2628.26
2628.26
2628.26
2628.26
6553.03
6553.03
5318.91
5318.91
4835.09
4835.09
7193.08
7193.08
5065.03
5065.03
5065.03
5065.03
5065.03
5065.03
6885.70
6885.70
6335.55
6335.55
7051.82
7051.82
16.95
16.95
5321.06
5321.06
6659.16
6659.16
877.19
877.19
7302.09
7302.09
6460.58
6460.58
6648.14
6648.14
4004.81
4004.81
6371.60
6371.60
5981.90
5981.90
205.80
205.80
3476.46
3476.46
6946.01
6946.01
7979.64
7979.64
6576.20
6576.20
7516.44
7516.44
5954.15
5954.15
7900.84
7900.84
1042.81
1042.81
1763.39
1763.39
4216.12
4216.12
5878.92
5878.92
800.13
800.13
4170.37
4170.37
1888.71
1888.71
1910.48
1910.48
3342.95
3342.95
7462.21
7462.21
7296.35
7296.35
2184.24
2184.24
7557.79
7557.79
4886.28
4886.28
306.37
306.37
627.18
627.18
6436.32
6436.32
2924.78
2924.78
862.70
862.70
642.93
642.93
644.82
644.82
5259.32
5259.32
5457.12
5457.12
860.58
860.58
1184.03
1184.03
456.81
456.81
118.59
118.59
5931.21
5931.21
10.00
10.00
67.78
67.78
832.46
832.46
4259.38
4259.38
7566.93
7566.93
2471.22
2471.22
33.91
33.91
813.68
813.68
496.29
496.29
254.53
254.53
109.13
109.13
1660.30
1660.30
169.37
169.37
710.42
710.42
1076.19
1076.19
50.93
50.93
453.85
453.85
1618.40
1618.40
4002.22
4002.22
972.26
972.26
2949.88
2949.88
5261.03
5261.03
7882.06
7882.06
5737.53
5737.53
1872.56
1872.56
12.07
12.07
183.49
183.49
135.58
135.58
499.17
499.17
16.93
16.93
288.35
288.35
2981.87
2981.87
7662.51
7662.51
3728.06
3728.06
7120.17
7120.17
5086.36
5086.36
236.92
236.92
1194.44
1194.44
863.18
863.18
4283.46
4283.46
3154.35
3154.35
3798.52
3798.52
152.71
152.71
15.66
15.66
118.57
118.57
862.75
862.75
233.76
233.76
2791.43
2791.43
6147.34
6147.34
880.52
880.52
6741.33
6741.33
7565.55
7565.55
7819.07
7819.07
5305.96
5305.96
7912.91
7912.91
8061.58
8061.58
5470.22
5470.22
847.10
847.10
2545.07
2545.07
1149.68
1149.68
264.45
264.45
1002.13
1002.13
118.83
118.83
961.75
961.75
5868.01
5868.01
7872.63
7872.63
7875.73
7875.73
7187.88
7187.88
1143.64
1143.64
5880.70
5880.70
2067.26
2067.26
8195.69
8195.69
958.60
958.60
1951.96
1951.96
185.97
185.97
2306.64
2306.64
664.19
664.19
152.42
152.42
58.27
58.27
7216.60
7216.60
6578.27
6578.27
7747.50
7747.50
7126.71
7126.71
3489.74
3489.74
2076.74
2076.74
5865.51
5865.51
94.44
94.44
101.79
101.79
7556.97
7556.97
7323.37
7323.37
7373.67
7373.67
800.70
800.70
7991.79
7991.79
6312.54
6312.54
475.01
475.01
254.78
254.78
1028.10
1028.10
2944.74
2944.74
802.17
802.17
536.18
536.18
203.42
203.42
2187.08
2187.08
84.81
84.81
2444.76
2444.76
355.23
355.23
1682.42
1682.42
12.74
12.74
7048.64
7048.64
2389.71
2389.71
1316.69
1316.69
5330.23
5330.23
31.33
31.33
3108.38
3108.38
7054.75
7054.75
3178.28
3178.28
6334.32
6334.32
1814.64
1814.64
6268.35
6268.35
7795.30
7795.30
455.80
455.80
47.04
47.04
1659.90
1659.90
118.67
118.67
3202.72
3202.72
3976.56
3976.56
2160.52
2160.52
6165.62
6165.62
1850.14
1850.14
654.69
654.69
802.89
802.89
118.62
118.62
3348.83
3348.83
1354.23
1354.23
4136.53
4136.53
800.41
800.41
3070.93
3070.93
56.55
56.55
50.89
50.89
655.67
655.67
622.20
622.20
87.99
87.99
2541.58
2541.58
7852.56
7852.56
664.80
664.80
218.69
218.69
2947.04
2947.04
1143.77
1143.77
61.08
61.08
507.61
507.61
7581.72
7581.72
2728.44
2728.44
24.13
24.13
11.31
11.31
801.19
801.19
305.30
305.30
8032.44
8032.44
3664.49
3664.49
3664.49
3664.49
3664.49
3664.49
3664.49
3664.49
3664.49
3664.49
3664.49
3664.49
3664.49
3664.49
3726.28
3726.28
3726.28
3726.28
3726.28
3726.28
3726.28
3726.28
3726.28
3726.28
3726.28
3726.28
3726.28
3726.28
3726.28
3726.28
3726.28
3726.28
3726.28
3726.28
3726.28
3726.28
3804.04
3804.04
651.02
651.02
1970.71
1970.71
2405.40
2405.40
2550.18
2550.18
2608.76
2608.76
3939.15
3939.15
3979.23
3979.23
3979.23
3979.23
3979.23
3979.23
49.73
49.73
32.67
32.67
846.06
846.06
3821.32
3821.32
4749.14
4749.14
4749.14
4749.14
6014.10
6014.10
4441.42
4441.42
6053.47
6053.47
4669.16
4669.16
6432.54
6432.54
24.00
24.00
1414.88
1414.88
4308.21
4308.21
7849.56
7849.56
802.65
802.65
5918.17
5918.17
802.00
802.00
7873.05
7873.05
6408.00
6408.00
94.10
94.10
149.99
149.99
6496.35
6496.35
7605.24
7605.24
7605.24
7605.24
229.29
229.29
7182.21
7182.21
12.43
12.43
4901.97
4901.97
7690.66
7690.66
7704.72
7704.72
7704.72
7704.72
7704.72
7704.72
7761.73
7761.73
827.91
827.91
3674.34
3674.34
8058.75
8058.75
4978.50
4978.50
1558.77
1558.77
3067.86
3067.86
2136.94
2136.94
7917.78
7917.78
7917.78
7917.78
7917.78
7917.78
8015.54
8015.54
7465.57
7465.57
7640.02
7640.02
7331.09
7331.09
3923.57
3923.57
77.33
77.33
92.73
92.73
800.64
800.64
78.89
78.89
53.25
53.25
325.37
325.37
181.00
181.00
163.01
163.01
11.99
11.99
24.62
24.62
140.49
140.49
623.43
623.43
7770.97
7770.97
464.35
464.35
747.88
747.88
1458.63
1458.63
879.09
879.09
20.34
20.34
7542.89
7542.89
7992.65
7992.65
6426.81
6426.81
4610.21
4610.21
7104.73
7104.73
11.44
11.44
5261.58
5261.58
3050.74
3050.74
801.99
801.99
45.59
45.59
800.90
800.90
83.92
83.92
356.25
356.25
150.97
150.97
84.43
84.43
4217.19
4217.19
15.74
15.74
659.68
659.68
5430.92
5430.92
3605.58
3605.58
25.45
25.45
27.74
27.74
660.09
660.09
691.86
691.86
11.97
11.97
47.99
47.99
7370.50
7370.50
7226.44
7226.44
4497.25
4497.25
2653.02
2653.02
4219.01
4219.01
91.91
91.91
124.44
124.44
94.37
94.37
1099.56
1099.56
6027.72
6027.72
42.85
42.85
42.85
15.71
203.79
203.79
15.62
15.62
2427.46
2427.46
23.01
23.01
81.45
81.45
7021.15
7021.15
7409.84
7409.84
2758.28
2758.28
7697.63
7697.63
2170.87
2170.87
5614.55
5614.55
4650.43
4650.43
7879.44
7879.44
15.68
15.68
6085.74
6085.74
7644.24
7644.24
105.50
105.50
7868.12
7868.12
6945.92
6945.92
6974.85
6974.85
5241.52
5241.52
5662.29
5662.29
1787.89
1787.89
4573.60
4573.60
6147.86
6147.86
7667.19
7667.19
169.76
169.76
3737.32
3737.32
791.37
791.37
101.35
101.35
203.11
203.11
5267.35
5267.35
799.96
799.96
1286.36
1286.36
3483.93
3483.93
8037.66
8037.66
135.56
135.56
850.17
850.17
316.38
316.38
800.97
800.97
901.03
901.03
15.60
15.60
125.37
125.37
23.41
23.41
863.82
863.82
11.32
11.32
3686.03
3686.03
92.06
92.06
213.63
213.63
845.58
845.58
845.12
845.12
845.28
845.28
8081.98
8081.98
2469.67
2469.67
7588.55
7588.55
1013.12
1013.12
34.50
34.50
2221.53
2221.53
1410.45
1410.45
107.77
107.77
7250.68
7250.68
7256.62
7256.62
2926.97
2926.97
7794.14
7794.14
5830.43
5830.43
2320.29
2320.29
3270.11
3270.11
6666.31
6666.31
7783.78
7783.78
198.52
198.52
7121.49
7121.49
148.37
148.37
814.78
814.78
863.64
863.64
1146.65
1146.65
1146.65
3415.13
3415.13
7679.45
7679.45
8009.48
8009.48
7788.32
7788.32
2800.13
2800.13
6773.90
6773.90
4721.75
4721.75
802.93
802.93
970.03
970.03
4908.08
4908.08
31.95
31.95
142.69
142.69
10.33
10.33
47.10
47.10
2309.27
2309.27
2931.52
2931.52
15.96
15.96
59.99
59.99
6263.58
6263.58
800.90
800.90
7189.08
7189.08
1557.44
1557.44
143.75
143.75
120.04
120.04
1927.21
1927.21
5172.28
5172.28
247.15
247.15
222.20
222.20
577.99
577.99
877.98
877.98
3201.43
3201.43
626.16
626.16
5194.34
5194.34
717.42
717.42
801.05
801.05
786.69
786.69
863.08
863.08
179.35
179.35
11.32
11.32
87.52
87.52
323.53
323.53
32.18
32.18
949.85
949.85
3429.68
3429.68
89.11
89.11
421.85
421.85
3049.69
3049.69
3273.52
3273.52
35.94
35.94
7743.55
7743.55
3618.97
3618.97
6012.73
6012.73
390.06
390.06
117.33
117.33
10.71
10.71
12.00
12.00
371.98
371.98
6361.04
6361.04
785.41
785.41
44.80
44.80
802.30
802.30
93.78
93.78
36.56
36.56
13.57
13.57
6845.57
6845.57
802.38
802.38
102.24
102.24
135.24
135.24
7664.81
7664.81
13.57
13.57
801.54
801.54
143.61
143.61
1166.65
1166.65
449.38
449.38
50.92
50.92
257.83
257.83
168.02
168.02
802.05
802.05
127.22
127.22
325.27
325.27
304.57
304.57
95.25
95.25
801.88
801.88
177.80
177.80
2783.86
2783.86
334.07
334.07
76.27
76.27
799.69
799.69
436.78
436.78
801.51
801.51
115.48
115.48
861.46
861.46
67.91
67.91
418.37
418.37
46.90
46.90
509.45
509.45
61.48
61.48
470.44
470.44
26.18
26.18
25.49
25.49
4685.37
4685.37
800.83
800.83
3824.48
3824.48
860.77
860.77
20.27
20.27
51.25
51.25
862.03
862.03
2905.04
2905.04
2905.04
2905.04
1354.12
1354.12
681.44
681.44
2415.92
2415.92
2415.92
2415.92
3309.23
3309.23
3309.23
3309.23
3309.23
3309.23
7786.38
7786.38
6633.46
6633.46
848.55
848.55
3099.94
3099.94
3495.46
3495.46
3530.68
3530.68
3530.68
3530.68
3301.95
3301.95
3074.89
3074.89
3074.89
3074.89
3074.89
3074.89
3074.89
3074.89
7828.96
7828.96
7828.96
7828.96
7828.96
7828.96
7828.96
7828.96
7828.96
7828.96
771.10
771.10
2917.63
2917.63
2917.63
2917.63
7812.16
7812.16
800.38
800.38
6205.86
6205.86
6205.86
6205.86
1855.28
1855.28
3487.91
3487.91
3487.91
3487.91
6665.32
6665.32
6989.30
6989.30
156.01
156.01
7106.14
7106.14
8249.76
8249.76
7934.25
7934.25
7202.60
7202.60
7427.80
7427.80
7979.25
7979.25
7979.25
7979.25
7979.25
7979.25
7979.25
7979.25
7979.25
7979.25
2228.53
2228.53
3169.07
3169.07
3169.07
3169.07
3169.07
3169.07
3169.07
3169.07
3169.07
3169.07
2343.75
2343.75
5228.42
5228.42
156.85
156.85
7871.18
7871.18
800.65
800.65
626.55
626.55
801.30
801.30
10.00
10.00
832.76
832.76
1450.13
1450.13
147.02
147.02
4738.98
4738.98
2561.54
2561.54
801.40
801.40
2753.42
2753.42
44.47
44.47
14.56
14.56
115.23
115.23
791.51
791.51
1608.13
1608.13
6263.40
6263.40
731.28
731.28
13.59
13.59
846.46
846.46
3879.66
3879.66
3215.00
3215.00
4991.47
4991.47
27.11
27.11
4174.10
4174.10
7986.68
7986.68
5313.24
5313.24
127.18
127.18
11.42
11.42
1326.80
1326.80
70.11
70.11
11.96
11.96
7108.82
7108.82
801.58
801.58
7720.32
7720.32
140.15
140.15
91.94
91.94
127.57
127.57
71.70
71.70
338.48
338.48
1517.57
1517.57
416.24
416.24
534.36
534.36
84.39
84.39
50.81
50.81
861.82
861.82
919.36
919.36
976.48
976.48
3678.44
3678.44
7479.79
7479.79
800.74
800.74
147.89
147.89
30.60
30.60
1020.54
1020.54
626.29
626.29
24.06
24.06
339.46
339.46
1590.15
1590.15
220.82
220.82
3104.27
3104.27
15.67
15.67
1921.18
1921.18
3932.11
3932.11
254.23
254.23
2370.66
2370.66
7992.03
7992.03
611.56
611.56
205.74
205.74
538.01
538.01
22.72
22.72
5771.84
5771.84
8080.18
8080.18
800.80
800.80
7458.33
7458.33
3777.63
3777.63
8228.02
8228.02
53.24
53.24
200.17
200.17
118.75
118.75
35.95
35.95
10.00
10.00
4302.13
4302.13
1546.59
1546.59
11.32
11.32
542.24
542.24
284.06
284.06
5895.45
5895.45
32.42
32.42
7745.17
7745.17
135.57
135.57
2466.92
2466.92
7636.26
7636.26
391.24
391.24
1872.68
1872.68
3882.40
3882.40
50.91
50.91
416.54
416.54
203.80
203.80
659.62
659.62
6129.53
6129.53
2053.80
2053.80
7702.38
7702.38
203.53
203.53
12.51
12.51
519.79
519.79
41.67
41.67
85.86
85.86
78.55
78.55
101.66
101.66
178.10
178.10
861.38
861.38
3652.83
3652.83
800.80
800.80
84.74
84.74
191.08
191.08
864.70
864.70
16.96
16.96
1563.99
1563.99
3260.59
3260.59
203.66
203.66
10.00
10.00
152.55
152.55
69.55
69.55
3283.59
3283.59
830.17
830.17
203.72
203.72
189.08
189.08
3887.38
3887.38
4356.58
4356.58
59.81
59.81
463.06
463.06
16.80
16.80
46.12
46.12
2989.70
2989.70
800.30
800.30
6854.42
6854.42
2994.53
2994.53
239.47
239.47
288.35
288.35
51.23
51.23
219.18
219.18
36.49
36.49
2196.11
2196.11
7530.89
7530.89
130.05
130.05
118.78
118.78
800.99
800.99
3647.17
3647.17
1495.01
1495.01
458.12
458.12
10.00
10.00
862.67
862.67
135.53
135.53
802.64
802.64
2172.76
2172.76
74.90
74.90
7237.65
7237.65
7199.09
7199.09
7937.99
7937.99
13.55
13.55
3133.76
3133.76
646.44
646.44
6317.65
6317.65
7885.00
7885.00
6874.45
6874.45
748.17
748.17
2458.89
2458.89
47.11
47.11
7547.55
7547.55
83.30
83.30
799.54
799.54
7608.20
7608.20
622.43
622.43
49.78
49.78
7925.75
7925.75
5900.85
5900.85
7731.32
7731.32
5768.60
5768.60
42.38
42.38
83.24
83.24
1392.59
1392.59
4001.35
4001.35
7187.69
7187.69
77.81
77.81
5693.43
5693.43
100.01
100.01
1890.53
1890.53
45.25
45.25
4523.17
4523.17
801.52
801.52
2356.80
2356.80
158.40
158.40
15.68
15.68
1077.22
1077.22
3026.36
3026.36
8096.34
8096.34
863.01
863.01
234.59
234.59
74.34
74.34
14.55
14.55
14.55
14.55
14.55
14.55
14.55
14.55
14.55
14.55
14.55
14.55
14.55
14.55
14.55
14.55
14.55
14.55
14.55
14.55
14.55
14.55
14.55
8169.00
8169.00
8169.00
946.73
594.72
594.72
41.43
37.21
37.21
440.60
440.60
38.20
38.20
5131.99
5131.99
7458.74
7458.74
7492.75
7492.75
6638.12
6638.12
7054.09
7054.09
7405.00
7405.00
2227.40
2227.40
3697.59
3697.59
3697.59
3697.59
3697.59
3697.59
847.76
847.76
2943.48
2943.48
7635.91
7635.91
7635.91
7635.91
7635.91
