# 1Hz Kbps trace generated by import_real_world_traces.py
2382.08
2573.58
2062.85
2939.53
2864.54
2553.57
2912.57
2912.57
2593.80
2593.80
1551.10
1551.10
2921.16
2921.16
2623.33
2623.33
2301.51
2301.51
2331.08
2331.08
2080.56
2080.56
2318.56
2318.56
2241.54
2241.54
2579.08
2579.08
1883.68
1883.68
2451.47
2451.47
1994.12
1994.12
2627.41
2627.41
2709.70
2709.70
2264.95
2264.95
2619.57
2619.57
2538.69
2538.69
2538.69
2538.69
1546.69
1546.69
1546.69
1546.69
1546.69
1546.69
1546.69
1546.69
2298.57
2298.57
2298.57
2298.57
2298.57
2298.57
2298.57
2298.57
2298.57
2298.57
2298.57
2298.57
2521.10
2521.10
2681.75
2681.75
1961.93
1961.93
1961.93
1961.93
1961.93
1961.93
1961.93
1961.93
1961.93
1961.93
1961.93
1961.93
1961.93
1961.93
1961.93
