# 1Hz Kbps trace generated by import_real_world_traces.py
28.49
545.99
1260.87
981.41
1297.26
1250.67
1215.88
1215.88
2968.44
2968.44
1761.87
1761.87
889.85
889.85
1300.96
1300.96
608.74
608.74
286.02
286.02
717.12
717.12
348.41
348.41
348.41
1136.24
1081.30
1081.30
1081.30
770.73
770.73
787.65
787.65
781.23
781.23
1334.78
1334.78
15.50
15.50
61.56
61.56
10.80
10.80
10.80
485.17
485.17
503.77
503.77
35.37
52.35
52.35
759.00
759.00
175.20
175.20
858.26
858.26
457.26
936.85
936.85
936.85
169.59
169.59
313.79
313.79
646.60
646.60
21.63
1316.31
1316.31
1316.31
871.59
871.59
421.70
421.70
2989.29
2989.29
1060.74
71.20
71.20
71.20
10.00
794.33
794.33
794.33
1118.38
1118.38
10.00
10.00
519.58
519.58
1434.58
42.43
42.43
10.50
10.50
10.50
10.00
10.00
165.41
165.41
38.82
667.17
667.17
667.17
455.92
645.49
645.49
645.49
1284.54
1284.54
1195.01
1195.01
362.50
362.50
47.17
47.17
1213.58
1213.58
944.44
944.44
119.14
14.25
14.25
14.25
75.88
75.88
75.88
75.88
990.38
990.38
990.38
984.19
984.19
984.19
568.11
568.11
568.11
568.11
250.97
250.97
250.97
44.59
132.47
132.47
132.47
132.47
370.67
1299.44
1299.44
531.39
150.32
150.32
289.67
145.11
145.11
394.57
394.57
394.57
358.44
358.44
358.44
358.44
851.51
851.51
851.51
10.48
10.48
43.73
268.54
346.61
346.61
350.73
334.77
334.77
334.77
25.63
25.63
25.63
1130.69
1130.69
1130.69
1141.99
678.93
678.93
1248.56
1609.87
1609.87
1609.87
1609.87
926.61
926.61
123.39
123.39
554.01
554.01
941.08
941.08
721.86
721.86
1158.57
1158.57
1158.57
1241.07
1241.07
23.93
1292.01
10.00
10.00
1214.54
669.94
669.94
715.32
462.87
462.87
746.05
746.05
56.12
56.12
621.39
621.39
769.75
1058.51
1058.51
1058.51
105.43
21.40
21.40
21.40
1251.24
1251.24
902.49
902.49
14.30
14.30
1276.69
1276.69
14.50
14.50
732.04
732.04
1657.67
1657.67
1657.67
1178.70
1178.70
669.25
669.25
669.25
1672.09
1672.09
1672.09
1672.09
23.11
23.11
1035.06
1035.06
666.93
666.93
1315.63
1315.63
672.06
575.75
575.75
575.75
1862.14
3307.71
3307.71
3307.71
3709.22
3709.22
681.33
681.33
1566.00
1566.00
1181.82
1181.82
193.77
193.77
1972.43
1972.43
1370.40
1370.40
295.03
295.03
1184.79
1184.79
282.13
282.13
1330.73
1330.73
304.45
304.45
1052.01
1052.01
722.45
722.45
1210.18
1210.18
10.52
10.52
2842.70
2842.70
821.79
821.79
3202.24
3202.24
3202.24
3202.24
1296.67
1296.67
1296.67
1296.67
874.87
874.87
874.87
874.87
1178.32
1178.32
1178.32
1178.32
1256.63
1256.63
1256.63
733.75
733.75
733.75
1201.99
1201.99
1201.99
1201.99
770.97
770.97
477.80
1305.88
1693.01
1094.00
1064.29
1064.29
10.00
10.00
630.02
630.02
1263.77
1263.77
1782.47
1782.47
1377.62
1377.62
26.73
26.73
1280.19
1280.19
13.81
13.81
1139.65
1139.65
1442.48
1442.48
1194.72
1194.72
10.00
10.00
344.88
344.88
3448.86
3448.86
1783.95
1783.95
27.82
27.82
2199.47
2199.47
2139.48
2139.48
935.62
935.62
1631.05
1631.05
1608.10
1608.10
1317.13
1317.13
1794.04
1794.04
1773.24
1773.24
31.20
31.20
1478.60
1478.60
1364.46
1364.46
1605.96
1605.96
1529.61
1529.61
67.66
67.66
1307.32
1307.32
424.03
424.03
1305.19
1305.19
1431.61
1431.61
42.81
42.81
1604.30
1604.30
102.60
102.60
1456.12
1456.12
700.91
700.91
2082.70
2082.70
1088.34
1088.34
10.00
10.00
1114.44
1114.44
172.01
172.01
1512.29
1512.29
1313.03
1313.03
235.16
235.16
593.01
593.01
856.59
856.59
844.43
844.43
42.73
42.73
10.00
10.00
40.91
40.91
40.91
53.74
53.74
688.74
688.74
688.74
519.11
1083.82
1083.82
712.25
674.21
674.21
674.21
674.21
1302.27
1302.27
1302.27
1302.27
1302.27
1302.27
32.35
32.35
281.04
281.04
591.70
591.70
122.81
122.81
58.37
58.37
437.72
437.72
919.87
