# 1Hz Kbps trace generated by import_real_world_traces.py
1854.20
104.05
50.91
372.11
10.00
23.88
23.88
287.66
287.66
823.73
823.73
1892.20
1892.20
4549.63
4549.63
64.57
64.57
10.00
10.00
902.88
902.88
10.00
10.00
10.00
10.00
48.96
48.96
18.98
18.98
184.64
184.64
146.37
146.37
869.89
869.89
196.38
196.38
855.21
855.21
4175.80
4175.80
3499.04
3499.04
3499.04
3499.04
4227.80
4227.80
914.28
914.28
27.17
27.17
1879.89
1879.89
4836.80
4836.80
5130.27
5130.27
5790.34
5790.34
4963.09
4963.09
4827.04
4827.04
5529.85
5529.85
5303.96
5303.96
2150.41
2150.41
868.51
868.51
1313.63
1313.63
5145.37
5145.37
4968.98
4968.98
10.93
10.93
5534.46
5534.46
5795.01
5795.01
3638.91
3638.91
4874.83
4874.83
5041.39
5041.39
3735.70
3735.70
45.51
45.51
4451.87
4451.87
3715.19
