# 1Hz Kbps trace generated by import_real_world_traces.py
2265.80
1392.16
1403.61
1403.61
2179.43
1972.76
1972.76
1508.72
524.95
438.70
1461.19
1520.45
1635.87
1943.93
1943.93
323.98
224.89
1841.01
1841.01
346.41
34.08
34.08
26.53
26.53
238.67
238.67
238.67
1105.00
1582.68
1582.68
2051.61
2051.61
2007.17
2007.17
116.79
116.79
116.79
28.68
28.68
28.68
659.78
659.78
1535.08
1767.98
1767.98
1860.39
1860.39
552.38
552.38
119.65
1551.20
1551.20
584.45
584.45
699.31
699.31
313.08
313.08
313.08
430.96
430.96
1713.52
1713.52
1713.52
140.39
140.39
140.39
1953.37
1953.37
2174.43
2174.43
2174.43
2174.43
12.40
12.40
12.40
1288.91
1288.91
1288.91
51.36
49.57
49.57
1651.88
1651.88
1797.60
1797.60
1797.60
1797.60
1659.95
1659.95
1880.87
1859.77
2073.51
1942.08
1942.08
1482.10
1949.72
1949.72
1841.23
1841.23
2164.21
2164.21
1896.30
1896.30
1739.54
1739.54
1881.97
1881.97
1932.10
1932.10
1918.82
1918.82
1975.05
1975.05
1957.78
1957.78
2054.61
2054.61
1376.38
1376.38
798.77
798.77
590.62
590.62
1301.88
1301.88
1301.88
1301.88
1301.88
1895.50
1470.21
2151.32
1947.09
1947.09
1775.87
1775.87
2147.75
2147.75
1925.67
1925.67
2105.30
2105.30
2158.66
2158.66
1956.25
1956.25
2079.49
2079.49
1987.79
1987.79
1695.72
1695.72
1980.15
1980.15
2019.98
2019.98
10.00
10.00
1475.87
1475.87
1731.96
1731.96
1907.93
1907.93
1971.89
1971.89
1452.65
1452.65
1819.75
1819.75
2092.04
2092.04
2203.80
2203.80
2278.19
2278.19
1938.32
1938.32
2001.81
2001.81
1837.45
1837.45
2198.82
2198.82
2252.12
2252.12
2244.87
2244.87
1672.83
1672.83
2099.57
2099.57
1991.18
1991.18
1991.18
1991.18
1629.21
1629.21
1942.41
1942.41
1770.61
1770.61
2286.45
2286.45
1868.04
1868.04
1803.23
1803.23
1683.46
1683.46
548.73
548.73
548.73
694.48
694.48
251.66
251.66
251.66
2036.58
2036.58
2168.77
2168.77
2307.76
2307.76
1753.07
1753.07
2263.02
2263.02
2104.68
2104.68
2104.68
2104.68
1855.01
1855.01
617.46
617.46
2052.66
2052.66
1927.72
1927.72
2201.93
2201.93
274.33
274.33
2166.43
2166.43
694.86
694.86
694.86
395.65
395.65
1723.23
1723.23
1723.23
1246.37
1246.37
10.21
10.21
969.92
969.92
2219.25
2041.04
2041.04
1842.67
1842.67
1841.16
1276.57
1276.57
199.89
199.89
10.00
10.00
945.21
945.21
1809.43
1809.43
1093.07
1093.07
850.59
850.59
2157.56
2157.56
2188.81
2188.81
902.54
902.54
902.54
1598.63
1488.40
1488.40
2125.00
2125.00
2028.46
2028.46
2414.33
2414.33
2211.77
2211.77
2014.17
2014.17
2000.88
2000.88
2000.88
218.65
218.65
218.65
1300.11
1300.11
1300.11
940.54
940.54
940.54
1371.13
1371.13
1371.13
1245.70
1245.70
1980.06
1577.27
2295.06
1755.90
765.31
594.94
594.94
1351.43
1351.43
1351.43
2007.88
2007.88
2007.88
2007.88
1952.45
1144.60
1144.60
343.62
1528.32
10.96
10.96
1879.29
1879.29
28.23
28.23
28.23
87.23
87.23
87.23
1840.25
1840.25
557.90
557.90
1973.87
1973.87
19.71
443.68
238.65
238.65
17.57
17.57
1928.21
1928.21
1908.38
1908.38
2014.44
2014.44
1877.77
1877.77
1874.35
1874.35
15.84
15.84
1584.59
1584.59
1997.92
1997.92
1650.93
1650.93
2226.73
2226.73
195.97
195.97
1970.79
1970.79
329.99
329.99
313.74
313.74
313.74
1922.09
416.10
416.10
1765.30
1765.30
1605.34
1605.34
1769.29
1769.29
1596.06
1596.06
1928.63
1928.63
2011.28
2011.28
1803.15
1803.15
1803.15
137.64
137.64
137.64
1811.98
1811.98
1811.98
329.82
329.82
329.82
1952.30
1788.17
1817.02
2065.05
1675.93
1675.93
35.85
35.85
35.85
238.02
238.02
48.25
48.25
48.25
984.77
984.77
984.77
10.00
10.00
405.98
405.98
405.98
1575.37
1575.37
1575.37
401.35
656.15
1956.64
1956.64
250.97
250.97
1493.40
2171.46
2171.46
2134.08
2169.02
106.89
106.89
33.19
33.19
33.19
467.93
467.93
88.73
88.73
88.73
88.73
2077.99
2077.99
2077.99
2119.97
1528.26
822.94
822.94
93.37
93.37
1082.15
1082.15
13.16
13.16
13.16
426.58
426.58
426.58
59.38
59.38
59.38
464.35
298.16
298.16
298.16
2182.14
2182.14
1887.98
1887.98
1898.31
1898.31
1898.31
1937.39
1937.39
1260.39
1803.83
1803.83
2095.97
2095.97
1880.29
1880.29
1844.27
1844.27
1989.11
1989.11
1618.37
1618.37
191.13
191.13
1988.20
1988.20
2008.60
2008.60
1744.40
1744.40
2318.65
2318.65
2140.37
2140.37
2140.37
2140.37
1293.85
1293.85
1920.55
1920.55
1454.14
1454.14
1851.58
1851.58
1961.94
1961.94
2108.62
2108.62
1775.99
1775.99
1543.11
1543.11
2012.05
2012.05
2070.44
2070.44
2107.30
2107.30
2168.43
2168.43
1033.46
1033.46
1983.13
1983.13
1803.47
1803.47
1997.42
1997.42
1039.62
1039.62
2258.81
2258.81
2284.18
2284.18
427.69
427.69
896.30
896.30
1876.56
1876.56
257.25
257.25
1902.14
1902.14
1813.50
1813.50
2003.74
2003.74
1547.11
1547.11
1896.29
1896.29
1827.00
1827.00
1827.00
1827.00
1742.30
1742.30
2246.39
2246.39
2057.94
2057.94
2010.19
2010.19
2348.05
2348.05
2337.41
2337.41
2113.13
2113.13
2045.83
2045.83
1841.22
1841.22
1866.32
1866.32
1722.43
1722.43
2199.77
2199.77
1973.99
1973.99
10.00
10.00
686.30
686.30
1933.99
1933.99
1796.47
1796.47
2277.70
2277.70
1794.70
1794.70
185.14
185.14
2201.86
2201.86
1777.11
1777.11
33.86
33.86
409.79
409.79
1985.69
1985.69
2317.91
2317.91
541.88
541.88
872.49
872.49
1708.50
1708.50
15.77
15.77
1543.67
1543.67
2009.27
2009.27
2249.15
2249.15
1080.68
1080.68
2208.84
2208.84
1125.32
1125.32
1238.41
1238.41
17.10
17.10
543.94
543.94
1888.43
1888.43
48.68
48.68
293.42
293.42
293.42
1090.00
1090.00
1090.00
2015.94
2015.94
1812.51
1947.46
1947.46
632.30
2229.41
2229.41
14.49
14.49
76.87
76.87
59.70
59.70
38.33
38.33
710.34
710.34
710.34
710.34
124.65
124.65
1597.01
1597.01
2022.66
2022.66
1809.45
1812.86
1812.86
468.88
468.88
356.66
356.66
1423.84
1423.84
1423.84
1423.84
374.28
374.28
374.28
960.76
960.76
960.76
1620.12
1620.12
614.00
82.74
2195.35
326.80
326.80
614.73
614.73
1858.20
1858.20
2054.57
412.80
412.80
1990.96
855.77
855.77
14.59
14.59
466.57
466.57
1711.23
1711.23
1837.00
1837.00
2155.55
2155.55
2264.38
2264.38
2060.20
2060.20
286.71
286.71
1834.95
1834.95
1834.95
1834.95
1834.95
1834.95
24.64
24.64
1557.39
1557.39
1933.09
1933.09
1893.70
1893.70
2001.22
2001.22
2163.65
2163.65
572.82
572.82
1966.53
1966.53
2156.47
2156.47
2177.30
2177.30
1439.01
1439.01
1911.45
1911.45
1860.26
1860.26
1937.55
1937.55
1937.55
1937.55
1607.69
1607.69
68.45
68.45
1596.01
