# 1Hz Kbps trace generated by import_real_world_traces.py
359.20
1496.64
141.50
2284.58
38.41
2352.09
2352.09
1899.53
1899.53
2728.65
2728.65
1227.00
1227.00
608.56
608.56
172.34
172.34
13.24
13.24
110.67
110.67
250.33
250.33
17.34
17.34
150.58
150.58
103.98
103.98
140.63
140.63
69.70
69.70
10.00
10.00
111.48
111.48
4076.11
4076.11
66.16
66.16
3776.81
3776.81
54.61
54.61
3552.72
3552.72
11.61
11.61
64.78
64.78
51.99
51.99
54.95
54.95
1087.13
1087.13
86.65
86.65
88.54
88.54
498.67
498.67
2652.47
2652.47
6583.24
6583.24
24.00
24.00
597.71
597.71
416.17
416.17
61.43
61.43
27.40
27.40
150.45
150.45
25.72
25.72
482.33
482.33
1748.26
1748.26
3232.71
3232.71
3312.98
3312.98
11.22
11.22
754.41
754.41
11.60
11.60
528.04
528.04
4760.54
4760.54
5826.01
5826.01
1345.75
1345.75
7974.82
7974.82
6365.20
6365.20
7258.05
7258.05
1638.81
1638.81
69.24
69.24
103.48
103.48
13.87
13.87
1587.39
1587.39
10.00
10.00
26.04
26.04
31.13
31.13
23.97
23.97
69.20
69.20
584.54
584.54
18.96
18.96
1765.56
1765.56
2586.52
2586.52
2343.32
2343.32
1146.40
1146.40
78.13
78.13
631.83
631.83
12.51
12.51
29.79
29.79
213.60
213.60
84.51
84.51
599.05
599.05
2270.82
2270.82
3652.13
3652.13
13.79
13.79
6387.57
6387.57
10.00
10.00
5163.95
5163.95
47.97
47.97
291.04
291.04
167.47
167.47
10.00
10.00
3292.87
3292.87
10.00
10.00
3697.10
3697.10
6824.63
6824.63
1629.80
1629.80
11.13
11.13
59.08
59.08
152.45
152.45
383.77
383.77
23.01
23.01
188.27
188.27
1374.18
1374.18
1002.83
1002.83
688.40
688.40
2674.04
2674.04
2572.78
2572.78
2376.33
2376.33
27.88
27.88
10.00
10.00
1032.29
1032.29
4537.32
4537.32
5495.40
5495.40
609.54
609.54
5187.95
5187.95
1203.19
1203.19
17.43
17.43
22.73
22.73
731.38
731.38
29.02
29.02
815.07
815.07
2460.86
2460.86
3449.74
3449.74
343.30
343.30
1417.05
1417.05
606.68
606.68
217.39
217.39
242.12
242.12
731.60
731.60
1630.24
1630.24
1400.00
1400.00
4757.24
4757.24
115.32
115.32
11.56
11.56
11.56
146.12
146.12
656.54
567.41
567.41
575.73
575.73
56.02
56.02
222.29
222.29
1030.93
1030.93
951.37
951.37
23.01
23.01
1068.18
1068.18
1292.45
1292.45
10.00
10.00
698.54
698.54
800.37
800.37
2362.27
2362.27
2593.48
2593.48
25.33
25.33
1766.22
1766.22
2399.63
2399.63
2151.68
2151.68
2779.92
2779.92
1830.71
1830.71
2502.03
2502.03
3330.96
3330.96
1773.74
1773.74
673.94
673.94
51.82
51.82
874.37
874.37
2269.23
2269.23
4014.96
4014.96
3406.42
3406.42
3597.16
3597.16
19.34
19.34
2403.08
2403.08
3468.98
3468.98
3270.95
3270.95
1389.72
1389.72
3136.47
3136.47
1963.51
1963.51
12.67
12.67
2281.13
2281.13
4173.03
4173.03
818.30
818.30
34.74
34.74
45.99
45.99
41.49
41.49
1117.67
1117.67
814.30
814.30
12.06
12.06
719.98
719.98
2145.22
2145.22
690.33
690.33
1694.27
1694.27
2986.44
2986.44
3679.39
3679.39
3987.03
3987.03
4636.30
4636.30
1292.27
1292.27
1148.36
1148.36
27.76
27.76
3671.19
3671.19
1962.60
1962.60
105.79
105.79
932.56
932.56
432.98
432.98
2655.27
2655.27
647.95
647.95
1219.66
1219.66
742.69
742.69
2051.17
2051.17
104.33
104.33
74.84
74.84
653.96
653.96
21.33
21.33
10.00
10.00
57.38
57.38
145.46
145.46
28.62
28.62
285.17
285.17
109.70
109.70
10.77
10.77
293.03
293.03
112.58
112.58
10.00
10.00
459.74
459.74
343.53
343.53
343.53
193.68
438.81
438.81
98.09
98.09
21.25
21.25
83.09
83.09
3173.90
3173.90
18.45
18.45
2380.84
2380.84
1138.70
1138.70
33.93
33.93
3266.87
3266.87
3266.87
10.00
10.00
182.84
182.84
657.28
657.28
95.11
95.11
10.00
10.00
89.04
89.04
62.66
62.66
559.29
559.29
1666.83
1666.83
18.58
18.58
39.59
39.59
3735.95
3735.95
1543.19
1543.19
5247.30
5247.30
4405.94
4405.94
2732.73
2732.73
2732.73
2732.73
2732.73
2732.73
2923.79
2923.79
5956.86
5956.86
1151.20
1151.20
10.00
10.00
40.83
40.83
551.92
551.92
26.00
26.00
884.83
884.83
2221.08
2221.08
2599.15
2599.15
877.19
877.19
6434.67
6434.67
1766.33
1766.33
10.00
10.00
77.44
77.44
4252.02
4252.02
160.96
160.96
12.08
12.08
3463.85
3463.85
451.67
451.67
674.56
674.56
477.40
477.40
163.93
163.93
4756.88
4756.88
5141.36
5141.36
5030.04
5030.04
41.67
41.67
133.28
133.28
145.32
145.32
20.59
20.59
320.88
320.88
2011.35
2011.35
17.88
17.88
43.36
43.36
4295.90
4295.90
2129.62
2129.62
3618.77
3618.77
1002.60
1002.60
3164.89
3164.89
505.81
505.81
601.75
601.75
822.16
822.16
1201.66
1201.66
1547.53
1547.53
1967.89
1967.89
1811.32
1811.32
2487.63
2487.63
2440.11
2440.11
2235.75
2235.75
2316.90
2316.90
2647.98
2647.98
1285.09
1285.09
21.17
21.17
2840.27
2840.27
2799.89
2799.89
2478.19
2478.19
2612.41
2612.41
2602.27
2602.27
1917.59
1917.59
644.05
644.05
10.00
10.00
22.08
22.08
61.69
61.69
2536.39
2536.39
2737.35
2737.35
2032.40
2032.40
343.82
343.82
2915.38
2915.38
2970.63
2970.63
2970.63
2970.63
71.51
71.51
10.00
10.00
13.84
13.84
3763.28
3763.28
1812.44
1812.44
3443.42
3443.42
3493.14
3493.14
3524.03
3524.03
3504.95
3504.95
3693.93
3693.93
1107.54
1107.54
3348.33
3348.33
314.96
314.96
4713.91
4713.91
865.91
865.91
4713.11
4713.11
4746.24
4746.24
5278.93
5278.93
5278.93
5278.93
5278.93
5278.93
5278.93
5278.93
5278.93
5278.93
5278.93
5278.93
34.27
34.27
222.90
222.90
222.90
500.28
690.79
690.79
1461.10
1461.10
1068.31
1068.31
1804.56
1804.56
1647.45
1647.45
2071.83
2071.83
1837.91
1837.91
1945.80
1945.80
1655.04
1655.04
1935.98
1935.98
10.63
10.63
2379.55
2379.55
100.06
100.06
10.00
10.00
10.00
10.00
363.49
363.49
1858.77
1858.77
927.83
927.83
818.59
818.59
10.30
10.30
13.48
13.48
763.85
763.85
2418.16
2418.16
740.61
740.61
2633.50
2633.50
2818.30
2818.30
1526.25
1526.25
1580.80
1580.80
1580.80
1580.80
149.69
149.69
26.84
26.84
10.00
10.00
39.90
39.90
110.96
110.96
2675.14
2675.14
18.61
18.61
2426.55
2426.55
465.92
465.92
30.73
30.73
1845.93
1845.93
1614.69
1614.69
351.17
351.17
2998.08
2998.08
27.81
27.81
2991.09
2991.09
69.20
69.20
46.35
46.35
2912.97
2912.97
60.42
60.42
537.39
537.39
291.46
291.46
432.37
432.37
23.09
23.09
2177.91
2177.91
692.60
692.60
5208.85
5208.85
628.76
628.76
1027.95
1027.95
21.21
21.21
29.14
29.14
278.66
278.66
689.59
689.59
64.22
64.22
451.47
451.47
175.82
175.82
359.45
359.45
147.10
147.10
1830.62
1830.62
5693.73
5693.73
4655.37
4655.37
6906.62
6906.62
37.05
37.05
1160.01
1160.01
19.86
19.86
85.19
85.19
331.34
331.34
331.34
11.52
13.90
13.90
87.56
87.56
96.56
96.56
23.14
23.14
289.75
289.75
12.61
12.61
578.12
578.12
1828.66
1828.66
602.12
602.12
1985.16
1985.16
22.51
22.51
183.89
183.89
503.22
503.22
493.50
493.50
46.49
46.49
707.49
707.49
2976.19
2976.19
2369.55
2369.55
829.01
829.01
1093.72
1093.72
35.25
35.25
156.83
156.83
519.81
519.81
2583.85
2583.85
15.41
15.41
1790.23
1790.23
104.37
104.37
500.70
500.70
1793.37
1793.37
2821.63
2821.63
20.31
20.31
4306.56
4306.56
15.46
15.46
1093.17
1093.17
344.05
344.05
4628.81
4628.81
103.08
103.08
1965.74
1965.74
1847.11
1847.11
2950.81
2950.81
258.23
258.23
2150.00
2150.00
2233.86
2233.86
3193.25
3193.25
28.58
28.58
10.00
10.00
425.04
425.04
51.15
51.15
1318.80
1318.80
26.68
26.68
52.97
52.97
23.07
23.07
79.62
79.62
68.06
68.06
59.61
59.61
2274.37
2274.37
2003.30
2003.30
235.79
235.79
2380.53
2380.53
21.48
21.48
1024.60
1024.60
2706.08
2706.08
55.50
55.50
3957.19
3957.19
4106.04
4106.04
10.00
10.00
2231.99
2231.99
4170.81
4170.81
10.00
10.00
207.33
207.33
610.00
610.00
2423.24
2423.24
169.48
169.48
293.12
293.12
11.57
11.57
19.88
19.88
1313.03
1313.03
2286.50
2286.50
3931.48
3931.48
2531.00
2531.00
18.55
18.55
25.16
25.16
29.86
29.86
27.82
27.82
15.91
15.91
25.27
25.27
471.72
471.72
34.54
34.54
130.05
130.05
217.11
217.11
59.90
59.90
251.42
251.42
2915.94
2915.94
2677.91
2677.91
382.27
382.27
74.69
74.69
4500.82
4500.82
12.63
12.63
568.81
