# 1Hz Kbps trace generated by import_real_world_traces.py
1186.74
1203.58
1203.58
1164.94
1164.94
1202.42
1202.42
362.78
362.78
1157.69
1157.69
1186.83
1186.83
1028.73
1028.73
969.93
969.93
260.20
260.20
1185.73
1185.73
1225.58
1225.58
1176.56
1176.56
1202.12
1202.12
1205.02
1205.02
1204.60
1204.60
1162.21
1162.21
1191.00
1191.00
1259.53
1259.53
1187.10
1187.10
1111.26
1111.26
223.58
223.58
1136.29
1136.29
1238.38
1238.38
1183.14
1183.14
1185.31
1185.31
1181.67
1181.67
1232.89
1232.89
1191.05
1191.05
1181.99
1181.99
857.28
857.28
1214.29
1214.29
1215.19
1215.19
1114.55
1114.55
284.20
284.20
1176.30
1176.30
1197.78
1197.78
1228.91
1228.91
1106.31
1106.31
1257.80
1257.80
1227.83
1227.83
1181.02
1181.02
1213.44
1213.44
1168.10
1168.10
1078.85
1078.85
1211.55
1211.55
1146.83
1146.83
73.33
73.33
1197.47
1197.47
1203.47
1203.47
1200.61
1200.61
1175.29
1175.29
1163.89
1163.89
1195.78
1195.78
1195.36
1195.36
1195.79
1195.79
1192.72
1192.72
1138.50
1138.50
1196.50
1196.50
1230.07
1230.07
1206.29
1206.29
1212.34
1212.34
1174.35
1174.35
562.52
562.52
1158.23
1158.23
1230.24
1230.24
1213.11
1213.11
1051.29
1051.29
1212.14
1212.14
1250.07
1250.07
1194.02
1194.02
1215.30
1215.30
1211.95
1211.95
1193.31
1193.31
1177.75
1177.75
890.60
890.60
48.20
48.20
1204.27
1204.27
313.71
313.71
1170.77
1170.77
1211.60
1211.60
1178.14
1178.14
1180.61
1180.61
1040.88
1040.88
1172.42
1172.42
1198.75
1198.75
1192.35
1192.35
1207.48
1207.48
1165.78
1165.78
1065.84
1065.84
1065.84
1154.39
1154.39
1170.40
1197.47
1197.47
1180.68
1180.68
1180.68
21.41
21.41
1241.90
1241.90
1116.85
1116.85
1116.85
1170.31
910.26
910.26
1164.52
1179.64
1179.64
1239.82
1239.82
1122.75
1122.75
1205.56
1205.56
26.72
26.72
1226.36
1226.36
1154.64
1154.64
1181.28
1181.28
1189.70
1189.70
1216.67
1216.67
1196.86
1196.86
1193.75
1193.75
1109.37
1109.37
1170.23
1170.23
1064.39
1064.39
1194.88
1194.88
937.15
937.15
1223.93
1223.93
1196.15
1196.15
1145.15
1145.15
1200.54
1200.54
1210.44
1210.44
1145.15
1145.15
1069.96
1069.96
1180.46
1180.46
1154.43
1154.43
1180.23
1180.23
1186.99
1186.99
1195.81
1195.81
1238.70
1238.70
1189.27
1189.27
1178.00
1178.00
1191.58
1191.58
1185.66
1185.66
1197.22
1197.22
1079.29
1079.29
1190.57
1190.57
1147.86
1147.86
1209.47
1209.47
1206.70
1206.70
1186.73
1186.73
1208.56
1208.56
1177.40
1177.40
1269.90
1269.90
1101.02
1101.02
1240.51
1240.51
1255.32
1255.32
1082.20
1082.20
467.06
467.06
980.87
980.87
1204.49
1204.49
1217.44
1217.44
1227.65
1227.65
1099.73
1099.73
212.58
212.58
247.03
247.03
1197.56
1197.56
1183.34
1183.34
1045.72
1045.72
306.30
306.30
1184.32
1184.32
1205.43
1205.43
1212.19
1212.19
1081.09
1081.09
1216.37
1216.37
1216.93
1216.93
1104.06
1104.06
394.82
394.82
1213.46
1213.46
1183.14
1183.14
1187.16
1187.16
1201.62
1201.62
1207.58
1207.58
1042.13
1042.13
1218.25
1218.25
1197.74
1197.74
1187.20
1187.20
82.19
82.19
1167.46
1167.46
1168.28
1168.28
1211.46
1211.46
1217.86
1217.86
1188.73
1188.73
256.39
256.39
1198.69
1198.69
1207.02
1207.02
1185.05
1185.05
1165.20
1165.20
1192.17
1192.17
1122.21
1122.21
1207.78
1207.78
1175.24
1175.24
1212.84
1212.84
1212.84
1174.82
1174.82
1203.06
1203.06
1203.06
1081.59
1187.98
1187.98
1139.26
734.57
734.57
1191.04
1191.04
1227.32
1227.32
283.25
283.25
1124.61
1124.61
1174.70
1174.70
945.90
945.90
1227.10
1227.10
1206.75
1206.75
343.91
343.91
1202.08
1202.08
1035.00
1035.00
1210.49
1210.49
456.32
456.32
1113.60
1113.60
1201.07
1201.07
1145.20
1145.20
1167.41
1167.41
24.96
24.96
1214.16
1214.16
1170.25
1170.25
1190.59
1190.59
1206.84
1206.84
1194.86
1194.86
1205.14
1205.14
1228.80
1228.80
1147.83
1147.83
1170.51
1170.51
1081.36
1081.36
1133.28
1133.28
1176.35
1176.35
1177.92
1177.92
1111.23
1111.23
1095.79
1095.79
1095.79
1095.79
1095.79
1144.97
1144.97
1144.97
1204.35
1189.16
1189.16
39.49
39.49
1233.51
1233.51
1027.11
1190.34
1190.34
1172.79
1172.79
1197.17
1197.17
1123.41
1026.65
1177.67
1177.67
1080.74
1080.74
1200.09
1200.09
1165.22
1165.22
1208.59
1208.59
1154.94
1154.94
1154.71
1154.71
1051.45
1051.45
1186.74
1186.74
1216.20
1216.20
1223.54
1223.54
1194.18
1194.18
1149.80
1149.80
968.30
968.30
1017.11
1017.11
1121.47
1121.47
1191.60
1191.60
1192.64
1192.64
1039.27
1039.27
1169.97
1169.97
1199.67
1199.67
1199.67
1182.88
1182.88
375.45
375.45
952.27
