# 1Hz Kbps trace generated by import_real_world_traces.py
2928.59
6150.91
6150.91
10062.91
10062.91
3498.88
3498.88
3498.88
3498.88
3750.31
3750.31
3672.84
3672.84
5620.67
5620.67
3843.04
3843.04
3789.65
3789.65
3809.12
3809.12
2523.28
2523.28
3806.14
3806.14
2657.42
2657.42
1000.73
1000.73
3416.37
3416.37
2749.15
2749.15
3894.81
3894.81
3647.23
3647.23
2492.58
2492.58
2830.24
2830.24
3655.70
3655.70
2009.19
2009.19
3713.87
3713.87
2942.70
2942.70
1660.83
1660.83
2503.16
2503.16
2794.49
2794.49
2426.31
2426.31
2838.37
2838.37
2962.43
2962.43
1168.54
1168.54
3159.60
3159.60
3307.92
3307.92
2946.07
2946.07
1956.07
1956.07
3217.70
3217.70
2068.19
2068.19
3304.80
3304.80
2588.94
2588.94
3287.70
3287.70
2153.88
2153.88
3080.25
3080.25
513.80
513.80
3446.50
3446.50
3788.14
3788.14
2561.44
2561.44
4632.69
4632.69
3933.84
3933.84
4855.42
4855.42
4354.90
4354.90
287.00
287.00
2869.71
2869.71
3645.59
3645.59
4622.61
4622.61
4543.95
4543.95
2956.86
2956.86
3406.47
3406.47
3400.52
3400.52
3666.78
3666.78
3304.94
3304.94
856.39
856.39
3555.96
3555.96
3332.03
3332.03
3788.15
3788.15
3417.98
3417.98
2103.47
2103.47
2920.10
2920.10
3282.89
3282.89
3093.88
3093.88
2632.92
2632.92
1387.49
1387.49
2277.38
2277.38
2791.58
2791.58
3449.97
3449.97
751.90
751.90
1251.80
1251.80
1766.32
1766.32
2252.09
2252.09
3935.51
3935.51
2221.08
2221.08
2862.19
2862.19
2166.85
2166.85
3882.92
3882.92
3190.94
3190.94
3077.46
3077.46
3890.76
3890.76
3200.97
