# 1Hz Kbps trace generated by import_real_world_traces.py
1876.62
5233.61
5233.61
3001.63
3001.63
3129.54
3129.54
6292.19
6292.19
6292.19
6292.19
6292.19
6292.19
6947.24
6947.24
6266.50
6266.50
6632.04
6632.04
6632.04
6632.04
6732.12
6732.12
6732.12
6732.12
6813.11
6813.11
283.86
283.86
878.87
878.87
5691.47
5691.47
559.62
559.62
4679.22
4679.22
5061.56
5061.56
2742.98
2742.98
3105.77
3105.77
287.33
287.33
3799.44
3799.44
357.67
357.67
773.20
773.20
1129.61
1129.61
625.96
625.96
4988.80
4988.80
6743.88
6743.88
3272.77
3272.77
1713.09
1713.09
1808.86
1808.86
4325.62
4325.62
4967.79
4967.79
5753.19
5753.19
2054.02
2054.02
343.06
343.06
5992.54
5992.54
592.59
592.59
4539.84
4539.84
3661.69
3661.69
269.65
269.65
161.73
161.73
850.33
850.33
1743.70
1743.70
257.14
257.14
1040.85
1040.85
400.99
400.99
354.07
354.07
7315.08
7315.08
3780.08
3780.08
7200.85
7200.85
7253.63
7253.63
6476.53
6476.53
6856.84
6856.84
6972.69
6972.69
7023.79
7023.79
4911.70
4911.70
7372.13
7372.13
7055.14
7055.14
8159.81
8159.81
520.38
520.38
865.80
865.80
7992.69
7992.69
7669.06
7669.06
7774.74
7774.74
7774.74
7774.74
7777.99
7777.99
94.14
94.14
6587.32
6587.32
6587.32
6587.32
6587.32
6587.32
8218.93
8218.93
4679.93
4679.93
8160.57
8160.57
8160.57
8160.57
8160.57
8160.57
5820.67
5820.67
5820.67
5820.67
5820.67
5820.67
5820.67
5820.67
5820.67
5820.67
8822.88
8822.88
9090.25
9090.25
9219.17
9219.17
2043.56
2043.56
6251.47
6251.47
3165.21
3165.21
3165.21
3165.21
3165.21
3165.21
3165.21
3165.21
3165.21
3165.21
3165.21
3165.21
3165.21
3165.21
3165.21
3165.21
3165.21
3165.21
3165.21
3165.21
3165.21
3165.21
3165.21
3165.21
3165.21
3165.21
3165.21
3165.21
3165.21
3165.21
3165.21
3165.21
3808.14
3808.14
4526.16
4526.16
3249.85
3249.85
8138.72
8138.72
8299.33
8299.33
7589.34
7589.34
9119.64
9119.64
9119.64
9119.64
2623.38
2623.38
3167.63
3167.63
3818.61
3818.61
4082.95
4082.95
4082.95
4082.95
340.04
340.04
2539.26
2539.26
5170.83
5170.83
5447.69
5447.69
4784.03
4784.03
4784.03
4784.03
4784.03
4784.03
4784.03
4784.03
4784.03
4784.03
4784.03
4784.03
3684.40
3684.40
4253.64
4253.64
4253.64
4253.64
3278.51
3278.51
65.60
65.60
2970.85
2970.85
3243.02
3243.02
5637.02
5637.02
3837.84
3837.84
4151.80
4151.80
1148.59
1148.59
1212.34
1212.34
4518.48
4518.48
916.08
916.08
5756.06
5756.06
5487.43
5487.43
1266.50
1266.50
31.16
31.16
1497.86
1497.86
696.65
696.65
2633.19
2633.19
449.81
449.81
182.73
182.73
5237.76
5237.76
3843.07
3843.07
816.55
816.55
2840.30
2840.30
6041.10
6041.10
1782.82
1782.82
997.96
997.96
793.66
793.66
83.03
83.03
769.95
769.95
4164.66
4164.66
628.91
628.91
4583.88
4583.88
4670.58
4670.58
4495.12
4495.12
4591.45
4591.45
1790.72
1790.72
3349.98
3349.98
1103.31
1103.31
404.24
404.24
411.51
411.51
1109.61
1109.61
4824.74
4824.74
2517.84
2517.84
4764.89
4764.89
6508.34
6508.34
1827.54
1827.54
1059.34
1059.34
796.30
796.30
253.04
253.04
6873.86
6873.86
5187.33
5187.33
5795.65
5795.65
5198.29
5198.29
3021.09
3021.09
3021.09
3021.09
7965.18
7965.18
7098.11
7098.11
826.00
826.00
2370.45
2370.45
5205.64
5205.64
4618.50
4618.50
6174.12
6174.12
6174.12
6174.12
6174.12
6174.12
6174.12
6174.12
864.10
864.10
2073.28
2073.28
31.63
31.63
2091.83
2091.83
794.49
794.49
4087.08
4087.08
4087.08
4087.08
5736.42
5736.42
17.07
17.07
741.33
741.33
5743.34
5743.34
4995.34
4995.34
354.29
354.29
1100.12
1100.12
179.65
179.65
1300.56
1300.56
432.93
432.93
899.33
899.33
1786.05
1786.05
6350.81
6350.81
6350.81
6350.81
6350.81
6350.81
1400.95
1400.95
33.84
33.84
122.04
122.04
984.78
984.78
3902.46
3902.46
4993.53
4993.53
4860.72
4860.72
6833.79
6833.79
4005.24
4005.24
6023.20
6023.20
177.74
177.74
3647.55
3647.55
3647.55
3647.55
1393.91
1393.91
750.46
750.46
281.71
281.71
34.34
34.34
2559.58
2559.58
2559.58
2559.58
315.10
315.10
3160.77
3160.77
3396.20
3396.20
61.80
61.80
379.06
379.06
101.87
101.87
261.98
261.98
2786.16
2786.16
45.92
45.92
2886.25
2886.25
3444.02
3444.02
1996.75
1996.75
384.51
384.51
3679.78
3679.78
3990.98
3990.98
2506.11
2506.11
3342.04
3342.04
2424.16
2424.16
2424.16
2424.16
2530.48
2530.48
3938.46
3938.46
2930.84
2930.84
4146.66
4146.66
4146.66
4146.66
4453.86
4453.86
4609.38
4609.38
4609.38
4609.38
4609.38
4609.38
4588.14
4588.14
4588.14
4588.14
4588.14
4588.14
4588.14
4588.14
4786.14
4786.14
4772.36
4772.36
4239.64
4239.64
4702.07
4702.07
5111.01
5111.01
4857.51
4857.51
3973.73
3973.73
3973.73
5784.84
5784.84
6132.84
6132.84
6132.84
6132.84
6162.29
6162.29
6473.66
6473.66
6473.66
6473.66
6473.66
6473.66
6473.66
6473.66
5880.74
5880.74
4683.03
4683.03
6609.30
6609.30
5202.13
5202.13
2362.13
2362.13
17.09
17.09
7204.15
7204.15
6369.03
6369.03
5578.60
7446.22
7446.22
7446.22
7446.22
7446.22
7446.22
7446.22
7446.22
7446.22
3197.14
3197.14
5060.66
5060.66
5060.66
5060.66
6747.63
6747.63
6747.63
6747.63
1513.98
1513.98
2974.55
2974.55
3326.20
6537.40
6537.40
6537.40
8393.51
8393.51
8069.92
8069.92
8069.92
8069.92
8069.92
8069.92
8235.37
8235.37
8235.37
8235.37
7231.37
7231.37
8138.43
8138.43
7771.31
7771.31
8005.77
8005.77
210.13
7100.68
7100.68
7100.68
8047.94
8047.94
3295.25
3295.25
3500.54
3500.54
7894.94
7894.94
2186.90
2186.90
2998.76
2998.76
6515.92
6515.92
16.03
16.03
1601.60
1601.60
5038.24
5038.24
5038.24
5038.24
5038.24
5038.24
3052.68
3052.68
8515.58
8515.58
3917.34
3917.34
443.48
443.48
2599.37
2599.37
1646.01
1646.01
1976.76
1976.76
16.21
16.21
127.08
127.08
275.46
275.46
221.62
221.62
6034.12
6034.12
6034.12
6034.12
6034.12
6034.12
6034.12
6034.12
1245.82
1245.82
758.79
758.79
2230.50
2230.50
96.51
96.51
360.76
360.76
99.75
99.75
15.49
15.49
104.55
104.55
226.02
226.02
2301.02
2301.02
2301.02
2301.02
1195.96
1195.96
34.02
34.02
281.30
281.30
145.05
145.05
256.92
256.92
3144.76
3144.76
1168.62
1168.62
2811.98
2811.98
2811.98
2811.98
2806.08
2806.08
2754.80
2754.80
673.74
673.74
3467.45
3467.45
3264.46
3264.46
1362.26
1362.26
2976.15
2976.15
4049.76
4049.76
3087.70
3087.70
5778.45
5778.45
6165.43
6165.43
4615.58
4615.58
6198.23
6198.23
6070.73
6070.73
6088.18
6088.18
4336.68
4336.68
5959.04
5959.04
6197.34
6197.34
7414.32
7414.32
7145.53
7145.53
8504.49
8504.49
8504.49
8504.49
8504.49
8504.49
8504.49
8504.49
1983.38
1983.38
3927.24
3927.24
3927.24
3927.24
3927.24
3927.24
3927.24
3927.24
8589.06
8589.06
8589.06
8589.06
1004.86
1004.86
8801.48
8801.48
522.54
522.54
5887.94
5887.94
9403.10
9403.10
9591.49
9591.49
8855.91
8855.91
7913.39
7913.39
5728.03
5728.03
10202.80
10202.80
9097.29
9097.29
9097.29
9097.29
9097.29
9097.29
9097.29
9097.29
9097.29
9097.29
9097.29
9097.29
9097.29
9097.29
3443.41
3443.41
3546.47
3546.47
3167.47
3167.47
3740.53
3740.53
3556.29
3556.29
3521.75
3521.75
3590.73
3590.73
222.37
222.37
5154.75
5154.75
5915.26
5915.26
2845.64
2845.64
4887.40
4887.40
1322.19
1322.19
6025.73
6025.73
6176.71
6176.71
6098.03
6098.03
5564.05
5564.05
5790.64
5790.64
103.53
103.53
7025.91
7025.91
2934.09
2934.09
5935.44
5935.44
3740.46
3740.46
6142.47
6142.47
8018.27
8018.27
7864.96
7864.96
7213.50
7213.50
8049.50
8049.50
7769.62
7769.62
6703.24
6703.24
8391.75
8391.75
211.16
211.16
532.36
532.36
16.48
16.48
58.78
58.78
2787.37
2787.37
1740.23
1740.23
2228.74
2228.74
4049.04
4049.04
466.15
466.15
4103.88
4103.88
2658.22
2658.22
4813.42
4813.42
5791.23
5791.23
7939.46
7939.46
8239.22
8239.22
2947.27
2947.27
7735.67
7735.67
7735.67
7735.67
7735.67
7735.67
7735.67
7735.67
7463.84
7463.84
4142.96
4142.96
1236.52
1236.52
359.38
359.38
7738.84
7738.84
169.39
169.39
39.67
39.67
83.37
83.37
161.00
161.00
844.16
844.16
4490.68
4490.68
1646.78
1646.78
1802.57
1802.57
383.21
383.21
791.08
791.08
2816.78
2816.78
3410.48
3410.48
4906.69
4906.69
4906.69
4906.69
4906.69
4906.69
4906.69
4906.69
88.32
88.32
248.37
248.37
567.29
567.29
1201.20
1201.20
422.11
422.11
825.87
825.87
1861.17
1861.17
12.13
12.13
32.06
32.06
35.12
35.12
11.89
11.89
186.37
186.37
24.03
24.03
2151.10
2151.10
931.16
931.16
1705.70
1705.70
3772.76
3772.76
2880.23
2880.23
3003.66
3003.66
60.43
60.43
2764.83
2764.83
2764.83
2764.83
756.49
756.49
3349.70
3349.70
3476.11
3476.11
1964.79
1964.79
125.09
125.09
337.84
337.84
762.68
762.68
478.62
478.62
473.44
473.44
210.51
210.51
667.87
667.87
1477.01
1477.01
131.75
131.75
328.52
328.52
856.94
856.94
945.27
945.27
3562.27
3562.27
476.41
476.41
1514.50
1514.50
48.95
48.95
188.27
188.27
80.51
80.51
62.97
62.97
91.14
91.14
308.04
308.04
67.92
67.92
201.25
201.25
3251.95
3251.95
3568.98
3568.98
2900.89
2900.89
85.85
85.85
112.09
112.09
2608.34
2608.34
4108.25
4108.25
4746.74
4746.74
5368.26
5368.26
5211.99
5211.99
3267.98
3267.98
3824.83
3824.83
45.83
45.83
6922.89
6922.89
8002.03
8002.03
3690.59
3690.59
3460.69
3460.69
3916.53
3916.53
4591.73
4591.73
7302.29
7302.29
9090.63
9090.63
192.59
192.59
5765.14
5765.14
769.81
769.81
10729.04
10729.04
6617.09
6617.09
9311.40
9311.40
10230.69
10230.69
874.76
874.76
9990.71
9990.71
4919.53
4919.53
8124.37
8124.37
6733.50
6733.50
10852.25
10852.25
10373.54
10373.54
823.93
823.93
8994.02
8994.02
3044.32
3044.32
3703.47
3703.47
5573.03
5573.03
3346.30
3346.30
3932.65
3932.65
11547.97
11547.97
6030.80
6030.80
2705.41
2705.41
6224.24
6224.24
9621.10
9621.10
10.00
10.00
1209.56
1209.56
881.79
881.79
16.94
16.94
1985.77
1985.77
10476.44
10476.44
10476.44
10476.44
846.22
846.22
10754.00
10754.00
72.12
72.12
834.30
834.30
144.61
144.61
847.12
847.12
331.02
331.02
10290.99
10290.99
16.90
16.90
7740.71
7740.71
7740.71
7740.71
7613.73
7613.73
615.28
615.28
8310.57
8310.57
125.43
125.43
969.76
969.76
9106.09
9106.09
4386.74
4386.74
8959.35
8959.35
432.45
432.45
9004.72
9004.72
1106.85
1106.85
661.03
661.03
9599.54
9599.54
687.64
687.64
143.29
143.29
106.28
106.28
793.60
793.60
12.61
12.61
788.84
788.84
408.21
408.21
345.34
345.34
280.84
280.84
411.44
411.44
102.55
102.55
16.07
16.07
791.64
791.64
12.69
12.69
10.44
10.44
10084.77
10084.77
10084.77
10084.77
9783.94
9783.94
9783.94
9783.94
730.23
730.23
5868.38
5868.38
5868.38
5868.38
56.82
56.82
4145.71
4145.71
4451.99
4451.99
1092.81
1092.81
39.59
39.59
1709.93
1709.93
132.16
132.16
104.41
104.41
1222.71
1222.71
95.14
95.14
1556.90
1556.90
270.09
270.09
10.00
10.00
14.33
14.33
69.29
69.29
258.08
258.08
26.77
26.77
3837.58
3837.58
2988.30
2988.30
795.24
795.24
1519.56
1519.56
4018.34
4018.34
4245.59
4245.59
3617.79
3617.79
1820.02
1820.02
49.34
49.34
5021.35
5021.35
2691.48
2691.48
10.00
10.00
15.09
15.09
23.19
23.19
47.14
47.14
206.43
206.43
1305.48
1305.48
206.07
206.07
143.41
143.41
836.94
836.94
20.73
20.73
3515.88
3515.88
4865.29
4865.29
26.05
26.05
75.54
75.54
4713.70
4713.70
831.97
831.97
162.47
162.47
785.02
785.02
4013.31
4013.31
2792.57
2792.57
670.76
670.76
226.56
226.56
431.97
431.97
11.57
11.57
84.81
84.81
132.94
132.94
11.66
11.66
12.55
12.55
339.91
339.91
13.18
13.18
5960.91
5960.91
6521.60
6521.60
890.13
890.13
3000.89
3000.89
3633.66
3633.66
7510.37
7510.37
7935.35
7935.35
921.18
921.18
4647.14
4647.14
7057.16
7057.16
296.48
296.48
9096.07
9096.07
979.87
979.87
4069.47
4069.47
9112.45
9112.45
9296.43
9296.43
1256.14
1256.14
7099.53
7099.53
1044.42
1044.42
17.90
17.90
10600.89
10600.89
8314.83
8314.83
504.22
504.22
10450.81
10450.81
5165.79
5165.79
727.84
727.84
834.90
834.90
10316.44
10316.44
5726.87
5726.87
3128.83
3128.83
21.94
21.94
16.16
16.16
5441.11
5441.11
6111.51
6111.51
10975.90
10975.90
2926.48
2926.48
11200.57
11200.57
2328.20
2328.20
11261.29
11261.29
66.38
66.38
1036.11
1036.11
4824.14
4824.14
5880.17
5880.17
9791.54
9791.54
9791.54
9791.54
9791.54
9791.54
9791.54
9791.54
9791.54
9791.54
9791.54
9791.54
9791.54
9791.54
9791.54
9791.54
9791.54
9791.54
9237.20
9237.20
54.36
54.36
9856.63
9856.63
10547.24
10547.24
9817.09
9817.09
10317.27
10317.27
9753.06
9753.06
10614.96
10614.96
10318.76
10318.76
10353.12
10353.12
10353.12
69.56
9974.48
9974.48
9568.76
9568.76
167.16
167.16
441.99
441.99
16.35
16.35
187.73
187.73
81.51
81.51
4365.21
4365.21
816.28
816.28
96.88
96.88
517.81
517.81
1610.03
1610.03
413.58
413.58
69.22
69.22
200.37
200.37
220.28
220.28
220.28
854.18
854.18
1239.38
1239.38
35.57
35.57
1586.03
1586.03
592.30
592.30
64.60
64.60
89.00
89.00
47.25
47.25
53.59
53.59
59.59
59.59
57.97
57.97
115.57
115.57
891.99
891.99
15.27
15.27
1193.49
1193.49
62.98
62.98
553.56
553.56
1489.89
1489.89
1669.94
1669.94
1605.01
1605.01
24.44
24.44
24.04
24.04
343.34
343.34
94.87
94.87
729.45
729.45
103.99
103.99
2611.30
2611.30
1778.67
1778.67
35.20
35.20
136.73
136.73
23.94
23.94
127.90
127.90
2954.40
2954.40
3017.15
3017.15
3018.41
3018.41
1517.55
1517.55
939.83
939.83
2735.02
2735.02
2659.27
2659.27
829.17
829.17
606.78
606.78
1562.13
1562.13
174.78
174.78
19.57
19.57
12.71
12.71
42.99
42.99
658.70
658.70
48.49
48.49
47.25
47.25
2100.74
2100.74
640.63
640.63
1114.20
1114.20
26.15
26.15
10.00
10.00
124.26
124.26
21.22
21.22
33.24
33.24
3020.76
3020.76
110.17
110.17
809.24
809.24
80.75
80.75
296.02
296.02
88.49
88.49
131.40
131.40
969.28
969.28
1352.66
1352.66
50.09
50.09
2574.86
2574.86
2964.77
2964.77
2782.52
2782.52
1409.58
1409.58
373.72
373.72
14.76
14.76
65.98
65.98
638.03
638.03
3398.07
3398.07
3398.07
3398.07
24.56
24.56
3288.54
3288.54
3625.81
3625.81
3570.32
3570.32
955.07
955.07
2786.99
2786.99
4586.42
4586.42
2980.09
2980.09
891.67
891.67
1307.84
1307.84
21.86
21.86
4698.07
4698.07
33.89
33.89
2144.97
2144.97
4492.39
4492.39
1283.75
1283.75
4650.96
4650.96
17.05
17.05
4964.64
4964.64
4979.46
4979.46
4979.46
4979.46
780.13
780.13
11.59
11.59
2534.80
2534.80
4852.59
4852.59
4482.54
4482.54
5661.64
5661.64
4052.91
4052.91
6240.34
6240.34
5360.99
5360.99
6385.79
6385.79
5233.86
5233.86
7120.20
7120.20
7791.16
7791.16
7791.16
7791.16
7791.16
7791.16
7791.16
7791.16
7254.31
7254.31
7719.56
7719.56
4934.97
4934.97
7941.03
7941.03
8905.95
8905.95
6885.84
6885.84
3274.93
3274.93
4508.52
4508.52
8635.81
8635.81
7118.94
7118.94
9649.82
9649.82
7686.01
7686.01
7758.76
7758.76
5225.27
5225.27
9137.60
9137.60
6899.90
6899.90
8401.44
8401.44
716.59
716.59
9573.53
9573.53
9624.61
9624.61
726.10
726.10
12.47
12.47
839.14
839.14
10491.90
10491.90
10491.90
10491.90
16.22
16.22
5669.43
5669.43
9030.23
9030.23
2712.66
2712.66
9510.05
9510.05
9492.04
9492.04
8685.78
8685.78
10131.16
10131.16
8585.39
8585.39
8585.39
8585.39
41.42
41.42
10338.32
10338.32
8561.31
8561.31
10314.51
10314.51
10078.04
10078.04
9929.71
9929.71
10984.16
10984.16
9761.85
9761.85
10489.60
10489.60
4360.85
4360.85
403.75
403.75
833.33
833.33
4719.77
4719.77
7001.93
7001.93
123.01
123.01
92.58
92.58
54.90
54.90
654.96
654.96
55.40
55.40
96.59
96.59
465.42
465.42
90.62
90.62
150.47
150.47
10.00
10.00
2008.32
2008.32
343.90
343.90
106.40
106.40
1579.59
1579.59
779.42
779.42
3031.62
3031.62
792.60
792.60
2881.98
2881.98
5597.38
5597.38
7555.72
7555.72
838.09
838.09
752.48
752.48
1422.02
1422.02
215.49
215.49
1355.95
1355.95
280.89
280.89
72.71
72.71
60.73
60.73
992.99
992.99
11.58
11.58
227.52
227.52
27.77
27.77
2739.51
2739.51
527.84
527.84
3642.77
3642.77
13.11
13.11
1624.18
1624.18
5365.42
5365.42
36.38
36.38
1335.63
1335.63
35.75
35.75
3829.37
3829.37
1922.12
1922.12
1398.21
1398.21
72.64
72.64
747.42
747.42
3636.39
3636.39
2858.19
2858.19
1117.15
1117.15
230.39
230.39
36.45
36.45
1750.85
1750.85
834.15
834.15
8104.97
8104.97
6113.71
6113.71
6284.57
6284.57
798.94
798.94
741.82
741.82
98.71
98.71
33.89
33.89
3214.93
3214.93
1353.97
1353.97
5780.93
5780.93
88.23
88.23
35.03
35.03
325.31
325.31
311.04
311.04
10.00
10.00
594.41
594.41
55.51
55.51
26.10
26.10
325.59
325.59
31.85
31.85
344.54
344.54
24.53
24.53
192.53
192.53
736.13
736.13
15.98
15.98
4755.76
4755.76
244.64
244.64
459.59
459.59
5129.58
5129.58
130.84
130.84
4938.18
4938.18
4853.38
4853.38
203.15
203.15
3647.49
3647.49
7267.73
7267.73
4537.90
4537.90
4383.24
4383.24
107.38
107.38
12.95
12.95
82.85
82.85
1097.94
1097.94
12.11
12.11
246.46
246.46
127.61
127.61
12.51
12.51
14.97
14.97
799.61
799.61
829.32
829.32
12.72
12.72
66.39
66.39
17.64
17.64
4404.46
4404.46
804.03
804.03
6023.37
6023.37
3080.23
3080.23
6008.19
6008.19
2185.08
2185.08
8054.35
8054.35
2725.52
2725.52
535.40
535.40
20.29
20.29
865.06
865.06
137.32
137.32
242.67
242.67
80.16
80.16
26.59
26.59
237.83
237.83
27.66
27.66
302.14
302.14
849.65
849.65
162.63
162.63
801.92
801.92
1368.13
1368.13
984.05
984.05
916.95
916.95
69.25
69.25
732.54
732.54
4106.34
4106.34
6892.74
6892.74
6869.28
6869.28
5463.26
5463.26
19.19
19.19
137.60
137.60
856.30
856.30
100.21
100.21
271.70
271.70
799.73
799.73
1257.13
1257.13
77.57
77.57
88.77
88.77
43.63
43.63
153.33
153.33
201.91
201.91
1757.67
1757.67
6186.31
6186.31
35.63
35.63
804.12
804.12
60.75
60.75
6919.36
6919.36
6083.73
6083.73
5807.04
5807.04
3954.45
3954.45
5743.60
5743.60
7967.69
7967.69
57.81
57.81
2586.41
2586.41
3530.03
3530.03
794.94
794.94
10.00
10.00
141.74
141.74
301.23
301.23
3114.49
3114.49
2835.79
2835.79
300.91
300.91
800.37
800.37
297.79
297.79
24.12
24.12
177.38
177.38
169.56
169.56
761.85
761.85
1466.89
1466.89
153.23
