# 1Hz Kbps trace generated by import_real_world_traces.py
152.92
203.18
99.43
132.71
2204.63
1290.44
1290.44
1009.62
1676.59
16.53
16.53
2334.34
2334.34
1762.99
1762.99
3510.55
3510.55
3278.87
3278.87
3278.87
35.19
35.19
35.19
520.94
520.94
2071.88
2071.88
2738.32
2738.32
4955.68
4955.68
4955.68
776.42
776.42
776.42
821.64
821.64
774.44
774.44
774.44
154.56
154.56
154.56
356.36
356.36
4580.25
4580.25
4580.25
4399.10
4399.10
4810.49
4810.49
4810.49
2131.92
2131.92
2131.92
1588.13
1588.13
1588.13
4984.96
4984.96
12.73
12.73
12.73
758.29
758.29
758.29
403.69
403.69
1268.52
1268.52
143.93
143.93
168.44
168.44
27.32
27.32
3912.85
3912.85
3912.85
1387.09
1387.09
498.65
498.65
131.54
131.54
16.21
16.21
16.21
32.30
32.30
32.30
112.79
112.79
76.78
76.78
76.78
68.68
68.68
68.68
12.24
12.24
12.24
374.58
374.58
374.58
4042.31
4042.31
4022.96
4022.96
2761.07
2761.07
2761.07
1474.09
1474.09
1474.09
2027.91
2027.91
2027.91
12.70
12.70
189.82
189.82
189.82
690.44
690.44
690.44
256.81
256.81
256.81
4116.75
4116.75
4116.75
75.87
75.87
75.87
5883.21
5883.21
5883.21
4696.21
4696.21
4696.21
2077.83
2077.83
4825.23
4825.23
4825.23
850.85
850.85
3608.85
3608.85
635.35
635.35
396.14
396.14
396.14
1862.18
1862.18
3767.89
3767.89
917.43
917.43
63.18
63.18
253.58
253.58
253.58
253.58
5166.07
5166.07
4526.21
4526.21
4526.21
4526.21
2615.93
2615.93
3543.10
3543.10
2396.44
2396.44
2396.44
3128.24
3128.24
124.32
124.32
760.79
760.79
132.70
132.70
2230.40
2230.40
3364.59
3364.59
1193.31
1193.31
4266.34
4266.34
4266.34
2972.75
2972.75
4399.85
4399.85
1350.71
1350.71
3165.26
3165.26
3165.26
4367.51
4367.51
4190.30
4190.30
3070.76
3070.76
4249.84
4249.84
4249.84
4375.11
4375.11
4250.52
4250.52
4250.52
5607.50
5607.50
5269.35
5269.35
5269.35
5619.87
5619.87
6216.00
6216.00
6235.08
6235.08
1728.93
1728.93
1728.93
2676.10
2676.10
2665.33
2665.33
2665.33
4248.60
4248.60
4440.87
4440.87
4440.87
3896.23
3896.23
3896.23
4909.76
4909.76
4070.76
4070.76
4539.41
4539.41
5689.58
5689.58
5689.58
5689.58
5689.58
4826.73
4826.73
5292.47
5292.47
3167.15
3167.15
3167.15
3167.15
11.76
11.76
11.76
1726.07
1726.07
1726.07
1726.07
155.02
155.02
213.75
213.75
2778.59
2778.59
125.24
125.24
22.76
22.76
4442.71
4442.71
5031.91
5031.91
37.44
37.44
34.91
34.91
3794.54
3794.54
131.00
131.00
1908.84
1908.84
259.13
259.13
4178.27
4178.27
4483.25
4483.25
4008.53
4008.53
5189.07
5189.07
5611.36
5611.36
5611.36
4964.74
4964.74
4467.33
4467.33
120.33
120.33
315.96
315.96
1273.83
1273.83
770.75
770.75
159.19
159.19
159.19
2614.58
2614.58
40.84
40.84
1911.60
1911.60
903.10
903.10
903.10
4698.48
4698.48
732.82
732.82
732.82
3773.24
3773.24
3773.24
354.44
354.44
354.44
4837.29
4837.29
4837.29
4257.69
4257.69
1301.94
1301.94
1301.94
794.46
794.46
2625.35
2625.35
1446.96
1446.96
1446.96
23.35
23.35
757.35
757.35
3798.90
3798.90
3798.90
29.66
29.66
29.66
2871.71
2871.71
1713.18
1713.18
67.91
67.91
4326.30
4326.30
1877.12
1877.12
1877.12
1464.76
1464.76
141.87
141.87
225.52
225.52
225.52
15.59
15.59
15.59
773.31
773.31
773.31
773.31
32.51
32.51
106.76
106.76
106.76
109.32
109.32
109.32
28.21
28.21
16.20
16.20
16.20
4859.48
4859.48
4859.48
4530.56
4530.56
4447.31
4447.31
4452.45
4452.45
4452.45
4209.65
4209.65
4209.65
4421.17
4421.17
4421.17
5144.22
5144.22
945.79
945.79
945.79
788.30
788.30
986.55
986.55
5253.97
5253.97
5253.97
3204.10
3204.10
4753.94
4753.94
4753.94
4521.25
4521.25
64.03
64.03
64.03
4560.26
4560.26
4560.26
45.09
45.09
1595.48
1595.48
1595.48
11.62
11.62
101.31
101.31
101.31
792.05
792.05
4943.16
4943.16
5847.56
5847.56
5847.56
56.81
56.81
56.81
631.43
631.43
764.17
764.17
764.17
31.27
31.27
31.27
710.41
710.41
710.41
3318.29
3318.29
1722.50
1722.50
1722.50
26.04
26.04
26.04
259.25
259.25
5555.86
5555.86
5555.86
5555.86
5555.86
5555.86
5555.86
12.48
12.48
12.48
1970.31
1970.31
2541.99
2541.99
2541.99
2541.99
2541.99
2541.99
2541.99
172.61
172.61
172.61
665.59
665.59
1327.90
1327.90
2122.30
2122.30
2816.17
2816.17
3346.57
3346.57
4168.68
4168.68
5255.74
5255.74
5069.62
5069.62
5069.62
4942.14
4942.14
3990.69
3990.69
4873.80
4873.80
4873.80
4955.55
4955.55
4955.55
5123.33
5123.33
5123.33
5774.17
5774.17
5774.17
5308.37
5308.37
2043.94
2043.94
2043.94
17.28
17.28
3362.03
3362.03
3362.03
3845.25
3845.25
3845.25
5965.73
5965.73
5806.05
5806.05
5806.05
604.65
604.65
604.65
12.50
12.50
121.31
121.31
121.31
298.92
298.92
298.92
158.36
158.36
158.36
35.81
35.81
788.05
788.05
788.05
3585.62
3585.62
2739.10
2739.10
2739.10
422.92
422.92
10.00
10.00
10.00
215.99
215.99
215.99
13.68
13.68
718.17
718.17
718.17
2022.64
2022.64
5354.64
5354.64
5354.64
23.05
23.05
3476.99
3476.99
5042.24
5042.24
67.20
67.20
784.11
784.11
948.12
948.12
5027.23
5027.23
4814.66
4814.66
5064.35
5064.35
743.62
743.62
2618.42
2618.42
784.10
784.10
102.14
102.14
2847.65
2847.65
12.18
12.18
10.00
10.00
1639.08
1639.08
48.88
48.88
12.06
12.06
25.18
25.18
5152.61
5152.61
5152.61
759.27
759.27
1287.64
1287.64
3524.21
3524.21
4333.58
4333.58
11.21
11.21
743.04
743.04
3176.00
3176.00
2527.87
2527.87
4027.47
4027.47
4248.13
4248.13
1200.68
1200.68
439.91
439.91
2700.77
2700.77
547.74
547.74
36.56
36.56
132.83
132.83
4738.50
4738.50
59.13
59.13
59.13
1538.09
1538.09
789.83
789.83
1091.60
1091.60
495.87
495.87
15.86
15.86
38.60
38.60
38.60
1604.09
1604.09
1604.09
173.56
173.56
173.56
2118.06
2118.06
2118.06
5519.40
5519.40
5519.40
5519.40
5417.36
5417.36
5417.36
3917.35
3917.35
26.99
26.99
26.99
1614.35
1614.35
1614.35
3360.53
3360.53
3360.53
4520.99
4520.99
4520.99
5726.35
5726.35
5726.35
3541.19
3541.19
3541.19
1137.62
1137.62
4725.85
4725.85
5088.76
5088.76
5088.76
1725.14
1725.14
3139.60
3139.60
3139.60
3741.67
3741.67
3741.67
4401.61
4401.61
4814.38
4814.38
4754.62
4754.62
340.23
340.23
5229.24
5229.24
4670.66
4670.66
5049.78
5049.78
5049.78
1293.94
1293.94
1293.94
5632.51
5632.51
6052.72
6052.72
2320.09
2320.09
773.51
773.51
773.51
1012.75
1012.75
1006.46
1006.46
3272.00
3272.00
3272.00
97.27
97.27
833.80
833.80
1802.93
1802.93
1802.93
730.35
730.35
885.46
885.46
26.93
26.93
2727.54
2727.54
4296.17
4296.17
4366.45
4366.45
2248.00
2248.00
2248.00
3344.90
3344.90
4051.50
4051.50
183.32
183.32
77.65
77.65
3629.39
3629.39
3629.39
5293.71
5293.71
5152.41
5152.41
5152.41
4002.21
4002.21
6180.55
6180.55
3894.67
3894.67
5810.44
5810.44
5810.44
5268.66
5268.66
2934.50
2934.50
2934.50
34.88
34.88
4230.23
4230.23
33.11
33.11
33.11
2586.86
2586.86
5430.23
5430.23
5430.23
49.51
49.51
49.51
2746.64
2746.64
2746.64
2746.64
2746.64
2746.64
4723.11
4723.11
4723.11
4674.53
4674.53
4841.03
4841.03
4841.03
716.46
716.46
10.00
10.00
4261.19
4261.19
5086.24
5086.24
5499.57
5499.57
4611.13
4611.13
5060.27
5060.27
5060.27
1229.70
1229.70
49.78
49.78
86.25
86.25
4512.03
4512.03
5654.35
5654.35
1085.68
1085.68
109.44
109.44
109.44
730.97
373.22
373.22
517.42
517.42
730.16
730.16
730.16
65.28
65.28
2633.73
2633.73
3999.42
3999.42
2736.86
2736.86
2732.35
2732.35
2732.35
2732.35
2732.35
2732.35
2732.35
2732.35
4187.84
4187.84
440.70
440.70
3208.10
3208.10
3005.34
3005.34
4654.66
4654.66
2859.54
2859.54
4363.81
4363.81
4575.08
4575.08
4838.47
4838.47
4838.47
5393.78
5393.78
5462.90
5462.90
5462.90
3886.42
3886.42
5771.58
5771.58
5771.58
5744.63
5744.63
5744.63
5744.63
5744.63
5744.63
5744.63
4696.44
4696.44
2966.05
2966.05
2966.05
4375.07
4375.07
4375.07
5355.70
5355.70
5330.48
5330.48
5648.17
5648.17
751.73
751.73
2342.17
2342.17
2342.17
5621.19
5621.19
2721.08
2721.08
4838.85
4838.85
3551.46
3551.46
5334.21
5334.21
5334.21
10.38
10.38
2011.59
2011.59
543.83
543.83
16.44
16.44
476.24
476.24
732.73
732.73
149.50
149.50
2713.88
2713.88
79.16
79.16
53.66
53.66
53.66
761.40
761.40
367.14
367.14
727.00
727.00
62.35
62.35
4419.26
4419.26
4419.26
2318.38
2318.38
4496.39
4496.39
5006.73
5006.73
56.10
56.10
5109.01
5109.01
4885.87
4885.87
2233.59
2233.59
2233.59
2233.59
2233.59
4113.47
4113.47
4113.47
4113.47
4827.76
4827.76
70.14
70.14
816.44
816.44
816.44
816.44
61.23
237.12
145.42
145.42
704.06
704.06
1315.88
1315.88
1315.88
10.00
10.00
4775.94
4775.94
4775.94
5471.14
5471.14
5471.14
124.24
124.24
623.00
623.00
623.00
99.67
99.67
1063.34
1063.34
1063.34
5423.14
5423.14
55.25
55.25
55.25
1300.85
1300.85
4107.56
4107.56
4107.56
2909.87
2909.87
1352.68
1352.68
36.93
36.93
52.42
52.42
52.42
752.86
752.86
744.98
744.98
4351.36
4351.36
5766.39
5766.39
2915.12
2915.12
1588.10
1588.10
1588.10
176.29
176.29
2065.89
2065.89
537.88
537.88
1697.39
1697.39
786.69
786.69
2205.90
2205.90
24.86
24.86
142.99
142.99
82.98
82.98
1275.23
1275.23
172.51
172.51
745.32
745.32
12.02
12.02
758.18
758.18
3017.29
3017.29
3739.19
3739.19
4052.90
4052.90
249.20
249.20
3828.17
3828.17
3828.17
3089.08
3089.08
119.17
119.17
5078.24
5078.24
33.67
33.67
4615.94
4615.94
40.48
40.48
37.78
37.78
24.31
24.31
24.31
232.19
232.19
52.29
52.29
109.38
109.38
109.38
771.67
771.67
3818.54
3818.54
3818.54
36.98
36.98
2100.29
2100.29
2100.29
5034.39
5034.39
5034.39
32.38
32.38
32.38
32.38
3391.81
3391.81
3391.81
1180.56
1180.56
3434.99
3434.99
3434.99
110.08
110.08
110.08
24.42
24.42
81.15
81.15
81.15
729.87
729.87
729.87
4943.42
4943.42
4943.42
3096.59
3096.59
3096.59
5530.01
5530.01
5390.27
5390.27
5390.27
3342.86
3342.86
4928.04
4928.04
4928.04
771.54
771.54
771.54
4519.95
4519.95
4519.95
3320.24
3320.24
3320.24
4266.07
4266.07
4266.07
5035.84
5035.84
756.80
756.80
756.80
1638.97
1638.97
141.67
141.67
292.37
292.37
38.88
38.88
38.88
15.55
15.55
15.55
193.91
193.91
193.91
4704.23
4704.23
4704.23
4704.23
2525.27
2525.27
2862.14
2862.14
2862.14
2862.14
11.48
11.48
11.48
462.75
462.75
462.75
4001.28
4001.28
4491.37
4491.37
4533.39
4533.39
4533.39
23.70
23.70
405.85
405.85
405.85
405.85
759.73
759.73
759.73
3175.69
3175.69
3175.69
3175.69
1285.58
1285.58
1285.58
2035.25
2035.25
2035.25
219.81
219.81
64.85
64.85
64.85
35.33
35.33
25.62
25.62
25.62
3683.57
3683.57
3683.57
4844.59
4844.59
4844.59
5046.73
5046.73
5046.73
42.37
42.37
42.37
42.37
2230.16
2230.16
62.96
62.96
62.96
1238.06
1238.06
1238.06
333.26
333.26
929.98
929.98
26.00
26.00
326.88
326.88
326.88
35.80
35.80
35.80
534.14
534.14
534.14
831.72
831.72
2268.50
2268.50
120.09
120.09
32.45
32.45
24.69
24.69
24.69
24.69
3561.87
3561.87
3561.87
3743.59
3743.59
3743.59
1549.78
1549.78
1549.78
1549.78
59.22
59.22
2794.75
2794.75
2794.75
805.42
805.42
805.42
51.29
51.29
116.52
116.52
116.52
116.52
41.71
41.71
4524.18
4524.18
5118.43
5118.43
5118.43
3957.30
3957.30
49.83
49.83
49.83
738.26
738.26
738.26
2097.70
2097.70
2097.70
374.94
374.94
374.94
1791.70
1791.70
1473.90
1473.90
1606.06
1606.06
1606.06
55.59
55.59
55.59
117.28
117.28
117.28
3683.89
3683.89
3683.89
750.81
750.81
750.81
12.23
12.23
12.23
770.49
770.49
770.49
25.78
25.78
25.78
4948.86
4948.86
4948.86
2800.70
2800.70
2800.70
258.56
258.56
258.56
5608.35
5608.35
27.06
27.06
27.06
35.26
35.26
35.26
99.41
99.41
99.41
2981.59
2981.59
2981.59
1757.87
1757.87
1757.87
1458.53
1458.53
1773.60
1773.60
1087.68
1087.68
1087.68
37.84
37.84
37.84
665.77
665.77
665.77
65.28
65.28
2549.11
2549.11
2549.11
2493.42
2493.42
557.12
557.12
3023.43
3023.43
2479.68
2479.68
732.40
732.40
373.34
373.34
717.26
717.26
2462.38
2462.38
3376.99
3376.99
1328.52
1328.52
1328.52
3542.94
3542.94
3542.94
4046.63
4046.63
1130.13
1130.13
716.97
716.97
41.38
41.38
1032.39
1032.39
59.93
59.93
59.93
814.78
814.78
814.78
4401.51
4401.51
4401.51
4105.35
4105.35
1966.02
1966.02
1966.02
1966.02
733.96
733.96
733.96
305.26
305.26
305.26
40.98
40.98
4093.13
4093.13
4093.13
2986.03
2986.03
800.09
800.09
22.91
22.91
4127.96
4127.96
4127.96
4127.96
4981.85
4981.85
1048.64
1048.64
1048.64
1448.14
1448.14
1448.14
3550.37
3550.37
3764.25
3764.25
3764.25
1506.05
1506.05
4789.87
4789.87
4789.87
3981.00
3981.00
12.57
12.57
12.57
12.57
3046.39
3046.39
3046.39
1612.93
1612.93
1612.93
4985.91
4985.91
4985.91
4120.22
4120.22
4120.22
773.36
773.36
79.25
79.25
79.25
4444.40
4444.40
12.09
12.09
12.09
12.09
124.34
124.34
124.34
789.30
789.30
789.30
789.30
31.41
31.41
31.41
767.51
767.51
767.51
767.51
5192.83
5192.83
1089.29
1089.29
5525.49
5525.49
5693.66
5693.66
5261.74
5261.74
5237.84
5237.84
5237.84
5940.77
5940.77
5940.77
5940.77
5940.77
5940.77
5940.77
5940.77
5940.77
5940.77
5940.77
5940.77
5171.18
39.82
4971.78
5171.57
5171.57
5455.87
5455.87
5455.87
35.82
35.82
35.82
5954.82
5954.82
5954.82
5954.82
2322.55
2322.55
5456.65
5456.65
5703.32
5703.32
5703.32
5703.32
5703.32
5703.32
5703.32
5703.32
5703.32
5703.32
5703.32
5703.32
24.34
24.34
24.34
24.34
24.80
24.80
50.92
791.69
791.69
1213.56
2648.33
37.76
37.76
25.23
25.23
56.15
56.15
1707.05
1707.05
26.03
26.03
23.20
23.20
235.84
235.84
235.84
16.21
16.21
2651.46
2651.46
2651.46
13.15
13.15
4981.22
4981.22
4981.22
2788.16
2788.16
2788.16
2319.22
2319.22
2319.22
922.60
922.60
5600.14
5600.14
4684.68
4684.68
4684.68
5679.11
5679.11
2864.63
2864.63
2864.63
2844.18
2844.18
2844.18
4844.13
4844.13
4844.13
5004.63
