# 1Hz Kbps trace generated by import_real_world_traces.py
7266.55
12152.38
12152.38
15131.29
15131.29
11169.42
11169.42
13272.53
13272.53
13779.92
13779.92
1200.44
1200.44
9581.06
9581.06
1225.36
1225.36
16676.42
16676.42
16676.42
16676.42
21.94
21.94
5075.97
5075.97
41.59
41.59
8241.99
8241.99
10446.83
10446.83
5805.84
5805.84
89.75
89.75
10691.56
10691.56
10691.56
10691.56
5016.20
5016.20
10624.30
10624.30
12749.17
12749.17
95.66
95.66
12492.79
12492.79
9802.25
9802.25
9761.69
9761.69
9761.69
9761.69
11776.76
11776.76
6184.85
6184.85
7383.23
7383.23
7481.28
7481.28
7481.28
7481.28
7481.28
7481.28
7481.28
7481.28
1828.01
1828.01
3669.28
3669.28
4483.20
4483.20
3224.80
3224.80
5058.69
5058.69
5407.91
5407.91
4769.43
4769.43
1314.09
1314.09
2996.87
2996.87
5998.61
5998.61
5998.61
5998.61
4410.53
4410.53
592.50
592.50
179.45
179.45
1112.87
1112.87
1890.63
1890.63
48.65
48.65
36.55
36.55
625.87
625.87
23.98
23.98
123.56
123.56
1180.36
1180.36
492.93
492.93
37.26
37.26
37.26
37.26
13.44
13.44
1342.28
3843.93
1455.88
1455.88
5197.00
5197.00
5736.29
5736.29
6625.03
6625.03
6719.43
6719.43
5320.24
5320.24
6957.04
6957.04
311.23
311.23
2857.92
2857.92
1158.10
1158.10
667.74
667.74
40.10
40.10
477.57
477.57
386.32
386.32
34.27
34.27
37.10
37.10
11.16
11.16
33.69
33.69
1092.16
1092.16
344.59
344.59
42.23
42.23
1173.32
1173.32
98.62
98.62
10.21
10.21
129.29
129.29
171.00
171.00
195.38
195.38
397.56
397.56
748.20
748.20
10687.28
10687.28
8380.39
8380.39
298.24
298.24
79.15
79.15
22.11
22.11
42.12
42.12
802.61
802.61
3026.40
3026.40
23.75
23.75
358.84
358.84
22.91
22.91
287.58
287.58
7231.26
7231.26
922.65
922.65
4420.89
4420.89
265.49
265.49
627.14
627.14
347.92
347.92
704.48
704.48
123.32
123.32
113.33
113.33
23.09
23.09
5632.89
5632.89
143.43
143.43
90.28
90.28
761.83
761.83
22.45
22.45
47.40
47.40
47.40
33.71
33.71
71.46
71.46
71.46
10.00
218.88
117.43
117.43
130.56
130.56
307.09
307.09
22.41
22.41
551.29
551.29
1143.57
1143.57
265.00
265.00
712.60
712.60
558.67
558.67
29.48
29.48
595.66
595.66
321.46
321.46
5438.03
5438.03
21.21
21.21
12939.32
12939.32
948.54
948.54
114.56
114.56
22.79
22.79
120.61
120.61
84.19
84.19
136.98
136.98
86.41
86.41
713.75
713.75
76.47
76.47
46.21
46.21
132.61
132.61
43.94
43.94
10.00
10.00
401.61
401.61
1057.77
1057.77
214.16
214.16
195.63
195.63
28.00
28.00
6230.74
6230.74
1157.98
1157.98
2860.36
2860.36
51.34
51.34
10577.35
10577.35
10577.35
10577.35
5463.53
5463.53
12570.26
12570.26
5030.83
5030.83
91.72
91.72
667.58
667.58
175.60
175.60
10.00
10.00
1171.59
1171.59
1171.59
44.71
20.27
20.27
32.44
32.44
32.44
493.56
23.16
23.16
11.77
11.77
42.21
42.21
42.21
12.22
21.31
21.31
1156.21
1156.21
40.85
40.85
10.37
10.37
247.63
247.63
13699.63
13699.63
13699.63
7184.23
7184.23
9480.80
911.81
911.81
1224.61
1224.61
1224.61
905.42
905.42
4874.62
17028.78
17028.78
211.98
211.98
211.98
67.60
152.60
152.60
130.02
130.02
177.53
177.53
67.26
67.26
97.59
97.59
1101.68
1101.68
1101.68
206.54
206.54
1193.93
89.99
89.99
554.30
554.30
554.30
1952.73
1952.73
947.99
24.59
24.59
7486.92
7486.92
7486.92
195.66
195.66
168.05
666.14
666.14
20.20
20.20
20.20
769.14
769.14
1159.42
323.08
323.08
423.42
423.42
423.42
532.98
532.98
21.69
1218.83
1218.83
11.24
11.24
11.24
117.10
117.10
67.02
62.80
62.80
62.80
65.25
65.25
93.22
19.86
19.86
19.86
15.35
15.35
3307.01
313.30
313.30
2739.72
2739.72
2739.72
8163.22
8163.22
583.63
1160.12
1160.12
1055.66
1055.66
1055.66
6525.31
6525.31
28.67
5416.85
5416.85
1108.44
1108.44
1108.44
710.46
710.46
51.00
51.00
522.75
566.87
566.87
566.87
13.67
13.67
175.95
8644.14
8644.14
269.94
269.94
269.94
71.71
71.71
563.86
563.86
18189.73
18189.73
370.43
370.43
11981.42
11981.42
1563.07
1563.07
19390.67
19390.67
13.81
13.81
22.37
22.37
111.59
111.59
834.64
16.20
16.20
16.20
2237.62
2237.62
70.05
53.03
53.03
53.03
82.53
82.53
149.69
149.69
15432.73
15432.73
18574.75
18574.75
15304.31
15304.31
295.18
295.18
17810.89
17810.89
947.51
947.51
12655.83
12655.83
17064.90
17064.90
21.59
21.59
9214.73
902.40
