# 1Hz Kbps trace generated by import_real_world_traces.py
1497.35
7092.96
7092.96
8038.98
8038.98
7650.70
7650.70
27.68
27.68
8950.02
8950.02
8950.02
7276.84
7276.84
1928.56
1928.56
5247.29
5247.29
3988.43
3988.43
6279.93
4908.47
4908.47
4908.47
6625.64
6625.64
6238.07
6238.07
6647.49
8685.30
8685.30
8685.30
7700.02
7700.02
4673.82
4673.82
8016.34
110.15
110.15
7765.70
7765.70
7765.70
4016.90
4016.90
8230.10
8230.10
8495.03
8495.03
4706.61
4706.61
6511.95
6511.95
1693.58
1693.58
8588.60
8588.60
7499.02
6899.06
6899.06
8108.55
8108.55
7350.43
7350.43
1181.94
1181.94
1181.94
7749.97
7749.97
6612.48
7876.95
7876.95
7876.95
7482.29
7482.29
8062.02
7089.04
7089.04
5564.49
5564.49
5564.49
2939.82
2939.82
2502.33
8677.45
8677.45
8677.45
8709.53
8872.71
8872.71
8872.71
8608.27
8608.27
1658.49
136.46
136.46
136.46
50.62
50.62
7423.38
7423.38
7807.15
7740.08
7740.08
7740.08
8428.16
2949.82
2949.82
2949.82
3385.94
3385.94
7276.52
7276.52
833.38
833.38
76.79
76.79
7404.36
7404.36
58.00
58.00
8083.16
5916.78
5916.78
5916.78
3139.83
3139.83
6070.45
6070.45
190.30
190.30
1141.88
1141.88
1238.94
1238.94
1946.33
1946.33
2417.87
221.11
221.11
221.11
77.54
77.54
53.44
53.44
1141.70
1166.30
1166.30
1166.30
5303.72
5303.72
4227.80
4227.80
493.40
586.75
586.75
586.75
220.71
220.71
6605.31
6605.31
174.58
174.58
6337.31
6337.31
56.48
56.48
3530.75
3530.75
494.90
494.90
8377.50
8377.50
384.57
384.57
886.01
886.01
443.71
443.71
281.64
281.64
1197.38
1197.38
2415.54
2415.54
1674.23
1674.23
309.48
309.48
4756.14
4756.14
2171.07
2171.07
6714.26
6714.26
6380.76
6380.76
47.55
47.55
3988.22
3988.22
3988.22
3988.22
3988.22
3988.22
7306.31
7306.31
6795.58
6795.58
202.29
202.29
3722.02
3722.02
3882.50
3882.50
2197.20
2197.20
886.15
886.15
1235.90
1235.90
2683.35
2683.35
1765.00
1765.00
5501.01
5501.01
8088.72
8088.72
1170.53
1170.53
586.35
586.35
3147.40
3147.40
5295.66
5295.66
3440.70
3440.70
654.48
654.48
502.93
502.93
1131.36
1131.36
172.41
172.41
869.49
869.49
86.34
86.34
5723.70
5723.70
4118.29
4118.29
1537.74
1537.74
1146.65
1146.65
2904.93
2904.93
2409.98
2409.98
1486.93
1486.93
4650.40
4650.40
6578.18
6578.18
1432.72
1432.72
1150.89
1150.89
2727.96
2727.96
6047.67
6047.67
1171.44
1171.44
1817.08
1817.08
122.80
122.80
147.17
147.17
744.88
744.88
6707.95
6707.95
6599.31
6599.31
5192.28
5192.28
2025.55
2025.55
6055.71
6055.71
662.86
662.86
7616.68
7616.68
1178.51
1178.51
300.18
300.18
297.40
297.40
1835.53
1835.53
6363.23
6363.23
7442.09
7442.09
728.62
728.62
914.42
914.42
1729.10
1729.10
5544.23
5544.23
7252.56
7252.56
5205.10
5205.10
1450.30
1450.30
5783.54
5783.54
7676.66
7676.66
700.51
700.51
476.99
476.99
1627.25
1627.25
359.07
359.07
1190.56
1190.56
4891.85
4891.85
3174.46
3174.46
276.69
276.69
51.29
51.29
1239.29
1239.29
3352.90
3352.90
1271.98
1271.98
1191.11
1191.11
382.68
382.68
104.43
104.43
5255.18
5255.18
2302.15
2302.15
778.92
778.92
1376.87
1376.87
26.51
26.51
3019.85
3019.85
1234.98
1234.98
1425.15
1425.15
8558.69
8558.69
6812.15
6812.15
4957.30
4957.30
879.81
879.81
7275.61
7275.61
5214.66
5214.66
8222.13
8222.13
3315.14
3315.14
268.94
268.94
7562.33
7562.33
1248.15
1248.15
6234.77
6234.77
712.47
712.47
5548.00
5548.00
8198.97
8198.97
6694.62
6694.62
62.34
62.34
4739.95
4739.95
193.15
193.15
1156.16
1156.16
10.00
10.00
4807.96
4807.96
6134.28
6134.28
7217.05
7217.05
1151.17
1151.17
7629.17
7629.17
2667.09
2667.09
2122.44
2122.44
1724.16
1724.16
2241.99
2241.99
1946.05
1946.05
1930.22
1930.22
4949.15
4949.15
5184.19
5184.19
28.49
28.49
184.35
184.35
2788.28
2788.28
1108.04
1108.04
1252.92
1252.92
4845.22
4845.22
512.17
512.17
5731.32
5731.32
796.64
796.64
1147.29
1147.29
1256.98
1256.98
6510.22
6510.22
3900.10
3900.10
8414.78
8414.78
358.01
358.01
26.45
26.45
4120.74
4120.74
8324.33
8324.33
6425.46
6425.46
6821.59
6821.59
6920.40
6920.40
6853.83
6853.83
8256.78
8256.78
7959.76
7959.76
7237.63
7237.63
7523.05
7523.05
4903.38
4903.38
8012.12
8012.12
8456.23
8456.23
7923.46
7923.46
8428.76
8428.76
4301.29
4301.29
648.55
648.55
8831.92
8831.92
5323.12
5323.12
7733.03
7733.03
7941.82
7941.82
7324.89
7324.89
1181.02
1181.02
416.54
416.54
8467.58
8467.58
4473.76
4473.76
1425.11
1425.11
7895.41
7895.41
6897.27
6897.27
2786.49
2786.49
7702.13
7702.13
4866.47
4866.47
7737.28
7737.28
8322.59
8322.59
7799.32
7799.32
8201.30
8201.30
4550.57
4550.57
298.21
298.21
8566.08
8566.08
8870.40
8870.40
7884.45
7884.45
1437.55
1437.55
4416.03
4416.03
4085.70
4085.70
7555.54
7555.54
4148.74
4148.74
421.14
421.14
4288.29
4288.29
7895.98
7895.98
8475.97
8475.97
8198.84
8198.84
4061.70
4061.70
5629.88
5629.88
5075.79
5075.79
6741.79
6741.79
7149.10
7149.10
6689.69
6689.69
7191.34
7191.34
7833.59
7833.59
7022.98
7022.98
7828.57
7828.57
7809.38
7809.38
6986.50
6986.50
5640.86
5640.86
6395.71
6395.71
7745.87
7745.87
7448.53
7448.53
7466.77
7466.77
6793.11
6793.11
7154.26
7154.26
88.24
88.24
875.95
875.95
3175.46
3175.46
7659.80
7659.80
232.86
232.86
1183.92
1183.92
296.56
296.56
1249.54
1249.54
3030.43
3030.43
1752.37
1752.37
1588.49
1588.49
193.86
193.86
6700.95
6700.95
3251.37
3251.37
6583.97
6583.97
149.94
149.94
2232.71
2232.71
3064.93
3064.93
7027.20
7027.20
42.67
42.67
5375.33
5375.33
3211.41
3211.41
7483.02
7483.02
6575.57
6575.57
4467.20
4467.20
7234.23
7234.23
6953.06
6953.06
5834.97
5834.97
7205.20
7205.20
1170.43
1170.43
8152.82
8152.82
2921.88
2921.88
3245.18
3245.18
2033.43
2033.43
2319.34
2319.34
254.30
254.30
6771.19
6771.19
2798.08
2798.08
3725.74
3725.74
5678.09
5678.09
83.98
83.98
8996.92
8996.92
281.81
281.81
204.64
204.64
266.26
266.26
277.83
277.83
1976.99
1976.99
1113.38
1113.38
5365.88
5365.88
7561.35
7561.35
5552.31
5552.31
7610.43
7610.43
8613.66
8613.66
1195.22
1195.22
1175.06
1175.06
3170.68
3170.68
1372.43
1372.43
5006.18
5006.18
3511.33
3511.33
2049.48
2049.48
27.32
27.32
583.17
583.17
53.22
53.22
3984.18
3984.18
2229.93
2229.93
2639.87
2639.87
5297.71
5297.71
932.08
932.08
7584.18
7584.18
1517.03
1517.03
1745.27
1745.27
2087.13
2087.13
852.22
852.22
2211.94
2211.94
1487.05
1487.05
261.65
261.65
2748.95
2748.95
3400.25
3400.25
629.96
629.96
8045.03
8045.03
3072.03
3072.03
1016.03
1016.03
971.31
971.31
181.48
181.48
7090.69
7090.69
6779.72
6779.72
6779.72
6779.72
1835.34
1835.34
439.11
439.11
6341.50
6341.50
6737.03
6737.03
6765.61
6765.61
664.99
664.99
2520.34
2520.34
1709.57
1709.57
6079.13
6079.13
5747.72
5747.72
5747.72
5747.72
5747.72
5747.72
109.35
109.35
96.97
96.97
10.00
10.00
3316.35
3316.35
1218.75
1218.75
21.59
21.59
263.84
263.84
5935.05
5935.05
262.68
262.68
2805.19
2805.19
6765.94
6765.94
1103.36
1103.36
127.37
127.37
1079.62
1079.62
6653.51
6653.51
6653.51
6653.51
1202.60
1202.60
6532.80
6532.80
6771.69
6771.69
7069.55
7069.55
7477.64
7477.64
1161.41
1161.41
6203.91
6203.91
6822.24
6822.24
19.51
19.51
7093.68
7093.68
6528.03
6528.03
10.00
10.00
6661.17
6661.17
6661.17
6661.17
6661.17
6661.17
273.37
273.37
5308.26
5308.26
1244.79
1244.79
107.70
107.70
2968.57
2968.57
77.73
77.73
6162.42
6162.42
2865.61
2865.61
7178.70
7178.70
7178.70
7178.70
7178.70
7178.70
806.94
806.94
41.38
41.38
16.76
16.76
1151.98
1151.98
6857.40
6857.40
3994.87
3994.87
4155.21
4155.21
3456.57
3456.57
123.91
123.91
224.06
224.06
3100.05
3100.05
27.95
27.95
5466.22
5466.22
3121.34
3121.34
836.85
836.85
1139.88
1139.88
1139.88
203.94
203.94
2417.79
2417.79
1637.14
1637.14
856.94
856.94
5187.27
5187.27
326.64
326.64
1239.24
1239.24
4818.23
92.68
92.68
92.68
3767.44
3767.44
7669.99
7669.99
72.32
72.32
300.46
300.46
1232.45
1232.45
2489.92
2489.92
276.83
276.83
51.41
51.41
200.81
200.81
174.54
174.54
356.29
3809.47
3809.47
3809.47
6914.74
6914.74
239.30
239.30
132.09
132.09
4303.79
4303.79
1518.33
1518.33
2065.11
2065.11
7610.91
7610.91
28.61
28.61
84.07
84.07
1226.38
1226.38
2910.76
37.09
37.09
37.09
811.10
811.10
6307.43
6307.43
1220.62
1220.62
174.57
174.57
2367.64
2367.64
2799.85
2799.85
447.22
447.22
699.33
699.33
8864.97
8864.97
1254.75
1254.75
5925.36
5925.36
3226.79
3226.79
1237.05
1237.05
5642.51
5642.51
5476.52
5476.52
58.27
58.27
2209.63
2209.63
3623.01
3623.01
36.97
36.97
25.76
25.76
1616.83
1616.83
2776.05
2776.05
5113.11
5113.11
1391.82
1391.82
523.06
523.06
137.79
137.79
1149.23
1149.23
29.20
29.20
3239.73
3239.73
6886.68
6886.68
1012.92
1012.92
2938.18
2938.18
470.27
470.27
1178.63
1178.63
160.30
160.30
1167.69
1167.69
652.89
652.89
379.38
379.38
1165.63
1165.63
3549.19
3549.19
94.95
94.95
1305.38
1305.38
2165.63
2165.63
519.62
519.62
1814.61
1814.61
3147.57
3147.57
6255.22
6255.22
1283.75
1283.75
5503.25
5503.25
7116.85
7116.85
3435.56
3435.56
6448.43
6448.43
1165.43
1165.43
4702.49
4702.49
742.62
742.62
5388.98
5388.98
2693.08
2693.08
2615.79
2615.79
1649.77
1649.77
1264.41
1264.41
3388.21
3388.21
7022.38
7022.38
5678.99
5678.99
6642.66
6642.66
7751.95
7751.95
8439.64
8439.64
7623.63
7623.63
7498.16
7498.16
8590.46
8590.46
5272.84
5272.84
4372.68
4372.68
3677.35
3677.35
8246.49
8246.49
1564.83
1564.83
7119.70
7119.70
8792.26
8792.26
8706.15
8706.15
8697.32
8697.32
319.87
319.87
4500.02
4500.02
8453.83
8453.83
89.98
89.98
7706.88
7706.88
1245.04
1245.04
7109.62
7109.62
7716.65
7716.65
7592.08
7592.08
7401.00
7401.00
1861.63
1861.63
7733.35
7733.35
2163.11
2163.11
5528.61
5528.61
8467.85
8467.85
8644.95
8644.95
2513.82
2513.82
1177.40
1177.40
58.98
58.98
7515.63
7515.63
5242.00
5242.00
5770.23
5770.23
100.60
100.60
7026.39
7026.39
7771.84
7771.84
8073.70
8073.70
7127.38
7127.38
8352.93
8352.93
8245.83
8245.83
7627.56
7627.56
7551.14
7551.14
3045.60
3045.60
1597.85
1597.85
40.55
40.55
54.15
54.15
756.77
756.77
6342.56
6342.56
3945.77
3945.77
7284.90
7284.90
1177.49
1177.49
124.14
124.14
7585.93
7585.93
190.49
190.49
5128.00
5128.00
1248.46
1248.46
7609.90
7609.90
1230.84
1230.84
354.24
354.24
1238.68
1238.68
2436.10
2436.10
5320.36
5320.36
3008.03
3008.03
4525.87
4525.87
1550.77
1550.77
49.95
49.95
2305.12
2305.12
4855.52
4855.52
8107.20
8107.20
2876.82
2876.82
2586.67
2586.67
3047.61
3047.61
4735.95
4735.95
3941.15
3941.15
4063.25
4063.25
1837.44
1837.44
1236.20
1236.20
2993.93
2993.93
1055.39
1055.39
6817.25
6817.25
901.16
901.16
18.59
18.59
126.66
126.66
1487.99
1487.99
3024.30
3024.30
6424.55
6424.55
1351.28
1351.28
4223.32
4223.32
2746.49
2746.49
432.89
432.89
387.40
387.40
605.13
605.13
1131.46
1131.46
8066.09
8066.09
4156.15
4156.15
8184.88
8184.88
1072.19
1072.19
63.85
63.85
7352.41
7352.41
6935.78
6935.78
1942.39
1942.39
8001.86
8001.86
773.32
773.32
3940.15
3940.15
158.52
158.52
7811.90
7811.90
131.17
131.17
77.37
77.37
1041.00
1041.00
3530.33
3530.33
113.29
113.29
1113.13
1113.13
1352.56
1352.56
72.36
72.36
7494.21
7494.21
8061.81
8061.81
57.29
57.29
2494.74
2494.74
1872.96
1872.96
8781.58
8781.58
8991.37
8991.37
2476.93
2476.93
1248.31
1248.31
7964.53
7964.53
1590.64
1590.64
853.35
853.35
4074.26
4074.26
1102.74
1102.74
698.80
698.80
16.71
16.71
2289.38
2289.38
4543.91
4543.91
52.17
52.17
6296.39
6296.39
4515.07
4515.07
6901.10
6901.10
56.92
56.92
89.51
89.51
4550.02
4550.02
7751.94
7751.94
1550.73
1550.73
7331.63
7331.63
492.57
492.57
75.49
75.49
1317.49
1317.49
2232.26
2232.26
4485.55
4485.55
5254.73
5254.73
2996.84
2996.84
188.18
188.18
5992.98
5992.98
2041.08
2041.08
167.22
167.22
1145.50
1145.50
7563.26
7563.26
3740.39
3740.39
1567.35
1567.35
1720.81
1720.81
34.36
34.36
106.91
106.91
4695.05
4695.05
38.05
38.05
201.19
201.19
728.27
728.27
604.48
604.48
57.55
57.55
78.86
78.86
1158.03
1158.03
5336.45
5336.45
1381.87
1381.87
33.19
33.19
813.47
813.47
3435.08
3435.08
607.79
607.79
1625.34
1625.34
59.48
59.48
18.08
18.08
7516.41
7516.41
6800.49
6800.49
1174.13
1174.13
1016.08
1016.08
635.41
635.41
1198.11
1198.11
6545.97
6545.97
42.22
42.22
3530.67
3530.67
8874.40
8874.40
7259.05
7259.05
1769.64
1769.64
1246.89
1246.89
2010.96
2010.96
52.24
52.24
288.60
288.60
16.76
16.76
29.49
29.49
128.94
128.94
1196.63
1196.63
125.31
125.31
1627.28
1627.28
1663.79
1663.79
3221.12
3221.12
3134.19
3134.19
3035.03
3035.03
3373.41
3373.41
847.82
847.82
3908.13
3908.13
4128.57
4128.57
3971.14
3971.14
3942.31
3942.31
3607.65
3607.65
4118.86
4118.86
2345.68
2345.68
489.29
489.29
2350.35
2350.35
3308.05
3308.05
2754.18
2754.18
774.39
774.39
4254.99
4254.99
38.31
38.31
4003.75
4003.75
18.96
18.96
3024.57
3024.57
5369.59
5369.59
42.87
42.87
5477.96
5477.96
5367.30
5367.30
5367.30
5367.30
36.21
36.21
4767.57
4767.57
212.46
212.46
74.80
74.80
4118.39
4118.39
38.69
38.69
6615.41
6615.41
6688.14
6688.14
4750.03
4750.03
20.93
20.93
19.13
19.13
5102.61
5102.61
6046.43
6046.43
214.01
214.01
6515.79
6515.79
51.00
51.00
6690.45
