# 1Hz Kbps trace generated by import_real_world_traces.py
383.66
198.85
33.70
111.88
43.77
204.61
84.97
84.97
27.52
27.52
211.71
211.71
385.67
385.67
407.53
407.53
717.13
717.13
128.05
128.05
652.89
652.89
421.88
421.88
421.88
87.38
23.36
23.36
54.10
54.10
262.41
262.41
604.37
604.37
10.00
10.00
692.12
692.12
243.45
243.45
42.98
42.98
21.18
21.18
231.74
231.74
1158.91
1158.91
1158.91
376.34
654.97
654.97
654.97
469.45
1100.86
1100.86
1020.02
1020.02
507.92
507.92
1376.06
1376.06
973.18
973.18
1035.98
1035.98
315.78
315.78
754.55
754.55
16.39
16.39
981.24
981.24
323.98
323.98
953.53
953.53
1418.36
1418.36
124.44
124.44
1644.23
1644.23
2161.63
2161.63
1538.10
1538.10
20.70
20.70
637.46
637.46
524.74
524.74
524.74
535.41
936.85
936.85
800.87
800.87
667.83
667.83
667.83
667.83
848.51
848.51
978.58
978.58
892.30
892.30
10.00
10.00
917.80
917.80
653.27
653.27
653.27
10.00
1091.43
1091.43
716.85
716.85
416.02
416.02
416.02
416.02
416.02
416.02
222.66
222.66
113.17
113.17
149.54
52.05
17.86
223.51
47.80
47.80
64.17
64.17
174.12
174.12
97.77
97.77
34.58
34.58
46.57
46.57
212.81
212.81
78.02
78.02
78.02
10.00
118.53
118.53
180.28
180.28
255.71
255.71
269.89
269.89
182.34
182.34
181.56
181.56
151.00
151.00
188.33
188.33
188.33
188.33
188.33
188.33
44.88
140.11
309.35
309.35
237.62
237.62
131.60
131.60
110.55
110.55
204.56
204.56
161.51
161.51
336.94
336.94
82.51
82.51
133.98
133.98
37.99
37.99
232.84
232.84
232.84
232.84
232.84
53.39
183.55
183.55
10.57
10.57
154.13
154.13
154.13
154.13
163.96
163.96
73.57
73.57
49.44
49.44
40.63
40.63
40.63
40.63
70.80
70.80
91.75
91.75
91.71
91.71
49.04
49.04
128.40
128.40
187.20
187.20
211.64
211.64
128.99
128.99
305.86
305.86
322.66
322.66
313.06
313.06
313.06
313.06
378.49
378.49
418.56
418.56
251.74
251.74
330.09
330.09
788.39
788.39
480.63
480.63
1066.62
1066.62
938.87
938.87
939.65
939.65
1151.81
1151.81
207.45
207.45
173.21
173.21
1021.82
1021.82
28.87
28.87
62.31
62.31
10.00
10.00
767.45
767.45
49.23
49.23
59.45
59.45
856.80
856.80
851.15
851.15
329.66
329.66
329.66
35.37
64.27
64.27
528.89
528.89
103.80
103.80
910.82
910.82
472.41
472.41
395.91
395.91
624.10
624.10
1202.36
1202.36
1097.24
1097.24
1408.75
1408.75
377.40
377.40
897.40
897.40
60.59
60.59
19.66
19.66
211.34
211.34
299.58
299.58
1210.69
1210.69
88.14
88.14
148.64
148.64
148.64
17.54
17.54
20.32
20.32
20.57
381.46
381.46
381.46
381.46
187.99
187.99
534.73
534.73
114.30
114.30
265.88
265.88
489.96
489.96
728.57
728.57
12.31
12.31
98.07
98.07
102.59
102.59
102.59
10.00
349.08
349.08
349.08
349.08
73.34
73.34
73.34
73.34
73.34
50.51
125.11
75.25
192.69
192.69
10.00
10.00
107.53
107.53
18.95
18.95
54.53
54.53
54.53
55.59
203.91
203.91
228.01
228.01
189.41
189.41
65.63
65.63
17.70
17.70
268.15
268.15
126.83
126.83
149.91
149.91
149.91
41.63
41.63
102.44
117.94
117.94
221.14
221.14
14.27
14.27
101.20
101.20
10.00
10.00
12.14
12.14
19.95
19.95
10.00
10.00
130.20
130.20
93.33
93.33
164.53
164.53
164.53
164.53
115.10
154.64
