# 1Hz Kbps trace generated by import_real_world_traces.py
1256.15
2361.33
3566.22
3566.22
4131.80
4131.80
4131.80
919.79
919.79
2447.05
2447.05
2447.05
2100.20
2100.20
1652.20
1652.20
4357.91
4357.91
7062.56
7062.56
2825.82
2825.82
2935.78
2935.78
6893.00
6893.00
7826.19
7826.19
7297.93
7297.93
8503.64
8503.64
4631.50
4631.50
5704.72
5704.72
8217.51
8217.51
9427.30
9427.30
4611.09
4611.09
2081.43
2081.43
2175.59
2175.59
5633.65
5510.76
5510.76
5510.76
2313.47
2313.47
6271.29
6271.29
10045.11
10045.11
66.15
66.15
4459.15
4459.15
2234.38
2234.38
73.98
73.98
3836.35
3836.35
6034.56
6034.56
2857.96
2857.96
6715.27
6715.27
2685.01
2685.01
1571.35
1571.35
195.54
195.54
3150.79
3150.79
603.71
603.71
5437.81
5437.81
337.70
337.70
275.22
275.22
2212.60
2212.60
209.44
209.44
2907.31
2907.31
2321.60
2321.60
2842.56
2842.56
8932.48
8932.48
8932.48
8932.48
8932.48
8932.48
11604.58
11604.58
71.20
71.20
243.81
243.81
6906.28
6906.28
8972.19
8972.19
2585.63
2585.63
2850.39
2850.39
1132.55
1132.55
6464.74
6464.74
3855.21
3855.21
3855.21
11414.91
11414.91
2773.30
2773.30
9424.02
9424.02
4892.06
4892.06
2201.04
2791.25
2791.25
2791.25
9332.05
9332.05
8454.09
8454.09
2911.67
2911.67
10.00
10.00
1331.36
1331.36
1738.14
1738.14
1521.26
1521.26
1798.07
1798.07
2466.41
2466.41
3118.78
3118.78
4907.10
4767.27
4767.27
4767.27
5420.18
5420.18
5420.18
5420.18
4066.49
4066.49
4752.49
4752.49
6222.07
6222.07
5708.10
5708.10
5106.15
5106.15
7884.42
7884.42
6209.94
6209.94
7298.10
7298.10
3171.96
2855.70
2855.70
2855.70
3695.94
3695.94
324.75
324.75
2726.28
2726.28
2744.36
2744.36
3043.64
3043.64
10478.46
10478.46
10478.46
10478.46
10478.46
10478.46
7629.22
7629.22
9980.17
9980.17
10336.45
10336.45
10336.45
10336.45
9612.92
9612.92
5643.52
5643.52
10239.75
10239.75
662.45
662.45
22.84
22.84
7343.59
7343.59
149.29
149.29
3837.07
3837.07
1548.46
1548.46
2729.55
2729.55
9384.53
9384.53
3008.23
3008.23
11028.90
11028.90
11909.74
11909.74
2927.51
2927.51
49.45
49.45
6761.88
6761.88
235.87
235.87
1496.72
1496.72
1125.02
1125.02
5859.58
5859.58
3646.38
3646.38
4294.61
4294.61
105.71
105.71
6165.33
6165.33
197.87
197.87
240.50
240.50
3381.92
3381.92
2455.67
2455.67
6032.18
6032.18
6032.18
6032.18
6032.18
6032.18
6032.18
6032.18
6032.18
6032.18
6032.18
6032.18
6032.18
6032.18
6032.18
6032.18
6293.75
6293.75
8417.09
8417.09
111.65
111.65
5267.64
5267.64
6095.69
6095.69
7267.87
7267.87
1535.95
1535.95
10744.20
10744.20
2542.86
2542.86
390.74
390.74
2833.96
2833.96
35.45
35.45
5991.42
5991.42
682.45
682.45
941.91
941.91
6186.53
6186.53
8375.88
8375.88
982.40
982.40
2034.63
2034.63
3593.05
3593.05
7268.04
7268.04
2131.73
2131.73
2985.79
2985.79
187.01
187.01
45.26
45.26
4954.16
4954.16
3557.90
3557.90
3188.53
3188.53
33.16
33.16
959.67
959.67
1836.18
1836.18
55.42
55.42
10582.29
10582.29
1948.77
1948.77
2758.57
2758.57
2229.60
2229.60
6345.71
6345.71
10319.91
10319.91
74.30
74.30
2811.72
2811.72
11812.77
11812.77
42.37
42.37
887.09
887.09
231.78
231.78
2909.12
2909.12
380.28
380.28
2822.51
2822.51
162.94
162.94
138.65
138.65
3032.98
3032.98
6502.99
6502.99
2786.47
2786.47
191.60
191.60
241.98
241.98
75.39
75.39
1023.93
1023.93
3061.81
3061.81
4614.21
4614.21
2664.06
2664.06
1104.05
1104.05
6726.04
6726.04
7991.93
7991.93
604.09
604.09
3045.62
3045.62
7590.86
7590.86
1004.99
1004.99
138.17
138.17
1880.76
1880.76
22.45
22.45
57.81
57.81
6902.80
6902.80
830.68
830.68
5229.94
5229.94
38.46
38.46
138.98
138.98
2670.87
2670.87
182.13
182.13
47.45
47.45
23.31
23.31
2574.48
2574.48
1628.36
1628.36
155.67
155.67
9132.97
9132.97
4980.63
4980.63
9778.65
9778.65
2920.53
2920.53
11125.52
11125.52
8655.44
8655.44
2142.46
2142.46
11532.78
11532.78
837.27
837.27
8167.17
8167.17
2483.01
2483.01
4028.23
4028.23
2870.84
2870.84
7471.47
7471.47
2232.88
2232.88
2854.75
2854.75
5813.75
5813.75
5813.75
2657.24
2657.24
1917.06
2927.94
2927.94
2927.94
443.63
443.63
6083.32
6083.32
2784.23
2784.23
275.68
275.68
4755.61
4755.61
9481.32
9481.32
9449.91
9449.91
60.31
60.31
906.25
906.25
5415.74
5415.74
623.82
5168.23
5168.23
5168.23
120.52
120.52
204.73
204.73
316.50
316.50
1880.73
1880.73
95.33
95.33
6070.02
6070.02
192.60
192.60
6175.11
6175.11
4906.01
4906.01
5798.84
5798.84
4601.02
4601.02
3969.30
3969.30
789.76
789.76
31.04
31.04
3012.90
3012.90
9683.32
9683.32
3360.20
3360.20
1124.68
1124.68
1198.71
1198.71
51.36
51.36
179.69
179.69
2697.95
2697.95
9611.27
9611.27
2649.19
2649.19
40.66
40.66
127.57
127.57
72.84
72.84
351.35
414.82
414.82
414.82
1854.29
1854.29
7023.77
7023.77
2873.67
2873.67
4540.23
4540.23
2570.69
2570.69
122.43
122.43
2807.69
2807.69
325.71
325.71
657.28
657.28
5032.63
5032.63
7390.45
7390.45
2586.30
2586.30
371.33
371.33
62.70
62.70
2143.91
2143.91
3391.23
3391.23
2367.98
2367.98
1863.96
1863.96
6566.76
6566.76
88.24
88.24
6177.88
6177.88
3330.38
3330.38
670.09
670.09
2715.12
2715.12
44.84
44.84
9257.83
9257.83
268.63
268.63
2437.11
2437.11
2770.64
2770.64
439.27
439.27
25.64
25.64
5920.93
5920.93
2162.24
2162.24
5881.54
5881.54
8304.86
8304.86
2773.84
2773.84
282.80
282.80
4828.73
4828.73
2431.29
2431.29
6730.63
6730.63
8151.12
8151.12
8820.30
8820.30
9312.86
9312.86
47.93
47.93
214.30
214.30
75.97
75.97
7168.32
7168.32
2801.76
2801.76
1504.81
1504.81
4232.47
4232.47
6808.38
6808.38
334.16
334.16
3027.10
3027.10
8738.81
8738.81
11706.71
11706.71
266.93
266.93
9716.37
9716.37
2858.32
2858.32
8214.28
8214.28
2974.08
2974.08
392.54
392.54
787.91
787.91
1385.34
1385.34
1673.08
1673.08
2461.06
2461.06
5142.01
5142.01
2735.08
2735.08
4876.13
4876.13
89.09
89.09
3534.30
3534.30
3915.06
3915.06
2341.80
2341.80
2772.29
2772.29
4184.15
4184.15
5889.71
5889.71
6093.37
6093.37
5185.10
5185.10
6340.64
6340.64
5881.64
5881.64
6362.21
6362.21
6299.27
6299.27
6533.30
6533.30
8244.58
8244.58
5882.51
5882.51
5590.04
5590.04
5590.04
5590.04
8784.94
8784.94
8336.12
8336.12
7690.11
7690.11
846.25
846.25
110.46
110.46
9978.23
9978.23
8862.27
8862.27
10073.04
10073.04
8817.77
8817.77
3040.16
3040.16
401.29
401.29
389.12
389.12
58.57
58.57
3578.92
3578.92
3528.94
3528.94
6567.39
6567.39
7080.45
7080.45
411.89
411.89
534.83
534.83
2711.52
2711.52
1519.01
1519.01
7550.55
7550.55
4523.11
4523.11
4523.11
4523.11
7896.97
7896.97
9964.11
9964.11
7360.67
7360.67
9580.48
9580.48
9791.77
9791.77
7110.81
7110.81
94.55
94.55
2577.26
2577.26
5195.55
5195.55
2798.21
2798.21
11003.83
11003.83
2972.92
2972.92
10465.30
10465.30
185.49
185.49
2669.72
2669.72
3102.94
3102.94
4871.49
4871.49
381.18
381.18
3385.12
3385.12
10173.18
10173.18
8963.58
8963.58
2896.32
2896.32
52.87
52.87
304.51
304.51
100.84
100.84
928.49
928.49
3018.61
3018.61
3018.61
3018.61
3055.79
3055.79
91.84
91.84
1807.51
1807.51
2504.30
2504.30
7489.65
7489.65
2877.84
2877.84
75.96
75.96
51.10
51.10
672.33
672.33
108.43
108.43
5401.64
5401.64
185.31
185.31
4275.75
4275.75
3872.97
3872.97
10414.46
10414.46
5657.31
5657.31
4469.63
4469.63
2809.76
2809.76
7162.78
7162.78
4656.68
4656.68
241.83
241.83
30.99
30.99
24.67
24.67
4294.22
4294.22
2537.03
2537.03
10658.14
10658.14
433.63
433.63
1904.59
1904.59
1570.19
1570.19
2910.61
2910.61
5670.31
5670.31
8873.98
8873.98
11299.47
11299.47
2575.11
2575.11
250.48
250.48
2852.92
2852.92
4638.84
4638.84
256.37
256.37
43.80
43.80
330.81
330.81
9833.21
9833.21
2991.06
2991.06
325.84
325.84
112.59
112.59
2801.01
2801.01
50.91
50.91
2846.52
2846.52
93.51
93.51
2615.01
2615.01
10640.80
10640.80
1227.95
1227.95
52.01
52.01
397.56
397.56
2697.56
2697.56
82.67
82.67
374.18
374.18
444.45
444.45
45.96
45.96
2717.72
2717.72
6633.31
6633.31
2638.92
2638.92
189.24
189.24
4417.33
4417.33
46.97
46.97
47.47
47.47
2772.67
2772.67
7252.02
7252.02
158.67
158.67
547.99
547.99
10562.92
10562.92
3047.14
3047.14
257.50
257.50
2993.40
2993.40
38.77
38.77
45.26
45.26
23.31
23.31
7586.83
7586.83
7702.80
7702.80
7252.92
7252.92
2775.49
2775.49
181.68
181.68
8517.04
8517.04
6308.66
6308.66
1963.24
1963.24
7771.49
7771.49
1274.85
1274.85
7486.34
7486.34
4411.88
4411.88
9872.35
9872.35
3010.74
3010.74
30.83
30.83
2887.60
2887.60
217.76
217.76
4880.73
4880.73
2578.35
2578.35
4061.80
4061.80
3698.93
3698.93
5138.20
5138.20
2638.79
2638.79
13182.71
13182.71
647.76
647.76
2854.17
2854.17
24.18
24.18
32.26
32.26
130.15
130.15
76.65
76.65
2821.61
2821.61
359.85
359.85
2926.86
2926.86
38.60
38.60
249.91
249.91
2002.41
2002.41
41.97
41.97
3032.29
3032.29
1493.30
1493.30
2794.09
2794.09
4024.03
4024.03
9554.99
9554.99
5609.72
5609.72
56.39
56.39
3611.34
3611.34
5840.92
5840.92
10.00
10.00
40.08
40.08
5684.00
5684.00
5726.78
5726.78
999.92
999.92
2757.14
2757.14
1056.05
1056.05
7353.09
7353.09
2579.18
2579.18
31.34
31.34
2617.33
2617.33
3720.87
3720.87
132.83
132.83
43.78
43.78
134.75
134.75
3045.97
3045.97
304.25
304.25
7499.66
7499.66
6244.06
6244.06
1114.19
1114.19
1700.50
1700.50
1840.35
1840.35
2347.45
2347.45
3067.94
3067.94
1354.20
1354.20
1450.99
1450.99
6602.25
6602.25
11626.23
11626.23
10438.49
10438.49
2913.91
2913.91
7455.17
7455.17
6615.06
6615.06
3012.33
3012.33
132.01
132.01
2745.07
2745.07
39.30
39.30
319.44
319.44
146.75
146.75
220.89
220.89
9864.59
9864.59
895.36
895.36
3043.30
3043.30
5446.60
5446.60
8801.06
8801.06
1243.45
1243.45
7109.28
7109.28
2994.10
2994.10
9334.94
9334.94
3277.15
3277.15
219.08
219.08
2896.46
2896.46
73.50
73.50
35.37
35.37
8499.53
8499.53
7541.67
7541.67
1165.34
1165.34
1406.44
1406.44
112.26
112.26
2668.18
2668.18
248.31
248.31
83.63
83.63
23.62
23.62
45.65
45.65
51.08
51.08
50.04
50.04
4252.92
4252.92
888.15
888.15
464.50
464.50
2481.46
2481.46
1916.01
1916.01
173.10
173.10
1788.26
1788.26
3023.42
3023.42
104.24
104.24
554.50
554.50
2856.53
2856.53
6844.17
6844.17
10719.90
10719.90
5313.40
5313.40
423.54
423.54
697.36
697.36
6736.01
6736.01
3055.67
3055.67
66.18
66.18
8637.36
8637.36
10219.20
10219.20
4849.80
4849.80
2808.97
2808.97
6459.53
6459.53
67.36
67.36
6311.96
6311.96
3934.62
3934.62
4596.49
4596.49
962.84
962.84
2166.07
2166.07
30.36
30.36
2895.68
2895.68
753.85
753.85
43.81
43.81
4915.94
4915.94
59.32
59.32
7016.52
7016.52
24.21
24.21
44.11
44.11
162.16
162.16
2840.06
2840.06
52.76
52.76
545.22
545.22
2810.58
2810.58
3310.40
3310.40
7587.47
7587.47
2584.04
2584.04
227.17
227.17
2794.48
2794.48
63.74
63.74
638.61
638.61
254.56
254.56
925.25
925.25
125.04
125.04
109.42
109.42
3774.11
3774.11
8018.36
8018.36
3723.09
3723.09
5640.99
5640.99
1499.66
1499.66
3042.13
3042.13
23.32
23.32
1615.12
1615.12
4538.79
4538.79
1750.46
1750.46
2815.23
2815.23
5084.51
5084.51
2842.56
2842.56
6785.14
6785.14
7839.44
7839.44
4450.14
4450.14
52.59
52.59
2914.23
2914.23
5021.21
5021.21
125.75
125.75
1966.61
1966.61
4498.75
4498.75
2527.29
2527.29
2070.85
2070.85
2634.38
2634.38
62.41
62.41
23.34
23.34
3125.03
3125.03
8859.21
8859.21
2967.76
2967.76
9412.60
9412.60
220.50
220.50
11361.90
11361.90
1065.44
1065.44
2906.89
2906.89
297.01
297.01
2963.13
2963.13
1711.05
1711.05
4636.61
4636.61
10412.27
10412.27
9640.39
9640.39
2699.84
2699.84
2699.84
2699.84
429.40
429.40
7238.21
7238.21
7845.61
7845.61
9098.30
9098.30
875.74
875.74
2779.17
2779.17
6613.20
6613.20
1112.93
1112.93
3162.29
3162.29
3476.65
3476.65
2975.19
2975.19
10588.96
10588.96
11139.74
11139.74
7197.62
7197.62
508.11
508.11
3199.68
3199.68
75.91
75.91
4406.33
4406.33
10643.97
10643.97
55.40
55.40
10198.62
10198.62
10684.05
10684.05
10090.37
10090.37
10991.25
10991.25
11658.87
11658.87
3269.70
3269.70
198.28
198.28
3070.04
3070.04
1783.72
1783.72
11482.24
11482.24
9929.42
9929.42
9975.28
9975.28
12098.11
12098.11
12098.11
332.47
332.47
9911.76
9911.76
9211.43
9211.43
553.44
553.44
2902.65
2902.65
8284.22
8284.22
2914.44
2914.44
45.39
45.39
3035.41
3035.41
9468.35
9468.35
8855.12
8855.12
2849.05
2849.05
256.21
256.21
3036.33
3036.33
277.46
277.46
349.18
349.18
472.61
472.61
3358.81
3358.81
53.88
53.88
62.49
62.49
3914.41
3914.41
8372.90
8372.90
10641.81
10641.81
345.15
345.15
25.71
25.71
5105.45
5105.45
260.94
260.94
2906.09
2906.09
8599.78
8599.78
1945.56
1945.56
2853.46
2853.46
2506.95
2506.95
3063.83
3063.83
74.23
74.23
598.46
598.46
600.08
600.08
57.64
57.64
3109.60
3109.60
48.28
48.28
1058.95
1058.95
310.04
310.04
364.00
364.00
3032.06
3032.06
878.41
878.41
2908.90
2908.90
148.78
148.78
342.67
342.67
930.50
930.50
22.48
22.48
5550.58
5550.58
948.76
948.76
139.61
139.61
7075.21
7075.21
81.55
81.55
2912.61
2912.61
513.25
513.25
9688.30
9688.30
5354.46
5354.46
11517.82
11517.82
9447.21
9447.21
4744.27
4744.27
2623.00
2623.00
3478.78
3478.78
2031.15
2031.15
296.65
296.65
3601.04
3601.04
194.07
194.07
5325.98
5325.98
2754.76
2754.76
317.16
317.16
397.94
397.94
2908.94
2908.94
2596.41
2596.41
2895.68
2895.68
448.18
448.18
212.79
212.79
1218.86
1218.86
94.83
94.83
3841.81
3841.81
1915.87
1915.87
8535.96
8535.96
913.46
913.46
806.46
806.46
2169.85
2169.85
164.73
164.73
3048.54
3048.54
925.58
925.58
265.66
265.66
44.40
44.40
70.48
70.48
2989.94
2989.94
11752.07
11752.07
3267.90
3267.90
329.16
329.16
66.99
66.99
7289.22
7289.22
4085.97
4085.97
8756.82
8756.82
533.04
533.04
66.18
66.18
214.01
214.01
45.11
45.11
2958.72
2958.72
3759.99
3759.99
2835.48
2835.48
1130.02
1130.02
204.27
204.27
518.04
518.04
2684.80
2684.80
2737.82
2737.82
123.92
123.92
1020.35
1020.35
50.62
50.62
1110.66
1110.66
46.12
46.12
409.75
409.75
2949.52
2949.52
160.87
160.87
2455.50
2455.50
2986.98
2986.98
75.63
75.63
2718.80
2718.80
1632.27
1632.27
1651.85
1651.85
9674.03
9674.03
3026.83
3026.83
10751.60
10751.60
345.89
345.89
3033.90
3033.90
63.88
63.88
841.31
841.31
157.84
157.84
41.02
41.02
2929.34
2929.34
5971.40
5971.40
1026.56
1026.56
57.25
57.25
23.15
23.15
23.15
23.15
23.15
23.15
2781.15
2781.15
11664.32
11664.32
2265.07
2265.07
2324.58
2324.58
6059.78
6059.78
2962.91
2962.91
5546.23
5546.23
6056.41
6056.41
3127.10
3127.10
190.78
190.78
1476.66
1476.66
46.46
46.46
2909.76
2909.76
651.89
651.89
2825.92
2825.92
5849.79
5849.79
181.86
181.86
3139.76
3139.76
2217.85
2217.85
2912.52
2912.52
135.63
135.63
55.41
55.41
57.35
57.35
54.33
54.33
7794.63
7794.63
50.55
50.55
2848.86
2848.86
3711.31
3711.31
636.87
636.87
334.52
334.52
7645.37
7645.37
8957.31
8957.31
5338.66
5338.66
12515.96
12515.96
1025.18
1025.18
6234.66
6234.66
2905.61
2905.61
50.27
50.27
2416.04
2416.04
43.64
43.64
4491.68
4491.68
2044.32
2044.32
23.42
23.42
3052.89
3052.89
47.36
47.36
2813.07
2813.07
1019.32
1019.32
1578.85
1578.85
940.49
940.49
2114.61
2114.61
2768.35
2768.35
1994.82
1994.82
47.61
47.61
262.03
262.03
487.77
487.77
9093.32
9093.32
4021.85
4021.85
6727.54
6727.54
29.65
29.65
280.44
280.44
2486.86
2486.86
9129.11
9129.11
4815.23
4815.23
4599.16
4599.16
4747.22
4747.22
25.33
25.33
7729.42
7729.42
3060.60
3060.60
962.52
962.52
8268.34
8268.34
263.47
263.47
3516.67
3516.67
3516.67
3516.67
3516.67
3516.67
2991.50
2991.50
173.26
173.26
592.49
592.49
2006.16
2006.16
1301.85
1301.85
2669.26
2669.26
3089.61
3089.61
2041.11
2041.11
5414.55
5414.55
8608.66
8608.66
8908.04
8908.04
12688.06
12688.06
12487.42
12487.42
942.58
942.58
356.32
356.32
59.85
59.85
44.24
44.24
3042.25
3042.25
9005.90
9005.90
2973.64
2973.64
8386.50
8386.50
8386.50
8386.50
8590.49
8590.49
3516.73
3516.73
9989.85
9989.85
10705.42
10705.42
10525.51
10525.51
328.55
328.55
8991.69
8991.69
3007.67
3007.67
1958.81
1958.81
8845.96
8845.96
7374.24
7374.24
1426.47
1426.47
3254.46
3254.46
3935.70
3935.70
3053.68
3053.68
5998.51
5998.51
695.85
695.85
609.57
609.57
10758.87
10758.87
3345.80
3345.80
8284.91
8284.91
2780.82
2780.82
1497.80
1497.80
92.11
92.11
9135.65
9135.65
2619.80
2619.80
2840.63
2840.63
1448.00
1448.00
1448.00
1448.00
4341.74
4341.74
7476.55
7476.55
3053.45
3053.45
57.80
57.80
3017.19
3017.19
729.81
729.81
192.69
192.69
40.16
40.16
2337.37
2337.37
4771.12
4771.12
4160.40
4160.40
4943.32
4943.32
10873.93
10873.93
46.10
46.10
11708.22
11708.22
41.42
41.42
2709.76
2709.76
51.39
51.39
55.48
55.48
76.38
76.38
1049.47
1049.47
3022.51
3022.51
1016.82
1016.82
67.19
67.19
494.68
494.68
330.21
330.21
2995.22
2995.22
598.95
598.95
8909.10
8909.10
65.80
65.80
227.41
227.41
2897.05
2897.05
9044.03
9044.03
11443.41
11443.41
178.37
178.37
6262.36
6262.36
581.53
581.53
19.47
19.47
3062.72
3062.72
2897.55
2897.55
2909.44
2909.44
397.60
397.60
194.07
194.07
205.23
205.23
4051.54
4051.54
7335.93
7335.93
209.26
209.26
11669.92
11669.92
34.85
34.85
132.05
132.05
2952.23
2952.23
2205.85
2205.85
3458.60
3458.60
230.21
230.21
4286.74
4286.74
8603.21
8603.21
382.72
382.72
2765.18
2765.18
412.37
412.37
2605.85
2605.85
2775.76
2775.76
46.38
46.38
2860.73
2860.73
814.83
814.83
3060.96
3060.96
199.00
199.00
684.81
684.81
2399.55
2399.55
2984.98
2984.98
2913.69
2913.69
4224.65
4224.65
124.89
124.89
62.67
62.67
310.12
310.12
3182.82
3182.82
9104.00
9104.00
9918.48
9918.48
541.24
541.24
294.97
294.97
3731.36
3731.36
232.79
232.79
3055.11
3055.11
11415.12
11415.12
3353.40
3353.40
116.49
116.49
461.79
461.79
3157.94
3157.94
2105.11
2105.11
2990.59
2990.59
12230.45
12230.45
178.10
178.10
22.88
22.88
5186.19
5186.19
4104.68
4104.68
223.43
223.43
3034.83
3034.83
26.30
26.30
63.24
63.24
2557.32
2557.32
945.56
945.56
7313.75
7313.75
3985.27
3985.27
3985.27
3985.27
522.84
522.84
372.13
372.13
2795.17
2795.17
3065.68
3065.68
2979.53
2979.53
661.78
661.78
40.91
40.91
8543.45
8543.45
385.60
385.60
2908.69
2908.69
521.03
521.03
7793.03
7793.03
448.87
448.87
1647.73
1647.73
2508.11
2508.11
1048.59
1048.59
2863.00
2863.00
159.41
159.41
337.90
337.90
3070.40
3070.40
1446.18
1446.18
4539.35
4539.35
216.50
216.50
8597.69
8597.69
8323.14
8323.14
11306.80
11306.80
11306.80
11306.80
7534.99
7534.99
8480.38
8480.38
9906.33
9906.33
8903.96
8903.96
2791.94
2791.94
7673.24
7673.24
7673.24
7673.24
7673.24
7673.24
7673.24
7673.24
23.29
23.29
4302.54
4302.54
2824.11
2824.11
11058.27
11058.27
5804.33
5804.33
5804.33
5804.33
5804.33
5804.33
3063.55
3063.55
4700.25
4700.25
6265.93
6265.93
11086.81
11086.81
11086.81
11086.81
3605.58
3605.58
1500.38
1500.38
10145.64
10145.64
8465.78
8465.78
2964.45
2964.45
7555.03
7555.03
9055.05
9055.05
4642.10
4642.10
713.21
713.21
3140.87
3140.87
1432.74
1432.74
1227.76
1227.76
56.37
56.37
38.90
38.90
2973.19
2973.19
606.24
606.24
2544.49
2544.49
150.58
150.58
117.07
117.07
48.48
48.48
30.46
30.46
2954.33
2954.33
1005.89
1005.89
140.50
140.50
997.05
997.05
1333.95
1333.95
11077.23
11077.23
284.86
284.86
6005.15
6005.15
111.12
111.12
460.92
460.92
186.57
186.57
346.92
346.92
2798.71
2798.71
195.21
195.21
22.76
22.76
5735.84
5735.84
5030.16
5030.16
21.89
21.89
1222.83
1222.83
3032.52
3032.52
783.70
783.70
69.06
69.06
12494.57
12494.57
7416.37
7416.37
6307.33
6307.33
1669.70
1669.70
1723.73
1723.73
501.61
501.61
920.80
920.80
3061.96
3061.96
8361.27
8361.27
2819.61
2819.61
871.04
871.04
1031.89
1031.89
301.88
301.88
23.41
23.41
2652.01
2652.01
6123.87
6123.87
10137.93
10137.93
1062.19
1062.19
112.38
112.38
3068.27
3068.27
7787.51
7787.51
9792.91
9792.91
41.14
41.14
689.44
689.44
1147.19
1147.19
75.55
75.55
2920.85
2920.85
162.36
162.36
10168.88
10168.88
9578.87
9578.87
8912.74
8912.74
8934.74
8934.74
11596.50
11596.50
11267.73
11267.73
8799.83
8799.83
21.62
21.62
3836.69
3836.69
493.75
493.75
3050.17
3050.17
3050.17
3050.17
1332.81
1332.81
7264.91
7264.91
9879.14
9879.14
6906.53
6906.53
533.60
533.60
2875.82
2875.82
9029.14
9029.14
10194.66
10194.66
9131.43
9131.43
2537.57
2537.57
2983.55
2983.55
669.22
669.22
443.45
443.45
4919.46
4919.46
1631.66
1631.66
2865.78
2865.78
64.95
64.95
9597.06
9597.06
8340.51
8340.51
8997.75
8997.75
2914.13
2914.13
9272.44
9272.44
2793.89
2793.89
395.71
395.71
730.94
730.94
2950.19
2950.19
599.82
599.82
3074.78
3074.78
286.74
286.74
2700.58
2700.58
2700.58
2700.58
1348.12
1348.12
2769.03
2769.03
11042.17
11042.17
2708.84
2708.84
6553.91
6553.91
1455.21
1455.21
361.26
361.26
10076.95
10076.95
10076.95
10076.95
10076.95
10076.95
12119.85
12119.85
10416.00
10416.00
5529.31
5529.31
2895.88
2895.88
4268.02
4268.02
4268.02
4268.02
2811.20
2811.20
2829.33
2829.33
440.80
440.80
440.80
9674.70
2783.93
2783.93
3907.55
3907.55
2906.78
2906.78
1457.58
1457.58
946.84
946.84
52.84
52.84
8396.12
8396.12
6773.44
6773.44
8564.15
8564.15
2923.64
2923.64
88.70
88.70
534.37
534.37
10534.43
10534.43
9467.51
9467.51
2873.74
2873.74
185.97
185.97
1510.36
1510.36
195.97
195.97
938.36
938.36
2945.92
2945.92
83.44
83.44
2718.10
2718.10
1234.76
1234.76
3084.89
3084.89
3916.07
3916.07
151.87
151.87
2592.70
2592.70
50.12
50.12
133.29
133.29
3937.06
3937.06
7829.04
7829.04
118.13
118.13
997.34
997.34
2721.34
2721.34
2721.34
527.61
3032.51
3032.51
3046.56
3046.56
78.67
78.67
2853.04
2853.04
53.42
53.42
735.13
735.13
735.13
10629.83
1517.67
1517.67
1517.67
3144.69
7947.98
7947.98
3915.94
3915.94
7408.91
7408.91
261.56
261.56
4635.08
4635.08
7689.64
7689.64
2913.05
2913.05
1608.02
1608.02
24.63
24.63
24.63
4288.65
202.45
202.45
2896.63
2896.63
24.29
24.29
2886.76
2886.76
1997.40
1997.40
10850.96
10850.96
2918.71
2918.71
36.90
36.90
2889.58
2889.58
180.38
180.38
319.48
319.48
6542.59
6542.59
558.15
558.15
558.15
5424.13
347.28
347.28
3037.84
3037.84
791.29
791.29
318.42
318.42
2568.29
2568.29
164.96
164.96
3020.28
3020.28
11406.02
11406.02
728.41
728.41
9723.33
9723.33
538.84
538.84
9847.25
9847.25
613.87
613.87
2801.60
2801.60
2024.80
2024.80
22.33
22.33
1259.45
1259.45
627.46
627.46
3087.18
3087.18
505.56
505.56
1135.43
1135.43
198.38
198.38
266.20
266.20
2990.28
2990.28
597.55
597.55
2421.48
2421.48
3052.49
3052.49
1220.06
1220.06
2484.17
2484.17
267.36
267.36
2884.04
2884.04
202.27
202.27
302.28
302.28
99.17
99.17
190.58
190.58
2913.05
2913.05
608.04
608.04
2768.64
2768.64
3229.87
3229.87
70.94
70.94
11828.18
11828.18
238.43
238.43
2816.32
2816.32
952.25
952.25
6518.63
6518.63
7481.02
7481.02
188.93
188.93
2848.76
2848.76
942.63
942.63
2781.50
2781.50
24.22
24.22
9195.22
9195.22
2974.89
2974.89
2169.70
2169.70
2169.70
3056.26
3056.26
10582.51
10582.51
2944.90
2944.90
9710.97
9710.97
6028.64
6028.64
2845.10
2845.10
3089.15
3089.15
3099.67
3099.67
192.81
192.81
900.65
900.65
1488.67
1488.67
195.46
195.46
9474.96
9474.96
2743.64
2743.64
3058.91
3058.91
712.62
712.62
46.61
46.61
2876.65
2876.65
878.30
878.30
3216.97
3216.97
55.85
55.85
414.37
414.37
5403.93
5403.93
722.34
722.34
2782.57
2782.57
31.66
31.66
242.44
242.44
77.35
77.35
1415.91
1415.91
3144.35
3144.35
542.53
542.53
2971.05
2971.05
338.26
338.26
48.52
48.52
1413.82
1413.82
299.07
299.07
98.56
98.56
7793.42
7793.42
2856.12
2856.12
2978.47
2978.47
659.02
659.02
3174.55
3174.55
30.73
30.73
2975.15
2975.15
8461.45
8461.45
267.19
267.19
1920.84
1920.84
10291.44
10291.44
3020.21
3020.21
64.26
64.26
2814.73
2814.73
195.18
195.18
48.84
48.84
2972.53
2972.53
2173.64
2173.64
2814.43
2814.43
2684.72
2684.72
55.29
55.29
272.95
272.95
3156.90
3156.90
2951.49
2951.49
238.78
238.78
2648.57
2648.57
723.19
723.19
35.21
35.21
37.96
37.96
2095.34
2095.34
3367.58
3367.58
1075.94
1075.94
10606.24
10606.24
203.56
203.56
1650.98
1650.98
3053.91
3053.91
1343.18
1343.18
2516.35
2516.35
1009.67
1009.67
6739.90
6739.90
6739.90
6739.90
8924.36
8924.36
8490.59
8490.59
8418.32
8418.32
6224.65
6224.65
8477.88
8477.88
110.78
110.78
2848.97
2848.97
74.54
74.54
9560.77
9560.77
1208.45
1208.45
978.64
978.64
2908.59
2908.59
2153.51
2153.51
2626.22
2626.22
1333.23
1333.23
537.74
537.74
7128.65
7128.65
847.92
847.92
5911.81
5911.81
1070.26
1070.26
2886.66
2886.66
401.46
401.46
6094.32
6094.32
2887.08
2887.08
2887.08
2887.08
2888.12
2888.12
3797.49
3797.49
1429.60
1429.60
8617.31
8617.31
3574.65
3574.65
3108.99
3108.99
344.40
344.40
2854.58
2854.58
12014.59
12014.59
474.29
474.29
3072.29
3072.29
11891.76
11891.76
9494.55
9494.55
9533.84
9533.84
97.71
97.71
2577.43
2577.43
427.93
427.93
3014.61
3014.61
57.34
57.34
2862.59
2862.59
9244.97
9244.97
8549.11
8549.11
2967.21
2967.21
374.49
374.49
5644.98
5644.98
807.74
807.74
266.51
266.51
25.35
25.35
47.61
47.61
2845.23
2845.23
68.36
68.36
3035.64
3035.64
23.61
23.61
902.89
902.89
944.18
944.18
2033.71
2033.71
8934.90
8934.90
108.84
108.84
476.31
476.31
8237.40
8237.40
1281.78
1281.78
3215.05
3215.05
7419.86
7419.86
2899.06
2899.06
2132.93
2132.93
68.76
68.76
3008.80
3008.80
8643.64
8643.64
2766.15
2766.15
536.69
536.69
218.21
218.21
46.06
46.06
173.87
173.87
3031.94
3031.94
782.00
782.00
6001.02
6001.02
208.68
208.68
617.32
617.32
3389.25
3389.25
934.27
934.27
2843.34
2843.34
11110.77
11110.77
10283.86
10283.86
3580.91
3580.91
73.70
73.70
2923.32
2923.32
2752.35
2752.35
6415.59
6415.59
308.07
308.07
534.48
534.48
3038.33
3038.33
199.38
199.38
11907.19
11907.19
377.43
377.43
69.89
69.89
303.50
303.50
11212.95
11212.95
2786.08
2786.08
7010.97
7010.97
2866.80
2866.80
3440.20
3440.20
1138.36
1138.36
2397.64
2397.64
396.18
396.18
3133.46
3133.46
7281.92
7281.92
2517.57
2517.57
9391.38
9391.38
8205.56
8205.56
2618.70
2618.70
165.31
165.31
2849.17
2849.17
47.39
47.39
3636.34
3636.34
3306.02
3306.02
5057.25
5057.25
8186.75
8186.75
9601.39
9601.39
10159.28
10159.28
9635.76
9635.76
201.40
201.40
2935.71
2935.71
263.57
263.57
4479.57
4479.57
8646.13
8646.13
559.84
559.84
2063.33
2063.33
25.15
25.15
6444.35
6444.35
1425.36
1425.36
491.72
491.72
218.67
218.67
8089.68
8089.68
2848.76
2848.76
329.65
329.65
3054.85
3054.85
1840.38
1840.38
5550.43
5550.43
7013.61
7013.61
10946.26
10946.26
2979.42
2979.42
20.00
20.00
4812.83
4812.83
5446.95
5446.95
100.43
100.43
2994.30
2994.30
43.16
43.16
5474.32
5474.32
327.77
327.77
139.05
139.05
126.33
126.33
38.50
38.50
73.80
73.80
5333.96
5333.96
505.13
505.13
310.54
310.54
149.29
149.29
3050.76
3050.76
168.05
168.05
4753.77
4753.77
2380.80
2380.80
3191.18
3191.18
2895.88
2895.88
222.78
222.78
2818.59
2818.59
281.97
281.97
3154.02
3154.02
46.15
46.15
230.89
230.89
3112.88
3112.88
9909.91
9909.91
2956.64
2956.64
184.48
184.48
53.84
53.84
791.58
791.58
803.41
803.41
3236.78
3236.78
7813.24
7813.24
11218.90
11218.90
11709.44
11709.44
1647.25
1647.25
2728.80
2728.80
10833.85
10833.85
3017.58
3017.58
679.67
679.67
601.05
601.05
3439.43
3439.43
298.20
298.20
2957.41
2957.41
1472.23
1472.23
2723.39
2723.39
1392.47
1392.47
2431.88
2431.88
2784.52
2784.52
287.04
287.04
2732.45
2732.45
66.99
66.99
8086.81
8086.81
725.06
725.06
458.08
458.08
2967.66
2967.66
1086.26
1086.26
2446.77
2446.77
29.54
29.54
772.88
772.88
2520.01
2520.01
249.73
249.73
2870.17
2870.17
6817.21
6817.21
2289.78
2289.78
3166.84
3166.84
8317.37
8317.37
3062.37
3062.37
109.38
109.38
9059.21
9059.21
1974.37
1974.37
70.25
70.25
2978.53
2978.53
80.91
80.91
3401.24
3401.24
2610.43
2610.43
617.66
617.66
217.34
217.34
1482.44
1482.44
3333.61
3333.61
883.00
883.00
184.09
184.09
198.48
198.48
7569.44
7569.44
9658.53
9658.53
8337.39
8337.39
2792.62
2792.62
8390.24
8390.24
12632.07
12632.07
1978.74
1978.74
784.04
784.04
2793.89
2793.89
7332.68
7332.68
9053.54
9053.54
3359.11
3359.11
220.29
220.29
4313.80
4313.80
8924.68
8924.68
8924.68
8924.68
709.67
709.67
12151.56
12151.56
8628.39
8628.39
8628.39
8628.39
4513.07
4513.07
7464.20
7464.20
7078.55
7078.55
7078.55
7078.55
5731.62
5731.62
7901.59
7901.59
8217.69
8217.69
6261.57
6261.57
5479.85
5479.85
7326.30
7326.30
6969.91
6969.91
3253.63
3253.63
7726.93
7726.93
7785.30
7785.30
6397.07
6397.07
8691.48
8691.48
9166.44
9166.44
8591.91
8591.91
21.97
21.97
4393.20
4393.20
225.74
225.74
10451.10
10451.10
2853.31
2853.31
8130.61
8130.61
2978.73
2978.73
286.50
286.50
2804.42
2804.42
4083.40
4083.40
377.64
377.64
5600.69
5600.69
627.46
627.46
2876.75
2876.75
10410.99
10410.99
10410.99
10410.99
1658.95
1658.95
3319.83
3319.83
129.50
129.50
11517.21
11517.21
2976.97
2976.97
9264.93
9264.93
3557.89
3557.89
2857.76
2857.76
641.65
641.65
2789.30
2789.30
5966.60
5966.60
350.21
350.21
52.12
52.12
5085.64
5085.64
10396.87
10396.87
71.79
71.79
2570.11
2570.11
112.23
112.23
1589.24
1589.24
26.64
26.64
2340.50
2340.50
3041.90
3041.90
1546.29
1546.29
10616.07
10616.07
733.33
733.33
3347.20
3347.20
2874.16
2874.16
3254.60
3254.60
2839.01
2839.01
54.80
54.80
608.63
608.63
166.38
166.38
51.48
51.48
51.48
7552.11
27.12
27.12
139.03
139.03
1453.21
1453.21
122.60
122.60
2956.42
2956.42
455.90
455.90
2932.69
2932.69
4385.59
4385.59
85.48
85.48
2853.76
2853.76
62.97
62.97
150.78
150.78
1270.15
1270.15
4022.70
4022.70
122.60
122.60
278.14
278.14
2686.82
2686.82
782.60
782.60
3820.91
3820.91
24.94
24.94
9883.64
9883.64
5324.62
5324.62
2326.29
2326.29
3049.24
3049.24
793.64
793.64
5968.29
5968.29
9270.30
9270.30
1015.89
1015.89
49.88
49.88
1874.27
1874.27
2811.85
2811.85
236.18
236.18
9877.59
9877.59
4239.28
4239.28
9581.14
9581.14
2571.35
2571.35
922.55
922.55
214.52
214.52
45.83
45.83
8473.40
8473.40
76.01
76.01
247.23
247.23
4640.34
4640.34
1844.42
1844.42
3757.18
3757.18
878.06
878.06
2399.34
2399.34
2562.09
2562.09
3981.72
3981.72
1415.91
1415.91
44.25
44.25
1067.99
1067.99
2961.47
2961.47
276.33
276.33
2761.54
2761.54
960.30
960.30
541.57
541.57
1513.21
1513.21
7109.86
7109.86
12342.58
12342.58
3116.14
3116.14
57.35
57.35
40.24
40.24
925.86
925.86
2945.59
2945.59
304.84
304.84
2940.91
2940.91
717.55
717.55
2508.86
2508.86
3076.68
3076.68
506.63
506.63
3257.13
3257.13
3030.37
3030.37
501.75
501.75
271.13
271.13
72.45
72.45
2795.27
2795.27
19.55
19.55
2935.39
2935.39
9858.18
9858.18
9722.08
9722.08
2913.37
2913.37
131.27
131.27
2920.10
2920.10
890.39
890.39
170.25
170.25
233.80
233.80
657.88
657.88
6717.10
6717.10
2220.96
2220.96
2800.08
2800.08
25.29
25.29
231.76
231.76
67.40
67.40
84.08
84.08
3013.79
3013.79
718.74
718.74
653.41
653.41
673.23
673.23
1314.66
1314.66
6244.03
6244.03
6244.03
4502.56
4502.56
2950.20
2950.20
2028.10
2028.10
1482.36
1482.36
39.84
39.84
275.94
275.94
11163.84
11163.84
1765.38
1765.38
2452.42
2452.42
63.42
63.42
2096.88
2096.88
2855.40
2855.40
8678.04
8678.04
10795.08
10795.08
22.47
22.47
23.40
23.40
10262.18
10262.18
1088.02
1088.02
2063.37
2063.37
11512.51
11512.51
2979.76
2979.76
30.77
30.77
203.25
203.25
2951.40
2951.40
944.48
944.48
2849.17
2849.17
855.65
855.65
1295.44
1295.44
712.40
712.40
2603.97
2603.97
2946.03
2946.03
943.63
943.63
3198.91
3198.91
86.71
86.71
1041.57
1041.57
8481.76
8481.76
686.71
686.71
3019.41
3019.41
111.53
111.53
377.69
377.69
7653.60
7653.60
1534.71
1534.71
2953.35
2953.35
2389.25
2389.25
25.04
25.04
3636.81
3636.81
8835.94
8835.94
2954.55
2954.55
266.05
266.05
9630.40
9630.40
11486.75
11486.75
981.83
981.83
66.17
66.17
9041.80
9041.80
3114.59
3114.59
9146.82
9146.82
3159.01
3159.01
6512.66
6512.66
1256.94
1256.94
2853.05
2853.05
1449.03
1449.03
11723.91
11723.91
4724.42
4724.42
46.79
46.79
3165.47
3165.47
96.76
96.76
2935.09
2935.09
207.09
207.09
2753.42
2753.42
134.05
134.05
6064.56
6064.56
2517.38
2517.38
2099.38
2099.38
2855.20
2855.20
7581.15
7581.15
5441.77
5441.77
3382.93
3382.93
475.12
475.12
10834.61
10834.61
9937.34
9937.34
2827.82
2827.82
1164.98
1164.98
5039.70
5039.70
3067.09
3067.09
3127.53
3127.53
3276.02
3276.02
588.40
588.40
4134.19
4134.19
133.77
133.77
456.09
456.09
2664.08
2664.08
546.98
546.98
7354.14
7354.14
10965.06
10965.06
206.28
206.28
2739.06
2739.06
466.37
466.37
2781.70
2781.70
10377.03
10377.03
828.19
828.19
819.22
819.22
966.56
966.56
11564.58
11564.58
6998.45
6998.45
4240.86
4240.86
39.33
39.33
431.87
431.87
75.93
75.93
8850.22
8850.22
2587.98
2587.98
547.70
547.70
390.25
390.25
1649.38
1649.38
151.09
151.09
3406.33
3406.33
12071.63
12071.63
3215.96
3215.96
96.99
96.99
11427.44
11427.44
2972.42
2972.42
60.49
60.49
7986.23
7986.23
3361.13
3361.13
802.46
802.46
304.16
304.16
1129.02
1129.02
3947.64
3947.64
3575.93
3575.93
2944.11
2944.11
670.68
670.68
3802.63
3802.63
912.49
912.49
713.36
713.36
3034.37
3034.37
199.37
199.37
2825.37
2825.37
6628.81
6628.81
9839.64
9839.64
2978.20
2978.20
1093.69
1093.69
2881.54
2881.54
5728.58
5728.58
880.93
880.93
205.71
205.71
11340.73
11340.73
3512.89
3512.89
3769.22
3769.22
2824.41
2824.41
3558.69
3558.69
1748.95
1748.95
2648.31
2648.31
299.54
299.54
3171.18
3171.18
6712.77
6712.77
375.70
375.70
2829.63
2829.63
49.19
49.19
7036.40
7036.40
10041.54
10041.54
2847.44
2847.44
17.10
17.10
49.61
49.61
3255.39
3255.39
1390.86
1390.86
2973.64
2973.64
516.75
516.75
10515.03
10515.03
3651.77
3651.77
419.55
419.55
2927.83
2927.83
162.11
162.11
2976.08
2976.08
3132.50
3132.50
33.66
33.66
2919.89
2919.89
1759.71
1759.71
2810.06
2810.06
1014.57
1014.57
97.89
97.89
23.13
23.13
3849.64
3849.64
2853.56
2853.56
43.75
43.75
2757.04
2757.04
3787.84
3787.84
2307.26
2307.26
9430.54
9430.54
748.09
748.09
2832.65
2832.65
598.73
598.73
804.56
804.56
56.18
56.18
311.52
311.52
2879.35
2879.35
50.82
50.82
2942.98
2942.98
1078.47
1078.47
8862.27
8862.27
3034.95
3034.95
546.79
546.79
3034.02
3034.02
7849.44
7849.44
950.17
950.17
934.65
934.65
9903.91
9903.91
4228.03
4228.03
357.00
357.00
3200.22
3200.22
688.76
688.76
983.56
983.56
2799.10
2799.10
536.84
536.84
5689.27
5689.27
7011.94
7011.94
836.41
836.41
2948.17
2948.17
3565.51
3565.51
2935.93
2935.93
134.64
134.64
2904.61
2904.61
451.95
451.95
65.54
65.54
3180.35
3180.35
30.46
30.46
3057.08
3057.08
726.03
726.03
49.57
49.57
32.17
32.17
3004.02
3004.02
2845.91
2845.91
121.88
121.88
3196.60
3196.60
6761.53
6761.53
445.95
445.95
3079.54
3079.54
153.73
153.73
2890.00
2890.00
110.49
110.49
8444.36
8444.36
201.71
201.71
2096.18
2096.18
2828.63
2828.63
47.81
47.81
136.28
136.28
39.07
39.07
9581.92
9581.92
3062.96
3062.96
65.71
65.71
2766.91
2766.91
2526.95
2526.95
4592.71
4592.71
509.19
509.19
136.04
136.04
2817.02
2817.02
602.66
602.66
3015.87
3015.87
7401.76
7401.76
670.14
670.14
730.63
730.63
7612.70
7612.70
2729.50
2729.50
3202.07
3202.07
74.08
74.08
20.30
20.30
870.13
870.13
2856.83
2856.83
5176.53
5176.53
2838.41
2838.41
136.29
136.29
50.88
50.88
2407.83
2407.83
121.70
121.70
7392.65
7392.65
9728.74
9728.74
895.85
895.85
306.26
306.26
410.01
410.01
3195.31
3195.31
7925.12
7925.12
2793.01
2793.01
39.93
39.93
9586.00
9586.00
167.50
167.50
406.89
406.89
3622.52
3622.52
1205.66
1205.66
630.72
630.72
51.13
51.13
129.92
129.92
3003.13
3003.13
847.10
847.10
2888.75
2888.75
10955.10
10955.10
3980.24
3980.24
3032.75
3032.75
107.92
107.92
2936.47
2936.47
385.79
385.79
472.78
472.78
4554.27
4554.27
2824.03
2824.03
3114.69
3114.69
1158.19
1158.19
2830.89
2830.89
225.03
225.03
2959.79
2959.79
3862.60
3862.60
22.27
22.27
45.85
45.85
92.97
92.97
71.82
71.82
3198.40
3198.40
748.80
748.80
2737.59
2737.59
599.55
599.55
100.41
100.41
22.80
22.80
58.84
58.84
47.73
47.73
7759.65
7759.65
51.44
51.44
1337.23
1337.23
684.35
684.35
520.99
520.99
24.98
24.98
2942.76
2942.76
100.76
100.76
3034.14
3034.14
141.61
141.61
56.62
56.62
643.94
643.94
1416.63
1416.63
3015.98
3015.98
921.93
921.93
162.68
162.68
3262.00
3262.00
386.25
386.25
2850.70
2850.70
2694.82
2694.82
2443.99
2443.99
6066.42
6066.42
604.09
604.09
1970.85
1970.85
1185.08
1185.08
2872.81
2872.81
214.53
214.53
70.01
70.01
25.08
25.08
37.00
37.00
135.54
135.54
924.39
924.39
3016.32
3016.32
667.36
667.36
9720.31
9720.31
765.71
765.71
2145.01
2145.01
3391.68
3391.68
2287.30
2287.30
745.10
745.10
55.61
55.61
978.23
978.23
2934.63
2934.63
821.99
821.99
2787.05
2787.05
309.98
309.98
49.64
49.64
195.73
195.73
110.94
110.94
168.27
168.27
1304.35
1304.35
1278.80
1278.80
57.93
57.93
161.99
161.99
2923.00
2923.00
24.53
24.53
2972.86
2972.86
53.76
53.76
2231.89
2231.89
444.12
444.12
42.32
42.32
2871.57
2871.57
12606.41
12606.41
3034.71
3034.71
441.91
441.91
6267.16
6267.16
3037.23
3037.23
9244.03
9244.03
2810.24
2810.24
541.98
541.98
8973.46
8973.46
9146.52
9146.52
117.78
117.78
9727.59
9727.59
3011.01
3011.01
2954.88
2954.88
496.97
496.97
7387.99
7387.99
10708.59
10708.59
8934.03
8934.03
3020.90
3020.90
1637.34
1637.34
8756.14
8756.14
610.44
610.44
2423.03
2423.03
3023.42
3023.42
2510.37
2510.37
2838.08
2838.08
126.44
126.44
901.98
901.98
3035.99
3035.99
5240.05
5240.05
5641.44
5641.44
6026.65
6026.65
6026.65
6026.65
6026.65
6026.65
6026.65
6026.65
135.18
135.18
879.01
879.01
1623.97
1623.97
1878.21
1878.21
2313.00
2313.00
2943.36
2943.36
2882.80
2882.80
2645.52
2645.52
3992.74
3992.74
4065.00
4065.00
5181.57
5181.57
6587.70
6587.70
6443.45
6443.45
6561.72
6561.72
5946.61
5946.61
233.25
233.25
9937.78
9937.78
2972.86
2972.86
2891.72
2891.72
2844.90
2844.90
58.78
58.78
1195.81
1195.81
96.17
96.17
23.03
23.03
2855.28
2855.28
71.18
71.18
2361.08
2361.08
1165.73
1165.73
23.27
23.27
2524.97
2524.97
192.84
192.84
3146.31
3146.31
3321.81
3321.81
41.26
41.26
1737.14
1737.14
39.64
39.64
2604.66
2604.66
1407.45
1407.45
3032.63
3032.63
156.06
156.06
447.66
447.66
8740.70
8740.70
9169.15
9169.15
3091.49
3091.49
973.35
973.35
2700.65
2700.65
953.07
953.07
273.12
273.12
3050.41
3050.41
68.37
68.37
3153.93
3153.93
295.70
295.70
314.09
314.09
2905.40
2905.40
118.99
118.99
10036.26
10036.26
64.99
64.99
5908.13
5908.13
66.10
66.10
681.14
681.14
3145.21
3145.21
1952.71
1952.71
3398.16
3398.16
2998.72
2998.72
196.53
196.53
616.64
616.64
5469.21
5469.21
8740.81
8740.81
74.27
74.27
45.18
45.18
2091.92
2091.92
1656.53
1656.53
2962.80
2962.80
479.21
479.21
162.01
162.01
537.15
537.15
2195.68
2195.68
52.69
52.69
383.84
383.84
161.50
161.50
33.87
33.87
9128.68
9128.68
1896.46
1896.46
396.35
396.35
396.35
2657.32
2657.32
35.37
35.37
3002.34
3002.34
1033.90
1033.90
740.60
740.60
3610.39
3610.39
66.53
66.53
7660.28
7660.28
78.90
2987.62
2987.62
2987.62
71.24
71.24
12975.77
12975.77
2792.52
2792.52
1795.02
1795.02
3089.57
3089.57
8057.31
8057.31
8057.31
8057.31
3043.76
3043.76
7313.13
7313.13
7313.13
7313.13
245.73
245.73
2941.68
2941.68
2171.00
2171.00
24.81
24.81
3011.53
3011.53
1788.17
1788.17
2818.52
2818.52
7925.49
7925.49
7547.17
7547.17
2825.82
2825.82
479.48
479.48
2847.64
2847.64
2847.64
2847.64
2632.90
2632.90
1610.06
1610.06
3108.86
3108.86
2953.90
2953.90
151.39
151.39
2886.70
2886.70
445.54
445.54
12217.25
12217.25
11679.93
11679.93
75.30
75.30
3121.30
3121.30
432.46
432.46
2827.72
2827.72
2827.72
2827.72
10089.01
10089.01
6395.64
6395.64
7709.64
7709.64
8693.45
8693.45
8454.80
8454.80
40.86
40.86
9866.01
9866.01
9597.60
9597.60
8801.67
8801.67
1266.58
1266.58
11054.62
11054.62
8299.33
8299.33
8299.33
8299.33
9292.46
9292.46
2710.15
2710.15
3805.18
3805.18
3890.85
3890.85
545.50
545.50
308.85
308.85
6412.72
6412.72
2870.12
2870.12
7468.14
7468.14
2640.58
2640.58
3523.89
3523.89
7574.94
7574.94
3041.67
3041.67
4446.26
4446.26
82.17
82.17
3940.95
3940.95
10207.40
10207.40
3397.32
3397.32
11027.35
11027.35
3038.07
3038.07
77.27
77.27
2714.57
2714.57
287.91
287.91
8822.45
8822.45
3044.69
3044.69
9660.43
9660.43
9090.23
9090.23
68.82
68.82
376.81
376.81
1006.72
1006.72
36.04
36.04
5171.00
5171.00
1852.64
1852.64
2911.35
2911.35
55.32
55.32
88.93
88.93
65.26
65.26
108.55
108.55
8805.99
8805.99
1852.71
1852.71
68.55
68.55
757.52
757.52
2979.04
2979.04
2869.50
2869.50
3883.88
3883.88
3055.55
3055.55
3277.66
3277.66
68.58
68.58
2750.82
2750.82
327.82
327.82
2694.09
2694.09
167.17
167.17
341.62
341.62
11611.09
11611.09
10805.97
10805.97
2921.07
2921.07
1538.99
1538.99
3084.55
3084.55
81.40
81.40
991.33
991.33
2816.62
2816.62
854.89
854.89
2791.77
2791.77
34.54
34.54
605.64
605.64
34.52
34.52
289.82
289.82
136.54
136.54
9040.53
9040.53
9118.24
9118.24
714.55
714.55
1416.18
1416.18
24.07
24.07
9495.08
9495.08
26.57
26.57
3609.76
3609.76
199.05
199.05
4065.21
4065.21
3236.61
3236.61
41.16
41.16
30.29
30.29
72.22
72.22
67.57
67.57
8071.89
8071.89
75.27
75.27
1568.55
1568.55
3127.18
3127.18
301.20
301.20
457.94
457.94
990.57
990.57
668.20
668.20
2689.45
2689.45
9467.25
9467.25
3432.79
3432.79
80.45
80.45
381.42
381.42
273.86
273.86
559.07
559.07
269.24
269.24
56.87
56.87
241.39
241.39
868.49
868.49
5164.45
5164.45
274.92
274.92
3344.11
3344.11
194.13
194.13
41.74
41.74
1684.77
1684.77
634.87
634.87
11049.46
11049.46
3491.45
3491.45
246.71
246.71
481.63
481.63
23.02
23.02
877.48
877.48
5825.55
5825.55
47.07
47.07
3937.68
3937.68
1369.96
1369.96
1078.75
1078.75
11501.27
11501.27
100.18
100.18
57.00
57.00
9221.07
9221.07
2305.84
2305.84
7185.45
7185.45
71.26
71.26
3177.09
3177.09
8016.66
8016.66
3065.87
3065.87
540.72
540.72
2463.61
2463.61
3899.07
3899.07
1956.98
1956.98
3086.46
3086.46
1344.97
1344.97
12218.58
12218.58
76.77
76.77
10062.67
10062.67
3347.76
3347.76
3050.52
3050.52
3104.15
3104.15
71.95
71.95
301.80
301.80
3394.71
3394.71
24.21
24.21
2863.76
2863.76
45.41
45.41
1878.79
1878.79
8207.38
8207.38
992.22
992.22
3039.46
3039.46
4900.64
4900.64
3044.47
3044.47
50.19
50.19
43.34
43.34
3567.83
3567.83
3342.25
3342.25
3286.37
3286.37
6903.19
6903.19
449.31
449.31
872.53
872.53
10105.73
10105.73
3345.66
3345.66
10534.74
10534.74
10340.67
10340.67
5784.35
5784.35
704.40
704.40
30.21
30.21
5582.84
5582.84
292.05
292.05
172.29
172.29
4696.10
4696.10
900.35
900.35
35.59
35.59
3046.09
3046.09
2243.74
2243.74
2922.25
2922.25
660.05
660.05
603.67
603.67
2942.76
2942.76
24.00
24.00
3395.30
3395.30
5599.59
5599.59
10544.99
10544.99
1429.89
1429.89
42.69
42.69
3280.14
3280.14
710.72
710.72
2972.57
2972.57
781.86
781.86
580.41
580.41
668.40
668.40
573.34
573.34
241.59
241.59
281.79
281.79
41.33
41.33
938.71
938.71
2202.28
2202.28
3046.56
3046.56
483.41
483.41
2760.10
2760.10
1442.16
1442.16
9071.95
9071.95
10.00
10.00
3687.72
3687.72
8519.25
8519.25
444.53
444.53
3045.39
3045.39
341.31
341.31
838.15
838.15
6573.31
6573.31
1178.00
1178.00
2967.66
2967.66
2172.04
2172.04
852.57
852.57
9571.75
9571.75
1883.14
1883.14
9505.35
9505.35
1606.36
1606.36
8152.10
8152.10
722.25
722.25
43.87
43.87
2921.17
2921.17
8177.94
8177.94
3293.36
3293.36
1519.56
1519.56
2262.60
2262.60
877.47
877.47
753.23
753.23
2797.23
2797.23
668.23
668.23
2772.18
2772.18
98.85
98.85
33.02
33.02
7698.92
7698.92
3853.63
3853.63
2947.34
2947.34
720.07
720.07
1375.43
1375.43
1552.71
1552.71
297.42
297.42
2964.23
2964.23
2604.61
2604.61
110.18
110.18
9668.41
9668.41
612.36
612.36
3037.14
3037.14
2144.13
2144.13
3143.95
3143.95
300.90
300.90
4021.17
4021.17
3654.51
3654.51
83.50
83.50
11198.81
11198.81
66.86
66.86
2825.01
2825.01
1308.82
1308.82
1835.08
1835.08
2555.01
2555.01
6205.05
6205.05
3722.36
3722.36
595.20
595.20
2996.00
2996.00
2514.78
2514.78
40.56
40.56
2605.34
2605.34
25.12
25.12
3003.58
3003.58
1438.11
1438.11
908.79
908.79
2659.56
2659.56
165.77
165.77
6459.70
6459.70
107.53
107.53
607.69
607.69
2118.82
2118.82
53.75
53.75
11454.90
11454.90
929.28
929.28
8675.89
8675.89
38.51
38.51
61.47
61.47
6555.00
6555.00
748.52
748.52
2576.18
2576.18
6420.99
6420.99
153.38
153.38
458.36
458.36
806.06
806.06
29.72
29.72
3779.38
3779.38
204.36
204.36
2490.60
2490.60
391.68
391.68
4030.52
4030.52
41.30
41.30
136.36
136.36
142.46
142.46
2612.30
2612.30
463.32
463.32
670.18
670.18
2864.03
2864.03
47.02
47.02
96.63
96.63
482.29
482.29
268.81
268.81
2848.66
2848.66
201.26
201.26
2826.90
2826.90
176.76
176.76
253.07
253.07
618.23
618.23
11730.45
11730.45
126.61
126.61
25.36
25.36
2706.08
2706.08
746.97
746.97
53.49
53.49
2786.56
2786.56
323.92
323.92
218.51
218.51
50.37
50.37
3152.74
3152.74
934.97
934.97
145.03
145.03
47.08
47.08
300.43
300.43
3042.37
3042.37
50.08
50.08
3794.94
3794.94
4566.29
4566.29
4336.95
4336.95
103.11
103.11
3940.05
3940.05
111.65
111.65
99.83
99.83
47.60
47.60
2886.55
2886.55
524.95
524.95
2589.24
2589.24
10661.71
10661.71
1138.86
1138.86
45.07
45.07
153.51
153.51
2917.96
2917.96
9165.37
9165.37
50.55
50.55
4880.97
4880.97
2303.68
2303.68
4175.79
4175.79
3561.21
3561.21
2913.48
2913.48
1879.94
1879.94
233.75
233.75
9583.25
9583.25
268.63
268.63
2591.86
2591.86
126.68
126.68
356.33
356.33
8100.23
8100.23
6479.79
6479.79
2733.86
2733.86
398.70
398.70
10048.18
10048.18
3545.07
3545.07
668.05
668.05
2929.23
2929.23
4722.38
4722.38
4722.38
4722.38
4722.38
4722.38
71.74
71.74
3619.55
3619.55
406.56
406.56
2956.31
2956.31
524.09
524.09
2986.24
2986.24
786.33
786.33
738.31
738.31
3337.10
3337.10
436.12
436.12
3038.42
3038.42
3038.42
2350.96
5800.98
5800.98
8399.44
8399.44
98.01
98.01
3039.81
3039.81
1189.66
1189.66
2994.19
2994.19
7075.64
7075.64
730.26
730.26
6278.95
6278.95
6818.81
6818.81
3128.53
3128.53
26.24
26.24
2977.08
2977.08
5011.22
5011.22
1137.15
1137.15
2949.41
2949.41
6785.67
6785.67
10235.83
10235.83
10816.12
10816.12
11487.70
11487.70
3040.97
3040.97
2083.38
2083.38
2690.99
2690.99
121.69
121.69
8608.68
8608.68
24.95
24.95
4721.48
4721.48
5428.71
5428.71
9533.36
9533.36
9894.68
9894.68
9307.53
9307.53
11344.30
11344.30
3590.58
3590.58
1547.64
1547.64
11452.82
11452.82
138.83
138.83
149.30
149.30
497.21
497.21
182.13
182.13
9563.81
9563.81
3529.42
3529.42
2940.15
2940.15
7789.27
7789.27
132.59
132.59
1252.08
1252.08
3089.48
3089.48
2850.49
2850.49
2038.30
2038.30
198.03
198.03
436.45
436.45
1166.54
1166.54
2954.19
2954.19
8927.76
8927.76
2911.67
2911.67
523.69
523.69
383.62
383.62
4012.69
4012.69
4012.69
166.32
166.32
2547.95
2547.95
866.55
4884.13
4884.13
4884.13
10070.54
10070.54
907.72
907.72
2986.48
2986.48
222.75
222.75
8030.79
8030.79
8030.79
8030.79
10574.86
10574.86
10372.31
10372.31
71.25
71.25
10709.50
10709.50
10402.97
9925.91
9925.91
9925.91
46.69
46.69
1380.63
1380.63
45.01
45.01
8870.15
8870.15
2998.27
2998.27
2340.26
2340.26
6789.66
6789.66
11795.05
11795.05
13385.51
13385.51
3303.19
3303.19
862.73
862.73
3437.19
3437.19
388.19
388.19
766.31
766.31
3024.34
3024.34
677.96
677.96
370.07
370.07
2746.59
2746.59
4341.43
4341.43
4904.96
4904.96
7644.43
7644.43
8878.96
8878.96
8478.67
8478.67
2958.23
2958.23
732.51
732.51
4112.50
4112.50
8950.76
8950.76
45.48
45.48
2907.31
2907.31
11070.90
11070.90
29.21
29.21
10919.46
10919.46
4497.88
4497.88
3026.30
3026.30
6063.25
6063.25
11494.75
11494.75
39.15
39.15
6622.79
6622.79
2915.08
2915.08
8986.21
8986.21
2826.62
2826.62
8823.41
8823.41
9912.81
9912.81
10019.30
10019.30
4221.57
4221.57
2869.70
2869.70
2660.79
2660.79
3005.28
3005.28
9964.62
9964.62
311.04
311.04
3028.02
3028.02
411.78
411.78
2748.39
2748.39
109.38
109.38
11351.30
11351.30
7486.89
7486.89
358.76
358.76
2866.91
2866.91
4126.52
4126.52
3028.00
3028.00
7795.24
7795.24
236.64
236.64
3136.54
3136.54
1720.74
1720.74
2905.14
2905.14
5214.49
5214.49
1408.38
1408.38
1087.90
1087.90
1329.02
1329.02
3032.75
3032.75
1716.73
1716.73
11911.40
11911.40
4914.34
4914.34
1724.48
1724.48
23.08
23.08
25.80
25.80
6608.85
6608.85
784.06
784.06
61.71
61.71
52.17
52.17
283.66
283.66
2899.48
2899.48
2486.26
2486.26
3030.35
3030.35
10663.93
10663.93
711.92
711.92
2151.27
2151.27
1551.34
1551.34
5016.86
5016.86
60.41
60.41
2570.74
2570.74
10054.25
10054.25
976.48
976.48
2828.63
2828.63
3663.24
3663.24
6527.35
6527.35
330.64
330.64
10964.32
10964.32
2978.87
2978.87
1843.41
1843.41
2929.45
2929.45
2387.04
2387.04
9934.62
9934.62
12204.66
12204.66
1080.64
1080.64
9942.35
9942.35
9942.35
9942.35
2893.58
2893.58
1560.60
1560.60
9671.06
9671.06
668.73
668.73
1040.36
1040.36
3015.38
3015.38
3015.38
3015.38
3015.38
3015.38
675.66
675.66
1579.64
1579.64
2847.74
2847.74
486.67
486.67
3370.40
3370.40
9291.85
9291.85
1188.56
1188.56
1779.23
1779.23
10815.14
10815.14
2939.99
2939.99
64.46
64.46
7601.73
7601.73
650.76
650.76
2860.47
2860.47
3205.10
3205.10
458.99
458.99
3013.58
3013.58
226.18
226.18
440.45
440.45
132.59
132.59
304.91
304.91
2821.81
2821.81
98.83
98.83
2805.81
2805.81
8363.79
8363.79
185.81
185.81
4184.78
4184.78
984.85
984.85
2624.95
2624.95
551.84
551.84
551.84
551.84
4039.50
4039.50
742.28
742.28
3037.03
3037.03
767.65
767.65
2807.59
2807.59
9965.06
9965.06
182.16
182.16
2677.78
2677.78
2641.34
2641.34
2999.74
2999.74
127.06
127.06
1930.89
1930.89
2645.23
2645.23
1150.60
1150.60
2638.42
2638.42
763.74
763.74
2896.43
2896.43
3695.07
3695.07
2688.59
2688.59
2619.05
2619.05
10353.80
10353.80
3040.74
3040.74
7709.90
7709.90
461.38
461.38
4554.18
4554.18
75.02
75.02
2794.58
2794.58
11045.13
11045.13
10479.08
10479.08
10059.00
10059.00
5892.44
5892.44
3116.79
3116.79
263.75
263.75
3079.78
3079.78
10565.97
10565.97
12461.97
12461.97
1557.80
1557.80
11785.30
11785.30
2833.05
2833.05
1824.20
1824.20
2839.32
2839.32
11653.11
11653.11
10046.36
10046.36
6820.15
6820.15
3301.60
3301.60
2638.83
2638.83
47.88
47.88
10369.65
10369.65
492.12
492.12
335.32
335.32
7229.03
7229.03
23.48
23.48
9763.22
9763.22
1080.14
1080.14
817.12
817.12
2992.41
2992.41
379.69
379.69
3238.54
3238.54
3957.74
3957.74
6432.93
6432.93
2858.47
2858.47
26.78
26.78
10331.53
10331.53
10331.53
10331.53
2633.42
2633.42
3048.16
3048.16
2921.64
2921.64
2461.75
2461.75
75.63
75.63
3462.71
3462.71
243.91
243.91
1217.89
1217.89
516.77
516.77
65.00
65.00
10247.38
10247.38
73.33
73.33
2921.60
2921.60
24.83
24.83
725.12
725.12
4101.27
4101.27
4286.17
4286.17
2766.24
2766.24
426.65
426.65
1017.14
1017.14
54.50
54.50
149.19
149.19
3084.67
3084.67
49.91
49.91
3043.76
3043.76
832.18
832.18
91.45
91.45
157.55
157.55
577.64
577.64
3374.29
3374.29
8962.48
8962.48
459.64
459.64
600.80
600.80
23.65
23.65
25.16
25.16
70.48
70.48
96.78
96.78
829.66
829.66
66.74
66.74
5713.43
5713.43
4405.14
4405.14
2449.86
2449.86
3286.32
3286.32
12349.80
12349.80
983.78
983.78
1748.61
1748.61
3058.25
3058.25
249.20
249.20
3043.64
3043.64
68.28
68.28
6875.56
6875.56
4724.03
4724.03
3744.88
3744.88
2863.31
2863.31
55.19
55.19
635.90
635.90
44.57
44.57
67.13
67.13
2688.81
2688.81
337.09
337.09
3029.98
3029.98
214.94
214.94
775.78
775.78
3250.08
3250.08
1660.89
1660.89
2966.22
2966.22
4973.37
4973.37
761.73
761.73
61.24
61.24
1059.11
1059.11
2687.36
2687.36
1573.71
1573.71
2864.23
2864.23
1020.03
1020.03
506.89
506.89
287.14
287.14
1401.68
1401.68
2880.18
2880.18
47.23
47.23
3254.16
3254.16
8453.62
8453.62
1870.73
1870.73
3415.68
3415.68
240.64
240.64
2756.38
2756.38
10880.16
10880.16
1206.51
1206.51
8300.06
8300.06
847.81
847.81
2956.88
2956.88
43.44
43.44
52.24
52.24
49.88
49.88
284.68
284.68
2895.16
2895.16
364.98
364.98
2960.26
2960.26
91.96
91.96
24.87
24.87
1439.34
1439.34
1577.66
1577.66
3099.68
3099.68
30.36
30.36
44.62
44.62
24.28
24.28
121.22
121.22
3045.62
3045.62
76.66
76.66
3026.87
3026.87
1059.84
1059.84
24.19
24.19
57.54
57.54
213.26
213.26
127.83
127.83
11625.88
11625.88
200.78
200.78
136.44
136.44
90.57
90.57
3240.69
3240.69
58.78
58.78
2858.89
2858.89
561.89
561.89
3781.68
3781.68
2737.90
2737.90
1165.15
1165.15
2785.59
2785.59
446.11
446.11
10004.40
10004.40
1781.95
1781.95
4695.54
4695.54
75.45
75.45
54.36
54.36
2936.47
2936.47
121.06
121.06
1135.38
1135.38
68.65
68.65
62.63
62.63
3026.18
3026.18
193.97
193.97
265.60
265.60
271.95
271.95
337.57
337.57
3036.68
3036.68
9675.06
9675.06
46.63
46.63
476.94
476.94
697.50
697.50
134.76
134.76
230.11
230.11
2771.15
2771.15
4386.40
4386.40
2736.62
2736.62
530.50
530.50
130.51
130.51
51.45
51.45
7397.98
7397.98
2511.67
2511.67
200.64
200.64
545.52
545.52
141.89
141.89
169.92
169.92
3076.21
3076.21
489.61
489.61
2933.77
2933.77
169.20
169.20
92.67
92.67
8973.86
8973.86
141.83
141.83
2965.33
2965.33
3728.31
3728.31
43.34
43.34
49.04
49.04
68.23
68.23
2910.71
2910.71
570.18
570.18
2931.93
2931.93
433.04
433.04
216.87
216.87
720.92
720.92
3616.38
3616.38
3188.76
3188.76
1489.77
1489.77
147.49
147.49
321.58
321.58
283.86
283.86
2838.61
2838.61
838.26
838.26
2703.05
2703.05
335.11
335.11
503.42
503.42
7191.30
7191.30
173.45
173.45
2954.77
2954.77
2411.85
2411.85
2933.23
2933.23
72.61
72.61
167.89
167.89
2871.46
2871.46
724.72
724.72
8691.98
8691.98
637.76
637.76
23.57
23.57
9706.73
9706.73
10160.31
10160.31
2889.38
2889.38
246.82
246.82
761.96
761.96
2802.04
2802.04
1392.49
1392.49
3065.91
3065.91
599.72
599.72
3018.38
3018.38
449.55
449.55
771.44
771.44
3348.66
3348.66
5617.55
5617.55
3500.63
3500.63
8701.77
8701.77
507.20
507.20
36.27
36.27
4364.07
4364.07
2902.44
2902.44
1441.67
1441.67
2793.60
2793.60
12474.69
12474.69
187.53
187.53
49.98
49.98
109.03
109.03
3073.60
3073.60
68.06
68.06
5456.64
5456.64
503.70
503.70
3340.49
3340.49
2898.21
2898.21
5549.76
5549.76
5549.76
5549.76
9016.55
9016.55
25.70
25.70
2978.29
2978.29
297.66
297.66
3338.67
3338.67
3543.01
3543.01
23.65
23.65
2959.05
2959.05
181.62
181.62
2902.76
2902.76
30.20
30.20
2616.63
2616.63
3246.91
3246.91
74.95
74.95
2742.63
2742.63
9953.73
9953.73
9953.73
9953.73
185.63
185.63
7562.69
7562.69
9070.01
9070.01
9070.01
9070.01
4276.20
4276.20
8876.06
8876.06
10897.89
10897.89
240.44
240.44
940.70
940.70
2818.02
2818.02
394.00
394.00
3114.71
3114.71
8723.23
8723.23
47.05
47.05
1037.20
1037.20
270.05
270.05
5623.54
5623.54
145.51
145.51
3041.20
3041.20
154.81
154.81
5040.48
5040.48
5040.48
5040.48
5040.48
611.68
611.68
4783.34
4783.34
3194.68
7491.65
7491.65
7491.65
37.28
37.28
65.89
65.89
11798.30
11798.30
129.71
129.71
2666.36
2666.36
2582.95
2582.95
977.14
977.14
2818.42
2818.42
4619.49
4619.49
2979.53
2979.53
77.23
2860.53
2860.53
2860.53
223.96
223.96
2739.95
2739.95
2987.25
2987.25
7645.20
7645.20
10955.19
10955.19
175.33
175.33
1118.82
1118.82
80.00
80.00
4578.80
4578.80
5279.68
5279.68
136.23
136.23
2955.65
2955.65
236.62
236.62
8331.13
8331.13
2947.55
2947.55
919.23
919.23
5904.31
5904.31
25.31
25.31
24.43
24.43
45.59
45.59
67.05
67.05
2897.58
2897.58
546.70
546.70
2805.60
2805.60
119.14
119.14
115.13
115.13
3028.60
3028.60
1736.29
1736.29
2921.07
2921.07
575.36
575.36
169.30
169.30
2625.45
2625.45
1949.22
1949.22
4966.95
4966.95
9532.74
9532.74
2932.04
2932.04
2078.85
2078.85
801.99
801.99
2926.48
2926.48
1141.45
1141.45
3323.46
3323.46
85.52
85.52
268.88
268.88
68.46
68.46
446.30
446.30
2786.56
2786.56
136.24
136.24
7568.40
7568.40
253.82
253.82
8031.34
8031.34
3053.68
3053.68
366.41
366.41
11146.47
11146.47
3530.40
3530.40
9099.29
9099.29
10064.29
10064.29
194.11
194.11
2861.66
2861.66
79.80
79.80
2952.69
2952.69
4032.11
4032.11
1739.00
1739.00
2719.29
2719.29
9148.37
9148.37
3071.60
3071.60
876.27
876.27
66.74
66.74
250.43
250.43
81.71
81.71
2822.91
2822.91
92.13
92.13
2986.14
2986.14
1822.23
1822.23
486.50
486.50
10661.42
10661.42
4606.77
4606.77
2812.74
2812.74
809.54
809.54
1196.57
1196.57
112.48
112.48
3941.99
3941.99
3072.41
3072.41
324.61
324.61
2971.31
2971.31
1137.34
1137.34
963.89
963.89
2767.20
2767.20
209.24
209.24
123.86
123.86
23.48
23.48
10192.08
10192.08
829.36
829.36
500.68
500.68
2761.92
2761.92
401.22
401.22
3138.63
3138.63
593.97
593.97
10705.06
10705.06
94.11
94.11
148.90
148.90
47.46
47.46
126.15
126.15
63.12
63.12
1073.43
1073.43
403.12
403.12
2802.44
2802.44
270.72
270.72
2991.05
2991.05
61.51
61.51
2047.34
2047.34
8864.17
8864.17
226.59
226.59
3048.42
3048.42
137.94
137.94
3550.73
3550.73
45.27
45.27
8140.42
8140.42
3003.70
3003.70
71.18
71.18
2930.74
2930.74
10818.14
10818.14
3079.91
3079.91
9287.62
9287.62
391.35
391.35
3043.18
3043.18
180.79
180.79
632.59
632.59
3597.45
3597.45
657.07
657.07
11631.15
11631.15
10235.83
10235.83
2801.27
2801.27
8965.77
8965.77
198.30
198.30
2933.77
2933.77
11434.88
11434.88
10613.67
10613.67
1064.75
1064.75
969.91
969.91
475.82
475.82
123.19
123.19
2796.84
2796.84
4110.17
4110.17
3129.27
3129.27
3901.69
3901.69
67.46
67.46
11544.84
11544.84
577.59
577.59
3427.59
3427.59
129.32
129.32
510.00
510.00
10481.24
10481.24
11255.60
11255.60
3042.37
3042.37
3508.18
3508.18
3074.67
3074.67
25.34
25.34
1991.50
1991.50
9494.74
9494.74
25.90
25.90
4768.03
4768.03
4252.81
4252.81
10203.17
10203.17
125.58
125.58
528.97
528.97
3045.39
3045.39
1318.44
1318.44
4090.64
4090.64
1576.39
1576.39
6078.27
6078.27
8673.21
8673.21
407.12
407.12
2912.95
2912.95
637.20
637.20
5193.04
5193.04
7793.85
7793.85
1392.90
1392.90
5754.61
5754.61
51.34
51.34
9201.56
9201.56
7625.48
7625.48
4937.45
4937.45
5321.80
5321.80
1296.73
1296.73
4240.02
4240.02
7726.46
7726.46
460.39
460.39
76.55
76.55
503.09
503.09
2882.16
2882.16
2211.81
2211.81
10830.22
10830.22
372.27
372.27
3239.62
3239.62
5916.68
5916.68
5916.68
5916.68
2915.29
2915.29
765.65
765.65
1314.43
1314.43
2501.81
2501.81
877.70
877.70
2716.51
2716.51
189.69
189.69
2874.99
2874.99
472.50
472.50
190.01
190.01
2675.03
2675.03
12073.78
12073.78
2872.29
2872.29
2010.26
2010.26
54.51
54.51
50.35
50.35
147.46
147.46
2607.37
2607.37
317.85
317.85
3340.18
3340.18
23.12
23.12
42.51
42.51
350.66
350.66
78.56
78.56
3108.27
3108.27
56.73
56.73
544.40
544.40
46.44
46.44
7468.98
7468.98
8265.65
8265.65
7644.89
7644.89
3043.53
3043.53
4453.10
4453.10
5444.12
5444.12
8963.31
8963.31
86.16
86.16
9323.59
9323.59
43.85
43.85
3310.59
3310.59
8459.71
8459.71
94.87
94.87
25.57
25.57
133.76
133.76
2812.74
2812.74
65.25
65.25
60.34
60.34
2649.64
2649.64
257.90
257.90
2824.71
2824.71
162.21
162.21
2699.02
2699.02
473.25
473.25
106.75
106.75
1368.02
1368.02
550.10
550.10
40.42
40.42
309.64
309.64
468.24
468.24
5151.11
5151.11
708.98
708.98
2991.17
2991.17
48.98
48.98
3494.65
3494.65
24.16
24.16
516.82
516.82
162.90
162.90
834.77
834.77
4545.35
4545.35
1244.04
1244.04
1024.56
1024.56
1033.23
1033.23
80.31
80.31
101.64
101.64
300.92
300.92
2719.50
2719.50
8460.09
8460.09
3792.06
3792.06
2960.81
2960.81
834.87
834.87
3082.88
3082.88
74.60
74.60
138.22
138.22
60.58
60.58
169.99
169.99
234.15
234.15
989.37
989.37
3165.69
3165.69
47.09
47.09
24.45
24.45
2656.61
2656.61
372.96
372.96
2946.79
2946.79
46.50
46.50
239.46
239.46
1380.30
1380.30
54.73
54.73
3340.17
3340.17
456.37
456.37
2762.88
2762.88
1226.75
1226.75
515.90
515.90
4391.16
4391.16
4399.25
4399.25
3038.19
3038.19
39.95
39.95
1666.67
1666.67
269.77
269.77
9840.91
9840.91
3075.38
3075.38
530.21
530.21
3065.20
3065.20
80.28
80.28
173.75
173.75
9406.21
9406.21
220.93
220.93
2799.10
2799.10
6554.97
6554.97
9698.04
9698.04
188.02
188.02
25.95
25.95
3092.34
3092.34
57.54
57.54
187.55
187.55
687.29
687.29
53.43
53.43
49.61
49.61
46.26
46.26
3045.39
3045.39
4466.68
4466.68
55.06
55.06
788.86
788.86
7423.24
7423.24
2900.64
2900.64
731.15
731.15
2793.40
2793.40
34.14
34.14
3902.18
3902.18
2958.28
2958.28
385.36
385.36
49.94
49.94
67.95
67.95
4057.67
4057.67
12654.68
12654.68
36.25
36.25
2810.46
2810.46
9911.80
9911.80
2614.78
2614.78
188.68
188.68
537.19
537.19
3011.99
3011.99
1310.63
1310.63
3047.27
3047.27
95.08
95.08
7927.01
7927.01
129.96
129.96
2378.49
2378.49
2846.01
2846.01
9161.04
9161.04
2879.05
2879.05
2932.87
2932.87
7626.79
7626.79
2696.55
