# 1Hz Kbps trace generated by import_real_world_traces.py
1116.31
607.24
1181.06
820.10
1212.72
370.38
1102.28
697.75
1098.94
821.79
821.79
1138.10
1138.10
1197.80
1197.80
1136.26
1136.26
1213.14
1213.14
1025.97
1025.97
18.55
18.55
1036.50
1036.50
683.74
683.74
1133.91
1133.91
1204.49
1204.49
821.44
821.44
1231.22
1231.22
963.05
963.05
1122.26
1122.26
1079.59
1079.59
214.50
214.50
1143.93
1143.93
16.87
16.87
1158.58
1158.58
975.64
975.64
1036.21
1036.21
820.81
820.81
558.64
558.64
1278.07
1278.07
674.98
674.98
354.05
354.05
1180.96
1180.96
1203.69
1203.69
1212.37
1212.37
106.27
106.27
1201.33
1201.33
752.25
752.25
1265.71
1265.71
1241.63
1241.63
1149.69
1149.69
1265.62
1265.62
393.58
393.58
1131.34
1131.34
1099.42
1099.42
1168.71
1168.71
1195.84
1195.84
1200.51
1200.51
1191.62
1191.62
1164.70
1164.70
284.65
284.65
249.33
249.33
1150.31
1150.31
1190.50
1190.50
1205.95
1205.95
1207.48
1207.48
1161.21
1161.21
17.44
17.44
1264.57
1264.57
1142.11
1142.11
992.44
992.44
152.65
152.65
1200.08
1200.08
1245.61
1245.61
278.66
