# 1Hz Kbps trace generated by import_real_world_traces.py
429.60
786.82
786.82
785.32
1339.96
574.59
574.59
1041.64
1041.64
1041.64
239.22
239.22
239.22
413.06
413.06
164.98
1148.78
94.73
94.73
143.02
143.02
201.30
201.30
10.00
10.00
441.61
148.97
148.97
111.60
111.60
111.60
111.60
149.75
149.75
149.75
154.05
154.05
154.05
10.00
222.76
222.76
235.22
235.22
235.22
10.00
1195.46
1195.46
100.36
100.36
100.36
100.36
183.23
183.23
1638.69
1638.69
562.95
562.95
937.09
360.91
1239.17
767.45
171.25
171.25
171.25
86.20
86.20
1915.17
1915.17
172.07
282.34
282.34
35.27
960.29
960.29
129.54
129.54
809.02
1424.96
10.00
10.00
1258.18
1258.18
156.14
156.14
1266.34
1266.34
1266.34
1266.34
1017.66
1017.66
887.97
887.97
1360.48
1360.48
1736.28
1736.28
1169.51
1169.51
1603.91
1603.91
1255.60
1255.60
1197.55
1197.55
1463.98
1463.98
769.28
769.28
1368.97
1368.97
836.09
836.09
10.00
10.00
1511.94
1511.94
1511.94
1511.94
1054.91
1054.91
1037.37
1037.37
704.43
704.43
1695.46
1695.46
1024.88
1024.88
776.29
776.29
1272.59
1272.59
1239.08
1239.08
1650.59
1650.59
1570.73
1570.73
11.22
11.22
1791.20
1791.20
399.15
399.15
1652.89
1652.89
1098.22
1098.22
1294.91
1294.91
1242.99
1242.99
10.00
10.00
1205.05
1205.05
27.72
27.72
1757.78
1757.78
1319.36
1319.36
766.62
766.62
1832.71
1832.71
429.96
429.96
898.20
898.20
927.94
927.94
181.02
181.02
1684.54
1684.54
731.88
731.88
200.07
200.07
94.52
94.52
959.39
959.39
1259.49
1259.49
554.84
554.84
587.15
587.15
576.34
576.34
488.44
488.44
1064.13
1064.13
201.80
201.80
687.88
687.88
960.54
960.54
1386.53
1386.53
1601.04
1601.04
1178.24
1178.24
91.71
91.71
1578.74
1578.74
687.29
687.29
85.67
85.67
85.67
85.67
192.59
192.59
192.59
192.59
781.32
781.32
781.32
781.32
781.32
781.32
233.67
233.67
233.67
10.00
10.00
10.00
1513.55
39.50
39.50
971.84
971.84
321.44
321.44
1580.45
1580.45
1530.45
1607.30
1607.30
960.55
1156.87
877.19
1063.32
251.49
251.49
88.64
88.64
981.46
981.46
123.19
123.19
1151.22
1151.22
913.20
913.20
221.66
221.66
221.66
169.74
169.74
169.74
19.04
19.04
19.04
1289.80
1289.80
1289.80
10.00
10.00
10.00
364.31
234.48
234.48
1729.01
1729.01
167.64
221.90
221.90
85.61
1249.02
1249.02
1798.59
935.32
1672.73
1672.73
157.51
157.51
1233.12
1233.12
1569.90
1569.90
166.78
166.78
206.74
206.74
1054.75
1054.75
192.92
192.92
192.92
113.36
113.36
113.36
113.36
10.54
10.54
602.88
602.88
110.89
110.89
160.49
160.49
160.49
160.49
160.49
160.49
31.30
31.30
31.30
47.13
47.13
179.77
179.77
179.77
719.13
187.73
1230.32
413.37
413.37
413.37
77.81
77.81
77.81
535.55
535.55
34.74
34.74
1229.41
338.13
338.13
130.45
130.45
13.37
13.37
84.93
84.93
10.27
10.27
10.27
110.62
412.51
412.51
412.51
354.98
225.47
225.47
272.80
272.80
272.80
757.14
757.14
71.12
266.91
68.09
68.09
248.52
248.52
248.52
248.52
57.31
57.31
18.25
18.25
18.25
18.25
35.73
35.73
35.73
66.22
66.22
66.22
66.22
374.68
374.68
85.94
85.94
226.85
368.97
368.97
491.99
491.99
473.88
485.46
485.46
804.57
680.42
139.05
18.58
18.58
184.89
184.89
73.60
234.94
1668.74
119.80
624.10
624.10
624.10
330.82
330.82
967.40
967.40
795.51
795.51
706.31
706.31
1079.58
1079.58
1593.16
1593.16
555.77
555.77
11.58
11.58
777.92
777.92
1870.12
1870.12
12.26
12.26
1928.89
1928.89
68.70
68.70
111.98
111.98
1166.12
1166.12
567.71
567.71
209.20
209.20
74.24
74.24
1029.44
1029.44
126.89
126.89
30.43
30.43
66.00
66.00
1580.45
1580.45
35.31
35.31
75.32
75.32
466.98
466.98
732.60
732.60
922.01
922.01
810.89
810.89
1248.83
1248.83
1280.88
1280.88
1126.24
1126.24
508.88
508.88
130.15
1593.33
1593.33
1593.33
1894.88
1894.88
573.43
573.43
26.65
26.65
845.14
845.14
77.19
77.19
1384.54
1384.54
70.80
70.80
1513.44
1513.44
1275.28
1275.28
310.29
310.29
1416.71
1416.71
343.20
343.20
34.53
34.53
669.37
669.37
952.70
952.70
420.26
420.26
187.36
187.36
415.91
415.91
1077.94
1077.94
47.33
47.33
390.68
390.68
279.15
279.15
326.49
326.49
24.32
24.32
140.36
140.36
1432.62
1432.62
591.15
591.15
45.83
45.83
683.21
683.21
1357.88
1357.88
1889.82
1889.82
36.26
36.26
326.89
326.89
219.63
219.63
205.86
205.86
617.08
617.08
617.08
97.87
97.87
1048.49
772.88
772.88
829.16
829.16
872.49
872.49
406.31
406.31
1134.29
1134.29
197.78
197.78
197.78
15.29
15.29
15.29
90.99
90.99
90.99
1411.92
1531.65
79.82
327.65
327.65
960.30
960.30
848.14
848.14
790.90
790.90
1871.37
1871.37
142.23
142.23
1229.18
1229.18
83.22
83.22
331.58
331.58
136.13
136.13
178.79
178.79
212.27
212.27
1000.92
1000.92
1000.92
10.00
10.00
10.00
463.75
463.75
769.68
769.68
61.76
61.76
346.57
346.57
346.57
346.57
117.34
117.34
117.34
1374.31
1374.31
1374.31
1374.31
36.48
36.48
36.48
583.66
391.50
391.50
391.50
355.55
178.09
178.09
61.29
842.43
68.93
68.93
418.17
378.21
214.60
214.60
74.85
74.85
1232.88
1232.88
1232.88
1232.88
247.82
247.82
614.31
614.31
614.31
614.31
614.31
614.31
934.16
934.16
934.16
119.46
119.46
72.20
72.20
20.61
20.61
279.64
279.64
1857.92
1857.92
78.94
357.30
1068.01
1068.01
214.46
194.44
194.44
347.13
134.04
134.04
110.56
110.56
266.13
146.69
146.69
1484.74
249.01
548.05
307.30
307.30
307.30
129.61
129.61
67.34
67.34
67.34
274.32
274.32
315.40
315.40
76.81
76.81
76.81
1218.90
1218.90
1023.50
1023.50
191.68
10.00
30.58
47.63
47.63
1419.67
1419.67
879.19
879.19
1626.15
1626.15
1231.00
1231.00
924.39
924.39
953.18
953.18
90.56
90.56
408.58
408.58
1147.35
1147.35
19.23
19.23
1170.90
1170.90
1460.51
1460.51
518.99
518.99
1270.64
1270.64
55.95
55.95
916.11
916.11
1480.80
1480.80
909.68
909.68
1412.18
1412.18
1675.94
1675.94
65.98
65.98
1639.96
1639.96
530.72
530.72
103.40
103.40
329.04
329.04
1600.39
1600.39
1054.14
1054.14
1457.80
1457.80
124.49
124.49
192.72
192.72
150.08
150.08
1583.34
1583.34
50.39
50.39
253.75
253.75
197.11
197.11
787.81
787.81
1063.66
1063.66
830.29
830.29
830.29
830.29
689.12
689.12
1066.50
1066.50
1066.50
1066.50
13.36
13.36
495.57
495.57
106.74
106.74
21.67
21.67
852.60
852.60
85.15
85.15
665.26
665.26
825.36
825.36
910.47
910.47
106.84
106.84
110.49
110.49
25.88
25.88
457.69
457.69
1004.13
1004.13
216.09
216.09
74.53
74.53
74.53
74.53
726.53
726.53
501.67
501.67
27.65
27.65
27.65
10.00
10.00
10.00
517.68
517.68
517.68
106.00
106.00
1515.14
443.90
443.90
443.90
82.40
82.40
72.12
1745.66
1745.66
547.60
547.60
1713.88
1713.88
51.40
51.40
51.40
51.40
51.40
137.03
137.03
137.03
280.94
1750.89
1750.89
10.67
10.67
274.98
274.98
274.98
274.98
173.76
173.76
697.57
126.16
126.16
126.16
126.16
63.75
63.75
194.70
194.70
194.70
194.70
194.70
86.93
86.93
579.56
579.56
35.01
35.01
95.50
95.50
908.10
908.10
1157.50
1157.50
152.49
892.12
892.12
397.36
397.36
45.20
45.20
45.20
622.05
622.05
315.63
315.63
338.52
338.52
338.52
498.46
669.60
669.60
1023.87
1023.87
38.91
64.81
64.81
34.88
77.33
190.35
497.73
497.73
497.73
826.39
826.39
826.39
883.74
883.74
883.74
51.59
876.76
876.76
894.10
80.50
80.50
14.09
14.09
51.58
250.73
250.73
157.06
157.06
128.84
128.84
128.84
38.78
1518.10
1518.10
1518.10
154.16
154.16
798.72
798.72
1622.72
1622.72
1622.72
1622.72
621.11
621.11
621.11
667.39
667.39
667.39
667.39
197.17
197.17
1460.20
1460.20
80.40
80.40
1268.42
1497.41
1497.41
24.10
211.02
211.02
10.00
10.00
10.00
16.62
515.63
515.63
646.31
284.14
284.14
284.14
901.72
901.72
901.72
635.10
635.10
635.10
13.86
368.68
249.38
249.38
1086.88
1086.88
754.92
754.92
754.92
271.90
271.90
776.50
776.50
966.00
966.00
243.50
243.50
1515.51
1515.51
10.00
1697.39
10.00
1982.02
1158.72
1559.49
1559.49
1262.42
1262.42
1296.39
1296.39
1296.39
439.39
439.39
19.81
137.68
137.68
64.02
241.30
66.62
66.62
35.51
1600.99
1600.99
312.51
312.51
21.65
21.65
846.27
846.27
208.98
208.98
1752.74
1752.74
1428.14
1428.14
501.69
501.69
42.97
42.97
1246.35
1246.35
1083.33
1083.33
1606.41
1606.41
1523.73
1523.73
468.69
468.69
468.69
468.69
1640.29
1640.29
1274.10
1274.10
1686.34
1686.34
152.49
152.49
1945.55
1945.55
1171.89
1171.89
1051.86
1051.86
625.67
625.67
1471.08
1471.08
461.14
461.14
1476.21
1476.21
782.39
782.39
1440.55
1440.55
48.90
48.90
129.26
129.26
1169.59
1169.59
97.40
97.40
424.81
424.81
120.55
120.55
120.55
1176.13
809.20
809.20
99.14
99.14
266.17
266.17
449.71
449.71
969.80
969.80
605.08
605.08
832.58
832.58
10.00
10.00
61.64
61.64
91.73
91.73
372.44
372.44
1535.50
1535.50
1059.73
1059.73
491.65
491.65
491.65
364.19
20.46
20.46
306.93
306.93
1268.18
1268.18
743.55
743.55
1655.20
1655.20
742.87
742.87
453.32
453.32
707.67
707.67
860.22
860.22
860.22
860.22
785.28
785.28
641.43
641.43
587.79
587.79
1432.72
1432.72
126.84
126.84
1248.22
1248.22
1173.26
1173.26
944.39
944.39
706.36
706.36
765.50
765.50
765.50
765.50
765.50
269.71
269.71
269.71
269.71
1086.16
1086.16
1400.27
1595.58
1139.36
1139.36
247.87
247.87
247.87
190.15
190.15
190.15
190.15
354.86
354.86
354.86
20.70
20.70
33.75
33.75
50.55
50.55
839.04
839.04
839.04
839.04
1113.92
1113.92
1113.92
1113.92
1308.91
1308.91
677.74
677.74
1519.14
1519.14
1793.41
440.50
440.50
1680.78
1649.08
1401.79
1686.61
1686.61
1088.37
1088.37
1274.19
1274.19
995.07
995.07
102.54
102.54
1799.17
1799.17
203.68
275.35
275.35
43.39
43.39
43.39
412.20
412.20
412.20
412.20
412.20
412.20
1112.17
1112.17
1112.17
157.70
157.70
157.70
1097.79
1097.79
299.02
299.02
205.73
205.73
298.39
232.65
232.65
1809.18
182.71
182.71
11.54
11.54
287.19
287.19
572.80
572.80
78.28
234.92
234.92
200.24
200.24
14.99
659.63
659.63
328.08
104.54
104.54
738.28
738.28
1321.44
266.58
266.58
1818.73
1818.73
621.53
1371.20
1371.20
1247.15
1247.15
787.17
787.17
885.17
885.17
166.05
166.05
541.68
541.68
541.68
1513.95
1513.95
1513.95
16.68
16.68
16.68
118.50
118.50
90.38
90.38
115.14
73.83
73.83
73.83
163.99
163.99
18.33
18.33
18.33
18.33
18.33
18.33
424.88
424.88
80.25
80.25
139.10
139.10
139.10
72.35
72.35
217.72
217.72
10.00
205.64
1252.08
1252.08
1389.63
1389.63
807.59
807.59
807.59
807.59
100.91
1845.99
1845.99
105.06
105.06
1359.16
89.02
89.02
1689.36
1689.36
1419.70
1419.70
10.00
10.00
1366.94
1366.94
1366.94
980.94
1546.38
32.45
1271.87
1271.87
41.67
163.42
163.42
163.42
656.46
927.73
927.73
927.73
120.03
120.03
120.03
120.03
116.85
116.85
116.85
116.85
49.84
49.84
49.84
49.84
332.30
332.30
332.30
51.09
51.09
1108.40
1108.40
1108.40
50.45
1055.67
1055.67
1968.29
1968.29
50.43
50.43
1472.03
789.08
789.08
1575.14
1701.33
907.26
513.85
513.85
672.79
672.79
107.11
107.11
19.92
19.92
167.04
167.04
167.04
1001.21
1001.21
1001.21
540.94
540.94
540.94
582.79
582.79
26.42
26.42
26.42
26.42
26.42
460.50
460.50
460.50
460.50
216.77
216.77
1085.27
1085.27
907.93
907.93
1394.22
1138.48
1138.48
791.44
1578.31
1578.31
15.09
15.09
1526.21
1144.13
1137.72
1137.72
22.38
219.39
219.39
341.07
341.07
341.07
1339.94
1339.94
1339.94
80.42
80.42
80.42
114.38
114.38
15.15
47.27
1231.69
1231.69
89.24
89.24
89.24
89.24
1241.89
1241.89
1241.89
1241.89
157.92
157.92
157.92
1281.30
372.23
372.23
372.23
784.19
784.19
247.76
247.76
1392.80
1137.94
1137.94
1137.94
681.33
611.62
611.62
545.62
439.02
1115.27
164.16
164.16
1903.85
1903.85
501.35
501.35
1103.65
1103.65
240.91
1609.78
115.94
115.94
115.94
1817.73
119.37
119.37
662.20
662.20
662.20
312.10
312.10
312.10
312.10
38.73
38.73
38.73
137.48
137.48
137.48
1075.77
1075.77
1405.54
1405.54
1405.54
168.75
168.75
168.75
168.75
1509.19
1509.19
974.10
398.83
398.83
1460.78
25.91
25.91
1530.11
1469.00
1469.00
1378.02
1378.02
140.97
140.97
306.42
306.42
424.78
424.78
424.78
893.32
893.32
893.32
309.03
1269.38
29.33
29.33
29.33
1225.11
1225.11
397.63
397.63
730.33
730.33
909.24
909.24
150.18
150.18
251.73
251.73
1204.01
32.99
32.99
543.23
1453.14
1207.39
1207.39
38.61
38.61
1706.85
1706.85
90.58
933.05
933.05
99.04
99.04
1442.95
1442.95
1442.95
1442.95
226.74
226.74
1613.76
1749.62
1749.62
1749.62
10.00
10.00
10.00
1676.16
510.49
510.49
1495.68
598.88
1568.58
125.66
1734.02
1264.37
1264.37
1146.11
1146.11
2033.06
2033.06
1259.54
1259.54
1596.59
1596.59
356.51
356.51
916.81
916.81
1018.23
1018.23
54.14
54.14
1612.60
1612.60
1237.67
1237.67
146.51
146.51
1568.02
1568.02
589.09
589.09
1219.27
1219.27
49.58
49.58
1166.53
1166.53
14.43
14.43
160.53
160.53
1310.81
1310.81
1083.99
1083.99
55.59
55.59
10.00
10.00
1861.64
1861.64
519.18
519.18
821.19
821.19
62.75
62.75
552.53
552.53
1297.21
1297.21
1554.25
1554.25
1086.24
1086.24
1518.51
1518.51
1518.51
1518.51
976.53
976.53
822.27
822.27
1208.14
1208.14
1098.66
1098.66
1900.65
1900.65
317.37
317.37
159.34
159.34
964.27
964.27
988.34
988.34
660.23
660.23
863.84
863.84
995.45
995.45
1003.63
1003.63
932.85
932.85
635.52
635.52
1797.15
1797.15
1100.71
1100.71
1527.27
1527.27
929.98
929.98
923.23
923.23
379.28
379.28
63.81
63.81
64.49
64.49
1124.26
1124.26
646.40
646.40
980.06
980.06
803.51
803.51
1185.51
1185.51
142.44
142.44
542.19
542.19
107.04
107.04
1599.69
1599.69
1599.69
1599.69
10.00
10.00
1228.82
1228.82
82.37
82.37
1449.13
1449.13
1416.88
1416.88
1726.63
1726.63
1117.34
1117.34
1326.71
1326.71
54.62
54.62
1116.14
1116.14
182.04
182.04
286.38
286.38
1296.33
1296.33
10.00
10.00
625.12
625.12
47.46
47.46
1040.22
1040.22
917.97
917.97
859.13
859.13
1538.34
1538.34
813.38
813.38
813.38
76.18
76.18
76.18
76.18
868.86
868.86
868.86
2087.36
2087.36
104.24
154.61
154.61
160.92
160.92
331.44
331.44
331.44
331.44
10.00
10.00
10.00
10.00
10.00
146.15
146.15
146.15
146.15
17.36
17.36
158.99
158.99
137.26
490.04
1523.73
246.69
246.69
246.69
868.30
868.30
868.30
60.88
60.88
117.95
117.95
1756.21
1148.85
662.86
662.86
1316.38
1331.26
1331.26
529.70
1501.21
1501.21
10.00
10.00
1599.77
32.12
32.12
312.69
312.69
72.79
72.79
72.79
72.79
34.32
34.32
34.32
34.32
34.32
780.67
780.67
780.67
780.67
559.52
559.52
1068.49
1068.49
10.00
10.00
1722.10
32.16
32.16
10.00
1917.88
1095.94
1527.22
1527.22
1524.86
564.12
205.54
157.94
157.94
325.69
325.69
885.69
885.69
26.45
26.45
26.45
346.18
346.18
673.60
673.60
819.74
819.74
1292.13
1292.13
117.66
235.32
66.62
66.62
344.15
344.15
344.82
344.82
771.54
771.54
182.07
32.20
32.20
32.20
32.20
120.61
120.61
120.61
120.61
27.10
27.10
27.10
88.12
88.12
88.12
88.12
77.08
77.08
77.08
413.80
413.80
13.07
13.07
964.82
251.58
1320.86
1320.86
874.81
874.81
1256.47
1256.47
1256.47
61.46
61.46
38.10
38.10
22.17
22.17
213.48
213.48
213.48
213.48
76.21
76.21
76.21
76.21
10.00
634.23
634.23
872.43
872.43
1160.81
1160.81
484.74
484.74
127.49
37.31
1157.97
1157.97
382.42
382.42
130.72
130.72
1174.51
962.98
1556.30
372.62
372.62
372.62
153.11
153.11
107.39
107.39
323.95
323.95
148.35
148.35
1239.21
1239.21
1368.31
1368.31
513.91
513.91
276.25
276.25
1393.85
621.71
1035.97
1486.50
1863.74
1863.74
1163.22
1163.22
1766.11
1766.11
1630.41
1630.41
286.35
286.35
10.00
10.00
661.45
661.45
1230.56
1230.56
801.59
801.59
1252.46
1252.46
1557.73
1557.73
1229.69
1229.69
104.34
104.34
95.51
95.51
1681.16
1681.16
330.28
330.28
1226.63
1226.63
1662.08
1662.08
84.27
84.27
105.64
105.64
144.90
144.90
1621.89
1621.89
1614.08
1614.08
30.04
30.04
144.07
144.07
412.55
412.55
10.50
10.50
17.38
17.38
17.38
17.38
128.20
128.20
128.20
128.20
128.20
1739.75
1739.75
1739.75
1739.75
1739.75
103.66
103.66
176.02
75.27
468.67
468.67
1560.44
1560.44
133.28
133.28
231.78
231.78
231.78
1089.75
516.76
516.76
516.76
1653.29
1653.29
1653.29
616.23
616.23
326.06
326.06
10.00
1734.69
1853.09
1853.09
38.80
10.00
10.00
125.75
125.75
1510.52
1510.52
995.78
995.78
565.98
1132.94
23.98
23.98
23.98
10.00
10.00
1551.86
1551.86
1551.86
830.52
830.52
830.52
1731.39
1731.39
179.20
179.20
662.72
91.31
91.31
225.77
225.77
630.73
1277.12
1277.12
1237.79
1237.79
10.00
10.00
779.37
779.37
1338.40
1338.40
1484.63
1484.63
501.75
501.75
1141.16
1141.16
100.26
100.26
1629.22
1629.22
946.95
946.95
761.07
761.07
1628.22
1628.22
1769.91
1769.91
64.52
64.52
778.08
778.08
1186.02
1186.02
596.02
596.02
1027.58
1027.58
1128.95
1128.95
1364.94
1364.94
1674.03
1674.03
1567.12
1567.12
1141.05
1141.05
93.45
93.45
734.05
734.05
821.22
821.22
857.78
857.78
354.92
354.92
1113.01
1113.01
1633.20
1633.20
1601.45
1601.45
65.37
65.37
1423.10
1423.10
700.69
700.69
1513.16
1513.16
1859.05
1859.05
1507.97
1507.97
1004.06
1004.06
1458.68
1458.68
1489.62
1489.62
185.89
185.89
42.69
42.69
1487.58
1487.58
1805.29
1805.29
1791.72
1791.72
937.91
937.91
1647.51
1647.51
1442.14
1442.14
245.62
245.62
1576.89
1576.89
1142.39
1142.39
18.20
18.20
1251.22
1251.22
311.70
311.70
311.70
173.85
27.05
27.05
1236.43
1236.43
1011.15
1011.15
1283.43
1283.43
397.84
397.84
639.33
639.33
1554.92
1554.92
927.04
927.04
1106.88
1106.88
1301.40
1301.40
1065.66
1065.66
779.89
779.89
430.19
430.19
626.47
626.47
385.81
385.81
22.28
22.28
22.28
22.28
1557.53
1557.53
12.18
1600.71
1600.71
699.81
464.57
464.57
259.01
259.01
259.01
1987.53
1987.53
1987.53
1987.53
995.65
995.65
995.65
995.65
120.96
120.96
14.73
14.73
704.30
704.30
704.30
704.30
15.82
15.82
15.82
10.00
10.00
70.39
70.39
48.15
48.15
1088.48
1088.48
485.91
485.91
673.29
107.92
107.92
137.93
629.27
629.27
1434.16
1434.16
1434.16
15.41
15.41
15.41
18.80
18.80
18.80
1390.74
1390.74
36.10
36.10
11.63
11.63
11.63
556.95
556.95
556.95
556.95
18.58
18.58
18.58
10.00
10.00
678.99
174.89
174.89
133.49
133.49
1496.86
1496.86
958.77
958.77
179.06
1379.45
1379.45
1235.23
530.15
24.77
1579.23
1579.23
1579.23
678.29
678.29
678.29
267.94
371.80
371.80
371.80
931.47
931.47
215.75
215.75
215.75
142.74
142.74
32.67
32.67
26.40
26.40
1384.37
1384.37
345.97
345.97
33.59
33.59
33.59
14.48
14.48
92.93
92.93
92.93
126.76
126.76
708.34
708.34
1082.92
1082.92
194.25
194.25
307.09
225.89
225.89
1093.00
673.99
673.99
616.23
48.65
48.65
177.56
177.56
70.61
70.61
70.61
261.08
68.13
68.13
1094.07
1094.07
1094.07
1094.07
1094.07
48.65
48.65
48.65
48.65
97.46
1359.12
322.06
322.06
464.56
464.56
47.13
47.13
831.25
831.25
694.90
1110.61
1110.61
98.10
98.10
24.43
486.35
62.74
62.74
1088.56
1088.56
1088.56
1003.14
1003.14
135.19
135.19
195.95
195.95
251.93
134.44
134.44
300.36
300.36
26.20
26.20
188.25
92.51
431.53
145.38
145.38
195.60
195.60
195.60
369.52
369.52
369.52
32.63
32.63
1370.11
1370.11
1370.11
1370.11
1370.11
587.78
587.78
587.78
834.94
834.94
427.72
427.72
137.30
918.40
918.40
1752.36
1752.36
336.82
336.82
628.06
628.06
1368.59
1484.57
1065.74
1065.74
1223.47
1223.47
1818.29
1818.29
899.55
234.66
570.05
570.05
467.37
1315.32
1315.32
785.34
866.59
866.59
866.59
1224.22
1224.22
1179.78
1179.78
815.35
815.35
52.49
52.49
353.13
353.13
256.58
256.58
168.96
168.96
168.96
168.96
1559.69
1559.69
1559.69
10.00
10.00
1555.41
1555.41
352.80
941.90
287.08
918.21
918.21
1243.67
1243.67
1097.52
1097.52
658.85
658.85
658.85
97.96
97.96
97.96
774.74
774.74
774.74
774.74
731.47
731.47
731.47
731.47
1072.59
1072.59
1072.59
14.47
1909.36
1383.49
1383.49
1383.49
903.21
903.21
617.87
617.87
1485.07
1485.07
68.98
68.98
1200.99
1200.99
205.37
90.74
1832.63
1832.63
1832.63
1832.63
1153.29
1153.29
1153.29
1153.29
1245.95
1245.95
812.69
812.69
1351.45
1351.45
461.29
461.29
461.29
162.84
162.84
674.48
674.48
674.48
199.38
68.71
68.71
68.71
68.71
62.88
62.88
62.88
418.13
364.43
655.01
655.01
655.01
144.34
144.34
144.34
1442.93
1442.93
30.50
30.50
281.41
85.23
85.23
170.37
170.37
688.72
1383.98
1383.98
1383.98
1383.98
1065.55
1065.55
1065.55
1065.55
10.00
10.00
10.00
329.62
329.62
870.84
1405.75
1405.75
2018.76
616.44
616.44
705.63
705.63
705.63
54.53
40.70
40.70
414.62
414.62
471.38
12.17
12.17
491.18
491.18
604.54
604.54
604.54
16.80
405.56
405.56
343.12
109.45
109.45
1110.18
1110.18
150.14
150.14
630.49
630.49
695.50
695.50
253.79
253.79
25.94
25.94
29.50
29.50
145.26
318.23
1271.10
1717.96
1717.96
1717.96
1717.96
1717.96
1071.06
1071.06
1071.06
1201.02
1201.02
1201.02
1074.18
1074.18
24.75
24.75
24.75
1473.73
1473.73
497.28
946.66
552.37
552.37
552.37
552.37
79.79
79.79
79.79
300.08
300.08
300.08
423.70
423.70
204.63
590.50
590.50
577.09
577.09
505.01
702.09
444.62
444.62
719.28
1043.97
1043.97
165.90
165.90
63.75
63.75
594.34
626.16
626.16
626.16
71.92
71.92
576.01
576.01
603.86
603.86
470.98
470.98
507.99
507.99
158.83
158.83
158.83
727.33
727.33
752.80
752.80
1520.48
770.71
770.71
770.71
21.62
21.62
24.38
24.38
10.00
10.00
10.00
596.33
596.33
43.21
43.21
957.12
957.12
917.46
550.21
212.71
212.71
212.71
876.77
25.80
25.80
21.41
21.41
21.41
386.51
386.51
386.51
773.35
773.35
824.49
21.45
21.45
819.11
1012.10
1012.10
269.06
593.90
250.03
29.84
29.84
277.64
398.09
808.36
808.36
20.44
20.44
365.21
211.84
211.84
595.13
595.13
595.13
924.22
924.22
220.84
220.84
220.84
1221.06
1221.06
10.00
10.00
1150.38
1150.38
1002.80
1002.80
1002.80
307.91
307.91
307.91
139.18
139.18
139.18
88.59
88.59
88.59
649.53
649.53
649.53
507.65
507.65
57.80
57.80
161.83
161.83
161.83
291.95
291.95
297.96
297.96
10.00
10.00
457.73
457.73
457.73
116.51
116.51
116.51
29.40
855.05
855.05
855.05
472.83
472.83
50.62
776.70
776.70
148.17
148.17
89.84
89.84
15.79
171.78
171.78
781.71
781.71
10.00
77.13
77.13
41.91
41.91
272.41
272.41
272.41
33.96
243.94
243.94
27.99
27.99
157.13
157.13
157.13
234.06
234.06
234.06
308.90
71.85
71.85
71.85
31.12
31.12
55.00
55.00
345.59
771.64
771.64
965.85
965.85
10.00
10.00
10.00
10.00
10.00
10.00
10.67
10.67
10.67
10.67
271.39
71.94
71.94
113.12
113.12
12.45
12.45
52.89
52.89
1032.73
28.85
28.85
609.44
609.44
805.75
785.02
387.49
387.49
387.49
10.15
307.25
307.25
460.01
460.01
460.01
673.27
673.27
943.78
625.73
429.11
1029.77
1029.77
96.27
96.27
771.53
771.53
646.38
646.38
646.38
686.57
686.57
842.59
842.59
1001.57
1001.57
10.00
10.00
10.00
101.60
101.60
101.60
447.76
447.76
526.70
526.70
526.70
35.51
35.51
60.96
934.86
934.86
18.10
18.10
1058.17
1058.17
1195.91
1195.91
1195.91
596.42
596.42
150.68
632.40
632.40
27.19
347.32
347.32
347.32
295.02
295.02
295.02
538.12
538.12
90.30
90.30
90.30
22.53
22.53
22.53
22.53
22.53
20.82
20.82
20.82
14.39
14.39
14.39
557.51
229.10
445.82
445.82
445.82
714.94
714.94
714.94
95.46
95.46
56.48
243.55
243.55
390.34
390.34
669.85
719.14
719.14
938.20
938.20
770.58
667.46
887.79
887.79
431.92
1093.93
1093.93
293.44
293.44
74.94
90.52
90.52
90.52
689.84
689.84
689.84
715.51
144.80
144.80
144.80
913.16
913.16
913.16
518.35
518.35
46.73
46.73
46.73
18.88
18.88
18.88
386.78
386.78
379.51
379.51
488.32
488.32
36.52
36.52
36.52
39.87
121.99
121.99
121.99
84.97
84.97
78.42
207.63
207.63
340.16
340.16
340.16
276.10
276.10
70.53
70.53
612.73
612.73
674.73
634.52
634.52
10.00
590.97
590.97
89.88
118.72
538.22
766.47
940.73
940.66
940.66
1180.71
1148.16
1148.16
1052.17
1052.17
227.49
227.49
830.49
830.49
548.67
548.67
654.28
654.28
654.28
654.28
49.53
49.53
120.91
120.91
1142.89
1142.89
714.86
714.86
1137.39
1137.39
1535.71
1535.71
1415.55
1415.55
1144.42
1144.42
1366.71
1366.71
1688.01
1688.01
188.38
188.38
1163.83
1163.83
1513.36
1513.36
710.92
710.92
1195.99
1195.99
260.74
260.74
36.18
36.18
658.54
658.54
582.08
582.08
1145.66
1145.66
833.36
833.36
646.71
646.71
1436.16
1436.16
1007.64
1007.64
1190.68
1190.68
613.96
613.96
1414.81
1414.81
1238.04
1238.04
1061.81
1061.81
1923.61
1923.61
1191.23
1191.23
955.59
955.59
82.63
82.63
233.10
233.10
233.10
233.10
652.97
652.97
216.22
216.22
1199.90
1199.90
61.06
61.06
1352.12
1352.12
41.57
41.57
1094.97
1094.97
58.98
58.98
855.17
855.17
891.31
891.31
1050.58
1050.58
408.35
408.35
1629.40
1629.40
17.47
17.47
1145.05
1145.05
85.27
85.27
1543.22
1543.22
220.14
220.14
1262.04
1262.04
1262.04
1262.04
1166.74
1166.74
1096.34
1096.34
1445.69
1445.69
1466.60
1466.60
409.02
409.02
424.23
424.23
424.23
424.23
692.99
692.99
63.65
63.65
756.49
756.49
756.49
756.49
434.86
434.86
10.00
10.00
584.00
584.00
1292.38
1292.38
94.61
94.61
701.34
701.34
974.85
974.85
1258.51
1258.51
1553.12
1553.12
1187.57
1187.57
1100.07
1100.07
991.62
991.62
789.98
789.98
649.34
649.34
1280.82
1280.82
95.51
95.51
95.51
44.63
44.63
654.76
10.00
10.00
10.00
48.81
48.81
48.81
219.83
219.83
10.00
10.00
10.00
683.65
683.65
683.65
683.65
150.87
150.87
1231.64
1241.45
1241.45
1241.45
39.61
97.65
97.65
1400.54
1110.09
1394.15
1394.15
828.46
828.46
702.96
702.96
638.33
638.33
687.09
687.09
538.79
538.79
179.93
179.93
337.73
337.73
614.94
614.94
716.44
716.44
716.44
1101.55
1684.19
1684.19
1496.45
1496.45
588.91
588.91
888.43
888.43
509.10
509.10
1320.39
1320.39
1504.93
1504.93
113.20
113.20
370.34
370.34
311.26
311.26
311.26
514.02
655.60
655.60
655.60
890.70
923.16
923.16
923.16
668.50
668.50
74.71
74.71
16.64
43.23
43.23
631.78
631.78
884.37
884.37
884.37
43.17
43.17
1257.52
1257.52
914.94
914.94
404.56
404.56
742.24
742.24
638.90
638.90
20.98
20.98
33.56
33.56
1379.76
1379.76
10.00
10.00
11.02
11.02
87.27
87.27
973.57
973.57
1707.95
1707.95
94.04
94.04
607.10
607.10
1348.46
1348.46
262.06
262.06
193.11
193.11
106.89
106.89
1234.41
1234.41
55.68
55.68
40.22
40.22
104.91
104.91
105.90
105.90
760.99
760.99
867.36
867.36
1106.66
1106.66
56.40
56.40
1206.71
1206.71
57.95
57.95
457.57
457.57
457.57
425.58
425.58
657.51
970.79
970.79
865.48
865.48
865.48
865.48
36.13
36.13
36.13
362.91
362.91
964.51
452.24
452.24
1146.86
1146.86
1305.85
1305.85
236.97
236.97
204.38
204.38
1143.98
1143.98
160.83
160.83
1326.87
1326.87
1326.87
1326.87
59.42
59.42
155.16
155.16
10.96
10.96
588.34
588.34
38.09
1000.41
1000.41
1000.41
578.25
578.25
277.36
277.36
1041.93
1041.93
560.40
560.40
204.42
204.42
151.40
151.40
902.36
902.36
1012.02
1012.02
1022.68
1022.68
763.83
763.83
10.00
10.00
143.63
143.63
533.59
533.59
269.41
269.41
436.74
436.74
515.89
515.89
138.83
138.83
270.75
270.75
396.82
396.82
568.57
568.57
450.13
450.13
10.00
10.00
730.57
730.57
353.15
353.15
758.57
758.57
515.99
515.99
343.30
343.30
1016.47
1016.47
1068.15
1068.15
1322.68
1322.68
1379.95
1379.95
633.01
633.01
21.23
21.23
26.82
26.82
33.71
33.71
146.19
146.19
867.96
867.96
486.55
486.55
284.04
284.04
812.50
812.50
812.50
118.89
118.89
716.99
716.99
716.99
846.62
846.62
131.95
131.95
1619.32
1619.32
133.21
133.21
253.81
1297.54
188.67
188.67
1015.41
1015.41
479.48
479.48
10.00
10.00
362.36
362.36
35.26
35.26
625.40
625.40
1481.84
1481.84
535.51
535.51
14.78
14.78
377.12
377.12
1063.83
1063.83
1268.75
1268.75
1101.66
1101.66
101.75
101.75
314.44
314.44
12.91
12.91
1517.41
1517.41
811.79
811.79
54.28
54.28
644.68
644.68
22.59
22.59
599.95
599.95
286.65
286.65
610.64
610.64
1191.92
1191.92
75.04
75.04
1245.13
1245.13
10.00
10.00
78.51
78.51
1154.79
1154.79
738.44
738.44
40.44
40.44
98.62
98.62
111.23
111.23
532.46
532.46
708.96
708.96
83.57
83.57
1183.08
1183.08
146.96
146.96
65.54
65.54
1182.76
1182.76
38.39
38.39
829.99
829.99
473.02
473.02
1257.23
1257.23
1009.64
1009.64
1009.64
1009.64
1092.80
1092.80
914.68
914.68
461.33
461.33
461.33
461.33
10.41
10.41
10.00
10.00
12.03
12.03
102.46
102.46
578.22
578.22
593.49
593.49
692.88
692.88
418.78
418.78
1006.54
1006.54
986.28
986.28
2069.42
2069.42
1049.98
1049.98
1479.81
1479.81
813.73
813.73
1448.61
1448.61
1482.27
1482.27
1639.85
1639.85
946.39
946.39
1356.32
1356.32
1128.45
1128.45
1710.92
1710.92
22.23
22.23
76.54
76.54
346.91
346.91
1617.32
1617.32
384.61
384.61
1061.41
1061.41
673.75
673.75
405.53
405.53
190.15
190.15
593.78
593.78
83.29
83.29
434.84
434.84
481.74
481.74
92.90
92.90
889.86
889.86
759.78
759.78
1330.24
1330.24
754.75
754.75
1133.33
1133.33
808.35
808.35
59.40
59.40
10.00
10.00
228.22
228.22
679.00
679.00
1133.13
1133.13
628.48
628.48
281.66
281.66
1573.30
1573.30
86.95
86.95
1045.46
1045.46
713.68
713.68
713.68
713.68
713.68
713.68
713.68
713.68
117.38
117.38
24.44
24.44
43.26
43.26
136.66
136.66
665.79
665.79
632.85
632.85
632.85
41.55
41.55
754.24
166.73
166.73
57.84
57.84
95.10
95.10
1094.77
1094.77
112.13
112.13
750.67
750.67
988.96
988.96
1464.62
1464.62
1237.08
1237.08
712.41
712.41
1455.91
1455.91
284.14
284.14
476.26
476.26
672.84
672.84
720.62
720.62
1071.48
1071.48
1079.19
1079.19
571.65
571.65
1247.42
1247.42
1588.96
1588.96
104.10
104.10
42.41
42.41
42.41
42.41
42.41
276.04
276.04
276.04
276.04
86.15
86.15
86.15
86.15
10.51
847.41
847.41
847.41
141.75
529.98
529.98
529.98
529.98
1405.42
836.76
18.03
144.99
1250.77
1250.77
13.45
13.45
15.27
15.27
203.50
203.50
203.50
174.89
365.84
365.84
255.50
255.50
294.21
294.21
1049.30
1049.30
309.30
309.30
874.98
874.98
55.98
55.98
55.98
56.49
56.49
981.42
981.42
1362.78
511.40
511.40
796.82
796.82
564.86
564.86
564.86
78.44
78.44
78.44
302.98
302.98
302.98
1095.64
1095.64
1095.64
1234.71
1234.71
1966.65
1966.65
1029.72
1248.79
353.76
1078.61
10.91
10.91
398.32
398.32
1361.39
1361.39
90.47
90.47
135.78
135.78
22.98
22.98
505.87
505.87
1097.09
1097.09
1097.09
162.77
162.77
162.77
10.00
10.00
10.00
10.00
130.81
130.81
130.81
130.81
207.69
1027.11
241.77
241.77
25.32
25.32
25.39
636.56
824.05
824.05
824.05
824.05
64.23
64.23
64.23
179.31
179.31
73.06
73.06
73.06
73.06
73.06
73.06
10.69
10.69
10.69
10.69
621.10
621.10
621.10
621.10
16.66
225.03
225.03
1373.01
1373.01
1120.49
1120.49
109.06
109.06
142.28
787.33
163.13
163.13
110.43
104.46
1386.82
1386.82
106.32
106.32
442.48
156.29
156.29
10.00
124.45
124.45
234.06
1616.34
22.34
22.34
86.64
86.64
82.25
82.25
94.85
94.85
22.93
22.93
11.79
11.79
2045.63
2045.63
369.74
369.74
50.29
50.29
1322.07
1322.07
129.50
129.50
41.97
41.97
115.57
115.57
23.14
23.14
1364.95
1364.95
105.35
105.35
782.38
782.38
10.00
10.00
40.89
40.89
28.96
28.96
311.42
311.42
82.46
82.46
1525.20
1525.20
13.11
13.11
1625.58
1625.58
139.94
139.94
1096.12
1096.12
23.04
23.04
1038.15
1038.15
19.75
19.75
36.40
36.40
536.46
536.46
1143.92
1143.92
15.06
15.06
1285.81
1285.81
570.61
570.61
476.60
476.60
1319.25
1319.25
180.15
180.15
675.38
675.38
474.22
474.22
58.44
58.44
553.01
553.01
480.38
480.38
855.99
855.99
344.77
344.77
461.38
461.38
190.70
190.70
103.81
103.81
103.81
551.91
551.91
670.82
670.82
670.82
393.50
393.50
805.74
185.90
185.90
13.04
13.04
868.56
868.56
868.56
912.32
30.01
292.82
292.82
125.84
125.84
1525.71
1525.71
1458.06
1458.06
1821.48
1821.48
23.10
23.10
57.75
57.75
468.96
468.96
62.02
62.02
62.02
988.46
988.46
988.46
488.96
25.26
1651.10
1651.10
58.52
58.52
1378.83
1378.83
1479.12
1479.12
711.32
711.32
10.00
10.00
10.00
10.00
105.68
105.68
105.68
105.68
931.02
931.02
931.02
34.50
298.31
298.31
150.77
150.77
208.97
196.11
153.51
202.58
202.58
304.76
304.76
11.86
11.86
11.86
731.11
731.11
1104.47
1104.47
1104.47
1757.67
1757.67
422.89
422.89
444.64
444.64
653.96
91.91
91.91
112.77
112.77
813.50
813.50
813.50
81.49
174.04
174.04
730.08
730.08
46.16
46.16
19.93
19.93
1372.30
1372.30
41.65
41.65
1190.41
1190.41
906.72
906.72
470.13
470.13
423.54
423.54
19.97
19.97
816.04
816.04
115.75
115.75
1274.44
1274.44
37.69
37.69
1312.39
1312.39
21.18
21.18
667.48
667.48
1086.54
1086.54
742.81
742.81
10.00
10.00
427.10
427.10
1433.11
1433.11
14.37
14.37
702.95
702.95
421.17
421.17
26.58
26.58
50.34
50.34
651.63
651.63
10.09
10.09
227.57
227.57
621.31
621.31
41.61
41.61
627.48
627.48
1720.76
1720.76
194.69
194.69
145.75
145.75
16.65
16.65
1002.23
1002.23
61.92
61.92
1121.09
1121.09
653.71
653.71
1603.36
1603.36
549.74
549.74
597.86
597.86
1002.54
1002.54
814.64
814.64
681.83
681.83
1541.53
1541.53
1255.53
1255.53
604.17
604.17
733.34
733.34
10.00
10.00
595.61
595.61
595.61
595.61
1150.83
1150.83
19.89
19.89
972.07
972.07
440.07
440.07
34.68
34.68
443.52
443.52
122.24
122.24
1477.54
1477.54
74.25
74.25
1102.29
1102.29
538.31
538.31
633.65
633.65
763.22
763.22
540.98
540.98
1760.50
1760.50
992.45
992.45
268.61
268.61
1387.82
1387.82
36.95
36.95
1717.26
1717.26
218.14
218.14
10.00
10.00
525.30
525.30
10.30
10.30
10.30
136.52
136.52
136.52
1171.12
1171.12
1171.12
1262.73
1262.73
208.11
208.11
351.84
1414.98
93.00
93.00
272.51
272.51
16.85
16.85
899.07
899.07
781.61
781.61
211.56
211.56
37.80
37.80
196.36
196.36
17.08
17.08
39.68
39.68
1624.18
1624.18
77.94
77.94
1188.18
1188.18
534.12
534.12
1360.35
1360.35
1532.20
1532.20
14.74
14.74
10.00
10.00
10.00
466.00
466.00
138.41
138.41
138.41
410.50
410.50
1492.16
1363.48
1363.48
1363.48
10.00
10.00
307.08
307.08
1110.83
1110.83
289.15
1484.61
1484.61
184.87
184.87
102.14
102.14
102.14
13.76
13.76
1427.05
1427.05
814.08
814.08
1261.02
27.29
27.29
1006.63
1006.63
1128.14
884.13
1362.31
1362.31
1362.31
588.92
588.92
474.30
474.30
270.65
270.65
175.71
175.71
1235.58
1235.58
923.25
923.25
32.13
32.13
1345.20
169.94
169.94
169.94
902.85
902.85
1054.71
1054.71
209.09
209.09
50.82
50.82
81.82
81.82
529.79
529.79
239.55
239.55
108.04
108.04
233.45
233.45
86.17
86.17
86.17
43.96
43.96
43.96
43.96
43.96
52.03
53.64
53.64
821.32
821.32
821.32
821.32
821.32
550.56
550.56
550.56
550.56
550.56
550.56
44.09
44.09
44.09
690.96
690.96
14.60
14.60
222.15
140.27
140.27
60.88
159.80
187.11
225.88
11.01
11.01
11.01
143.41
114.53
114.53
119.77
119.77
1390.40
169.17
938.67
1317.12
12.58
12.58
946.16
946.16
383.32
383.32
1393.94
1393.94
528.84
528.84
69.80
69.80
60.92
60.92
64.91
64.91
55.52
55.52
524.44
524.44
34.21
34.21
490.18
490.18
387.34
387.34
782.81
782.81
427.34
427.34
521.67
521.67
1267.03
1267.03
310.55
310.55
255.75
255.75
14.33
14.33
26.48
26.48
322.73
322.73
93.74
93.74
934.01
934.01
13.61
13.61
36.07
36.07
28.66
28.66
1468.92
1468.92
59.79
59.79
15.54
15.54
56.31
56.31
1006.77
1006.77
172.75
172.75
1540.60
1540.60
10.00
10.00
43.41
43.41
54.97
54.97
1160.23
1160.23
725.06
725.06
26.67
26.67
662.55
662.55
1747.04
1747.04
256.96
256.96
53.78
53.78
1745.80
1745.80
56.30
56.30
671.90
671.90
217.49
217.49
349.09
349.09
884.72
884.72
11.27
11.27
222.01
222.01
102.71
102.71
10.00
10.00
430.17
430.17
18.55
18.55
1757.91
1757.91
969.81
969.81
664.92
664.92
56.01
56.01
132.68
132.68
703.33
703.33
65.04
65.04
65.04
803.42
803.42
803.42
516.88
516.88
478.96
478.96
291.29
291.29
19.91
931.58
931.58
303.83
303.83
13.26
13.26
13.26
74.32
185.42
185.42
84.11
84.11
207.68
207.68
1050.99
1050.99
38.12
38.12
243.67
243.67
1063.63
1063.63
114.47
114.47
30.06
30.06
30.06
11.49
11.49
11.49
13.82
13.82
13.82
171.77
171.77
171.77
841.72
841.72
1524.27
1524.27
1524.27
1575.09
1575.09
736.72
358.26
26.98
26.98
1098.72
1098.72
34.91
34.91
80.14
80.14
104.61
104.61
949.91
949.91
949.91
99.44
99.44
99.44
643.92
643.92
643.92
643.92
643.92
1639.08
1639.08
1639.08
1639.08
183.76
183.76
10.00
10.00
70.26
70.26
77.23
77.23
671.38
671.38
790.80
790.80
683.56
683.56
581.88
581.88
1339.00
1339.00
1352.62
1352.62
1280.80
1913.18
1913.18
1312.20
1312.20
261.69
802.24
371.41
575.55
65.91
39.33
39.33
706.78
783.09
783.09
37.88
37.88
22.60
22.60
25.45
25.45
1469.15
1469.15
128.39
128.39
140.37
140.37
132.69
132.69
132.69
132.69
69.41
69.41
69.41
69.41
69.41
510.51
510.51
224.20
224.20
314.86
314.86
28.02
28.02
147.96
147.96
147.96
147.96
1891.58
1891.58
1891.58
597.48
597.48
616.04
616.04
616.04
147.60
147.60
1239.74
141.58
141.58
80.87
977.23
258.67
233.57
105.27
93.26
93.26
62.02
62.02
2073.07
2073.07
2073.07
955.63
955.63
955.63
653.31
1510.66
814.83
814.83
780.43
1979.80
1313.37
58.40
58.40
109.25
109.25
1696.78
1696.78
40.58
40.58
935.27
935.27
10.00
10.00
94.63
94.63
435.22
435.22
970.74
970.74
142.88
142.88
286.12
286.12
49.02
49.02
64.42
64.42
915.20
915.20
38.29
38.29
38.29
70.04
70.04
70.04
36.46
36.46
70.95
70.95
70.95
70.95
70.95
1367.25
1367.25
1367.25
1469.00
1469.00
1469.00
1469.00
1826.60
1826.60
187.86
82.80
82.80
296.24
287.06
31.50
31.50
50.18
50.18
50.18
264.28
264.28
264.28
20.63
20.63
20.63
121.21
121.21
63.12
63.12
1267.88
1267.88
1738.57
1738.57
1738.57
614.43
614.43
34.35
34.35
34.35
777.58
777.58
175.49
96.51
96.51
27.54
205.60
205.60
535.08
309.68
1677.67
1677.67
1677.67
1128.82
1128.82
1128.82
1128.82
499.50
499.50
13.46
19.34
19.34
202.06
202.06
1102.90
1665.40
909.01
20.13
88.77
88.77
236.46
306.01
282.14
282.14
22.60
22.60
752.89
752.89
654.63
654.63
262.98
262.98
274.43
274.43
274.43
126.29
126.29
126.29
126.29
197.23
197.23
197.23
197.23
10.00
10.00
10.00
10.00
10.00
504.62
504.62
504.62
102.69
152.62
152.62
14.43
14.43
14.43
755.63
948.56
312.52
312.52
312.52
312.52
78.72
78.72
78.72
127.73
127.73
127.73
42.48
285.61
285.61
285.61
10.00
10.00
41.52
41.52
41.52
822.77
192.83
594.59
594.59
1066.33
1066.33
43.95
43.95
652.04
198.34
701.96
191.68
191.68
250.98
121.18
121.18
121.18
915.46
915.46
341.52
341.52
1041.55
1041.55
51.76
51.76
51.76
244.21
244.21
43.87
43.87
1109.75
37.51
48.23
1324.61
1474.77
1474.77
1753.88
1753.88
1753.88
38.07
38.07
142.16
1180.76
1180.76
289.61
289.61
230.51
230.51
443.66
443.66
1059.10
1059.10
1059.10
138.42
138.42
346.12
346.12
547.13
155.83
155.83
1348.33
1307.80
1380.13
1380.13
614.04
614.04
66.13
66.13
730.64
730.64
271.22
271.22
648.89
648.89
648.89
1242.91
1242.91
233.68
1496.68
1496.68
566.28
566.28
805.81
805.81
53.51
53.51
228.95
228.95
920.56
920.56
146.66
146.66
638.15
638.15
730.62
730.62
358.07
358.07
648.45
648.45
648.45
1212.54
1789.50
1789.50
1621.91
1621.91
579.77
579.77
13.82
13.82
599.81
599.81
1325.20
1325.20
27.45
27.45
691.15
691.15
32.90
32.90
28.08
28.08
660.63
660.63
476.97
476.97
476.97
636.05
1759.80
1759.80
1759.80
1759.80
256.80
256.80
137.09
137.09
210.82
210.82
839.08
839.08
839.08
983.99
983.99
1357.61
1357.61
1472.37
1472.37
653.75
653.75
1745.16
1745.16
134.97
1370.90
1370.90
845.28
845.28
487.40
487.40
487.40
1155.09
1155.09
1155.09
1506.30
11.93
168.65
168.65
557.69
557.69
137.12
979.74
733.13
733.13
1452.08
1452.08
1452.08
10.43
71.00
71.00
617.72
617.72
1424.45
1424.45
836.99
836.99
13.17
13.17
269.49
269.49
1247.50
1247.50
1288.42
1288.42
824.64
824.64
1201.04
1201.04
1174.15
1174.15
590.75
590.75
1253.29
1253.29
790.57
790.57
1378.61
1378.61
10.00
10.00
1239.41
1239.41
25.73
25.73
698.47
698.47
1259.63
1259.63
134.01
134.01
1340.15
1340.15
14.51
14.51
30.96
30.96
1156.96
1156.96
400.90
400.90
39.74
39.74
195.14
195.14
792.03
792.03
1548.00
1548.00
89.69
89.69
456.42
456.42
1467.58
1467.58
189.15
189.15
431.67
431.67
62.60
62.60
1131.68
1131.68
194.84
194.84
531.30
531.30
165.73
165.73
168.23
168.23
168.23
20.01
17.06
17.06
951.51
951.51
1082.42
1082.42
1149.22
1149.22
11.22
11.22
23.27
23.27
690.69
690.69
347.14
347.14
1097.75
1097.75
429.96
429.96
32.74
32.74
494.11
494.11
66.76
66.76
394.31
394.31
199.86
199.86
1205.54
1205.54
172.30
172.30
24.14
24.14
1265.63
1265.63
947.64
947.64
460.35
460.35
262.58
262.58
816.03
816.03
616.85
616.85
616.85
20.48
51.32
51.32
1170.68
1170.68
850.05
850.05
776.61
776.61
570.31
570.31
19.05
19.05
696.74
696.74
1506.88
1506.88
1866.68
1866.68
1688.70
1688.70
1144.53
1144.53
1144.53
1144.53
26.24
26.24
26.24
26.24
26.24
26.24
26.24
296.68
296.68
296.68
186.33
186.33
44.90
44.90
497.63
497.63
55.93
55.93
631.86
631.86
21.53
598.77
598.77
427.12
173.21
155.26
155.26
720.67
720.67
109.28
109.28
109.28
140.59
140.59
140.59
578.55
578.55
578.55
196.26
196.26
691.73
691.73
64.58
64.58
1655.54
1655.54
1655.54
1655.54
142.77
142.77
750.64
750.64
113.28
63.81
63.81
76.22
76.22
107.30
1667.37
1315.40
807.41
807.41
1334.07
1334.07
1465.30
1147.81
1147.81
390.55
144.49
144.49
161.12
420.54
420.54
1568.97
1568.97
309.24
309.24
846.35
846.35
609.48
609.48
10.00
10.00
10.00
861.55
861.55
861.55
565.97
565.97
11.39
587.05
587.05
587.05
883.21
883.21
27.37
27.37
27.37
207.55
207.55
12.52
12.52
1538.62
272.25
272.25
67.73
56.65
39.77
39.77
593.75
593.75
160.02
160.02
16.23
16.23
16.23
16.23
33.34
33.34
33.34
33.34
33.34
33.34
92.82
92.82
92.82
92.82
92.82
677.66
677.66
14.12
14.12
128.12
83.04
277.43
137.32
113.88
113.88
455.01
351.23
351.23
351.23
351.23
507.57
507.57
576.23
576.23
576.23
408.32
408.32
408.32
786.23
786.23
786.23
30.54
365.15
365.15
518.57
518.57
10.00
1324.29
1324.29
1553.59
82.45
82.45
702.64
702.64
1741.07
594.67
594.67
13.22
768.24
362.62
56.49
780.05
780.05
58.27
58.27
58.27
58.27
10.00
10.00
10.00
270.79
270.79
270.79
272.60
272.60
272.60
272.60
761.28
761.28
761.28
97.75
97.75
97.75
34.54
34.54
22.76
22.76
185.93
185.93
198.48
198.48
817.97
817.97
727.93
727.93
727.93
107.37
107.37
82.04
82.04
36.83
36.83
1782.36
749.68
749.68
31.34
172.44
172.44
172.44
100.74
100.74
35.56
89.52
531.12
531.12
182.46
182.46
182.46
1828.51
922.61
922.61
922.61
19.22
19.22
425.58
425.58
161.78
44.69
44.69
911.24
911.24
911.24
10.00
10.00
32.19
32.19
1277.29
1277.29
1345.65
1345.65
89.09
1018.11
358.30
358.30
339.52
339.52
57.33
57.33
57.33
957.49
957.49
1265.74
1265.74
1265.74
31.48
31.48
31.48
1135.08
1038.86
1038.86
537.72
1826.78
708.18
448.47
92.81
92.81
958.97
958.97
860.40
860.40
101.19
101.19
18.56
18.56
738.04
738.04
74.52
74.52
896.49
896.49
1278.67
1278.67
249.02
249.02
16.21
16.21
27.00
27.00
676.92
676.92
663.28
663.28
40.30
40.30
932.21
932.21
744.73
744.73
11.55
11.55
816.25
816.25
98.92
98.92
1462.79
1462.79
1305.27
1305.27
21.94
21.94
688.64
688.64
315.71
315.71
570.93
570.93
73.16
73.16
77.90
77.90
40.48
40.48
1238.68
1238.68
160.59
160.59
670.14
670.14
546.78
546.78
647.82
647.82
1471.61
1471.61
769.48
769.48
379.77
379.77
920.89
920.89
527.11
527.11
205.17
205.17
809.68
809.68
125.56
125.56
65.75
65.75
1101.82
1101.82
1208.22
1208.22
113.30
113.30
100.64
100.64
1040.19
1040.19
68.89
68.89
1106.82
1106.82
1421.22
1421.22
437.10
437.10
1435.02
1435.02
588.80
588.80
254.60
254.60
1392.26
1392.26
1354.49
1354.49
565.00
565.00
1532.98
1532.98
1482.68
1482.68
960.64
960.64
121.77
121.77
196.44
196.44
1078.32
1078.32
856.19
856.19
788.28
788.28
172.98
172.98
89.50
89.50
97.64
97.64
213.13
213.13
52.43
52.43
25.86
25.86
594.21
594.21
548.31
548.31
1242.25
1242.25
78.36
78.36
727.42
727.42
1577.85
1577.85
24.32
24.32
24.32
931.62
931.62
675.35
675.35
675.35
30.69
30.69
30.69
10.00
10.00
973.41
973.41
54.33
1677.58
62.11
1631.76
1631.76
238.83
238.83
290.36
290.36
19.43
19.43
1311.93
1311.93
237.61
237.61
948.93
948.93
145.68
145.68
127.84
127.84
773.35
773.35
1439.07
1439.07
767.16
767.16
67.38
67.38
325.75
325.75
325.75
170.19
170.19
10.02
615.66
615.66
1870.56
1870.56
157.31
157.31
178.90
178.90
1468.79
1468.79
228.59
228.59
1723.37
1723.37
45.06
45.06
61.79
61.79
21.47
21.47
306.42
306.42
67.69
67.69
264.72
264.72
205.21
205.21
651.69
651.69
18.50
18.50
236.03
236.03
236.03
236.03
236.03
17.28
17.28
17.28
17.28
1580.49
1580.49
1580.49
1580.49
1580.49
30.09
406.55
406.55
570.23
76.21
32.51
32.51
103.33
103.33
43.32
43.32
301.69
301.69
301.69
896.03
194.10
194.10
1177.97
1177.97
170.56
1229.11
1229.11
979.95
979.95
1143.41
1143.41
80.42
80.42
80.42
267.13
1010.06
1010.06
121.97
121.97
130.36
130.36
1387.39
1387.39
1284.46
1284.46
641.56
641.56
18.27
18.27
874.18
874.18
1680.46
1680.46
40.36
40.36
22.11
22.11
1244.82
1244.82
20.37
20.37
85.70
85.70
85.70
49.04
49.04
49.04
10.00
10.00
158.56
158.56
158.56
267.07
267.07
267.07
146.29
146.29
146.29
15.26
15.26
1164.33
1164.33
13.99
13.99
13.99
128.14
128.14
128.14
584.75
584.75
62.11
62.11
20.79
20.79
546.23
546.23
173.13
173.13
161.34
161.34
128.82
128.82
288.12
288.12
1010.27
1010.27
1680.34
1680.34
508.64
508.64
39.30
39.30
39.30
517.18
517.18
13.06
10.00
10.00
37.95
1832.65
1832.65
1701.62
1337.19
16.74
311.09
311.09
311.09
311.09
11.50
11.50
10.00
10.00
110.03
110.03
110.03
29.59
29.59
29.59
357.65
206.54
206.54
206.54
118.72
118.72
29.20
29.20
29.20
1640.13
1640.13
1233.76
1233.76
112.16
112.16
105.57
1874.43
1874.43
1874.43
1874.43
17.43
17.43
238.44
784.53
176.88
122.28
67.09
111.50
988.94
988.94
791.69
791.69
37.67
37.67
151.55
151.55
294.48
294.48
138.36
138.36
138.36
114.13
114.13
322.90
322.90
1676.59
1757.18
1757.18
1378.44
1165.42
51.69
51.69
220.75
220.75
220.75
145.20
145.20
182.69
182.69
182.69
156.93
156.93
156.93
156.93
195.57
195.57
195.57
1039.44
1039.44
1039.44
59.63
59.63
59.63
59.63
10.00
10.00
10.00
95.85
95.85
95.85
47.04
47.04
47.04
819.42
819.42
1143.31
25.31
25.31
493.81
493.81
974.87
205.74
67.20
67.20
205.49
205.49
847.17
10.00
10.00
623.34
623.34
34.71
34.71
34.71
321.12
82.21
82.21
82.21
83.60
969.29
969.29
206.30
206.30
73.26
73.26
112.21
112.21
1084.07
1084.07
1071.12
1071.12
1115.58
1115.58
10.00
10.00
853.21
853.21
313.87
198.08
259.38
259.38
20.81
26.52
26.52
1124.60
1130.73
492.08
492.08
1181.34
1181.34
772.62
712.87
1986.96
1372.04
1372.04
76.27
76.27
76.27
10.00
10.00
414.89
995.67
995.67
16.38
16.38
16.38
16.38
16.38
1002.40
1002.40
1002.40
96.30
96.30
96.30
784.36
784.36
189.91
189.91
189.91
860.88
860.88
13.86
13.86
13.86
885.19
885.19
885.19
10.00
10.00
137.85
137.85
51.94
51.94
165.92
165.92
78.60
25.54
25.54
102.79
102.79
102.79
378.33
378.33
378.33
378.33
211.86
211.86
71.34
71.34
485.72
485.72
12.80
12.80
23.54
23.54
17.03
1055.05
159.91
75.11
279.70
755.87
755.87
1622.84
1622.84
237.25
237.25
237.25
90.16
523.74
523.74
252.46
89.56
89.56
58.13
58.13
58.13
1794.67
1794.67
1794.67
858.98
257.38
257.38
875.77
875.77
875.77
40.53
40.53
40.53
677.37
677.37
677.37
291.66
291.66
291.66
26.37
26.37
386.50
386.50
1004.73
1004.73
1150.54
1150.54
1150.54
25.17
25.17
377.08
377.08
1416.27
1655.51
531.93
531.93
46.42
46.42
39.33
131.67
912.90
912.90
1345.84
68.04
68.04
119.43
119.43
72.55
79.96
79.96
170.70
170.70
1352.32
1352.32
675.66
299.75
299.75
96.61
96.61
96.61
121.97
121.97
121.97
22.87
22.87
22.87
1024.52
267.08
267.08
334.80
334.80
1468.28
20.84
242.10
242.10
242.10
807.63
807.63
50.79
50.79
454.55
454.55
454.55
73.65
73.65
72.93
129.18
129.18
59.12
59.12
59.12
735.31
1716.35
841.55
31.59
31.59
733.41
733.41
171.41
587.81
587.81
188.11
188.11
91.35
532.47
532.47
70.11
70.11
232.87
232.87
991.00
991.00
226.59
226.59
658.40
658.40
987.98
987.98
32.79
32.79
222.39
222.39
18.14
18.14
57.48
57.48
181.59
181.59
181.59
558.77
558.77
210.75
210.75
488.19
488.19
1056.83
1056.83
74.42
74.42
490.64
490.64
351.08
351.08
1221.64
1286.67
1286.67
1286.67
1135.36
1135.36
75.85
75.85
45.22
45.22
1624.17
1624.17
781.20
781.20
92.83
92.83
92.83
95.20
95.20
95.20
10.00
10.00
10.00
1119.53
1119.53
431.58
431.58
598.75
598.75
696.65
696.65
1012.96
1012.96
1389.09
1389.09
1389.09
455.76
455.76
1261.56
1386.25
841.86
841.86
221.37
221.37
221.37
1181.13
293.85
293.85
80.76
80.76
881.09
881.09
165.43
165.43
159.18
159.18
159.18
78.28
54.74
54.74
1604.62
1604.62
1409.45
1409.45
234.36
234.36
529.75
529.75
497.59
497.59
497.59
63.61
63.61
128.69
128.69
128.69
10.00
10.00
13.07
13.07
13.07
10.00
10.00
10.00
10.00
10.00
10.00
10.00
10.00
10.00
10.00
78.32
78.32
78.32
85.99
85.99
100.15
100.15
556.53
556.53
30.36
30.36
1008.39
1008.39
61.88
238.60
238.60
376.19
934.60
48.02
48.02
48.02
76.55
76.55
111.87
111.87
10.00
10.00
341.68
341.68
341.68
14.04
14.04
10.00
936.00
936.00
51.01
51.01
49.31
49.31
132.76
132.76
520.37
520.37
78.06
78.06
60.28
60.28
1910.55
1910.55
2032.25
2032.25
1290.01
1290.01
1748.55
1748.55
1748.55
321.77
321.77
927.62
927.62
927.62
288.19
634.77
822.78
822.78
1208.51
979.57
13.29
380.82
1526.58
1491.23
1491.23
1715.72
35.10
35.10
35.10
698.00
698.00
698.00
74.66
74.66
624.08
624.08
624.08
838.45
838.45
838.45
273.92
273.92
273.92
88.89
177.51
598.67
348.40
190.12
190.12
66.98
1749.95
1749.95
716.73
716.73
1422.06
1422.06
173.24
173.24
115.53
115.53
10.00
10.00
1043.81
1043.81
1295.42
1295.42
72.43
72.43
32.18
32.18
817.38
817.38
582.83
582.83
229.24
229.24
414.60
414.60
13.20
13.20
13.20
275.74
275.74
275.74
599.45
599.45
617.46
617.46
10.76
10.76
172.11
172.11
151.31
477.97
36.32
36.32
1900.82
1900.82
678.97
678.97
329.52
329.52
53.02
53.02
1214.97
1214.97
718.19
718.19
10.00
10.00
229.41
229.41
505.18
505.18
1143.08
1143.08
71.84
71.84
1008.92
1008.92
1008.92
1008.92
69.02
69.02
66.46
66.46
987.30
987.30
906.22
906.22
243.77
243.77
797.20
797.20
1553.15
1553.15
462.72
462.72
462.72
462.72
374.91
374.91
374.91
1306.55
1306.55
1306.55
1306.55
1306.55
268.49
211.69
211.69
211.69
211.69
305.91
305.91
1564.29
1564.29
456.03
407.84
1044.74
184.17
603.50
603.50
603.50
556.33
556.33
426.18
426.18
426.18
265.70
737.48
737.48
1535.28
1535.28
1307.12
1307.12
1265.93
1265.93
1668.25
1668.25
141.74
141.74
503.17
503.17
1049.19
1049.19
663.14
663.14
559.29
559.29
127.80
127.80
18.75
18.75
53.54
53.54
81.09
81.09
189.00
189.00
118.03
118.03
48.43
48.43
285.11
285.11
461.23
461.23
10.00
10.00
362.13
362.13
82.61
82.61
865.69
865.69
424.65
424.65
10.00
10.00
718.94
718.94
718.94
718.94
10.00
10.00
1360.95
1360.95
70.48
70.48
891.10
891.10
823.56
823.56
823.56
823.56
10.00
10.00
26.30
26.30
26.30
97.49
97.49
97.49
931.09
931.09
931.09
1123.67
1123.67
86.31
86.31
409.46
409.46
991.25
991.25
119.96
119.96
119.96
119.96
119.96
10.00
10.00
10.00
10.00
63.81
63.81
63.81
639.54
1174.05
866.59
161.75
949.00
949.00
1424.50
1424.50
97.45
97.45
97.45
11.36
11.36
11.36
264.84
264.84
264.84
264.84
96.61
96.61
96.61
964.93
964.93
11.70
11.70
149.89
149.89
620.16
440.71
10.00
1108.95
1108.95
1108.95
1579.55
1987.86
1987.86
790.01
790.01
10.00
99.55
18.53
18.53
44.52
44.52
80.46
80.46
80.46
139.63
139.63
545.95
545.95
545.95
65.23
65.23
65.23
27.73
27.73
695.33
695.33
10.00
10.00
25.11
177.41
177.41
362.41
362.41
17.61
17.61
144.47
144.47
10.00
43.83
232.57
232.57
232.57
232.57
43.52
43.52
43.52
43.52
43.52
25.28
25.28
218.72
218.72
157.24
1517.65
1517.65
58.24
58.24
217.49
10.00
10.00
10.00
10.00
125.87
125.87
64.64
64.64
19.07
19.07
19.07
962.73
962.73
179.20
179.20
72.29
72.29
17.88
17.88
127.74
127.74
1183.50
1183.50
1183.50
165.99
165.99
67.06
67.06
10.00
10.00
242.73
242.73
81.08
81.08
81.08
108.31
114.35
114.35
785.68
1569.48
1569.48
1569.48
242.80
242.80
143.66
143.66
234.07
234.07
224.51
150.98
150.98
103.75
103.75
97.14
97.14
582.33
582.33
505.74
1552.49
1552.49
21.78
109.70
109.70
109.70
823.97
302.92
744.40
744.40
58.16
58.16
1247.68
1247.68
95.40
60.33
60.33
60.33
313.15
313.15
694.09
1389.88
1389.88
52.31
52.31
10.00
10.00
531.50
531.50
378.63
378.63
81.96
81.96
26.20
500.49
500.49
563.37
563.37
803.59
570.35
570.35
80.36
80.36
80.36
80.36
80.36
80.36
10.00
10.00
10.00
130.07
130.07
130.07
130.07
29.97
29.97
29.97
344.61
344.61
36.11
94.87
94.87
828.10
828.10
828.10
162.16
162.16
17.64
17.64
86.51
86.51
86.51
255.74
255.74
150.59
1551.99
1551.99
353.16
527.70
525.52
525.52
917.48
917.48
1622.82
1622.82
107.94
107.94
107.94
1194.04
63.88
228.50
1378.71
1378.71
1201.85
1201.85
417.64
417.64
1024.44
783.43
783.43
143.58
143.58
143.58
10.00
592.63
592.63
592.63
592.63
444.44
444.44
1329.31
1888.92
456.16
1184.25
1184.25
872.22
872.22
122.81
122.81
122.81
266.10
266.10
22.35
22.35
22.35
22.35
342.23
342.23
297.83
314.32
314.32
314.32
33.51
33.51
685.02
685.02
685.02
685.02
600.78
600.78
600.78
858.81
858.81
858.81
918.90
248.93
584.96
584.96
106.49
106.49
106.49
1399.03
344.60
43.77
1039.72
1039.72
158.39
158.39
158.39
373.08
373.08
153.06
153.06
1447.15
1447.15
1447.15
199.30
199.30
199.30
33.42
33.42
1522.53
1281.27
614.32
614.32
1154.62
196.39
495.58
2067.05
2067.05
137.18
137.18
1437.18
1437.18
678.23
678.23
423.94
423.94
423.94
79.14
79.14
79.14
79.14
79.14
79.14
81.63
1270.91
655.57
41.20
41.20
49.65
49.65
877.62
877.62
893.39
893.39
33.58
33.58
28.10
28.10
48.50
48.50
25.34
25.34
395.40
395.40
1340.95
1340.95
63.22
63.22
1054.54
1054.54
10.00
10.00
1108.22
1108.22
1108.22
436.04
189.06
189.06
96.72
96.72
352.48
352.48
30.95
30.95
10.00
10.00
15.74
15.74
15.74
15.74
223.80
17.43
17.43
10.00
10.00
10.00
327.38
327.38
48.02
48.02
67.64
67.64
1082.20
1082.20
337.69
337.69
10.00
10.00
10.00
10.00
27.22
27.22
27.22
129.34
1171.80
1171.80
1758.15
1758.15
1307.69
1307.69
480.18
480.18
1505.28
1505.28
614.47
614.47
1197.15
1197.15
900.18
900.18
737.15
737.15
1344.47
1344.47
41.37
41.37
95.12
95.12
1181.48
1181.48
1031.38
1031.38
1505.61
1505.61
85.05
85.05
10.00
10.00
68.18
68.18
106.57
106.57
174.21
174.21
222.53
222.53
31.82
31.82
119.78
119.78
31.07
31.07
1573.00
1573.00
90.02
90.02
799.89
799.89
1506.06
1506.06
1506.06
45.72
45.72
45.72
67.53
67.53
67.53
788.43
788.43
788.43
428.77
428.77
428.77
44.79
196.22
196.22
1634.14
77.23
1411.83
1411.83
50.23
410.08
410.08
165.39
73.73
73.73
759.77
759.77
395.17
395.17
395.17
12.14
12.14
1831.37
1831.37
174.34
174.34
735.92
735.92
735.92
12.82
12.82
393.05
393.05
119.14
119.14
10.00
10.00
10.00
1373.22
1373.22
1712.02
1712.02
1391.89
233.92
34.38
113.42
113.42
368.28
368.28
368.28
140.67
140.67
140.67
474.20
474.20
474.20
1080.21
1080.21
677.29
677.29
14.03
14.03
14.03
153.74
10.21
72.79
72.79
21.73
21.73
21.73
21.73
1819.25
1819.25
1004.81
1004.81
15.69
15.69
15.69
146.21
146.21
146.21
295.44
45.70
303.10
1793.56
1793.56
1615.51
44.28
40.20
78.88
78.88
477.88
477.88
934.37
934.37
934.37
150.70
150.70
150.70
55.45
55.45
168.60
830.30
830.30
830.30
286.50
286.50
286.50
286.50
10.00
121.00
121.00
121.00
121.00
121.00
121.00
121.00
64.25
64.25
95.59
95.59
95.59
33.02
33.02
262.64
262.64
172.25
172.25
172.25
85.18
50.43
50.43
50.43
30.58
30.58
10.00
10.00
14.10
14.10
42.35
42.35
42.35
76.25
81.12
81.12
36.50
36.50
210.09
64.01
64.01
1136.67
1136.67
95.26
95.26
612.57
612.57
460.89
834.83
680.76
680.76
108.14
108.14
456.73
456.73
125.03
125.03
101.44
151.34
151.34
1371.45
16.28
16.28
230.25
173.05
173.05
1555.38
1555.38
131.85
131.85
31.79
844.13
844.13
31.09
31.09
387.95
387.95
10.00
10.00
119.49
119.49
30.34
30.34
645.64
645.64
215.91
215.91
499.44
499.44
1147.69
1147.69
1151.00
1151.00
25.90
25.90
256.91
256.91
934.59
934.59
79.73
79.73
94.08
94.08
864.05
864.05
278.80
278.80
474.59
474.59
1359.51
1359.51
150.19
150.19
372.78
372.78
104.87
104.87
141.46
141.46
621.90
621.90
382.42
382.42
116.28
116.28
116.28
116.28
53.60
53.60
53.60
25.32
25.32
18.01
18.01
142.49
36.52
10.91
343.28
343.28
153.12
153.12
133.06
133.06
898.31
898.31
10.00
10.00
10.00
35.76
984.01
984.01
1092.50
1092.50
10.00
10.00
206.59
206.59
593.47
593.47
29.02
29.02
29.02
10.36
10.36
10.36
1682.92
1682.92
1682.92
1835.35
1835.35
1835.35
1835.35
10.00
95.87
95.87
95.87
73.28
73.28
47.82
47.82
47.82
47.82
302.84
302.84
694.55
248.17
248.17
248.17
1791.39
1791.39
1791.39
14.93
14.93
14.93
45.92
45.92
10.00
10.00
10.00
10.00
1041.86
14.36
14.36
1414.14
1414.14
26.28
26.28
26.28
1242.59
1242.59
187.86
1032.20
434.10
434.10
1656.67
1656.67
1006.97
1006.97
143.93
143.93
115.83
115.83
115.83
185.37
185.37
236.91
236.91
236.91
10.00
10.00
44.19
44.19
246.47
246.47
439.13
439.13
323.34
114.80
114.80
10.00
499.87
499.87
66.36
45.06
45.06
104.98
104.98
104.98
225.68
225.68
225.68
275.22
275.22
138.84
138.84
32.76
32.76
568.86
568.86
1123.23
1123.23
270.40
270.40
110.64
110.64
110.64
41.33
128.20
128.20
38.17
38.17
441.25
441.25
152.32
1095.86
1095.86
1095.86
1207.89
1207.89
537.48
537.48
537.48
537.48
14.93
14.93
118.06
1141.53
1141.53
831.57
70.17
70.17
31.91
58.81
58.81
86.01
86.01
341.47
341.47
366.68
179.93
179.93
831.11
831.11
831.11
79.05
79.05
1184.97
1184.97
96.06
96.06
356.38
294.95
294.95
918.12
918.12
95.63
95.63
95.63
119.77
119.77
141.65
240.66
240.66
240.66
12.87
97.66
108.66
108.66
108.66
82.58
82.58
82.58
82.58
265.80
265.80
87.67
87.67
61.40
61.40
72.01
72.01
25.44
25.44
23.15
23.15
95.06
95.06
1346.34
1346.34
850.31
1637.79
1637.79
1637.79
784.56
784.56
1231.78
1231.78
1048.41
68.90
1853.26
1468.64
531.31
531.31
25.41
25.41
1298.61
1039.62
47.95
47.95
732.91
732.91
13.80
13.80
1108.49
1108.49
1352.71
1352.71
488.54
488.54
52.27
52.27
52.27
44.20
44.20
44.20
44.20
44.20
72.72
72.72
72.72
72.72
72.72
710.05
710.05
710.05
1062.69
1062.69
1062.69
85.80
85.80
197.70
849.20
849.20
92.30
34.48
16.40
16.40
16.40
138.69
138.69
138.69
196.70
196.70
861.77
861.77
861.77
115.09
115.09
679.00
1537.05
1537.05
1537.05
379.87
379.87
113.15
530.58
530.58
178.92
178.92
174.00
174.00
287.76
287.76
653.33
653.33
76.25
76.25
43.84
485.97
1160.67
1160.67
93.64
93.64
93.64
359.03
359.03
71.83
121.48
121.48
121.48
148.70
42.18
42.18
42.18
1592.41
1592.41
1476.82
1476.82
1476.82
424.52
424.52
207.73
207.73
207.73
10.72
305.61
305.61
313.41
313.41
313.41
15.07
15.07
15.07
15.07
1353.96
1855.57
1855.57
1855.57
1855.57
628.61
628.61
1119.84
1119.84
1119.84
684.70
684.70
26.34
1369.52
1018.41
69.30
1612.01
1549.14
1549.14
1540.41
1540.41
27.81
27.81
181.71
181.71
206.91
206.91
178.33
178.33
22.54
22.54
680.94
680.94
1446.65
1446.65
57.84
57.84
1521.30
1521.30
179.97
179.97
1519.91
1519.91
935.48
935.48
1550.46
1550.46
815.24
815.24
10.00
10.00
401.96
401.96
860.12
860.12
1898.68
1898.68
1190.24
1190.24
54.36
54.36
743.12
743.12
1451.80
1451.80
217.88
217.88
1155.32
1155.32
1311.97
1311.97
1574.47
1574.47
186.12
186.12
650.57
650.57
837.32
837.32
1293.60
1293.60
20.16
20.16
287.64
287.64
586.79
586.79
1448.68
1448.68
328.87
328.87
1308.96
1308.96
10.00
10.00
10.00
10.00
1436.71
1436.71
241.08
241.08
54.12
54.12
1125.82
1125.82
651.90
651.90
1557.01
1557.01
638.52
638.52
611.26
611.26
1127.93
1127.93
17.24
17.24
988.74
988.74
90.86
90.86
1291.77
1291.77
136.28
136.28
318.64
318.64
1849.89
1849.89
793.16
793.16
16.42
16.42
1293.95
1293.95
294.00
294.00
294.00
490.15
490.15
490.15
490.15
25.07
746.54
746.54
335.73
335.73
335.73
103.50
103.50
1192.42
1192.42
1209.33
1608.35
194.11
194.11
145.81
145.81
608.58
1050.87
1050.87
1050.87
1405.45
1405.45
1405.45
60.09
60.09
90.09
90.09
90.09
858.30
858.30
858.30
750.70
160.92
160.92
411.02
1725.89
170.44
170.44
1747.89
732.46
732.46
732.46
732.46
1546.08
1546.08
17.20
17.20
202.21
202.21
1278.07
1278.07
916.68
916.68
761.38
761.38
388.97
388.97
182.73
182.73
70.25
70.25
443.52
443.52
443.52
481.45
481.45
343.40
343.40
280.73
1176.11
1176.11
1176.11
90.52
90.52
1187.99
1674.97
1674.97
1848.57
1848.57
727.10
727.10
1063.27
1063.27
522.66
522.66
83.44
83.44
1578.68
1578.68
105.40
105.40
87.09
87.09
40.51
40.51
40.51
18.17
18.17
18.17
1677.39
1677.39
639.29
639.29
952.04
1566.61
555.70
555.70
38.86
38.86
528.90
528.90
592.89
592.89
225.70
225.70
81.67
81.67
1362.36
1362.36
1713.79
1713.79
1115.97
1115.97
1177.67
1177.67
1247.41
1247.41
1425.62
1425.62
1406.59
1406.59
1788.17
1788.17
413.90
413.90
511.99
511.99
1155.94
1155.94
1388.59
1388.59
140.82
140.82
252.95
252.95
963.29
963.29
1758.18
1758.18
83.81
83.81
1358.70
1358.70
1743.01
1743.01
17.75
17.75
89.18
89.18
144.74
144.74
1655.73
1655.73
217.84
217.84
217.84
14.97
14.97
14.97
159.20
159.20
159.20
159.20
11.84
11.84
11.84
11.84
938.59
938.59
938.59
18.07
18.07
18.07
110.44
110.44
110.44
60.14
60.14
60.14
484.07
484.07
484.07
394.32
212.40
157.75
157.75
1003.92
1003.92
1003.92
57.64
57.64
57.64
11.48
16.10
178.48
178.48
124.76
89.72
89.72
468.70
1091.30
1091.30
1091.30
45.39
45.39
45.39
356.24
1017.99
425.67
425.67
760.01
760.01
85.56
85.56
55.64
55.64
145.47
862.25
216.99
116.66
116.66
1410.65
1414.09
1001.12
417.25
49.36
49.36
10.00
10.00
1068.05
1068.05
279.88
279.88
613.05
613.05
66.90
66.90
26.74
26.74
417.24
417.24
43.98
43.98
10.00
10.00
172.13
172.13
704.93
704.93
39.39
39.39
39.39
50.26
50.26
50.26
635.40
635.40
635.40
153.77
