# 1Hz Kbps trace generated by import_real_world_traces.py
62.64
317.16
337.08
860.32
810.19
233.69
129.50
129.50
799.28
67.10
3402.13
3402.13
71.02
71.02
3413.44
3413.44
3166.93
3166.93
2688.46
2688.46
2756.42
2756.42
1798.06
1798.06
1086.31
1086.31
67.63
67.63
3789.36
3789.36
2184.77
2184.77
640.99
640.99
22.62
22.62
21.79
21.79
2485.24
2485.24
77.56
77.56
73.44
73.44
143.82
143.82
1191.77
1191.77
256.67
256.67
67.45
67.45
95.43
95.43
26.70
26.70
1183.90
1183.90
1392.12
1392.12
3389.75
3389.75
2840.71
2840.71
1464.65
1464.65
18.42
18.42
1259.91
1259.91
2960.73
2960.73
2779.04
2779.04
3113.60
3113.60
3947.81
3947.81
3106.20
3106.20
36.98
36.98
2087.59
2087.59
1087.47
1087.47
45.44
45.44
1254.93
1254.93
2881.85
2881.85
3364.79
3364.79
2456.41
2456.41
3198.25
3198.25
1159.63
1159.63
653.01
653.01
1155.43
1155.43
905.17
905.17
1382.91
1382.91
110.87
110.87
3861.54
3861.54
3661.63
3661.63
495.21
495.21
567.22
567.22
43.82
43.82
3146.34
3146.34
4442.41
4442.41
102.92
102.92
2852.25
2852.25
900.99
900.99
420.91
420.91
3156.54
3156.54
3457.88
3457.88
3914.95
3914.95
3053.77
3053.77
1685.29
1685.29
809.25
809.25
30.60
30.60
1426.79
1426.79
2657.12
2657.12
1444.94
1444.94
2186.36
2186.36
32.98
32.98
3095.41
3095.41
3551.55
3551.55
1375.54
1375.54
1116.49
1116.49
3178.51
3178.51
2786.50
2786.50
2796.45
2796.45
2796.45
2796.45
2794.94
2794.94
1670.33
1670.33
249.93
249.93
98.49
98.49
2933.23
2933.23
1972.75
1972.75
3155.72
3155.72
1354.87
1354.87
1191.18
1191.18
3532.42
3532.42
3527.13
3527.13
780.44
780.44
3098.53
3098.53
63.63
63.63
184.80
184.80
3652.43
3652.43
1888.60
1888.60
340.06
340.06
1368.50
1368.50
2195.51
2195.51
1294.77
1294.77
3270.24
3270.24
527.31
527.31
1011.17
1011.17
297.50
297.50
1464.16
1464.16
639.56
639.56
291.91
291.91
416.76
416.76
94.57
94.57
739.77
739.77
916.55
916.55
79.07
79.07
43.28
43.28
82.55
82.55
537.45
537.45
235.02
235.02
2799.73
2799.73
67.20
67.20
562.47
562.47
789.60
789.60
3211.86
3211.86
277.02
277.02
3582.58
3582.58
42.54
42.54
83.04
83.04
361.39
361.39
555.92
555.92
2735.89
2735.89
1269.02
1269.02
2837.85
2837.85
1300.61
1300.61
3586.64
3586.64
1731.07
1731.07
2335.08
2335.08
656.50
656.50
1191.79
1191.79
798.57
798.57
2090.46
2090.46
515.88
515.88
2390.36
2390.36
3103.71
3103.71
2260.21
2260.21
1476.88
1476.88
524.88
524.88
76.70
76.70
18.87
18.87
498.44
498.44
2087.61
2087.61
2295.06
2295.06
556.78
556.78
571.78
571.78
151.08
151.08
154.12
154.12
154.12
3853.55
3853.55
3853.55
3157.90
85.70
85.70
2057.33
2057.33
3910.47
3910.47
724.38
724.38
1267.09
1267.09
163.56
163.56
2056.17
2056.17
512.49
512.49
536.38
536.38
2673.23
2673.23
508.41
1335.49
1335.49
1335.49
1738.34
1738.34
2465.17
2465.17
231.77
231.77
32.46
32.46
3042.27
3042.27
1192.51
1192.51
2014.77
2014.77
2855.41
2855.41
2323.09
2323.09
1362.09
1362.09
1856.65
285.82
285.82
285.82
116.03
116.03
3473.81
3473.81
456.56
456.56
1084.22
10.00
10.00
10.00
603.88
603.88
1473.30
1473.30
407.92
407.92
64.53
64.53
219.05
219.05
494.19
159.46
159.46
159.46
3171.56
3171.56
380.90
380.90
142.32
142.32
91.07
91.07
1305.84
1305.84
592.07
592.07
153.80
153.80
941.87
941.87
1411.61
1411.61
24.16
24.16
242.05
242.05
1466.42
1466.42
3537.67
3537.67
3136.40
3136.40
1887.27
1887.27
286.60
286.60
43.15
43.15
924.42
924.42
656.59
656.59
828.26
828.26
738.22
738.22
595.68
595.68
925.11
925.11
1463.68
1463.68
2036.37
2036.37
1592.06
1592.06
305.07
305.07
3829.62
3829.62
10.00
10.00
23.89
23.89
36.54
36.54
30.80
30.80
17.19
17.19
1795.33
1795.33
589.24
589.24
1320.01
1320.01
1008.84
1008.84
797.17
797.17
440.56
440.56
48.81
48.81
2635.28
2635.28
3612.40
3612.40
2083.99
2083.99
1266.17
1266.17
3740.98
3740.98
4067.41
4067.41
793.14
793.14
1260.84
1260.84
3568.78
3568.78
634.78
634.78
711.35
711.35
270.74
270.74
89.49
89.49
246.29
246.29
1624.69
1624.69
2480.11
2480.11
2175.40
2175.40
3392.71
3392.71
92.31
92.31
565.28
565.28
454.42
454.42
303.15
38.19
38.19
38.19
165.06
165.06
96.32
96.32
10.00
10.00
1866.04
1866.04
2681.57
2681.57
56.15
56.15
426.84
426.84
47.94
47.94
106.22
106.22
179.87
179.87
24.65
24.65
2734.50
2734.50
844.62
844.62
1220.40
1220.40
1800.56
1800.56
3470.86
3470.86
2467.69
2467.69
26.19
26.19
99.03
99.03
542.23
542.23
1400.28
1400.28
3025.47
3025.47
152.67
152.67
1685.12
1685.12
977.28
977.28
776.51
776.51
314.62
314.62
1547.89
1547.89
35.08
35.08
925.55
925.55
366.48
366.48
948.59
948.59
3248.58
3248.58
1260.01
1260.01
567.56
567.56
69.00
69.00
489.70
489.70
1282.11
1282.11
1614.63
1614.63
1449.71
1449.71
442.86
442.86
3227.54
3227.54
35.32
35.32
509.27
509.27
1301.78
1301.78
1578.51
1578.51
2552.25
2552.25
1120.53
1120.53
110.97
110.97
497.62
497.62
2239.63
2239.63
69.18
69.18
275.86
275.86
10.00
10.00
3043.16
3043.16
239.49
239.49
2383.17
2383.17
1243.62
1243.62
46.99
46.99
2754.54
2754.54
258.12
258.12
299.34
299.34
33.63
33.63
183.15
183.15
349.13
349.13
1393.48
1393.48
255.32
255.32
745.13
745.13
2360.74
2360.74
2912.51
2912.51
3315.51
3315.51
3473.46
3473.46
773.78
773.78
2806.52
2806.52
3311.76
3311.76
3311.76
142.68
260.13
260.13
2642.15
2642.15
1680.12
1680.12
1004.05
1004.05
1705.50
1705.50
337.64
337.64
187.22
187.22
671.72
671.72
1034.59
1034.59
151.48
151.48
672.28
672.28
36.12
36.12
3454.54
3454.54
544.32
544.32
3312.03
3312.03
2673.15
2673.15
1082.04
1082.04
706.50
706.50
157.42
157.42
391.46
391.46
2642.65
2642.65
3340.33
3340.33
655.34
655.34
2362.70
2362.70
397.37
397.37
1651.37
1651.37
236.21
236.21
36.78
36.78
745.63
745.63
899.96
899.96
2577.30
2577.30
3415.58
3415.58
3588.05
3588.05
817.19
817.19
2460.30
2460.30
69.86
69.86
49.32
49.32
1511.94
1511.94
1311.03
1311.03
3756.50
3756.50
1376.18
1376.18
2519.98
2519.98
139.00
139.00
20.27
20.27
2702.74
2702.74
141.39
141.39
39.48
39.48
1559.95
1559.95
21.46
21.46
991.57
991.57
2110.28
2110.28
74.48
74.48
503.38
503.38
57.92
57.92
41.94
41.94
694.56
694.56
1196.89
1196.89
1209.15
1209.15
1708.34
1708.34
1420.15
1420.15
38.21
38.21
2773.31
2773.31
376.56
376.56
1406.00
1406.00
585.93
585.93
2764.84
2764.84
3582.90
3582.90
725.82
725.82
1245.81
1245.81
27.73
27.73
3133.52
3133.52
2538.94
2538.94
15.91
15.91
2519.23
2519.23
589.74
589.74
177.76
177.76
63.04
63.04
1731.32
1731.32
395.81
395.81
3167.73
3167.73
3224.13
3224.13
34.69
34.69
2368.25
2368.25
294.94
294.94
24.70
24.70
73.24
73.24
434.28
434.28
644.90
644.90
38.59
38.59
187.87
187.87
65.35
65.35
294.61
294.61
3856.60
3856.60
145.93
145.93
521.39
521.39
1414.30
1414.30
805.74
805.74
3730.55
3730.55
89.27
89.27
807.98
807.98
579.11
579.11
1458.47
1458.47
127.87
127.87
495.57
495.57
3026.12
3026.12
3720.52
3720.52
1876.24
1876.24
3444.56
3444.56
1941.24
1941.24
3466.72
3466.72
1407.24
1407.24
37.68
37.68
68.77
68.77
42.58
42.58
291.50
291.50
3148.08
3148.08
403.67
403.67
253.84
253.84
253.84
253.84
36.96
36.96
36.96
107.66
153.74
10.00
220.37
220.37
220.37
220.37
220.37
218.03
218.03
536.80
1043.10
347.37
3298.07
3298.07
3761.31
3761.31
374.20
374.20
957.47
957.47
1159.77
1159.77
1415.79
1415.79
949.13
949.13
1577.20
1577.20
603.31
603.31
3277.63
3277.63
1707.16
1707.16
144.91
144.91
1451.32
1451.32
568.82
568.82
188.38
188.38
2141.66
2141.66
72.63
72.63
4032.09
4032.09
264.55
264.55
1097.73
1097.73
2730.48
2730.48
1162.45
1162.45
3080.90
3080.90
1722.31
1722.31
3350.80
3350.80
3546.14
3546.14
32.98
32.98
2910.23
2910.23
1155.71
1155.71
1988.49
1988.49
3455.85
3455.85
3269.55
3269.55
429.47
429.47
268.82
268.82
69.88
69.88
74.30
74.30
10.00
10.00
114.26
114.26
3596.82
3596.82
111.61
111.61
1361.72
1361.72
3152.51
3152.51
2987.67
2987.67
3081.61
3081.61
764.99
764.99
50.99
50.99
55.01
55.01
32.75
32.75
1340.48
1340.48
1430.57
1430.57
14.54
14.54
2232.88
2232.88
1388.67
1388.67
110.97
110.97
3583.87
3583.87
2389.12
2389.12
190.03
190.03
2674.56
2674.56
3482.47
3482.47
298.61
298.61
530.94
530.94
723.97
723.97
1376.75
1376.75
126.58
126.58
3632.45
3632.45
883.89
883.89
405.36
405.36
257.68
257.68
2163.25
2163.25
3714.01
3714.01
1660.69
1660.69
3033.62
3033.62
3278.37
3278.37
3442.18
3442.18
3231.16
3231.16
3141.46
3141.46
3141.46
3141.46
3285.09
3285.09
2300.19
2300.19
1752.59
1752.59
3140.49
3140.49
3140.49
3140.49
1983.18
1983.18
1291.34
1291.34
2936.64
2936.64
1848.22
1848.22
3055.72
3055.72
3279.86
3279.86
1411.71
1411.71
1411.71
1411.71
254.02
254.02
137.66
137.66
963.54
963.54
1392.04
1392.04
1900.78
1900.78
2697.29
2697.29
3666.91
3666.91
3176.91
3176.91
1522.91
1522.91
3417.64
3417.64
3825.03
3825.03
630.31
630.31
328.31
328.31
3723.30
3723.30
3723.30
3723.30
1377.40
1377.40
3348.70
3348.70
1244.97
1244.97
10.00
10.00
2766.86
2766.86
2708.64
2708.64
734.77
734.77
2565.42
2565.42
2361.62
2361.62
2014.35
2014.35
1994.12
1994.12
1994.12
1994.12
1436.72
1436.72
1436.72
1436.72
1436.72
1436.72
2847.21
2847.21
2881.89
2881.89
3306.42
3306.42
3175.49
3175.49
3270.40
3270.40
3314.47
3314.47
2581.96
2581.96
2997.65
2997.65
3147.46
3147.46
1132.21
1132.21
2948.21
2948.21
2948.21
2948.21
3373.23
3373.23
398.09
398.09
1365.02
1365.02
3288.19
3288.19
2739.89
2739.89
2739.89
2739.89
3486.07
3486.07
48.48
48.48
153.72
153.72
153.72
111.83
111.83
547.17
3609.90
3609.90
626.19
626.19
190.73
190.73
413.14
413.14
413.14
1421.93
1227.10
1227.10
1981.14
1981.14
28.20
28.20
718.27
718.27
200.22
200.22
1033.66
1033.66
144.25
144.25
1168.60
1168.60
2088.85
2088.85
413.93
413.93
141.33
141.33
281.48
281.48
281.48
207.41
207.41
3172.82
54.79
54.79
3437.16
3437.16
1229.75
1229.75
1249.13
1249.13
1249.13
10.00
212.04
212.04
105.18
105.18
1803.08
1803.08
474.43
474.43
105.14
105.14
310.06
310.06
296.11
296.11
1772.78
1772.78
254.36
254.36
152.26
152.26
102.82
102.82
1152.71
1152.71
1120.60
1120.60
1725.62
1725.62
757.36
757.36
52.00
52.00
3279.47
3279.47
1204.88
1204.88
3692.05
3692.05
235.04
235.04
68.41
68.41
448.44
448.44
10.00
10.00
10.00
10.00
221.91
221.91
221.91
3006.98
21.64
704.78
704.78
947.58
947.58
304.01
4011.77
4011.77
4011.77
375.32
375.32
1021.53
1021.53
682.46
487.37
487.37
487.37
69.12
69.12
2639.51
2639.51
319.59
319.59
35.26
24.52
24.52
24.52
95.99
95.99
10.98
10.98
401.97
401.97
36.75
36.75
1708.45
1708.45
1146.77
1146.77
3813.84
3813.84
41.85
41.85
2802.70
1292.18
1292.18
1292.18
1055.08
53.94
53.94
53.94
2456.09
2456.09
409.64
409.64
124.91
124.91
207.94
207.94
433.81
433.81
464.20
464.20
152.86
152.86
113.11
113.11
2816.82
2816.82
1059.92
1059.92
517.98
517.98
3428.52
3428.52
395.17
395.17
1599.52
1599.52
433.68
433.68
35.31
35.31
1075.98
1075.98
24.07
24.07
22.55
22.55
31.11
31.11
1410.78
60.76
60.76
60.76
1458.92
1458.92
1759.50
1759.50
3374.85
3374.85
3270.60
3270.60
1216.94
1216.94
863.54
863.54
445.65
445.65
2823.81
2823.81
57.06
57.06
57.06
23.09
23.09
413.33
413.33
1031.38
1031.38
87.63
87.63
87.63
157.66
157.66
157.66
10.00
10.00
10.00
10.00
762.42
37.52
37.52
547.15
320.11
320.11
3408.15
2569.21
2569.21
2818.22
2818.22
41.72
41.72
3992.78
3992.78
858.15
858.15
3559.54
3559.54
106.76
106.76
3818.78
3818.78
1450.58
1450.58
1698.94
1698.94
2875.90
2875.90
821.10
821.10
230.41
230.41
775.31
775.31
40.25
40.25
2571.10
2571.10
2481.46
2481.46
99.29
99.29
30.93
30.93
554.44
554.44
2374.13
2374.13
1787.95
1787.95
1216.41
1216.41
24.29
24.29
233.00
233.00
118.74
118.74
2830.63
2830.63
454.86
454.86
38.20
38.20
2125.45
2125.45
35.52
35.52
503.82
503.82
749.50
749.50
24.77
24.77
472.76
472.76
1603.97
1603.97
3070.27
3070.27
2299.89
2299.89
2721.07
2721.07
135.63
135.63
3360.13
3360.13
179.12
179.12
374.78
374.78
10.00
10.00
305.00
305.00
286.73
286.73
38.26
38.26
1229.36
1229.36
2760.26
2760.26
40.70
40.70
3256.29
3256.29
482.35
482.35
2210.37
2210.37
3365.27
3365.27
3911.89
3911.89
1049.54
1049.54
3615.84
3615.84
97.17
97.17
1487.59
1487.59
3138.33
3138.33
1848.10
1848.10
3457.42
3457.42
3490.67
3490.67
3076.10
3076.10
203.87
203.87
3274.46
3274.46
2688.36
2688.36
3650.32
3650.32
1754.11
1754.11
3029.96
3029.96
3183.06
3183.06
870.09
870.09
2010.37
2010.37
3143.28
3143.28
2858.58
2858.58
2546.49
2546.49
1279.05
1279.05
3070.50
3070.50
3716.86
3716.86
2793.44
2793.44
2719.69
2719.69
3644.70
3644.70
2907.17
2907.17
1991.44
1991.44
2600.37
2600.37
2759.35
2759.35
2613.32
2613.32
61.77
61.77
4041.05
4041.05
3206.16
3206.16
433.69
433.69
1295.27
1295.27
1295.27
1295.27
1295.27
1295.27
4033.19
4033.19
3670.36
3670.36
3948.15
3948.15
749.46
749.46
3289.47
3289.47
97.77
97.77
411.07
411.07
3008.72
3008.72
2611.83
2611.83
3270.49
3270.49
3573.47
3573.47
335.16
335.16
2495.42
2495.42
3345.27
3345.27
1252.20
1252.20
1243.36
1243.36
3872.15
3872.15
1886.13
1886.13
3330.04
3330.04
3300.14
3300.14
3854.26
3854.26
3854.26
3854.26
3854.26
3854.26
3211.15
3211.15
3863.05
3863.05
645.34
645.34
2346.60
2346.60
398.33
398.33
1461.34
1461.34
215.40
215.40
859.84
859.84
526.07
526.07
1468.78
1468.78
46.30
46.30
331.74
331.74
178.39
178.39
2991.39
2991.39
18.16
18.16
2398.84
2398.84
624.65
624.65
998.11
998.11
3019.26
3019.26
1650.92
1650.92
878.06
878.06
602.01
602.01
2424.56
2424.56
509.60
509.60
1480.57
1480.57
961.13
961.13
2143.79
2143.79
553.89
553.89
93.62
93.62
143.63
143.63
289.32
289.32
189.66
189.66
614.73
614.73
1176.42
1176.42
1233.31
1233.31
884.03
884.03
3248.18
3248.18
4048.72
4048.72
218.34
218.34
1467.95
1467.95
236.56
236.56
1352.44
1352.44
35.36
35.36
3395.90
3395.90
667.16
667.16
772.97
772.97
3383.08
3383.08
852.00
852.00
1140.87
1140.87
782.43
782.43
522.38
522.38
374.71
374.71
10.00
10.00
2527.39
2527.39
1646.75
1646.75
414.83
414.83
3595.49
3595.49
65.65
65.65
1119.09
1119.09
1838.49
1838.49
3950.08
3950.08
1919.95
1919.95
1924.15
1924.15
2248.77
2248.77
1147.52
1147.52
29.51
29.51
3233.26
3233.26
22.43
22.43
1533.19
1533.19
407.99
407.99
214.26
214.26
214.26
214.26
214.26
198.46
198.46
520.25
520.25
10.00
60.94
424.04
3167.93
3167.93
295.82
295.82
65.65
65.65
3153.44
3153.44
85.37
85.37
707.99
707.99
707.99
86.53
86.53
10.00
1290.85
1290.85
1016.92
1016.92
78.34
78.34
717.91
717.91
717.91
717.91
717.91
717.91
3199.81
3199.81
3199.81
1370.63
822.37
1228.27
246.08
246.08
397.76
397.76
2779.34
2779.34
3338.30
3338.30
3338.30
3338.30
3066.46
3066.46
2112.86
2112.86
2335.64
2335.64
317.95
317.95
62.20
62.20
112.37
112.37
1667.28
1667.28
29.09
29.09
1024.65
1024.65
2888.97
2888.97
2236.30
2236.30
1980.24
1980.24
1940.62
1940.62
1957.75
1957.75
304.25
304.25
1763.18
1763.18
972.32
972.32
1846.03
1846.03
102.27
102.27
68.00
68.00
1865.93
1865.93
1584.79
1584.79
2745.74
2745.74
1549.16
1549.16
3467.18
3467.18
3501.89
3501.89
2290.94
2290.94
1730.76
1730.76
3315.99
3315.99
1507.32
1507.32
572.82
572.82
392.46
392.46
132.69
132.69
133.97
133.97
205.91
205.91
205.91
23.46
93.98
93.98
132.27
132.27
1356.80
1356.80
2840.50
2840.50
3649.86
3649.86
154.44
154.44
1613.19
1613.19
3138.15
3138.15
91.25
91.25
3266.92
3266.92
42.71
42.71
203.01
203.01
33.47
33.47
106.91
106.91
1418.58
1418.58
686.77
686.77
363.17
363.17
549.96
549.96
113.70
113.70
337.78
337.78
2672.84
2672.84
1726.19
1726.19
30.59
30.59
53.96
53.96
104.05
104.05
2006.87
2006.87
335.47
335.47
255.94
255.94
142.03
142.03
392.89
392.89
1374.18
1374.18
83.95
83.95
112.14
112.14
390.69
390.69
38.06
38.06
630.98
630.98
850.26
850.26
2324.20
2324.20
207.30
207.30
3309.20
3309.20
78.13
78.13
1336.28
1336.28
33.64
33.64
20.15
20.15
906.16
906.16
32.07
32.07
732.27
732.27
1306.49
1306.49
371.94
371.94
1749.45
1749.45
2404.31
2404.31
3520.77
3520.77
10.00
10.00
2537.59
2537.59
778.48
778.48
3469.72
3469.72
2853.43
2853.43
10.00
10.00
37.88
37.88
52.26
52.26
39.98
39.98
37.63
37.63
19.52
19.52
1654.80
1654.80
3147.94
3147.94
1496.11
1496.11
3408.86
3408.86
114.84
114.84
834.10
834.10
1115.12
1115.12
1268.93
1268.93
1268.93
1352.70
1352.70
34.82
34.82
34.82
2005.54
139.08
1367.59
1367.59
2480.82
2480.82
1206.01
1206.01
17.73
17.73
2514.88
2514.88
2547.98
2547.98
878.04
878.04
1249.20
1249.20
105.00
105.00
567.50
567.50
758.99
758.99
233.60
233.60
33.27
33.27
179.21
179.21
76.20
76.20
957.00
957.00
1028.24
1028.24
2796.35
2796.35
30.50
30.50
1292.27
1292.27
190.53
190.53
359.40
359.40
1148.01
1148.01
1148.01
592.97
592.97
592.97
1446.83
409.08
409.08
16.05
1857.38
1857.38
575.59
575.59
1201.93
1201.93
1201.93
33.28
111.91
111.91
40.95
40.95
214.57
214.57
214.57
852.77
852.77
2959.28
2959.28
3790.66
64.06
64.06
2321.65
2321.65
2547.32
2547.32
2683.74
2683.74
22.65
22.65
10.00
10.00
1959.15
1959.15
2748.28
2748.28
3349.78
3349.78
3141.65
3141.65
47.14
47.14
203.59
203.59
321.71
321.71
1525.59
1525.59
1673.12
1673.12
483.45
483.45
130.82
130.82
130.82
37.01
651.86
651.86
111.72
111.72
4098.85
4098.85
52.00
52.00
2193.27
2193.27
3089.10
3089.10
1051.22
1051.22
189.63
189.63
2339.36
2339.36
43.04
43.04
364.61
364.61
1271.18
1271.18
123.58
123.58
24.09
24.09
409.88
409.88
618.73
618.73
899.90
899.90
2753.32
2753.32
320.62
320.62
583.63
583.63
583.63
965.40
3911.13
3911.13
349.22
349.22
4068.24
4068.24
118.01
118.01
84.27
84.27
1088.58
1088.58
863.85
863.85
2652.60
2652.60
388.96
388.96
10.00
10.00
63.84
63.84
1823.82
1823.82
2247.58
2247.58
2247.58
479.26
1507.01
1507.01
1582.20
1582.20
141.67
141.67
141.67
1050.68
246.41
246.41
200.07
200.07
200.07
247.83
3896.77
3896.77
1302.68
1302.68
2174.48
2174.48
2469.83
2469.83
3227.02
3227.02
666.53
666.53
666.53
2572.00
2572.00
89.72
572.73
572.73
3671.22
3671.22
4029.14
4029.14
3296.15
3296.15
2589.32
2589.32
2589.32
1297.81
1297.81
214.60
214.60
3341.48
3341.48
3231.01
3231.01
3606.98
3606.98
2617.87
2617.87
3930.35
3816.99
3816.99
3816.99
3198.27
3198.27
3396.72
3396.72
33.04
33.04
947.17
947.17
1416.38
1416.38
302.42
302.42
3350.57
3350.57
208.65
208.65
986.85
986.85
1386.00
1386.00
216.42
216.42
37.79
37.79
50.87
50.87
2798.67
2798.67
1779.55
1779.55
3476.70
3476.70
2458.98
2458.98
2443.52
2443.52
47.78
47.78
2740.42
2740.42
1903.42
1903.42
1689.65
1689.65
2797.67
1964.48
1964.48
1964.48
2229.48
2229.48
3019.01
3019.01
3265.05
3265.05
2695.91
2695.91
1183.68
1183.68
3273.37
3273.37
2759.80
2759.80
3566.44
3566.44
3034.51
3034.51
3538.12
3538.12
2650.66
2650.66
1899.71
1899.71
2439.33
2439.33
2759.87
2759.87
3637.82
3637.82
2186.23
2186.23
2457.08
2457.08
1213.82
1213.82
3252.82
3252.82
3252.82
3252.82
2408.79
2408.79
2812.40
2812.40
2694.72
271.62
271.62
271.62
67.22
67.22
84.56
84.56
99.64
99.64
19.57
19.57
3036.34
3036.34
3104.80
3104.80
3044.27
3044.27
3131.34
3131.34
682.41
682.41
1476.59
1476.59
46.03
46.03
3457.15
3457.15
556.86
556.86
69.37
69.37
281.31
281.31
281.31
10.00
10.00
10.00
10.00
10.00
10.00
10.00
10.00
10.00
10.00
10.00
10.00
10.00
10.00
835.40
537.96
505.58
140.01
140.01
101.51
101.51
322.40
322.40
631.62
631.62
627.37
627.37
862.08
862.08
1675.75
1675.75
1901.05
1901.05
1991.82
1991.82
1732.36
1732.36
3503.41
145.43
145.43
145.43
1394.11
1394.11
2975.97
2975.97
2870.76
2870.76
654.73
654.73
22.18
22.18
11.43
11.43
2636.69
2636.69
498.49
498.49
38.12
38.12
2736.86
2736.86
2626.53
2626.53
12.22
12.22
2826.57
2826.57
1181.34
1181.34
1433.56
1433.56
585.55
585.55
82.42
82.42
1940.66
1940.66
2249.64
2249.64
3750.10
3750.10
970.70
970.70
471.69
471.69
2816.76
2816.76
76.55
76.55
279.46
279.46
25.86
25.86
495.74
495.74
2817.52
2817.52
211.78
211.78
320.80
320.80
222.84
222.84
982.26
982.26
1131.10
1131.10
2155.78
2155.78
861.82
861.82
43.16
43.16
1626.21
1626.21
2420.90
2420.90
2970.07
2970.07
2324.82
2324.82
1468.70
1468.70
2814.08
2814.08
33.56
33.56
237.59
237.59
3032.81
3032.81
1286.67
1286.67
241.44
241.44
116.15
116.15
392.90
392.90
189.73
189.73
2685.00
2685.00
2685.00
1057.35
1057.35
1057.35
308.23
308.23
308.23
10.00
2397.40
2397.40
97.47
596.49
596.49
575.18
575.18
472.12
182.06
182.06
2669.31
2669.31
115.09
115.09
2273.34
2273.34
173.07
173.07
76.29
76.29
877.97
877.97
1529.94
1529.94
924.99
924.99
48.09
48.09
10.00
10.00
10.00
10.00
763.95
763.95
2993.93
2993.93
2057.34
2057.34
27.29
27.29
2488.87
2488.87
1213.61
1213.61
1865.16
1865.16
2262.62
2262.62
2124.19
2124.19
460.79
460.79
3433.28
3433.28
2224.09
2224.09
1823.97
1823.97
983.98
983.98
2479.05
2479.05
1627.21
1627.21
2169.24
2169.24
2853.54
2853.54
801.24
801.24
3284.99
3284.99
2819.21
2819.21
2035.23
2035.23
1743.53
1743.53
3302.88
3302.88
38.32
38.32
322.28
322.28
313.58
313.58
38.12
38.12
12.28
12.28
190.74
190.74
190.74
37.88
37.88
130.69
1275.96
1275.96
3076.33
3076.33
1138.39
1138.39
19.87
19.87
2206.78
2206.78
3112.64
3112.64
3073.27
3073.27
29.34
29.34
10.00
10.00
1155.64
1155.64
2412.70
2412.70
2950.23
2950.23
396.96
396.96
396.96
3431.28
3431.28
2833.79
525.85
525.85
3702.10
3702.10
2716.48
2716.48
166.66
166.66
2530.26
2530.26
302.82
302.82
62.19
62.19
26.84
26.84
26.84
2151.56
2151.56
508.10
347.43
347.43
572.56
572.56
167.61
167.61
578.76
578.76
44.02
44.02
176.29
176.29
1452.65
1452.65
2788.02
2788.02
1074.85
1074.85
140.59
140.59
1118.03
1118.03
2625.40
2625.40
308.95
308.95
624.30
624.30
1760.39
1760.39
152.43
152.43
1596.87
1596.87
1260.69
1260.69
2022.52
2022.52
588.62
588.62
2913.53
2913.53
559.90
559.90
1892.85
1892.85
2031.49
2031.49
2963.66
2963.66
1273.53
1273.53
2381.72
2381.72
2510.09
2510.09
3489.74
3489.74
667.80
667.80
1165.04
1165.04
548.96
548.96
1096.22
1096.22
1547.27
1547.27
1773.21
1773.21
110.14
110.14
1798.00
1798.00
1091.08
1091.08
1415.37
1415.37
2002.54
2002.54
2425.06
2425.06
682.44
682.44
413.36
413.36
360.82
360.82
360.82
1656.79
1656.79
1656.79
2011.61
2011.61
1040.59
1040.59
1096.52
1096.52
2228.06
2228.06
142.16
142.16
1023.36
1023.36
1704.93
1704.93
1811.87
1811.87
618.12
618.12
2073.80
2073.80
250.12
250.12
3347.37
3347.37
3025.07
3025.07
3130.54
3130.54
3229.57
3229.57
498.40
498.40
2472.03
2472.03
1423.85
1423.85
1118.06
1118.06
1489.91
1489.91
2822.87
2822.87
3905.12
3905.12
1138.84
1138.84
902.70
902.70
1258.30
1258.30
471.39
471.39
1108.57
1108.57
1782.88
1782.88
2616.22
2616.22
149.67
149.67
410.87
410.87
155.81
155.81
2271.94
2271.94
2622.71
2622.71
111.34
111.34
123.10
123.10
214.74
214.74
2775.36
2775.36
2136.12
2136.12
1300.12
1300.12
260.97
260.97
1632.71
1632.71
3207.07
3207.07
10.00
10.00
2329.74
2329.74
338.21
338.21
2795.82
2795.82
2798.72
2798.72
2867.54
2867.54
1821.82
1821.82
1361.84
1361.84
2720.04
2720.04
3414.03
3414.03
1968.82
1968.82
2892.70
2892.70
2057.19
2057.19
3167.38
3167.38
3451.00
3451.00
1382.65
1382.65
3430.64
3430.64
1278.66
1278.66
3533.52
3533.52
3049.86
3049.86
1395.02
1395.02
47.78
47.78
2389.14
2389.14
497.36
497.36
251.73
251.73
1204.85
1204.85
48.68
48.68
2113.11
2113.11
1000.06
1000.06
2508.90
2508.90
3504.16
3504.16
10.00
10.00
1482.51
1482.51
1150.83
1150.83
3337.33
3337.33
943.02
943.02
288.09
288.09
1640.52
1640.52
3800.23
3800.23
1365.47
1365.47
1150.90
1150.90
2628.59
2628.59
448.26
448.26
3212.21
3212.21
880.29
880.29
51.77
51.77
3934.97
3934.97
180.45
180.45
701.40
701.40
2148.90
2148.90
795.96
795.96
13.34
13.34
296.94
296.94
296.94
2130.76
2130.76
3372.46
2108.84
2108.84
1314.76
1314.76
3329.40
3329.40
3479.31
3479.31
1440.53
1440.53
2500.07
2500.07
1015.07
1015.07
1364.67
1364.67
716.25
716.25
3364.62
3364.62
125.61
125.61
894.16
894.16
1739.54
1739.54
1739.54
441.28
2027.56
2027.56
109.17
109.17
1284.83
1284.83
2635.56
2635.56
639.29
639.29
116.72
116.72
2236.49
2236.49
3358.85
3358.85
2407.78
2407.78
3370.37
3370.37
2543.45
2543.45
3723.01
3723.01
4056.37
4056.37
166.70
166.70
1218.97
1218.97
19.66
19.66
2319.56
2319.56
2179.59
2179.59
2170.61
2170.61
3748.16
3748.16
999.36
999.36
72.28
72.28
3087.19
3087.19
848.02
848.02
277.13
277.13
1559.08
1559.08
10.00
10.00
2613.41
2613.41
150.89
150.89
179.06
179.06
336.45
336.45
37.30
37.30
387.67
387.67
2446.93
2446.93
1907.70
1907.70
1755.76
1755.76
2592.57
2592.57
2301.71
2301.71
3169.51
3169.51
35.72
35.72
2696.84
2696.84
3631.41
3631.41
631.94
631.94
1591.07
1591.07
1111.65
1111.65
2717.81
2717.81
1606.40
1606.40
707.58
707.58
1991.75
1991.75
1483.51
1483.51
798.07
798.07
2660.67
2660.67
2683.37
2683.37
3252.71
3252.71
1242.89
1242.89
3593.19
3593.19
2174.52
2174.52
51.12
51.12
712.43
712.43
871.64
871.64
871.64
871.64
2835.77
2835.77
1919.88
1919.88
2149.89
2149.89
2736.64
2736.64
2462.30
2462.30
1916.09
1916.09
2646.03
2646.03
35.25
35.25
10.00
10.00
2151.45
2151.45
2955.10
2955.10
3824.68
3824.68
1012.32
1012.32
1015.06
1015.06
926.14
926.14
120.63
120.63
1585.32
1585.32
1371.09
1371.09
2490.62
2490.62
3191.01
3191.01
2096.79
2096.79
3317.16
3317.16
675.00
675.00
3426.24
3426.24
3177.64
3177.64
2542.20
2542.20
2270.83
2270.83
47.77
47.77
2651.58
2651.58
2259.14
2259.14
2181.74
2181.74
2847.45
2847.45
3217.31
3217.31
1165.69
1165.69
2125.18
2125.18
2804.54
2804.54
2506.16
2506.16
2506.16
2506.16
2539.22
2539.22
3299.52
3299.52
3521.68
3521.68
3727.26
3727.26
73.40
73.40
874.89
874.89
297.08
297.08
1628.20
1628.20
27.49
27.49
222.47
222.47
370.75
370.75
92.76
92.76
2122.12
2122.12
1539.90
1539.90
3665.53
3665.53
2941.80
2941.80
3342.52
3342.52
2166.56
2166.56
406.72
406.72
406.72
658.05
670.41
670.41
2312.63
2312.63
3365.35
3365.35
3365.35
97.26
97.26
1023.36
1023.36
1178.43
1178.43
2633.96
2633.96
1287.49
1287.49
2178.08
2178.08
56.78
56.78
141.63
141.63
248.93
248.93
61.13
1824.31
1824.31
1824.31
1015.86
1015.86
122.02
122.02
1188.46
1188.46
69.76
69.76
2870.74
2870.74
2716.30
2716.30
315.94
315.94
280.97
280.97
844.57
844.57
24.05
63.71
63.71
63.71
10.00
10.00
1331.05
1331.05
1331.05
17.48
917.73
917.73
236.02
236.02
2056.05
2056.05
1089.76
1908.68
1908.68
1908.68
1655.02
1655.02
1474.80
1474.80
1865.92
958.51
958.51
958.51
967.12
967.12
16.91
16.91
48.13
568.89
568.89
568.89
38.65
38.65
130.20
130.20
130.20
65.83
65.83
65.83
65.83
306.08
3272.53
219.38
3441.61
3441.61
3199.89
3199.89
2515.91
2515.91
1786.16
1786.16
1786.16
1786.16
1786.16
1786.16
1786.16
1786.16
1786.16
1786.16
1786.16
1786.16
3394.60
3394.60
1981.65
1981.65
1864.48
1864.48
3187.40
3187.40
4148.42
4148.42
2134.66
2134.66
1351.79
1351.79
412.82
169.56
169.56
169.56
2801.61
2801.61
107.15
107.15
3165.97
3165.97
2865.39
2865.39
25.61
25.61
10.00
10.00
1040.51
1040.51
2118.18
2118.18
379.20
379.20
3141.66
3141.66
490.10
69.48
69.48
69.48
717.74
717.74
53.20
53.20
10.00
10.00
2868.61
2868.61
1266.52
1266.52
14.88
14.88
345.51
345.51
424.53
424.53
3252.80
3252.80
29.29
29.29
19.77
19.77
1227.87
1227.87
2860.00
1158.92
1158.92
1158.92
134.34
134.34
42.19
42.19
918.26
918.26
2191.86
2191.86
474.12
474.12
787.24
787.24
3721.78
3721.78
3306.63
3306.63
953.32
953.32
38.49
38.49
655.76
655.76
765.84
765.84
10.00
10.00
83.87
83.87
48.93
48.93
2474.81
2474.81
1738.32
1738.32
3257.75
3257.75
2285.46
2285.46
1270.09
1270.09
1070.99
1070.99
460.37
460.37
39.45
39.45
2526.73
2526.73
1265.43
1265.43
1838.79
1838.79
1407.16
1407.16
3246.44
3246.44
21.74
21.74
2597.87
2597.87
845.88
845.88
2907.06
2907.06
515.43
515.43
1774.78
1774.78
2011.68
2011.68
3262.09
3262.09
143.40
143.40
187.06
187.06
3201.40
3201.40
3203.30
3203.30
1452.80
1452.80
10.00
10.00
72.82
72.82
89.49
89.49
187.62
187.62
177.34
177.34
63.44
63.44
39.85
39.85
278.72
278.72
454.62
454.62
1075.04
1075.04
206.36
206.36
206.36
42.14
42.14
42.14
864.63
864.63
864.63
491.31
2280.57
3118.78
3116.81
3116.81
15.66
15.66
1907.08
1907.08
2591.79
2591.79
496.85
496.85
10.00
10.00
277.69
277.69
11.08
11.08
1265.57
1265.57
536.56
536.56
3528.38
3528.38
3113.81
3113.81
1278.35
1278.35
1365.32
1365.32
2483.77
2483.77
384.83
384.83
695.31
695.31
686.02
686.02
2325.01
2325.01
198.23
198.23
344.19
344.19
1208.26
1208.26
1383.52
1383.52
2156.59
2156.59
3518.46
3518.46
2158.88
2158.88
626.67
626.67
552.57
552.57
281.56
281.56
2085.27
2085.27
16.63
16.63
115.63
115.63
3306.60
3306.60
65.06
65.06
267.74
267.74
17.69
17.69
1454.02
1454.02
831.39
831.39
301.56
301.56
10.00
10.00
180.29
180.29
180.29
180.29
127.06
127.06
127.06
10.00
359.68
359.68
10.00
10.00
25.27
3333.43
3333.43
3333.43
1981.12
1981.12
883.33
883.33
118.12
118.12
32.79
32.79
3256.10
3256.10
267.81
267.81
2600.44
2600.44
372.56
372.56
93.24
93.24
359.89
359.89
368.59
368.59
380.32
380.32
1256.31
1256.31
263.58
263.58
2112.71
2112.71
111.41
111.41
2992.05
2992.05
2802.83
2802.83
2367.70
2367.70
751.86
751.86
1859.39
1859.39
545.95
545.95
284.09
284.09
320.86
320.86
506.69
506.69
23.87
23.87
2558.34
2558.34
10.57
10.57
1237.17
1237.17
565.53
565.53
502.73
502.73
35.35
35.35
282.38
282.38
73.65
73.65
868.73
868.73
24.23
24.23
48.19
48.19
3551.70
3551.70
600.25
600.25
867.34
867.34
1911.99
1911.99
780.08
780.08
2599.64
2599.64
1328.55
1328.55
3445.29
3445.29
3727.30
3727.30
655.31
655.31
24.96
24.96
868.59
868.59
2845.78
2845.78
48.55
48.55
43.17
43.17
35.56
35.56
336.74
336.74
2062.45
2062.45
909.84
909.84
2323.06
2323.06
10.00
10.00
1227.73
1227.73
205.67
205.67
1891.83
1891.83
3215.14
3215.14
874.88
874.88
1574.10
1574.10
240.19
240.19
3280.55
3280.55
1048.92
1048.92
75.38
75.38
2117.86
2117.86
204.25
204.25
113.66
113.66
10.00
10.00
541.51
541.51
257.81
257.81
657.56
657.56
56.00
56.00
767.85
767.85
139.28
139.28
1025.11
1025.11
15.40
15.40
799.44
799.44
3229.94
3229.94
582.01
582.01
2136.14
2136.14
314.62
314.62
510.16
510.16
43.60
43.60
2370.31
2370.31
65.99
65.99
2811.82
2811.82
699.87
699.87
49.88
49.88
129.26
129.26
233.09
233.09
158.00
158.00
2761.58
2761.58
91.62
91.62
4120.23
4120.23
37.05
37.05
1168.26
1168.26
665.89
665.89
2134.81
2134.81
714.04
714.04
1328.33
1328.33
3577.88
3577.88
2050.83
2050.83
680.76
680.76
2791.69
2791.69
345.61
345.61
2826.28
2826.28
878.46
878.46
172.59
172.59
1315.31
1315.31
1315.31
1315.31
3241.38
3241.38
44.32
44.32
3682.26
3682.26
196.58
196.58
3545.94
3545.94
1161.73
1161.73
1112.55
1112.55
3605.13
3605.13
141.48
141.48
334.68
334.68
113.02
113.02
136.98
136.98
3258.51
3258.51
3149.00
3149.00
3149.00
3149.00
3149.00
3149.00
3748.57
3748.57
3539.39
3539.39
3125.42
3125.42
3068.76
3068.76
2740.07
2740.07
2740.07
2740.07
243.29
243.29
1334.76
1334.76
2943.47
2943.47
1161.25
1161.25
1220.07
1220.07
3093.48
3093.48
25.34
25.34
460.52
460.52
37.00
37.00
2647.17
2647.17
105.04
105.04
715.53
715.53
2209.18
2209.18
985.46
985.46
701.86
701.86
3277.64
3277.64
3257.38
3257.38
473.78
473.78
550.96
550.96
548.76
548.76
2003.60
2003.60
1774.42
1774.42
3591.84
3591.84
3485.46
3485.46
222.22
222.22
1208.02
1208.02
3713.40
3713.40
1166.31
1166.31
83.26
83.26
965.91
965.91
1041.22
1041.22
226.45
226.45
1317.02
1317.02
3660.33
3660.33
3640.37
3640.37
64.32
64.32
522.95
522.95
77.84
77.84
137.17
137.17
639.10
639.10
544.76
544.76
1261.74
1261.74
3415.42
3415.42
1854.03
1854.03
1320.79
1320.79
69.46
69.46
785.09
785.09
2953.98
2953.98
1360.98
1360.98
74.48
74.48
30.65
30.65
1246.03
1246.03
189.70
189.70
789.57
789.57
744.87
744.87
1278.50
1278.50
975.64
975.64
3494.51
3494.51
2016.48
2016.48
922.31
922.31
2437.17
2437.17
33.85
33.85
1592.13
1592.13
2816.20
2816.20
3533.21
3533.21
2410.13
2410.13
58.99
58.99
3400.46
3400.46
1353.60
1353.60
102.34
102.34
81.99
81.99
103.91
103.91
165.16
165.16
757.25
757.25
41.03
41.03
2729.71
2729.71
483.19
483.19
3258.44
3258.44
679.07
679.07
2545.86
2545.86
1079.98
1079.98
470.64
470.64
2194.90
2194.90
346.67
346.67
440.62
440.62
770.46
770.46
934.55
934.55
566.51
566.51
3557.39
3557.39
3461.18
3461.18
699.48
699.48
2974.47
2974.47
2659.49
2659.49
3277.91
3277.91
1246.09
1246.09
2902.23
2902.23
3690.18
3690.18
3503.88
3503.88
1244.82
1244.82
25.21
25.21
303.40
303.40
3412.84
3412.84
3214.85
3214.85
320.30
320.30
547.06
547.06
391.33
391.33
3229.95
3229.95
1191.05
1191.05
57.25
57.25
362.20
362.20
3029.52
3029.52
1377.27
1377.27
842.67
842.67
3086.54
3086.54
404.47
404.47
179.30
179.30
558.14
558.14
2773.04
2773.04
1264.34
1264.34
53.91
53.91
1212.71
1212.71
1360.16
1360.16
3374.57
3374.57
1151.45
1151.45
1108.30
1108.30
10.00
10.00
379.80
379.80
37.14
37.14
1844.50
1844.50
98.80
98.80
129.50
129.50
380.38
380.38
494.48
494.48
304.20
304.20
1999.45
1999.45
1163.10
1163.10
846.86
846.86
442.43
442.43
322.95
322.95
793.03
793.03
995.69
995.69
2501.77
2501.77
496.30
496.30
2708.61
2708.61
729.16
729.16
2499.16
2499.16
3042.94
3042.94
1237.46
1237.46
1590.56
1590.56
292.59
292.59
3761.23
3761.23
899.32
899.32
2973.46
2973.46
982.57
982.57
50.78
50.78
10.00
10.00
1436.59
1436.59
922.17
922.17
3263.56
3263.56
439.01
439.01
129.02
129.02
543.53
543.53
289.53
289.53
157.93
157.93
67.20
67.20
22.91
22.91
22.91
3537.61
71.90
71.90
415.70
415.70
415.70
2298.41
2298.41
2679.83
2679.83
989.02
989.02
963.81
963.81
196.24
196.24
484.57
484.57
2437.23
2437.23
21.89
21.89
2757.32
2757.32
1363.35
1363.35
2416.55
2416.55
597.32
597.32
1479.97
1479.97
2538.22
2538.22
147.05
147.05
650.16
610.60
610.60
610.60
52.33
52.33
23.75
23.75
348.59
348.59
1592.86
1592.86
621.90
621.90
139.08
139.08
723.75
723.75
1278.02
1278.02
3305.68
3305.68
31.17
31.17
1686.14
2332.70
2332.70
2332.70
2972.98
2972.98
36.84
36.84
1110.28
1110.28
3182.05
39.42
39.42
39.42
61.46
61.46
20.75
20.75
323.34
323.34
564.64
564.64
3826.06
3826.06
35.78
3463.60
3463.60
3463.60
304.52
304.52
56.45
56.45
29.02
29.02
847.08
847.08
1228.72
1228.72
2794.14
2794.14
217.95
217.95
1232.30
1232.30
190.39
190.39
3542.32
3542.32
255.25
255.25
3429.12
3429.12
476.39
476.39
1169.25
1169.25
44.07
44.07
1595.16
1595.16
1740.29
1740.29
1132.01
1132.01
2904.63
2904.63
343.88
343.88
1569.33
1569.33
1686.64
1686.64
3963.36
3963.36
1193.94
1193.94
3428.93
3428.93
236.24
236.24
1074.07
1074.07
738.58
738.58
1146.89
1146.89
2593.66
2593.66
3598.33
3598.33
3407.61
3407.61
97.38
97.38
1511.91
1511.91
4298.89
4298.89
1339.36
1339.36
92.67
92.67
4014.74
4014.74
51.67
51.67
147.90
147.90
38.24
38.24
835.17
835.17
1790.08
1790.08
25.16
25.16
222.78
222.78
341.66
341.66
60.27
60.27
641.31
641.31
743.73
743.73
743.73
2375.05
1507.60
1507.60
347.26
347.26
1299.47
1299.47
986.47
986.47
1000.17
1000.17
3488.87
3488.87
38.89
216.22
216.22
216.22
287.64
287.64
115.49
115.49
79.63
79.63
2492.62
2492.62
2991.15
2991.15
3821.17
3821.17
2413.12
2413.12
756.62
756.62
2883.93
2883.93
1261.95
1261.95
1386.81
1386.81
48.41
48.41
807.72
807.72
53.73
53.73
4005.46
4005.46
790.91
790.91
95.52
95.52
95.52
97.69
713.10
713.10
3078.67
3078.67
212.89
212.89
789.80
789.80
296.38
296.38
3316.07
3316.07
2786.44
2786.44
36.76
36.76
303.95
303.95
86.37
86.37
426.90
426.90
3000.23
3000.23
502.94
502.94
3181.28
3181.28
1845.26
1845.26
117.01
117.01
1814.03
1814.03
2779.16
2779.16
18.20
18.20
511.70
511.70
929.96
929.96
10.68
10.68
1366.38
1366.38
1193.79
1193.79
751.71
751.71
1791.13
1791.13
2487.97
2487.97
2486.89
2486.89
128.06
128.06
356.62
356.62
2348.64
2348.64
1535.24
1535.24
2797.68
2797.68
71.18
71.18
75.72
75.72
406.31
406.31
524.67
524.67
1378.85
1378.85
730.93
730.93
60.43
60.43
71.70
71.70
240.85
240.85
362.55
362.55
195.21
195.21
10.00
10.00
2757.41
2757.41
10.00
10.00
2478.19
2478.19
110.62
110.62
37.60
37.60
1944.87
1944.87
2225.75
2225.75
138.77
138.77
1112.42
1112.42
2108.07
2108.07
1096.09
1096.09
2322.34
2322.34
909.26
909.26
61.36
61.36
2680.96
2680.96
1132.15
1132.15
1359.06
1359.06
2128.98
2128.98
330.18
330.18
473.92
473.92
1338.30
1338.30
783.52
783.52
135.25
135.25
114.29
114.29
36.80
36.80
181.28
181.28
57.99
57.99
32.19
32.19
10.00
10.00
10.00
1160.92
1160.92
1160.92
332.28
10.00
10.00
1917.26
25.37
25.37
2995.88
2995.88
1326.27
1326.27
561.88
561.88
561.88
22.79
22.79
2457.55
3590.71
3590.71
2961.53
2961.53
3732.34
3732.34
46.08
46.08
1567.52
1567.52
2658.66
2658.66
2658.66
2658.66
3252.99
3252.99
2412.21
2412.21
2412.21
2412.21
2720.47
2720.47
2880.01
2880.01
1757.36
1757.36
2541.46
2541.46
2733.98
2733.98
2396.31
2396.31
2202.80
2202.80
3093.95
3093.95
23.40
23.40
2056.30
2056.30
1208.95
1208.95
10.00
10.00
1641.20
1641.20
1298.88
1298.88
1660.38
1660.38
3692.68
3692.68
2894.48
2894.48
10.00
10.00
3170.05
3170.05
2486.37
2486.37
3169.22
3169.22
1261.30
1261.30
2890.70
2890.70
3752.97
3752.97
266.27
266.27
3580.15
3580.15
1433.32
1433.32
3187.38
3187.38
1173.88
1173.88
1497.54
1497.54
601.93
601.93
2193.58
2193.58
3342.17
3342.17
40.23
40.23
1687.31
1687.31
3958.78
3958.78
3130.96
3130.96
197.95
197.95
1865.41
1865.41
3421.13
3421.13
426.63
426.63
2459.92
2459.92
514.63
514.63
3235.78
3235.78
468.59
468.59
4059.78
4059.78
1827.84
1827.84
361.22
361.22
3030.53
3030.53
3369.52
3369.52
2622.72
2622.72
2962.80
2962.80
1135.30
1135.30
3516.71
3516.71
1862.32
1862.32
263.18
263.18
3562.97
3562.97
3562.97
3562.97
618.66
618.66
68.55
68.55
46.47
46.47
259.05
259.05
533.79
533.79
771.51
771.51
188.58
188.58
3336.52
3336.52
4084.83
4084.83
3018.70
3018.70
37.99
37.99
3472.91
3472.91
2255.05
2255.05
2255.05
2255.05
2255.05
2255.05
1701.14
1701.14
168.76
168.76
3749.78
3749.78
3511.95
3511.95
3552.08
3552.08
3053.68
3053.68
156.80
156.80
3328.98
3328.98
418.13
418.13
1743.00
1743.00
2793.81
2793.81
73.39
73.39
2835.08
2835.08
1096.72
1096.72
2791.18
2791.18
3631.47
3631.47
532.97
532.97
3626.34
3626.34
131.52
131.52
3327.16
3327.16
121.47
121.47
1973.35
1973.35
3276.84
3276.84
129.29
129.29
706.31
706.31
829.92
829.92
2938.18
2938.18
3602.57
3602.57
3602.57
3602.57
3602.57
3602.57
226.86
226.86
3086.09
3086.09
1859.12
1859.12
142.00
142.00
134.00
134.00
3749.02
3749.02
603.62
603.62
1179.83
1179.83
1612.85
1612.85
3408.14
3408.14
3408.14
3408.14
521.62
521.62
488.39
488.39
2442.87
2442.87
612.97
612.97
1791.67
1791.67
24.22
24.22
2393.70
2393.70
2340.86
2340.86
1734.99
1734.99
3170.99
3170.99
2213.11
2213.11
2867.09
2867.09
1856.98
1856.98
2925.20
2925.20
1464.97
1464.97
1119.42
1119.42
821.02
821.02
2572.03
2572.03
3027.82
3027.82
2651.32
2651.32
368.00
368.00
82.05
82.05
953.58
953.58
180.00
180.00
453.46
453.46
247.82
247.82
3944.01
3944.01
1542.30
1542.30
539.37
539.37
3505.14
3505.14
2745.36
2745.36
2062.94
2062.94
3102.65
3102.65
3244.28
3244.28
3477.30
3477.30
461.34
461.34
132.01
132.01
286.41
286.41
3305.39
3305.39
19.55
19.55
3638.80
3638.80
1297.58
1297.58
168.87
168.87
3116.80
3116.80
23.77
23.77
2718.26
2718.26
2570.49
2570.49
3231.20
3231.20
3020.43
3020.43
3888.68
3888.68
3223.46
3223.46
2944.18
2944.18
392.76
392.76
2320.83
2320.83
475.54
475.54
3297.86
3297.86
2578.77
2578.77
2732.16
2732.16
1289.42
1289.42
3081.09
3081.09
14.92
14.92
1940.08
1940.08
1940.08
1940.08
2700.72
2700.72
2221.66
2221.66
3290.27
3290.27
1051.13
1051.13
1105.73
1105.73
1399.01
1399.01
1399.01
1399.01
63.25
63.25
56.19
56.19
3544.86
3544.86
3539.30
3539.30
3233.34
3233.34
3587.35
3587.35
2716.09
2716.09
19.52
19.52
2791.55
2791.55
3123.82
3123.82
764.62
764.62
2432.05
2432.05
3332.67
3332.67
2970.70
2970.70
2970.70
1655.22
1655.22
2359.16
2359.16
2359.16
2359.16
2359.16
2123.92
2123.92
3451.64
3451.64
120.89
120.89
212.89
212.89
1284.83
1284.83
385.03
385.03
3083.96
3083.96
1126.12
1126.12
44.42
44.42
465.50
465.50
478.70
478.70
1402.66
1402.66
2252.73
2252.73
514.08
514.08
659.92
659.92
1335.29
1335.29
2427.26
2427.26
1507.10
1507.10
1178.57
1178.57
3365.90
3365.90
3757.71
3757.71
3097.18
3097.18
4014.20
4014.20
3299.43
3299.43
491.87
491.87
20.53
20.53
183.82
183.82
3431.49
3431.49
1074.89
1074.89
459.55
459.55
3211.39
3211.39
3033.18
3033.18
2535.66
2535.66
2952.97
2952.97
539.00
539.00
3182.24
3182.24
3052.45
3052.45
1710.76
1710.76
966.14
966.14
3272.32
3272.32
3184.87
3184.87
3246.69
3246.69
3079.47
3079.47
3497.19
3497.19
2637.64
2637.64
3259.98
3259.98
3006.48
3006.48
1316.91
1316.91
3278.81
3278.81
2908.17
2908.17
1031.56
1031.56
2934.88
2934.88
3532.56
3532.56
3535.43
3535.43
572.48
572.48
515.29
515.29
2348.53
2348.53
1110.74
1110.74
1519.44
1519.44
2349.62
2349.62
677.39
677.39
2926.66
2926.66
4032.23
4032.23
2771.96
2771.96
36.10
36.10
3213.16
3213.16
1153.35
1153.35
3261.70
3261.70
248.81
248.81
400.21
400.21
671.92
671.92
3185.98
3185.98
633.48
633.48
1185.68
1185.68
2725.95
2725.95
3667.68
3667.68
3434.70
3434.70
3109.00
3109.00
38.37
38.37
3144.13
3144.13
1485.40
1485.40
1785.78
1785.78
1785.78
73.70
3399.15
3399.15
3245.25
3245.25
3245.25
3245.25
3245.25
3245.25
771.13
771.13
915.82
915.82
915.82
3478.88
2106.63
2106.63
2106.63
3996.32
3996.32
2114.20
2114.20
160.61
160.61
43.82
43.82
2414.31
2414.31
675.67
675.67
445.50
445.50
3276.64
3276.64
2465.89
2465.89
2976.59
2976.59
591.69
591.69
2797.38
2797.38
2921.25
2921.25
1358.07
1358.07
67.35
67.35
2972.66
2972.66
1245.35
1245.35
1406.19
13.38
13.38
13.38
3975.44
3975.44
2222.51
2222.51
1860.58
1860.58
1650.81
1650.81
1598.82
1598.82
1831.70
1831.70
3266.98
3266.98
35.40
35.40
802.94
802.94
266.13
266.13
3059.26
3059.26
1226.31
1226.31
642.26
642.26
3489.38
3489.38
1597.32
1597.32
485.70
485.70
51.99
51.99
3439.98
3439.98
3573.64
3573.64
796.13
796.13
2625.21
2625.21
2526.75
2526.75
3425.25
3425.25
60.03
60.03
3076.52
3076.52
725.36
725.36
91.38
91.38
3014.94
3014.94
1295.53
1295.53
690.81
690.81
832.55
832.55
69.36
69.36
2524.42
2524.42
1409.51
1409.51
377.41
377.41
2081.74
2081.74
3127.05
3127.05
3217.87
3217.87
1225.85
1225.85
363.35
363.35
29.99
29.99
3012.08
3012.08
234.86
234.86
219.34
219.34
1648.29
1648.29
3831.35
3831.35
603.23
603.23
1328.54
1328.54
3787.70
3787.70
833.35
833.35
426.14
426.14
289.96
289.96
118.31
118.31
3927.12
3927.12
2204.49
2204.49
3359.01
3359.01
3200.56
3200.56
10.00
10.00
2480.43
2480.43
961.63
961.63
2424.62
2424.62
739.14
739.14
2013.78
2013.78
261.35
261.35
1759.94
1759.94
1811.34
1811.34
3441.04
3441.04
667.27
667.27
2260.61
2260.61
568.35
568.35
3853.34
3853.34
10.00
10.00
3472.92
3472.92
580.20
580.20
532.17
532.17
35.83
35.83
2232.76
2232.76
3116.94
3116.94
2784.02
2784.02
1671.38
1671.38
466.06
466.06
3685.32
3685.32
165.54
165.54
48.36
48.36
111.55
111.55
130.09
130.09
1208.91
1208.91
3603.25
3603.25
3484.90
3484.90
2641.63
2641.63
3535.70
3535.70
3192.26
3192.26
3656.03
3656.03
3634.90
3634.90
3140.94
3140.94
3525.27
3525.27
3356.62
3356.62
3340.47
3340.47
31.55
31.55
3110.86
3110.86
3753.15
3753.15
2524.96
2524.96
1629.55
1629.55
259.53
259.53
3205.52
3205.52
1274.40
1274.40
2733.88
2733.88
3182.97
3182.97
2744.40
2744.40
1248.09
1248.09
3511.19
3511.19
991.08
991.08
3673.14
3673.14
3018.42
3018.42
3461.90
3461.90
31.15
31.15
451.86
451.86
2830.89
2830.89
3319.33
3319.33
42.17
42.17
539.66
539.66
413.96
413.96
3264.33
3264.33
3226.52
3226.52
1093.16
1093.16
10.00
10.00
2647.72
2647.72
29.00
29.00
3151.75
3151.75
3449.75
3449.75
3449.75
3449.75
37.19
37.19
29.74
29.74
17.75
17.75
1490.12
1490.12
2726.49
2726.49
759.51
759.51
2565.77
2565.77
994.49
994.49
683.13
683.13
3700.09
3700.09
1072.44
1072.44
309.61
309.61
952.61
952.61
3462.99
3462.99
3048.35
3048.35
29.96
29.96
3569.62
3569.62
2275.93
2275.93
855.04
855.04
1182.02
1182.02
494.48
494.48
3141.25
3141.25
2342.05
2342.05
79.48
79.48
2946.39
2946.39
2790.26
2790.26
300.76
300.76
2702.54
2702.54
418.50
418.50
2411.02
2411.02
2679.06
2679.06
1772.60
1772.60
2635.72
2635.72
1568.41
1568.41
69.00
69.00
2938.31
2938.31
1281.00
1281.00
1388.78
1388.78
400.87
400.87
907.46
907.46
2394.37
2394.37
2796.12
2796.12
1405.90
1405.90
3144.80
3144.80
207.98
207.98
2409.98
2409.98
2951.96
2951.96
100.77
100.77
1254.52
1254.52
2108.18
2108.18
448.86
448.86
2370.08
2370.08
322.15
322.15
3131.25
3131.25
94.04
94.04
1293.13
1293.13
253.56
253.56
3763.27
3763.27
3208.35
3208.35
425.26
425.26
1088.90
1088.90
133.59
133.59
3112.92
3112.92
769.94
769.94
3410.95
3410.95
3258.98
3258.98
2999.78
2999.78
1270.09
1270.09
3016.42
3016.42
2894.10
2894.10
2308.73
2308.73
36.37
36.37
1254.63
1254.63
2332.11
2332.11
4061.41
4061.41
2332.25
2332.25
3026.80
3026.80
1336.11
1336.11
2722.19
2722.19
3869.24
3869.24
3038.17
3038.17
1853.75
1853.75
3365.49
3365.49
17.53
17.53
3302.79
3302.79
3771.31
3771.31
148.93
148.93
870.46
870.46
3511.16
3511.16
1194.47
1194.47
1219.07
1219.07
3354.56
3354.56
3463.87
3463.87
2280.01
2280.01
2321.71
2321.71
607.88
607.88
1187.41
1187.41
3638.85
3638.85
328.51
328.51
10.00
10.00
3533.88
3533.88
1297.69
1297.69
807.86
807.86
2655.94
2655.94
407.39
407.39
2621.39
2621.39
277.40
277.40
3932.57
3932.57
1457.17
1457.17
2797.58
2797.58
894.11
894.11
440.40
440.40
2601.31
2601.31
697.10
697.10
450.22
450.22
1329.19
1329.19
3084.53
3084.53
1748.91
1748.91
437.42
437.42
388.46
388.46
3411.93
3411.93
2639.21
2639.21
3252.53
3252.53
144.97
144.97
3309.11
3309.11
3112.48
3112.48
2680.84
2680.84
1548.57
1548.57
3478.63
3478.63
3520.57
3520.57
2637.75
2637.75
80.51
80.51
2533.40
2533.40
4028.12
4028.12
1220.55
1220.55
1601.06
1601.06
1601.06
1601.06
1614.84
1614.84
3774.84
3774.84
1080.60
1080.60
184.44
184.44
1016.43
1016.43
1452.55
1452.55
293.90
293.90
1022.09
1022.09
2038.45
2038.45
1932.96
1932.96
2440.73
2440.73
2346.79
2346.79
2043.42
2043.42
3017.42
3017.42
18.11
18.11
81.39
81.39
3703.51
3703.51
3660.40
3660.40
133.77
133.77
1764.60
1764.60
1764.60
1764.60
278.03
278.03
40.65
40.65
122.53
122.53
1182.18
1182.18
3348.06
3348.06
624.08
624.08
1581.00
1581.00
1581.00
1581.00
3086.83
3086.83
3575.31
3575.31
3746.20
3746.20
2057.11
2057.11
423.23
423.23
3720.41
3720.41
333.03
333.03
1808.42
1808.42
528.92
528.92
1749.24
1749.24
1936.45
1936.45
3080.59
3080.59
3812.49
3812.49
984.56
984.56
1236.15
1236.15
3249.23
3249.23
17.31
17.31
505.55
505.55
44.95
44.95
652.84
652.84
23.94
23.94
119.75
119.75
565.66
565.66
3628.27
3628.27
2034.98
2034.98
48.44
48.44
976.48
976.48
414.26
414.26
2869.18
2869.18
587.50
587.50
556.29
556.29
1038.02
1038.02
264.90
264.90
665.86
665.86
211.09
211.09
3283.45
3283.45
3568.36
3568.36
3448.83
3448.83
15.13
15.13
1308.52
1308.52
2567.83
2567.83
37.54
37.54
3488.41
3488.41
482.11
482.11
110.22
110.22
2112.10
2112.10
1965.08
1965.08
1827.02
1827.02
3286.23
3286.23
199.02
199.02
261.69
261.69
972.49
972.49
3141.35
3141.35
2742.52
2742.52
390.24
390.24
3370.12
3370.12
2380.97
2380.97
130.86
130.86
1987.33
1987.33
502.17
502.17
10.00
10.00
1121.82
1121.82
1844.46
1844.46
201.56
201.56
1278.49
1278.49
37.31
37.31
3358.25
3358.25
141.92
141.92
226.67
226.67
278.79
278.79
3469.10
3469.10
143.36
143.36
1552.60
1552.60
958.45
958.45
3500.38
3500.38
3374.76
3374.76
752.62
752.62
3866.42
3866.42
10.00
10.00
1285.68
1285.68
25.00
25.00
71.09
71.09
73.89
73.89
1499.44
1499.44
3650.47
3650.47
3650.03
3650.03
226.54
226.54
3488.84
3488.84
3404.19
3404.19
2222.61
2222.61
3526.10
3526.10
3203.54
3203.54
472.29
472.29
2613.25
2613.25
144.21
144.21
537.10
537.10
3421.33
3421.33
3297.52
3297.52
3444.57
3444.57
440.53
440.53
1215.94
1215.94
3588.84
3588.84
81.65
81.65
1712.17
1712.17
2249.30
2249.30
3265.57
3265.57
111.17
111.17
3537.94
3537.94
313.87
313.87
1614.86
1614.86
37.69
37.69
3383.70
3383.70
1552.79
1552.79
3231.51
3231.51
3610.22
3610.22
1026.11
1026.11
2293.86
2293.86
1470.97
1470.97
2840.78
2840.78
3517.33
3517.33
722.49
722.49
2810.90
2810.90
1248.65
1248.65
456.90
456.90
1157.45
1157.45
3125.34
3125.34
1908.05
1908.05
1534.79
1534.79
3278.86
3278.86
3546.82
3546.82
3551.59
3551.59
2052.94
2052.94
56.88
56.88
3782.51
3782.51
42.20
42.20
755.40
755.40
2463.15
2463.15
3150.91
3150.91
1278.42
1278.42
3205.12
3205.12
2148.13
2148.13
1236.21
1236.21
3210.68
3210.68
3602.77
3602.77
3992.94
3992.94
1128.70
1128.70
3338.97
3338.97
417.93
417.93
1218.62
1218.62
3500.20
3500.20
53.09
53.09
719.10
719.10
1563.09
1563.09
457.56
457.56
1187.14
1187.14
3153.96
3153.96
134.26
134.26
536.57
536.57
1161.81
1161.81
1005.71
1005.71
1156.35
1156.35
392.20
392.20
2656.35
2656.35
2887.66
2887.66
3595.57
3595.57
1307.68
1307.68
1119.68
1119.68
3312.95
3312.95
817.22
817.22
3760.98
3760.98
3760.98
2930.95
115.18
115.18
1167.14
1167.14
457.15
457.15
401.08
401.08
401.08
2278.24
3526.44
3526.44
3369.58
3369.58
2384.25
2384.25
3597.57
3597.57
3781.02
3781.02
3276.58
3276.58
3276.58
1378.95
1378.95
2512.81
2512.81
65.27
65.27
398.01
398.01
3468.98
3468.98
3091.90
3091.90
2894.65
2894.65
3241.62
3241.62
1449.72
1786.87
1786.87
1786.87
3659.74
3659.74
3054.75
3054.75
973.31
973.31
433.72
433.72
39.63
39.63
341.53
341.53
864.51
864.51
662.51
662.51
3417.24
3417.24
3417.24
3417.24
222.69
222.69
68.12
1485.91
162.97
162.97
2878.67
2878.67
3569.73
3569.73
3627.99
3627.99
2977.28
2977.28
3622.45
3622.45
3430.42
3430.42
3764.39
3764.39
2816.12
2816.12
30.45
30.45
2841.26
2494.56
2494.56
2494.56
2763.10
2763.10
3442.27
3442.27
3507.26
3507.26
3173.87
3173.87
1269.37
1269.37
2284.20
2284.20
33.01
33.01
13.98
13.98
109.35
109.35
2748.04
2748.04
2995.18
2995.18
3028.88
3028.88
103.53
103.53
2039.78
2039.78
3074.64
3074.64
3708.04
3708.04
1403.23
1403.23
525.62
525.62
252.02
252.02
240.82
240.82
250.12
250.12
3468.43
3468.43
476.75
476.75
1113.66
1113.66
2966.43
2966.43
781.91
781.91
3003.46
3003.46
222.39
222.39
465.57
