# 1Hz Kbps trace generated by import_real_world_traces.py
2116.99
2182.85
2737.50
1950.57
1950.57
894.84
894.84
777.60
777.60
840.10
840.10
364.91
364.91
1894.29
1894.29
46.23
46.23
849.25
849.25
2200.77
2200.77
1439.68
1439.68
382.42
382.42
899.99
899.99
1338.97
1338.97
784.85
784.85
2344.13
2344.13
3120.61
3120.61
14.07
14.07
236.39
236.39
1382.30
1382.30
2192.07
2192.07
2574.72
2574.72
1807.71
1807.71
2603.44
2603.44
2986.34
2986.34
2524.01
2524.01
2848.09
2848.09
641.19
641.19
3290.39
3290.39
1614.63
1614.63
110.09
110.09
364.40
364.40
2048.45
2048.45
1027.46
1027.46
30.96
30.96
104.65
104.65
2690.09
2690.09
15.46
15.46
18.99
18.99
2604.48
2604.48
1031.36
1031.36
1834.78
1834.78
2682.17
2682.17
2604.96
2604.96
2869.70
2869.70
843.26
843.26
2324.20
2324.20
540.99
540.99
1157.84
1157.84
1057.13
1057.13
876.89
876.89
1095.71
1095.71
44.35
44.35
926.47
926.47
2232.78
2232.78
2601.39
2601.39
2227.83
2227.83
2175.19
2175.19
14.80
14.80
20.55
20.55
2181.36
2181.36
3270.57
3270.57
3385.67
3385.67
3370.61
3370.61
1351.58
1351.58
645.97
645.97
1744.37
1744.37
313.91
313.91
1967.17
1967.17
1077.88
1077.88
3058.27
3058.27
241.97
241.97
1156.03
1156.03
705.74
705.74
887.45
887.45
1396.72
1396.72
1089.42
1089.42
1089.42
15.10
15.10
2449.37
2449.37
2558.34
2558.34
107.12
866.36
866.36
544.95
544.95
499.82
499.82
67.02
67.02
103.35
103.35
2912.28
2912.28
3209.92
3209.92
3389.22
3389.22
768.66
768.66
47.09
47.09
47.09
2284.79
2284.79
402.96
402.96
891.52
170.38
170.38
458.23
458.23
50.41
50.41
2408.42
2408.42
815.38
815.38
1901.93
1901.93
29.77
29.77
29.77
42.71
42.71
2595.38
2595.38
2595.38
2886.08
2330.14
893.16
893.16
47.93
47.93
3429.58
3429.58
3458.96
3458.96
280.90
280.90
3639.77
3639.77
1395.96
1395.96
3134.84
3134.84
3305.89
3305.89
262.41
262.41
1715.18
1715.18
1196.37
1196.37
1259.80
1259.80
1787.34
1787.34
1946.10
1946.10
270.10
270.10
209.26
209.26
2753.69
2753.69
2707.66
2707.66
265.49
265.49
1633.85
1633.85
3508.04
3508.04
3504.33
3504.33
2803.52
2803.52
2803.52
2803.52
2486.11
2486.11
149.49
149.49
72.21
72.21
851.29
851.29
879.82
879.82
1949.66
1949.66
3240.74
3240.74
2409.59
2409.59
587.01
587.01
2605.22
2605.22
697.49
697.49
3647.65
3647.65
3127.50
3127.50
2169.26
2169.26
2154.66
2154.66
2154.66
2154.66
2711.98
2711.98
847.16
847.16
896.80
896.80
697.77
697.77
1644.79
1644.79
10.00
10.00
28.98
28.98
48.38
48.38
1967.95
1967.95
519.40
519.40
1868.62
1868.62
1611.66
1611.66
3065.90
3065.90
1872.79
1872.79
842.27
842.27
793.13
793.13
1588.34
1588.34
1588.34
1588.34
1588.34
1588.34
1588.34
1271.73
2157.90
2157.90
2842.00
2842.00
2386.17
2386.17
2593.45
2593.45
3087.44
3087.44
14.05
14.05
1890.03
1890.03
3421.31
3421.31
3421.31
3421.31
3421.31
3421.31
595.68
595.68
33.85
33.85
2572.45
2572.45
3561.02
3561.02
270.76
270.76
2772.67
2772.67
2047.06
2047.06
454.05
454.05
412.93
412.93
63.57
63.57
63.57
165.40
165.40
75.79
1847.02
1847.02
1847.02
716.03
716.03
442.02
1827.74
1827.74
1296.39
1296.39
3262.74
3262.74
30.45
30.45
3521.04
3521.04
3406.24
3406.24
3210.17
3210.17
3552.98
3552.98
3408.45
3408.45
2854.20
2854.20
51.42
51.42
2928.98
2928.98
1139.70
1139.70
12.47
12.47
2077.60
2077.60
1323.96
1323.96
589.03
589.03
877.51
877.51
321.87
321.87
176.73
176.73
598.21
598.21
1613.65
1613.65
70.59
70.59
1414.69
1414.69
486.62
486.62
211.80
211.80
437.52
437.52
848.45
848.45
572.28
572.28
3054.27
3054.27
2727.11
2727.11
238.88
238.88
2314.33
2314.33
2498.01
2498.01
139.41
139.41
2351.50
2351.50
1208.01
1208.01
1896.03
1896.03
672.30
672.30
874.85
874.85
1543.43
1543.43
818.99
818.99
54.80
54.80
42.82
42.82
287.85
287.85
15.96
15.96
2800.55
2800.55
2757.35
2757.35
1346.74
1346.74
1635.37
1635.37
19.64
19.64
891.99
891.99
1471.08
1471.08
879.97
879.97
1188.91
1188.91
508.16
508.16
1337.32
1337.32
2885.15
2885.15
1572.22
1572.22
3432.74
3432.74
3432.74
3432.74
3432.74
3432.74
3432.74
3432.74
2353.09
2353.09
2353.09
3376.22
3376.22
891.82
891.82
3324.11
3324.11
2988.29
2988.29
727.11
727.11
2825.42
2825.42
3426.00
3426.00
3385.60
3385.60
511.19
511.19
1152.29
1152.29
771.55
771.55
274.74
274.74
619.92
619.92
891.25
891.25
85.50
85.50
223.38
223.38
20.93
20.93
3068.36
3068.36
1991.66
1991.66
1991.66
1991.66
1991.66
1991.66
212.41
212.41
772.43
772.43
2214.04
2214.04
3070.99
3070.99
1488.39
1488.39
3286.31
3286.31
48.10
48.10
48.10
1510.91
2118.21
2118.21
2460.83
2460.83
2894.21
2894.21
3026.61
3026.61
55.34
55.34
3653.99
3653.99
3218.66
3218.66
2922.37
2922.37
3707.26
3707.26
3707.26
3707.26
2879.43
2879.43
21.00
21.00
89.41
89.41
1152.55
1152.55
1285.72
1285.72
310.71
310.71
166.60
166.60
190.96
190.96
1428.69
1428.69
114.66
114.66
1590.39
1590.39
2777.56
2777.56
2849.04
2849.04
2884.80
2884.80
1272.87
1272.87
2449.35
2449.35
170.76
170.76
2777.11
2777.11
771.70
771.70
695.03
695.03
1099.33
1099.33
2904.55
2904.55
875.91
875.91
733.37
733.37
227.81
227.81
1253.83
1253.83
29.22
29.22
1773.97
1773.97
278.14
278.14
3006.37
3006.37
1086.08
1086.08
237.80
237.80
753.70
753.70
149.71
149.71
1274.23
1274.23
2392.50
2392.50
1689.28
1689.28
1726.94
1726.94
159.88
159.88
1317.49
1317.49
1763.09
1763.09
1855.37
1855.37
1760.42
1760.42
1865.92
1865.92
1269.15
1269.15
1728.76
1728.76
1100.55
1100.55
1628.14
1628.14
2426.08
2426.08
14.33
14.33
200.35
200.35
13.03
13.03
1100.45
1100.45
20.97
20.97
450.02
450.02
29.35
29.35
501.31
501.31
3056.33
3056.33
267.60
267.60
20.93
20.93
2805.86
2805.86
2971.30
2971.30
2655.76
2655.76
2948.61
2948.61
2647.09
2647.09
2287.43
2287.43
148.07
148.07
439.07
439.07
1521.84
1521.84
53.07
53.07
885.48
885.48
1653.49
1653.49
1593.41
1593.41
141.22
141.22
366.38
366.38
20.95
20.95
48.62
48.62
116.87
116.87
479.61
479.61
580.00
580.00
2708.45
2708.45
1365.11
1365.11
1302.05
1302.05
2776.01
2776.01
3328.94
3328.94
530.63
530.63
1908.04
1908.04
20.72
20.72
931.62
931.62
762.52
762.52
52.27
52.27
1768.71
1768.71
14.96
14.96
402.20
402.20
1790.20
1790.20
63.83
63.83
1295.24
1295.24
106.67
106.67
1285.89
1285.89
30.06
30.06
30.06
820.85
820.85
1419.72
3232.37
3232.37
778.45
778.45
1715.26
1715.26
728.02
728.02
2489.96
2489.96
2503.92
2503.92
2760.00
2760.00
630.01
630.01
397.72
397.72
445.13
445.13
1196.43
1196.43
2587.16
2587.16
567.10
567.10
1151.72
1151.72
2616.60
2616.60
2674.60
2674.60
1688.26
1688.26
257.51
257.51
2767.42
2767.42
583.91
583.91
1458.14
1458.14
3247.08
3247.08
749.15
749.15
885.75
885.75
204.32
204.32
211.96
211.96
1016.20
1016.20
41.09
41.09
455.39
455.39
29.90
29.90
992.28
992.28
195.53
195.53
2138.68
2138.68
597.72
597.72
600.22
600.22
872.24
872.24
621.28
621.28
1361.62
1361.62
834.49
834.49
2314.02
2314.02
3414.23
3414.23
2663.05
2663.05
2629.91
2629.91
2682.82
2682.82
41.74
41.74
2587.78
2587.78
824.04
824.04
21.01
21.01
370.46
370.46
387.75
387.75
17.89
17.89
300.06
300.06
884.07
884.07
995.18
995.18
10.00
10.00
1495.16
1495.16
13.90
13.90
3224.01
3224.01
1130.89
1130.89
14.54
14.54
1690.26
1690.26
614.10
614.10
2346.67
2346.67
626.32
626.32
848.13
848.13
2656.33
2656.33
233.24
233.24
1090.20
1090.20
1813.75
1813.75
2870.62
2870.62
2472.13
2472.13
1652.25
1652.25
3151.59
3151.59
1643.53
1643.53
13.75
13.75
2967.61
2967.61
871.73
871.73
1656.27
1656.27
2077.28
2077.28
1640.28
1640.28
748.01
748.01
1049.95
1049.95
793.35
793.35
1916.94
1916.94
2218.98
2218.98
2318.56
2318.56
2336.94
2336.94
59.73
59.73
2865.66
2865.66
827.64
827.64
652.71
652.71
2494.93
2494.93
396.51
396.51
891.99
891.99
225.89
225.89
62.72
62.72
502.76
502.76
1048.79
1048.79
2278.97
2278.97
2197.69
2197.69
31.93
31.93
3575.79
3575.79
664.64
664.64
2176.73
2176.73
1430.77
1430.77
3279.02
3279.02
1023.10
1023.10
3192.11
3192.11
2300.46
2300.46
47.31
47.31
207.63
207.63
417.63
417.63
3358.27
3358.27
3358.27
3358.27
892.76
892.76
988.15
988.15
3296.95
3296.95
1155.78
1155.78
1669.72
1669.72
2329.34
2329.34
59.27
59.27
64.32
64.32
2707.38
2707.38
1797.39
1797.39
3412.65
3412.65
3480.92
3480.92
3480.92
3480.92
196.54
196.54
197.55
197.55
834.02
834.02
834.02
834.02
892.43
892.43
1651.77
1651.77
1718.71
1718.71
3566.23
3566.23
550.45
550.45
1003.22
1003.22
295.72
295.72
885.13
885.13
1765.88
1765.88
1868.27
1868.27
1176.11
1176.11
228.43
228.43
2616.22
2616.22
1986.21
1986.21
3651.28
3651.28
17.80
17.80
19.44
19.44
69.00
69.00
3693.80
3693.80
172.50
172.50
685.34
685.34
12.32
12.32
1126.74
1126.74
2614.13
2614.13
2614.13
2614.13
2614.13
2614.13
3379.71
3379.71
3618.04
3618.04
1112.41
1112.41
2418.29
2418.29
1933.39
1933.39
3012.05
3012.05
283.76
283.76
944.42
944.42
2455.96
2455.96
2482.66
2482.66
3267.34
3267.34
404.15
404.15
661.05
661.05
1130.15
1130.15
708.10
708.10
878.16
878.16
2904.22
2904.22
679.78
679.78
1540.89
1540.89
606.03
606.03
15.42
15.42
1863.09
1863.09
29.37
29.37
2082.03
2082.03
189.55
189.55
2946.50
2946.50
1225.64
1225.64
1084.10
1084.10
304.74
304.74
745.56
745.56
15.29
15.29
864.49
864.49
891.94
891.94
1784.02
1784.02
866.18
866.18
110.18
110.18
395.01
395.01
14.84
14.84
255.33
255.33
1279.61
1279.61
222.39
222.39
31.41
31.41
41.99
41.99
2313.52
2313.52
522.20
522.20
3126.67
3126.67
2285.12
2285.12
475.84
475.84
170.03
170.03
2865.99
2865.99
1733.95
1733.95
3118.63
3118.63
161.86
161.86
1730.09
1730.09
573.84
573.84
198.61
198.61
2569.06
2569.06
2419.48
2419.48
18.90
18.90
2553.98
2553.98
225.18
225.18
559.92
559.92
234.47
234.47
2003.43
2003.43
412.21
412.21
217.34
217.34
237.30
237.30
14.67
14.67
1672.45
1672.45
1707.75
1707.75
1707.75
1707.75
3655.09
3655.09
1956.69
1956.69
637.69
637.69
15.91
15.91
163.69
163.69
985.72
985.72
141.20
141.20
422.14
422.14
2891.80
2891.80
1706.28
1706.28
799.99
799.99
862.89
862.89
862.89
1541.55
1541.55
1541.55
2336.59
2703.20
1925.74
1925.74
16.04
16.04
891.97
891.97
847.87
847.87
2180.05
2180.05
125.98
125.98
121.49
121.49
121.49
1313.59
2562.61
2562.61
2073.18
2073.18
2814.60
2814.60
392.45
392.45
15.35
15.35
1283.40
1283.40
732.26
732.26
883.79
883.79
311.86
311.86
2487.75
2487.75
19.25
19.25
2834.20
2834.20
15.69
15.69
3017.73
3017.73
1184.01
1184.01
1853.46
1853.46
545.44
545.44
225.13
225.13
12.52
12.52
765.80
765.80
499.45
499.45
1827.44
1827.44
1827.44
1827.44
3534.75
3534.75
2429.98
2429.98
657.28
657.28
625.97
625.97
2924.72
2924.72
1495.32
1495.32
127.89
127.89
70.10
70.10
2042.28
2042.28
214.29
214.29
2164.86
2164.86
438.17
438.17
12.66
12.66
889.30
889.30
513.46
513.46
303.90
303.90
1709.58
1709.58
156.22
156.22
1978.59
1978.59
2591.45
2591.45
15.88
15.88
1304.27
1304.27
421.03
421.03
1099.61
1099.61
30.16
30.16
1883.39
1883.39
400.42
400.42
1712.48
1712.48
566.07
566.07
37.32
37.32
897.32
897.32
2933.71
2933.71
2782.75
2782.75
2936.58
2936.58
45.66
45.66
1720.88
1720.88
3247.48
3247.48
3247.48
3247.48
3247.48
3247.48
587.46
587.46
1100.00
1100.00
515.12
515.12
885.67
885.67
59.18
59.18
1897.54
1897.54
1229.06
1229.06
3130.25
3130.25
3643.57
3643.57
213.30
213.30
1531.67
1531.67
3080.52
3080.52
405.24
405.24
24.19
24.19
1814.94
1814.94
1105.65
1105.65
905.76
905.76
1315.50
1315.50
2209.84
2209.84
363.28
363.28
2371.33
2371.33
2229.85
2229.85
15.84
15.84
2406.34
2406.34
1939.59
1939.59
2384.76
2384.76
2362.27
2362.27
3115.25
3115.25
1366.00
1366.00
2900.59
2900.59
29.48
29.48
597.70
597.70
358.03
358.03
973.84
973.84
2661.94
2661.94
805.34
805.34
2661.92
2661.92
1612.78
1612.78
2338.75
2338.75
353.27
353.27
436.67
436.67
813.26
813.26
453.15
453.15
453.15
1315.84
1315.84
67.00
1048.99
1048.99
1048.99
534.50
534.50
63.01
63.01
2017.15
2017.15
1722.46
1722.46
2541.42
2541.42
1548.49
1548.49
3406.76
3406.76
359.51
359.51
1489.34
1489.34
32.44
32.44
206.79
206.79
3103.86
3103.86
848.86
848.86
14.65
14.65
2426.85
2426.85
1733.35
1733.35
1526.56
1526.56
3863.34
3863.34
1551.28
1551.28
1854.11
1854.11
179.91
179.91
2580.79
2580.79
376.66
376.66
508.63
508.63
899.28
899.28
2235.64
2640.99
2640.99
2640.99
3307.54
3307.54
425.77
425.77
1878.32
1878.32
512.45
512.45
2541.58
2541.58
2264.44
2264.44
2263.10
2263.10
307.40
307.40
1959.02
1959.02
14.20
14.20
1152.79
1152.79
853.64
853.64
2016.05
2016.05
28.98
28.98
28.98
64.34
64.34
657.20
657.20
2150.05
2697.10
2697.10
2888.30
2888.30
37.75
37.75
1037.04
1037.04
15.93
15.93
991.21
991.21
887.10
887.10
2689.49
2689.49
10.00
10.00
20.87
20.87
25.05
25.05
1876.91
1876.91
486.38
486.38
1561.41
1561.41
1673.51
1673.51
1647.67
1647.67
29.59
29.59
2968.31
2968.31
757.17
757.17
135.54
135.54
511.10
511.10
633.91
633.91
321.65
321.65
1699.38
1699.38
2026.04
2026.04
2589.29
2589.29
2546.69
2546.69
2622.62
2622.62
33.25
33.25
457.35
457.35
883.77
883.77
2358.03
2358.03
2701.37
2701.37
541.29
541.29
1525.03
1525.03
479.96
479.96
629.49
629.49
777.82
777.82
850.51
850.51
14.39
14.39
2958.35
2958.35
2428.99
2428.99
2338.30
2338.30
212.34
212.34
2511.34
2511.34
427.16
427.16
692.12
692.12
870.88
870.88
2322.00
2322.00
116.95
116.95
1127.05
1127.05
489.20
489.20
887.36
887.36
108.49
108.49
884.93
884.93
3272.22
3272.22
1403.05
1403.05
502.67
502.67
2783.51
2783.51
3468.32
3468.32
75.09
75.09
1225.66
1225.66
1565.66
1565.66
341.11
341.11
2566.39
2566.39
1096.17
1096.17
2563.40
2563.40
3106.86
3106.86
1489.33
1489.33
21.16
21.16
14.22
14.22
1819.48
1819.48
2479.94
2479.94
2532.20
2532.20
2545.86
2545.86
2729.97
2729.97
2894.42
2894.42
617.82
617.82
497.25
497.25
2387.94
2387.94
2391.07
2391.07
2310.52
2310.52
2523.09
2523.09
2879.28
2879.28
2919.70
2919.70
3173.52
3173.52
1036.97
1036.97
1036.97
1036.97
1490.34
1490.34
39.45
39.45
133.01
133.01
2871.55
2871.55
806.97
806.97
2417.02
2417.02
1431.53
1431.53
888.59
888.59
1893.28
1893.28
569.45
569.45
1456.21
1456.21
686.79
686.79
2445.12
2445.12
2767.23
2767.23
1445.85
1445.85
1445.85
1445.85
179.24
179.24
2902.22
2902.22
1889.41
1889.41
884.18
884.18
2661.53
2661.53
375.70
375.70
1208.50
1208.50
1208.50
1208.50
1433.15
1433.15
85.40
85.40
35.82
35.82
3186.92
3186.92
3221.05
3221.05
2664.45
2664.45
3339.24
3339.24
2691.15
2691.15
2786.29
2786.29
2786.29
2786.29
3507.23
3507.23
3507.23
3507.23
1136.56
1136.56
3687.14
3687.14
896.24
896.24
752.58
752.58
1642.06
1642.06
20.94
20.94
3101.89
3101.89
846.03
846.03
3193.66
3193.66
290.89
290.89
604.43
604.43
1445.87
1445.87
899.28
899.28
1760.67
1760.67
1861.25
1861.25
3220.67
3220.67
2618.65
2618.65
3358.60
3358.60
3358.60
3358.60
891.31
891.31
2076.84
2076.84
1865.38
1865.38
1562.10
1562.10
2084.05
2084.05
2219.94
2219.94
2271.69
2271.69
33.57
33.57
755.25
755.25
290.32
290.32
269.32
269.32
83.50
83.50
821.15
821.15
2629.62
2629.62
570.33
570.33
2075.82
2075.82
716.60
716.60
1892.46
1892.46
1917.32
1917.32
2258.83
2258.83
1680.41
1680.41
1763.72
1763.72
2851.84
2851.84
3477.88
3477.88
2856.18
2856.18
1622.77
1622.77
388.60
388.60
2291.13
2291.13
747.62
747.62
218.73
218.73
883.22
883.22
763.48
763.48
15.47
15.47
2224.91
2224.91
2627.64
2627.64
738.79
738.79
905.34
905.34
106.33
106.33
1875.65
1875.65
998.78
998.78
83.92
83.92
1382.46
1382.46
30.42
30.42
2533.24
2533.24
2248.41
2248.41
2877.05
2877.05
1614.26
1614.26
2940.72
2940.72
63.18
63.18
1906.37
1906.37
141.26
141.26
531.75
531.75
456.18
456.18
1157.86
1157.86
1343.58
1343.58
16.53
16.53
27.29
27.29
599.11
599.11
70.70
70.70
1371.02
1371.02
1949.99
1949.99
1070.89
1070.89
1993.63
1993.63
21.32
21.32
85.50
85.50
228.70
228.70
1346.29
1346.29
17.66
17.66
796.71
796.71
2655.96
2655.96
2053.13
2053.13
2048.66
2048.66
817.41
817.41
675.61
675.61
2282.80
2282.80
910.04
910.04
1568.87
1568.87
1636.40
1636.40
1081.06
1081.06
105.93
105.93
29.36
29.36
2460.84
2460.84
2437.36
2437.36
221.08
221.08
606.76
606.76
527.57
527.57
16.45
16.45
998.60
998.60
1183.31
1183.31
2636.97
2636.97
593.17
593.17
13.81
13.81
2561.62
2561.62
15.03
15.03
2507.88
2507.88
1112.42
1112.42
727.88
727.88
49.46
49.46
891.36
891.36
3436.14
3436.14
2723.64
2723.64
2725.98
2725.98
88.02
88.02
276.34
276.34
252.91
252.91
43.07
43.07
2870.09
2870.09
2870.09
2870.09
3369.61
3369.61
2872.20
2872.20
890.35
890.35
384.93
384.93
1235.25
1235.25
34.30
34.30
2547.91
2547.91
795.34
795.34
2495.12
2495.12
2536.69
2536.69
2386.65
2386.65
2477.88
2477.88
2477.88
2477.88
2477.88
2477.88
1820.13
1820.13
2706.86
2706.86
778.30
778.30
205.07
205.07
824.17
824.17
848.45
848.45
242.24
242.24
17.49
17.49
52.02
52.02
29.95
29.95
876.93
876.93
1155.43
1155.43
889.32
889.32
889.32
889.32
91.49
91.49
564.44
564.44
640.60
640.60
858.18
858.18
2333.05
2333.05
1792.92
1792.92
192.55
192.55
820.21
820.21
2749.29
2749.29
2637.33
2637.33
3010.75
3010.75
102.36
102.36
3086.28
3086.28
862.30
862.30
1411.36
1411.36
1663.63
1663.63
1663.63
1663.63
450.91
450.91
1156.54
1156.54
84.43
84.43
3253.60
3253.60
3359.03
3359.03
3359.03
3359.03
3359.03
3359.03
1422.17
1422.17
575.13
575.13
745.00
745.00
887.47
887.47
287.16
287.16
14.08
14.08
1476.06
1476.06
2403.61
2403.61
897.63
897.63
2813.32
2813.32
43.88
43.88
2376.38
2376.38
1979.75
1979.75
20.74
20.74
1964.46
1964.46
3047.49
3047.49
3248.45
3248.45
722.48
722.48
1210.49
1210.49
1204.50
1204.50
1359.92
1359.92
179.47
179.47
2745.86
2745.86
2657.83
2657.83
1604.75
1604.75
111.97
111.97
2096.10
2096.10
2895.31
2895.31
548.22
548.22
1890.57
1890.57
1683.42
1683.42
1592.96
1592.96
2122.09
2122.09
2267.43
2267.43
2496.01
2496.01
2496.01
2496.01
2496.01
2496.01
2454.41
2454.41
2454.41
2454.41
2474.86
2474.86
1982.64
1982.64
373.07
373.07
341.70
341.70
14.16
14.16
2057.65
2057.65
2531.22
2531.22
780.28
780.28
1836.50
1836.50
757.44
757.44
2007.70
2007.70
2391.41
2391.41
99.28
99.28
2479.97
2479.97
14.71
14.71
2869.47
2869.47
295.34
295.34
205.38
205.38
351.23
351.23
818.83
818.83
2658.55
2658.55
2638.69
2638.69
166.95
166.95
224.71
224.71
839.01
839.01
405.43
405.43
3183.48
3183.48
2887.87
2887.87
3055.71
3055.71
3125.42
3125.42
2654.06
2654.06
1111.96
1111.96
1776.59
1776.59
1217.45
1217.45
2399.08
2399.08
2891.02
2891.02
1821.89
1821.89
590.21
590.21
2461.58
2461.58
2926.51
2926.51
101.16
101.16
12.35
12.35
399.52
399.52
883.43
883.43
36.96
36.96
2922.24
2922.24
2663.97
2663.97
1891.12
1891.12
1077.79
1077.79
1378.34
1378.34
1399.66
1399.66
211.62
211.62
2073.51
2073.51
2512.98
2512.98
1874.00
1874.00
2633.76
2633.76
317.57
317.57
616.42
616.42
36.19
36.19
2408.86
2408.86
773.59
773.59
1469.86
1469.86
2976.90
2976.90
1355.44
1355.44
2223.13
2223.13
2623.16
2623.16
2595.24
2595.24
20.93
20.93
60.67
60.67
21.44
21.44
2945.47
2945.47
15.50
15.50
2053.52
2053.52
258.38
258.38
782.93
782.93
1385.70
1385.70
553.80
553.80
1208.21
1208.21
610.04
610.04
62.44
62.44
2217.64
2217.64
2993.60
2993.60
439.02
439.02
2228.66
2228.66
1174.62
1174.62
158.10
158.10
813.89
813.89
1531.89
1531.89
451.73
451.73
579.85
579.85
560.70
560.70
14.31
14.31
511.52
511.52
198.87
198.87
2339.41
2339.41
1211.33
1211.33
1430.53
1430.53
1011.51
1011.51
124.97
124.97
1814.06
1814.06
167.25
167.25
1683.79
1683.79
242.90
242.90
2023.64
2023.64
2037.64
2037.64
1684.19
1684.19
35.42
35.42
2023.64
2023.64
748.28
748.28
2373.43
2373.43
50.41
50.41
532.85
532.85
183.17
183.17
183.17
556.23
556.23
758.71
758.71
1452.18
1452.18
866.79
866.79
2689.77
2689.77
30.09
30.09
2011.63
2011.63
2968.33
2968.33
349.68
349.68
870.64
870.64
270.66
270.66
2613.12
2613.12
2564.57
2564.57
2371.45
2371.45
2627.83
2627.83
787.40
787.40
1302.31
1302.31
1302.31
1302.31
1382.56
1382.56
1382.56
1382.56
1418.28
1418.28
1418.28
1418.28
45.27
45.27
614.61
614.61
666.61
666.61
1226.15
1226.15
2503.87
2503.87
2393.93
2393.93
2143.20
2143.20
2349.43
2349.43
2421.06
2421.06
31.14
31.14
567.80
567.80
1243.76
1243.76
11.03
11.03
1071.97
1071.97
171.27
171.27
2649.34
2649.34
287.10
287.10
15.46
15.46
467.75
467.75
29.79
29.79
2402.07
2402.07
911.06
911.06
353.20
353.20
788.51
788.51
53.90
53.90
83.86
83.86
1617.91
1617.91
1165.33
1165.33
1997.95
1997.95
879.58
879.58
113.80
113.80
1902.61
1902.61
186.26
186.26
186.26
186.26
2501.80
2501.80
14.32
2843.54
2811.66
2811.66
3520.17
3520.17
2816.64
2816.64
2677.35
2677.35
2465.73
2465.73
2649.12
2649.12
2735.51
2735.51
2870.80
2870.80
2304.12
2304.12
40.78
40.78
3563.00
3563.00
1807.75
1807.75
80.34
80.34
1996.71
1996.71
1603.31
1603.31
562.40
562.40
1156.96
1156.96
1617.56
1617.56
1607.77
1607.77
2621.96
2621.96
74.17
74.17
869.98
869.98
1429.50
1429.50
995.03
995.03
256.91
256.91
3485.17
3485.17
355.69
355.69
450.72
450.72
821.88
821.88
21.39
21.39
335.83
335.83
969.85
969.85
3567.23
3567.23
3567.23
3567.23
3567.23
3567.23
3384.14
3384.14
579.34
579.34
1968.30
1968.30
3207.10
3207.10
3481.45
3481.45
816.49
816.49
3080.20
3080.20
2736.29
2736.29
3416.26
3416.26
21.53
21.53
3428.27
3428.27
2464.72
2464.72
2870.97
2870.97
2870.97
2870.97
2870.97
2870.97
3202.61
3202.61
3409.47
3409.47
3506.30
3506.30
3602.32
3602.32
218.29
218.29
85.12
85.12
191.04
191.04
3585.17
3585.17
3569.98
3569.98
3569.98
3569.98
3621.07
3621.07
1779.10
1779.10
1779.10
1779.10
1779.10
1779.10
1779.10
1779.10
2739.59
2739.59
186.66
186.66
12.34
12.34
838.84
838.84
838.77
838.77
259.14
259.14
858.52
858.52
369.39
369.39
2884.99
2884.99
2884.99
2884.99
120.30
120.30
888.67
888.67
2809.32
2809.32
783.18
783.18
29.79
29.79
240.33
240.33
179.75
179.75
60.65
60.65
1839.25
1839.25
14.84
14.84
19.04
19.04
924.06
924.06
76.36
76.36
1536.97
1536.97
32.60
32.60
430.68
430.68
1543.74
1543.74
2470.46
2470.46
2535.16
2535.16
2567.85
2567.85
1848.12
1848.12
2442.25
2442.25
528.93
528.93
598.53
598.53
3327.18
3327.18
848.99
848.99
21.40
21.40
3666.63
3666.63
42.63
42.63
2136.56
2136.56
251.63
251.63
37.07
37.07
16.84
16.84
1777.75
1777.75
1726.51
1726.51
1697.30
1697.30
1767.91
1767.91
1136.08
1136.08
681.66
681.66
1790.97
1790.97
526.01
526.01
2073.81
2073.81
2204.04
2204.04
2021.95
2021.95
3353.40
3353.40
727.37
727.37
2267.30
2267.30
614.86
614.86
596.07
596.07
2535.91
2535.91
2217.13
2217.13
2057.22
2057.22
2673.46
2673.46
2277.90
2277.90
1224.80
1224.80
123.83
123.83
123.83
123.83
123.83
1061.92
241.72
241.72
36.46
36.46
404.78
404.78
859.48
859.48
1294.95
1294.95
708.59
708.59
957.07
957.07
118.40
118.40
262.10
262.10
124.24
124.24
897.09
897.09
14.49
14.49
570.74
570.74
976.43
976.43
43.84
43.84
1080.12
1080.12
49.27
49.27
399.13
399.13
1583.47
1583.47
1969.94
1969.94
2318.27
2318.27
10.00
10.00
3203.75
3203.75
750.62
750.62
1706.09
1706.09
600.66
600.66
272.85
272.85
32.28
32.28
698.28
698.28
2560.06
2560.06
1685.07
1685.07
280.70
280.70
599.98
599.98
205.57
205.57
2333.95
2333.95
159.14
159.14
2240.11
2240.11
343.12
343.12
720.40
720.40
785.86
785.86
85.27
85.27
347.59
347.59
1932.32
1932.32
1944.02
1944.02
2326.71
2326.71
1520.04
1520.04
1720.53
1720.53
807.56
807.56
397.00
397.00
2015.80
2015.80
925.12
925.12
395.77
395.77
2903.52
2903.52
851.84
851.84
580.96
580.96
63.34
63.34
36.39
36.39
714.21
714.21
884.21
884.21
35.46
35.46
41.32
41.32
1952.86
1952.86
25.02
25.02
2121.39
2121.39
2718.25
2718.25
1992.66
1992.66
2682.08
2682.08
1207.95
1207.95
1756.38
1756.38
314.53
314.53
369.69
369.69
53.26
53.26
1434.35
1434.35
434.88
434.88
869.15
869.15
898.36
898.36
20.14
20.14
889.63
889.63
286.60
286.60
1676.61
1676.61
12.43
12.43
1571.99
1571.99
2540.59
2540.59
2561.58
2561.58
802.32
802.32
51.83
51.83
2540.76
2540.76
132.27
132.27
196.81
196.81
2454.16
2454.16
2504.97
2504.97
2484.09
2484.09
1872.32
1872.32
2415.97
2415.97
799.04
799.04
51.10
51.10
378.98
378.98
466.28
466.28
984.56
984.56
2621.53
2621.53
406.51
406.51
884.02
884.02
919.15
919.15
1448.82
1448.82
1537.42
1537.42
2352.14
2352.14
231.26
231.26
31.23
31.23
2486.00
2486.00
119.44
119.44
1892.87
1892.87
2501.05
2501.05
194.90
194.90
16.07
16.07
151.49
151.49
492.99
492.99
29.24
29.24
116.93
116.93
12.98
12.98
762.55
762.55
1190.13
1190.13
532.31
532.31
1517.98
1517.98
1156.14
1156.14
483.81
483.81
44.03
44.03
610.06
610.06
575.46
575.46
335.11
335.11
2412.23
2412.23
2190.99
2190.99
2440.01
2440.01
76.67
76.67
2587.51
2587.51
2741.64
2741.64
2780.09
2780.09
2780.09
10.00
10.00
340.08
2464.18
2464.18
26.97
26.97
2509.61
2509.61
2368.82
2368.82
2967.48
2967.48
2902.52
2902.52
1431.47
1431.47
2444.60
2444.60
2885.62
2885.62
893.12
893.12
83.70
83.70
2439.67
2439.67
15.84
15.84
2600.20
2600.20
2579.91
2579.91
2334.97
2334.97
858.65
858.65
2101.82
2101.82
898.10
898.10
1230.99
1230.99
21.84
21.84
1247.63
1247.63
2434.34
2434.34
820.68
820.68
85.20
85.20
2645.99
2645.99
882.96
882.96
35.97
35.97
598.75
598.75
205.86
205.86
839.09
839.09
2517.16
2517.16
882.42
882.42
16.88
16.88
2022.87
2022.87
16.67
16.67
29.74
29.74
2097.88
2097.88
3182.20
3182.20
12.34
12.34
890.05
890.05
2062.72
2062.72
1158.11
1158.11
420.25
420.25
3160.25
3160.25
294.47
294.47
1067.07
1067.07
803.07
803.07
210.72
210.72
646.43
646.43
623.43
623.43
1234.77
1234.77
36.95
36.95
1177.35
1177.35
21.27
21.27
3160.72
3160.72
915.49
915.49
341.69
341.69
2056.19
2056.19
2927.87
2927.87
998.43
998.43
1832.00
1832.00
151.28
151.28
352.65
352.65
300.55
300.55
236.42
236.42
1208.97
1208.97
65.00
65.00
460.82
460.82
60.13
60.13
1231.42
1231.42
926.08
926.08
1338.70
1338.70
1268.29
1268.29
1234.26
1234.26
1652.78
1652.78
2322.56
2322.56
658.56
658.56
1971.53
1971.53
3106.65
3106.65
236.93
236.93
3037.58
3037.58
1076.85
1076.85
888.24
888.24
1073.97
1073.97
717.52
717.52
1166.83
1166.83
598.70
598.70
271.82
271.82
21.52
21.52
41.16
41.16
2221.74
2221.74
555.45
555.45
555.45
1138.67
1138.67
1419.78
1419.78
2230.39
1072.92
1072.92
2606.49
2606.49
2671.32
2671.32
2655.26
2655.26
2638.78
2638.78
2650.49
2650.49
2534.79
2534.79
174.26
174.26
586.21
586.21
1284.67
1284.67
1180.51
1180.51
2448.44
2448.44
62.93
62.93
462.90
462.90
2655.26
2655.26
1872.36
1872.36
18.97
18.97
2895.83
2895.83
31.04
31.04
336.14
336.14
336.14
571.84
2317.62
2317.62
3001.42
3001.42
872.12
872.12
279.95
279.95
783.38
783.38
2951.33
2951.33
664.03
664.03
1240.65
1240.65
1905.31
1905.31
2556.74
2556.74
2267.25
2267.25
2550.49
2550.49
2457.21
2457.21
2498.57
2498.57
807.73
807.73
715.08
715.08
583.85
583.85
1201.49
1201.49
239.54
239.54
2175.23
2175.23
51.88
51.88
13.67
13.67
52.06
52.06
492.45
492.45
974.71
974.71
409.77
409.77
128.32
128.32
2680.16
2680.16
2020.41
2020.41
480.23
480.23
2474.61
2474.61
15.42
15.42
21.45
21.45
3330.71
3330.71
1026.65
1026.65
2515.25
2515.25
45.34
45.34
568.71
568.71
1872.55
1872.55
1957.34
1957.34
518.58
518.58
781.20
781.20
2656.78
2656.78
2278.73
2278.73
970.64
970.64
29.24
29.24
334.57
334.57
42.79
42.79
827.25
827.25
1228.28
1228.28
2565.94
2565.94
2574.73
2574.73
2381.21
2381.21
2053.04
2053.04
2314.58
2314.58
2314.58
145.37
145.37
718.11
718.11
2311.19
2311.19
1058.64
1058.64
1353.14
1353.14
159.09
159.09
27.37
27.37
2787.29
2787.29
3197.76
3197.76
897.15
897.15
3106.99
3106.99
3425.86
3425.86
3425.86
3425.86
3425.86
3425.86
2904.93
2904.93
3489.03
3489.03
3489.03
3489.03
1823.43
1823.43
577.46
577.46
1862.12
1862.12
541.05
541.05
15.56
15.56
434.80
434.80
3599.74
3599.74
3078.59
3078.59
3078.59
3078.59
893.31
893.31
3237.25
3237.25
1050.50
1050.50
453.52
453.52
26.20
26.20
1332.80
1332.80
619.76
619.76
1343.00
1343.00
1367.57
1367.57
3064.72
3064.72
3347.70
3347.70
3542.71
3542.71
2188.66
2188.66
2807.69
2807.69
1475.58
1475.58
780.62
780.62
3290.51
3290.51
880.21
880.21
1082.61
1082.61
839.13
839.13
1289.54
1289.54
111.28
111.28
3588.18
3588.18
1260.21
1260.21
1167.53
1167.53
393.92
393.92
251.26
251.26
1430.33
1430.33
1591.63
1591.63
2326.74
2326.74
534.94
534.94
2331.74
2331.74
500.50
500.50
13.43
13.43
25.44
25.44
2013.72
2013.72
773.87
773.87
127.21
127.21
3630.44
3630.44
2162.50
2162.50
3730.21
3730.21
2119.58
2119.58
18.58
18.58
875.12
875.12
2696.11
2696.11
2696.11
2696.11
864.49
864.49
61.68
61.68
886.23
886.23
3108.22
3108.22
1820.69
1820.69
1656.01
1656.01
317.82
317.82
913.50
913.50
235.01
235.01
2515.75
2515.75
2221.61
2221.61
2429.61
2429.61
2489.34
2489.34
1414.24
1414.24
646.07
646.07
3019.33
3019.33
85.79
85.79
2639.82
2639.82
2115.75
2115.75
2465.49
2465.49
14.53
14.53
1842.39
1842.39
742.72
742.72
215.92
215.92
2657.15
2657.15
2495.82
2495.82
2383.90
2383.90
2109.75
2109.75
2333.09
2333.09
605.81
605.81
2274.23
2274.23
1468.20
1468.20
2696.50
2696.50
2696.47
2696.47
218.04
218.04
2452.87
2452.87
42.97
42.97
2748.02
2748.02
1095.90
1095.90
449.18
449.18
21.31
21.31
2825.81
2825.81
2722.20
2722.20
2341.80
2341.80
2425.66
2425.66
874.98
874.98
518.43
518.43
713.30
713.30
2508.41
2508.41
2508.41
117.07
117.07
2322.02
2393.61
2393.61
2325.47
2325.47
2255.29
2255.29
63.81
63.81
2575.95
2575.95
366.57
366.57
847.47
847.47
51.50
51.50
2229.52
2229.52
209.88
209.88
39.99
39.99
717.95
717.95
1670.21
1670.21
45.04
45.04
1826.63
1826.63
167.52
167.52
30.69
30.69
2189.15
2189.15
2376.49
2376.49
33.42
33.42
2285.48
2285.48
2382.94
2382.94
311.22
311.22
20.13
20.13
2416.35
2416.35
1449.00
1449.00
1199.96
1199.96
2469.22
2469.22
2448.30
2448.30
2593.11
2593.11
2362.43
2362.43
384.54
384.54
43.12
43.12
404.13
404.13
84.07
84.07
84.89
84.89
1048.00
1048.00
2692.34
2692.34
142.47
142.47
27.80
27.80
3497.78
3497.78
1319.47
1319.47
870.96
870.96
826.31
826.31
768.16
768.16
2399.16
2399.16
2125.60
2125.60
1703.07
1703.07
829.95
829.95
28.40
28.40
1500.62
1500.62
1476.91
1476.91
893.81
893.81
1833.74
1833.74
2634.42
2634.42
2435.45
2435.45
2100.40
2100.40
2434.20
2434.20
2223.75
2223.75
2415.63
2415.63
2397.01
2397.01
2408.54
2408.54
2358.17
2358.17
2089.87
2089.87
1880.71
1880.71
152.75
152.75
297.72
297.72
1604.91
1604.91
945.08
945.08
2586.92
2586.92
3077.52
3077.52
2661.87
2661.87
217.11
217.11
168.11
168.11
2725.66
2725.66
220.47
220.47
220.47
146.81
143.22
143.22
817.69
817.69
496.65
496.65
530.26
530.26
19.94
19.94
155.14
155.14
83.75
83.75
587.13
587.13
2614.63
2614.63
756.91
756.91
1670.73
1670.73
1847.55
1847.55
1397.08
1397.08
154.46
154.46
2360.78
2360.78
1774.15
1774.15
1315.77
1315.77
583.97
583.97
98.49
98.49
212.19
212.19
189.67
189.67
744.44
744.44
2130.82
2130.82
1826.71
1826.71
2702.64
2702.64
826.66
826.66
151.43
151.43
46.80
46.80
2571.05
2571.05
2586.84
2586.84
22.94
22.94
311.41
311.41
2757.78
2757.78
102.15
102.15
3073.48
3073.48
81.51
81.51
2553.08
2553.08
3250.94
3250.94
10.84
10.84
1359.40
1359.40
3640.73
3640.73
3640.73
3640.73
3640.73
3640.73
2127.92
2127.92
24.35
24.35
123.57
123.57
1679.15
1679.15
1663.20
1663.20
2337.77
2337.77
867.15
867.15
563.41
563.41
528.85
528.85
224.70
224.70
1968.25
1968.25
32.68
32.68
670.74
670.74
862.45
862.45
13.92
13.92
2429.50
2429.50
2427.33
2427.33
2427.33
2427.33
2274.53
2274.53
2156.46
2156.46
2368.82
2368.82
2368.82
2368.82
2426.58
2426.58
2293.81
2293.81
2390.08
2390.08
2447.77
2447.77
2468.85
2468.85
2313.06
2313.06
2313.06
2313.06
2313.06
2313.06
840.92
840.92
2730.30
2730.30
2717.59
2717.59
2667.55
2667.55
21.49
21.49
3113.73
3113.73
3113.73
3113.73
3113.73
3113.73
3113.73
3113.73
58.20
58.20
2464.21
2464.21
437.57
437.57
863.72
863.72
559.37
559.37
979.35
979.35
313.44
313.44
3072.39
3072.39
3072.39
3072.39
1272.56
1272.56
3274.95
3274.95
3274.95
3274.95
363.58
363.58
820.50
820.50
2329.80
2329.80
1535.31
1535.31
1096.76
1096.76
180.13
180.13
3021.79
3021.79
3516.44
3516.44
10.00
10.00
202.77
202.77
883.34
883.34
793.08
793.08
2684.61
2684.61
2996.64
2996.64
2007.09
2007.09
1089.68
1089.68
601.47
601.47
615.81
615.81
29.48
29.48
226.74
226.74
641.72
641.72
2689.02
2689.02
2763.35
2763.35
16.96
16.96
14.00
14.00
1670.19
1670.19
2054.15
2054.15
820.21
820.21
449.20
449.20
2566.10
2566.10
682.18
682.18
2151.97
2151.97
2824.07
2824.07
932.04
932.04
2106.90
2106.90
2239.68
2239.68
348.08
348.08
614.47
614.47
2536.94
2536.94
2612.20
2612.20
2343.02
2343.02
2547.60
2547.60
2612.26
2612.26
122.55
122.55
758.19
758.19
318.13
318.13
886.77
886.77
1661.64
1661.64
429.42
429.42
2735.95
2735.95
31.46
31.46
2729.53
2729.53
2714.79
2714.79
2818.03
2818.03
1492.29
1492.29
2886.44
2886.44
2342.68
2342.68
2330.58
2330.58
2306.60
2306.60
2599.26
2599.26
2578.09
2578.09
2411.83
2411.83
2411.83
335.78
335.78
1890.69
699.25
699.25
1998.41
1998.41
1959.71
1959.71
2482.82
2482.82
2819.04
2819.04
24.69
24.69
853.16
853.16
1132.12
1132.12
471.57
471.57
10.00
10.00
134.88
134.88
85.16
85.16
2447.16
2447.16
564.74
564.74
1534.44
1534.44
1906.87
1906.87
14.42
14.42
2045.49
2045.49
169.54
169.54
330.18
330.18
158.60
158.60
1294.75
1294.75
1951.15
1951.15
794.90
794.90
399.61
399.61
1390.90
1390.90
580.33
580.33
2662.21
2662.21
299.17
299.17
2365.99
2365.99
1396.36
1396.36
979.53
979.53
2355.71
2355.71
595.92
595.92
235.24
235.24
811.43
811.43
2467.91
2467.91
829.94
829.94
706.04
706.04
754.82
754.82
17.52
17.52
1264.20
1264.20
863.38
863.38
274.32
274.32
72.50
72.50
358.29
358.29
1913.64
1913.64
1815.89
1815.89
130.26
130.26
894.87
894.87
112.89
112.89
192.58
192.58
1128.23
1128.23
933.40
933.40
15.45
15.45
14.99
14.99
557.98
557.98
2882.39
2882.39
37.30
37.30
898.38
898.38
1950.12
1950.12
881.82
881.82
186.54
186.54
693.40
693.40
12.41
12.41
1357.40
1357.40
1715.12
1715.12
2378.30
2378.30
204.72
204.72
3053.28
3053.28
505.73
505.73
869.38
869.38
2093.02
2093.02
2832.34
2832.34
1634.20
1634.20
1128.17
1128.17
2217.42
2217.42
1913.15
1913.15
893.84
893.84
13.72
13.72
1253.12
1253.12
193.36
193.36
535.70
535.70
869.09
869.09
477.04
477.04
2640.55
2640.55
610.38
610.38
1187.84
