# 1Hz Kbps trace generated by import_real_world_traces.py
2556.10
4130.64
4130.64
158.79
158.79
1552.39
1552.39
1262.04
1262.04
1834.22
1834.22
5244.05
5244.05
2086.51
2086.51
120.05
120.05
677.87
677.87
3804.18
3804.18
3969.33
3969.33
4512.21
4512.21
4644.61
4644.61
4633.16
4633.16
5308.37
5308.37
3610.42
3610.42
4068.97
4068.97
322.45
322.45
188.53
188.53
2875.38
2875.38
2081.61
2081.61
411.04
411.04
6354.33
6354.33
2481.73
2481.73
1581.50
1581.50
2591.19
2591.19
2457.69
2457.69
3326.20
3326.20
4170.07
4170.07
295.18
295.18
1349.83
1349.83
755.80
755.80
262.82
262.82
3539.22
3539.22
1669.28
1669.28
1832.96
1832.96
10.00
10.00
1741.48
1741.48
10.00
10.00
5279.69
5279.69
4293.31
4293.31
4458.14
4458.14
10.00
10.00
4574.80
4574.80
344.70
344.70
3203.72
3203.72
710.98
710.98
3376.95
3376.95
1028.92
1028.92
2483.82
2483.82
5055.89
5055.89
46.27
46.27
2733.73
2733.73
6586.26
6586.26
904.30
904.30
3949.60
3949.60
5657.13
5657.13
5657.13
5657.13
4229.80
4229.80
1939.75
1939.75
1640.48
1640.48
4780.66
4780.66
711.63
711.63
916.56
916.56
4967.96
4967.96
5535.04
5535.04
2575.97
2575.97
2298.52
2298.52
964.22
964.22
1627.32
1627.32
163.07
163.07
1298.93
1298.93
125.07
125.07
3665.61
3665.61
4869.40
4869.40
600.45
600.45
2249.49
2249.49
112.12
112.12
1202.34
1202.34
2376.02
2376.02
1228.12
1228.12
1734.94
1734.94
4900.48
4900.48
6339.16
6339.16
787.08
787.08
644.53
644.53
585.78
585.78
144.66
144.66
1988.31
1988.31
263.54
263.54
1987.93
1987.93
451.22
451.22
378.23
378.23
91.89
91.89
1544.11
1544.11
143.29
143.29
1208.49
