# 1Hz Kbps trace generated by import_real_world_traces.py
724.81
724.81
220.73
220.73
124.85
296.64
454.51
431.89
664.87
664.87
664.87
760.74
760.74
760.74
189.87
854.20
854.20
854.20
854.20
217.42
217.42
231.37
231.37
31.24
31.24
31.24
46.10
260.12
73.40
73.40
73.40
73.40
271.65
160.93
374.56
363.53
363.53
155.24
52.38
52.38
305.95
305.95
271.36
271.36
271.36
157.92
157.92
147.45
147.45
331.21
331.21
331.21
291.14
510.72
510.72
510.72
510.72
236.32
437.48
437.48
427.65
427.65
208.66
208.66
507.59
510.46
510.46
510.46
510.46
194.04
194.04
194.04
194.04
194.04
194.04
216.19
594.83
814.88
523.53
523.53
523.53
503.52
503.52
503.52
250.37
250.37
15.68
15.68
129.14
129.14
129.14
187.52
87.49
87.49
87.49
51.93
184.49
184.49
188.71
188.71
221.15
221.15
221.15
221.15
331.54
331.54
400.95
669.00
669.00
669.00
229.64
546.62
546.62
546.62
680.55
680.55
386.63
386.63
386.63
386.63
656.31
656.31
656.31
656.31
97.68
