# 1Hz Kbps trace generated by import_real_world_traces.py
2163.57
2163.57
1719.36
1906.85
1026.19
457.81
87.88
87.88
27.28
869.69
2284.23
1348.39
710.37
2312.54
150.28
746.78
746.78
895.25
895.25
208.31
208.31
113.85
113.85
109.04
109.04
715.04
715.04
908.99
908.99
908.99
908.99
40.04
40.04
40.04
526.56
526.56
1167.11
1167.11
2304.18
2304.18
2304.18
626.97
626.97
43.47
43.47
281.94
281.94
22.43
2258.68
2975.30
2975.30
4087.40
4087.40
2219.07
2219.07
3342.85
3342.85
47.49
47.49
117.90
117.90
577.25
577.25
336.82
336.82
1340.05
1340.05
389.83
389.83
690.51
690.51
1317.30
1317.30
1648.33
1648.33
365.48
365.48
1741.16
1741.16
1912.36
1912.36
78.19
78.19
125.77
125.77
104.80
104.80
622.50
622.50
30.65
30.65
10.00
10.00
10.00
171.57
171.57
141.54
420.59
420.59
39.26
39.26
2143.47
2143.47
1965.21
1965.21
513.40
513.40
36.19
36.19
188.88
188.88
1888.22
1888.22
983.78
983.78
1750.83
1750.83
1197.20
1197.20
1358.53
1358.53
2730.66
2730.66
2700.53
2700.53
888.02
888.02
4733.79
4733.79
128.26
128.26
777.61
777.61
588.36
588.36
317.08
317.08
1575.23
1575.23
205.29
205.29
4447.66
4447.66
894.65
894.65
58.74
58.74
425.62
425.62
4615.78
4615.78
876.76
876.76
776.02
776.02
2137.61
2137.61
4568.15
4568.15
75.96
75.96
311.45
311.45
4485.34
4485.34
15.77
15.77
1037.97
1037.97
1110.41
1110.41
3364.46
3364.46
2280.74
2280.74
6590.14
6590.14
2767.47
2767.47
78.72
78.72
3448.77
3448.77
147.31
147.31
207.17
207.17
2270.55
2270.55
19.13
19.13
4745.77
4745.77
1263.30
1263.30
737.19
737.19
2402.72
2402.72
6184.35
6184.35
5354.45
5354.45
2307.57
2307.57
43.41
43.41
1530.80
1530.80
2152.21
2152.21
7019.53
7019.53
6236.20
6236.20
6377.12
6377.12
1048.07
1048.07
3090.77
3090.77
6214.70
6214.70
13.32
13.32
36.55
36.55
110.50
110.50
1553.80
1553.80
5927.99
5927.99
5622.85
5622.85
2264.26
2264.26
198.34
