# 1Hz Kbps trace generated by import_real_world_traces.py
1211.16
1265.22
798.14
1275.88
1275.88
1257.73
1257.73
1249.42
1249.42
1134.52
1134.52
1251.30
1251.30
1251.30
1251.30
1286.63
1286.63
1232.20
1232.20
1163.51
1163.51
793.02
793.02
1263.05
1263.05
1263.05
1263.05
1262.57
1262.57
1260.02
1260.02
1268.56
1268.56
1271.87
1271.87
1271.87
1204.78
1204.78
528.19
528.19
528.19
878.67
878.67
1201.72
1201.72
1275.09
475.29
475.29
1260.84
1260.84
1235.93
1205.98
1205.98
1260.98
1260.98
98.60
98.60
1254.52
1254.52
1194.13
1194.13
1086.82
1086.82
1264.92
1264.92
1238.82
1238.82
1263.58
1263.58
1300.89
1300.89
744.46
744.46
915.31
915.31
1251.26
1251.26
1184.67
1184.67
19.73
19.73
1199.35
1199.35
1255.27
1255.27
1255.42
1255.42
246.11
246.11
1068.84
1068.84
1109.34
1109.34
1069.60
1069.60
449.01
449.01
1207.80
1207.80
1241.00
1241.00
1241.00
1267.56
1267.56
1281.81
1260.15
1260.15
685.62
685.62
1113.78
1113.78
1281.61
1281.61
1254.63
1254.63
1277.89
1277.89
915.16
915.16
1189.27
1189.27
1291.24
1291.24
1239.99
1239.99
1239.99
950.41
10.00
10.00
1156.96
1156.96
1311.19
1311.19
1177.59
1177.59
110.29
110.29
1252.02
1252.02
1143.29
1143.29
1287.09
1287.09
577.11
577.11
1233.75
1233.75
10.00
10.00
1271.22
1271.22
98.89
98.89
901.36
901.36
964.71
964.71
886.17
886.17
1231.37
1231.37
1258.75
1258.75
755.11
755.11
1189.19
1189.19
866.69
866.69
128.32
128.32
845.66
845.66
725.51
725.51
908.87
908.87
1266.35
1266.35
716.39
716.39
43.18
43.18
63.22
63.22
1194.43
1194.43
1285.91
1285.91
41.94
41.94
258.25
258.25
1240.28
1240.28
900.63
900.63
900.63
809.12
809.12
809.12
688.07
688.07
1198.68
1198.68
257.71
1260.59
1263.61
1263.61
1200.07
1200.07
1268.43
1268.43
968.79
968.79
473.79
473.79
739.11
739.11
739.11
183.31
1119.17
1119.17
40.76
40.76
40.76
466.76
466.76
466.76
490.78
1295.60
1295.60
1236.83
20.48
20.48
1225.72
1225.72
957.49
957.49
957.49
764.87
890.57
890.57
1089.91
1089.91
233.25
233.25
511.59
511.59
1171.09
1171.09
940.97
940.97
1260.46
1260.46
1060.68
1060.68
808.62
808.62
1252.44
1252.44
1264.53
1264.53
588.08
588.08
1230.79
1230.79
374.51
374.51
818.06
818.06
1266.30
1266.30
767.28
767.28
863.93
863.93
13.73
13.73
1289.37
1289.37
21.89
21.89
1260.39
1260.39
906.07
906.07
1254.12
1254.12
1260.47
1260.47
1266.73
1266.73
1217.66
1217.66
1262.45
1262.45
152.30
152.30
1103.89
1103.89
298.03
298.03
1195.90
1195.90
665.71
665.71
401.22
401.22
554.21
554.21
1228.93
1228.93
17.42
17.42
1054.31
1054.31
375.42
375.42
43.62
43.62
43.62
363.53
363.53
363.53
105.97
105.97
662.94
662.94
1262.56
1262.56
1253.65
1090.91
1090.91
1295.97
1295.97
1389.36
1389.36
362.88
362.88
1224.04
1224.04
1224.04
677.98
677.98
244.90
1082.62
1082.62
10.00
10.00
1273.23
1280.81
1280.81
1273.20
1273.20
1273.20
656.55
1268.64
1268.64
474.10
474.10
474.10
1185.18
1275.33
1275.33
325.95
325.95
1301.25
1301.25
1301.25
749.07
749.07
749.07
403.24
403.24
1007.04
1007.04
1137.25
1137.25
1137.25
438.81
438.81
438.81
1198.72
1263.86
1199.45
1199.45
1199.45
1208.79
1208.79
1280.63
253.55
253.55
1254.49
1254.49
1254.49
10.00
235.53
235.53
1058.37
1058.37
1058.37
160.25
914.14
914.14
1254.45
1254.45
1254.45
1098.64
1098.64
1232.31
1159.74
1159.74
1159.74
1292.41
1292.41
1224.02
1298.92
1298.92
1271.79
1271.79
1234.11
1234.11
1262.35
1262.35
1239.80
1239.80
1239.80
1169.63
1169.63
1293.60
1263.42
1263.42
1263.42
1257.02
1257.02
1260.84
1258.30
1258.30
1198.65
1198.65
1198.65
1264.46
1266.44
1266.44
1287.28
1287.28
1287.28
1254.56
1254.56
1261.45
1224.31
1224.31
1224.31
1162.85
1162.85
1143.01
1143.01
1107.77
1252.92
1252.92
1252.92
1273.37
1262.58
1262.58
1262.58
1262.58
1262.58
1262.58
1262.58
1262.58
1239.21
1239.21
1239.21
1274.07
1274.07
1257.86
1257.86
1263.69
1238.21
1238.21
1238.21
1235.36
1235.36
1259.91
1087.91
1087.91
1087.91
1185.73
1185.73
10.00
1261.27
1261.27
1269.49
1269.49
1269.49
1260.67
1122.21
1122.21
1122.21
1267.49
1267.49
1272.75
1272.75
1147.34
1147.34
1284.05
1284.05
1259.19
1259.19
918.92
918.92
1131.64
1131.64
1277.05
1277.05
1248.96
1270.86
1270.86
1270.86
1263.46
1263.46
253.16
253.16
417.01
417.01
1269.12
1269.12
1223.95
1223.95
1241.47
892.55
892.55
892.55
13.73
13.73
839.62
1117.64
1117.64
1117.64
1265.53
1265.53
847.00
847.00
1158.22
1158.22
1208.40
1208.40
187.65
187.65
1309.78
1309.78
689.37
689.37
1170.94
1170.94
938.62
938.62
192.07
192.07
851.63
851.63
1272.88
1272.88
402.22
402.22
1267.57
1267.57
1191.05
1191.05
352.68
352.68
93.35
93.35
1271.64
1271.64
488.31
488.31
27.23
27.23
11.99
11.99
142.55
142.55
105.50
105.50
1188.87
1188.87
1256.43
1256.43
529.90
529.90
1314.95
1314.95
1014.49
1014.49
1014.49
610.26
25.58
25.58
1247.80
1247.80
12.58
12.58
12.17
12.17
554.31
554.31
554.31
717.74
717.74
717.74
445.02
445.02
178.48
178.48
178.48
1089.19
1089.19
534.88
534.88
277.23
277.23
227.71
227.71
142.68
142.68
844.40
1301.16
1141.64
1208.28
1208.28
1056.46
1056.46
28.86
28.86
28.86
900.75
900.75
491.01
979.94
979.94
27.44
27.44
971.93
971.93
16.05
16.05
659.86
659.86
26.48
26.48
1049.52
1049.52
1080.99
1080.99
25.51
25.51
1229.39
1229.39
466.43
466.43
1154.66
1154.66
1265.56
1265.56
1284.33
1284.33
593.98
593.98
110.62
110.62
340.08
340.08
10.00
10.00
426.07
426.07
1304.05
1304.05
1318.39
1318.39
1318.39
69.88
69.88
69.88
318.04
318.04
318.04
1222.90
1222.90
78.28
78.28
1235.72
1235.72
206.66
206.66
1189.55
1189.55
1270.28
1270.28
27.36
1292.54
1179.36
1179.36
1278.82
1278.82
1246.95
1072.40
1072.40
1265.81
1265.81
1171.87
1171.87
1274.85
1274.85
1169.03
1169.03
1307.47
1307.47
257.64
257.64
1272.52
1272.52
947.40
947.40
1270.12
1270.12
817.64
817.64
204.89
204.89
1271.83
1271.83
1265.35
1265.35
464.53
464.53
172.97
172.97
897.42
897.42
897.42
1043.98
1043.98
1281.31
293.44
293.44
990.43
990.43
1275.95
1275.95
1238.39
1238.39
258.78
258.78
1256.58
1256.58
587.51
587.51
86.69
86.69
86.69
460.30
460.30
268.70
268.70
196.63
1330.28
1330.28
236.95
236.95
894.90
894.90
1174.78
1174.78
1001.09
1001.09
1205.76
1205.76
621.80
621.80
916.46
916.46
1285.05
1285.05
445.40
445.40
445.40
445.40
10.00
10.00
10.00
931.07
931.07
931.07
448.59
448.59
834.42
1234.63
13.00
13.00
1087.33
43.60
43.60
19.03
19.03
643.02
1252.35
1252.35
716.97
716.97
716.97
620.30
620.30
566.58
566.58
444.82
444.82
208.68
208.68
979.84
979.84
979.84
979.84
10.00
1041.02
796.22
1217.15
1217.15
468.19
468.19
593.21
593.21
1260.86
1260.86
1260.86
1260.86
22.33
22.33
22.33
22.33
859.26
859.26
200.20
89.63
874.37
874.37
864.57
1309.77
1309.77
1285.72
1285.72
1141.71
1040.07
1040.07
644.38
644.38
1279.80
1279.80
691.44
691.44
13.24
13.24
10.92
10.92
178.36
178.36
885.47
885.47
1248.75
1248.75
106.26
106.26
106.26
1061.73
1061.73
1249.55
1249.55
1263.85
413.62
413.62
1213.88
1213.88
1206.65
1206.65
20.02
20.02
20.02
1264.21
1264.21
908.50
1253.11
1253.11
1255.23
1255.23
257.28
257.28
1264.97
1264.97
533.89
533.89
533.89
797.86
797.86
1327.01
1327.01
381.81
975.34
975.34
1203.60
1203.60
53.31
53.31
712.20
712.20
798.03
798.03
1208.39
1208.39
1145.55
1145.55
1277.30
1277.30
1252.86
1252.86
131.55
131.55
1022.48
1022.48
1111.56
1111.56
827.47
827.47
827.47
965.88
965.88
723.83
1277.74
1277.74
938.59
938.59
1238.72
1238.72
1239.51
1239.51
1304.22
1304.22
1172.23
1172.23
1171.72
1171.72
823.10
823.10
1097.42
1097.42
1097.42
326.77
326.77
29.25
401.52
401.52
42.16
42.16
42.16
382.84
382.84
731.22
1099.44
1099.44
1221.25
1221.25
10.00
10.00
962.70
962.70
261.10
261.10
21.83
21.83
409.55
409.55
548.59
548.59
310.36
310.36
545.42
545.42
43.69
43.69
257.05
257.05
89.53
89.53
701.94
701.94
701.94
701.94
883.71
883.71
1269.07
1269.07
1269.07
855.23
855.23
852.18
852.18
855.23
841.88
841.88
1174.68
1174.68
638.46
638.46
638.46
638.46
767.53
767.53
778.99
778.99
779.00
1266.30
1209.67
1260.99
1273.39
1273.39
20.05
20.05
589.98
589.98
17.97
17.97
1211.35
1211.35
1211.35
10.23
10.23
10.23
726.07
726.07
726.07
1089.77
1089.77
935.02
935.02
935.02
1280.82
1280.82
911.16
911.16
585.53
873.78
873.78
873.78
1022.82
1022.82
1141.92
1141.92
1168.53
1197.45
50.53
50.53
1279.30
741.43
741.43
1261.83
1261.83
1076.78
1076.78
1264.59
1264.59
1339.23
1339.23
1227.71
120.00
120.00
120.00
1174.06
1174.06
1265.81
1267.07
1267.07
1278.87
1278.87
1278.38
1278.38
1224.44
1224.44
1242.67
1242.67
1242.67
1269.18
1269.18
1269.94
632.01
632.01
12.35
12.35
1283.49
1283.49
107.68
107.68
1262.78
1262.78
13.24
13.24
985.79
985.79
964.99
964.99
817.16
817.16
1056.76
1056.76
1120.46
1120.46
1189.97
1189.97
1267.14
1267.14
761.43
761.43
157.61
157.61
1060.77
1060.77
1228.89
1228.89
1228.89
1228.89
1250.48
1250.48
1262.12
1262.12
1095.37
1095.37
1308.32
1308.32
1058.69
1058.69
538.41
538.41
1255.97
1255.97
122.47
122.47
1174.44
1174.44
1287.95
1287.95
1276.78
1276.78
243.87
243.87
200.67
200.67
1292.98
1292.98
1190.43
1190.43
1273.62
1273.62
40.98
40.98
1215.98
1215.98
1355.90
1355.90
711.40
711.40
1305.69
1305.69
88.43
88.43
1291.34
1291.34
22.76
22.76
178.60
178.60
1200.16
1200.16
1176.71
1176.71
1257.89
1257.89
353.15
353.15
1274.95
1274.95
483.16
483.16
1176.01
1176.01
1125.62
1125.62
1223.19
1223.19
1261.50
1261.50
1268.07
1268.07
1243.73
1243.73
696.14
696.14
379.31
379.31
65.19
65.19
1270.47
1270.47
12.60
12.60
281.04
281.04
1168.31
1168.31
855.90
855.90
334.30
334.30
162.15
162.15
12.77
12.77
1112.14
1112.14
1112.14
1112.14
691.40
691.40
568.29
568.29
1088.82
1088.82
513.91
513.91
1231.85
1231.85
10.00
10.00
473.84
473.84
1169.71
1169.71
29.93
29.93
19.23
19.23
34.77
34.77
34.77
522.18
522.18
468.04
468.04
468.04
419.36
419.36
419.36
668.99
538.50
538.50
931.00
931.00
931.00
67.28
79.35
79.35
79.35
382.51
382.51
628.07
628.07
13.73
832.11
832.11
1230.03
1230.03
372.35
372.35
224.03
224.03
1271.12
1271.12
1262.94
1262.94
1235.66
1235.66
1234.76
1234.76
449.28
449.28
1259.87
1259.87
1013.13
1013.13
1013.13
1013.13
10.00
10.00
596.71
596.71
1255.03
1255.03
109.71
719.97
719.97
449.21
449.21
243.97
749.90
749.90
463.50
463.50
80.96
80.96
80.96
126.02
126.02
628.70
628.70
628.70
1115.16
1115.16
1115.16
1021.13
493.43
1251.76
1160.11
1160.11
127.68
127.68
139.22
139.22
1235.97
1235.97
1235.97
833.01
833.01
610.36
610.36
610.36
686.05
686.05
1259.47
1259.47
1101.80
1101.80
613.12
613.12
50.02
67.51
1242.51
1242.51
1258.23
1258.23
1258.23
1257.70
1261.66
1261.66
1261.92
1261.92
1064.66
1064.66
1265.00
1265.00
1211.29
1211.29
1301.29
1301.29
1268.10
1268.10
737.40
737.40
406.39
406.39
406.39
1262.84
873.21
873.21
1192.27
1192.27
1192.27
1259.88
1267.27
1267.27
1257.17
1257.17
759.17
759.17
1265.95
1265.95
1265.95
1003.65
1003.65
1102.63
1102.63
1110.01
1262.47
1262.47
1247.38
1247.38
1247.38
1222.92
1251.32
1251.32
1054.07
1054.07
1251.68
1251.68
1251.68
529.45
529.45
1095.66
1257.91
1257.91
1257.91
1156.48
10.00
10.00
1242.15
1242.15
1242.15
1297.69
1254.91
1254.91
1254.91
1243.42
1243.42
1330.79
1261.43
1261.43
1258.15
1258.15
1258.15
671.28
671.28
671.28
135.62
1210.22
1360.61
1360.61
1360.61
1278.44
1278.44
692.20
692.20
1188.66
1188.66
1188.66
1188.66
525.08
525.08
525.08
657.18
657.16
657.16
436.97
436.97
933.41
933.41
1252.04
1252.04
1274.58
1274.58
1288.74
1288.74
1268.93
1216.29
1216.29
10.81
10.81
578.50
578.50
179.47
179.47
261.25
747.75
97.45
97.45
97.45
654.38
1151.29
1151.29
1151.29
186.44
186.44
186.44
952.30
952.30
115.95
115.95
115.95
860.86
860.86
860.86
362.41
362.41
362.41
1045.60
1045.60
74.33
74.33
782.68
782.68
470.08
470.08
10.00
10.00
1158.88
1158.88
10.34
1025.92
846.35
846.35
243.96
243.96
243.96
10.00
10.00
240.34
240.34
785.28
759.27
759.27
29.49
436.34
436.34
475.05
475.05
633.34
633.34
633.34
72.21
72.21
10.00
10.00
622.69
622.69
648.30
648.30
625.08
863.15
507.16
507.16
431.40
431.40
431.40
28.92
28.92
28.92
28.92
159.67
159.67
239.95
239.95
239.95
46.50
340.62
959.38
959.41
959.41
959.41
14.49
14.49
118.83
118.83
65.12
65.12
65.12
12.11
12.11
10.00
10.00
10.00
210.27
210.27
480.41
480.41
10.00
10.00
398.49
398.49
11.49
11.49
167.64
167.64
46.16
46.16
27.30
27.30
21.85
21.85
10.00
10.00
634.24
634.24
378.02
378.02
1195.08
1195.08
21.25
21.25
297.73
297.73
1249.45
1249.45
13.00
13.00
848.11
848.11
20.66
20.66
10.00
10.00
256.12
256.12
256.12
250.91
783.25
783.25
1268.26
1268.26
37.64
37.64
482.75
482.75
22.09
22.09
1259.62
1259.62
1147.00
1147.00
1149.25
1149.25
1213.69
1213.69
1254.56
1254.56
1258.29
1258.29
1264.83
1264.83
1260.55
1260.55
10.50
10.50
1268.32
1268.32
353.27
353.27
1265.97
1265.97
1266.96
1266.96
1222.95
1222.95
397.24
397.24
1117.83
1117.83
1212.04
1212.04
1164.51
1164.51
314.99
314.99
1236.93
1236.93
1149.61
1149.61
1252.44
1252.44
24.32
24.32
1184.79
1184.79
702.78
702.78
1277.13
1277.13
1237.41
1237.41
1245.84
1245.84
1021.53
1021.53
1119.55
1119.55
361.90
361.90
855.15
855.15
949.21
949.21
1187.94
1187.94
276.28
276.28
1061.01
1061.01
1205.37
1205.37
1110.57
1110.57
696.72
696.72
166.34
166.34
422.77
422.77
463.64
463.64
1051.31
1051.31
846.17
846.17
846.17
846.17
1213.73
1213.73
1157.78
1157.78
1226.19
1226.19
325.77
325.77
96.38
96.38
975.87
975.87
975.87
975.87
975.87
975.87
64.97
64.97
10.00
10.00
10.00
382.80
649.43
649.43
334.83
334.83
22.48
22.48
1152.40
1152.40
1257.80
1257.80
50.38
50.38
1299.87
1299.87
1256.65
1256.65
1212.93
1212.93
1267.93
1267.93
1263.94
1263.94
10.00
10.00
1136.05
1136.05
11.65
11.65
1277.90
1277.90
725.77
725.77
1258.79
1258.79
820.92
820.92
1260.05
1260.05
1228.58
1228.58
31.38
31.38
1235.56
1235.56
1273.14
1273.14
1064.59
1064.59
1273.72
1273.72
27.27
27.27
364.52
364.52
13.99
13.99
1136.03
1136.03
1186.57
1186.57
816.26
816.26
118.63
118.63
99.81
99.81
1252.55
1252.55
1252.89
1252.89
338.07
338.07
174.57
174.57
304.00
304.00
258.63
258.63
216.09
216.09
41.23
41.23
176.04
176.04
663.14
663.14
230.38
230.38
400.42
400.42
206.01
206.01
1262.19
1262.19
225.19
225.19
1275.25
1275.25
16.22
16.22
1264.46
1264.46
89.11
89.11
532.23
532.23
1266.92
1266.92
1278.00
1278.00
26.54
26.54
142.94
142.94
554.09
554.09
163.79
163.79
564.38
564.38
1259.57
1259.57
125.73
125.73
1234.08
1234.08
1123.08
1123.08
1123.08
1123.08
1286.28
1286.28
821.01
821.01
95.20
95.20
40.24
40.24
714.74
714.74
26.88
26.88
1194.62
1194.62
790.56
790.56
11.96
11.96
11.96
1267.89
1267.89
1135.32
1135.32
1327.00
1327.00
1327.00
1262.49
1063.48
1063.48
587.19
267.15
267.15
21.53
21.53
701.72
701.72
313.10
313.10
332.41
332.41
34.74
34.74
1347.75
1347.75
580.66
580.66
1038.10
1038.10
10.31
10.31
1226.79
1226.79
1258.58
1258.58
17.76
17.76
316.04
316.04
291.93
291.93
325.15
325.15
264.12
264.12
1251.48
1251.48
742.86
742.86
645.21
645.21
41.06
41.06
1034.94
1034.94
1300.80
1300.80
1283.82
1283.82
1268.92
1268.92
1291.12
1291.12
282.09
282.09
1262.48
1262.48
539.22
539.22
1273.47
1273.47
1261.65
1261.65
176.48
176.48
474.58
474.58
1261.23
1261.23
639.15
639.15
1269.20
1269.20
513.48
513.48
1252.08
1252.08
1245.63
1245.63
780.28
780.28
1260.30
1260.30
1260.30
78.22
1263.64
1263.64
1261.76
1261.76
1090.96
1090.96
700.05
700.05
406.93
406.93
1241.90
1241.90
33.22
33.22
990.90
990.90
1256.87
1256.87
1279.10
1279.10
1165.80
1165.80
1145.23
1145.23
1224.50
1224.50
1092.65
1092.65
1249.22
1249.22
16.26
16.26
1249.53
1249.53
1274.99
1274.99
232.47
232.47
476.72
476.72
1196.18
1196.18
1274.55
1274.55
1201.84
1201.84
1228.85
1228.85
524.80
524.80
1222.27
1222.27
474.79
474.79
1249.75
1249.75
1254.58
1254.58
1254.58
1254.58
1286.84
1286.84
1109.98
1109.98
1264.58
1264.58
1163.67
1163.67
1299.47
1299.47
728.28
728.28
1281.41
1281.41
1241.87
1241.87
1157.08
1157.08
1140.55
1140.55
1238.64
1238.64
1232.15
1232.15
1264.46
1264.46
1254.24
1254.24
1259.13
1259.13
1243.75
1243.75
1279.56
1279.56
1231.03
1231.03
1086.51
1086.51
1281.32
1281.32
728.85
728.85
728.85
948.88
1094.38
1094.38
1094.38
1234.81
1234.81
483.45
483.45
1054.47
1260.98
1260.98
1203.60
1203.60
1277.78
1277.78
1156.63
1156.63
1268.27
1268.27
1269.04
1269.04
1293.62
1293.62
1255.18
1255.18
1255.18
1255.18
1260.12
1260.12
1280.69
1280.69
835.96
835.96
835.96
835.96
1155.16
1155.16
1278.55
1278.55
1175.13
1175.13
1244.16
1244.16
1269.97
1269.97
1270.79
1270.79
1270.79
1270.79
1270.79
1270.79
13.97
13.97
1265.87
1265.87
1287.30
1287.30
21.80
21.80
1102.13
1102.13
1042.88
1042.88
20.61
20.61
482.53
482.53
1271.88
1271.88
1164.04
1164.04
1236.71
1236.71
1197.81
1197.81
1247.02
1247.02
1255.48
1255.48
1294.04
1294.04
66.80
66.80
1073.16
1073.16
1190.38
1190.38
1076.40
1076.40
1224.18
1224.18
1260.76
1260.76
1197.94
1197.94
1255.64
1255.64
1250.01
1250.01
1227.31
1227.31
1258.68
1258.68
1251.44
1251.44
1207.24
1207.24
1222.76
1222.76
477.53
477.53
10.43
10.43
1274.82
1274.82
1269.41
1269.41
1280.40
1280.40
703.95
703.95
1237.77
1237.77
365.91
365.91
1231.08
1231.08
608.81
608.81
62.05
62.05
1157.10
1157.10
1090.58
1090.58
1262.56
1262.56
80.47
80.47
80.47
1262.58
1278.75
1278.75
1276.71
1276.71
1242.15
1242.15
587.23
587.23
1164.14
1164.14
13.22
13.22
24.71
24.71
1268.64
1268.64
1019.34
1019.34
1019.34
1203.81
1203.81
155.51
155.51
1243.06
1243.06
479.45
479.45
154.13
154.13
883.93
883.93
698.14
1358.02
1358.02
348.84
348.84
348.84
10.78
10.78
928.67
928.67
928.67
63.63
25.47
21.75
21.75
29.00
29.00
326.70
326.70
1053.97
1053.97
1053.97
1259.34
1259.34
1085.83
317.49
317.49
1260.29
1260.29
554.50
554.50
892.73
892.73
1373.29
1373.29
1212.91
1212.91
550.59
550.59
37.06
37.06
1108.24
1108.24
1118.41
1118.41
1301.60
1301.60
1301.60
1104.65
1175.39
1175.39
657.83
657.83
701.34
701.34
701.34
899.44
899.44
902.18
902.18
886.04
886.04
885.81
986.31
986.31
1063.99
1063.99
1075.30
1075.30
330.61
330.61
187.02
187.02
552.00
552.00
1209.22
1209.22
948.74
948.74
1004.69
1004.69
133.45
133.45
1069.73
1069.73
1110.25
1110.25
160.87
160.87
160.87
461.70
839.05
839.05
10.00
10.00
693.32
693.32
509.73
509.73
509.73
696.13
696.13
425.00
425.00
1252.12
1252.12
488.20
488.20
21.03
21.03
222.92
1352.82
1352.82
1271.58
1271.58
1095.14
1095.14
10.00
10.00
1291.27
1291.27
1260.00
1260.00
1260.00
989.17
989.17
10.00
10.00
1222.88
1222.88
415.39
415.39
377.26
377.26
1183.68
1206.27
1206.27
1394.78
1394.78
1264.46
1264.46
20.32
20.32
20.32
294.36
1035.70
1035.70
27.45
27.45
27.45
780.70
1131.62
1131.62
954.28
954.28
954.28
91.56
91.56
10.97
10.97
1260.05
921.09
921.09
921.09
1273.83
884.26
884.26
10.51
10.51
10.51
1209.18
1262.49
1262.49
1247.07
1247.07
1247.07
256.49
256.49
446.86
446.86
19.51
19.51
679.88
679.88
1222.51
1275.45
1275.45
1257.91
1257.91
1257.91
985.71
1127.65
1127.65
1273.09
1273.09
1273.09
1258.22
1258.22
905.37
905.37
710.37
710.37
710.37
27.85
27.85
705.44
705.44
705.44
10.41
10.41
1312.15
1123.97
1123.97
1266.28
285.70
285.70
1225.08
1225.08
10.14
1256.49
1256.49
1256.49
371.66
954.11
954.11
954.11
937.01
971.07
971.07
971.07
971.07
1205.91
1205.91
930.80
930.80
930.80
930.80
1275.47
1275.47
1293.52
1256.13
1053.35
1241.75
1241.75
1252.55
1256.37
1256.37
1256.37
1127.15
1127.15
1101.69
1101.69
40.08
1048.12
1048.12
1048.12
1250.23
1250.23
345.09
345.09
83.08
83.08
858.50
534.96
534.96
534.96
1106.38
1106.38
850.16
850.16
1154.14
1154.14
974.03
974.03
1184.47
1184.47
1143.47
1143.47
377.30
377.30
680.95
680.95
680.95
857.40
1266.95
1266.95
1243.67
1243.67
1265.90
1265.90
709.28
709.28
1151.75
1151.75
731.86
731.86
835.74
835.74
15.32
15.32
32.38
32.38
1194.26
1194.26
351.26
351.26
701.78
701.78
850.98
850.98
162.02
162.02
1050.00
1050.00
1019.28
1019.28
401.25
401.25
997.05
997.05
145.75
145.75
1181.35
1181.35
1143.38
1143.38
55.43
55.43
87.57
87.57
409.10
409.10
1059.73
1059.73
1256.00
1256.00
670.74
670.74
47.69
47.69
47.69
188.58
188.58
188.58
1015.97
1015.97
1272.66
19.22
19.22
593.79
593.79
1266.57
1266.57
954.79
1106.62
1106.62
1259.50
1259.50
13.96
13.96
490.83
490.83
765.68
765.68
635.76
635.76
1202.39
1202.39
856.64
856.64
856.64
32.58
32.58
32.58
756.00
324.73
1249.43
1249.43
1262.19
1262.19
1306.64
1306.64
1257.09
1257.09
637.91
637.91
41.14
41.14
41.14
41.14
282.84
282.84
1187.66
1187.66
1187.66
1187.66
1038.26
1038.26
818.21
818.21
333.52
1126.26
1126.26
17.82
17.82
17.82
1099.93
28.48
28.48
906.83
151.06
250.99
250.99
10.00
596.25
596.25
482.93
482.93
86.38
86.38
809.50
809.50
1265.29
1265.29
1236.19
1236.19
728.91
728.91
728.91
728.91
1257.54
95.15
1088.26
1088.26
958.58
958.58
258.49
258.49
258.49
258.49
960.74
960.74
906.53
945.40
349.27
349.27
945.23
945.23
948.37
948.37
946.81
946.81
1226.61
1226.61
13.98
13.98
1238.46
1238.46
1208.93
1208.93
1262.48
1262.48
27.39
27.39
1263.14
1263.14
1266.67
1266.67
20.13
20.13
1302.33
1302.33
174.09
174.09
1128.32
1128.32
1259.89
1259.89
1068.74
1068.74
1224.54
1224.54
613.73
613.73
513.92
513.92
849.72
849.72
19.15
19.15
243.43
243.43
23.58
23.58
419.88
419.88
179.46
179.46
430.54
430.54
54.86
54.86
979.04
979.04
12.40
12.40
570.57
570.57
1118.60
1118.60
1264.16
1264.16
1256.50
1256.50
1097.00
1097.00
1112.15
1112.15
764.43
764.43
23.22
23.22
826.80
826.80
1178.63
1178.63
1111.57
1111.57
1256.13
1256.13
1285.06
1285.06
1296.85
1296.85
1068.90
1068.90
1259.29
1259.29
1250.12
1250.12
1266.23
1266.23
1262.56
1262.56
1276.31
1276.31
1250.95
1250.95
1258.69
1258.69
1248.05
1248.05
1268.97
1268.97
1266.97
1266.97
1295.99
1295.99
1137.30
1137.30
1263.30
1263.30
1277.82
1277.82
158.38
158.38
1252.61
1252.61
1169.86
1169.86
1290.91
1290.91
1278.05
1278.05
1245.85
1245.85
1144.54
1144.54
1278.14
1278.14
995.07
995.07
896.32
896.32
508.42
508.42
1134.37
1134.37
1280.06
1280.06
1232.83
1232.83
976.67
976.67
1031.85
1031.85
11.99
11.99
120.83
120.83
1032.90
1032.90
1251.22
1251.22
824.01
824.01
1253.88
1253.88
1285.60
1285.60
640.17
640.17
861.00
861.00
490.04
490.04
475.08
475.08
1264.22
1264.22
391.53
391.53
1235.39
1235.39
15.95
15.95
17.73
17.73
17.73
1186.74
1186.74
221.79
1265.62
1265.62
1251.51
1251.51
1271.64
1271.64
1266.20
1266.20
1251.10
1251.10
1164.40
1164.40
1286.91
1286.91
1209.43
1209.43
1265.30
1265.30
1177.43
1177.43
932.47
932.47
1261.89
1261.89
1289.36
1289.36
236.54
236.54
10.00
10.00
466.38
466.38
1312.62
1312.62
1263.96
1263.96
1285.16
1285.16
1041.42
1041.42
1279.56
1279.56
1204.66
1204.66
1235.35
1235.35
1302.71
1302.71
1289.56
1289.56
1230.08
1230.08
1468.18
1468.18
1272.81
1272.81
1152.77
1152.77
1316.41
1316.41
1280.52
1280.52
1144.47
1144.47
1255.48
1255.48
700.84
700.84
376.52
376.52
376.52
10.00
10.00
150.68
150.68
23.91
23.91
11.08
163.38
163.38
163.38
163.38
36.52
832.37
832.37
1111.01
1297.05
1297.05
16.55
16.55
1310.30
1310.30
370.05
370.05
1276.04
1276.04
406.58
406.58
1047.01
1047.01
173.64
173.64
737.69
737.69
1187.09
1187.09
13.25
13.25
1223.77
1223.77
1260.49
1260.49
25.21
25.21
1226.94
1226.94
1291.54
1291.54
1100.34
1100.34
728.55
728.55
192.37
192.37
403.35
403.35
1110.54
1110.54
1247.39
1247.39
1383.20
1383.20
10.19
10.19
588.41
588.41
160.80
160.80
1259.93
1259.93
1315.97
1315.97
828.67
828.67
1255.98
1255.98
1249.66
1249.66
1249.66
10.91
10.91
838.09
838.09
137.64
137.64
878.58
1020.66
1020.66
1107.37
1107.37
1248.45
1248.45
1278.38
1278.38
1264.38
1264.38
1283.44
1283.44
13.97
13.97
62.84
62.84
1102.17
1102.17
1304.82
1304.82
1262.53
1262.53
331.87
331.87
331.87
654.13
654.13
1242.53
1242.53
1242.53
1244.62
1244.62
1265.11
1265.11
466.32
466.32
538.72
538.72
1243.42
1243.42
1273.95
1273.95
468.60
468.60
1266.74
1266.74
1266.09
1266.09
1173.82
1173.82
482.57
482.57
1008.09
1008.09
452.41
452.41
126.16
126.16
1290.22
1290.22
1245.99
1245.99
1207.92
1207.92
1271.14
1271.14
1227.73
1227.73
773.16
773.16
1061.98
1061.98
49.88
49.88
482.57
482.57
1274.31
1274.31
1264.72
1264.72
416.74
416.74
385.65
385.65
1291.55
1291.55
10.00
10.00
1286.45
1286.45
1076.09
1076.09
1221.94
1221.94
1288.48
1288.48
1262.62
1262.62
1282.96
1282.96
1208.97
1208.97
220.76
220.76
1283.38
1283.38
1329.21
1329.21
1315.89
1315.89
13.05
13.05
1182.89
1182.89
1240.12
1240.12
1147.69
1147.69
19.46
19.46
50.35
50.35
477.86
477.86
1267.66
1267.66
1276.66
1276.66
1251.01
1251.01
1141.19
1141.19
41.15
41.15
71.72
71.72
473.67
473.67
1266.89
1266.89
13.97
13.97
12.99
12.99
178.99
178.99
1213.60
1213.60
1113.02
1113.02
1351.38
1351.38
1351.38
1233.21
1233.21
1253.32
1277.25
1277.25
1260.49
1260.49
1263.89
1263.89
1137.96
1137.96
1303.21
1303.21
1267.06
1267.06
516.62
516.62
1077.48
1077.48
1258.67
1258.67
1033.19
1033.19
164.26
164.26
345.63
345.63
345.63
1273.66
1091.81
1091.81
109.16
109.16
218.73
218.73
1264.80
1264.80
10.00
10.00
1030.24
1030.24
533.51
533.51
1114.75
1114.75
165.53
165.53
1102.39
1102.39
212.13
212.13
13.97
13.97
503.37
503.37
1197.97
1197.97
444.91
444.91
1040.52
1040.52
341.35
341.35
234.50
234.50
1099.17
1099.17
1089.48
1089.48
1114.19
1114.19
1243.50
1243.50
1270.00
1270.00
1259.84
1259.84
1271.05
1271.05
742.09
742.09
1288.14
1288.14
1263.10
1263.10
1264.02
1264.02
311.67
311.67
1239.14
1239.14
1236.91
1236.91
1246.55
1246.55
24.23
24.23
1216.74
1216.74
1258.58
1258.58
148.33
148.33
148.33
10.00
10.00
1366.10
1366.10
1366.10
1261.77
1261.77
590.57
1261.53
1261.53
1261.53
474.67
474.67
859.21
1253.56
365.76
365.76
21.67
21.67
21.67
269.64
820.15
820.15
1269.97
1269.97
10.00
10.00
979.38
979.38
1240.29
1240.29
609.09
609.09
665.10
665.10
665.10
248.54
1258.91
1258.91
1252.78
1252.78
1283.41
1283.41
1227.70
1227.70
803.17
803.17
774.35
774.35
884.04
884.04
1194.35
1194.35
1246.34
1246.34
1278.67
1278.67
1082.28
1082.28
1248.94
1248.94
1296.31
1296.31
109.95
109.95
48.91
48.91
474.84
474.84
23.86
23.86
1089.67
1089.67
922.33
922.33
922.33
633.05
633.05
633.05
1272.66
1272.66
1222.17
1222.17
236.42
236.42
1261.01
1261.01
1283.18
1283.18
1268.56
1268.56
1233.81
1233.81
1174.00
1174.00
1229.33
1229.33
10.11
10.11
1265.86
1265.86
1265.86
1108.71
1258.31
1258.31
1258.31
1258.31
1258.31
1258.31
1258.31
1230.08
1273.50
1273.50
1263.37
1263.37
1263.37
1255.37
1287.58
1287.58
1260.13
1260.13
1260.13
274.40
274.40
1262.97
1240.52
1240.52
1240.52
1279.42
1279.42
1206.46
1275.28
1275.28
1109.56
1109.56
1109.56
1274.02
1274.02
1274.02
1263.67
1263.67
1263.67
1265.20
1265.20
1235.42
1236.69
1236.69
1236.69
1254.17
1254.17
1275.77
1268.07
1268.07
1268.07
1268.07
1268.07
811.49
89.69
89.69
1269.78
1269.78
1269.78
932.29
1280.87
1280.87
1191.52
1191.52
1191.52
1117.05
1117.05
1252.02
240.44
240.44
240.44
1269.30
1269.30
1293.94
508.30
508.30
103.83
103.83
103.83
1291.93
1291.93
24.13
871.58
871.58
871.58
13.23
13.23
1162.40
951.54
951.54
951.54
587.69
587.69
13.50
13.50
685.84
846.06
846.06
846.06
1039.47
1039.47
1222.25
1222.25
1151.85
1261.34
1261.34
1261.34
1266.25
1274.92
1274.92
1274.92
314.23
314.23
35.26
35.26
35.26
10.00
10.00
10.00
68.70
68.70
68.70
1029.85
1029.85
1223.88
1223.88
1223.88
676.67
676.67
1246.30
1246.30
1273.16
1273.16
1056.24
1056.24
897.58
683.77
683.77
1279.86
1279.86
1268.41
1268.41
1268.41
1268.41
33.24
33.24
33.24
51.83
51.83
51.83
228.21
97.98
1021.40
1134.14
1088.86
361.49
272.80
272.80
1166.30
1346.96
1346.96
836.52
836.52
1079.11
1079.11
174.28
174.28
1090.78
1090.78
24.07
24.07
1286.43
1286.43
1275.40
1275.40
1039.92
1039.92
1267.21
1267.21
280.69
280.69
1266.58
1266.58
1258.24
1258.24
779.06
779.06
1196.96
1196.96
1094.90
1094.90
1205.69
1205.69
1137.07
1137.07
876.60
876.60
1190.40
1190.40
620.23
620.23
20.38
20.38
1276.82
1276.82
61.46
61.46
786.03
786.03
38.46
38.46
1238.38
1238.38
1275.84
1275.84
1158.85
1158.85
223.58
223.58
1033.24
1033.24
1131.15
1131.15
1189.06
1189.06
1269.18
1269.18
1236.38
1236.38
471.69
471.69
559.38
559.38
10.29
10.29
68.53
68.53
1155.88
1155.88
673.81
673.81
328.11
328.11
1042.53
1042.53
1136.32
1136.32
482.63
482.63
457.28
457.28
390.68
390.68
1048.25
1048.25
107.40
107.40
107.40
913.73
913.73
259.68
259.68
528.33
1260.30
1260.30
1285.87
1285.87
685.90
685.90
1297.37
1297.37
456.98
456.98
1160.40
1160.40
289.77
289.77
1282.18
1282.18
97.80
97.80
1147.86
1147.86
774.23
774.23
1246.70
1246.70
79.77
79.77
823.06
823.06
747.24
747.24
20.01
20.01
760.33
760.33
10.00
10.00
10.00
10.00
263.62
263.62
920.45
920.45
1032.10
1032.10
273.73
273.73
1239.41
1239.41
1268.58
1268.58
129.98
129.98
13.93
13.93
10.76
10.76
1118.03
1118.03
1270.64
1270.64
1289.73
1289.73
1207.27
1207.27
16.48
16.48
1240.70
1240.70
1244.25
1244.25
1056.19
1056.19
1089.25
1089.25
586.53
586.53
131.01
131.01
1259.88
1259.88
1265.90
1265.90
1207.86
1207.86
1261.61
1261.61
787.84
787.84
304.35
304.35
856.19
856.19
42.73
42.73
195.66
195.66
1281.62
1281.62
1098.18
1098.18
1098.18
411.73
411.73
972.50
972.50
1398.76
1398.76
1398.76
921.03
1258.10
1258.10
1256.15
1235.50
1235.50
1252.93
1252.93
1137.17
1137.17
1254.60
1254.60
1118.12
1118.12
1152.79
1152.79
1272.97
1272.97
253.84
253.84
1298.55
1298.55
1249.91
1249.91
399.72
399.72
26.78
26.78
1177.95
1177.95
220.83
220.83
564.41
564.41
1231.96
1231.96
736.21
736.21
653.95
653.95
1209.13
1209.13
1258.76
1258.76
486.30
486.30
1302.12
1302.12
793.32
793.32
1261.13
1261.13
1262.81
1262.81
1275.31
1275.31
1063.40
1063.40
1144.45
1144.45
610.04
610.04
114.78
114.78
114.78
396.25
396.25
396.25
10.00
10.00
1132.21
1132.21
316.04
316.04
1137.84
1137.84
1045.56
1045.56
1222.28
1210.56
1210.56
1269.46
429.70
429.70
400.14
400.14
10.13
10.13
1002.27
1002.27
900.62
900.62
900.62
605.00
605.00
749.22
1259.29
1259.29
1306.42
1306.42
10.00
10.00
1288.92
1288.92
351.03
351.03
1034.35
1034.35
1302.98
1302.98
753.57
753.57
1186.22
1186.22
1404.90
1404.90
1184.01
1184.01
274.08
274.08
42.84
42.84
76.60
76.60
10.00
10.00
1286.74
1286.74
1286.74
478.46
478.46
478.46
1164.21
1164.21
1268.73
1106.65
1262.90
1262.90
1262.90
10.00
1359.90
1359.90
1397.31
1397.31
22.80
22.80
122.58
122.58
952.68
952.68
1178.78
1178.78
1249.50
1249.50
595.19
595.19
1262.73
1262.73
1268.77
1268.77
1268.77
1268.77
1279.96
1279.96
1261.87
1261.87
1264.48
1264.48
1137.05
1137.05
1258.19
1258.19
1259.36
1259.36
1245.67
1245.67
1187.43
1187.43
1204.51
1204.51
1217.65
1217.65
1254.95
1254.95
1266.25
1266.25
1280.73
1280.73
1252.89
1252.89
1266.87
1266.87
1236.10
1236.10
1268.66
1268.66
1212.98
1212.98
1257.46
1257.46
1034.76
1034.76
1201.85
1201.85
1089.55
1089.55
1276.19
1276.19
1269.28
1269.28
1212.40
1212.40
1287.22
1287.22
1262.46
1262.46
1073.03
1073.03
1274.69
1274.69
1157.80
1157.80
1330.91
1330.91
1140.95
1140.95
1199.99
1199.99
1054.76
1054.76
1160.50
1160.50
1238.98
1238.98
1251.36
1251.36
1288.06
1288.06
1252.73
1252.73
1159.15
1159.15
1202.41
1202.41
1272.57
1272.57
1181.59
1181.59
1101.08
1101.08
1282.49
1282.49
1333.14
1333.14
200.60
200.60
1097.55
1097.55
1268.38
1268.38
1252.55
1252.55
1257.86
1257.86
313.20
313.20
630.37
630.37
404.94
404.94
1255.90
1255.90
1259.39
1259.39
1245.77
1245.77
1254.50
1254.50
1232.78
1232.78
1309.41
1309.41
250.20
250.20
1141.91
1141.91
52.93
52.93
10.00
10.00
1278.56
1278.56
20.32
20.32
205.71
205.71
114.24
114.24
1267.81
1267.81
316.05
316.05
1257.18
1257.18
513.55
513.55
1173.42
1173.42
1057.62
1057.62
1259.99
1259.99
1210.86
1210.86
1220.17
1220.17
1240.39
1240.39
206.00
206.00
1262.38
1262.38
1127.92
1127.92
1240.73
1240.73
962.03
962.03
27.38
27.38
10.03
10.03
474.24
474.24
1268.19
1268.19
1265.57
1265.57
1302.07
1302.07
1237.30
1237.30
1237.30
822.81
822.81
907.30
907.30
1253.51
1135.09
1135.09
1272.46
1272.46
1270.06
1270.06
1184.17
1184.17
1108.73
1108.73
1268.23
1268.23
1180.07
1180.07
1230.94
1230.94
1174.44
1174.44
1137.72
1137.72
1314.60
1314.60
584.55
584.55
1293.94
1293.94
534.71
534.71
1338.86
1338.86
1338.86
395.13
395.13
395.13
922.83
922.83
922.83
95.61
95.61
95.61
260.97
260.97
1243.36
301.95
1126.91
1126.91
1265.55
1241.53
1241.53
1269.75
1258.24
1258.24
1204.22
1204.22
809.53
809.53
10.94
10.94
1013.43
1013.43
1313.95
1313.95
1292.63
1292.63
1146.39
1146.39
477.73
477.73
10.00
10.00
460.11
460.11
1291.73
1291.73
1156.57
1156.57
1262.41
1262.41
1100.53
1100.53
10.96
10.96
1174.85
1174.85
1251.62
1251.62
1268.82
1268.82
16.11
16.11
409.71
409.71
1250.32
1250.32
1275.38
1275.38
1281.84
1281.84
627.85
627.85
1274.43
1274.43
10.00
10.00
1218.22
1218.22
1270.04
1270.04
1100.90
1100.90
1260.63
1260.63
1300.97
1300.97
1300.97
492.88
492.88
1260.28
1279.29
1279.29
386.16
386.16
1230.63
1230.63
1271.82
1271.82
793.45
793.45
13.93
13.93
1252.53
1252.53
10.00
10.00
1203.18
1203.18
1080.56
1080.56
1233.90
1233.90
32.51
32.51
1247.01
1247.01
684.74
684.74
1243.47
1243.47
1243.47
1243.47
1300.78
1300.78
1144.54
1144.54
1144.54
1144.54
1259.72
1259.72
137.69
137.69
630.14
630.14
630.14
630.14
323.64
323.64
1283.47
1283.47
1243.44
1243.44
1254.47
1254.47
1303.51
1303.51
1265.64
1265.64
1108.66
1108.66
1255.05
1255.05
1088.39
1088.39
1266.65
1266.65
1188.05
1188.05
1213.17
1213.17
1242.54
1242.54
1261.71
1261.71
1261.71
1261.71
1242.54
1242.54
1287.07
1287.07
1251.85
1251.85
121.85
121.85
1254.28
1254.28
1230.13
1230.13
1230.13
1259.21
1256.81
1256.81
20.41
20.41
1178.35
1178.35
833.37
833.37
1271.29
1271.29
1272.27
1272.27
1263.03
1263.03
1263.03
1263.03
902.41
902.41
902.41
1155.47
1164.47
1164.47
666.09
666.09
666.09
1094.13
1074.20
1074.20
16.45
16.45
1094.99
1094.99
1280.80
1280.80
1020.68
1020.68
1258.92
1258.92
106.56
106.56
1258.84
1258.84
1270.56
1270.56
1261.18
1261.18
1261.18
1261.18
335.34
335.34
335.34
94.36
94.36
76.23
76.23
1277.18
150.60
150.60
150.60
53.37
396.80
396.80
10.19
10.19
10.19
405.26
165.38
165.38
41.26
41.26
41.26
17.73
453.14
453.14
1023.76
1023.76
1023.76
1272.97
150.84
150.84
806.35
806.35
806.35
416.65
416.65
1144.29
1253.91
1253.91
1115.58
1115.58
1115.58
1270.68
1151.51
1151.51
1356.24
1356.24
1270.94
1270.94
1270.94
1034.85
1034.85
892.46
892.46
1264.75
1264.75
1188.18
1214.57
1214.57
42.04
42.04
42.04
1145.68
1256.59
1256.59
1103.33
1103.33
1246.50
1246.50
1112.38
1112.38
11.65
11.65
1320.02
1320.02
642.66
642.66
514.14
514.14
514.14
802.06
802.06
627.93
627.93
494.45
13.78
13.78
13.78
396.69
396.69
41.05
93.27
93.27
93.27
1000.03
1000.03
27.42
27.42
836.68
836.68
30.42
30.42
947.65
947.65
628.11
628.11
895.86
895.86
408.91
408.91
1084.84
472.38
472.38
472.38
1150.20
1150.20
483.63
1247.45
1247.45
1247.45
1302.37
1302.37
14.37
1253.25
1253.25
1253.25
1303.16
1303.16
347.34
242.90
242.90
242.90
538.21
538.21
870.59
870.59
672.89
833.54
833.54
1252.27
1252.27
1252.27
160.76
160.76
1256.92
1256.92
13.23
13.23
1227.72
1227.72
806.71
806.71
806.71
806.71
454.89
454.89
454.89
454.89
454.89
454.89
156.63
474.37
655.74
603.45
863.71
1231.28
1247.82
1247.82
21.83
21.83
1311.64
1311.64
1234.91
1234.91
1199.34
1199.34
1286.99
1283.49
1283.49
1283.49
1269.26
1269.26
10.46
10.46
1272.66
1272.66
1173.61
1173.61
1190.06
1190.06
1242.30
1242.30
37.22
37.22
1277.84
1292.46
1292.46
1292.46
1214.93
1214.93
1239.29
1239.29
1274.03
1274.03
1275.64
1275.64
1218.36
1218.36
802.62
802.62
1248.43
1248.43
577.85
577.85
1293.50
1293.50
68.64
68.64
1071.15
1071.15
1265.75
1265.75
1251.21
1251.21
503.50
503.50
1084.50
1084.50
1264.11
1264.11
1268.36
1268.36
1252.72
1252.72
1254.65
1254.65
1271.32
1271.32
1271.32
10.00
10.00
1252.92
1252.92
1278.47
1278.47
1231.33
1231.33
1253.10
1253.10
1013.99
1013.99
309.32
309.32
1270.84
1270.84
1270.84
653.12
653.12
1266.68
1266.68
1266.68
677.43
677.43
1129.29
1129.29
1129.29
1130.68
1138.71
1138.71
1268.38
1250.29
1204.44
1261.56
1261.56
1202.35
1202.35
27.05
27.05
27.05
494.57
1254.78
1254.78
1254.78
1109.23
1274.64
1274.64
666.97
666.97
1259.05
1259.05
1245.81
1245.81
1277.84
1277.84
1238.83
1238.83
143.70
143.70
1217.98
1217.98
1267.89
1267.89
1271.90
1271.90
1211.79
1211.79
1256.06
1256.06
1250.07
1250.07
1261.34
1261.34
1258.42
1258.42
1280.14
1280.14
1264.54
1264.54
475.73
475.73
369.82
369.82
1279.67
1279.67
1043.15
1043.15
1254.83
1254.83
602.98
602.98
1099.81
1099.81
541.95
541.95
10.75
10.75
68.48
68.48
30.07
30.07
1214.08
1214.08
482.22
482.22
482.22
482.22
1278.22
1278.22
1248.66
1248.66
1233.12
1233.12
1261.28
1261.28
1261.28
1261.28
1261.28
1261.28
1261.28
1261.28
1261.28
1261.28
1261.28
1261.28
1261.28
1261.28
1297.71
1297.71
1297.71
127.82
127.82
473.37
473.37
1272.71
1308.96
1308.96
39.17
39.17
1143.86
1143.86
815.69
815.69
1243.72
1243.72
1260.41
1260.41
67.37
67.37
67.37
64.83
64.83
565.69
530.36
530.36
530.36
134.38
134.38
10.00
10.00
675.44
473.28
473.28
1205.67
1205.67
1209.25
1209.25
1338.01
1338.01
18.01
18.01
1207.08
1207.08
1228.58
1228.58
1254.63
1254.63
12.35
12.35
1270.00
1270.00
1268.14
1268.14
208.87
208.87
279.66
279.66
339.14
339.14
996.26
996.26
1277.29
1277.29
888.06
888.06
1260.91
1260.91
490.18
490.18
1254.77
1254.77
480.77
480.77
766.86
766.86
793.73
793.73
1269.98
1269.98
200.89
200.89
1273.42
1273.42
1280.77
1280.77
1153.63
1153.63
1123.15
1123.15
1231.83
1231.83
1191.63
1191.63
997.61
997.61
1264.30
1264.30
512.89
512.89
1232.56
1232.56
1283.42
1283.42
1313.04
1313.04
1261.44
1261.44
47.76
47.76
853.37
853.37
1261.61
1261.61
244.68
244.68
15.22
15.22
15.22
15.22
177.07
177.07
356.99
356.99
356.99
42.29
42.29
63.99
63.99
63.99
38.42
38.42
510.79
510.79
510.79
111.69
111.69
905.69
905.69
1175.39
1175.39
1173.70
1273.10
1184.44
477.52
477.52
1263.52
657.19
657.19
657.19
43.81
43.81
43.81
928.92
928.92
112.59
112.59
112.59
1020.03
1294.45
1294.45
13.80
12.58
1069.92
364.35
364.35
549.99
549.99
1249.35
1249.35
395.27
395.27
251.38
251.38
1247.45
1247.45
1132.85
1132.85
568.45
568.45
1272.37
1272.37
1311.11
1311.11
1285.29
1285.29
1304.00
1304.00
1258.81
1258.81
1247.53
1247.53
1263.87
1263.87
1281.31
1281.31
1149.61
1149.61
849.75
849.75
849.75
866.79
866.79
866.79
865.83
865.83
865.83
1047.88
1047.88
491.34
491.34
298.52
298.52
298.52
490.48
490.48
490.48
55.45
839.59
918.47
1040.18
1016.36
1257.89
1257.89
800.65
800.65
1218.47
1218.47
1293.35
1293.35
806.99
806.99
1116.38
1116.38
1099.02
1099.02
1257.94
1257.94
1290.14
1290.14
1142.51
1142.51
1255.09
1255.09
1267.70
1267.70
11.25
11.25
502.76
502.76
746.69
746.69
952.62
952.62
1272.52
1272.52
1248.15
1248.15
655.58
655.58
303.47
303.47
1182.27
1182.27
1090.12
1090.12
833.82
833.82
1156.24
1156.24
1271.08
1271.08
1254.10
1254.10
1096.43
1096.43
1247.99
1247.99
1261.23
1261.23
1279.23
1279.23
1259.44
1259.44
1259.44
1066.03
1066.03
1066.03
302.28
302.28
1096.80
578.44
578.44
578.44
10.00
10.00
720.33
1053.82
1053.82
1053.82
1053.82
10.00
1246.40
1246.40
1209.14
1259.74
1090.19
1090.19
1288.41
1288.41
1227.47
1227.47
1120.83
1120.83
1271.54
1271.54
1234.04
1234.04
1254.76
1254.76
370.47
370.47
16.08
16.08
16.08
1383.92
1383.92
556.87
36.50
36.50
986.24
986.24
1183.69
1183.69
1183.69
1254.34
1254.34
674.38
674.38
1296.20
1296.20
540.00
1247.44
1247.44
462.33
462.33
416.11
416.11
487.25
487.25
41.14
41.14
465.57
465.57
525.74
525.74
22.61
22.61
938.42
938.42
759.74
759.74
13.26
13.26
969.04
969.04
16.72
16.72
288.71
288.71
471.70
471.70
521.12
521.12
521.12
1032.94
1032.94
1255.54
821.67
821.67
228.28
228.28
1233.95
1233.95
1318.03
1318.03
1251.11
1251.11
281.56
281.56
47.67
47.67
131.12
131.12
512.38
512.38
220.19
220.19
1276.16
1276.16
973.52
973.52
530.91
530.91
1056.86
1056.86
486.61
486.61
486.61
830.63
830.63
1209.34
283.91
283.91
1236.56
1236.56
1084.18
1084.18
1273.03
1273.03
1303.95
1303.95
1264.71
1264.71
1246.11
1246.11
735.90
735.90
978.23
978.23
10.00
10.00
338.71
338.71
10.16
10.16
753.81
753.81
20.97
20.97
148.15
148.15
49.53
49.53
279.84
279.84
279.84
169.96
64.88
64.88
20.68
20.68
63.87
63.87
115.63
115.63
1245.03
1245.03
11.45
11.45
308.89
308.89
720.02
720.02
506.20
506.20
468.31
468.31
26.44
26.44
775.84
775.84
871.39
871.39
13.77
13.77
64.76
64.76
838.57
838.57
88.17
88.17
904.59
904.59
462.14
462.14
462.14
462.14
17.85
17.85
35.22
1100.64
1100.64
1100.64
1100.64
10.00
10.00
23.71
23.71
250.35
117.93
117.93
10.00
10.00
240.63
240.63
1057.17
121.85
1241.39
1241.39
1091.96
1091.96
218.86
218.86
218.86
12.36
12.36
1209.34
1209.34
10.00
10.00
10.00
437.49
437.49
437.49
17.86
1188.29
1280.86
1261.02
1261.02
414.58
414.58
556.62
556.62
40.38
40.38
21.24
21.24
27.43
27.43
865.72
865.72
297.38
297.38
608.69
608.69
598.67
598.67
53.12
53.12
591.67
591.67
10.64
10.64
35.86
35.86
30.51
30.51
1137.35
1137.35
29.04
29.04
139.34
139.34
591.75
591.75
364.55
364.55
459.07
459.07
27.42
27.42
218.21
218.21
13.02
13.02
13.96
13.96
794.38
794.38
794.38
119.03
119.03
126.97
126.97
358.20
358.20
255.14
255.14
651.49
651.49
25.53
613.36
613.36
1293.41
1293.41
521.24
521.24
533.10
533.10
1250.58
1250.58
1250.58
13.24
838.85
838.85
1301.47
1301.47
101.84
101.84
944.42
944.42
93.35
93.35
188.20
188.20
188.20
703.82
874.39
874.39
874.39
13.66
13.66
1078.47
1257.47
1257.47
334.72
334.72
13.42
13.42
13.42
221.12
994.89
994.89
277.98
277.98
277.98
189.78
1314.06
1314.06
1198.93
1198.93
954.60
954.60
706.97
706.97
1250.32
1250.32
1051.88
1051.88
1051.88
1264.19
31.41
31.41
1254.01
1254.01
1254.01
699.19
968.80
968.80
1291.00
1291.00
1291.00
1161.51
1161.51
474.51
314.06
314.06
1207.02
1207.02
1207.02
1216.65
201.86
201.86
201.86
1345.86
1345.86
1237.95
1137.36
1137.36
10.00
10.00
10.00
1062.10
1062.10
568.39
568.39
1310.45
1310.45
1198.52
1198.52
1215.97
1271.42
1271.42
1276.89
1276.89
1276.89
1260.43
1291.31
1291.31
1291.31
1287.89
1287.89
1191.81
1042.45
1042.45
960.43
960.43
960.43
1174.72
1174.72
1244.43
1216.44
1216.44
1216.44
847.64
847.64
1249.11
1269.18
1269.18
1262.83
1262.83
1262.83
398.76
398.76
1266.08
441.11
441.11
441.11
1273.45
1273.45
1253.37
1122.07
1122.07
1122.07
227.40
227.40
1171.41
1128.86
1128.86
1128.86
853.74
853.74
1070.92
1190.41
1190.41
847.90
847.90
847.90
1230.08
1230.08
11.63
616.23
616.23
616.23
1255.19
1255.19
1261.26
404.84
404.84
482.35
482.35
482.35
1249.28
1249.28
1248.43
1308.01
1308.01
1308.01
1239.44
1239.44
1236.41
1236.41
13.00
13.00
997.12
997.12
1010.97
1010.97
329.51
329.51
1057.83
1057.83
216.25
1046.29
1046.29
33.75
33.75
33.75
1276.40
1276.40
1241.02
1241.02
1241.02
1241.02
1270.52
1270.52
1295.04
1261.33
1261.33
1261.33
1276.56
1276.56
308.65
308.65
308.65
563.09
563.09
53.24
53.24
575.61
975.86
975.86
10.00
10.00
740.08
740.08
43.13
43.13
334.26
334.26
1090.76
1090.76
1185.15
1185.15
614.81
614.81
61.80
61.80
1249.25
1249.25
23.74
23.74
1157.76
1157.76
1251.23
1251.23
272.49
272.49
417.04
417.04
381.10
381.10
1121.80
1121.80
1228.29
1228.29
10.17
10.17
10.00
10.00
438.43
438.43
1208.18
1208.18
106.25
106.25
106.25
106.25
1330.09
1247.34
54.27
54.27
1081.07
1081.07
216.97
216.97
216.97
579.22
579.22
579.22
1299.71
1299.71
1268.58
1262.11
1191.10
1191.10
1268.98
1268.98
1251.21
1251.21
1271.90
1271.90
1106.29
1106.29
1239.68
1239.68
393.74
393.74
20.91
20.91
20.91
510.32
510.32
510.32
35.42
35.42
35.42
1313.31
1313.31
740.45
882.65
506.47
185.05
185.05
1391.75
1391.75
1288.02
1288.02
1092.46
1092.46
1266.76
1266.76
1282.81
1282.81
473.94
473.94
1325.16
1325.16
329.36
329.36
267.65
267.65
1025.67
1025.67
754.79
754.79
1216.58
1216.58
661.28
661.28
1289.87
1289.87
10.08
10.08
260.09
260.09
260.09
10.00
10.00
10.00
621.88
621.88
621.88
208.37
1254.29
1268.60
1268.60
11.59
11.59
10.00
269.48
269.48
190.78
190.78
25.89
25.89
851.12
851.12
1226.85
1226.85
10.12
10.12
521.73
521.73
1252.25
1252.25
1185.07
1185.07
1156.95
1156.95
620.54
620.54
1244.05
1244.05
1199.18
1199.18
39.76
39.76
119.89
119.89
1271.21
1271.21
1250.13
1250.13
162.29
162.29
493.81
493.81
1234.34
1234.34
1269.11
1269.11
826.11
826.11
1261.59
1261.59
1264.30
1264.30
1127.22
1127.22
1279.71
1279.71
1116.30
1116.30
56.65
56.65
1225.04
1225.04
1237.09
1237.09
71.71
71.71
1263.50
1263.50
1226.20
1226.20
1210.08
1210.08
1129.27
1129.27
53.84
53.84
1124.67
1124.67
1261.37
1261.37
1305.90
1305.90
1317.25
1317.25
1228.58
1228.58
1269.26
1269.26
1233.75
1233.75
1242.00
1242.00
1314.34
1314.34
806.55
806.55
806.55
1359.87
1359.87
1359.87
1116.81
630.31
1223.25
1223.25
1264.37
1264.37
1199.42
1199.42
990.42
990.42
1197.47
1197.47
971.11
971.11
1268.45
1268.45
1262.62
1262.62
759.34
759.34
1281.61
1281.61
1259.16
1259.16
1261.74
1261.74
1265.69
1265.69
386.24
386.24
1272.97
1272.97
1095.25
1095.25
910.19
910.19
1022.61
1022.61
856.64
856.64
1036.24
1036.24
1022.43
1022.43
1049.87
1049.87
1037.48
1037.48
1267.69
1267.69
1261.85
1261.85
166.25
166.25
202.57
202.57
1286.55
1286.55
742.63
742.63
614.23
614.23
614.23
1220.93
1220.93
1200.34
1200.34
1200.34
1171.12
1171.12
1288.13
1288.58
1288.58
1250.65
1250.65
1275.48
1250.33
1250.33
1239.18
1239.18
1258.39
1258.39
1127.66
1127.66
1118.41
1118.41
1121.27
1121.27
1279.41
1279.41
1251.22
1251.22
1262.45
1262.45
14.71
14.71
14.71
238.16
238.16
1113.10
1113.10
1292.91
1266.80
1266.80
1096.08
1096.08
1266.23
1266.23
1143.25
1143.25
1082.90
1082.90
1285.30
1285.30
539.23
539.23
247.75
247.75
187.52
187.52
1206.68
1206.68
1130.90
1130.90
1265.87
1265.87
1282.05
1282.05
1266.58
1266.58
1254.98
1254.98
1250.65
1250.65
1285.18
1285.18
1097.14
1097.14
1212.91
1212.91
1284.18
1284.18
1030.94
1030.94
1052.85
1052.85
1301.61
1301.61
204.58
204.58
71.69
71.69
1012.27
1012.27
18.70
18.70
745.31
745.31
527.42
527.42
764.34
764.34
1091.88
1091.88
1021.78
1021.78
1254.25
1254.25
302.22
302.22
1133.40
1133.40
830.56
830.56
35.07
35.07
20.14
20.14
263.58
263.58
892.90
892.90
1109.83
1109.83
471.14
471.14
571.53
571.53
376.61
376.61
23.84
23.84
902.38
902.38
479.99
479.99
132.59
132.59
17.97
17.97
18.35
18.35
1052.76
1052.76
353.77
353.77
16.39
16.39
268.29
268.29
1139.90
1139.90
480.49
480.49
574.67
574.67
49.23
49.23
49.23
636.01
636.01
96.07
96.07
679.79
679.79
679.79
636.74
636.74
53.88
837.69
1188.88
1188.88
48.59
48.59
48.59
1001.27
1001.27
788.47
788.47
788.47
40.89
40.89
1310.30
1310.30
419.40
1235.41
1253.56
1253.56
1190.95
1190.95
1249.96
1249.96
11.73
11.73
1225.88
1225.88
11.29
11.29
926.98
926.98
130.80
130.80
730.24
730.24
338.15
338.15
643.65
643.65
1286.68
1286.68
684.80
684.80
1300.89
1300.89
1259.20
1259.20
578.62
578.62
10.00
10.00
265.26
265.26
987.35
987.35
687.63
687.63
341.76
341.76
341.76
10.00
119.19
119.19
43.58
43.58
1095.56
1095.56
843.74
843.74
11.69
11.69
13.67
13.67
349.94
349.94
1210.73
1210.73
678.21
678.21
1146.83
1146.83
1309.04
1309.04
822.11
822.11
1102.30
1102.30
1267.53
1267.53
1267.53
367.62
367.62
367.62
32.58
32.58
24.30
1050.37
1050.37
39.10
39.10
281.23
281.23
281.23
281.23
18.75
18.75
18.75
91.84
91.84
689.44
206.17
1101.08
152.98
1127.41
1127.41
1115.23
1115.23
339.74
339.74
326.21
326.21
1088.36
1088.36
57.40
57.40
604.97
604.97
604.97
255.74
255.74
556.11
556.11
328.45
328.45
1139.83
742.31
742.31
482.96
482.96
1157.20
1157.20
1257.42
1257.42
1270.34
1270.34
433.61
433.61
433.61
889.07
889.07
146.72
1006.45
1006.45
1020.05
1020.05
876.65
876.65
10.24
10.24
1267.31
1267.31
765.36
765.36
100.13
100.13
105.40
105.40
105.40
761.18
800.70
800.70
787.98
787.98
126.46
126.46
126.46
24.68
24.68
24.68
24.68
320.09
320.09
704.76
704.76
768.65
768.65
23.21
23.21
1104.46
1104.46
1249.28
1260.80
1291.08
1291.08
906.28
1238.55
1238.55
526.77
526.77
826.63
826.63
930.78
930.78
1264.12
1264.12
488.24
488.24
1094.43
1094.43
342.06
342.06
342.06
33.65
33.65
929.68
929.68
1369.73
1369.73
1258.25
1258.25
1264.18
10.00
10.00
1252.01
1252.01
1259.06
1259.06
72.23
72.23
1205.48
1205.48
44.68
44.68
1194.31
1194.31
1259.23
1259.23
1119.80
1119.80
1119.80
820.06
820.06
708.15
1254.61
1254.61
416.80
416.80
890.61
890.61
19.72
19.72
439.07
439.07
1027.83
1027.83
1207.33
1207.33
1218.20
1218.20
622.25
622.25
1252.16
1252.16
612.20
612.20
30.69
30.69
968.09
968.09
899.36
899.36
36.60
36.60
103.09
103.09
1260.62
1260.62
1099.03
1099.03
1099.03
155.34
155.34
155.34
1090.61
1090.61
1275.95
1253.04
1253.04
1261.38
1252.94
1252.94
11.87
11.87
1163.11
1163.11
862.29
862.29
862.29
910.62
1243.01
1243.01
1261.44
1261.44
1251.94
1251.94
580.48
580.48
1210.85
1210.85
247.44
247.44
1276.82
1276.82
1213.03
1213.03
1298.28
1298.28
1298.28
1256.66
1272.34
1272.34
1243.12
1243.12
1260.05
1260.05
1245.40
1245.40
1245.40
1245.40
867.52
713.36
713.36
10.00
1232.58
1232.58
1117.18
1117.18
1279.16
1279.16
1266.53
1266.53
1233.33
1233.33
567.00
567.00
567.00
10.00
10.00
10.00
852.19
852.19
852.19
846.41
873.92
1258.81
1161.12
1161.12
1161.12
1225.90
1264.77
1264.77
1259.57
1259.57
1069.42
1069.42
1069.42
1084.50
1267.97
1267.97
11.80
11.80
11.80
1054.36
1271.22
1271.22
1117.28
1117.28
1255.17
1255.17
1265.92
1265.92
10.00
10.00
1258.26
1258.26
1258.26
1269.10
975.75
975.75
507.39
507.39
1266.43
1266.43
1256.98
1256.98
1280.21
1280.21
1267.92
1267.92
1267.92
1089.94
1201.48
1201.48
1290.99
1290.99
1290.99
1141.21
1264.15
1264.15
1233.98
1233.98
1233.98
1240.35
1240.35
1121.99
1158.06
1158.06
1277.34
1277.34
1277.34
1250.45
1261.55
1261.55
1183.53
1183.53
1183.53
552.58
1266.92
1266.92
1251.95
1251.95
1251.95
1174.80
1174.80
805.58
897.87
897.87
897.87
379.65
379.65
1258.38
145.37
145.37
851.09
851.09
851.09
753.65
753.65
753.65
978.97
978.97
978.97
227.34
213.49
213.49
213.49
1089.09
1089.09
1111.71
1111.71
327.40
1262.01
1262.01
27.43
27.43
632.05
632.05
632.05
10.00
10.00
666.77
666.77
1117.38
1117.38
1079.67
1079.67
10.00
1257.20
1257.20
1257.20
122.74
1151.45
1039.28
1039.28
542.52
542.52
1174.70
1261.14
1261.14
1082.57
1082.57
1082.57
19.58
19.58
1063.31
1063.31
50.77
50.77
41.95
41.95
1176.00
1271.10
1271.10
1271.10
1217.40
1217.40
1101.12
1101.12
482.40
1200.54
1200.54
1073.30
1073.30
1073.30
952.56
387.53
387.53
387.53
409.58
409.58
187.15
187.15
20.38
20.38
94.93
10.00
10.00
10.00
664.89
1250.89
1250.89
1250.89
432.90
432.90
1211.01
10.00
10.00
10.00
1138.71
1138.71
1277.38
1277.38
216.68
216.68
10.40
10.40
1265.15
1265.15
1225.14
1225.14
1204.44
1204.44
1311.83
1311.83
339.86
716.00
716.00
716.00
792.29
792.29
171.45
171.45
304.91
304.91
1041.57
1041.57
23.95
23.95
410.24
410.24
1260.59
1260.59
1271.13
1271.13
909.38
909.38
434.82
434.82
1249.90
1249.90
474.22
474.22
12.90
12.90
1280.95
1280.95
1228.83
1228.83
1253.44
1253.44
1261.60
1261.60
405.20
405.20
535.87
535.87
1021.57
1021.57
1164.24
1164.24
1245.18
1245.18
1256.67
1256.67
1224.52
1224.52
1283.50
1283.50
482.65
482.65
1288.50
1288.50
158.84
158.84
1290.12
1290.12
353.41
353.41
1094.71
1094.71
1194.63
1194.63
1277.95
1277.95
1277.95
1277.95
1194.33
1194.33
311.94
311.94
1264.33
1264.33
1264.33
1264.33
284.33
284.33
146.97
146.97
365.96
365.96
58.83
58.83
13.17
13.17
63.13
63.13
51.57
51.57
172.35
172.35
18.21
18.21
1252.31
1252.31
279.61
279.61
1252.50
1252.50
1146.81
1146.81
1059.03
1059.03
1291.56
1291.56
1243.65
1243.65
1243.65
1243.65
1253.61
1253.61
1247.70
1247.70
870.54
870.54
1233.27
1233.27
12.97
12.97
39.68
39.68
1245.37
1245.37
1191.04
1191.04
1166.69
1166.69
339.12
339.12
953.74
953.74
1249.04
1249.04
1155.89
1155.89
1155.89
1155.89
39.17
39.17
620.74
620.74
473.73
473.73
555.28
555.28
587.71
587.71
1267.77
1267.77
1267.61
1267.61
243.52
243.52
128.17
128.17
1229.61
1229.61
1267.82
1267.82
1091.08
1091.08
33.01
33.01
634.16
634.16
1272.79
1272.79
1202.88
1202.88
703.04
703.04
713.04
713.04
15.41
15.41
1208.71
1208.71
1248.51
1248.51
601.96
601.96
46.84
46.84
41.91
41.91
21.61
21.61
182.30
182.30
619.84
619.84
31.63
31.63
404.60
404.60
1222.73
1222.73
67.28
67.28
24.98
24.98
27.37
27.37
27.37
517.27
517.27
517.27
10.00
10.00
10.00
18.84
18.84
879.55
879.55
1312.53
1312.53
223.67
11.98
11.98
903.86
903.86
438.81
438.81
609.50
609.50
911.28
911.28
482.87
482.87
27.48
27.48
1180.75
1180.75
117.56
117.56
10.00
10.00
1124.06
1124.06
1102.61
1102.61
1236.04
1236.04
1016.16
1016.16
999.43
999.43
837.86
837.86
196.44
196.44
533.06
533.06
533.06
163.96
163.96
163.96
10.47
10.47
1220.20
1370.98
1299.11
1299.11
173.70
173.70
396.88
396.88
962.96
962.96
391.84
391.84
1221.89
1221.89
1091.88
1091.88
1259.88
1259.88
498.54
498.54
473.96
473.96
601.36
601.36
1116.61
1116.61
1259.25
1259.25
559.77
559.77
378.53
378.53
1053.16
1053.16
15.12
15.12
15.12
942.80
942.80
10.36
10.36
985.94
985.94
1238.82
1133.37
1133.37
48.21
48.21
57.70
57.70
212.54
212.54
178.55
178.55
92.80
92.80
466.98
466.98
216.22
216.22
1068.45
1068.45
856.64
856.64
402.74
402.74
1231.94
1231.94
482.69
482.69
16.59
16.59
773.26
773.26
26.36
26.36
33.77
33.77
23.12
23.12
955.46
955.46
81.03
81.03
13.21
13.21
39.68
39.68
16.53
16.53
285.08
285.08
102.34
102.34
102.34
773.23
773.23
166.25
166.25
166.25
926.72
926.72
652.25
652.25
416.59
416.59
1052.28
42.51
42.51
1074.15
1074.15
122.00
516.92
516.92
1179.07
1179.07
1162.02
1162.02
1156.84
1156.84
1078.29
1078.29
116.13
116.13
116.13
111.60
1260.05
1260.05
1131.15
1131.15
1255.20
1255.20
246.85
246.85
34.73
34.73
1260.96
1260.96
1048.96
1048.96
1219.88
1219.88
269.05
269.05
1239.18
1239.18
1279.56
1279.56
1260.63
1260.63
1229.80
1229.80
47.89
47.89
521.21
521.21
1258.54
1258.54
303.50
303.50
1269.93
1269.93
614.16
614.16
1236.02
1236.02
80.11
80.11
1300.88
1300.88
1105.48
1105.48
1206.28
1206.28
1289.38
1289.38
1263.40
1263.40
1278.82
1278.82
644.44
644.44
967.60
967.60
980.08
980.08
918.46
918.46
162.51
162.51
746.29
746.29
1242.62
1242.62
64.88
64.88
1255.08
1255.08
473.78
473.78
1270.54
1270.54
1285.94
1285.94
1285.48
1285.48
1254.28
1254.28
1167.97
1167.97
1125.90
1125.90
1307.07
1307.07
1264.04
1264.04
1222.34
1222.34
1299.34
1299.34
1265.05
1265.05
1265.05
1016.65
1016.65
561.78
561.78
1075.50
1075.50
957.83
957.83
887.63
887.63
887.63
1255.74
165.10
165.10
497.65
1072.55
1072.55
1205.48
1205.48
673.75
673.75
58.44
58.44
474.48
474.48
15.63
15.63
13.92
13.92
27.46
27.46
1208.23
1208.23
1250.90
1250.90
664.47
664.47
1257.78
1257.78
18.75
18.75
1166.50
1166.50
1016.00
1016.00
1267.98
1267.98
1214.36
1214.36
1235.38
1235.38
663.47
663.47
1230.85
1230.85
1255.94
1255.94
933.42
933.42
1246.83
1246.83
1271.14
1271.14
1205.20
1205.20
1253.84
1253.84
1226.86
1226.86
350.99
350.99
381.05
381.05
381.05
18.70
18.70
608.29
608.29
716.16
716.16
58.61
58.61
1265.48
1265.48
1265.48
1044.94
931.96
931.96
1193.78
1302.67
1302.67
18.48
18.48
1257.23
1257.23
1236.58
1236.58
1050.75
1050.75
1254.67
1254.67
18.99
18.99
1274.58
1274.58
19.84
19.84
79.80
79.80
568.19
568.19
17.48
17.48
485.12
485.12
625.31
625.31
264.18
264.18
64.95
64.95
1182.18
1182.18
1104.46
1104.46
245.00
245.00
705.92
705.92
705.92
27.38
90.05
90.05
473.59
473.59
1127.40
1127.40
170.00
170.00
1052.39
1052.39
553.92
553.92
276.31
276.31
276.31
1282.51
310.08
310.08
1134.76
1134.76
81.49
81.49
1184.19
1184.19
435.33
435.33
479.46
479.46
59.63
59.63
16.29
16.29
911.20
911.20
52.82
52.82
859.67
859.67
1054.99
1054.99
474.02
474.02
1256.95
1256.95
1266.25
1266.25
482.44
482.44
10.16
10.16
563.59
563.59
1229.83
1229.83
1251.56
1251.56
1284.05
1284.05
1038.06
1038.06
1258.28
1258.28
152.95
152.95
56.19
56.19
1285.38
1285.38
30.97
30.97
1285.28
1285.28
21.75
21.75
474.01
474.01
26.30
26.30
127.26
127.26
11.16
11.16
10.00
10.00
10.00
141.49
141.49
944.91
944.91
576.19
10.00
10.00
25.59
25.59
13.72
13.72
249.76
249.76
662.83
662.83
1249.59
1249.59
116.81
116.81
27.94
27.94
88.38
88.38
477.46
477.46
94.87
94.87
10.58
10.58
936.79
936.79
16.02
16.02
10.00
10.00
1233.82
1233.82
474.40
474.40
888.83
888.83
139.85
139.85
466.52
466.52
486.90
486.90
1269.99
1269.99
1222.56
1222.56
1042.51
1042.51
1276.76
1276.76
162.20
162.20
24.62
24.62
1258.38
1258.38
1271.90
1271.90
1139.28
1139.28
360.56
360.56
454.79
454.79
1261.84
1261.84
1303.84
1303.84
1072.90
1072.90
260.65
260.65
1160.50
1160.50
1160.50
168.57
168.57
194.17
194.17
1165.94
730.02
730.02
18.35
18.35
606.48
606.48
13.03
13.03
1274.61
1274.61
1263.43
1263.43
1101.21
1101.21
1264.82
1264.82
10.00
10.00
1252.77
1252.77
473.60
473.60
1253.61
1253.61
1168.28
1168.28
256.98
256.98
256.98
1266.50
388.75
388.75
1005.41
1005.41
1005.41
20.04
881.05
881.05
482.69
482.69
482.69
20.10
1274.52
1274.52
1107.79
1107.79
1418.73
1418.73
1418.73
1260.50
1254.59
1254.59
1287.86
1287.86
1287.86
860.77
1258.74
1258.74
1148.38
1148.38
1148.38
1148.38
1148.38
1148.38
1279.86
1279.86
1279.86
1264.46
468.44
468.44
840.22
840.22
13.79
13.79
13.79
1189.58
1136.47
1136.47
899.34
899.34
899.34
215.48
1182.51
1182.51
410.71
410.71
1027.90
1027.90
1027.90
10.00
10.00
10.00
526.35
526.35
526.35
1290.75
1290.75
67.99
116.13
116.13
116.13
384.10
384.10
355.63
71.66
71.66
71.66
1275.90
1275.90
42.21
470.32
470.32
1053.35
1053.35
1053.35
138.06
1228.24
1228.24
344.76
344.76
344.76
463.48
463.48
10.00
271.53
271.53
271.53
33.65
33.65
192.85
473.91
473.91
473.91
1167.89
1167.89
20.69
20.69
1157.67
1120.12
1120.12
1120.12
1278.16
1278.16
1251.29
1225.12
1225.12
1225.12
1264.02
1264.02
1259.78
1259.78
10.00
1187.14
1187.14
1187.14
1262.17
1262.17
1270.04
1255.83
1255.83
1255.83
11.09
11.09
10.06
419.31
419.31
419.31
1260.57
1260.57
121.07
121.07
698.96
698.96
1265.41
1265.41
1074.15
1074.15
1180.97
1221.95
1221.95
1221.95
1132.65
1132.65
1258.99
1258.99
1258.99
1258.99
1095.68
1095.68
1165.68
1165.68
1241.12
1241.12
1262.40
1262.40
1262.40
1262.40
1262.40
55.20
55.20
55.20
1278.45
1278.45
42.70
1263.96
1263.96
1263.96
473.77
473.77
1282.32
1282.32
1282.32
1282.32
1217.87
1217.87
1217.87
1217.87
1217.87
1217.87
1172.67
1172.67
1172.67
1172.67
1231.84
1231.84
1231.84
1231.84
1255.74
1255.74
1255.74
1255.74
1255.74
1255.74
1245.93
1245.93
1245.93
1245.93
1327.43
1327.43
1327.43
1327.43
1246.21
1246.21
1269.76
1269.76
467.55
467.55
1260.84
1260.84
1165.94
1165.94
1290.62
1290.62
1294.10
1294.10
1281.15
1281.15
1028.11
1028.11
1130.24
1130.24
1256.63
1256.63
1185.24
1185.24
1110.08
1110.08
1293.62
1293.62
1249.00
1249.00
1165.93
1165.93
497.78
497.78
1091.47
1091.47
1154.30
1154.30
1082.45
1082.45
1277.03
1277.03
1277.03
1277.03
1269.74
1269.74
1256.75
1256.75
473.77
473.77
51.09
51.09
1179.12
1179.12
804.22
804.22
1130.16
1130.16
702.86
702.86
21.63
21.63
955.61
955.61
1089.07
1089.07
915.39
915.39
1186.28
1186.28
581.89
581.89
927.26
927.26
454.54
454.54
338.96
338.96
1117.68
1117.68
26.47
26.47
1177.47
1177.47
1269.57
1269.57
1261.83
1261.83
252.72
252.72
504.65
504.65
1287.09
1287.09
913.37
913.37
1205.64
1205.64
1231.93
1231.93
21.14
21.14
1225.86
1225.86
11.17
11.17
62.54
62.54
209.94
209.94
483.21
483.21
10.00
10.00
94.57
94.57
1195.70
1195.70
1253.28
1253.28
1254.35
1254.35
1238.87
1238.87
1230.07
1230.07
1105.01
1105.01
1278.00
1278.00
515.43
515.43
515.43
515.43
482.48
482.48
1289.74
1289.74
1237.88
1237.88
1249.46
1249.46
1121.04
1121.04
50.02
50.02
298.45
298.45
474.35
474.35
1183.24
1183.24
1154.06
1154.06
429.95
429.95
1053.62
1053.62
633.49
633.49
1263.24
1263.24
1263.24
1263.24
676.34
676.34
905.48
905.48
713.17
713.17
206.83
206.83
1250.49
1250.49
1288.65
1288.65
1127.46
1127.46
1127.46
1127.46
1259.34
1259.34
42.25
42.25
1269.59
1269.59
769.64
769.64
1264.02
1264.02
1320.32
1320.32
1191.69
1191.69
1243.97
1243.97
374.39
374.39
355.38
355.38
32.41
32.41
1207.97
1207.97
14.85
14.85
473.95
473.95
10.00
10.00
418.42
418.42
10.34
10.34
1240.00
1240.00
1090.56
1090.56
938.86
938.86
1261.50
1261.50
20.45
20.45
169.88
169.88
501.84
501.84
94.38
94.38
94.38
221.11
221.11
221.11
79.88
79.88
13.85
13.85
111.27
111.27
890.75
890.75
848.61
848.61
911.44
911.44
911.44
325.23
325.23
474.10
474.10
518.61
518.61
518.61
369.62
294.72
13.71
13.71
39.78
39.78
41.14
41.14
694.64
694.64
105.02
105.02
1188.37
1188.37
1064.67
1064.67
1254.88
1254.88
11.75
11.75
82.40
82.40
1119.45
1119.45
471.90
471.90
1176.13
1176.13
1258.79
1258.79
125.20
125.20
20.41
20.41
565.70
565.70
1252.11
1252.11
1252.49
1252.49
1264.85
1264.85
1263.69
1263.69
1249.33
1249.33
1249.33
1249.33
474.44
474.44
1252.22
1252.22
127.26
127.26
1244.18
1244.18
1287.02
1287.02
869.24
869.24
1143.89
1143.89
1270.37
1270.37
1118.33
1118.33
1074.18
1074.18
1282.95
1282.95
1291.12
1291.12
23.62
23.62
1244.87
1244.87
1226.61
1226.61
1254.22
1254.22
1265.22
1265.22
1283.32
1283.32
1287.59
1287.59
1242.31
1242.31
1176.78
1176.78
1181.91
1181.91
1245.91
1245.91
1251.42
1251.42
13.28
13.28
1285.81
1285.81
961.09
961.09
1262.42
1262.42
1252.96
1252.96
1258.92
1258.92
595.82
595.82
1287.50
1287.50
1289.30
1289.30
1153.99
1153.99
1259.62
1259.62
1119.44
1119.44
1299.17
1299.17
1263.81
1263.81
872.35
872.35
1291.49
1291.49
1291.49
1291.49
1291.49
1291.49
1302.54
1302.54
482.80
482.80
1222.81
1222.81
1119.97
1119.97
1311.21
1311.21
1094.58
1094.58
1178.67
1178.67
1200.86
1200.86
1260.47
1260.47
1141.01
1141.01
1306.96
1306.96
1101.93
1101.93
1299.14
1299.14
1271.87
1271.87
1241.54
1241.54
1129.66
1129.66
1261.37
1261.37
1274.29
1274.29
1235.24
1235.24
10.00
10.00
529.08
529.08
1168.49
1168.49
1281.89
1281.89
1221.96
1221.96
1269.06
1269.06
1190.15
1190.15
1181.74
1181.74
1314.08
1314.08
1242.86
1242.86
1246.05
1246.05
1255.55
1255.55
1255.55
1255.55
677.50
677.50
1327.64
1327.64
1240.95
1240.95
1268.66
1268.66
1275.45
1275.45
339.94
339.94
1257.71
1257.71
275.85
275.85
577.73
577.73
787.99
787.99
13.97
13.97
1258.85
1258.85
1118.20
1118.20
1176.95
1176.95
1176.95
1176.95
1250.02
1250.02
1297.71
1297.71
1223.66
1223.66
245.35
245.35
298.76
298.76
351.50
351.50
260.04
260.04
473.96
473.96
1256.53
1256.53
1222.46
1222.46
909.35
909.35
190.19
190.19
10.00
10.00
10.19
10.19
272.28
272.28
20.03
20.03
10.63
10.63
1075.83
1075.83
459.44
459.44
10.35
10.35
10.00
10.00
176.96
176.96
644.08
644.08
1245.97
1245.97
880.37
880.37
267.71
267.71
1288.36
1288.36
754.23
754.23
754.23
1261.86
1261.39
1261.39
1252.67
1252.67
1300.58
1300.58
11.11
11.11
1267.58
1267.58
1212.17
1212.17
1209.79
1209.79
1239.74
1239.74
1273.77
1273.77
845.19
845.19
845.19
1133.41
1133.41
1242.80
1250.11
1250.11
1170.91
1170.91
1281.45
1281.45
759.57
