# 1Hz Kbps trace generated by import_real_world_traces.py
471.22
471.22
2704.18
166.40
1135.26
36.76
36.76
36.76
191.38
1102.68
1102.68
115.87
115.87
205.48
779.25
140.83
279.05
279.05
1005.76
1005.76
267.10
267.10
267.10
267.10
267.10
1419.49
1419.49
1419.49
1419.49
449.18
449.18
449.18
1115.15
1115.15
971.85
348.30
348.30
190.74
312.39
918.45
24.45
24.45
337.28
337.28
337.28
337.28
337.28
581.27
581.27
581.27
581.27
424.56
59.14
624.60
905.63
230.26
230.26
230.26
218.24
218.24
269.77
269.77
269.77
781.62
781.62
1405.93
1405.93
92.90
1327.98
1327.98
1327.98
1327.98
1327.98
1327.98
150.28
33.03
251.58
864.28
296.44
875.22
875.22
1238.60
1674.43
1674.43
2110.70
2110.70
2110.70
378.35
378.35
907.93
907.93
10.00
1067.32
696.06
696.06
1945.54
1042.87
1797.51
1797.51
1797.51
571.26
571.26
571.26
10.52
10.52
1295.54
1295.54
782.37
288.51
288.51
288.51
288.51
20.89
20.89
20.89
20.89
25.78
821.53
821.53
233.14
585.53
585.53
585.53
1481.53
1481.53
1481.53
928.41
928.41
928.41
928.41
292.19
292.19
292.19
292.19
317.19
317.19
171.12
171.12
10.00
477.17
473.14
473.14
473.14
114.15
70.64
70.64
141.07
141.07
45.31
45.31
45.31
1377.57
1377.57
10.06
10.06
337.59
650.13
650.13
650.13
1704.47
1704.47
24.51
