# 1Hz Kbps trace generated by import_real_world_traces.py
319.24
10.00
185.64
236.31
236.31
236.31
236.31
236.31
236.31
236.31
236.31
236.31
236.31
236.31
236.31
236.31
239.16
239.16
239.16
239.16
239.16
239.16
239.16
239.16
239.16
239.16
239.16
239.16
239.16
239.16
239.16
239.16
239.16
239.16
239.16
239.16
239.16
239.16
239.16
239.16
239.87
239.87
239.87
239.87
239.87
239.87
239.87
239.87
239.87
239.87
239.87
239.87
239.87
239.87
239.87
239.87
239.87
239.87
239.87
239.87
239.87
239.87
239.87
239.87
239.87
239.87
239.87
239.87
239.87
239.87
239.87
239.87
239.87
239.87
239.87
239.87
239.87
239.87
239.87
239.87
239.87
239.87
239.87
239.87
239.87
239.87
239.87
239.87
239.87
239.87
239.87
239.87
239.87
239.87
239.87
239.87
239.87
239.87
239.87
239.87
239.87
239.87
239.87
239.87
239.87
239.87
239.87
239.87
239.87
239.87
24.61
24.61
59.15
59.15
119.16
119.16
115.56
115.56
115.56
115.56
151.27
151.27
191.58
191.58
229.09
229.09
305.41
305.41
327.70
327.70
325.19
325.19
376.54
376.54
450.10
450.10
524.78
524.78
589.56
589.56
711.76
711.76
807.56
807.56
836.08
836.08
909.32
909.32
1051.01
1051.01
1088.85
1088.85
1100.92
1100.92
1127.16
1127.16
1081.17
1081.17
1150.54
1150.54
1150.54
1150.54
1150.54
1150.54
1150.54
1150.54
1150.54
1150.54
1150.54
1150.54
1150.54
1150.54
1150.54
1150.54
1150.54
1150.54
1150.54
1150.54
1150.54
1150.54
1150.54
1150.54
1150.54
1150.54
1150.54
1150.54
1150.54
1150.54
1150.54
1150.54
1150.54
1150.54
1150.54
1150.54
1150.54
1150.54
1150.54
1150.54
1150.54
1150.54
1150.54
1150.54
1150.54
1150.54
1150.54
1150.54
1150.54
1150.54
1150.54
1150.54
1150.54
1150.54
1150.54
1150.54
1150.54
1150.54
1150.54
1150.54
1150.54
1150.54
1150.54
1150.54
1150.54
1150.54
1150.54
1150.54
1150.54
1150.54
1150.54
1150.54
1150.54
1150.54
1150.54
1150.54
1150.54
1150.54
1150.54
1150.54
1150.54
1150.54
1150.54
1150.54
1150.54
1150.54
1150.54
1150.54
1150.54
1150.54
1150.54
1150.54
1150.54
1150.54
1150.54
1150.54
1150.54
1150.54
1150.54
1150.54
1150.54
1150.54
1150.54
1150.54
1150.54
1150.54
1150.54
1150.54
1150.54
1150.54
1150.54
1150.54
1150.54
1150.54
1150.54
1150.54
1150.54
1150.54
1150.54
1150.54
1150.54
1150.54
1150.54
1150.54
1150.54
1150.54
1150.54
1150.54
1150.54
1150.54
1150.54
1150.54
1150.54
1150.54
1150.54
1150.54
1150.54
1150.54
1150.54
1150.54
1150.54
1150.54
1150.54
1150.54
1150.54
1150.54
1150.54
1150.54
1150.54
1150.54
1150.54
1150.54
1150.54
1150.54
1150.54
1150.54
1150.54
1150.54
1150.54
1150.54
1150.54
1150.54
1150.54
1150.54
1150.54
1150.54
1150.54
1150.54
1150.54
1150.54
1150.54
1150.54
1150.54
1150.54
1150.54
1150.54
1150.54
1150.54
1150.54
1150.54
1150.54
1150.54
1150.54
1150.54
1150.54
1150.54
1150.54
1150.54
1150.54
1150.54
1150.54
1150.54
1150.54
1150.54
1150.54
1150.54
1150.54
1150.54
1150.54
1150.54
1150.54
1150.54
1150.54
1150.54
1150.54
1150.54
1150.54
1150.54
1150.54
1150.54
1150.54
1150.54
1150.54
1150.54
1150.54
1150.54
1150.54
1150.54
1150.54
1150.54
1150.54
1150.54
1150.54
1150.54
1150.54
1150.54
1150.54
1150.54
1150.54
1150.54
1150.54
1150.54
1150.54
1150.54
1150.54
1150.54
1150.54
1150.54
1150.54
1150.54
1150.54
1150.54
1150.54
1150.54
1150.54
1150.54
1150.54
1150.54
1150.54
1150.54
1150.54
1150.54
1150.54
1150.54
1150.54
1150.54
1150.54
1150.54
1150.54
1150.54
1150.54
1150.54
1150.54
1150.54
1150.54
1150.54
1150.54
1150.54
1150.54
1150.54
1150.54
1150.54
1150.54
1150.54
1150.54
1150.54
1150.54
1150.54
1150.54
1150.54
1150.54
1150.54
1150.54
1150.54
1150.54
1150.54
1150.54
1150.54
1150.54
1150.54
1150.54
1150.54
1150.54
1150.54
1150.54
1150.54
1150.54
1150.54
1150.54
1150.54
1150.54
1150.54
1150.54
1150.54
1150.54
1150.54
1150.54
1150.54
1150.54
1150.54
1150.54
1150.54
1150.54
1150.54
1150.54
1150.54
1150.54
1150.54
1150.54
1150.54
1150.54
1150.54
1150.54
1150.54
1150.54
1150.54
1150.54
1150.54
1150.54
1150.54
1150.54
1150.54
1150.54
1150.54
1150.54
1150.54
1150.54
1150.54
1150.54
1150.54
1150.54
1150.54
1150.54
1150.54
1150.54
1150.54
1150.54
1150.54
1150.54
1150.54
1150.54
1150.54
1150.54
1150.54
1150.54
1150.54
1150.54
1150.54
1150.54
1150.54
1150.54
1150.54
1150.54
1150.54
1150.54
1150.54
1150.54
1150.54
1150.54
1150.54
1150.54
1150.54
1150.54
1150.54
1150.54
1150.54
1150.54
1150.54
1150.54
1150.54
1150.54
1150.54
1150.54
1150.54
1150.54
1150.54
1150.54
1150.54
1150.54
1150.54
1150.54
1150.54
1150.54
1150.54
1150.54
1150.54
1150.54
1150.54
1150.54
1150.54
1150.54
1150.54
1150.54
1150.54
1150.54
1150.54
1150.54
1150.54
1150.54
1150.54
1150.54
1150.54
1150.54
1150.54
1150.54
1150.54
1150.54
1150.54
1150.54
1150.54
1150.54
1150.54
1150.54
1150.54
1150.54
1150.54
1150.54
1150.54
1150.54
1150.54
1150.54
1150.54
1150.54
1150.54
1150.54
1150.54
1150.54
1150.54
1150.54
1150.54
1150.54
1150.54
1150.54
1150.54
1150.54
1150.54
1150.54
1150.54
1150.54
1150.54
1150.54
1150.54
1150.54
1150.54
1150.54
1150.54
1150.54
1150.54
1150.54
1150.54
1150.54
1150.54
1150.54
1150.54
1150.54
1150.54
1150.54
1150.54
1150.54
1150.54
1150.54
1150.54
1150.54
1150.54
1150.54
1150.54
1150.54
1150.54
1150.54
1150.54
1150.54
1150.54
1150.54
1150.54
1150.54
1150.54
1150.54
1150.54
1150.54
1150.54
1150.54
1150.54
1150.54
1150.54
1150.54
1150.54
1150.54
1150.54
1150.54
1150.54
1150.54
1150.54
1150.54
1150.54
1150.54
1150.54
1150.54
1150.54
1150.54
1150.54
1150.54
1150.54
1150.54
1150.54
1150.54
1150.54
1150.54
1150.54
1150.54
1150.54
1150.54
1150.54
1150.54
1150.54
1150.54
1150.54
1150.54
1150.54
1150.54
1150.54
1150.54
1150.54
1150.54
1150.54
1150.54
1150.54
1150.54
1150.54
1150.54
1150.54
1150.54
1150.54
1150.54
1150.54
1150.54
1150.54
1150.54
1150.54
1150.54
1150.54
1150.54
1150.54
1150.54
1150.54
1150.54
1150.54
1150.54
1150.54
1150.54
1150.54
1150.54
1150.54
1150.54
1150.54
1150.54
1150.54
1150.54
1150.54
1150.54
1150.54
1150.54
1150.54
1150.54
1150.54
1150.54
1150.54
1150.54
1150.54
1150.54
1150.54
1150.54
1150.54
1150.54
1150.54
1150.54
1150.54
1150.54
1150.54
1150.54
1150.54
1150.54
1150.54
1150.54
1150.54
1150.54
1150.54
1150.54
1150.54
1150.54
1150.54
1150.54
1150.54
1150.54
1150.54
1150.54
1150.54
1150.54
1150.54
1150.54
1150.54
1150.54
1150.54
1150.54
1150.54
1150.54
1150.54
1150.54
1150.54
1150.54
1150.54
1150.54
1150.54
1150.54
1150.54
1150.54
1150.54
1150.54
1150.54
1150.54
1150.54
1150.54
1150.54
1150.54
1150.54
1150.54
1150.54
1150.54
1150.54
1150.54
1150.54
1150.54
1150.54
1150.54
1150.54
1150.54
1150.54
1150.54
1150.54
1150.54
1150.54
1150.54
1150.54
1150.54
1150.54
1150.54
1150.54
1150.54
1150.54
1150.54
1150.54
1150.54
1150.54
1150.54
1150.54
1150.54
1150.54
1150.54
1150.54
1150.54
1150.54
1150.54
1150.54
1150.54
1150.54
1150.54
1150.54
1150.54
1150.54
1150.54
1150.54
1150.54
1150.54
1150.54
1150.54
1150.54
1150.54
1150.54
1150.54
1150.54
1150.54
1150.54
1150.54
1150.54
1150.54
1150.54
1150.54
1150.54
1150.54
1150.54
1150.54
1150.54
1150.54
1150.54
1150.54
1150.54
1150.54
1150.54
1150.54
1150.54
1150.54
1150.54
1150.54
1150.54
1150.54
1150.54
1150.54
1150.54
1150.54
1150.54
1150.54
1150.54
1150.54
1150.54
1150.54
1150.54
1150.54
1150.54
1150.54
1150.54
1150.54
1150.54
1150.54
1150.54
1150.54
1150.54
1150.54
1150.54
1150.54
1150.54
1150.54
1150.54
1150.54
1150.54
1150.54
1150.54
1150.54
1150.54
1150.54
1150.54
1150.54
1150.54
1150.54
1150.54
1150.54
1150.54
1150.54
1150.54
1150.54
1150.54
1150.54
1150.54
1150.54
1150.54
1150.54
1150.54
1150.54
1150.54
1150.54
1150.54
1150.54
1150.54
1150.54
1150.54
1150.54
1150.54
1150.54
1150.54
1150.54
1150.54
1150.54
1150.54
1150.54
1150.54
1150.54
1150.54
1150.54
1150.54
1150.54
1150.54
1150.54
1150.54
1150.54
1150.54
1150.54
1150.54
1150.54
1150.54
1150.54
1150.54
1150.54
1150.54
1150.54
1150.54
1150.54
1150.54
1150.54
1150.54
1150.54
1150.54
1150.54
1150.54
1150.54
1150.54
1150.54
1150.54
1150.54
1150.54
1150.54
1150.54
1150.54
1150.54
1150.54
1150.54
1150.54
1150.54
1150.54
1150.54
1150.54
1150.54
1150.54
1150.54
1150.54
1150.54
1150.54
1150.54
1150.54
1150.54
1150.54
1150.54
1150.54
1150.54
1150.54
1150.54
1150.54
1150.54
1150.54
1150.54
1150.54
1150.54
1150.54
1150.54
1150.54
1150.54
1150.54
1150.54
1150.54
1150.54
1150.54
1150.54
1150.54
1150.54
1150.54
1150.54
1150.54
1150.54
1150.54
1150.54
1150.54
1150.54
1150.54
1150.54
1150.54
1150.54
1150.54
1150.54
1150.54
1150.54
1150.54
1150.54
1150.54
1150.54
1150.54
1150.54
1150.54
1150.54
1150.54
1150.54
1150.54
1150.54
1150.54
1150.54
1150.54
1150.54
1150.54
1150.54
1150.54
1150.54
1150.54
1150.54
1150.54
1150.54
1150.54
1150.54
1150.54
1150.54
1150.54
1150.54
1150.54
1150.54
1150.54
1150.54
1150.54
1150.54
1150.54
1150.54
1150.54
1150.54
1150.54
1150.54
1150.54
1150.54
1150.54
1150.54
1150.54
1150.54
1150.54
1150.54
1150.54
1150.54
1150.54
1150.54
1150.54
1150.54
1150.54
1150.54
1150.54
1150.54
1150.54
1150.54
1150.54
1150.54
1150.54
1150.54
1150.54
1150.54
1150.54
1150.54
1150.54
1150.54
1150.54
1150.54
1150.54
1150.54
1150.54
1150.54
1150.54
1150.54
1150.54
1150.54
1150.54
1150.54
1150.54
1150.54
1150.54
1150.54
1150.54
1150.54
1150.54
1150.54
1150.54
1150.54
1150.54
1150.54
1150.54
1150.54
1150.54
1150.54
1150.54
1150.54
1150.54
1150.54
1150.54
1150.54
1150.54
1150.54
1150.54
1150.54
1150.54
1150.54
1150.54
1150.54
1150.54
1150.54
1150.54
1150.54
1150.54
1150.54
1150.54
1150.54
1150.54
1150.54
1150.54
1150.54
1150.54
1150.54
1150.54
1150.54
1150.54
1150.54
1150.54
1150.54
1150.54
1150.54
1150.54
1150.54
1150.54
1150.54
1150.54
1150.54
1150.54
1150.54
1150.54
1150.54
1150.54
1150.54
1150.54
1150.54
1150.54
1150.54
1150.54
1150.54
1150.54
1150.54
1150.54
1150.54
1150.54
1150.54
1150.54
1150.54
1150.54
1150.54
1150.54
1150.54
1150.54
1150.54
1150.54
1150.54
1150.54
1150.54
1150.54
1150.54
1150.54
1150.54
1150.54
1150.54
1150.54
1150.54
1150.54
1150.54
1150.54
1150.54
1150.54
1150.54
1150.54
1150.54
1150.54
1150.54
1150.54
1150.54
1150.54
1150.54
1150.54
1150.54
1150.54
1150.54
1150.54
1150.54
1150.54
1150.54
1150.54
1150.54
1150.54
1150.54
1150.54
1150.54
1150.54
1150.54
1150.54
1150.54
1150.54
1150.54
1150.54
1150.54
1150.54
1150.54
1150.54
1150.54
1150.54
1150.54
1150.54
1150.54
1150.54
1150.54
1150.54
1150.54
1150.54
1150.54
1150.54
1150.54
1150.54
1150.54
1150.54
1150.54
1150.54
1150.54
1150.54
1150.54
1150.54
1150.54
1150.54
1150.54
1150.54
1150.54
1150.54
1150.54
1150.54
1150.54
1150.54
1150.54
1150.54
1150.54
1150.54
1150.54
1150.54
1150.54
1150.54
1150.54
1150.54
1150.54
1150.54
1150.54
1150.54
1150.54
1150.54
1150.54
1150.54
1150.54
1150.54
1150.54
1150.54
1150.54
1150.54
1150.54
1150.54
1150.54
1150.54
1150.54
1150.54
1150.54
1150.54
1150.54
1150.54
1150.54
1150.54
1150.54
1150.54
1150.54
1150.54
1150.54
1150.54
1150.54
1150.54
1150.54
1150.54
1150.54
1150.54
1150.54
1150.54
1150.54
1150.54
1150.54
1150.54
1150.54
1150.54
1150.54
1150.54
1150.54
1150.54
1150.54
1150.54
1150.54
1150.54
1150.54
1150.54
1150.54
1150.54
1150.54
1150.54
1150.54
1150.54
1150.54
1150.54
1150.54
1150.54
1150.54
1150.54
1150.54
1150.54
1150.54
1150.54
1150.54
1150.54
1150.54
1150.54
1150.54
1150.54
1150.54
1150.54
1150.54
1150.54
1150.54
1150.54
1150.54
1150.54
1150.54
1150.54
1150.54
1150.54
1150.54
1150.54
1150.54
1150.54
1150.54
1150.54
1150.54
1150.54
1150.54
1150.54
1150.54
1150.54
1150.54
1150.54
1150.54
1150.54
1150.54
1150.54
1150.54
1150.54
1150.54
1150.54
1150.54
1150.54
1150.54
1150.54
1150.54
1150.54
1150.54
1150.54
1150.54
1150.54
1150.54
1150.54
1150.54
1150.54
1150.54
1150.54
1150.54
1150.54
1150.54
1150.54
1150.54
1150.54
1150.54
1150.54
1150.54
1150.54
1150.54
1150.54
1150.54
1150.54
1150.54
1150.54
1150.54
1150.54
1150.54
1150.54
1150.54
1150.54
1150.54
1150.54
1150.54
1150.54
1150.54
1150.54
1150.54
1150.54
1150.54
1150.54
1150.54
1150.54
1150.54
1150.54
1150.54
1150.54
1150.54
1150.54
1150.54
1150.54
1150.54
1150.54
1150.54
1150.54
1150.54
1150.54
1150.54
1150.54
1150.54
1150.54
1150.54
1150.54
1150.54
1150.54
1150.54
1150.54
1150.54
1150.54
1150.54
1150.54
1150.54
1150.54
1150.54
1150.54
1150.54
1150.54
1150.54
1150.54
1150.54
1150.54
1150.54
1150.54
1150.54
1150.54
1150.54
1150.54
1150.54
1150.54
1150.54
1150.54
1150.54
1150.54
1150.54
1150.54
1150.54
1150.54
1150.54
1150.54
1150.54
1150.54
1150.54
1150.54
1150.54
1150.54
1150.54
1150.54
1150.54
1150.54
1150.54
1150.54
1150.54
1150.54
1150.54
1150.54
1150.54
1150.54
1150.54
1150.54
1150.54
1150.54
1150.54
1150.54
1150.54
1150.54
1150.54
1150.54
1150.54
1150.54
1150.54
1150.54
1150.54
1150.54
1150.54
1150.54
1150.54
1150.54
1150.54
1150.54
1150.54
1150.54
1150.54
1150.54
1150.54
1150.54
1150.54
1150.54
1150.54
1150.54
1150.54
1150.54
1150.54
1150.54
1150.54
1150.54
1150.54
1150.54
1150.54
1150.54
1150.54
1150.54
1150.54
1150.54
1150.54
1150.54
1150.54
1150.54
1150.54
1150.54
1150.54
1150.54
1150.54
1150.54
1150.54
1150.54
1150.54
1150.54
1150.54
1150.54
1150.54
1150.54
1150.54
1150.54
1150.54
1150.54
1150.54
1150.54
1150.54
1150.54
1150.54
1150.54
1150.54
1150.54
1150.54
1150.54
1150.54
1150.54
1150.54
1150.54
1150.54
1150.54
1150.54
1150.54
1150.54
1150.54
1150.54
1150.54
1150.54
28.70
28.70
32.17
32.17
41.22
41.22
46.26
46.26
46.26
72.99
72.99
116.05
116.05
144.45
177.84
177.84
218.40
218.40
256.22
256.22
315.36
315.36
382.68
382.68
382.68
408.13
408.13
478.90
478.90
541.06
541.06
633.67
633.67
651.27
651.27
763.50
763.50
763.50
763.50
873.05
873.05
873.05
873.05
873.05
873.05
873.05
873.05
873.05
873.05
873.05
873.05
873.05
873.05
873.05
873.05
873.05
873.05
873.05
873.05
873.05
873.05
873.05
873.05
873.05
873.05
873.05
873.05
873.05
873.05
873.05
873.05
873.05
873.05
873.05
873.05
873.05
873.05
873.05
873.05
873.05
873.05
873.05
873.05
873.05
873.05
10.00
10.00
10.00
10.00
10.00
10.00
10.00
10.00
10.00
15.96
15.96
15.96
58.56
67.46
100.17
126.71
154.93
158.90
167.19
167.19
208.84
208.84
217.19
217.19
217.19
217.19
215.46
215.46
215.46
215.46
215.46
215.46
213.83
213.83
213.83
213.83
213.83
213.83
213.83
213.83
207.59
207.59
207.59
207.59
267.98
267.98
341.18
341.18
395.93
395.93
472.46
472.46
551.00
551.00
646.28
646.28
796.64
796.64
856.66
856.66
887.61
887.61
1007.85
1007.85
1119.67
1119.67
1224.66
1224.66
1224.66
1224.66
1224.66
1224.66
1224.66
1224.66
1224.66
1224.66
1224.66
1224.66
1224.66
1224.66
1224.66
1224.66
1224.66
1224.66
1224.66
1224.66
1224.66
1224.66
1224.66
1224.66
1224.66
1224.66
1224.66
1224.66
1224.66
1224.66
1224.66
1224.66
1224.66
1224.66
1224.66
1224.66
1224.66
1224.66
1224.66
1224.66
1224.66
1224.66
1224.66
1224.66
1224.66
1224.66
1224.66
1224.66
1224.66
1224.66
1224.66
1224.66
1224.66
1224.66
1224.66
1224.66
1224.66
1224.66
1224.66
1224.66
1224.66
1224.66
1224.66
1224.66
1224.66
1224.66
1224.66
1224.66
1224.66
1224.66
1224.66
1224.66
1224.66
1224.66
1224.66
1224.66
1224.66
1224.66
1224.66
1224.66
1224.66
1224.66
1224.66
1224.66
1224.66
1224.66
1224.66
1224.66
1224.66
1224.66
1224.66
1224.66
1224.66
1224.66
1224.66
1224.66
1224.66
1224.66
1224.66
1224.66
17.30
17.30
175.40
175.40
249.55
249.55
311.52
311.52
356.14
356.14
356.14
356.14
427.95
427.95
529.05
529.05
599.60
599.60
599.60
599.60
599.60
599.60
599.60
599.60
599.60
599.60
599.60
599.60
599.60
599.60
599.60
599.60
599.60
599.60
599.60
599.60
599.60
599.60
599.60
599.60
599.60
599.60
599.60
599.60
599.60
599.60
599.60
599.60
599.60
599.60
57.79
74.12
112.42
137.30
149.43
178.90
193.54
193.54
304.22
304.22
408.50
408.50
526.34
526.34
611.46
611.46
611.46
611.46
711.00
711.00
748.05
748.05
748.05
748.05
748.05
748.05
748.05
748.05
748.05
748.05
748.05
748.05
748.05
748.05
748.05
748.05
748.05
748.05
748.05
748.05
748.05
748.05
748.05
748.05
748.05
748.05
748.05
748.05
748.05
748.05
748.05
748.05
748.05
748.05
748.05
748.05
748.05
748.05
748.05
748.05
748.05
748.05
748.05
748.05
748.05
748.05
748.05
748.05
748.05
748.05
748.05
748.05
748.05
748.05
748.05
748.05
748.05
748.05
748.05
748.05
748.05
748.05
748.05
748.05
748.05
748.05
748.05
748.05
748.05
748.05
748.05
748.05
748.05
748.05
748.05
748.05
748.05
748.05
748.05
748.05
748.05
748.05
748.05
748.05
748.05
748.05
748.05
748.05
748.05
748.05
748.05
748.05
748.05
748.05
748.05
748.05
748.05
748.05
748.05
748.05
748.05
748.05
748.05
748.05
748.05
748.05
748.05
748.05
748.05
748.05
748.05
748.05
765.99
765.99
765.99
765.99
765.99
765.99
765.99
765.99
765.99
765.99
765.99
765.99
765.99
765.99
765.99
765.99
765.99
765.99
765.99
765.99
765.99
765.99
765.99
765.99
765.99
765.99
765.99
765.99
765.99
765.99
765.99
765.99
765.99
765.99
765.99
765.99
765.99
765.99
765.99
765.99
765.99
765.99
765.99
765.99
765.99
765.99
765.99
765.99
765.99
765.99
765.99
765.99
765.99
765.99
765.99
765.99
765.99
765.99
765.99
765.99
765.99
765.99
765.99
765.99
765.99
765.99
765.99
765.99
765.99
765.99
765.99
765.99
765.99
765.99
765.99
765.99
765.99
765.99
765.99
765.99
765.99
765.99
765.99
765.99
765.99
765.99
765.99
765.99
765.99
765.99
765.99
765.99
765.99
765.99
765.99
765.99
765.99
765.99
765.99
765.99
765.99
765.99
765.99
765.99
765.99
765.99
765.99
765.99
765.99
765.99
765.99
765.99
765.99
765.99
765.99
765.99
765.99
765.99
765.99
765.99
765.99
765.99
765.99
765.99
765.99
765.99
765.99
765.99
765.99
765.99
765.99
765.99
765.99
765.99
765.99
765.99
765.99
765.99
765.99
765.99
765.99
765.99
765.99
765.99
765.99
765.99
765.99
765.99
765.99
765.99
765.99
765.99
765.99
765.99
765.99
765.99
765.99
765.99
213.15
213.15
213.15
213.15
211.57
211.57
213.51
213.51
213.51
213.51
225.89
225.89
269.25
269.25
344.36
344.36
344.36
344.36
344.36
344.36
33.14
33.14
209.61
209.61
337.86
337.86
154.05
154.05
339.54
339.54
428.49
428.49
536.35
536.35
621.12
621.12
741.03
741.03
856.18
856.18
946.41
946.41
956.15
956.15
956.15
956.15
1095.33
1095.33
1095.33
1095.33
1095.33
1095.33
1095.33
1095.33
1095.33
1095.33
1095.33
1095.33
1095.33
1095.33
1095.33
1095.33
1095.33
1095.33
1095.33
1095.33
1095.33
1095.33
1095.33
1095.33
1095.33
1095.33
1095.33
1095.33
1095.33
1095.33
1095.33
1095.33
1095.33
1095.33
1095.33
1095.33
1095.33
1095.33
1095.33
1095.33
1095.33
1095.33
1095.33
1095.33
1095.33
1095.33
1095.33
1095.33
1095.33
1095.33
1095.33
1095.33
1095.33
1095.33
1095.33
1095.33
1095.33
1095.33
1095.33
1095.33
1095.33
1095.33
1095.33
1095.33
1095.33
1095.33
1095.33
1095.33
1095.33
1095.33
1095.33
1095.33
1095.33
1095.33
1095.33
1095.33
1095.33
1095.33
1095.33
1095.33
1095.33
1095.33
1095.33
1095.33
1095.33
1095.33
1095.33
1095.33
1095.33
1095.33
1095.33
1095.33
1095.33
1095.33
1095.33
1095.33
1095.33
1095.33
1095.33
1095.33
1095.33
1095.33
1095.33
1095.33
1095.33
1095.33
1095.33
1095.33
1095.33
1095.33
1095.33
1095.33
1095.33
1095.33
1095.33
1095.33
1095.33
1095.33
1095.33
1095.33
1095.33
1095.33
1095.33
1095.33
1095.33
1095.33
1095.33
1095.33
1095.33
1095.33
1095.33
1095.33
1095.33
1095.33
1095.33
1095.33
1095.33
1095.33
1095.33
1095.33
1095.33
1095.33
1095.33
1095.33
1095.33
1095.33
1095.33
1095.33
1095.33
1095.33
1095.33
1095.33
1095.33
1095.33
1095.33
1095.33
1095.33
1095.33
1095.33
1095.33
1095.33
1095.33
1095.33
1095.33
1095.33
1095.33
1095.33
1095.33
86.32
86.32
120.02
120.02
137.63
137.63
195.27
195.27
195.27
195.27
195.27
195.27
230.50
230.50
289.10
289.10
368.15
368.15
440.68
440.68
471.64
471.64
521.26
521.26
590.27
590.27
718.11
718.11
746.18
746.18
874.07
874.07
930.73
930.73
1019.21
1019.21
1262.50
1262.50
1268.52
1268.52
1268.52
1268.52
1268.52
1268.52
1268.52
1268.52
1268.52
1268.52
1268.52
1268.52
1268.52
1268.52
1268.52
1268.52
1268.52
1268.52
1268.52
1268.52
1268.52
1268.52
1268.52
1268.52
1268.52
1268.52
1268.52
1268.52
1268.52
1268.52
1268.52
1268.52
1268.52
1268.52
1268.52
1268.52
1268.52
1268.52
1268.52
1268.52
1268.52
1268.52
1268.52
1268.52
1268.52
1268.52
1268.52
1268.52
1268.52
1268.52
1268.52
1268.52
1268.52
1268.52
1268.52
1268.52
1268.52
1268.52
1268.52
1268.52
1268.52
1268.52
1268.52
1268.52
1268.52
1268.52
1268.52
1268.52
1268.52
1268.52
1268.52
1268.52
1268.52
1268.52
1268.52
1268.52
1268.52
1268.52
1268.52
1268.52
1268.52
1268.52
1268.52
1268.52
1268.52
1268.52
1268.52
1268.52
1268.52
1268.52
1268.52
1268.52
1268.52
1268.52
1268.52
1268.52
1268.52
1268.52
1268.52
1268.52
1268.52
1268.52
1268.52
1268.52
1268.52
1268.52
1268.52
1268.52
1268.52
1268.52
1268.52
1268.52
1268.52
1268.52
1268.52
1268.52
1268.52
1268.52
1268.52
1268.52
1268.52
1268.52
1268.52
1268.52
1268.52
1268.52
1268.52
1268.52
1268.52
1268.52
1268.52
1268.52
1268.52
1268.52
1268.52
1268.52
1268.52
1268.52
1268.52
1268.52
1268.52
1268.52
1268.52
1268.52
1268.52
1268.52
1268.52
1268.52
1268.52
1268.52
1268.52
1268.52
1268.52
1268.52
1268.52
1268.52
1268.52
1268.52
1268.52
1268.52
1268.52
1268.52
1268.52
1268.52
1268.52
1268.52
1268.52
1268.52
1268.52
1268.52
1268.52
1268.52
1268.52
1268.52
1268.52
1268.52
1268.52
1268.52
1268.52
1268.52
1268.52
1268.52
1268.52
1268.52
1268.52
1268.52
1268.52
1268.52
1268.52
1268.52
1268.52
1268.52
1268.52
1268.52
1268.52
1268.52
1268.52
1268.52
1268.52
1268.52
1268.52
1268.52
1268.52
1268.52
1268.52
1268.52
1268.52
1268.52
1268.52
1268.52
1268.52
1268.52
1268.52
1268.52
1268.52
1268.52
1268.52
1268.52
1268.52
1268.52
1268.52
1268.52
1268.52
1268.52
1268.52
1268.52
1268.52
1268.52
1268.52
1268.52
1268.52
1268.52
1268.52
1268.52
1268.52
1268.52
1268.52
1268.52
1268.52
1268.52
1268.52
1268.52
1268.52
1268.52
1268.52
1268.52
1268.52
1268.52
1268.52
1268.52
1268.52
1268.52
1268.52
1268.52
1268.52
1268.52
1268.52
1268.52
1268.52
1268.52
1268.52
1268.52
1268.52
1268.52
1268.52
1268.52
1268.52
1268.52
1268.52
1268.52
1268.52
1268.52
1268.52
1268.52
1268.52
1268.52
1268.52
1268.52
1268.52
1268.52
1268.52
1268.52
1268.52
1268.52
1268.52
1268.52
1268.52
1268.52
1268.52
26.79
26.79
30.10
30.10
43.75
43.75
51.01
51.01
72.89
72.89
76.00
76.00
131.71
131.71
159.12
159.12
215.19
215.19
243.06
243.06
243.06
243.06
243.06
243.06
331.25
331.25
410.36
410.36
410.36
410.36
411.39
411.39
486.67
486.67
536.30
536.30
536.30
536.30
536.30
536.30
514.66
514.66
514.66
514.66
514.66
514.66
514.66
514.66
514.66
514.66
514.66
514.66
514.66
514.66
514.66
514.66
514.66
514.66
514.66
514.66
514.66
514.66
514.66
514.66
514.66
514.66
514.66
514.66
514.66
514.66
514.66
514.66
514.66
514.66
514.66
514.66
514.66
514.66
514.66
514.66
514.66
514.66
514.66
514.66
514.66
514.66
514.66
514.66
514.66
514.66
514.66
514.66
514.66
514.66
514.66
514.66
514.66
514.66
514.66
514.66
514.66
514.66
514.66
514.66
514.66
514.66
514.66
514.66
514.66
514.66
514.66
514.66
514.66
514.66
514.66
514.66
514.66
514.66
514.66
514.66
514.66
514.66
514.66
514.66
514.66
514.66
514.66
514.66
514.66
514.66
514.66
514.66
514.66
514.66
514.66
514.66
514.66
514.66
514.66
514.66
514.66
514.66
514.66
514.66
514.66
514.66
514.66
514.66
514.66
514.66
514.66
514.66
514.66
514.66
514.66
514.66
514.66
514.66
514.66
514.66
514.66
514.66
514.66
514.66
514.66
514.66
514.66
514.66
514.66
514.66
514.66
514.66
514.66
514.66
514.66
514.66
514.66
514.66
514.66
514.66
514.66
514.66
514.66
514.66
514.66
514.66
514.66
514.66
514.66
514.66
514.66
514.66
514.66
514.66
514.66
514.66
514.66
514.66
514.66
514.66
514.66
514.66
514.66
514.66
514.66
514.66
514.66
514.66
514.66
514.66
514.66
514.66
514.66
514.66
514.66
514.66
514.66
514.66
514.66
514.66
514.66
514.66
514.66
514.66
514.66
514.66
514.66
514.66
514.66
514.66
514.66
514.66
514.66
514.66
514.66
514.66
514.66
514.66
514.66
514.66
514.66
514.66
514.66
514.66
514.66
514.66
514.66
514.66
514.66
514.66
514.66
514.66
514.66
514.66
514.66
514.66
514.66
514.66
514.66
514.66
514.66
514.66
514.66
514.66
514.66
514.66
514.66
514.66
514.66
514.66
514.66
514.66
514.66
514.66
514.66
514.66
514.66
514.66
514.66
514.66
514.66
514.66
514.66
514.66
514.66
514.66
514.66
514.66
514.66
514.66
514.66
514.66
514.66
514.66
514.66
514.66
514.66
514.66
514.66
514.66
514.66
514.66
514.66
514.66
514.66
514.66
514.66
514.66
514.66
514.66
514.66
514.66
514.66
514.66
514.66
514.66
514.66
514.66
514.66
514.66
514.66
514.66
514.66
514.66
514.66
514.66
514.66
514.66
514.66
514.66
514.66
514.66
514.66
514.66
514.66
514.66
514.66
514.66
514.66
514.66
514.66
514.66
514.66
514.66
514.66
514.66
514.66
514.66
514.66
514.66
514.66
514.66
514.66
514.66
514.66
514.66
514.66
514.66
514.66
514.66
514.66
514.66
514.66
514.66
514.66
514.66
514.66
514.66
514.66
514.66
514.66
514.66
514.66
514.66
514.66
514.66
514.66
514.66
514.66
514.66
514.66
514.66
514.66
514.66
514.66
514.66
514.66
514.66
514.66
514.66
514.66
514.66
514.66
514.66
514.66
514.66
514.66
514.66
514.66
514.66
514.66
514.66
514.66
514.66
514.66
514.66
514.66
514.66
514.66
514.66
514.66
514.66
514.66
514.66
514.66
514.66
514.66
514.66
514.66
514.66
514.66
514.66
514.66
514.66
514.66
514.66
514.66
514.66
514.66
514.66
514.66
514.66
514.66
514.66
514.66
514.66
514.66
514.66
514.66
514.66
514.66
514.66
514.66
514.66
514.66
514.66
514.66
514.66
514.66
514.66
514.66
514.66
514.66
514.66
514.66
514.66
514.66
514.66
514.66
514.66
514.66
514.66
514.66
514.66
514.66
514.66
514.66
514.66
514.66
514.66
514.66
514.66
514.66
514.66
514.66
514.66
514.66
514.66
514.66
514.66
514.66
514.66
514.66
514.66
514.66
514.66
514.66
514.66
514.66
514.66
514.66
514.66
514.66
514.66
514.66
514.66
514.66
514.66
514.66
514.66
514.66
514.66
514.66
514.66
514.66
514.66
514.66
514.66
514.66
514.66
514.66
514.66
514.66
514.66
514.66
514.66
514.66
514.66
514.66
514.66
514.66
514.66
514.66
514.66
514.66
514.66
514.66
514.66
514.66
514.66
514.66
514.66
514.66
514.66
514.66
514.66
514.66
514.66
514.66
514.66
514.66
514.66
514.66
514.66
514.66
514.66
514.66
514.66
514.66
514.66
514.66
514.66
514.66
514.66
514.66
514.66
514.66
514.66
514.66
514.66
514.66
514.66
514.66
514.66
514.66
514.66
514.66
514.66
514.66
514.66
514.66
514.66
514.66
514.66
514.66
514.66
514.66
514.66
514.66
514.66
514.66
514.66
514.66
514.66
514.66
514.66
514.66
514.66
514.66
514.66
514.66
514.66
514.66
514.66
514.66
514.66
514.66
514.66
514.66
514.66
514.66
514.66
514.66
514.66
514.66
514.66
514.66
514.66
514.66
514.66
514.66
514.66
514.66
514.66
514.66
514.66
514.66
514.66
514.66
514.66
514.66
514.66
514.66
514.66
514.66
514.66
514.66
514.66
514.66
514.66
514.66
514.66
514.66
514.66
514.66
514.66
514.66
514.66
514.66
514.66
514.66
514.66
514.66
514.66
514.66
514.66
514.66
514.66
514.66
514.66
514.66
514.66
514.66
514.66
514.66
514.66
514.66
514.66
514.66
514.66
514.66
514.66
514.66
514.66
514.66
514.66
514.66
514.66
514.66
514.66
514.66
514.66
514.66
514.66
514.66
514.66
514.66
514.66
514.66
514.66
514.66
514.66
514.66
514.66
514.66
514.66
514.66
514.66
514.66
514.66
514.66
514.66
514.66
514.66
514.66
514.66
514.66
514.66
514.66
514.66
514.66
514.66
514.66
514.66
514.66
514.66
514.66
514.66
514.66
514.66
514.66
514.66
514.66
514.66
514.66
514.66
514.66
514.66
514.66
514.66
514.66
514.66
514.66
514.66
514.66
514.66
514.66
514.66
514.66
514.66
514.66
514.66
514.66
514.66
514.66
514.66
514.66
514.66
514.66
514.66
514.66
514.66
514.66
514.66
514.66
514.66
514.66
514.66
514.66
514.66
514.66
514.66
514.66
514.66
514.66
514.66
514.66
514.66
514.66
514.66
514.66
514.66
514.66
514.66
514.66
514.66
514.66
514.66
514.66
514.66
514.66
514.66
514.66
514.66
514.66
514.66
514.66
514.66
514.66
514.66
514.66
514.66
514.66
514.66
514.66
514.66
514.66
514.66
514.66
514.66
514.66
514.66
514.66
514.66
514.66
514.66
514.66
514.66
514.66
514.66
514.66
514.66
514.66
514.66
514.66
514.66
514.66
514.66
514.66
514.66
514.66
514.66
514.66
514.66
514.66
514.66
514.66
514.66
514.66
514.66
514.66
514.66
514.66
514.66
514.66
514.66
514.66
514.66
514.66
514.66
514.66
514.66
514.66
514.66
514.66
514.66
514.66
514.66
514.66
514.66
514.66
514.66
514.66
514.66
514.66
514.66
514.66
514.66
514.66
514.66
514.66
514.66
514.66
514.66
514.66
514.66
514.66
514.66
514.66
514.66
514.66
514.66
538.79
538.79
538.79
538.79
538.79
538.79
538.79
538.79
538.79
538.79
538.79
538.79
538.79
538.79
538.79
538.79
538.79
538.79
538.79
538.79
538.79
538.79
538.79
538.79
538.79
538.79
538.79
538.79
538.79
538.79
538.79
538.79
538.79
538.79
538.79
538.79
538.79
538.79
538.79
538.79
538.79
538.79
538.79
538.79
538.79
538.79
538.79
538.79
538.79
538.79
538.79
538.79
538.79
538.79
538.79
538.79
538.79
538.79
538.79
538.79
538.79
538.79
538.79
538.79
538.79
538.79
538.79
538.79
538.79
538.79
538.79
538.79
538.79
538.79
538.79
538.79
538.79
538.79
538.79
538.79
538.79
538.79
538.79
538.79
538.79
538.79
538.79
578.55
578.55
578.55
578.55
578.55
578.55
692.01
692.01
769.98
769.98
867.56
867.56
959.13
959.13
984.36
984.36
1026.97
1026.97
1156.97
1156.97
1268.20
1268.20
1259.74
1259.74
1259.74
1259.74
1259.74
1259.74
1259.74
1259.74
1259.74
1259.74
1259.74
1259.74
1259.74
1259.74
1259.74
1259.74
1259.74
1259.74
1259.74
1259.74
1259.74
1259.74
1259.74
1259.74
1259.74
1259.74
1259.74
1259.74
1259.74
1259.74
1259.74
1259.74
1259.74
1259.74
1259.74
1259.74
1259.74
1259.74
1259.74
1259.74
1259.74
1259.74
1259.74
1259.74
1259.74
1259.74
1259.74
1259.74
12.31
12.31
12.76
12.76
12.76
12.76
12.76
12.76
20.73
20.73
20.73
20.73
20.73
20.73
28.91
28.91
28.91
30.46
30.46
39.64
39.64
39.64
40.21
40.21
40.21
41.44
45.90
45.90
54.27
54.27
54.27
62.55
62.55
85.80
85.80
85.80
92.87
92.87
111.03
111.03
109.39
117.29
144.18
144.18
161.11
161.11
205.42
205.42
257.83
257.83
314.18
314.18
358.60
358.60
454.52
454.52
117.62
117.62
655.83
655.83
728.08
728.08
793.75
793.75
813.96
813.96
811.24
811.24
889.81
889.81
915.19
915.19
936.09
936.09
936.09
936.09
936.09
936.09
936.09
936.09
936.09
936.09
936.09
936.09
936.09
936.09
94.34
94.34
208.64
208.64
233.85
233.85
264.27
264.27
264.27
264.27
264.27
264.27
264.27
264.27
264.27
264.27
264.27
264.27
313.18
313.18
396.63
396.63
449.54
449.54
517.74
517.74
557.39
557.39
530.01
530.01
256.41
256.41
82.79
82.79
23.62
23.62
145.24
145.24
36.27
36.27
401.19
401.19
381.79
381.79
382.61
382.61
48.74
48.74
427.10
427.10
454.04
454.04
393.72
393.72
466.08
466.08
637.38
637.38
819.51
819.51
803.95
803.95
975.77
975.77
1194.13
1194.13
1235.03
1235.03
1293.79
1293.79
1293.79
1293.79
1293.79
1293.79
1293.79
1293.79
1293.79
1293.79
1293.79
1293.79
1293.79
1293.79
1293.79
1293.79
1293.79
1293.79
1293.79
1293.79
1293.79
1293.79
1293.79
1293.79
1293.79
1293.79
1293.79
1293.79
1293.79
1293.79
1293.79
1293.79
1293.79
1293.79
1293.79
1293.79
1293.79
1293.79
31.13
31.13
31.13
48.08
48.08
48.08
48.08
92.40
92.40
92.40
28.97
28.97
108.23
158.20
154.28
154.28
164.16
162.30
162.30
165.65
15.74
15.74
258.26
258.26
24.84
24.84
185.48
185.48
361.69
361.69
417.42
417.42
490.01
490.01
590.46
590.46
643.36
643.36
641.13
641.13
737.15
737.15
790.59
790.59
976.74
976.74
964.18
964.18
1111.26
1111.26
1111.26
1111.26
1111.26
1111.26
1111.26
1111.26
1111.26
1111.26
1111.26
1111.26
1111.26
1111.26
1111.26
1111.26
1111.26
1111.26
1111.26
1111.26
1111.26
1111.26
1111.26
1111.26
1111.26
1111.26
1111.26
1111.26
1111.26
1111.26
1111.26
1111.26
1111.26
1111.26
1111.26
1111.26
1111.26
1111.26
1111.26
1111.26
1111.26
1111.26
1111.26
1111.26
1111.26
1111.26
1111.26
1111.26
1111.26
1111.26
1111.26
1111.26
1111.26
1111.26
1111.26
1111.26
1111.26
1111.26
1111.26
1111.26
1111.26
1111.26
1111.26
1111.26
1111.26
1111.26
1111.26
1111.26
1111.26
1111.26
1111.26
1111.26
1111.26
1111.26
1111.26
1111.26
1111.26
1111.26
1111.26
1111.26
1111.26
1111.26
1111.26
1111.26
1111.26
1111.26
1111.26
1111.26
1111.26
1111.26
1111.26
1111.26
1111.26
1111.26
1111.26
1111.26
1111.26
1111.26
1111.26
1111.26
1111.26
1111.26
1111.26
1111.26
1111.26
1111.26
1111.26
1111.26
1111.26
1111.26
1111.26
1111.26
1111.26
1111.26
1111.26
1111.26
1111.26
1111.26
1111.26
1111.26
1111.26
1111.26
1111.26
1111.26
1111.26
1111.26
1111.26
1111.26
1111.26
1111.26
1111.26
1111.26
1111.26
1111.26
1111.26
1111.26
1111.26
1111.26
1111.26
1111.26
1111.26
1111.26
1111.26
1111.26
1111.26
1111.26
1111.26
1111.26
1111.26
1111.26
1111.26
1111.26
1111.26
1111.26
1111.26
1111.26
1111.26
1111.26
1111.26
1111.26
1111.26
1111.26
1111.26
1111.26
1111.26
1111.26
1111.26
1111.26
1111.26
1111.26
1111.26
1111.26
1111.26
1111.26
1111.26
1111.26
1111.26
1111.26
1111.26
1111.26
1111.26
1111.26
1111.26
1111.26
1111.26
1111.26
1111.26
1111.26
1111.26
1111.26
1111.26
1111.26
1111.26
1111.26
1111.26
1111.26
1111.26
1111.26
1111.26
1111.26
1111.26
1111.26
1111.26
1111.26
1111.26
1111.26
1111.26
1111.26
1111.26
1111.26
1111.26
1111.26
1111.26
1111.26
1111.26
1111.26
1111.26
1111.26
1111.26
1111.26
1111.26
1111.26
1111.26
1111.26
1111.26
1111.26
1111.26
1111.26
1111.26
1111.26
1111.26
1111.26
1111.26
1111.26
1111.26
1111.26
1111.26
1111.26
1111.26
1111.26
1111.26
1111.26
1111.26
1111.26
1111.26
1111.26
1111.26
1111.26
1111.26
1111.26
1111.26
1111.26
1111.26
1111.26
1111.26
1111.26
1111.26
1111.26
1111.26
1111.26
1111.26
1111.26
1111.26
1111.26
1111.26
1111.26
1111.26
1111.26
1111.26
1111.26
1111.26
1111.26
1111.26
1111.26
1111.26
1111.26
1111.26
1111.26
1111.26
1111.26
1111.26
1111.26
1111.26
1111.26
1111.26
1111.26
1111.26
1111.26
1111.26
1111.26
1111.26
1111.26
1111.26
1111.26
1111.26
1111.26
1111.26
1111.26
1111.26
1111.26
1111.26
1111.26
1111.26
1111.26
1111.26
1111.26
1111.26
1111.26
1111.26
1111.26
1111.26
1111.26
1111.26
1111.26
1111.26
1111.26
1111.26
1111.26
1111.26
1111.26
1111.26
1111.26
1111.26
1111.26
1111.26
1111.26
1111.26
1111.26
1111.26
1111.26
1111.26
1111.26
1111.26
1111.26
1111.26
1111.26
1111.26
1111.26
1111.26
1111.26
1111.26
1111.26
1111.26
1111.26
1111.26
1111.26
1111.26
1111.26
1111.26
1111.26
1111.26
1111.26
1111.26
1111.26
1111.26
1111.26
1111.26
1111.26
1111.26
1111.26
1111.26
1111.26
1111.26
1111.26
1111.26
1111.26
1111.26
1111.26
1111.26
1111.26
1111.26
1111.26
1111.26
1111.26
1111.26
1111.26
1111.26
1111.26
1111.26
1111.26
1111.26
1111.26
1111.26
1111.26
1111.26
1111.26
1111.26
1111.26
1111.26
1111.26
1111.26
1111.26
1111.26
1111.26
1111.26
1111.26
1111.26
1111.26
1111.26
1111.26
1111.26
1111.26
1111.26
1111.26
1111.26
1111.26
1111.26
1111.26
1111.26
1111.26
1111.26
1111.26
1111.26
1111.26
1111.26
1111.26
1111.26
1111.26
1111.26
1111.26
1111.26
1111.26
1111.26
1111.26
1111.26
1111.26
1111.26
1111.26
1111.26
1111.26
1111.26
1111.26
1111.26
1111.26
1111.26
1111.26
1111.26
1111.26
1111.26
1111.26
1111.26
1111.26
1111.26
1111.26
1111.26
1111.26
1111.26
1111.26
1111.26
1111.26
1111.26
1111.26
1111.26
1111.26
1111.26
1111.26
1111.26
1111.26
1111.26
1111.26
1111.26
1111.26
1111.26
1111.26
1111.26
1111.26
1111.26
1111.26
1111.26
1111.26
1111.26
1111.26
1111.26
1111.26
1111.26
1111.26
1111.26
1111.26
1111.26
1111.26
1111.26
1111.26
1111.26
1111.26
1111.26
1111.26
1111.26
1111.26
1111.26
1111.26
1111.26
1111.26
1111.26
1111.26
1111.26
1111.26
1111.26
1111.26
1111.26
1111.26
1111.26
1111.26
1111.26
1111.26
1111.26
1111.26
1111.26
1111.26
1111.26
1111.26
1111.26
1111.26
1111.26
1111.26
1111.26
1111.26
1111.26
1111.26
1111.26
1111.26
1111.26
1111.26
1111.26
1111.26
1111.26
1111.26
1111.26
1111.26
1111.26
1111.26
1111.26
1111.26
1111.26
1111.26
1111.26
1111.26
1111.26
1111.26
1111.26
1111.26
1111.26
1111.26
1111.26
1111.26
1111.26
1111.26
1111.26
1111.26
1111.26
1111.26
1111.26
1111.26
1111.26
1111.26
1111.26
1111.26
1111.26
1111.26
1111.26
1111.26
1111.26
1111.26
1111.26
1111.26
1111.26
1111.26
1111.26
1111.26
1111.26
1111.26
1111.26
1111.26
1111.26
1111.26
1111.26
1111.26
1111.26
1111.26
1111.26
1111.26
1111.26
1111.26
1111.26
1111.26
1111.26
1111.26
1111.26
1111.26
1111.26
1111.26
1111.26
1111.26
1111.26
1111.26
1111.26
1111.26
1111.26
1111.26
1111.26
1111.26
1111.26
1111.26
1111.26
1111.26
1111.26
1111.26
1111.26
1111.26
1111.26
1111.26
1111.26
1111.26
1111.26
1111.26
1111.26
1111.26
1111.26
1111.26
1111.26
1111.26
1111.26
1111.26
1111.26
1111.26
1111.26
1111.26
1111.26
1111.26
1111.26
1111.26
1111.26
1111.26
1111.26
1111.26
1111.26
1111.26
1111.26
1111.26
1111.26
1111.26
1111.26
1111.26
1111.26
1111.26
1111.26
1111.26
1111.26
1111.26
1111.26
1111.26
1111.26
1111.26
1111.26
1111.26
1111.26
95.15
95.15
90.36
90.36
122.68
122.68
162.51
162.51
197.11
197.11
184.39
184.39
188.99
188.99
240.62
240.62
234.56
234.56
306.33
306.33
430.60
430.60
486.12
486.12
624.12
624.12
568.73
568.73
784.08
784.08
786.55
786.55
773.11
773.11
773.11
773.11
773.11
773.11
773.11
773.11
773.11
773.11
773.11
773.11
773.11
773.11
773.11
773.11
773.11
773.11
773.11
773.11
773.11
773.11
773.11
773.11
773.11
773.11
773.11
773.11
773.11
773.11
773.11
773.11
773.11
773.11
773.11
773.11
773.11
773.11
773.11
773.11
773.11
773.11
773.11
773.11
773.11
773.11
773.11
773.11
773.11
773.11
773.11
773.11
773.11
773.11
773.11
773.11
773.11
773.11
773.11
773.11
773.11
773.11
773.11
773.11
773.11
773.11
773.11
773.11
773.11
773.11
773.11
773.11
773.11
773.11
773.11
773.11
773.11
773.11
773.11
773.11
773.11
773.11
773.11
773.11
773.11
773.11
773.11
773.11
773.11
773.11
773.11
773.11
773.11
773.11
773.11
773.11
773.11
773.11
773.11
773.11
773.11
773.11
773.11
773.11
773.11
773.11
773.11
773.11
773.11
773.11
773.11
773.11
773.11
773.11
773.11
773.11
773.11
773.11
773.11
773.11
773.11
773.11
773.11
773.11
773.11
773.11
773.11
773.11
773.11
773.11
773.11
773.11
773.11
773.11
773.11
773.11
773.11
773.11
773.11
773.11
773.11
773.11
773.11
773.11
773.11
773.11
773.11
773.11
773.11
773.11
773.11
773.11
773.11
773.11
773.11
773.11
773.11
773.11
773.11
773.11
773.11
773.11
773.11
773.11
773.11
773.11
773.11
773.11
773.11
773.11
773.11
773.11
773.11
773.11
773.11
773.11
773.11
773.11
773.11
773.11
773.11
773.11
773.11
773.11
773.11
773.11
773.11
773.11
773.11
773.11
773.11
773.11
773.11
773.11
773.11
773.11
773.11
773.11
773.11
773.11
773.11
773.11
773.11
773.11
773.11
773.11
773.11
773.11
773.11
773.11
773.11
773.11
773.11
773.11
773.11
773.11
773.11
773.11
773.11
773.11
773.11
773.11
773.11
773.11
773.11
773.11
773.11
773.11
773.11
773.11
773.11
773.11
773.11
773.11
773.11
773.11
773.11
773.11
773.11
773.11
773.11
773.11
773.11
773.11
773.11
773.11
773.11
773.11
773.11
773.11
773.11
773.11
773.11
773.11
773.11
773.11
773.11
773.11
773.11
773.11
773.11
773.11
773.11
773.11
773.11
773.11
773.11
773.11
773.11
773.11
773.11
773.11
773.11
773.11
773.11
773.11
773.11
773.11
773.11
773.11
773.11
773.11
773.11
773.11
773.11
773.11
773.11
773.11
773.11
773.11
773.11
773.11
773.11
773.11
773.11
773.11
773.11
773.11
773.11
773.11
773.11
773.11
773.11
773.11
773.11
773.11
773.11
773.11
773.11
773.11
773.11
773.11
773.11
773.11
773.11
773.11
773.11
773.11
773.11
773.11
10.00
10.00
10.00
10.00
10.00
10.00
10.00
10.00
10.00
10.00
10.00
47.11
47.11
81.27
107.97
127.72
140.99
140.99
154.25
154.25
203.59
203.59
212.81
212.81
278.27
278.27
396.83
396.83
414.54
414.54
569.62
569.62
569.62
569.62
556.04
556.04
690.28
690.28
603.81
603.81
850.26
850.26
826.89
826.89
942.68
942.68
968.13
968.13
841.81
841.81
1036.19
1036.19
1036.19
1036.19
1036.19
1036.19
1036.19
1036.19
1036.19
1036.19
1036.19
1036.19
1036.19
1036.19
1036.19
1036.19
1036.19
1036.19
1036.19
1036.19
1036.19
1036.19
1036.19
1036.19
1036.19
1036.19
1036.19
1036.19
1036.19
1036.19
1036.19
1036.19
1036.19
1036.19
1036.19
1036.19
1036.19
1036.19
1036.19
1036.19
1036.19
1036.19
1036.19
1036.19
1036.19
1036.19
1036.19
1036.19
1036.19
1036.19
1036.19
1036.19
1036.19
1036.19
1036.19
1036.19
1036.19
1036.19
1036.19
1036.19
1036.19
1036.19
1036.19
1036.19
1036.19
1036.19
1036.19
1036.19
1036.19
1036.19
1036.19
1036.19
1036.19
1036.19
1036.19
1036.19
1036.19
1036.19
1036.19
1036.19
1036.19
1036.19
1036.19
1036.19
1036.19
1036.19
1036.19
1036.19
1036.19
1036.19
1036.19
1036.19
1036.19
1036.19
1036.19
1036.19
1036.19
1036.19
1036.19
1036.19
1036.19
1036.19
1036.19
1036.19
1036.19
1036.19
1036.19
1036.19
1036.19
1036.19
1036.19
1036.19
1036.19
1036.19
1036.19
1036.19
1036.19
1036.19
1036.19
1036.19
1036.19
1036.19
1036.19
1036.19
1036.19
1036.19
1036.19
1036.19
1036.19
1036.19
1036.19
1036.19
1036.19
1036.19
1036.19
1036.19
1036.19
1036.19
1036.19
1036.19
1036.19
1036.19
1036.19
1036.19
1036.19
1036.19
1036.19
1036.19
1036.19
1036.19
1036.19
1036.19
1036.19
1036.19
1036.19
1036.19
1036.19
1036.19
1036.19
1036.19
1036.19
1036.19
1036.19
1036.19
1036.19
1036.19
1036.19
1036.19
1036.19
1036.19
1036.19
1036.19
1036.19
1036.19
1036.19
1036.19
1036.19
1036.19
1036.19
1036.19
1036.19
1036.19
1036.19
1036.19
1036.19
1036.19
1036.19
1036.19
1036.19
1036.19
1036.19
1036.19
1036.19
1036.19
1036.19
1036.19
1036.19
1036.19
1036.19
1036.19
1036.19
1036.19
1036.19
1036.19
1036.19
1036.19
1036.19
1036.19
1036.19
1036.19
1036.19
1036.19
1036.19
1036.19
1036.19
1036.19
1036.19
1036.19
1036.19
1036.19
1036.19
1036.19
1036.19
1036.19
1036.19
1036.19
1036.19
1036.19
1036.19
1036.19
1036.19
1036.19
1036.19
1036.19
1036.19
1036.19
1036.19
1036.19
1036.19
1036.19
1036.19
1036.19
1036.19
1036.19
1036.19
1036.19
1036.19
1036.19
1036.19
1036.19
1036.19
1036.19
1036.19
1036.19
1036.19
1036.19
1036.19
1036.19
1036.19
1036.19
1036.19
1036.19
1036.19
1036.19
1036.19
1036.19
1036.19
1036.19
1036.19
1036.19
1036.19
1036.19
1036.19
1036.19
1036.19
1036.19
1036.19
1036.19
1036.19
1036.19
1036.19
1036.19
1036.19
1036.19
1036.19
1036.19
1036.19
1036.19
1036.19
1036.19
1036.19
1036.19
1036.19
1036.19
1036.19
1036.19
1036.19
1036.19
1036.19
1036.19
1036.19
1036.19
1036.19
1036.19
1036.19
1036.19
1036.19
1036.19
1036.19
1036.19
1036.19
1036.19
1036.19
1036.19
1036.19
1036.19
98.81
98.81
31.59
31.59
169.50
169.50
214.60
214.60
236.90
236.90
252.94
252.94
312.71
312.71
427.58
427.58
423.15
423.15
405.21
405.21
439.49
439.49
515.79
515.79
530.72
530.72
660.01
660.01
646.44
646.44
644.27
644.27
181.24
181.24
333.44
333.44
333.44
333.44
811.21
811.21
760.72
760.72
930.06
930.06
930.06
930.06
929.87
929.87
865.51
865.51
1106.59
1106.59
962.39
962.39
1095.22
1095.22
1068.17
1068.17
1068.17
1068.17
1245.71
1245.71
1245.71
1245.71
1245.71
1245.71
1245.71
1245.71
1245.71
1245.71
1245.71
1245.71
1245.71
1245.71
1245.71
1245.71
1245.71
1245.71
1245.71
1245.71
1245.71
1245.71
1245.71
1245.71
1245.71
22.85
22.85
93.64
93.64
109.77
109.77
131.03
131.03
133.62
133.62
146.35
146.35
238.08
238.08
265.85
265.85
386.71
386.71
370.41
370.41
370.41
370.41
370.41
370.41
401.20
401.20
496.17
496.17
596.45
596.45
653.35
653.35
685.03
685.03
577.32
577.32
577.32
577.32
577.32
577.32
577.32
577.32
577.32
577.32
577.32
577.32
577.32
577.32
577.32
577.32
577.32
577.32
577.32
577.32
577.32
577.32
577.32
577.32
577.32
577.32
577.32
577.32
577.32
577.32
577.32
577.32
577.32
577.32
577.32
577.32
577.32
577.32
577.32
577.32
592.38
592.38
592.38
592.38
592.38
592.38
592.38
592.38
592.38
592.38
592.38
592.38
592.38
592.38
592.38
592.38
592.38
592.38
592.38
592.38
592.38
592.38
592.38
592.38
613.71
613.71
613.71
613.71
613.71
613.71
613.71
613.71
613.71
613.71
613.71
613.71
613.71
613.71
613.71
613.71
613.71
613.71
613.71
613.71
613.71
613.71
613.71
613.71
613.71
613.71
613.71
613.71
613.71
613.71
613.71
613.71
613.71
613.71
613.71
613.71
613.71
613.71
613.71
613.71
613.71
613.71
613.71
613.71
613.71
613.71
613.71
613.71
613.71
613.71
613.71
613.71
613.71
613.71
613.71
613.71
613.71
613.71
613.71
613.71
613.71
613.71
613.71
613.71
613.71
613.71
613.71
613.71
613.71
613.71
613.71
613.71
613.71
613.71
613.71
613.71
613.71
613.71
613.71
613.71
613.71
613.71
613.71
613.71
613.71
613.71
613.71
613.71
613.71
613.71
613.71
613.71
613.71
613.71
613.71
613.71
613.71
613.71
613.71
613.71
613.71
613.71
613.71
613.71
613.71
613.71
613.71
613.71
613.71
613.71
613.71
613.71
613.71
613.71
613.71
613.71
613.71
613.71
613.71
613.71
613.71
613.71
613.71
613.71
613.71
613.71
613.71
613.71
613.71
613.71
613.71
613.71
613.71
613.71
613.71
613.71
613.71
613.71
613.71
613.71
613.71
613.71
613.71
613.71
613.71
613.71
613.71
613.71
613.71
613.71
613.71
613.71
613.71
613.71
613.71
613.71
613.71
613.71
613.71
613.71
613.71
613.71
613.71
613.71
613.71
613.71
613.71
613.71
613.71
613.71
613.71
613.71
613.71
613.71
613.71
613.71
613.71
613.71
613.71
613.71
613.71
613.71
613.71
613.71
613.71
613.71
613.71
613.71
613.71
613.71
613.71
613.71
613.71
613.71
613.71
613.71
613.71
613.71
613.71
613.71
613.71
613.71
613.71
613.71
613.71
613.71
613.71
613.71
613.71
613.71
613.71
613.71
613.71
613.71
613.71
613.71
613.71
613.71
613.71
613.71
613.71
613.71
613.71
613.71
613.71
613.71
613.71
613.71
613.71
613.71
613.71
613.71
613.71
613.71
613.71
613.71
613.71
613.71
613.71
613.71
613.71
613.71
613.71
613.71
613.71
613.71
613.71
613.71
613.71
613.71
613.71
613.71
613.71
613.71
613.71
613.71
613.71
613.71
613.71
613.71
613.71
613.71
613.71
613.71
613.71
613.71
613.71
613.71
613.71
613.71
613.71
613.71
613.71
613.71
613.71
613.71
613.71
613.71
613.71
613.71
613.71
613.71
613.71
613.71
613.71
613.71
613.71
613.71
613.71
613.71
613.71
613.71
613.71
613.71
613.71
613.71
613.71
613.71
613.71
613.71
613.71
613.71
613.71
613.71
613.71
613.71
613.71
613.71
613.71
613.71
613.71
613.71
613.71
613.71
613.71
613.71
613.71
613.71
613.71
613.71
613.71
613.71
613.71
613.71
613.71
613.71
613.71
613.71
613.71
613.71
613.71
613.71
613.71
613.71
613.71
613.71
613.71
613.71
613.71
613.71
613.71
613.71
613.71
613.71
613.71
613.71
613.71
613.71
613.71
613.71
613.71
613.71
613.71
613.71
613.71
613.71
613.71
613.71
613.71
613.71
613.71
613.71
613.71
613.71
613.71
613.71
613.71
613.71
613.71
613.71
613.71
613.71
613.71
613.71
613.71
613.71
613.71
613.71
613.71
613.71
613.71
613.71
613.71
613.71
613.71
613.71
613.71
613.71
613.71
613.71
613.71
613.71
613.71
613.71
613.71
613.71
613.71
613.71
613.71
613.71
613.71
613.71
613.71
613.71
613.71
613.71
613.71
613.71
613.71
613.71
613.71
613.71
613.71
613.71
613.71
613.71
613.71
613.71
613.71
613.71
613.71
613.71
613.71
613.71
613.71
613.71
613.71
613.71
613.71
613.71
613.71
613.71
613.71
613.71
613.71
613.71
613.71
613.71
613.71
613.71
613.71
613.71
613.71
613.71
613.71
613.71
613.71
613.71
613.71
613.71
613.71
613.71
613.71
613.71
613.71
613.71
613.71
613.71
613.71
613.71
613.71
613.71
613.71
613.71
613.71
613.71
613.71
613.71
613.71
613.71
613.71
613.71
613.71
613.71
613.71
613.71
613.71
613.71
613.71
613.71
613.71
613.71
613.71
613.71
613.71
613.71
613.71
613.71
613.71
613.71
613.71
613.71
613.71
613.71
613.71
613.71
613.71
613.71
613.71
613.71
613.71
613.71
613.71
613.71
613.71
613.71
613.71
613.71
613.71
613.71
613.71
613.71
613.71
613.71
613.71
613.71
613.71
613.71
613.71
613.71
613.71
613.71
613.71
613.71
613.71
613.71
613.71
613.71
613.71
613.71
613.71
613.71
613.71
613.71
613.71
613.71
613.71
613.71
613.71
613.71
613.71
613.71
613.71
613.71
613.71
613.71
613.71
613.71
613.71
613.71
613.71
613.71
613.71
613.71
613.71
613.71
613.71
613.71
613.71
613.71
613.71
613.71
10.00
10.00
10.00
10.00
10.00
10.00
10.00
10.00
10.00
10.00
10.00
10.00
10.00
52.46
52.46
94.89
121.09
147.62
195.71
206.56
204.97
280.45
301.38
301.38
376.88
376.88
376.88
376.88
465.20
465.20
575.84
575.84
669.34
669.34
749.16
749.16
846.65
846.65
846.65
846.65
763.17
763.17
763.17
763.17
763.17
763.17
763.17
763.17
763.17
763.17
763.17
763.17
763.17
763.17
763.17
763.17
763.17
763.17
763.17
763.17
763.17
763.17
763.17
763.17
763.17
763.17
763.17
763.17
763.17
763.17
763.17
763.17
763.17
763.17
763.17
763.17
763.17
763.17
763.17
763.17
763.17
763.17
763.17
763.17
763.17
763.17
763.17
763.17
763.17
763.17
763.17
763.17
763.17
763.17
763.17
763.17
763.17
763.17
763.17
763.17
763.17
763.17
763.17
763.17
763.17
763.17
763.17
763.17
763.17
763.17
763.17
763.17
763.17
763.17
763.17
763.17
763.17
763.17
763.17
763.17
763.17
763.17
763.17
763.17
763.17
763.17
763.17
763.17
763.17
763.17
763.17
763.17
763.17
763.17
763.17
763.17
763.17
763.17
763.17
763.17
763.17
763.17
763.17
763.17
763.17
763.17
763.17
763.17
763.17
763.17
763.17
763.17
763.17
763.17
763.17
763.17
763.17
763.17
763.17
763.17
763.17
763.17
763.17
763.17
763.17
763.17
763.17
763.17
763.17
763.17
763.17
763.17
763.17
763.17
763.17
763.17
763.17
763.17
763.17
763.17
763.17
763.17
763.17
763.17
763.17
763.17
763.17
763.17
763.17
763.17
763.17
763.17
763.17
763.17
763.17
763.17
763.17
763.17
763.17
763.17
763.17
763.17
763.17
763.17
763.17
763.17
763.17
763.17
763.17
763.17
763.17
763.17
763.17
763.17
763.17
763.17
763.17
763.17
763.17
763.17
763.17
763.17
763.17
763.17
763.17
763.17
763.17
763.17
763.17
763.17
763.17
763.17
763.17
763.17
763.17
763.17
763.17
763.17
763.17
763.17
763.17
763.17
763.17
763.17
763.17
763.17
763.17
763.17
763.17
763.17
763.17
763.17
763.17
763.17
763.17
763.17
763.17
763.17
763.17
763.17
763.17
763.17
763.17
763.17
763.17
763.17
763.17
763.17
763.17
763.17
763.17
763.17
763.17
763.17
763.17
763.17
763.17
763.17
763.17
763.17
763.17
763.17
763.17
763.17
763.17
763.17
763.17
763.17
763.17
763.17
763.17
763.17
763.17
763.17
763.17
763.17
763.17
763.17
763.17
763.17
763.17
763.17
763.17
763.17
763.17
763.17
763.17
763.17
763.17
763.17
763.17
763.17
763.17
763.17
763.17
763.17
763.17
763.17
763.17
763.17
763.17
763.17
763.17
763.17
763.17
763.17
763.17
763.17
763.17
763.17
763.17
763.17
763.17
763.17
763.17
763.17
763.17
763.17
763.17
763.17
763.17
763.17
763.17
763.17
763.17
763.17
763.17
763.17
763.17
763.17
763.17
763.17
763.17
763.17
763.17
763.17
763.17
763.17
763.17
763.17
763.17
763.17
763.17
763.17
763.17
763.17
763.17
763.17
763.17
763.17
763.17
763.17
763.17
763.17
763.17
763.17
763.17
763.17
763.17
763.17
763.17
763.17
763.17
763.17
763.17
763.17
763.17
763.17
763.17
763.17
763.17
763.17
763.17
763.17
763.17
763.17
763.17
763.17
763.17
763.17
763.17
763.17
763.17
763.17
763.17
763.17
763.17
763.17
763.17
763.17
763.17
763.17
763.17
763.17
763.17
763.17
763.17
763.17
763.17
763.17
763.17
763.17
763.17
763.17
763.17
763.17
763.17
763.17
763.17
763.17
763.17
763.17
763.17
763.17
763.17
763.17
763.17
763.17
763.17
763.17
763.17
763.17
763.17
763.17
763.17
763.17
763.17
763.17
763.17
763.17
763.17
763.17
763.17
763.17
763.17
763.17
763.17
763.17
763.17
763.17
763.17
763.17
763.17
763.17
763.17
763.17
763.17
763.17
763.17
763.17
763.17
763.17
763.17
763.17
763.17
763.17
763.17
763.17
763.17
763.17
763.17
763.17
763.17
763.17
763.17
763.17
763.17
763.17
763.17
763.17
763.17
763.17
763.17
763.17
763.17
763.17
763.17
763.17
763.17
763.17
763.17
763.17
763.17
763.17
763.17
763.17
763.17
763.17
763.17
763.17
763.17
763.17
763.17
763.17
763.17
763.17
763.17
763.17
763.17
763.17
763.17
763.17
763.17
763.17
763.17
763.17
763.17
763.17
763.17
763.17
763.17
763.17
763.17
763.17
763.17
763.17
763.17
763.17
763.17
763.17
763.17
763.17
763.17
763.17
763.17
763.17
763.17
763.17
763.17
763.17
763.17
763.17
763.17
763.17
763.17
763.17
763.17
763.17
763.17
763.17
763.17
763.17
763.17
763.17
763.17
763.17
763.17
763.17
763.17
763.17
763.17
763.17
763.17
763.17
763.17
763.17
763.17
763.17
763.17
763.17
763.17
763.17
763.17
763.17
763.17
763.17
763.17
763.17
763.17
763.17
763.17
763.17
763.17
763.17
763.17
763.17
763.17
763.17
763.17
763.17
763.17
763.17
763.17
763.17
763.17
763.17
763.17
763.17
763.17
763.17
763.17
763.17
763.17
763.17
763.17
763.17
763.17
763.17
763.17
763.17
763.17
763.17
763.17
763.17
763.17
763.17
763.17
160.68
160.68
154.87
154.87
156.02
156.02
202.10
202.10
202.10
202.10
216.18
216.18
216.18
216.18
211.54
211.54
248.12
248.12
307.69
307.69
374.56
374.56
463.83
463.83
463.83
463.83
463.83
463.83
463.83
463.83
463.83
463.83
463.83
463.83
463.83
463.83
463.83
463.83
463.83
463.83
463.83
463.83
450.26
450.26
546.50
546.50
546.50
546.50
546.50
546.50
546.50
546.50
546.50
546.50
546.50
546.50
546.50
546.50
546.50
546.50
546.50
546.50
546.50
546.50
546.50
546.50
546.50
546.50
546.50
546.50
546.50
546.50
546.50
546.50
546.50
546.50
546.50
546.50
546.50
546.50
546.50
546.50
546.50
546.50
546.50
546.50
546.50
546.50
546.50
546.50
97.64
97.64
37.15
37.15
103.59
103.59
121.68
121.68
137.39
137.39
140.92
140.92
177.36
177.36
177.36
177.36
269.79
269.79
302.35
302.35
432.60
432.60
432.60
432.60
522.74
522.74
513.59
513.59
610.44
610.44
673.71
673.71
720.54
720.54
720.54
720.54
677.98
677.98
710.96
710.96
868.11
868.11
934.39
934.39
887.83
887.83
887.83
887.83
887.83
887.83
236.29
236.29
1250.76
1250.76
1169.74
1169.74
1169.74
1169.74
1169.74
1169.74
1169.74
1169.74
1169.74
1169.74
1169.74
1169.74
1169.74
1169.74
1169.74
1169.74
1169.74
1169.74
1169.74
1169.74
1169.74
1169.74
1169.74
1169.74
1169.74
1169.74
1169.74
1169.74
1169.74
1169.74
1169.74
1169.74
1169.74
1169.74
1169.74
1169.74
1169.74
1169.74
1169.74
1169.74
1169.74
1169.74
1169.74
1169.74
1169.74
1169.74
1169.74
1169.74
1169.74
1169.74
1169.74
1169.74
1169.74
1169.74
1169.74
1169.74
1169.74
1169.74
1169.74
1169.74
1169.74
1169.74
1169.74
1169.74
1169.74
1169.74
1169.74
1169.74
1169.74
1169.74
1169.74
1169.74
1169.74
1169.74
1169.74
1169.74
1169.74
1169.74
1169.74
1169.74
1169.74
1169.74
1169.74
1169.74
1169.74
1169.74
1169.74
1169.74
1169.74
1169.74
1169.74
1169.74
1169.74
1169.74
1169.74
1169.74
1169.74
1169.74
1169.74
1169.74
1169.74
1169.74
1169.74
1169.74
1169.74
1169.74
1169.74
1169.74
1169.74
1169.74
1169.74
1169.74
1169.74
1169.74
1169.74
1169.74
1169.74
1169.74
1169.74
1169.74
1169.74
1169.74
1169.74
1169.74
1169.74
1169.74
1169.74
1169.74
1169.74
1169.74
1169.74
1169.74
1169.74
1169.74
1169.74
1169.74
1169.74
1169.74
1169.74
1169.74
1169.74
1169.74
1169.74
1169.74
1169.74
1169.74
1169.74
1169.74
1169.74
1169.74
1169.74
1169.74
1169.74
1169.74
1169.74
1169.74
1169.74
1169.74
1169.74
1169.74
1169.74
1169.74
1169.74
1169.74
1169.74
1169.74
1169.74
1169.74
1169.74
1169.74
1169.74
1169.74
1169.74
1169.74
1169.74
1169.74
1169.74
1169.74
1169.74
1169.74
1169.74
1169.74
1169.74
1169.74
1169.74
1169.74
1169.74
1169.74
1169.74
1169.74
1169.74
1169.74
1169.74
1169.74
1169.74
1169.74
1169.74
1169.74
1169.74
1169.74
1169.74
1169.74
1169.74
1169.74
1169.74
1169.74
1169.74
1169.74
1169.74
1169.74
1169.74
1169.74
1169.74
1169.74
1169.74
1169.74
1169.74
1169.74
1169.74
1169.74
1169.74
1169.74
1169.74
1169.74
1169.74
1169.74
1169.74
1169.74
1169.74
1169.74
1169.74
1169.74
1169.74
1169.74
1169.74
1169.74
1169.74
1169.74
1169.74
1169.74
1169.74
1169.74
1169.74
1169.74
1169.74
1169.74
1169.74
1169.74
1169.74
1169.74
1169.74
1169.74
1169.74
1169.74
1169.74
1169.74
1169.74
1169.74
1169.74
1169.74
1169.74
1169.74
1169.74
1169.74
1169.74
1169.74
1169.74
1169.74
1169.74
1169.74
1169.74
1169.74
1169.74
1169.74
1169.74
1169.74
1169.74
1169.74
1169.74
1169.74
1169.74
1169.74
1169.74
1169.74
1169.74
1169.74
1169.74
1169.74
1169.74
1169.74
1169.74
1169.74
1169.74
1169.74
1169.74
1169.74
1169.74
1169.74
1169.74
1169.74
1169.74
1169.74
1169.74
1169.74
1169.74
1169.74
1169.74
1169.74
1169.74
1169.74
1169.74
1169.74
1169.74
1169.74
1169.74
1169.74
1169.74
1169.74
1169.74
1169.74
1169.74
1169.74
1169.74
1169.74
1169.74
1169.74
1169.74
1169.74
1169.74
1169.74
1169.74
1169.74
1169.74
1169.74
1169.74
1169.74
1169.74
1169.74
1169.74
1169.74
1169.74
1169.74
1169.74
1169.74
1169.74
1169.74
1169.74
1169.74
1169.74
1169.74
1169.74
1169.74
1169.74
1169.74
1169.74
1169.74
1169.74
1169.74
1169.74
1169.74
1169.74
1169.74
1169.74
1169.74
1169.74
1169.74
1169.74
1169.74
1169.74
1169.74
1169.74
1169.74
1169.74
1169.74
1169.74
1169.74
1169.74
1169.74
1169.74
1169.74
1169.74
1169.74
1169.74
1169.74
1169.74
1169.74
1169.74
1169.74
1169.74
1169.74
1169.74
1169.74
1169.74
1169.74
1169.74
1169.74
1169.74
1169.74
1169.74
1169.74
1169.74
1169.74
1169.74
1169.74
1169.74
1169.74
1169.74
1169.74
1169.74
1169.74
1169.74
1169.74
1169.74
1169.74
1169.74
1169.74
1169.74
1169.74
1169.74
1169.74
1169.74
1169.74
1169.74
1169.74
1169.74
1169.74
1169.74
1169.74
1169.74
1169.74
1169.74
1169.74
1169.74
1169.74
1169.74
1169.74
1169.74
1169.74
1169.74
1169.74
1169.74
1169.74
1169.74
1169.74
1169.74
1169.74
1169.74
1169.74
1169.74
1169.74
1169.74
1169.74
1169.74
1169.74
1169.74
1169.74
1169.74
1169.74
1169.74
1169.74
1169.74
1169.74
1169.74
1169.74
1169.74
1169.74
1169.74
1169.74
1169.74
1169.74
1169.74
1169.74
1169.74
1169.74
1169.74
1169.74
1169.74
1169.74
1169.74
1169.74
1169.74
1169.74
1169.74
1169.74
1169.74
1169.74
1169.74
1169.74
1169.74
1169.74
1169.74
1169.74
1169.74
1169.74
1169.74
1169.74
1169.74
1169.74
1169.74
1169.74
1169.74
1169.74
1169.74
1169.74
1169.74
1169.74
1169.74
1169.74
1169.74
1169.74
1169.74
1169.74
1169.74
1169.74
1169.74
1169.74
1169.74
1169.74
1169.74
1169.74
1169.74
1169.74
1169.74
1169.74
1169.74
1169.74
1169.74
1169.74
1169.74
1169.74
1169.74
1169.74
1169.74
1169.74
1169.74
1169.74
1169.74
1169.74
1169.74
1169.74
1169.74
1169.74
1169.74
1169.74
1169.74
1169.74
1169.74
1169.74
1169.74
1169.74
1169.74
1169.74
1169.74
1169.74
1169.74
1169.74
1169.74
1169.74
1169.74
1169.74
1169.74
1169.74
1169.74
1169.74
1169.74
1169.74
1169.74
1169.74
1169.74
1169.74
1169.74
1169.74
1169.74
1169.74
1169.74
1169.74
1169.74
1169.74
1169.74
1169.74
1169.74
1169.74
1169.74
1169.74
1169.74
1169.74
1169.74
1169.74
1169.74
1169.74
1169.74
1169.74
1169.74
1169.74
1169.74
1169.74
1169.74
1169.74
1169.74
1169.74
1169.74
1169.74
1169.74
1169.74
1169.74
1169.74
1169.74
1169.74
1169.74
1169.74
1169.74
1169.74
1169.74
1169.74
1169.74
1169.74
1169.74
1169.74
1169.74
1169.74
1169.74
1169.74
1169.74
1169.74
1169.74
1169.74
1169.74
1169.74
1169.74
1169.74
1169.74
1169.74
1169.74
1169.74
1169.74
1169.74
1169.74
1169.74
1169.74
1169.74
1169.74
1169.74
1169.74
1169.74
1169.74
1169.74
1169.74
1169.74
1169.74
1169.74
1169.74
1169.74
1169.74
1169.74
1169.74
1169.74
1169.74
1169.74
1169.74
1169.74
1169.74
1169.74
1169.74
1169.74
1169.74
1169.74
1169.74
1169.74
1169.74
1169.74
1169.74
1169.74
1169.74
1169.74
1169.74
1169.74
1169.74
1169.74
1169.74
1169.74
1169.74
1169.74
1169.74
1169.74
1169.74
1169.74
1169.74
1169.74
1169.74
1169.74
1169.74
1169.74
1169.74
1169.74
1169.74
1169.74
1169.74
1169.74
1169.74
1169.74
1169.74
1169.74
1169.74
1169.74
1169.74
1169.74
1169.74
1169.74
1169.74
1169.74
1169.74
1169.74
1169.74
1169.74
1169.74
1169.74
1169.74
1169.74
1169.74
1169.74
1169.74
1169.74
1169.74
1169.74
1169.74
1169.74
1169.74
1169.74
1169.74
1169.74
1169.74
1169.74
1169.74
1169.74
1169.74
1169.74
1169.74
1169.74
1169.74
1169.74
1169.74
1169.74
1169.74
1169.74
1169.74
1169.74
1169.74
1169.74
1169.74
1169.74
1169.74
1169.74
1169.74
1169.74
1169.74
1169.74
1169.74
1169.74
1169.74
1169.74
1169.74
1169.74
1169.74
1169.74
1169.74
1169.74
1169.74
1169.74
1169.74
1169.74
1169.74
1169.74
1169.74
1169.74
1169.74
1169.74
1169.74
1169.74
1169.74
1169.74
1169.74
1169.74
1169.74
1169.74
1169.74
1169.74
1169.74
1169.74
1169.74
1169.74
1169.74
1169.74
1169.74
1169.74
1169.74
1169.74
1169.74
1169.74
1169.74
1169.74
1169.74
1169.74
1169.74
1169.74
1169.74
1169.74
1169.74
1169.74
1169.74
1169.74
1169.74
1169.74
1169.74
1169.74
1169.74
1169.74
1169.74
1169.74
1169.74
1169.74
1169.74
1169.74
1169.74
1169.74
1169.74
1169.74
1169.74
1169.74
1169.74
1169.74
1169.74
1169.74
1169.74
1169.74
1169.74
1169.74
1169.74
1169.74
1169.74
1169.74
1169.74
1169.74
1169.74
1169.74
1169.74
1169.74
1169.74
1169.74
1169.74
1169.74
1169.74
1169.74
1169.74
1169.74
1169.74
1169.74
1169.74
1169.74
1169.74
1169.74
1169.74
1169.74
1169.74
1169.74
1169.74
1169.74
1169.74
1169.74
1169.74
1169.74
1169.74
1169.74
1169.74
1169.74
1169.74
1169.74
1169.74
1169.74
1169.74
1169.74
1169.74
1169.74
1169.74
1169.74
1169.74
1169.74
1169.74
1169.74
1169.74
1169.74
1169.74
1169.74
1169.74
1169.74
1169.74
1169.74
1169.74
1169.74
1169.74
1169.74
1169.74
1169.74
1169.74
1169.74
1169.74
1169.74
1169.74
1169.74
1169.74
1169.74
1169.74
1169.74
1169.74
1169.74
1169.74
1169.74
1169.74
1169.74
1169.74
1169.74
1169.74
1169.74
1169.74
1169.74
1169.74
1169.74
1169.74
1169.74
1169.74
1169.74
1169.74
1169.74
1169.74
1169.74
1169.74
1169.74
1169.74
1169.74
1169.74
1169.74
1169.74
1169.74
1169.74
1169.74
1169.74
1169.74
1169.74
1169.74
1169.74
1169.74
1169.74
1169.74
1169.74
1169.74
1169.74
1169.74
1169.74
1169.74
1169.74
1169.74
1169.74
1169.74
1169.74
1169.74
1169.74
1169.74
1169.74
1169.74
1169.74
1169.74
1169.74
1169.74
1169.74
1169.74
1169.74
1169.74
1169.74
1169.74
1169.74
1169.74
1169.74
1169.74
1169.74
1169.74
1169.74
1169.74
1169.74
1169.74
1169.74
1169.74
1169.74
1169.74
1169.74
1169.74
1169.74
1169.74
1169.74
1169.74
1169.74
1169.74
1169.74
1169.74
1169.74
1169.74
