# 1Hz Kbps trace generated by import_real_world_traces.py
1129.30
688.61
1983.04
4072.15
31.49
3335.76
3335.76
4884.97
1070.46
1070.46
507.01
507.01
239.26
239.26
923.19
923.19
385.44
385.44
18.52
18.52
671.68
671.68
846.41
846.41
2226.20
2226.20
756.41
756.41
860.42
860.42
1690.38
1690.38
809.50
809.50
532.28
532.28
532.28
532.28
532.28
532.28
532.28
532.28
532.28
532.28
532.28
532.28
532.28
532.28
532.28
532.28
532.28
532.28
532.28
532.28
532.28
532.28
532.28
532.28
532.28
532.28
532.28
532.28
532.28
532.28
870.12
870.12
1362.34
1362.34
161.93
161.93
770.49
770.49
517.39
517.39
1746.68
1746.68
488.67
488.67
5522.20
5522.20
373.28
373.28
2041.72
2041.72
810.62
810.62
196.94
196.94
109.06
109.06
460.23
460.23
453.84
453.84
820.11
820.11
670.53
670.53
894.87
894.87
62.02
62.02
203.77
203.77
3203.66
3203.66
673.00
673.00
1039.46
1039.46
230.93
230.93
449.35
449.35
565.66
565.66
396.92
396.92
737.37
737.37
68.27
68.27
81.12
81.12
227.16
227.16
17.85
17.85
1507.32
1507.32
525.57
525.57
660.50
660.50
1182.77
1182.77
203.14
203.14
307.89
307.89
1381.27
1381.27
26.34
26.34
10.00
10.00
102.99
102.99
4610.22
4610.22
144.93
144.93
241.40
241.40
115.98
115.98
61.26
61.26
343.95
343.95
827.02
827.02
2428.28
2428.28
1257.93
1257.93
822.17
822.17
3217.25
3217.25
3896.85
3896.85
1119.41
1119.41
78.39
78.39
3414.47
3414.47
4896.59
4896.59
940.16
940.16
2456.45
2456.45
828.08
828.08
83.70
83.70
4797.65
4797.65
843.12
843.12
801.54
801.54
836.12
836.12
2029.41
2029.41
128.16
128.16
1340.17
1340.17
1233.61
1233.61
142.41
142.41
741.02
741.02
2864.41
2864.41
1162.58
1162.58
6116.47
6116.47
871.32
871.32
5806.76
5806.76
3644.21
3644.21
6079.77
6079.77
347.76
347.76
18.75
18.75
1011.45
1011.45
215.18
215.18
1142.88
1142.88
1368.65
1368.65
1820.38
1820.38
761.10
761.10
969.77
969.77
332.81
332.81
788.06
788.06
158.63
158.63
6151.18
6151.18
2815.82
2815.82
708.76
708.76
960.13
960.13
4185.06
4185.06
2049.36
2049.36
452.56
452.56
256.88
256.88
17.05
17.05
744.02
744.02
1123.41
1123.41
544.91
544.91
289.29
289.29
17.99
17.99
3614.53
3614.53
1296.65
1296.65
2410.90
2410.90
1067.75
1067.75
670.59
670.59
1173.09
1173.09
6290.89
6290.89
1614.23
1614.23
3525.93
3525.93
864.82
864.82
6652.10
6652.10
14.74
14.74
136.60
136.60
855.40
855.40
722.52
722.52
948.60
948.60
804.14
804.14
854.95
854.95
17.40
17.40
5102.13
5102.13
5689.77
5689.77
788.90
788.90
1113.64
1113.64
557.42
557.42
1917.55
1917.55
552.36
552.36
1000.11
1000.11
17.83
17.83
4965.07
4965.07
4400.47
4400.47
51.67
51.67
3944.45
3944.45
282.55
282.55
305.01
305.01
2733.44
2733.44
3714.89
3714.89
4484.76
4484.76
2771.19
2771.19
3301.51
3301.51
3148.54
3148.54
1821.21
1821.21
1751.09
1751.09
4476.42
4476.42
5066.70
5066.70
5159.08
5159.08
6377.47
6377.47
4542.85
4542.85
424.46
424.46
1134.29
1134.29
323.04
323.04
333.71
333.71
558.39
558.39
122.37
122.37
169.25
169.25
299.95
299.95
971.24
971.24
51.22
51.22
148.19
148.19
57.85
57.85
878.59
878.59
969.85
969.85
888.83
888.83
506.37
506.37
399.83
399.83
3767.29
3767.29
3395.89
3395.89
1819.89
1819.89
1276.62
1276.62
2486.37
2486.37
2550.34
2550.34
1385.22
1385.22
1740.37
1740.37
4524.85
4524.85
89.85
89.85
2949.11
2949.11
705.61
705.61
65.56
65.56
1299.50
1299.50
4333.58
4333.58
910.92
910.92
699.62
699.62
3578.33
3578.33
3252.02
3252.02
5006.98
5006.98
3557.62
3557.62
2604.60
2604.60
4165.65
4165.65
159.38
159.38
255.67
255.67
4637.98
4637.98
4275.64
4275.64
5186.09
5186.09
2632.58
2632.58
120.91
120.91
303.60
303.60
15.38
15.38
391.18
391.18
122.89
122.89
31.34
31.34
58.29
58.29
318.74
318.74
162.68
162.68
2144.81
2144.81
2445.90
2445.90
2239.18
2239.18
22.57
22.57
4281.25
4281.25
322.63
322.63
322.63
322.63
13.93
13.93
322.43
322.43
1606.78
1606.78
2240.53
2240.53
2106.36
2106.36
4603.61
4603.61
4201.94
4201.94
5048.08
5048.08
445.46
445.46
161.64
161.64
2888.99
2888.99
50.55
50.55
1411.08
1411.08
4663.15
4663.15
462.39
462.39
3704.40
3704.40
1682.74
1682.74
273.67
273.67
1618.00
1618.00
835.44
835.44
555.46
555.46
3463.64
3463.64
5849.09
5849.09
6126.49
6126.49
4553.16
4553.16
1114.00
1114.00
378.38
378.38
4277.34
4277.34
563.05
563.05
238.35
238.35
4301.24
4301.24
765.45
765.45
891.01
891.01
2981.21
2981.21
3037.69
3037.69
2921.31
2921.31
2812.48
2812.48
412.06
412.06
5999.38
5999.38
5999.38
6200.87
5748.57
5748.57
13.49
13.49
6108.52
6108.52
5476.98
5476.98
4201.58
4201.58
5806.99
5806.99
2353.08
2353.08
5138.78
5138.78
4558.46
4558.46
2526.18
2526.18
3732.87
3732.87
3732.87
1758.82
1407.32
1407.32
1261.83
1261.83
1261.83
3529.66
3529.66
10.00
2680.59
2680.59
707.02
707.02
1361.65
1361.65
1361.65
10.37
45.42
45.42
45.42
679.91
755.36
755.36
755.36
3225.14
1178.94
1178.94
1178.94
1171.32
236.26
236.26
975.63
975.63
1073.62
1073.62
253.55
253.55
253.55
230.02
230.02
33.84
1553.30
1553.30
1159.99
1159.99
86.48
86.48
13.78
13.78
374.86
374.86
374.86
238.77
602.63
602.63
481.29
481.29
481.29
17.82
229.05
229.05
229.05
63.51
717.03
717.03
717.03
10.00
33.89
33.89
425.82
425.82
300.46
300.46
3109.03
3109.03
443.78
443.78
3001.51
3001.51
3001.51
633.71
3048.70
3048.70
3048.70
3048.70
95.78
95.78
95.78
30.00
84.57
84.57
2265.08
2265.08
298.65
298.65
3112.31
3112.31
3913.58
3913.58
777.27
777.27
1004.69
1004.69
1004.69
16.67
68.54
68.54
98.10
98.10
3183.44
3183.44
4341.01
4341.01
4341.01
3076.41
616.08
616.08
817.03
817.03
3510.69
3510.69
3510.69
3510.69
91.78
91.78
1376.86
1376.86
1376.86
1522.99
1720.30
1720.30
1720.30
992.14
5699.78
5699.78
5699.78
5699.78
5699.78
839.22
839.22
154.60
136.74
136.74
136.74
314.54
1751.86
1751.86
10.00
10.00
889.63
889.63
889.63
677.27
677.27
372.01
372.01
4395.97
1235.91
1235.91
1235.91
1724.12
742.48
742.48
344.73
344.73
53.07
53.07
231.59
231.59
231.59
505.67
3867.13
3867.13
3784.22
3784.22
95.42
95.42
4775.19
4775.19
3588.82
3588.82
233.48
233.48
977.23
977.23
977.23
221.70
221.70
126.18
126.18
954.23
954.23
602.41
602.41
2712.71
2712.71
159.68
159.68
532.61
532.61
1072.10
1072.10
1112.61
1112.61
98.26
98.26
307.19
307.19
1637.61
1637.61
1594.77
1594.77
3162.30
3162.30
3171.03
3171.03
1591.20
1591.20
4610.59
4610.59
4571.76
4571.76
5532.14
5532.14
5607.26
5607.26
99.92
99.92
540.32
540.32
1192.97
1192.97
2510.31
2510.31
3318.00
3318.00
3259.60
3259.60
1663.88
1663.88
1656.01
1656.01
420.33
420.33
236.54
236.54
2653.82
2653.82
2759.32
2759.32
2244.94
2244.94
3740.89
3740.89
10.00
10.00
1822.92
1822.92
1272.28
1272.28
21.93
21.93
3007.52
3007.52
3731.81
3731.81
2549.79
2549.79
3271.54
3271.54
3196.27
3196.27
2192.38
2192.38
657.20
657.20
1269.01
1269.01
81.57
81.57
1138.59
1138.59
1193.33
1193.33
872.96
872.96
2847.21
2847.21
156.80
156.80
3238.59
3238.59
1621.17
1621.17
2978.13
2978.13
4765.69
4765.69
3497.42
3497.42
4071.72
4071.72
1275.92
1275.92
317.62
317.62
4749.10
4749.10
1289.55
1289.55
138.25
138.25
1639.28
1639.28
1777.80
1777.80
1429.09
1429.09
1006.86
1006.86
1044.58
1044.58
3480.12
3480.12
1171.05
1171.05
5628.12
5628.12
5166.08
5166.08
5269.59
5269.59
6029.44
6029.44
825.31
825.31
2344.42
2344.42
70.80
70.80
6076.05
6076.05
3886.99
3886.99
6323.16
6323.16
6323.16
6323.16
5410.61
5410.61
1410.44
1410.44
515.07
515.07
3008.36
3008.36
321.17
321.17
998.65
998.65
329.21
329.21
1552.51
1552.51
489.81
489.81
99.75
99.75
2592.95
2592.95
3300.84
3300.84
731.47
731.47
245.40
245.40
3449.78
3449.78
440.55
440.55
5115.19
5115.19
878.89
878.89
524.64
524.64
56.73
56.73
181.72
181.72
2664.62
2664.62
816.23
816.23
3915.07
3915.07
3790.48
3790.48
2737.71
2737.71
387.23
387.23
3698.28
3698.28
996.67
996.67
2464.69
2464.69
34.76
34.76
2775.61
2775.61
3663.79
3663.79
4314.67
4314.67
2747.41
2747.41
4609.97
4609.97
1514.69
1514.69
39.77
39.77
1113.39
1113.39
349.69
349.69
574.25
574.25
589.82
589.82
2803.25
2803.25
1650.38
1650.38
3374.90
3374.90
173.26
173.26
2291.73
2291.73
1743.86
1743.86
176.76
176.76
675.41
675.41
2174.65
2174.65
898.60
898.60
1108.40
1108.40
57.15
57.15
397.90
397.90
3115.99
3115.99
2902.64
2902.64
1689.11
1689.11
2809.65
2809.65
4007.68
4007.68
264.82
264.82
246.59
246.59
3365.57
3365.57
4059.66
4059.66
3006.78
3006.78
2530.45
2530.45
547.74
547.74
806.15
806.15
800.60
800.60
642.73
642.73
69.07
69.07
428.71
428.71
116.47
116.47
352.70
352.70
3523.11
3523.11
280.94
280.94
2517.09
2517.09
161.30
161.30
326.85
326.85
205.54
205.54
115.89
115.89
37.36
37.36
30.85
30.85
172.51
172.51
38.80
38.80
557.31
557.31
63.98
63.98
398.97
398.97
2641.71
2641.71
25.40
25.40
646.24
646.24
3140.09
3140.09
2948.04
2948.04
106.05
106.05
718.68
718.68
1273.12
1273.12
592.10
592.10
2589.86
2589.86
2910.88
2910.88
152.22
152.22
391.39
391.39
10.00
10.00
343.88
343.88
627.87
627.87
78.36
78.36
332.36
332.36
52.50
52.50
612.26
612.26
880.04
880.04
131.96
131.96
36.46
36.46
22.58
22.58
353.54
353.54
599.73
599.73
73.09
73.09
1212.40
1212.40
3372.26
3372.26
3372.26
3372.26
1164.26
1164.26
1877.23
1877.23
1145.87
1145.87
2560.24
2560.24
3266.88
3266.88
854.50
854.50
2546.62
2546.62
1493.65
1493.65
1493.65
1493.65
424.94
424.94
894.29
894.29
608.84
608.84
720.24
720.24
720.24
720.24
44.40
44.40
1006.49
1006.49
1006.49
1006.49
160.60
160.60
10.00
10.00
237.34
237.34
176.90
176.90
1499.50
1499.50
213.59
213.59
13.39
13.39
682.68
682.68
633.68
633.68
88.33
88.33
127.07
127.07
266.73
266.73
171.12
171.12
2128.28
2128.28
63.63
63.63
2552.77
2552.77
206.30
206.30
423.43
423.43
263.06
263.06
1531.24
1531.24
153.73
153.73
132.23
132.23
112.62
112.62
1772.63
1772.63
1631.99
1631.99
2522.62
2522.62
700.23
700.23
2624.74
2624.74
2258.95
2258.95
2068.18
2068.18
2069.04
2069.04
895.55
895.55
439.55
439.55
813.35
813.35
2969.86
2969.86
15.31
15.31
424.96
424.96
410.05
410.05
265.22
265.22
2226.55
2226.55
1053.94
1053.94
921.17
921.17
10.00
10.00
51.53
51.53
2161.58
2161.58
231.02
231.02
233.99
233.99
237.44
237.44
567.62
567.62
541.88
541.88
427.71
427.71
550.90
550.90
721.32
721.32
612.33
612.33
127.39
127.39
876.13
876.13
792.52
792.52
2299.49
2299.49
897.87
897.87
819.10
819.10
577.17
577.17
2686.42
2686.42
1609.63
1609.63
158.73
158.73
363.56
363.56
1237.29
1237.29
3650.03
3650.03
122.95
122.95
293.62
293.62
670.19
670.19
3670.00
3670.00
655.06
655.06
1024.83
1024.83
4001.42
4001.42
207.53
207.53
649.42
649.42
252.38
252.38
221.86
221.86
1916.23
1916.23
811.66
811.66
103.04
103.04
383.19
383.19
469.36
469.36
875.81
875.81
2737.30
2737.30
1350.29
1350.29
843.56
843.56
2569.18
2569.18
3468.59
3468.59
2805.19
2805.19
2169.78
2169.78
3679.94
3679.94
5262.23
5262.23
5470.54
5470.54
818.30
818.30
1075.91
1075.91
922.62
922.62
364.33
364.33
945.23
945.23
5225.40
5225.40
767.93
767.93
699.11
699.11
216.28
216.28
1521.08
1521.08
23.14
23.14
726.54
726.54
1805.02
1805.02
2130.53
2130.53
4683.49
4683.49
3344.42
3344.42
2605.01
2605.01
895.35
895.35
1336.78
1336.78
1805.69
1805.69
1596.52
1596.52
888.66
888.66
1125.21
1125.21
979.13
979.13
392.55
392.55
2587.34
2587.34
394.39
394.39
2217.30
2217.30
835.17
835.17
2094.56
2094.56
447.98
447.98
3528.78
3528.78
4308.63
4308.63
100.29
100.29
1726.94
1726.94
4145.71
4145.71
2300.93
2300.93
709.64
709.64
580.59
580.59
3075.24
3075.24
1272.90
1272.90
1944.17
1944.17
593.60
593.60
802.64
802.64
1582.62
1582.62
3369.07
3369.07
2462.45
2462.45
627.90
627.90
2120.65
2120.65
3229.43
3229.43
3790.22
3790.22
1746.39
1746.39
19.00
19.00
4634.16
4634.16
2348.72
2348.72
2348.72
2348.72
1231.17
1231.17
385.59
385.59
1504.21
1504.21
698.37
698.37
2698.33
2698.33
280.82
280.82
3934.82
3934.82
96.57
96.57
138.62
138.62
1687.31
1687.31
798.84
798.84
660.42
660.42
660.42
660.42
3151.45
3151.45
3732.59
3732.59
17.07
17.07
1027.84
1027.84
1027.84
727.74
727.74
188.91
1098.90
1098.90
128.50
128.50
128.50
966.21
56.22
56.22
4374.88
4374.88
3537.28
3537.28
15.58
15.58
2855.22
2855.22
491.21
491.21
3649.96
3649.96
187.06
187.06
164.49
164.49
537.87
537.87
537.87
2106.69
2106.69
2106.69
56.58
56.58
56.58
15.41
171.25
171.25
262.36
262.36
262.36
161.07
161.07
975.86
999.92
999.92
814.53
814.53
1582.63
1582.63
1582.63
1582.63
1582.63
124.24
843.57
843.57
848.57
848.57
2368.35
2368.35
2368.35
2370.32
1394.53
1394.53
1273.23
1273.23
4164.33
4164.33
3664.81
3664.81
3664.81
2726.98
508.02
508.02
2807.42
2807.42
4888.48
4888.48
214.83
214.83
10.93
10.93
10.93
491.26
491.26
4390.88
49.90
49.90
490.66
490.66
80.79
80.79
502.58
502.58
502.58
3575.96
3575.96
2171.18
1991.86
1991.86
2089.93
2089.93
431.07
431.07
4425.02
4425.02
3184.68
3184.68
3184.68
483.83
1398.80
1398.80
911.10
911.10
830.41
830.41
15.48
15.48
3299.61
3299.61
4355.61
4355.61
3961.35
3961.35
3961.35
4901.31
87.56
87.56
4901.24
4901.24
4901.24
4333.17
3411.60
3411.60
1135.82
1135.82
603.52
603.52
1941.75
1941.75
793.37
793.37
198.25
198.25
369.89
369.89
18.40
18.40
162.13
162.13
162.13
19.25
148.13
148.13
3235.43
3235.43
1032.77
1032.77
2670.48
2670.48
2196.19
2196.19
2209.55
2209.55
1432.79
1432.79
594.56
594.56
4832.55
4832.55
316.81
316.81
3560.00
3560.00
3560.00
3529.97
3529.97
91.59
52.27
52.27
716.53
716.53
25.30
25.30
230.65
230.65
770.90
770.90
2848.72
2848.72
776.51
776.51
776.51
2544.25
3434.38
3434.38
1985.60
1985.60
3500.38
3500.38
2585.17
2585.17
494.63
494.63
302.23
302.23
3119.46
3119.46
1941.24
1941.24
1074.14
1074.14
10.00
10.00
162.00
162.00
907.36
907.36
1975.73
1975.73
999.67
999.67
769.06
769.06
1964.14
1964.14
1932.65
1932.65
3031.61
3031.61
3031.61
885.54
885.54
379.55
379.55
2067.45
2067.45
227.32
227.32
1558.39
1558.39
2508.99
2508.99
801.16
801.16
88.01
88.01
1227.28
1227.28
346.18
346.18
3584.93
3584.93
902.30
902.30
2452.65
2452.65
1309.62
1309.62
15.78
15.78
340.25
340.25
131.80
131.80
55.17
55.17
10.00
10.00
10.00
10.00
1758.71
1758.71
1107.87
1107.87
1349.94
1349.94
1652.20
1652.20
616.24
616.24
321.00
321.00
553.60
553.60
168.32
168.32
258.14
258.14
143.87
143.87
529.92
529.92
1893.48
1893.48
1024.09
1024.09
608.87
608.87
182.81
182.81
290.19
290.19
42.31
42.31
53.39
53.39
460.38
460.38
399.32
399.32
36.33
36.33
76.62
76.62
2526.58
2526.58
1826.09
1826.09
1168.43
1168.43
203.23
203.23
3004.36
3004.36
794.24
794.24
2444.95
2444.95
1033.32
1033.32
39.32
39.32
12.95
12.95
28.98
28.98
28.51
28.51
1644.94
1644.94
176.19
176.19
2434.88
2434.88
727.55
727.55
117.30
117.30
414.29
414.29
825.22
825.22
3930.42
3930.42
180.52
180.52
4258.19
4258.19
927.62
927.62
2976.13
2976.13
1118.87
1118.87
1307.41
1307.41
713.15
713.15
496.13
496.13
4158.72
4158.72
552.83
552.83
1147.03
1147.03
902.48
902.48
13.89
13.89
1971.14
1971.14
4671.47
4671.47
4241.27
4241.27
766.60
766.60
174.63
174.63
163.86
163.86
717.70
717.70
2527.76
2527.76
4002.17
4002.17
347.08
347.08
1305.64
1305.64
767.72
767.72
449.75
449.75
568.63
568.63
328.52
328.52
121.87
121.87
4376.86
4376.86
575.41
575.41
782.23
782.23
5361.40
5361.40
3875.82
3875.82
440.76
440.76
661.39
661.39
1228.89
1228.89
1221.99
1221.99
3001.35
3001.35
482.91
482.91
5559.03
5559.03
3190.32
3190.32
5572.63
5572.63
5192.07
5192.07
5714.23
5714.23
540.07
540.07
2489.14
2489.14
3697.23
3697.23
12.19
12.19
969.06
969.06
47.75
47.75
598.66
598.66
1766.91
1766.91
3738.90
3738.90
3448.53
3448.53
2402.04
2402.04
34.27
34.27
2052.42
2052.42
424.12
424.12
660.37
660.37
5339.98
5339.98
4493.46
4493.46
5435.03
5435.03
1019.13
1019.13
844.05
844.05
520.89
520.89
3894.48
3894.48
582.67
582.67
1563.41
1563.41
2370.74
2370.74
87.55
87.55
86.08
86.08
732.84
732.84
661.28
661.28
718.46
718.46
267.33
267.33
2034.26
2034.26
362.66
362.66
23.47
23.47
1922.17
1922.17
224.55
224.55
430.25
430.25
441.36
441.36
584.38
584.38
10.23
10.23
110.36
110.36
160.45
160.45
51.38
51.38
403.86
403.86
71.00
71.00
15.97
15.97
109.30
109.30
646.44
646.44
2096.27
2096.27
17.11
17.11
55.37
55.37
286.48
286.48
391.53
391.53
3329.08
3329.08
155.16
155.16
128.97
128.97
25.95
25.95
59.41
59.41
922.06
922.06
25.41
25.41
2945.97
2945.97
629.14
629.14
25.02
25.02
10.24
10.24
211.09
211.09
2202.56
2202.56
2109.18
2109.18
749.77
749.77
1371.66
1371.66
3954.24
3954.24
11.28
11.28
111.47
111.47
606.18
606.18
1384.03
1384.03
62.94
62.94
42.91
42.91
77.10
77.10
777.16
777.16
19.19
19.19
944.80
944.80
1210.99
1210.99
1213.56
1213.56
57.38
57.38
105.76
105.76
38.10
38.10
296.94
296.94
191.94
191.94
135.73
135.73
133.53
133.53
12.29
12.29
648.09
648.09
1051.44
1051.44
1557.08
1557.08
560.33
560.33
1101.69
1101.69
249.97
249.97
1580.96
1580.96
2332.38
2332.38
26.55
26.55
101.79
101.79
77.01
77.01
4450.22
4450.22
1437.20
1437.20
716.76
716.76
19.41
19.41
728.58
728.58
1856.65
1856.65
437.34
437.34
83.55
83.55
146.93
146.93
111.20
111.20
990.93
990.93
752.11
752.11
10.00
10.00
5642.33
5642.33
2420.20
2420.20
1923.18
1923.18
648.63
648.63
847.73
847.73
1475.32
1475.32
52.94
52.94
2098.50
2098.50
1518.53
1518.53
2195.44
2195.44
18.41
18.41
10.00
10.00
191.21
191.21
109.97
109.97
25.93
25.93
14.06
14.06
20.44
20.44
869.24
869.24
842.12
842.12
848.47
848.47
476.82
476.82
279.71
279.71
178.02
178.02
16.55
16.55
115.78
115.78
764.23
764.23
1657.38
1657.38
2381.05
2381.05
4519.45
4519.45
2828.51
2828.51
14.08
14.08
5812.43
5812.43
1733.17
1733.17
1692.47
1692.47
3075.32
3075.32
25.49
25.49
840.66
840.66
878.96
878.96
5093.97
5093.97
54.62
54.62
154.16
154.16
13.29
13.29
1251.07
1251.07
178.00
178.00
240.18
240.18
334.64
334.64
1087.85
1087.85
10.00
10.00
1774.98
1774.98
1529.77
1529.77
100.26
100.26
40.71
40.71
38.59
38.59
10.00
10.00
132.58
132.58
129.44
129.44
165.70
165.70
42.54
42.54
884.23
884.23
932.56
932.56
55.97
55.97
953.48
953.48
1050.55
1050.55
914.67
914.67
17.56
17.56
721.14
721.14
882.34
882.34
53.25
53.25
23.55
23.55
18.74
18.74
1651.17
1651.17
146.43
146.43
241.12
241.12
874.01
874.01
223.67
223.67
512.43
512.43
1475.92
1475.92
559.22
559.22
12.81
12.81
3968.73
3968.73
2069.59
2069.59
1589.76
1589.76
1852.35
1852.35
956.73
956.73
1047.45
1047.45
29.05
29.05
916.75
916.75
4610.28
4610.28
13.11
13.11
1433.96
1433.96
81.47
81.47
1589.86
1589.86
1589.86
1589.86
3544.14
3544.14
2775.80
2775.80
899.04
899.04
1101.17
1101.17
92.90
92.90
2521.02
2521.02
4409.23
4409.23
32.54
32.54
142.93
142.93
1483.88
1483.88
150.66
150.66
12.91
12.91
10.00
10.00
133.34
133.34
53.83
53.83
192.41
192.41
1641.90
1641.90
4683.78
4683.78
217.44
217.44
18.91
18.91
453.37
453.37
3001.34
3001.34
537.51
537.51
1769.30
1769.30
10.77
10.77
79.32
79.32
11.50
11.50
168.81
168.81
59.64
59.64
1315.91
1315.91
11.49
11.49
1137.88
1137.88
1010.85
1010.85
869.09
869.09
2796.07
2796.07
13.16
13.16
44.14
44.14
657.69
657.69
3895.09
3895.09
3511.82
3511.82
2953.98
2953.98
2399.63
2399.63
4939.09
4939.09
595.33
595.33
3584.46
3584.46
918.45
918.45
4277.25
4277.25
956.11
956.11
2473.27
2473.27
2991.72
2991.72
951.58
951.58
967.32
967.32
906.04
906.04
440.45
440.45
413.97
413.97
1017.09
1017.09
1193.15
1193.15
30.20
30.20
112.59
112.59
801.42
801.42
4829.38
4829.38
829.63
829.63
1997.85
1997.85
687.19
687.19
687.19
902.58
64.82
64.82
37.60
37.60
971.99
971.99
35.71
35.71
873.21
873.21
1321.20
1321.20
778.48
778.48
83.23
83.23
10.00
10.00
10.00
2363.78
1438.63
1438.63
963.28
963.28
21.93
21.93
552.51
552.51
1534.99
1534.99
1534.99
31.77
3394.88
3394.88
1462.34
1462.34
509.24
509.24
1010.12
1010.12
1010.12
1247.14
814.91
814.91
3499.74
3499.74
903.46
903.46
278.62
278.62
278.62
1960.83
1960.83
2875.17
2875.17
21.47
15.95
15.95
128.75
128.75
777.57
777.57
777.57
1122.90
2999.12
2999.12
162.58
162.58
162.58
219.15
906.93
906.93
478.61
478.61
1336.50
1336.50
2981.68
2981.68
308.25
308.25
845.10
845.10
36.62
36.62
917.35
917.35
522.96
522.96
522.96
300.07
300.07
58.67
13.56
13.56
482.59
482.59
214.21
214.21
14.39
14.39
206.56
206.56
90.98
90.98
51.99
51.99
189.49
189.49
887.86
887.86
299.85
299.85
73.75
73.75
73.75
163.05
163.05
204.63
86.02
86.02
249.37
249.37
191.58
191.58
166.76
166.76
40.70
40.70
16.68
16.68
47.38
47.38
804.16
804.16
211.06
211.06
33.10
33.10
18.96
18.96
137.95
137.95
39.88
39.88
39.88
104.10
40.51
40.51
222.76
222.76
101.05
101.05
35.48
35.48
121.15
121.15
777.10
777.10
3205.18
3205.18
3205.18
446.34
185.60
185.60
1356.51
1356.51
806.42
806.42
806.42
1237.20
1127.83
1127.83
49.69
49.69
2636.63
2636.63
1722.29
1722.29
2106.14
2106.14
2153.13
2153.13
1759.37
1759.37
6267.67
6267.67
1614.91
1614.91
2359.64
2359.64
1991.69
1991.69
474.93
474.93
394.61
394.61
1535.03
1535.03
483.68
483.68
483.68
6453.32
6361.22
6361.22
42.54
42.54
42.54
13.97
2913.95
2913.95
4955.16
4955.16
2360.96
2360.96
953.98
953.98
4755.37
4755.37
2177.09
2177.09
3298.54
3298.54
745.47
745.47
4537.69
4537.69
502.14
502.14
502.14
913.09
913.09
63.75
102.10
102.10
102.10
12.74
12.74
10.00
10.00
11.35
614.53
614.53
614.53
228.20
228.20
384.68
384.68
1056.38
1056.38
2293.26
2293.26
1064.08
1064.08
3122.18
3122.18
2890.21
2890.21
863.54
863.54
2876.40
2876.40
294.75
294.75
26.02
26.02
2337.47
2337.47
745.61
745.61
14.82
14.82
2369.58
2369.58
4174.16
4174.16
44.17
44.17
639.83
639.83
2552.59
2552.59
145.89
145.89
255.19
255.19
29.13
29.13
804.42
804.42
2693.96
2693.96
1455.86
1455.86
512.89
512.89
39.89
39.89
258.07
258.07
220.14
220.14
39.72
39.72
656.20
656.20
186.09
186.09
10.00
10.00
279.45
279.45
4968.96
4968.96
432.77
432.77
14.34
14.34
134.56
134.56
35.56
35.56
54.51
54.51
184.30
184.30
11.21
11.21
1688.81
1688.81
2413.05
2413.05
3818.99
3818.99
4330.42
4330.42
17.32
17.32
777.46
777.46
454.41
454.41
2959.96
2959.96
3417.17
3417.17
508.84
508.84
373.95
373.95
882.58
882.58
1588.91
1588.91
4666.42
4666.42
1392.61
1392.61
1142.36
1142.36
988.98
988.98
4097.63
4097.63
738.62
738.62
2460.44
2460.44
1754.40
1754.40
884.91
884.91
126.49
126.49
4251.80
4251.80
206.36
206.36
2352.31
2352.31
3634.48
3634.48
411.49
411.49
1093.82
1093.82
13.99
13.99
3413.71
3413.71
2428.47
2428.47
678.57
678.57
1739.52
1739.52
3102.16
3102.16
2757.34
2757.34
2568.05
2568.05
3636.79
3636.79
2870.79
2870.79
786.68
786.68
7019.16
7019.16
7394.65
7394.65
860.91
860.91
736.42
736.42
2334.41
2334.41
968.64
968.64
289.67
289.67
1601.39
1601.39
500.44
500.44
5835.80
5835.80
1728.70
1728.70
871.66
871.66
827.11
827.11
1115.16
1115.16
3154.27
3154.27
1762.29
1762.29
541.41
541.41
2868.41
2868.41
1494.31
1494.31
1066.51
1066.51
1341.72
1341.72
320.07
320.07
59.11
59.11
2762.39
2762.39
1908.45
1908.45
1897.40
1897.40
3007.64
3007.64
1408.55
1408.55
4608.88
4608.88
1260.85
1260.85
2235.90
2235.90
959.42
959.42
1335.72
1335.72
846.53
846.53
5538.88
5538.88
4294.69
4294.69
1579.59
1579.59
1191.73
1191.73
98.43
98.43
1646.39
1646.39
480.31
480.31
1163.96
1163.96
251.51
251.51
793.43
793.43
429.92
429.92
3910.39
3910.39
814.53
814.53
3699.64
3699.64
1258.26
1258.26
4063.54
4063.54
1036.10
1036.10
10.00
10.00
3179.02
3179.02
1738.39
1738.39
75.12
75.12
3798.24
3798.24
647.44
647.44
2488.39
2488.39
99.90
99.90
37.09
37.09
28.14
28.14
2975.84
2975.84
857.61
857.61
365.22
365.22
212.30
212.30
281.18
281.18
5260.48
5260.48
3325.71
3325.71
5287.27
5287.27
2360.30
2360.30
341.08
341.08
2185.30
2185.30
933.07
933.07
572.56
572.56
2468.75
2468.75
2326.05
2326.05
4920.83
4920.83
1797.99
1797.99
3471.81
3471.81
1026.86
1026.86
1955.28
1955.28
336.34
336.34
1504.86
1504.86
1329.95
1329.95
2056.48
2056.48
898.79
898.79
2437.65
2437.65
2573.36
2573.36
1308.48
1308.48
7351.27
7351.27
4366.20
4366.20
1001.59
1001.59
115.75
115.75
2853.06
2853.06
2255.24
2255.24
3606.06
3606.06
1370.66
1370.66
1862.81
1862.81
962.76
962.76
5586.41
5586.41
4418.69
4418.69
735.05
735.05
2334.01
2334.01
1054.08
1054.08
438.66
438.66
3045.60
3045.60
3472.74
3472.74
2035.95
2035.95
2757.64
2757.64
1151.27
1151.27
987.47
987.47
393.03
393.03
6127.31
6127.31
17.56
17.56
1807.08
1807.08
893.66
893.66
292.34
292.34
1731.24
1731.24
1147.07
1147.07
2684.63
2684.63
810.70
810.70
2353.24
2353.24
1276.14
1276.14
460.46
460.46
1264.32
1264.32
2745.94
2745.94
1375.71
1375.71
2005.58
2005.58
2337.13
2337.13
41.00
41.00
2018.99
2018.99
2610.83
2610.83
1169.56
1169.56
449.29
449.29
2766.70
2766.70
186.19
186.19
1693.36
1693.36
2045.13
2045.13
182.35
182.35
5267.34
5267.34
4466.57
4466.57
497.30
497.30
10.00
10.00
1016.53
1016.53
1029.56
1029.56
31.11
31.11
945.65
945.65
3933.40
3933.40
1815.81
1815.81
816.18
816.18
744.84
744.84
1757.44
1757.44
4672.08
4672.08
1286.72
1286.72
4267.41
4267.41
10.60
10.60
747.25
747.25
1972.45
1972.45
1062.86
1062.86
4456.12
4456.12
2801.97
2801.97
2575.07
2575.07
1375.82
1375.82
799.88
799.88
299.44
299.44
2733.02
2733.02
1645.36
1645.36
2080.63
2080.63
13.23
13.23
2418.03
2418.03
1793.52
1793.52
6847.71
6847.71
977.40
977.40
2914.28
2914.28
4049.27
4049.27
1434.40
1434.40
1907.22
1907.22
935.57
935.57
1984.61
1984.61
966.48
966.48
15.03
15.03
885.52
885.52
1656.76
1656.76
155.58
155.58
4148.69
4148.69
4000.42
4000.42
6427.40
6427.40
3514.36
3514.36
531.70
531.70
1236.14
1236.14
1944.35
1944.35
879.86
879.86
147.01
147.01
402.52
402.52
908.99
908.99
1856.20
1856.20
5768.16
5768.16
471.17
471.17
97.42
97.42
928.73
928.73
604.11
604.11
726.77
726.77
1127.65
1127.65
13.42
13.42
1736.02
1736.02
487.98
487.98
3244.96
3244.96
68.16
68.16
4525.75
4525.75
3199.25
3199.25
1643.30
1643.30
877.38
877.38
1200.25
1200.25
5052.38
5052.38
2377.70
2377.70
547.17
547.17
18.34
18.34
2416.92
2416.92
1945.99
1945.99
2171.30
2171.30
1804.33
1804.33
596.31
596.31
3077.74
3077.74
1565.70
1565.70
2838.25
2838.25
963.36
963.36
6787.88
6787.88
4438.67
4438.67
857.88
857.88
683.78
683.78
927.58
927.58
341.90
341.90
1135.32
1135.32
16.67
16.67
4029.84
4029.84
2870.00
2870.00
138.71
138.71
2520.22
2520.22
4624.40
4624.40
730.34
730.34
2959.79
2959.79
4680.49
4680.49
883.41
883.41
507.81
507.81
24.07
24.07
3564.61
3564.61
32.09
32.09
2829.43
2829.43
3184.37
3184.37
837.61
837.61
1371.41
1371.41
938.05
938.05
309.35
309.35
354.23
354.23
2020.86
2020.86
1214.43
1214.43
801.53
801.53
2135.66
2135.66
324.27
324.27
1642.86
1642.86
607.55
607.55
2955.10
2955.10
3636.56
3636.56
2652.46
2652.46
255.41
255.41
1824.87
1824.87
895.67
895.67
784.08
784.08
175.39
175.39
663.42
663.42
680.83
680.83
929.08
929.08
1881.35
1881.35
2156.82
2156.82
29.36
29.36
3665.15
3665.15
16.97
16.97
3509.01
3509.01
772.67
772.67
4405.57
4405.57
1715.89
1715.89
1381.68
1381.68
2699.63
2699.63
909.20
909.20
2155.63
2155.63
2220.51
2220.51
1519.37
1519.37
1255.28
1255.28
2199.58
2199.58
1546.96
1546.96
2243.43
2243.43
579.60
579.60
2210.14
2210.14
1834.65
1834.65
3037.36
3037.36
781.88
781.88
2624.52
2624.52
960.39
960.39
960.39
581.81
2988.84
2988.84
3726.65
3726.65
3061.69
3061.69
3315.18
3315.18
351.62
351.62
1278.72
1278.72
5682.27
5682.27
1332.01
1332.01
1380.71
1380.71
493.84
493.84
1889.32
1889.32
1006.51
1006.51
3893.88
3893.88
3587.63
3587.63
1679.55
1679.55
2530.94
2530.94
3569.28
3569.28
46.22
46.22
991.30
991.30
250.42
250.42
965.94
965.94
1814.10
1814.10
1814.10
946.85
365.32
365.32
365.32
2129.55
1438.53
1438.53
145.00
145.00
767.82
767.82
1541.61
1541.61
535.19
535.19
1028.88
1028.88
1777.81
1777.81
1956.51
1956.51
3530.03
3530.03
3530.03
2497.55
2357.87
2357.87
3136.50
3136.50
1884.84
1884.84
576.24
576.24
3562.33
3562.33
3562.33
1580.09
1760.16
1760.16
2113.57
2113.57
15.49
15.49
34.55
34.55
34.55
49.16
67.98
67.98
154.07
154.07
354.18
354.18
354.18
88.70
455.54
455.54
3518.60
3518.60
3656.19
3656.19
3612.36
3612.36
387.86
387.86
387.86
1173.74
1044.65
1044.65
4032.84
4032.84
4717.72
4717.72
4717.72
4717.72
66.62
66.62
143.97
143.97
143.97
2351.91
2351.91
2654.13
754.26
754.26
3038.04
3038.04
161.26
161.26
1808.49
1808.49
4162.93
4162.93
4162.93
207.15
4041.94
4041.94
4041.94
97.03
4933.24
4933.24
4933.24
56.28
56.28
306.99
40.02
40.02
239.84
239.84
239.84
87.82
87.82
33.90
2723.02
2723.02
21.23
21.23
2784.60
2784.60
2777.46
2777.46
349.20
349.20
349.20
3508.81
3508.81
17.02
442.92
442.92
2997.57
2997.57
3870.79
3870.79
3870.79
11.73
1751.26
1751.26
1751.26
1751.26
1751.26
1751.26
3471.76
3471.76
3471.76
17.68
1951.15
1951.15
3373.10
3373.10
4087.38
4087.38
4087.38
4087.38
4087.38
5246.64
5246.64
1948.17
2984.97
2984.97
427.18
427.18
427.18
1654.16
1654.16
27.37
4342.41
4342.41
938.60
938.60
11.01
11.01
2007.35
2007.35
2007.35
2007.35
41.05
41.05
41.05
3981.45
3981.45
2656.97
2741.67
2741.67
3697.45
3697.45
3697.45
3673.75
3673.75
10.60
1811.87
1811.87
1811.87
2713.59
2713.59
3018.13
3018.13
139.62
139.62
417.43
417.43
4108.39
4108.39
1261.90
1261.90
2148.70
2148.70
4220.45
4220.45
3245.90
3245.90
2415.91
2415.91
761.67
761.67
1877.83
1877.83
885.58
885.58
2842.71
2842.71
3482.36
3482.36
905.95
905.95
2190.54
2190.54
2190.54
2190.54
1310.45
1310.45
888.86
888.86
1396.44
1396.44
1229.91
1229.91
592.92
592.92
378.37
378.37
4805.41
4805.41
42.26
42.26
1748.73
1748.73
2743.14
2743.14
578.86
578.86
843.12
843.12
4111.76
4111.76
4111.76
4111.76
1773.81
1773.81
430.31
430.31
5844.24
5844.24
37.12
37.12
1264.82
1264.82
2896.35
2896.35
4620.52
4620.52
66.05
66.05
224.98
224.98
2228.01
2228.01
1141.36
1141.36
923.21
923.21
5394.73
5394.73
1308.33
1308.33
1099.80
1099.80
241.92
241.92
967.05
967.05
458.30
458.30
2954.39
2954.39
2988.34
2988.34
93.73
93.73
27.36
27.36
1502.18
1502.18
3298.72
3298.72
1820.95
1820.95
6174.27
6174.27
3255.34
3255.34
38.92
38.92
912.68
912.68
2666.15
2666.15
2666.15
2666.15
11.03
11.03
226.00
226.00
857.21
857.21
1011.07
1011.07
977.90
