# 1Hz Kbps trace generated by import_real_world_traces.py
915.16
59.22
565.11
546.41
650.93
460.78
460.78
30.89
30.89
30.89
595.60
595.60
654.37
654.37
680.29
680.29
680.29
501.60
501.60
501.60
698.19
698.19
139.43
139.43
10.00
965.95
965.95
965.95
965.95
279.59
279.59
279.59
279.59
394.94
394.94
394.94
394.94
10.00
10.00
274.04
274.04
381.85
381.85
307.01
719.44
719.44
208.36
208.36
461.39
605.53
605.53
593.12
661.10
661.10
583.68
583.68
583.68
19.57
19.57
10.00
10.00
10.00
10.00
242.16
242.16
102.78
102.78
102.78
102.78
102.78
687.31
687.31
687.31
42.59
42.59
42.59
189.86
189.86
10.00
10.00
73.41
73.41
917.29
917.29
10.00
10.00
679.14
120.50
554.61
594.32
433.79
629.07
97.23
359.46
399.44
399.44
399.44
682.77
682.77
593.99
22.34
22.34
443.59
443.59
443.59
443.59
70.53
70.53
575.12
575.12
575.12
350.10
350.10
350.10
709.83
709.83
487.64
487.64
487.64
46.41
46.41
46.41
204.45
204.45
10.00
10.00
10.00
10.00
10.00
10.00
10.00
48.41
48.41
399.27
399.27
412.20
412.20
54.42
54.42
394.51
394.51
394.51
10.00
669.00
653.22
653.22
653.22
653.22
27.29
27.29
27.29
16.87
16.87
10.00
26.75
26.75
26.75
10.00
313.14
313.14
436.46
436.46
436.46
436.46
10.00
206.45
338.88
448.29
10.00
10.00
10.00
10.00
364.24
364.24
10.50
10.50
84.88
23.83
23.83
669.03
669.03
669.03
669.03
393.81
393.81
188.25
65.53
65.53
10.00
308.48
308.48
424.03
424.03
424.03
10.00
10.00
291.76
