# 1Hz Kbps trace generated by import_real_world_traces.py
1003.02
1114.18
1114.18
1114.18
1955.80
1955.80
1126.94
1126.94
1761.45
1761.45
2418.97
2418.97
2418.97
2418.97
1469.66
1469.66
2419.02
2419.02
124.15
124.15
1946.82
1946.82
2510.05
2510.05
2510.05
2510.05
2496.64
2496.64
2496.64
2496.64
4539.51
4539.51
4539.51
4539.51
4159.54
4159.54
4159.54
4159.54
3319.93
3319.93
3319.93
3319.93
3319.93
3319.93
3319.93
3319.93
5976.81
5976.81
5976.81
5976.81
3862.17
3862.17
284.74
284.74
4196.14
4196.14
4196.14
4196.14
2705.05
2705.05
2705.05
2705.05
3926.57
3926.57
3926.57
3926.57
131.24
131.24
2155.86
2155.86
2176.96
2176.96
4334.52
4334.52
4051.61
4051.61
207.54
207.54
1241.36
1241.36
1332.37
1332.37
2037.03
2193.13
2193.13
2193.13
4409.61
4409.61
4409.61
4409.61
4624.39
4624.39
4624.39
4624.39
4767.18
4767.18
4767.18
4767.18
4989.89
4989.89
4989.89
4989.89
5402.50
5402.50
4281.15
4281.15
680.26
5571.09
5571.09
5571.09
5295.64
5295.64
3455.66
3455.66
5832.38
5832.38
5832.38
5832.38
784.96
784.96
2075.91
2075.91
1609.28
1609.28
3525.22
3525.22
3525.22
3525.22
3525.22
3525.22
4583.76
4583.76
1068.18
1068.18
1068.18
1068.18
268.95
268.95
1203.22
1203.22
1815.21
1815.21
1703.18
1703.18
2529.44
2529.44
2414.82
2414.82
710.17
710.17
3096.06
3096.06
1699.15
1699.15
1974.36
1974.36
3210.45
3210.45
1853.80
1853.80
1344.45
1344.45
17.78
17.78
3042.80
3042.80
657.61
657.61
2169.28
2169.28
1860.79
1860.79
3424.27
3424.27
1610.36
1610.36
2911.40
2911.40
56.48
56.48
56.48
28.02
28.02
28.02
2807.94
1414.70
1414.70
2575.99
2575.99
2303.02
774.06
774.06
1076.93
1076.93
1255.26
1255.26
2252.48
2252.48
294.93
294.93
3866.05
3866.05
2126.28
2126.28
1579.57
1579.57
3392.34
3392.34
3392.34
3392.34
2284.39
2284.39
2035.61
2035.61
3596.28
3596.28
1817.50
1817.50
1163.86
1163.86
22.65
22.65
4093.20
4093.20
1264.53
1264.53
3338.86
3338.86
2527.27
2527.27
332.07
332.07
44.55
44.55
2046.58
2046.58
1785.63
1785.63
1153.14
1153.14
3312.18
3312.18
1658.62
1658.62
3180.21
3180.21
2205.49
2205.49
3445.74
3445.74
1721.21
1721.21
2549.88
2549.88
2476.35
2476.35
1331.52
1331.52
3279.39
3279.39
2203.25
2203.25
1496.87
1496.87
945.07
945.07
1857.02
1857.02
862.44
862.44
2261.10
2261.10
1881.91
1881.91
2362.70
2362.70
931.55
931.55
10.00
10.00
3073.76
3073.76
1466.55
1466.55
4659.37
4659.37
2211.72
2211.72
3531.61
3531.61
4399.36
4399.36
2245.74
2245.74
3353.24
3353.24
1967.92
1967.92
1578.95
1578.95
2611.07
2611.07
1608.21
1608.21
1281.22
1281.22
1356.51
1356.51
2859.61
2859.61
814.10
814.10
3040.18
3040.18
387.79
387.79
1998.25
1998.25
1518.90
1518.90
1675.84
1675.84
1414.93
1414.93
5318.11
5318.11
2996.69
2996.69
1922.18
1922.18
4700.28
4700.28
4201.80
4201.80
54.43
54.43
4786.36
4786.36
5788.86
5788.86
6332.77
6332.77
2933.97
2933.97
2688.57
2688.57
2688.57
2688.57
2688.57
2688.57
1608.89
1608.89
4868.69
4868.69
2086.18
2086.18
5655.46
5655.46
1584.97
1584.97
5788.62
5788.62
2310.02
2310.02
4191.92
4191.92
4529.10
4529.10
2945.62
2945.62
3221.86
3221.86
4131.67
4131.67
4449.69
4449.69
71.94
71.94
2797.11
2797.11
32.73
32.73
973.27
973.27
1090.18
1090.18
4627.38
4627.38
5811.79
5811.79
1737.35
1737.35
2494.04
2494.04
1759.97
1759.97
2333.66
2333.66
1675.20
1675.20
2345.02
2345.02
268.84
268.84
5708.58
5708.58
1894.67
1894.67
6603.02
6603.02
1554.32
1554.32
6578.09
6578.09
3442.89
3442.89
5084.27
5084.27
4920.36
4920.36
797.01
797.01
1606.77
1606.77
3440.29
3440.29
1697.89
1697.89
4542.10
4542.10
1943.58
1943.58
3806.94
3806.94
3020.34
3020.34
4524.19
4524.19
2051.24
2051.24
3114.98
3114.98
4679.89
4679.89
32.54
32.54
1143.08
1143.08
2959.00
2959.00
16.20
16.20
3532.94
3532.94
3825.83
3825.83
4678.56
4678.56
2843.63
2843.63
1989.25
1989.25
1033.23
1033.23
15.53
15.53
15.53
916.05
