# 1Hz Kbps trace generated by import_real_world_traces.py
299.57
299.57
638.82
406.70
464.06
464.06
901.11
650.21
912.74
912.74
912.74
10.00
443.06
713.82
713.82
713.82
252.07
810.00
810.00
810.00
126.15
126.15
383.75
217.48
217.48
133.28
391.97
265.56
425.18
425.18
24.41
224.03
469.30
469.30
469.30
193.87
193.87
193.87
193.87
249.74
249.74
249.74
72.50
72.50
72.50
315.24
315.24
430.28
430.28
430.28
413.68
413.68
435.60
482.84
417.03
417.03
417.03
207.27
207.27
207.27
207.27
156.73
363.41
363.41
363.41
363.41
214.70
214.70
218.85
154.38
154.38
154.38
239.55
297.14
187.26
187.26
788.85
599.55
562.60
562.60
562.60
562.60
562.60
562.60
562.60
562.60
562.60
562.60
562.60
562.60
562.60
562.60
14.09
191.68
191.68
191.68
191.68
191.68
191.68
191.68
191.68
400.32
655.21
628.37
628.37
628.37
628.37
227.69
227.69
227.69
161.72
161.72
257.72
342.79
342.79
342.79
342.79
342.79
342.79
109.52
438.30
395.68
465.19
407.34
407.34
365.10
365.10
257.79
257.79
79.17
79.17
65.35
378.42
56.42
56.42
56.42
56.42
56.42
56.42
56.42
56.42
56.42
56.42
46.82
414.71
414.71
414.71
38.25
