# 1Hz Kbps trace generated by import_real_world_traces.py
1327.44
1605.01
1605.01
66.76
66.76
1738.08
1738.08
3910.05
3910.05
1608.98
1608.98
239.91
239.91
94.27
94.27
85.09
85.09
1880.06
1880.06
2982.93
2982.93
122.22
122.22
23.29
23.29
1766.54
1766.54
338.07
338.07
8661.85
8661.85
4084.46
4084.46
1810.90
1810.90
356.26
356.26
1557.69
1557.69
71.43
71.43
727.18
727.18
113.87
113.87
10.00
10.00
70.81
70.81
27.54
27.54
21.93
21.93
1734.55
1734.55
4130.10
4130.10
1431.07
1431.07
860.04
860.04
5104.81
5104.81
11067.32
11067.32
8310.70
8310.70
9462.01
9462.01
11513.78
11513.78
43.43
43.43
1752.29
1752.29
8597.00
8597.00
1929.76
1929.76
6440.30
6440.30
7465.97
7465.97
2078.91
2078.91
276.00
276.00
5849.40
5849.40
5849.40
5849.40
8669.64
8669.64
1405.58
1405.58
560.70
560.70
31.61
31.61
10.00
10.00
17.99
17.99
17.33
17.33
22.72
22.72
7754.07
7754.07
9358.09
9358.09
6409.06
6409.06
7803.10
7803.10
4365.03
4365.03
7830.12
7830.12
299.92
299.92
1801.29
1801.29
2027.91
2027.91
2604.32
2604.32
424.18
424.18
3489.74
3489.74
1936.69
1936.69
127.16
127.16
3935.16
3935.16
184.01
184.01
1709.82
1709.82
5631.85
5631.85
5631.85
303.74
303.74
1982.77
20.81
20.81
20.81
1922.20
1922.20
9501.18
6501.29
6501.29
6501.29
4138.31
1026.22
1026.22
1026.22
1913.56
1913.56
10160.13
1678.15
1678.15
1678.15
1484.64
1484.64
3666.91
3666.91
8636.45
8636.45
10794.75
10794.75
9628.86
9628.86
35.38
35.38
5248.69
5248.69
6763.48
6763.48
4401.74
4401.74
235.26
235.26
4284.14
2671.98
2671.98
2671.98
6405.57
6405.57
244.09
244.09
252.60
252.60
45.23
45.23
1923.87
1923.87
177.37
177.37
3113.82
3113.82
176.09
176.09
205.96
205.96
193.26
193.26
138.32
138.32
2332.48
2332.48
21.12
21.12
3806.80
3806.80
37.35
37.35
711.84
711.84
1753.69
