# 1Hz Kbps trace generated by import_real_world_traces.py
1003.76
1611.62
2081.36
2548.10
3204.43
2157.92
2157.92
3029.88
3029.88
3212.89
3212.89
804.05
804.05
929.54
929.54
47.36
47.36
1400.75
1400.75
740.21
740.21
4794.66
4794.66
64.34
64.34
5122.73
5122.73
10.27
10.27
27.23
27.23
4253.22
4253.22
23.89
23.89
3750.76
3750.76
21.79
21.79
65.70
65.70
10.00
10.00
38.48
38.48
32.53
32.53
1456.86
1456.86
725.93
725.93
2373.77
2373.77
3074.55
3074.55
17.91
17.91
3814.61
3814.61
2986.01
2986.01
145.66
145.66
43.74
43.74
3467.70
3467.70
3083.57
3083.57
535.75
535.75
67.98
67.98
768.48
768.48
130.51
130.51
1472.60
1472.60
1819.73
1819.73
23.11
23.11
791.19
791.19
555.89
555.89
1746.99
1746.99
5414.14
5414.14
100.56
100.56
775.40
775.40
10.00
10.00
718.00
718.00
1680.56
1680.56
29.20
29.20
1283.22
1283.22
541.27
541.27
873.66
873.66
310.87
310.87
196.50
196.50
1809.50
1809.50
4577.58
4577.58
763.05
763.05
206.65
206.65
717.99
717.99
313.64
313.64
591.16
591.16
706.41
706.41
3793.56
3793.56
819.01
819.01
57.95
57.95
4418.87
4418.87
502.42
502.42
457.32
457.32
5228.05
5228.05
5228.05
5228.05
771.37
771.37
1410.17
1410.17
2471.42
2471.42
1743.48
1743.48
24.06
24.06
3221.61
3221.61
24.24
24.24
120.87
120.87
1610.04
1610.04
3797.38
3797.38
783.40
783.40
5186.75
5186.75
5186.75
5186.75
933.03
933.03
1166.46
1166.46
38.31
38.31
2210.45
2210.45
823.95
823.95
749.25
749.25
4295.09
4295.09
22.94
22.94
1995.24
1995.24
1267.21
1267.21
3714.44
3714.44
4712.27
4712.27
5589.94
5589.94
10.00
10.00
781.59
781.59
123.78
123.78
840.87
840.87
742.25
742.25
1392.95
1392.95
3354.60
3354.60
23.13
23.13
658.73
658.73
32.14
32.14
1983.07
1983.07
2133.88
2133.88
26.07
26.07
639.27
639.27
1032.15
1032.15
774.89
774.89
1959.88
1959.88
1229.52
1229.52
167.55
167.55
87.79
87.79
784.71
784.71
999.47
999.47
4632.07
4632.07
4028.28
4028.28
4379.67
4379.67
3155.11
3155.11
4865.47
4865.47
4104.17
4104.17
193.97
193.97
34.74
34.74
209.09
209.09
123.63
123.63
43.00
43.00
73.91
73.91
781.76
781.76
89.39
89.39
487.71
487.71
33.89
33.89
62.27
62.27
816.35
816.35
564.98
564.98
678.15
678.15
997.64
997.64
348.26
348.26
1219.50
1219.50
24.31
24.31
748.49
748.49
29.37
29.37
2592.03
2592.03
3331.07
3331.07
2934.88
2934.88
725.38
725.38
161.45
161.45
1646.61
1646.61
1191.91
1191.91
249.58
249.58
4552.10
4552.10
52.91
52.91
838.35
838.35
26.09
26.09
1562.27
1562.27
5369.22
5369.22
46.87
46.87
2301.76
2301.76
2890.41
2890.41
813.26
813.26
5088.89
5088.89
2374.70
2374.70
5766.28
5766.28
6436.22
6436.22
764.48
764.48
4041.73
4041.73
1018.15
1018.15
797.57
797.57
4521.00
4521.00
2818.68
2818.68
543.77
543.77
4992.49
4992.49
165.63
165.63
1171.58
1171.58
17.31
17.31
198.48
198.48
2592.78
2592.78
3609.05
3609.05
110.81
110.81
1432.06
1432.06
10.00
10.00
1292.81
1292.81
59.22
59.22
2464.85
2464.85
1101.87
1101.87
34.78
34.78
18.25
18.25
16.73
16.73
791.37
791.37
4896.38
4896.38
2771.82
2771.82
2127.93
2127.93
3010.80
3010.80
35.09
35.09
314.36
314.36
12.88
12.88
833.36
833.36
2456.52
2456.52
16.72
16.72
113.00
113.00
1575.21
1575.21
1895.59
1895.59
10.94
10.94
284.70
284.70
2026.55
2026.55
1664.74
1664.74
672.27
672.27
1078.30
1078.30
118.00
118.00
4610.69
4610.69
1104.40
1104.40
1484.73
1484.73
4345.13
4345.13
1572.87
1572.87
4546.48
4546.48
967.91
967.91
4847.80
4847.80
4298.11
4298.11
2525.12
2525.12
799.25
799.25
3479.35
3479.35
3479.35
3479.35
3479.35
3479.35
4099.34
4099.34
4566.87
4566.87
3952.81
3952.81
4066.04
4066.04
3820.86
3820.86
3619.02
3619.02
3619.02
3619.02
3994.73
3994.73
1522.10
1522.10
4591.19
4591.19
4132.86
4132.86
2401.33
2401.33
3540.79
3540.79
1921.22
1921.22
2036.74
2036.74
2945.18
2945.18
5292.89
5292.89
837.26
837.26
2192.41
2192.41
5009.07
5009.07
1143.69
1143.69
4388.91
4388.91
4868.90
4868.90
5752.55
5752.55
4414.08
4414.08
867.71
867.71
11.57
11.57
137.70
137.70
658.83
658.83
769.81
769.81
769.81
12.60
1355.37
1355.37
1355.37
1314.92
1314.92
89.54
89.54
2389.24
2389.24
63.92
63.92
27.75
27.75
727.51
727.51
10.00
10.00
1452.17
1452.17
213.20
213.20
290.56
290.56
4157.67
4157.67
204.30
204.30
4600.94
4600.94
4607.21
4607.21
4176.81
4176.81
1270.23
1270.23
77.97
77.97
2640.57
2640.57
1736.25
1736.25
2913.28
2913.28
3626.28
3626.28
714.18
714.18
1372.57
1372.57
126.45
126.45
1619.83
1619.83
71.81
71.81
75.48
75.48
15.42
15.42
4788.11
4788.11
781.64
781.64
4361.08
4361.08
4666.86
4666.86
4337.33
4337.33
4491.85
4491.85
25.33
25.33
4996.95
4996.95
4346.44
4346.44
3992.74
3992.74
4051.52
4051.52
1198.39
1198.39
1324.09
1324.09
2275.32
2275.32
2084.02
2084.02
1241.49
1241.49
2431.91
2431.91
284.01
284.01
790.83
790.83
1208.03
1208.03
785.14
785.14
114.38
114.38
3536.51
3536.51
1227.30
1227.30
13.37
13.37
775.68
775.68
46.26
46.26
58.65
58.65
134.11
134.11
1943.48
1943.48
1522.55
1522.55
126.41
126.41
740.81
740.81
46.46
46.46
32.99
32.99
295.44
295.44
2830.83
2830.83
3799.30
3799.30
350.69
350.69
727.30
727.30
1327.33
1327.33
152.10
152.10
879.95
879.95
2740.40
2740.40
822.69
822.69
1151.03
1151.03
69.47
69.47
238.87
238.87
4772.54
4772.54
5942.87
5942.87
6148.12
6148.12
6752.50
6752.50
5159.10
5159.10
5226.23
5226.23
5226.23
5226.23
5226.23
5226.23
5469.17
5469.17
5469.17
5469.17
4064.01
4064.01
4656.42
4656.42
5119.96
5119.96
5119.96
5119.96
4685.29
4685.29
4144.37
4144.37
531.95
531.95
3274.41
3274.41
1862.78
1862.78
1285.84
1285.84
3389.68
3389.68
4486.09
4486.09
1705.79
1705.79
4487.37
4487.37
2010.30
2010.30
1156.00
1156.00
4360.04
4360.04
4420.03
4420.03
48.00
48.00
4295.62
4295.62
2565.45
2565.45
52.38
52.38
6203.93
6203.93
4775.52
4775.52
3300.18
3300.18
80.50
80.50
4554.52
4554.52
6034.96
6034.96
445.87
445.87
16.90
16.90
3852.30
3852.30
3957.28
3957.28
6028.82
6028.82
855.52
855.52
3845.20
3845.20
5064.65
5064.65
3249.96
3249.96
17.29
17.29
2465.11
2465.11
10.57
10.57
80.99
80.99
10.96
10.96
2625.24
2625.24
3788.70
3788.70
3470.51
3470.51
3470.51
3470.51
1490.32
1490.32
4664.01
4664.01
3385.26
3385.26
4457.42
4457.42
3696.34
3696.34
3935.98
3935.98
3935.98
3935.98
3935.98
3935.98
3935.98
3935.98
4094.75
4094.75
799.90
799.90
3700.85
3700.85
3340.13
3340.13
3642.52
3642.52
3738.80
3738.80
3574.23
3574.23
3798.13
3798.13
3939.66
3939.66
3946.05
3946.05
780.26
780.26
4554.33
4554.33
3801.35
3801.35
1335.76
1335.76
4447.53
4447.53
765.38
765.38
1097.85
1097.85
3985.34
3985.34
2686.31
2686.31
2686.31
2686.31
2686.31
2686.31
2686.31
2686.31
3735.11
3735.11
2728.02
2728.02
2728.02
2728.02
4661.84
4661.84
4661.84
4661.84
4661.84
4661.84
4661.84
4661.84
4661.84
4661.84
4162.14
4162.14
4605.26
4605.26
4230.59
4230.59
4230.59
4230.59
4230.59
4230.59
49.21
49.21
536.28
536.28
40.94
40.94
46.76
46.76
816.68
816.68
64.27
64.27
1698.48
1698.48
3265.70
3265.70
19.66
19.66
788.39
788.39
1607.80
1607.80
1566.29
1566.29
23.88
23.88
2167.93
2167.93
4094.04
4094.04
4094.04
4094.04
3805.46
3805.46
1626.84
1626.84
455.22
455.22
1734.04
1734.04
17.96
17.96
786.12
786.12
33.23
33.23
49.41
49.41
2484.52
2484.52
3111.95
3111.95
62.11
62.11
34.11
34.11
689.05
689.05
49.68
49.68
1213.33
1213.33
496.37
496.37
723.28
723.28
2735.38
2735.38
1107.52
1107.52
801.96
801.96
36.06
36.06
4149.21
4149.21
1737.05
1737.05
5060.68
5060.68
4989.73
4989.73
353.55
353.55
10.00
10.00
3785.20
3785.20
4474.92
4474.92
873.96
873.96
87.43
87.43
597.30
597.30
68.88
68.88
2937.13
2937.13
18.08
18.08
2069.47
2069.47
22.16
22.16
32.89
32.89
563.57
563.57
3718.57
3718.57
1389.48
1389.48
4977.38
4977.38
5205.99
5205.99
2404.04
2404.04
4712.12
4712.12
5441.91
5441.91
12.88
12.88
708.47
708.47
781.08
781.08
129.15
129.15
1640.26
1640.26
19.41
19.41
2833.89
2833.89
4064.38
4064.38
3269.12
3269.12
1261.82
1261.82
120.07
120.07
29.90
29.90
117.98
117.98
2061.29
2061.29
758.26
758.26
16.87
16.87
972.36
972.36
52.37
52.37
98.92
98.92
684.12
684.12
1109.47
1109.47
1343.39
1343.39
629.22
629.22
3518.37
3518.37
2017.95
2017.95
2755.28
2755.28
1748.67
1748.67
3725.34
3725.34
12.69
12.69
445.25
445.25
4010.19
4010.19
10.00
10.00
1688.24
1688.24
4559.64
4559.64
2551.16
2551.16
1855.73
1855.73
1575.85
1575.85
1518.89
1518.89
762.67
762.67
46.26
46.26
968.57
968.57
3576.43
3576.43
2020.95
2020.95
14.99
14.99
120.67
120.67
740.13
740.13
1603.35
1603.35
3765.70
3765.70
1099.69
1099.69
4808.46
4808.46
1459.56
1459.56
4070.68
4070.68
5481.85
5481.85
971.65
971.65
1211.60
1211.60
849.49
849.49
62.32
62.32
21.51
21.51
476.70
476.70
2699.24
2699.24
487.90
487.90
1641.54
1641.54
984.96
984.96
3298.53
3298.53
11.29
11.29
3283.88
3283.88
1410.35
1410.35
2982.20
2982.20
3174.24
3174.24
809.21
809.21
539.44
539.44
1574.12
1574.12
4047.85
4047.85
1209.08
1209.08
3684.90
3684.90
1387.85
1387.85
2218.81
2218.81
114.09
114.09
2512.93
2512.93
555.17
555.17
16.58
16.58
1860.87
1860.87
1765.28
1765.28
28.88
28.88
3358.48
3358.48
4213.97
4213.97
4164.77
4164.77
4245.49
4245.49
4686.67
4686.67
4662.10
4662.10
4662.10
4662.10
4077.63
4077.63
4077.63
4077.63
3641.38
3641.38
87.33
87.33
13.92
13.92
1446.70
1446.70
3773.73
3773.73
4008.77
4008.77
3500.95
3500.95
738.94
738.94
3994.55
3994.55
1657.78
1657.78
18.15
18.15
3942.28
3942.28
2797.22
2797.22
3919.70
3919.70
4464.35
4464.35
4428.60
4428.60
105.79
105.79
3865.41
3865.41
3474.54
3474.54
3282.79
3282.79
4503.29
4503.29
4524.73
4524.73
4524.73
4524.73
3729.57
3729.57
3729.57
3729.57
3729.57
3729.57
3729.57
3729.57
2688.18
2688.18
4221.97
4221.97
3573.39
3573.39
4195.49
4195.49
4349.66
4349.66
4349.66
4349.66
4349.66
4349.66
4159.05
4159.05
4159.05
4159.05
4159.05
4159.05
11.14
11.14
1256.13
1256.13
508.08
508.08
3753.39
3753.39
3624.95
3624.95
627.08
627.08
10.00
10.00
1595.66
1595.66
2856.30
2856.30
3589.45
3589.45
13.61
13.61
2195.17
2195.17
3870.68
3870.68
3249.83
3249.83
3234.49
3234.49
603.44
603.44
4064.31
4064.31
3649.01
3649.01
2609.83
2609.83
778.86
778.86
3102.35
3102.35
3532.00
3532.00
1361.38
1361.38
2999.18
2999.18
504.67
504.67
475.79
475.79
307.07
307.07
234.11
234.11
52.14
52.14
231.17
231.17
810.89
810.89
24.18
24.18
197.11
197.11
665.19
665.19
4294.19
4294.19
1749.73
1749.73
1365.98
1365.98
2235.85
2235.85
2132.65
2132.65
833.04
833.04
3858.59
3858.59
967.84
967.84
2022.53
2022.53
2828.36
2828.36
1322.11
1322.11
428.42
428.42
4097.58
4097.58
4196.07
4196.07
901.58
901.58
4414.99
4414.99
1311.68
1311.68
938.36
938.36
4503.36
4503.36
611.55
611.55
781.24
781.24
4253.58
4253.58
871.00
871.00
15.23
15.23
12.94
12.94
1222.71
1222.71
1980.66
1980.66
238.86
238.86
1176.47
1176.47
303.02
303.02
1187.12
1187.12
242.06
242.06
747.94
747.94
1234.67
1234.67
53.60
53.60
17.55
17.55
2087.32
2087.32
1285.91
1285.91
89.90
89.90
129.52
129.52
78.61
78.61
320.34
320.34
704.66
704.66
1583.45
1583.45
1703.02
1703.02
193.37
193.37
1140.57
1140.57
18.44
18.44
102.37
102.37
634.31
634.31
677.02
677.02
51.40
51.40
1864.82
1864.82
4425.58
4425.58
2964.47
2964.47
1757.37
1757.37
834.52
834.52
64.94
64.94
3367.38
3367.38
1393.10
1393.10
496.97
496.97
808.79
808.79
182.80
182.80
122.68
122.68
285.28
285.28
650.71
650.71
674.46
674.46
837.45
837.45
802.88
802.88
2079.68
2079.68
952.04
952.04
34.54
34.54
3333.44
3333.44
3913.20
3913.20
81.28
81.28
1465.11
1465.11
4259.23
4259.23
3951.42
3951.42
4783.23
4783.23
124.42
124.42
4536.93
4536.93
3810.70
3810.70
4182.32
4182.32
418.84
418.84
1647.56
1647.56
2577.47
2577.47
2106.19
2106.19
1929.44
1929.44
3905.14
3905.14
4266.20
4266.20
779.09
779.09
27.34
27.34
1372.00
1372.00
3744.59
3744.59
34.48
34.48
97.27
97.27
97.27
5610.08
5610.08
4914.03
4914.03
4545.43
821.66
821.66
821.66
2898.09
2898.09
135.65
135.65
751.96
751.96
3899.15
3899.15
750.56
750.56
4348.79
4348.79
6108.28
6108.28
6108.28
6108.28
6108.28
6108.28
6108.28
6108.28
6108.28
6108.28
6108.28
6108.28
6108.28
6108.28
18.40
18.40
18.40
725.52
977.58
977.58
1088.93
1088.93
1387.96
1387.96
1503.07
1503.07
813.64
813.64
313.88
313.88
2592.47
2592.47
11.03
1884.25
1884.25
1884.25
3621.05
3621.05
3621.05
3621.05
3379.98
3379.98
4597.23
4597.23
1631.77
1631.77
4292.75
4292.75
1052.42
1052.42
1044.64
1044.64
3433.34
3433.34
39.31
39.31
1669.88
1669.88
1303.39
1303.39
4227.05
4227.05
4274.32
4274.32
4487.70
4487.70
4113.37
4113.37
4643.48
4643.48
4475.85
4475.85
3936.91
3936.91
4648.91
4648.91
456.31
456.31
4059.85
4059.85
4720.60
696.19
696.19
696.19
10.00
10.00
32.00
32.00
32.00
92.28
18.43
18.43
5385.50
5385.50
4690.19
4690.19
25.56
25.56
5205.11
5205.11
82.90
82.90
836.40
836.40
10.00
10.00
669.87
669.87
4325.21
4325.21
4660.01
4660.01
18.06
18.06
4093.94
4093.94
4307.31
4307.31
2581.87
2581.87
4600.62
4600.62
4723.39
4723.39
5138.61
5138.61
1209.62
1209.62
3781.74
4950.16
4950.16
4950.16
649.17
649.17
4937.35
4937.35
12.86
12.86
32.83
32.83
10.00
10.00
1819.38
1819.38
820.51
820.51
2135.50
2135.50
2135.50
2135.50
2135.50
2135.50
2135.50
2135.50
2135.50
61.15
4868.44
4868.44
4306.64
4306.64
3292.97
3292.97
1025.59
1025.59
815.66
815.66
2554.79
2554.79
1759.03
1759.03
2621.40
2621.40
411.38
411.38
1699.36
1699.36
3171.74
3171.74
3171.74
3171.74
3171.74
3171.74
3171.74
3171.74
3171.74
423.89
938.56
1770.75
1423.40
1423.40
1387.07
1387.07
20.73
20.73
2505.12
2505.12
1508.79
1508.79
741.65
741.65
2070.13
2070.13
1015.38
1015.38
2857.35
2857.35
221.23
221.23
221.23
221.23
221.23
221.23
221.23
221.23
221.23
221.23
221.23
221.23
221.23
221.23
221.23
221.23
221.23
221.23
221.23
221.23
221.23
221.23
221.23
221.23
221.23
221.23
221.23
221.23
221.23
221.23
221.23
221.23
221.23
221.23
221.23
221.23
221.23
221.23
221.23
221.23
221.23
1007.92
2438.89
2223.64
2223.64
2350.23
2350.23
2453.68
2453.68
2245.76
2245.76
2489.17
2489.17
1366.89
1366.89
2551.96
2551.96
2840.69
2840.69
2530.43
2530.43
2057.09
2057.09
2365.31
2365.31
2512.20
2512.20
60.74
60.74
2692.13
2692.13
832.88
832.88
2407.64
2407.64
2443.36
2443.36
2355.56
2355.56
2597.33
2597.33
2307.08
2307.08
2384.83
2384.83
2550.27
2550.27
2488.92
2488.92
2886.87
2886.87
2886.87
2886.87
2582.95
2582.95
2896.09
2896.09
1793.71
1793.71
843.74
843.74
2585.38
2585.38
53.80
53.80
24.88
24.88
18.35
18.35
4306.75
4306.75
4579.75
4579.75
3712.12
3712.12
4515.25
4515.25
3972.53
3972.53
3972.53
3972.53
3394.25
3394.25
2823.59
2823.59
2823.59
2602.38
2871.33
2871.33
2871.33
3661.72
3661.72
3080.29
3080.29
2102.44
2102.44
701.24
701.24
2444.46
2444.46
3111.34
3111.34
3213.32
3213.32
3249.89
3249.89
3249.89
3249.89
2491.19
2491.19
2239.60
688.43
688.43
688.43
2411.68
2411.68
2007.32
2007.32
1655.15
1655.15
2346.76
2346.76
1456.47
1456.47
2116.85
2116.85
1953.51
1953.51
2505.77
2505.77
2645.41
2645.41
2204.50
2204.50
2789.88
2789.88
2000.39
2000.39
513.47
513.47
3016.11
3016.11
2655.23
2655.23
2565.42
2565.42
1734.54
1734.54
2597.02
2597.02
2209.19
2209.19
2499.60
2499.60
2721.90
2721.90
1253.61
1253.61
583.16
1147.73
1147.73
1147.73
943.94
943.94
966.48
966.48
410.73
410.73
49.54
49.54
729.50
729.50
669.46
669.46
251.07
251.07
43.75
43.75
10.00
10.00
640.06
640.06
58.70
631.89
631.89
631.89
798.90
798.90
266.40
266.40
1881.19
1881.19
740.77
740.77
2809.32
2809.32
68.58
68.58
32.87
32.87
50.04
50.04
2550.58
2550.58
38.64
38.64
491.06
457.44
457.44
457.44
212.72
212.72
1280.82
1280.82
49.68
49.68
33.55
33.55
664.21
664.21
20.91
20.91
84.23
84.23
1183.90
1183.90
2836.38
2836.38
10.00
10.00
75.70
75.70
750.67
750.67
1322.30
1322.30
50.59
50.59
17.47
17.47
116.82
116.82
2041.12
2041.12
434.66
434.66
621.73
621.73
2982.21
2982.21
2824.59
2824.59
1640.04
1640.04
457.23
457.23
661.31
661.31
286.41
286.41
435.30
435.30
2834.63
2834.63
2044.92
2044.92
659.90
659.90
2189.60
2189.60
2284.06
2284.06
2299.85
2299.85
2390.82
2390.82
975.23
975.23
2572.38
2572.38
812.27
812.27
1414.83
1414.83
731.04
731.04
1964.50
1964.50
2001.12
2001.12
58.58
58.58
12.06
12.06
2315.96
2315.96
2315.96
2315.96
518.09
518.09
28.23
28.23
1940.11
1940.11
1747.36
1747.36
17.26
17.26
1550.06
1550.06
649.62
649.62
2271.28
2271.28
675.78
675.78
694.60
694.60
59.23
59.23
104.36
104.36
2159.20
2159.20
1829.54
1829.54
870.21
870.21
1480.99
1480.99
2121.36
2121.36
2366.16
2366.16
1794.30
1794.30
1169.02
1169.02
1695.27
1695.27
13.92
13.92
2071.99
2071.99
45.80
45.80
2140.69
2140.69
625.20
625.20
2530.74
2530.74
2661.26
2661.26
436.22
436.22
273.64
273.64
54.07
54.07
670.76
670.76
749.68
749.68
1525.95
1525.95
32.29
32.29
10.00
10.00
995.54
995.54
2628.65
2628.65
903.82
903.82
3219.42
3219.42
1066.00
1066.00
2429.63
2429.63
46.86
46.86
653.56
653.56
2545.90
2545.90
3531.68
3531.68
2811.90
2811.90
687.29
687.29
2118.84
2118.84
2968.67
2968.67
684.68
684.68
756.11
756.11
1465.16
1465.16
22.12
22.12
15.22
15.22
763.10
763.10
797.44
797.44
1216.70
1216.70
1176.31
1176.31
70.48
70.48
1503.92
1503.92
3056.96
3056.96
696.47
696.47
739.87
739.87
116.61
116.61
2473.50
2473.50
132.34
132.34
88.18
88.18
719.60
719.60
44.68
44.68
14.53
14.53
976.03
976.03
501.47
501.47
721.82
721.82
20.06
20.06
54.60
54.60
60.18
60.18
553.11
553.11
57.00
57.00
1892.71
1892.71
2296.54
2296.54
945.93
945.93
2367.10
2367.10
1231.74
1231.74
1363.40
1363.40
964.55
964.55
2397.10
2397.10
713.56
713.56
1179.28
1179.28
32.37
32.37
1218.30
1218.30
2537.10
2537.10
3529.63
3529.63
2853.16
2853.16
4315.12
4315.12
4589.72
4589.72
4131.07
4131.07
4315.04
4315.04
4182.83
4182.83
4182.83
4182.83
10.02
10.02
4196.02
4196.02
4147.03
4147.03
4270.47
4270.47
3586.41
3586.41
3960.60
3960.60
4336.78
4336.78
3022.15
3022.15
3358.43
3358.43
3765.73
3765.73
1594.03
1594.03
4129.60
4129.60
66.10
66.10
203.81
203.81
1725.48
1725.48
3374.19
3374.19
716.20
716.20
1179.95
1179.95
3534.96
3534.96
3534.96
3534.96
2887.63
2887.63
3722.39
3722.39
971.14
971.14
3405.70
3405.70
3571.24
3571.24
3299.76
3299.76
2369.53
2369.53
4283.97
4283.97
3926.13
3926.13
3698.43
3698.43
4969.76
4969.76
4914.52
4914.52
5230.61
5230.61
5230.61
5230.61
5230.61
5230.61
1858.76
1858.76
4758.08
4758.08
1678.04
1678.04
4611.96
4611.96
3180.20
3180.20
794.33
794.33
4888.83
4888.83
4523.41
4523.41
4876.69
4876.69
222.74
222.74
3801.30
3801.30
143.81
143.81
738.15
738.15
69.34
69.34
4900.18
4900.18
49.90
49.90
3846.89
3846.89
1811.37
1811.37
5465.44
5465.44
747.99
747.99
3321.87
3321.87
1808.03
1808.03
98.68
98.68
5230.13
5230.13
841.09
841.09
3532.04
3532.04
2864.53
2864.53
1595.52
1595.52
1511.31
1511.31
5453.34
5453.34
2192.07
2192.07
1860.48
1860.48
1917.78
1917.78
5041.10
5041.10
33.74
33.74
4554.59
4554.59
863.08
863.08
1794.89
1794.89
774.23
774.23
4445.55
4445.55
1201.75
1201.75
5429.15
5429.15
1159.56
1159.56
824.01
824.01
1602.11
1602.11
524.03
524.03
24.19
24.19
1492.38
1492.38
22.83
22.83
1161.00
1161.00
1106.61
1106.61
158.63
158.63
328.85
328.85
38.64
38.64
143.73
143.73
4756.98
4756.98
51.21
51.21
886.30
886.30
10.00
10.00
940.94
940.94
801.09
801.09
1204.74
1204.74
160.33
160.33
1559.63
1559.63
1365.16
1365.16
2555.29
2555.29
3820.50
3820.50
3892.09
3892.09
851.71
851.71
2807.13
2807.13
866.46
866.46
300.54
300.54
789.16
789.16
98.87
98.87
155.47
155.47
153.05
153.05
17.23
17.23
783.67
783.67
610.00
610.00
827.31
827.31
4110.55
4110.55
63.80
63.80
50.89
50.89
200.69
200.69
659.31
659.31
6135.70
6135.70
98.64
98.64
919.24
919.24
38.48
38.48
4417.33
4417.33
54.16
54.16
1092.85
1092.85
2163.48
2163.48
124.33
124.33
10.69
10.69
85.56
85.56
2739.24
2739.24
5743.22
5743.22
5041.36
5041.36
6275.73
6275.73
3564.67
3564.67
4826.72
4826.72
227.99
227.99
227.99
27.76
4460.08
4460.08
4460.08
4460.08
709.91
709.91
4814.44
4814.44
796.10
796.10
978.42
978.42
3268.50
3268.50
17.30
17.30
10.00
10.00
1202.25
1202.25
2473.36
2473.36
36.96
36.96
19.22
19.22
51.95
51.95
18.36
18.36
3191.53
3191.53
847.00
847.00
16.21
16.21
13.11
13.11
1040.95
1040.95
95.19
95.19
3741.61
3741.61
5802.47
5802.47
2531.52
2531.52
5368.92
5368.92
970.66
970.66
2185.34
2185.34
275.20
275.20
954.75
954.75
822.31
822.31
766.52
766.52
23.06
23.06
4926.66
4926.66
1174.53
1174.53
5305.48
5305.48
810.72
810.72
1497.45
1497.45
59.19
59.19
198.67
198.67
264.89
264.89
2959.12
2959.12
4844.80
4844.80
4327.92
4327.92
20.34
20.34
858.89
858.89
24.47
24.47
2997.75
2997.75
3070.29
3070.29
2157.84
2157.84
712.60
712.60
5483.14
5483.14
4687.41
4687.41
805.88
805.88
144.87
144.87
752.38
752.38
32.11
32.11
2620.99
2620.99
1226.25
1226.25
3419.58
3419.58
515.75
515.75
2344.89
2344.89
2419.72
2419.72
3848.22
3848.22
3327.47
3327.47
1500.97
1500.97
180.59
180.59
3277.53
3277.53
20.82
20.82
3501.73
3501.73
3532.33
3532.33
3918.01
3918.01
3642.73
3642.73
3101.25
3101.25
1003.44
1003.44
4116.62
4116.62
3876.26
3876.26
4228.20
4228.20
4162.12
4162.12
3595.16
3595.16
4300.13
4300.13
3447.74
3447.74
4181.64
4181.64
3831.42
3831.42
828.03
828.03
1621.23
1621.23
4120.95
4120.95
4086.35
4086.35
38.98
38.98
3437.02
3437.02
283.47
283.47
4146.41
4146.41
3390.68
3390.68
1555.69
1555.69
3231.22
3231.22
2360.42
2360.42
4566.19
4566.19
5000.52
5000.52
30.76
30.76
4433.52
4433.52
326.01
326.01
751.74
751.74
751.74
751.74
751.74
751.74
437.42
437.42
2954.76
2954.76
2855.20
2855.20
1589.09
1589.09
2895.83
2895.83
3698.97
3698.97
684.13
684.13
3962.83
3962.83
2340.49
2340.49
3478.56
3478.56
4031.53
4031.53
4375.62
4375.62
4339.58
4339.58
3569.36
3569.36
1133.21
1133.21
4556.21
4556.21
4734.40
4734.40
4647.60
4647.60
4302.92
4302.92
2677.51
2677.51
5661.07
5661.07
4659.03
4659.03
628.24
628.24
5627.60
5627.60
4654.25
4654.25
139.32
139.32
3657.62
3657.62
70.82
70.82
5044.66
5044.66
3676.01
3676.01
624.89
624.89
5209.54
5209.54
490.83
490.83
767.87
767.87
4599.66
4599.66
835.33
835.33
1618.98
1618.98
83.79
83.79
383.91
383.91
1088.07
1088.07
1797.80
1797.80
998.73
998.73
3703.55
3703.55
3012.08
3012.08
574.98
574.98
1891.48
1891.48
71.16
71.16
786.42
786.42
160.40
160.40
664.29
664.29
664.29
701.25
2655.62
2655.62
2655.62
3572.27
4158.14
4158.14
4667.37
4667.37
4667.37
3866.02
3866.02
504.01
504.01
4564.53
4564.53
3188.92
3188.92
4039.26
4039.26
1218.44
1218.44
1790.34
1790.34
104.35
104.35
1854.27
1854.27
761.84
761.84
1559.33
1559.33
3577.14
3577.14
2915.21
2915.21
2192.14
2192.14
716.02
716.02
2712.84
2712.84
1624.80
1624.80
140.43
140.43
2994.09
2994.09
145.05
145.05
1439.34
1439.34
710.22
710.22
76.88
76.88
2831.28
2831.28
1368.54
1368.54
1360.09
1360.09
3176.94
3176.94
1190.59
1190.59
800.82
800.82
1705.59
1705.59
4076.07
4076.07
4490.06
4490.06
51.56
51.56
1005.58
1005.58
1418.05
1418.05
21.82
21.82
3090.86
3090.86
112.70
112.70
151.53
151.53
84.92
84.92
765.11
765.11
241.13
241.13
275.75
275.75
25.79
25.79
64.33
64.33
1470.78
1470.78
1665.92
1665.92
83.61
83.61
4363.06
4363.06
620.01
620.01
17.41
17.41
1695.98
1695.98
24.94
24.94
56.13
56.13
2046.90
2046.90
534.81
534.81
164.76
164.76
3438.78
3438.78
4250.76
4250.76
4071.89
4071.89
3893.06
3893.06
2959.56
2959.56
22.99
22.99
3065.88
3065.88
5373.05
5373.05
2358.46
2358.46
5116.72
5116.72
21.61
21.61
645.42
645.42
841.11
841.11
54.45
54.45
5243.43
5243.43
74.36
74.36
3967.83
3967.83
27.92
27.92
4137.64
4137.64
811.51
811.51
4067.21
4067.21
4272.99
4272.99
3255.19
3255.19
2630.02
2630.02
1490.20
1490.20
595.87
595.87
1354.70
1354.70
2775.15
2775.15
41.33
41.33
5449.17
5449.17
1634.19
1634.19
3075.30
3075.30
2388.38
2388.38
2330.07
2330.07
18.07
18.07
12.23
12.23
51.17
51.17
4226.81
4226.81
4061.30
4061.30
2060.92
2060.92
315.34
315.34
1662.22
1662.22
820.59
820.59
1373.76
1373.76
4250.29
4250.29
4228.93
4228.93
1389.16
1389.16
72.81
72.81
802.34
802.34
3761.96
3761.96
3188.40
3188.40
2128.73
2128.73
91.01
91.01
84.45
84.45
3896.23
3896.23
725.73
725.73
2465.19
2465.19
1773.17
1773.17
18.40
18.40
242.42
242.42
739.78
739.78
4863.70
4863.70
4308.18
4308.18
772.17
772.17
653.31
653.31
34.06
34.06
307.67
307.67
875.86
875.86
2037.78
2037.78
71.08
71.08
5143.89
5143.89
338.54
338.54
1365.89
1365.89
5520.10
5520.10
6062.85
6062.85
6290.14
6290.14
5473.91
5473.91
1074.53
1074.53
4382.43
4382.43
820.82
820.82
5051.68
5051.68
54.25
54.25
1935.58
1935.58
1841.90
1841.90
2075.09
2075.09
518.12
518.12
733.75
733.75
810.48
810.48
199.86
199.86
187.54
187.54
1096.47
1096.47
674.47
674.47
302.82
302.82
1749.79
1749.79
3140.07
3140.07
1677.51
1677.51
24.84
24.84
3156.57
3156.57
802.81
802.81
1161.30
1161.30
4348.09
4348.09
1296.11
1296.11
2521.75
2521.75
2991.84
2991.84
1971.41
1971.41
137.18
137.18
10.00
10.00
1005.18
1005.18
28.23
28.23
2367.78
2367.78
773.81
773.81
2314.85
2314.85
43.47
43.47
3288.59
3288.59
3940.62
3940.62
841.79
841.79
1930.46
1930.46
1210.28
1210.28
4097.05
4097.05
432.18
432.18
2398.24
2398.24
3066.88
3066.88
798.18
798.18
2654.07
2654.07
1212.85
1212.85
1073.51
1073.51
137.28
137.28
2356.91
2356.91
602.95
602.95
1458.25
1458.25
326.87
326.87
4651.35
4651.35
27.48
27.48
10.84
10.84
820.06
820.06
2750.06
2750.06
78.91
78.91
809.01
809.01
133.73
133.73
804.20
804.20
1598.41
1598.41
15.85
15.85
5884.18
5884.18
33.74
33.74
4286.71
4286.71
1378.58
1378.58
1153.12
1153.12
4392.39
4392.39
1670.15
1670.15
1619.60
1619.60
5723.10
5723.10
6573.92
6573.92
4156.74
4156.74
5224.96
5224.96
6050.27
6050.27
1645.73
1645.73
3637.82
3637.82
2546.32
2546.32
23.21
23.21
232.42
232.42
10.00
10.00
3165.51
3165.51
2385.52
2385.52
5603.80
5603.80
2390.66
2390.66
3417.56
3417.56
73.35
73.35
1417.46
1417.46
3982.22
3982.22
6159.14
6159.14
55.12
55.12
4281.86
4281.86
2434.68
2434.68
2006.56
2006.56
37.99
37.99
868.43
868.43
3352.02
3352.02
19.46
19.46
5076.90
5076.90
4146.79
4146.79
4146.79
4146.79
6355.61
6355.61
5579.28
5579.28
3566.76
3566.76
837.72
837.72
34.37
34.37
4071.90
4071.90
4150.40
4150.40
5817.18
5817.18
7174.45
7174.45
5121.85
5121.85
3374.67
3374.67
6766.88
6766.88
6746.38
6746.38
4892.00
4892.00
5454.05
5454.05
2334.05
2334.05
7108.56
7108.56
6035.11
6035.11
6214.38
6214.38
6214.38
6214.38
6214.38
6214.38
6214.38
6214.38
6214.38
6214.38
792.53
792.53
4968.50
4968.50
4365.34
4365.34
4571.14
4571.14
4458.39
4458.39
4458.39
4458.39
4523.45
4523.45
4345.98
4345.98
4345.98
4345.98
4345.98
4345.98
2775.15
2775.15
2775.15
2775.15
2775.15
2775.15
3081.10
3081.10
766.88
766.88
3767.81
3767.81
4272.60
4272.60
569.00
569.00
5425.39
5425.39
832.93
832.93
29.74
29.74
71.67
71.67
4291.51
4291.51
1982.30
1982.30
2049.15
2049.15
1342.75
1342.75
5637.52
5637.52
3291.66
3291.66
3291.66
3291.66
2297.82
2297.82
1815.19
1815.19
1024.13
1024.13
662.88
662.88
2153.80
2153.80
485.00
485.00
4664.06
4664.06
4623.51
4623.51
4124.01
4124.01
4409.35
4409.35
3850.41
3850.41
3850.41
3850.41
4654.58
4654.58
4654.58
4654.58
4566.06
4566.06
3715.97
3715.97
4365.78
4365.78
47.15
47.15
2874.24
2874.24
11.45
11.45
384.15
384.15
804.65
804.65
3914.70
3914.70
110.26
110.26
2519.93
2519.93
41.08
41.08
1978.24
1978.24
1978.24
1978.24
58.45
58.45
2838.58
2838.58
3153.13
3153.13
764.51
764.51
2450.11
2450.11
25.55
25.55
10.00
10.00
255.74
255.74
178.61
178.61
3696.55
3696.55
3282.10
3282.10
38.19
38.19
4115.83
4115.83
31.12
31.12
3103.99
3103.99
812.27
812.27
86.69
86.69
805.49
805.49
1026.47
1026.47
1937.71
1937.71
928.74
928.74
100.99
100.99
1886.89
1886.89
2513.90
2513.90
4716.42
4716.42
4218.51
4218.51
1939.86
1939.86
1568.37
1568.37
636.79
636.79
34.91
34.91
179.33
179.33
2836.55
2836.55
98.63
98.63
177.36
177.36
10.66
10.66
1392.09
1392.09
13.06
13.06
322.71
322.71
2428.30
2428.30
619.44
619.44
323.12
323.12
743.00
743.00
4344.39
4344.39
5642.27
5642.27
2774.78
2774.78
6192.56
6192.56
3903.01
3903.01
5478.27
5478.27
236.49
236.49
31.48
31.48
21.20
21.20
193.99
193.99
4289.20
4289.20
5290.87
5290.87
5536.83
5536.83
2976.00
2976.00
3383.54
3383.54
5149.68
5149.68
4891.57
4891.57
4607.62
4607.62
845.52
845.52
4891.70
4891.70
1340.65
1340.65
692.50
692.50
2596.65
2596.65
4820.51
4820.51
5799.54
5799.54
4021.69
4021.69
5342.37
5342.37
3061.27
3061.27
4770.17
4770.17
3764.60
3764.60
528.64
528.64
3651.08
3651.08
772.06
772.06
4856.52
4856.52
1369.43
1369.43
4122.44
4122.44
4777.96
4777.96
4333.65
4333.65
4233.32
4233.32
2119.55
2119.55
4108.21
4108.21
4111.76
4111.76
3240.01
3240.01
227.49
227.49
418.99
418.99
3213.34
3213.34
395.60
395.60
4356.12
4356.12
4800.22
4800.22
2858.87
2858.87
28.03
28.03
3234.93
3234.93
4155.58
4155.58
872.48
872.48
768.60
768.60
1890.22
1890.22
1986.14
1986.14
4758.20
4758.20
4414.94
4414.94
878.03
878.03
2036.86
2036.86
5586.92
5586.92
823.03
823.03
17.75
17.75
3716.00
3716.00
861.27
861.27
13.24
13.24
367.30
367.30
120.13
120.13
955.53
955.53
2301.84
2301.84
2739.47
2739.47
4722.16
4722.16
37.15
37.15
110.65
110.65
3827.10
3827.10
2585.38
2585.38
377.23
377.23
840.00
840.00
3299.03
3299.03
1439.77
1439.77
5609.51
5609.51
16.80
16.80
38.58
38.58
4024.47
4024.47
2127.04
2127.04
25.04
25.04
161.28
161.28
16.07
16.07
27.24
27.24
687.17
687.17
4058.15
4058.15
448.05
448.05
4085.52
4085.52
5523.91
5523.91
5076.95
5076.95
4522.46
4522.46
4420.30
4420.30
4546.26
4546.26
961.90
961.90
825.01
825.01
631.83
631.83
825.23
825.23
209.61
209.61
74.77
74.77
3068.39
3068.39
2043.33
2043.33
2043.33
789.72
2709.58
2709.58
160.01
160.01
1265.03
1265.03
1856.38
1856.38
15.01
15.01
74.39
74.39
25.01
25.01
2368.03
2368.03
958.11
958.11
4929.14
4929.14
4814.94
4814.94
1206.86
1206.86
36.30
36.30
820.32
820.32
2354.92
2354.92
631.18
631.18
2990.81
2990.81
4201.89
4201.89
1880.85
1880.85
37.03
37.03
4321.88
4321.88
4633.03
4633.03
3557.50
3557.50
3795.74
3795.74
39.39
39.39
92.65
92.65
70.97
70.97
160.54
160.54
1537.95
1537.95
3094.78
3094.78
1481.41
1481.41
10.45
10.45
4717.58
4717.58
4717.58
18.16
18.16
483.52
483.52
767.13
767.13
36.49
2115.76
2115.76
2115.76
407.09
407.09
1529.75
1529.75
806.48
806.48
80.44
80.44
488.39
488.39
79.68
79.68
5347.40
5347.40
17.78
17.78
1301.99
1301.99
806.76
806.76
33.66
33.66
49.62
49.62
3044.44
3044.44
26.03
26.03
2890.68
2890.68
10.00
10.00
2471.44
2471.44
4075.18
4075.18
4075.18
4075.18
4381.70
4381.70
5142.21
5142.21
4302.82
4302.82
10.00
814.12
814.12
814.12
4870.76
4870.76
1271.13
1271.13
745.51
745.51
4322.33
4322.33
837.64
837.64
5624.68
5624.68
2114.53
2114.53
17.76
17.76
20.20
20.20
4681.31
4681.31
4593.23
3813.61
3813.61
3813.61
4302.48
4302.48
4256.94
4256.94
733.04
733.04
2660.97
2660.97
747.30
747.30
19.55
19.55
3526.33
3526.33
3526.33
3526.33
691.57
691.57
1716.15
1716.15
2410.91
2410.91
3444.98
3444.98
4276.52
4276.52
11.28
11.28
4233.69
4233.69
4233.72
4233.72
4393.57
4393.57
3995.30
3995.30
3995.30
3995.30
35.40
35.40
4176.91
4176.91
3861.32
3861.32
89.23
89.23
782.75
782.75
16.56
16.56
60.77
60.77
1883.69
1883.69
1928.98
1928.98
787.83
787.83
45.96
45.96
4423.62
4423.62
18.00
18.00
3895.57
3895.57
3895.57
3895.57
3895.57
3895.57
38.01
38.01
3856.53
3856.53
3671.12
3671.12
2192.86
2192.86
2244.58
2244.58
750.21
750.21
1879.51
1879.51
1075.42
1075.42
1323.49
1323.49
357.33
357.33
1681.40
1681.40
3089.56
3089.56
13.52
13.52
2026.55
2026.55
1004.85
1004.85
1839.06
1839.06
4529.24
4529.24
727.62
727.62
1990.22
1990.22
3734.61
3734.61
1311.74
1311.74
4213.23
4213.23
3780.30
3780.30
4713.26
4713.26
2227.66
2227.66
261.77
261.77
1826.51
1826.51
3801.10
3801.10
894.90
894.90
1729.24
1729.24
4228.73
4228.73
2601.67
2601.67
69.69
69.69
1467.40
1467.40
5458.83
5458.83
975.21
975.21
5343.39
5343.39
5115.30
5115.30
1818.19
1818.19
771.08
771.08
4559.68
4559.68
4285.55
4285.55
2427.67
2427.67
182.21
182.21
100.07
100.07
11.80
11.80
5299.00
5299.00
5159.65
5159.65
2962.77
2962.77
3452.71
3452.71
38.79
38.79
15.57
15.57
47.36
47.36
760.41
760.41
214.80
214.80
4666.77
4666.77
2299.88
2299.88
1132.78
1132.78
39.46
39.46
2178.92
2178.92
2575.69
2575.69
1932.38
1932.38
631.39
631.39
4201.06
4201.06
81.43
81.43
736.39
736.39
4117.30
4117.30
4117.30
4117.30
4117.30
4117.30
4079.51
4079.51
3744.90
3744.90
2166.12
2166.12
2332.22
2332.22
194.06
194.06
4481.12
4481.12
475.38
475.38
34.11
34.11
823.69
823.69
174.74
174.74
349.06
349.06
739.17
739.17
2506.82
2506.82
3656.69
3656.69
1691.86
1691.86
866.64
866.64
5595.12
5595.12
4440.21
4440.21
17.85
17.85
1039.40
1039.40
875.65
875.65
384.35
384.35
49.68
49.68
494.13
494.13
181.38
181.38
765.91
765.91
611.42
611.42
799.27
799.27
1944.46
1944.46
2066.94
2066.94
3085.30
3085.30
11.38
11.38
2144.64
2144.64
602.80
602.80
100.78
100.78
5471.39
5471.39
3544.40
3544.40
4946.63
4946.63
54.43
54.43
1242.55
1242.55
29.30
29.30
4637.34
4637.34
5097.04
5097.04
1267.41
1267.41
800.97
800.97
3498.33
3498.33
5276.34
5276.34
1673.96
1673.96
1882.97
1882.97
1129.84
1129.84
1254.41
1254.41
4847.11
4847.11
2944.50
2944.50
5224.24
5224.24
5369.35
5369.35
5672.52
5672.52
4147.43
4147.43
645.78
645.78
4608.71
4608.71
1698.82
1698.82
16.44
16.44
4190.83
4190.83
4707.36
4707.36
784.45
784.45
1708.58
1708.58
4294.23
4294.23
16.77
16.77
2765.18
2765.18
790.93
790.93
362.30
362.30
16.05
16.05
2491.13
2491.13
3253.43
3253.43
3554.32
3554.32
4237.40
4237.40
1988.70
1988.70
5226.27
5226.27
4152.43
4152.43
658.01
658.01
4993.22
4993.22
920.02
920.02
3733.51
3733.51
4597.89
4597.89
2474.79
2474.79
4424.24
4424.24
4424.24
4424.24
4424.24
4424.24
4682.21
4682.21
4328.11
4328.11
4041.23
4041.23
4242.38
4242.38
521.87
521.87
799.40
799.40
4154.93
4154.93
3435.63
3435.63
462.41
462.41
71.42
71.42
765.24
765.24
2007.97
2007.97
3824.93
3824.93
1506.13
1506.13
3425.61
3425.61
3696.17
3696.17
1601.26
1601.26
4655.90
4655.90
2165.16
2165.16
2576.47
2576.47
29.43
29.43
2338.98
2338.98
11.45
11.45
40.40
40.40
748.33
748.33
978.41
978.41
2069.92
2069.92
2584.30
2584.30
3606.10
3606.10
4405.85
4405.85
2059.68
2059.68
4689.28
4689.28
2839.51
2839.51
4375.09
4375.09
38.90
38.90
2665.66
2665.66
38.90
38.90
64.32
64.32
44.88
44.88
51.24
51.24
3222.04
3222.04
25.05
25.05
3729.55
3729.55
793.47
793.47
1191.43
1191.43
1191.43
1191.43
1543.34
1543.34
2776.12
2776.12
4261.58
4261.58
1379.25
1379.25
5141.26
5141.26
20.88
20.88
5095.77
5095.77
38.84
38.84
4896.86
4896.86
3919.11
3919.11
4693.59
4693.59
4410.85
4410.85
18.03
18.03
3284.92
3284.92
1635.94
1635.94
2781.63
2781.63
344.88
344.88
20.98
20.98
68.67
68.67
2407.29
2407.29
10.49
10.49
27.47
27.47
2315.74
2315.74
22.50
22.50
14.92
14.92
1451.95
1451.95
26.43
26.43
1646.18
1646.18
60.75
60.75
1321.61
1321.61
2074.01
2074.01
778.02
778.02
616.20
616.20
1822.40
1822.40
3493.14
3493.14
4380.10
4380.10
3686.23
3686.23
4092.65
4092.65
70.80
70.80
70.80
28.11
53.19
53.19
520.67
520.67
22.52
22.52
833.46
833.46
21.24
21.24
3795.23
3795.23
48.94
48.94
50.45
50.45
3092.44
3092.44
25.66
25.66
1329.55
1329.55
161.34
161.34
1755.20
1755.20
3143.96
3143.96
2199.83
2199.83
811.02
811.02
374.90
374.90
810.40
810.40
30.94
30.94
55.60
55.60
5144.95
5144.95
2265.88
2265.88
2745.35
2745.35
1809.15
1809.15
806.93
806.93
4750.77
4750.77
5467.95
5467.95
5194.60
5194.60
4831.92
4831.92
761.06
761.06
25.32
25.32
360.56
360.56
1243.92
1243.92
2266.81
2266.81
12.27
12.27
2019.65
2019.65
11.07
11.07
216.14
216.14
126.74
126.74
2556.67
2556.67
4069.63
4069.63
4430.38
4430.38
723.28
723.28
4145.55
4145.55
4713.87
4713.87
923.37
923.37
757.37
757.37
920.71
920.71
1062.76
1062.76
4072.36
4072.36
3892.80
3892.80
1721.17
1721.17
1960.08
1960.08
12.73
12.73
2742.29
2742.29
2290.08
2290.08
15.60
15.60
1690.03
1690.03
1439.53
1439.53
4301.25
4301.25
13.08
13.08
10.00
10.00
368.53
368.53
27.19
27.19
228.93
228.93
4260.87
4260.87
2725.38
2725.38
4173.97
4173.97
628.96
628.96
237.31
237.31
12.76
12.76
2342.54
2342.54
2796.35
2796.35
1347.31
1347.31
1585.49
1585.49
1031.84
1031.84
2247.46
2247.46
2598.21
2598.21
3862.49
3862.49
4865.78
4865.78
79.27
79.27
2367.60
2367.60
754.41
754.41
24.76
24.76
1049.50
1049.50
5214.34
5214.34
4121.74
4121.74
4133.96
4133.96
4709.73
4709.73
1061.57
1061.57
1625.68
1625.68
3235.02
3235.02
23.54
23.54
1693.28
1693.28
3542.10
3542.10
2139.14
2139.14
1053.52
1053.52
51.43
51.43
4394.47
4394.47
941.39
941.39
319.53
319.53
713.50
713.50
1798.73
1798.73
2557.29
2557.29
1032.83
1032.83
2912.25
2912.25
10.00
10.00
167.18
167.18
700.89
700.89
676.32
676.32
631.59
631.59
74.83
74.83
1311.39
1311.39
1677.58
1677.58
2693.85
2693.85
1597.11
1597.11
3025.03
3025.03
1888.23
1888.23
1515.06
1515.06
1306.08
1306.08
1560.87
1560.87
3081.77
3081.77
3744.95
3744.95
3502.11
3502.11
518.68
518.68
3818.57
3818.57
3364.97
3364.97
1835.20
1835.20
1312.27
1312.27
4493.55
4493.55
5357.70
5357.70
355.00
355.00
5821.21
5821.21
5821.21
5821.21
454.51
454.51
5282.82
5282.82
866.97
866.97
762.46
762.46
4256.18
4256.18
201.30
201.30
16.66
16.66
4507.77
4507.77
3960.32
3960.32
910.09
910.09
5516.64
5516.64
24.58
24.58
89.93
89.93
686.57
686.57
172.31
172.31
24.31
24.31
263.10
263.10
541.83
541.83
18.13
18.13
343.25
343.25
1928.45
1928.45
1644.61
1644.61
817.31
817.31
4083.94
4083.94
1189.58
1189.58
67.67
67.67
742.23
742.23
40.31
40.31
1217.57
1217.57
4138.15
4138.15
215.87
215.87
2023.69
2023.69
1823.37
1823.37
81.98
81.98
82.34
82.34
3661.84
3661.84
20.53
20.53
984.80
984.80
1937.17
1937.17
12.64
12.64
4513.05
4513.05
748.11
748.11
4187.68
4187.68
2191.87
2191.87
41.80
41.80
41.80
34.78
13.94
13.94
3383.00
3383.00
3383.00
3931.33
3931.33
5179.81
5179.81
5182.96
5182.96
1457.73
1457.73
1408.54
1408.54
5302.90
5302.90
18.14
18.14
10.74
10.74
218.56
218.56
3407.27
3407.27
4122.84
4122.84
24.37
24.37
1114.24
1114.24
177.89
177.89
5137.20
5137.20
5223.41
5223.41
5036.83
5036.83
2372.92
2372.92
3252.08
3252.08
124.26
124.26
1200.98
1200.98
1621.09
1621.09
884.43
884.43
117.10
117.10
115.72
115.72
17.77
17.77
264.41
264.41
828.03
828.03
21.24
21.24
4123.01
4123.01
2609.80
2609.80
4270.94
4270.94
16.81
16.81
295.06
295.06
49.93
49.93
253.21
253.21
949.28
949.28
1196.38
1196.38
6469.68
6469.68
898.37
898.37
348.62
348.62
63.63
63.63
2898.20
2898.20
86.92
86.92
855.62
855.62
129.79
129.79
770.13
770.13
4858.83
4858.83
3230.16
3230.16
2564.27
2564.27
5642.44
5642.44
1847.89
1847.89
717.53
717.53
999.08
999.08
107.02
107.02
27.16
27.16
914.19
914.19
26.49
26.49
42.06
42.06
4307.68
4307.68
4307.68
4307.68
4307.68
4307.68
4307.68
4307.68
42.74
42.74
2588.18
2588.18
3591.58
3591.58
4271.62
4271.62
4215.30
4215.30
769.31
769.31
2431.92
2431.92
778.10
778.10
168.82
168.82
199.24
199.24
47.56
47.56
2039.05
2039.05
24.84
24.84
3735.51
3735.51
4082.04
4082.04
943.60
943.60
2660.06
2660.06
3937.58
3937.58
4222.47
4222.47
711.99
711.99
2172.49
2172.49
4052.68
4052.68
4052.68
4052.68
4188.60
4188.60
4052.85
4052.85
3837.87
3837.87
4236.51
4236.51
4708.50
4708.50
4503.57
4503.57
3766.19
3766.19
4687.06
4687.06
4611.91
4611.91
4589.54
4589.54
4485.80
4485.80
3743.31
3743.31
4074.16
4074.16
4331.80
4331.80
4755.55
4755.55
4755.55
4755.55
4589.42
4589.42
4062.87
4062.87
930.44
930.44
4334.97
4334.97
2194.86
2194.86
4165.10
4165.10
4011.46
4011.46
4244.80
4244.80
4324.89
4324.89
3719.54
3719.54
3788.74
3788.74
28.83
28.83
4257.36
4257.36
3780.95
3780.95
4693.90
4693.90
3942.30
3942.30
4382.99
4382.99
4382.99
4382.99
4382.99
4382.99
617.31
617.31
2217.78
2217.78
4104.27
4104.27
4523.65
4523.65
4865.10
4865.10
4871.74
4871.74
5025.26
5025.26
86.65
86.65
3718.40
3718.40
5314.05
5314.05
5403.73
5403.73
4714.35
4714.35
890.04
890.04
4318.96
4318.96
4956.49
4956.49
6193.23
6193.23
6193.23
6193.23
640.14
640.14
1006.21
1006.21
1060.97
1060.97
30.02
30.02
824.41
824.41
1225.60
1225.60
2538.92
2538.92
67.12
67.12
4311.99
4311.99
796.81
796.81
1603.58
1603.58
2800.58
2800.58
4007.12
4007.12
3532.18
3532.18
4759.51
4759.51
5235.75
5235.75
826.06
826.06
4022.89
4022.89
4267.11
4267.11
4405.77
4405.77
865.64
865.64
1116.03
1116.03
73.91
73.91
1270.32
1270.32
4854.61
4854.61
3843.14
3843.14
4298.62
4298.62
3097.71
3097.71
4395.84
4395.84
3054.10
3054.10
4068.34
4068.34
1936.49
1936.49
4271.15
4271.15
3275.95
3275.95
1797.59
1797.59
3803.33
3803.33
470.96
470.96
4800.96
4800.96
5028.57
5028.57
1639.22
1639.22
837.57
837.57
210.40
210.40
1916.57
1916.57
3475.19
3475.19
62.22
62.22
5139.56
5139.56
2562.58
2562.58
800.88
800.88
5192.02
5192.02
33.69
33.69
485.77
485.77
1371.57
1371.57
4304.07
4304.07
2282.38
2282.38
79.31
79.31
4771.48
4771.48
78.72
78.72
4955.02
4955.02
2366.05
2366.05
38.42
38.42
1327.32
1327.32
2463.67
2463.67
28.48
28.48
1881.00
1881.00
801.72
801.72
79.82
79.82
765.03
765.03
50.53
50.53
1017.38
1017.38
813.13
813.13
986.65
986.65
809.26
809.26
48.24
48.24
4470.42
4470.42
26.99
26.99
5480.75
5480.75
813.65
813.65
1569.49
1569.49
4756.93
4756.93
25.07
25.07
243.47
243.47
832.88
832.88
2837.61
2837.61
625.80
625.80
696.31
696.31
1550.57
1550.57
1277.91
1277.91
1094.26
1094.26
12.97
12.97
725.57
725.57
22.83
22.83
851.93
851.93
91.17
91.17
800.76
800.76
15.49
15.49
818.53
818.53
622.97
622.97
4404.22
4404.22
4799.53
4799.53
1097.54
1097.54
745.10
745.10
12.29
12.29
54.56
54.56
23.72
23.72
1275.81
1275.81
2617.93
2617.93
1090.24
1090.24
810.66
810.66
25.20
25.20
1138.75
1138.75
56.01
56.01
3323.67
3323.67
3323.67
3323.67
10.57
10.57
4451.36
4451.36
829.77
829.77
24.28
24.28
39.20
39.20
65.43
65.43
3235.12
3235.12
21.89
21.89
33.19
33.19
4134.42
4134.42
882.73
882.73
3270.06
3270.06
1539.96
1539.96
46.05
46.05
2397.65
2397.65
1201.25
1201.25
1423.82
1423.82
42.02
42.02
807.22
807.22
3925.94
3925.94
5879.93
5879.93
16.86
16.86
1438.13
1438.13
803.24
803.24
5007.84
5007.84
5005.41
5005.41
4890.88
4890.88
290.57
290.57
827.41
827.41
1820.10
1820.10
45.22
45.22
3158.81
3158.81
3428.86
3428.86
4000.37
4000.37
3623.01
3623.01
25.39
25.39
25.79
25.79
4175.48
4175.48
3617.74
3617.74
417.13
417.13
811.81
811.81
33.04
33.04
25.52
25.52
1764.89
1764.89
979.05
979.05
15.41
15.41
101.93
101.93
849.22
849.22
45.58
45.58
3516.20
3516.20
5664.95
5664.95
1241.37
1241.37
40.61
40.61
616.51
616.51
10.10
10.10
466.96
466.96
695.64
695.64
52.36
52.36
11.31
11.31
34.39
34.39
315.93
315.93
3926.20
3926.20
2443.61
2443.61
452.78
452.78
29.81
29.81
66.04
66.04
3705.19
3705.19
3419.45
3419.45
52.06
52.06
51.76
51.76
2095.22
2095.22
65.84
65.84
14.94
14.94
275.11
275.11
3494.23
3494.23
4373.49
4373.49
13.38
13.38
33.57
33.57
27.35
27.35
3885.57
3885.57
2877.77
2877.77
4576.91
4576.91
102.27
102.27
4044.80
4044.80
4834.72
4834.72
2468.70
2468.70
5888.30
5888.30
104.72
104.72
2872.34
2872.34
1619.43
1619.43
879.32
879.32
4565.97
4565.97
3590.18
3590.18
2525.51
2525.51
1242.66
1242.66
920.98
920.98
62.67
62.67
375.50
375.50
41.97
41.97
1684.78
1684.78
1601.92
1601.92
2534.00
2534.00
1820.13
1820.13
113.61
113.61
815.97
815.97
58.68
58.68
10.00
10.00
48.44
48.44
285.69
285.69
2839.68
2839.68
2279.32
2279.32
2948.21
2948.21
2354.45
2354.45
12.06
12.06
12.53
12.53
1891.24
1891.24
2657.23
2657.23
1619.48
1619.48
73.30
73.30
1754.34
1754.34
3480.76
3480.76
1423.37
1423.37
983.75
983.75
63.50
63.50
36.16
36.16
1569.25
1569.25
1509.13
1509.13
16.89
16.89
930.16
930.16
11.72
11.72
113.45
113.45
2004.45
2004.45
860.03
860.03
1674.94
1674.94
3120.66
3120.66
3727.43
3727.43
762.79
762.79
1989.71
1989.71
1417.10
1417.10
3842.22
3842.22
3985.63
3985.63
11.73
11.73
3565.80
3565.80
2743.45
2743.45
1481.68
1481.68
3753.06
3753.06
1485.30
1485.30
4670.04
4670.04
815.75
815.75
4005.79
4005.79
691.07
691.07
26.94
26.94
4701.80
4701.80
4408.62
4408.62
2822.43
2822.43
4739.36
4739.36
1186.82
1186.82
3525.93
3525.93
2189.82
2189.82
4304.59
4304.59
4086.44
4086.44
4086.44
4086.44
4086.44
4086.44
4086.44
4086.44
3780.15
3780.15
4168.98
4168.98
1742.12
1742.12
3043.86
3043.86
3852.05
3852.05
4571.92
4571.92
3519.37
3519.37
4360.91
4360.91
3804.95
3804.95
3604.73
3604.73
4146.25
4146.25
3707.05
3707.05
1491.84
1491.84
18.05
18.05
766.76
766.76
3451.03
3451.03
1984.03
1984.03
3859.86
3859.86
4743.51
4743.51
544.62
544.62
4697.34
4697.34
45.00
45.00
4792.53
4792.53
2314.56
2314.56
56.79
56.79
4075.04
4075.04
1377.10
1377.10
2164.64
2164.64
3755.53
3755.53
2884.96
2884.96
10.60
10.60
1998.20
1998.20
29.65
29.65
97.41
97.41
804.34
804.34
2710.47
2710.47
47.35
47.35
114.84
114.84
1028.41
1028.41
3784.62
3784.62
3671.82
3671.82
1393.14
1393.14
49.45
49.45
33.83
33.83
217.08
217.08
118.35
118.35
39.37
39.37
3563.66
3563.66
50.10
50.10
719.27
719.27
10.00
10.00
11.67
11.67
4202.29
4202.29
751.18
751.18
43.36
43.36
16.79
16.79
70.28
70.28
82.69
82.69
961.64
961.64
207.25
207.25
181.18
181.18
19.35
19.35
1025.43
1025.43
2626.14
2626.14
1463.66
1463.66
885.42
885.42
1302.42
1302.42
976.31
976.31
3246.73
3246.73
212.93
212.93
1695.72
1695.72
87.60
87.60
1888.94
1888.94
54.59
54.59
1371.14
1371.14
15.52
15.52
1002.37
1002.37
1051.40
1051.40
35.72
35.72
3297.67
3297.67
4590.52
4590.52
1386.84
1386.84
2429.79
2429.79
2429.79
1484.48
4576.04
4576.04
4576.04
1188.13
1188.13
39.20
39.20
716.70
716.70
38.17
38.17
1148.08
1148.08
251.96
251.96
3678.65
3678.65
4031.03
4031.03
2740.91
2740.91
3471.22
3471.22
3019.05
2840.07
2840.07
2840.07
2432.43
2432.43
3386.79
3386.79
645.54
645.54
1401.50
1401.50
3091.94
3091.94
71.12
71.12
65.74
65.74
1008.80
1008.80
2942.68
2942.68
2473.05
2473.05
431.25
1777.71
1777.71
1777.71
2944.48
2944.48
154.00
154.00
13.37
13.37
63.67
63.67
699.70
699.70
64.54
64.54
695.34
695.34
2773.64
2773.64
461.04
461.04
1311.41
1311.41
621.87
823.01
823.01
823.01
304.38
304.38
2853.74
2853.74
543.66
543.66
19.10
19.10
499.43
499.43
37.76
37.76
5237.18
5237.18
15.29
15.29
33.36
33.36
37.03
37.03
4118.23
4118.23
37.31
37.31
3080.10
3080.10
42.56
42.56
88.67
88.67
23.18
23.18
757.47
757.47
3546.55
3546.55
3516.79
3516.79
2327.46
2327.46
2377.04
2377.04
1993.67
1993.67
1321.44
1321.44
4082.72
4082.72
216.47
216.47
59.81
59.81
1075.99
1075.99
61.58
61.58
786.11
786.11
867.07
867.07
2254.22
2254.22
2911.46
2911.46
133.29
133.29
762.45
762.45
4371.85
4371.85
4479.98
4479.98
4731.02
4731.02
48.58
48.58
33.61
33.61
209.51
209.51
61.45
61.45
5298.70
5298.70
1362.98
1362.98
315.13
315.13
2555.43
2555.43
797.85
797.85
372.13
372.13
794.37
794.37
385.63
385.63
142.24
142.24
2731.35
2731.35
2993.46
2993.46
765.95
765.95
1040.54
1040.54
599.98
599.98
1658.59
1658.59
14.89
14.89
906.98
906.98
757.33
757.33
37.32
37.32
1391.04
1391.04
23.76
23.76
17.89
17.89
458.92
458.92
1457.16
1457.16
10.20
10.20
56.37
56.37
1068.40
1068.40
342.46
342.46
815.91
815.91
2165.35
2165.35
798.27
798.27
2379.46
2379.46
4287.93
4287.93
25.55
25.55
3880.27
3880.27
805.92
805.92
2813.65
2813.65
82.78
82.78
4045.89
4045.89
4102.39
4102.39
720.21
720.21
202.26
202.26
789.31
789.31
2609.31
2609.31
1501.07
1501.07
163.59
163.59
3612.82
3612.82
23.88
23.88
1614.92
1614.92
3573.45
3573.45
1865.32
1865.32
291.35
291.35
1310.42
1310.42
30.45
30.45
812.88
812.88
45.57
45.57
49.47
49.47
3006.78
3006.78
99.10
99.10
3876.67
3876.67
2418.71
2418.71
3587.44
3587.44
2142.54
2142.54
547.92
547.92
772.38
772.38
3105.02
3105.02
3216.79
3216.79
69.31
69.31
1406.76
1406.76
3452.80
3452.80
352.80
352.80
761.79
761.79
260.50
260.50
121.36
121.36
2954.01
2954.01
33.28
33.28
15.27
15.27
3238.59
3238.59
3377.18
3377.18
65.40
65.40
610.02
610.02
49.86
49.86
1168.19
1168.19
926.46
926.46
4652.22
4652.22
242.37
242.37
766.14
766.14
10.00
10.00
3249.90
3249.90
3808.41
3808.41
2339.59
2339.59
4299.59
4299.59
5140.33
5140.33
4583.10
4583.10
3915.94
3915.94
3073.77
3073.77
2999.04
2999.04
4205.61
4205.61
4667.56
4667.56
4667.56
4667.56
4667.56
4667.56
4667.56
4667.56
4667.56
4667.56
4667.56
4667.56
4667.56
4667.56
4667.56
4667.56
4060.29
4060.29
4060.29
4060.29
3584.72
3584.72
3584.72
3584.72
3656.89
3656.89
3656.89
3656.89
3656.89
3656.89
3656.89
3656.89
3656.89
3656.89
3656.89
3656.89
3656.89
3656.89
3656.89
3656.89
3656.89
3656.89
3656.89
3656.89
4200.78
4200.78
4223.13
4223.13
4256.02
4256.02
2341.16
2341.16
4208.81
4208.81
4182.84
4182.84
3416.02
3416.02
3416.02
3416.02
4031.53
4031.53
4293.70
4293.70
18.24
18.24
4351.90
4351.90
4398.76
4398.76
3742.18
3742.18
4452.57
4452.57
10.44
10.44
3660.24
3660.24
3660.24
3660.24
4609.50
4609.50
2695.42
2695.42
4124.62
4124.62
105.25
105.25
752.24
752.24
4042.20
4042.20
49.69
49.69
3721.66
3721.66
18.81
18.81
4665.01
4665.01
4709.14
4709.14
4237.87
4237.87
3726.36
3726.36
2802.56
2802.56
47.90
47.90
69.39
69.39
3134.47
3134.47
4347.41
4347.41
3961.22
3961.22
3817.48
3817.48
4849.34
4849.34
3390.24
3390.24
25.82
25.82
1393.74
1393.74
3878.93
3878.93
1613.76
1613.76
4753.59
4753.59
2564.49
2564.49
3886.38
3886.38
3414.79
3414.79
20.66
20.66
1404.78
1404.78
33.49
33.49
1289.96
1289.96
3349.16
3349.16
2465.93
2465.93
2439.43
2439.43
419.77
419.77
3569.91
3569.91
3569.91
3569.91
205.76
205.76
731.99
731.99
10.00
10.00
47.66
47.66
203.77
203.77
2236.32
2236.32
2413.65
2413.65
3100.39
3100.39
2039.71
2039.71
3238.77
3238.77
2830.75
2830.75
2330.82
2330.82
3898.41
3898.41
3264.45
3264.45
42.88
42.88
834.18
834.18
10.00
10.00
27.33
27.33
17.73
17.73
1736.76
1736.76
979.33
979.33
35.92
35.92
95.34
95.34
95.34
1296.87
1296.87
10.00
18.54
18.54
86.24
86.24
687.04
687.04
60.84
60.84
27.58
27.58
2109.75
2109.75
2611.19
2611.19
2639.97
2639.97
1659.85
1659.85
27.19
27.19
1109.39
1109.39
3216.18
3216.18
4244.02
4244.02
341.73
341.73
716.16
716.16
45.85
45.85
76.57
76.57
774.23
774.23
1113.30
1113.30
757.75
757.75
39.05
39.05
2457.49
2457.49
681.82
681.82
3994.15
3994.15
4749.15
4749.15
15.69
15.69
3626.26
3626.26
3079.38
