# 1Hz Kbps trace generated by import_real_world_traces.py
1403.37
2075.62
2075.62
2305.04
3443.29
3443.29
4686.90
4686.90
2220.47
2220.47
1978.62
1978.62
2402.49
2402.49
2820.72
2820.72
2820.72
2820.72
15.12
15.12
151.53
151.53
151.53
3733.21
3733.21
3550.67
3550.67
4076.52
4076.52
1844.19
1844.19
1844.19
1855.20
1855.20
2003.98
2003.98
2003.98
16.03
16.03
14.66
14.66
14.22
14.22
14.22
998.52
998.52
2557.75
2557.75
2557.75
2874.53
2874.53
1104.37
1104.37
1104.37
3023.41
3023.41
1331.36
1331.36
1331.36
2142.93
2670.69
2670.69
2670.69
1856.48
1856.48
1150.06
1150.06
184.01
184.01
667.22
667.22
667.22
67.25
67.25
1959.44
1959.44
1959.44
177.17
177.17
128.94
128.94
128.94
247.33
247.33
3527.59
3527.59
1795.60
1795.60
1795.60
895.19
895.19
283.68
283.68
283.68
3379.64
3379.64
260.83
260.83
638.18
638.18
570.02
570.02
2655.15
2655.15
2655.15
3614.73
3614.73
525.17
525.17
1644.39
1644.39
181.25
181.25
23.03
23.03
312.72
312.72
22.27
22.27
289.56
289.56
289.56
1919.11
1919.11
1919.11
2479.02
2479.02
2479.02
265.98
265.98
583.40
583.40
583.40
3277.28
3277.28
47.53
47.53
2809.85
2809.85
2809.85
171.04
171.04
1116.13
1116.13
917.83
917.83
14.44
14.44
14.44
570.88
570.88
570.88
284.40
284.40
284.40
864.51
864.51
79.20
79.20
79.20
2904.86
2904.86
3562.69
3562.69
2575.79
2575.79
2575.79
508.97
508.97
773.60
773.60
4734.83
4734.83
3154.02
3154.02
3154.02
1833.18
1833.18
2272.98
2272.98
3731.46
3731.46
161.99
161.99
2023.43
2023.43
2023.43
2780.44
2780.44
1266.25
1266.25
1266.25
1869.89
1869.89
2809.51
2809.51
1143.12
1143.12
1143.12
816.11
816.11
744.29
744.29
3421.05
3421.05
1902.15
1902.15
1902.15
600.15
600.15
600.15
2832.97
2832.97
781.09
781.09
781.09
3987.19
3987.19
45.02
45.02
45.02
2151.76
2151.76
1073.95
1073.95
1073.95
825.52
825.52
3651.84
3651.84
3651.84
826.49
826.49
826.49
136.50
136.50
1878.05
1878.05
1878.05
882.49
882.49
2284.52
2284.52
2284.52
758.31
758.31
36.69
36.69
36.69
2077.95
2077.95
47.83
47.83
47.83
3889.09
3889.09
1488.26
1488.26
1488.26
1350.08
1350.08
2090.54
2090.54
2090.54
1427.14
1427.14
351.76
351.76
2906.80
2906.80
2906.80
99.40
99.40
556.24
556.24
2576.85
2576.85
901.69
901.69
2196.38
2196.38
2196.38
3976.10
3976.10
3976.10
3316.82
3316.82
676.13
676.13
819.44
819.44
756.98
756.98
756.98
690.25
690.25
1954.68
1954.68
1954.68
898.25
898.25
2123.36
2123.36
2123.36
1211.04
1211.04
1932.21
1932.21
1932.21
3597.58
3597.58
3597.58
100.02
100.02
466.06
466.06
466.06
14.97
14.97
4523.54
4523.54
3535.95
3535.95
3131.94
3131.94
224.13
224.13
224.13
3755.92
3755.92
3302.56
3302.56
2904.91
2904.91
2860.14
2860.14
718.23
718.23
718.23
2806.86
2806.86
4210.32
4210.32
278.72
278.72
872.92
872.92
4203.15
4203.15
4203.15
4619.65
4619.65
4166.73
4166.73
4166.73
4048.19
4048.19
3546.36
3546.36
3546.36
279.44
279.44
4167.07
4167.07
4286.43
4286.43
237.91
237.91
237.91
902.56
902.56
3810.04
3810.04
3810.04
1726.34
1726.34
4029.44
4029.44
258.66
258.66
258.66
3210.29
3210.29
1119.59
1119.59
4205.13
4205.13
2919.01
2919.01
2919.01
2689.40
2689.40
2680.52
2680.52
2680.52
3865.87
3865.87
895.77
895.77
207.57
207.57
3331.02
3331.02
3331.02
2368.07
2368.07
328.93
328.93
2975.92
2975.92
1701.56
1701.56
1701.56
3247.80
3247.80
3312.55
3312.55
3276.23
3276.23
3276.23
14.88
14.88
2255.93
2255.93
17.77
17.77
3315.09
3315.09
922.43
922.43
922.43
2406.39
2406.39
21.65
21.65
1747.31
1747.31
1747.31
2810.26
2810.26
1153.65
1153.65
4347.76
4347.76
4347.76
2567.10
2567.10
2567.10
722.81
722.81
766.87
766.87
766.87
253.98
253.98
3299.78
3299.78
1011.80
1011.80
29.45
29.45
29.45
3707.98
3707.98
3665.84
3665.84
3665.84
4502.21
4502.21
922.43
922.43
693.10
693.10
936.73
936.73
936.73
2859.21
2859.21
2742.28
2742.28
2678.62
2678.62
2678.62
2390.17
2390.17
824.30
824.30
1704.18
1704.18
168.16
168.16
168.16
3515.75
3515.75
117.50
117.50
117.50
846.54
846.54
14.85
14.85
895.31
895.31
14.41
14.41
14.41
3065.06
3065.06
3065.06
2616.88
2616.88
169.33
169.33
378.90
378.90
14.14
14.14
14.14
1362.88
1362.88
157.53
157.53
157.53
139.83
139.83
23.04
23.04
23.04
194.20
2940.05
2940.05
2940.05
1444.21
1444.21
1444.21
903.73
903.73
2629.82
2629.82
2629.82
1957.41
1957.41
1518.28
1518.28
1518.28
1852.12
1852.12
376.66
376.66
1143.62
1143.62
3113.28
3113.28
1713.72
1713.72
1713.72
3564.97
3564.97
1467.00
1467.00
1467.00
3792.45
3792.45
4486.04
4486.04
4486.04
944.94
944.94
927.64
927.64
1332.43
1332.43
1332.43
242.16
242.16
2932.14
2932.14
2932.14
2554.67
2554.67
2438.08
2438.08
2438.08
1010.39
1010.39
1010.39
2573.29
2573.29
747.98
747.98
747.98
2228.11
2228.11
404.97
404.97
404.97
1543.31
1543.31
245.51
245.51
948.32
948.32
3333.23
3333.23
3333.23
908.01
908.01
1814.86
1814.86
70.46
70.46
1323.50
1323.50
3236.80
3236.80
105.51
105.51
1519.74
1519.74
1519.74
3160.49
3160.49
3330.40
3330.40
4406.04
4406.04
868.87
868.87
3957.30
3957.30
717.24
717.24
2874.25
2874.25
2535.34
2535.34
2535.34
3713.88
3713.88
2541.87
2541.87
2541.87
2890.43
2890.43
3678.10
3678.10
3678.10
2854.45
2854.45
3114.06
3114.06
3114.06
3189.72
3189.72
864.21
864.21
1560.20
1560.20
1560.20
675.95
675.95
2313.19
2313.19
2313.19
2921.83
2921.83
3006.43
3006.43
1583.09
1583.09
1583.09
4051.41
4051.41
2833.40
2833.40
1907.27
1907.27
2556.42
2556.42
2556.42
3094.40
3094.40
2980.44
2980.44
3358.39
3358.39
4113.97
4113.97
2868.11
2868.11
23.61
23.61
3014.82
3014.82
3014.82
3532.63
3532.63
1269.06
1269.06
1269.06
652.51
652.51
3496.06
3496.06
3642.88
3642.88
10.00
10.00
10.00
242.48
242.48
2689.38
2689.38
3813.25
3813.25
4423.11
4423.11
4423.11
461.67
461.67
3774.14
3774.14
3108.28
3108.28
1243.97
1243.97
4365.49
4365.49
4365.49
3773.28
3773.28
2782.95
2782.95
2591.42
2591.42
791.86
791.86
3184.38
3184.38
3509.26
3509.26
3772.65
3772.65
3217.44
3217.44
3859.21
3859.21
4598.47
4598.47
4217.80
4217.80
3672.23
3672.23
3672.23
4523.94
4523.94
4253.51
4253.51
3771.16
3771.16
3771.16
3771.16
3771.16
3771.16
4878.74
4878.74
5197.42
5197.42
115.31
115.31
115.31
2557.07
2557.07
1988.89
1988.89
2226.76
2226.76
5353.37
5353.37
4525.83
4525.83
4525.83
4525.83
1371.12
1371.12
527.01
527.01
1839.08
1839.08
1521.26
1521.26
1521.26
3113.49
3113.49
5066.51
5066.51
1864.01
1864.01
2773.34
2773.34
1028.23
1028.23
1028.23
4109.07
4109.07
3542.23
3542.23
4319.54
4319.54
4077.06
4077.06
3844.68
3844.68
3807.01
3807.01
3567.69
3567.69
3567.69
1350.10
1350.10
2313.30
2313.30
2313.30
4204.98
4204.98
3581.36
3581.36
3134.20
3134.20
3134.20
3569.48
3569.48
874.62
874.62
874.62
25.90
25.90
944.45
944.45
2284.03
2284.03
2423.18
2423.18
1814.63
1814.63
1092.59
1092.59
1092.59
1435.04
1435.04
1435.04
1435.04
732.62
732.62
12.59
12.59
12.59
1758.06
1758.06
1971.23
1971.23
2219.61
2219.61
2219.61
1982.49
1982.49
562.64
562.64
2073.38
2073.38
1230.57
1230.57
1230.57
3141.31
3141.31
1739.92
1739.92
2757.31
2757.31
15.34
15.34
15.34
2661.44
2661.44
2288.61
2288.61
2288.61
2905.28
2905.28
2252.14
2252.14
2879.32
2879.32
861.24
861.24
861.24
1528.12
1528.12
1978.64
1978.64
2293.28
2293.28
1754.95
1754.95
1754.95
33.36
33.36
2771.24
2771.24
4231.52
4231.52
4231.52
4152.11
4152.11
2536.11
2536.11
2639.41
2639.41
2639.41
2361.55
2361.55
15.40
15.40
15.40
429.54
429.54
4093.86
4093.86
3089.11
3089.11
1676.50
1676.50
3258.71
3258.71
3258.71
4374.41
4374.41
4534.90
4534.90
207.46
207.46
155.16
155.16
1835.36
1835.36
899.02
899.02
899.02
899.02
899.02
2229.01
2229.01
2229.01
2229.01
2229.01
2229.01
2229.01
2208.21
2208.21
3058.74
3058.74
116.94
116.94
116.94
907.43
907.43
907.43
1909.95
1909.95
873.71
873.71
873.71
3615.68
3615.68
449.32
449.32
449.32
3018.48
3018.48
1719.90
1719.90
1719.90
3360.41
3360.41
1605.50
1605.50
961.81
961.81
961.81
961.81
2764.26
2764.26
3281.34
3281.34
3281.34
3281.34
3281.34
23.85
815.54
815.54
815.54
46.98
46.98
2425.64
2425.64
2425.64
2305.10
2305.10
2517.91
2517.91
2517.91
20.55
20.55
881.74
881.74
881.74
5196.00
5196.00
852.28
852.28
852.28
4080.59
4080.59
4080.59
4201.93
4201.93
3553.72
3553.72
5541.66
5541.66
1825.88
1825.88
1825.88
3024.42
3024.42
3024.42
3024.42
3024.42
3180.72
