# 1Hz Kbps trace generated by import_real_world_traces.py
45.80
45.80
45.80
579.91
970.51
1254.93
1988.83
2479.43
682.29
3638.23
5030.38
5030.38
13.00
13.00
15.16
15.16
79.61
79.61
822.52
822.52
7895.40
7895.40
8189.32
8189.32
61.54
61.54
1141.92
1141.92
9312.00
9312.00
232.99
232.99
850.59
850.59
356.04
356.04
2297.70
2297.70
1239.93
1239.93
4081.78
4081.78
23.20
23.20
493.69
493.69
1726.79
1726.79
2199.28
2199.28
1139.60
1139.60
3643.57
3643.57
5151.01
5151.01
827.87
827.87
1969.88
1969.88
87.18
87.18
1213.96
1213.96
181.75
181.75
1210.44
1210.44
6213.17
6213.17
10156.71
10156.71
1079.19
1079.19
12056.09
12056.09
911.56
911.56
10934.73
10934.73
849.11
849.11
12.59
12.59
12.34
12.34
166.92
166.92
329.75
329.75
5658.95
5658.95
500.61
500.61
2301.03
2301.03
155.89
155.89
40.41
40.41
68.60
68.60
4252.54
4252.54
8877.19
8877.19
615.40
615.40
1360.86
1360.86
13.21
13.21
5506.46
5506.46
854.73
854.73
6253.78
6253.78
6253.78
6253.78
12905.25
12905.25
1705.99
1705.99
872.15
872.15
159.62
159.62
786.64
786.64
16.88
16.88
18.27
18.27
218.84
218.84
578.22
578.22
718.41
718.41
5195.56
5195.56
681.94
681.94
236.65
236.65
13.53
13.53
30.61
30.61
791.73
791.73
802.01
802.01
278.27
278.27
3060.96
3060.96
144.08
144.08
12171.80
12171.80
1748.81
1748.81
1107.21
1107.21
3063.11
3063.11
8221.70
8221.70
11596.54
11596.54
837.49
837.49
83.42
83.42
4963.35
4963.35
33.65
33.65
3370.05
3370.05
15.76
15.76
11.60
11.60
834.49
834.49
97.09
97.09
815.14
815.14
33.75
33.75
84.50
84.50
207.25
207.25
14.04
14.04
802.85
802.85
327.45
327.45
43.59
43.59
32.11
32.11
1667.48
1667.48
846.44
846.44
107.28
107.28
663.00
663.00
11.84
11.84
1545.16
1545.16
20.81
20.81
12.59
12.59
764.21
764.21
31.87
31.87
3833.54
3833.54
194.30
194.30
12.97
12.97
37.13
37.13
179.00
179.00
663.15
663.15
167.96
167.96
98.20
98.20
1478.96
1478.96
2400.91
2400.91
6295.10
6295.10
226.31
226.31
997.16
997.16
228.84
228.84
335.22
335.22
859.87
859.87
14.25
14.25
1367.62
1367.62
14.21
14.21
152.90
152.90
857.24
857.24
14.60
14.60
875.04
875.04
875.04
1736.31
124.23
124.23
124.23
94.00
47.58
47.58
202.75
202.75
19.18
19.18
20.70
20.70
579.26
579.26
3677.35
3677.35
3677.35
4602.11
4865.61
4865.61
4865.61
5224.85
117.50
117.50
210.94
210.94
210.94
1004.83
4950.51
4950.51
5614.05
5614.05
8278.80
8278.80
802.46
802.46
4027.80
4027.80
4027.80
4027.80
832.34
832.34
2780.42
2780.42
321.61
321.61
842.02
842.02
28.32
28.32
302.51
302.51
302.51
1307.97
1602.12
1602.12
167.42
167.42
2378.40
2378.40
972.40
972.40
2923.88
2923.88
2802.18
2802.18
2802.18
1283.88
1009.69
1009.69
1951.63
1951.63
1951.63
3116.96
1640.18
1640.18
3447.81
3447.81
89.94
89.94
171.61
171.61
742.38
742.38
3706.60
3706.60
3706.60
4099.76
4099.76
4099.76
4568.24
4568.24
19.78
19.78
2230.88
2230.88
4818.33
4818.33
5203.39
5203.39
5203.39
5203.39
5203.39
5203.39
5203.39
5203.39
6062.51
6062.51
7202.98
7202.98
7202.98
7202.98
7202.98
7960.34
7960.34
7960.34
1270.70
1270.70
3708.45
3708.45
3708.45
3708.45
3708.45
3708.45
3708.45
13.53
4559.73
4559.73
7906.76
7906.76
7906.76
7906.76
7792.11
7792.11
8106.29
8106.29
8106.29
8106.29
8106.29
8106.29
8106.29
8106.29
8106.29
8106.29
8106.29
8106.29
1088.45
1088.45
882.06
882.06
2124.94
2124.94
1598.25
1598.25
2290.81
2290.81
2309.63
2309.63
2309.63
2309.63
2309.63
2666.43
3349.91
3349.91
2871.29
2871.29
3349.54
3349.54
1419.61
1419.61
317.28
317.28
5362.48
5362.48
781.61
781.61
6751.18
6751.18
7286.38
7286.38
8017.13
8017.13
7376.01
7376.01
7376.01
1910.46
7373.78
7373.78
7877.01
7877.01
8719.40
8719.40
49.33
49.33
25.63
25.63
25.63
214.50
9716.63
9716.63
9716.63
12082.19
12082.19
2169.16
390.12
390.12
10237.16
10237.16
15.71
15.71
3365.56
3365.56
12323.20
12323.20
1804.95
1804.95
49.53
49.53
49.53
12.15
12.36
12.36
125.27
125.27
873.61
873.61
873.61
755.13
15.15
15.15
8509.37
8509.37
2532.59
2532.59
2532.59
60.27
753.48
753.48
280.57
280.57
8185.31
8185.31
8185.31
8098.72
8098.72
8098.72
8098.72
15.71
15.71
1081.26
1081.26
650.87
650.87
219.16
219.16
39.10
39.10
3011.16
3011.16
1137.53
1137.53
2437.97
2437.97
3003.25
3003.25
1836.01
1836.01
2092.27
2092.27
949.59
949.59
1577.76
1577.76
1794.25
1794.25
950.70
950.70
28.70
28.70
2146.91
2146.91
15.54
15.54
1596.06
1596.06
1182.95
1182.95
2052.61
2052.61
1276.49
1276.49
2184.97
2184.97
10.14
10.14
1033.79
1033.79
49.15
49.15
2853.12
2853.12
591.63
591.63
2527.29
2527.29
726.25
726.25
51.78
51.78
2954.82
2954.82
1570.59
1570.59
2250.95
2250.95
59.55
59.55
2908.77
2908.77
2330.58
2330.58
2867.18
2867.18
1933.66
1933.66
2922.98
2922.98
2491.24
2491.24
2775.36
2775.36
1683.64
1683.64
661.63
661.63
1596.12
1596.12
1586.48
1586.48
2022.91
2022.91
841.20
841.20
15.13
15.13
3503.78
3503.78
578.14
578.14
2830.65
2830.65
2813.32
2813.32
330.25
330.25
1673.44
1673.44
10.78
10.78
2710.07
2710.07
350.48
350.48
2560.44
2560.44
1219.73
1219.73
5948.03
5948.03
2475.78
2475.78
6578.45
6578.45
2715.81
2715.81
1252.83
1252.83
1609.49
1609.49
12.90
12.90
807.83
807.83
7660.67
7660.67
827.56
827.56
10324.36
10324.36
4039.38
4039.38
4178.64
4178.64
23.67
23.67
4614.98
4614.98
5129.71
5129.71
1020.46
1020.46
6410.54
6410.54
7095.51
7095.51
803.76
803.76
644.93
644.93
9558.03
9558.03
5112.18
5112.18
5112.18
5112.18
5112.18
5112.18
361.11
361.11
34.33
34.33
1070.33
1070.33
1157.93
1157.93
946.37
946.37
2289.95
2289.95
15.43
15.43
2766.72
2766.72
3054.55
3054.55
2977.30
2977.30
3069.70
3069.70
4061.51
4061.51
1716.09
1716.09
783.75
783.75
5456.12
5456.12
4360.55
4360.55
26.59
26.59
715.78
715.78
609.15
609.15
153.07
153.07
821.33
821.33
133.87
133.87
3707.38
3707.38
6868.24
6868.24
3780.85
3780.85
1279.23
1279.23
15.46
15.46
3356.85
3356.85
3619.58
3619.58
13.75
13.75
768.03
768.03
1048.47
1048.47
644.81
644.81
1717.55
1717.55
1688.59
1688.59
1921.44
1921.44
1600.81
1600.81
2697.22
2697.22
378.53
378.53
17.24
17.24
4138.72
4138.72
10.00
10.00
15.18
15.18
4553.41
4553.41
1155.17
1155.17
10.00
10.00
3175.95
3175.95
4704.12
4704.12
1069.94
1069.94
4972.60
4972.60
6363.61
6363.61
7215.56
7215.56
582.90
582.90
3644.48
3644.48
1785.61
1785.61
1668.20
1668.20
828.33
828.33
27.95
27.95
131.46
131.46
3921.21
3921.21
11.11
11.11
4891.95
4891.95
1073.82
1073.82
2394.87
2394.87
1624.70
1624.70
9445.55
9445.55
5858.81
5858.81
5858.81
5858.81
2664.15
2664.15
183.04
183.04
51.07
51.07
82.78
82.78
886.25
886.25
470.68
470.68
221.36
221.36
1210.59
1210.59
5370.48
5370.48
5370.48
5370.48
27.96
27.96
5542.36
5542.36
2942.19
2942.19
429.57
429.57
14.69
14.69
5612.78
5612.78
131.70
131.70
16.82
16.82
1530.09
1530.09
13.17
13.17
2555.44
2555.44
82.64
82.64
23.33
23.33
100.99
100.99
745.94
745.94
1212.76
1212.76
7366.02
7366.02
6335.11
