# 1Hz Kbps trace generated by import_real_world_traces.py
1277.14
607.06
1222.97
1650.18
2179.41
104.57
104.57
2305.47
2305.47
2305.47
259.19
1594.25
1594.25
801.35
801.35
11.66
11.66
2963.59
2963.59
249.45
249.45
1163.40
1163.40
276.91
276.91
2180.54
2180.54
102.84
102.84
186.81
186.81
13.77
13.77
1730.03
1730.03
2353.71
2353.71
877.62
877.62
1856.62
1856.62
628.95
628.95
1011.70
1011.70
220.03
220.03
1730.33
1730.33
1646.09
1646.09
2528.01
2528.01
888.51
888.51
2318.79
2318.79
279.90
279.90
11.27
11.27
723.12
723.12
2060.54
2060.54
3734.38
3734.38
131.97
131.97
2028.96
2028.96
1657.82
1657.82
262.94
262.94
4659.47
4659.47
2971.75
2971.75
184.74
184.74
184.74
42.82
42.82
70.34
70.34
70.34
70.34
135.97
135.97
1485.00
176.78
1785.04
1785.04
1725.12
156.32
156.32
105.55
105.55
105.55
105.55
105.55
105.55
105.55
520.60
