# 1Hz Kbps trace generated by import_real_world_traces.py
5138.91
4004.04
4004.04
5403.77
5403.77
5244.47
5244.47
5328.05
5328.05
1478.82
1478.82
4097.20
4097.20
5287.60
5287.60
4293.87
4293.87
5256.11
5256.11
4700.51
4700.51
5069.47
5069.47
3109.37
3109.37
36.72
36.72
5279.21
5279.21
5416.14
5416.14
5416.14
5416.14
68.12
68.12
4765.40
4765.40
560.87
560.87
3559.12
3559.12
1196.58
1196.58
1357.37
1357.37
4729.94
4729.94
4602.57
4602.57
111.76
111.76
160.70
160.70
4045.40
4045.40
501.43
501.43
5228.68
5228.68
5114.46
5114.46
3981.82
3981.82
2033.79
2033.79
4517.15
4517.15
1443.30
1443.30
2106.82
2106.82
3142.45
3142.45
5205.36
5205.36
5476.16
5476.16
4353.12
4353.12
3552.23
3552.23
5133.03
5133.03
4192.84
4192.84
4789.27
4789.27
1457.94
1457.94
92.05
92.05
64.03
64.03
1243.34
1243.34
1928.81
1928.81
1566.31
1566.31
2211.01
2211.01
3173.48
3173.48
3927.38
3927.38
1228.72
1228.72
11.43
11.43
475.23
475.23
5253.52
5253.52
233.91
233.91
41.16
41.16
4576.50
4576.50
4576.50
4971.51
4971.51
37.40
37.40
2696.71
5662.17
5662.17
1753.20
1753.20
3272.49
3272.49
5339.49
5339.49
5339.49
845.88
845.88
5610.23
4612.50
4612.50
1430.24
1430.24
36.69
36.69
4984.55
4984.55
2671.37
2671.37
1691.63
1691.63
2674.94
2674.94
5588.10
5588.10
4986.04
4986.04
4780.01
4780.01
5064.27
5064.27
3591.18
3591.18
735.47
735.47
106.57
106.57
5063.76
5063.76
5063.76
5063.76
5063.76
5063.76
5494.56
5494.56
1646.37
1646.37
5099.55
5099.55
4299.09
4299.09
3966.59
3966.59
239.03
239.03
4412.82
4412.82
50.71
50.71
1435.22
1435.22
324.60
324.60
2904.73
2904.73
236.68
236.68
3716.75
3716.75
2536.57
2536.57
1659.74
1659.74
4205.95
4205.95
5730.06
5730.06
33.78
33.78
3592.72
3592.72
39.09
39.09
1473.14
1473.14
242.16
242.16
1416.17
1416.17
4421.08
4421.08
349.30
349.30
349.30
5319.72
5319.72
4944.79
4944.79
156.22
156.22
5485.50
5485.50
1032.28
1032.28
2128.01
2128.01
159.13
159.13
1343.49
1343.49
5109.88
5109.88
630.17
630.17
425.49
425.49
3255.02
3255.02
3796.84
3796.84
2692.29
2692.29
1362.66
1362.66
4471.27
4471.27
5575.04
5575.04
2828.24
2828.24
5448.35
5448.35
1399.19
1399.19
169.76
5419.18
5419.18
5419.18
3697.90
3697.90
3606.35
3606.35
3580.36
3580.36
32.16
32.16
1204.67
1204.67
4852.60
4852.60
4488.67
4488.67
5383.86
5383.86
145.45
145.45
1375.10
1375.10
5221.96
1269.13
1269.13
1269.13
2116.30
2116.30
5460.13
5460.13
4582.98
4582.98
2666.71
2666.71
4495.03
4495.03
5297.36
5297.36
5758.52
5758.52
3647.32
4785.23
4785.23
5263.55
5263.55
4958.62
4958.62
5223.27
5223.27
2057.75
2057.75
2057.75
5236.71
5236.71
1485.25
2167.29
2167.29
1147.00
1147.00
5503.26
5503.26
5476.55
5476.55
5599.10
5599.10
5599.10
5193.80
5193.80
1464.88
1464.88
5883.58
5883.58
1808.31
1808.31
5056.95
5056.95
5253.34
5253.34
5253.34
5253.34
4607.53
4607.53
4385.63
4385.63
5112.01
5112.01
4631.53
4631.53
4567.82
4567.82
4567.82
4567.82
5161.49
5161.49
5619.00
5619.00
5057.81
5057.81
2878.86
2878.86
3175.38
3175.38
4748.96
4748.96
4624.90
4624.90
3950.77
3950.77
5312.32
5312.32
5292.85
5292.85
4452.29
4452.29
2676.12
2676.12
4382.05
4382.05
4911.59
4911.59
5062.70
5062.70
5051.31
5051.31
2663.67
2663.67
4242.31
4242.31
5048.94
5048.94
4306.27
4306.27
4896.72
4896.72
5360.45
5360.45
4200.58
4200.58
6343.14
6343.14
1363.31
1363.31
5129.78
5129.78
6230.15
6230.15
4036.76
4036.76
3805.03
3805.03
5837.90
5837.90
5178.73
5178.73
5031.38
5031.38
4402.96
4402.96
6095.79
6095.79
5038.87
5038.87
1789.84
1789.84
5240.21
5240.21
5475.21
5475.21
3181.13
3181.13
3181.13
3181.13
3181.13
3181.13
3181.13
3181.13
819.46
819.46
481.00
481.00
437.81
437.81
76.72
76.72
2876.19
2876.19
3431.68
3431.68
3520.12
3520.12
3535.35
3535.35
1178.40
1178.40
4542.40
4542.40
4499.37
4499.37
5531.97
5531.97
4674.95
4674.95
5807.87
5807.87
4825.50
4825.50
10.00
10.00
1191.65
1191.65
309.83
309.83
3148.60
3148.60
976.61
976.61
4830.71
4830.71
4877.98
4877.98
4883.07
4883.07
2345.17
2345.17
4984.57
4984.57
1432.45
1432.45
3191.00
3191.00
3884.55
3884.55
4233.38
4233.38
4338.43
4338.43
2276.04
2276.04
59.23
59.23
91.95
91.95
5195.43
5195.43
2264.09
2264.09
48.24
48.24
4662.87
4662.87
1461.25
1461.25
174.49
174.49
73.11
73.11
199.55
199.55
3541.75
3541.75
45.42
45.42
4885.97
4885.97
1416.95
1416.95
364.94
364.94
5056.38
5056.38
5061.90
5061.90
4901.00
4901.00
1439.48
1439.48
5505.83
5505.83
3704.02
3704.02
445.91
445.91
1119.01
1119.01
1977.47
1977.47
283.43
283.43
4564.91
4564.91
537.09
537.09
1441.25
1441.25
5343.91
5343.91
6435.30
6435.30
65.61
65.61
91.44
91.44
37.42
37.42
37.42
100.85
66.72
66.72
4934.51
4934.51
1342.69
1342.69
105.44
105.44
974.60
974.60
4845.85
4845.85
38.83
38.83
1710.33
1710.33
3531.96
3531.96
5436.22
5436.22
4868.92
4868.92
5282.52
5282.52
2435.97
2435.97
5241.51
5241.51
5369.37
5369.37
5084.48
5084.48
4639.82
4639.82
4998.80
4998.80
4878.49
4878.49
22.37
22.37
1633.48
1633.48
133.53
133.53
270.55
270.55
37.62
37.62
2943.38
2943.38
819.26
819.26
1601.88
1601.88
5374.55
5374.55
4417.59
4417.59
386.91
386.91
5308.83
5308.83
5386.47
5386.47
1396.97
1396.97
2230.67
2230.67
3061.83
3061.83
5248.43
5248.43
2409.44
2409.44
50.72
50.72
5434.05
5434.05
1476.76
1476.76
1548.15
1548.15
1198.86
1198.86
4134.44
4134.44
5416.87
5416.87
1264.65
1264.65
3898.61
3898.61
5409.78
5409.78
62.13
62.13
1435.06
1435.06
65.67
65.67
1318.70
1318.70
4965.33
4965.33
483.07
483.07
4916.76
4916.76
1280.70
1280.70
1750.33
1750.33
5229.66
5229.66
519.05
519.05
3631.91
3631.91
168.77
168.77
1688.34
1688.34
20.13
20.13
37.89
37.89
62.69
62.69
425.94
425.94
4539.95
4539.95
3007.19
3007.19
4009.57
4009.57
36.27
36.27
223.63
223.63
746.15
746.15
3538.40
3538.40
3980.47
3980.47
4557.31
4557.31
5367.79
5367.79
1429.48
1429.48
37.61
37.61
5361.30
5361.30
4628.63
4628.63
5380.28
5380.28
3146.25
3146.25
1350.84
1350.84
1392.94
1392.94
438.13
438.13
396.01
396.01
1109.44
1109.44
37.19
37.19
4632.20
4632.20
3877.66
3877.66
999.98
999.98
1602.54
1602.54
204.56
204.56
34.66
34.66
2753.76
2753.76
2252.38
2252.38
4267.15
4267.15
4867.24
4867.24
5085.66
5085.66
3710.36
3710.36
1665.01
1665.01
4745.25
4745.25
1271.26
1271.26
1019.34
1019.34
38.10
38.10
5496.37
5496.37
10.00
10.00
3326.85
3326.85
59.15
59.15
172.02
172.02
4852.01
4852.01
166.57
166.57
1427.26
1427.26
313.74
313.74
37.42
37.42
4966.51
4966.51
4942.29
4942.29
4899.28
4899.28
4020.02
4020.02
1223.28
1223.28
5246.74
5246.74
2179.58
2179.58
1397.77
1397.77
3977.59
3977.59
1353.24
1353.24
4670.14
4670.14
1095.90
1095.90
1080.11
1080.11
222.43
222.43
1502.35
1502.35
3247.41
3247.41
4727.47
4727.47
4226.87
4226.87
494.42
494.42
3413.80
3413.80
38.82
38.82
1452.14
1452.14
600.56
600.56
38.83
38.83
124.21
124.21
35.46
35.46
3583.35
3583.35
10.00
10.00
5358.73
5358.73
3467.33
3467.33
408.94
408.94
63.98
63.98
441.11
441.11
5158.48
5158.48
5018.62
5018.62
2421.83
2421.83
3795.69
3795.69
35.05
35.05
4549.27
4549.27
5604.23
5604.23
1342.92
1342.92
911.38
911.38
4351.53
4351.53
38.07
38.07
5184.29
5184.29
1452.06
1452.06
1982.75
1982.75
3883.02
3883.02
4002.40
4002.40
38.13
38.13
1338.27
1338.27
254.33
254.33
748.99
748.99
19.89
19.89
36.73
36.73
5187.59
5187.59
2921.81
2921.81
1359.52
1359.52
5312.05
5312.05
72.70
72.70
37.65
37.65
38.62
38.62
451.11
451.11
1065.92
1065.92
1508.54
1508.54
278.14
278.14
2926.49
2926.49
1437.23
1437.23
5386.53
5386.53
66.92
66.92
5422.72
5422.72
5551.81
5551.81
1900.92
1900.92
4131.14
4131.14
1826.95
1826.95
67.42
67.42
52.43
52.43
902.25
902.25
1713.05
1713.05
189.49
189.49
1676.94
1676.94
322.83
322.83
175.02
175.02
1672.52
1672.52
2316.02
2316.02
107.17
107.17
495.09
495.09
257.20
257.20
85.77
85.77
1378.98
1378.98
1378.98
198.82
418.54
418.54
418.54
190.77
190.77
1245.74
1245.74
52.19
52.19
14.05
1381.28
1381.28
1768.38
1768.38
100.61
100.61
100.61
757.91
1767.33
1767.33
568.71
568.71
1747.77
1747.77
1727.02
1727.02
1531.75
1531.75
1729.13
1729.13
1938.39
1938.39
2689.03
2689.03
118.57
118.57
493.22
493.22
791.79
791.79
1119.43
1119.43
1180.42
1180.42
2971.91
2971.91
3182.73
3182.73
1645.82
1645.82
2845.03
2845.03
10.00
10.00
4932.35
4932.35
4858.01
4858.01
3003.38
3003.38
4320.00
4320.00
3667.82
3667.82
2789.49
2789.49
12.87
12.87
941.75
941.75
289.76
289.76
686.16
686.16
630.87
630.87
90.82
90.82
3915.95
3915.95
1909.65
1909.65
5305.69
5305.69
3229.09
3229.09
5243.36
5243.36
2890.26
2890.26
3872.55
3872.55
3043.18
3043.18
4866.84
4866.84
3608.44
3608.44
2730.16
2730.16
4764.89
4764.89
2763.42
2763.42
1191.59
1191.59
2166.81
2166.81
2166.81
2166.81
1564.89
1564.89
1564.89
2482.05
1664.06
1664.06
113.00
113.00
1861.43
1861.43
1343.16
1343.16
813.26
813.26
1395.86
1395.86
1160.47
1160.47
722.22
722.22
36.69
36.69
1577.98
1577.98
2183.58
2183.58
2540.62
2540.62
2540.62
900.58
2761.02
2761.02
2663.57
2663.57
2375.06
2375.06
1293.45
1293.45
3703.51
3703.51
4545.10
4545.10
1584.96
1584.96
4573.62
4573.62
2596.76
2596.76
2596.76
5049.40
5049.40
2455.09
2455.09
3666.96
3666.96
4533.39
1396.47
1396.47
1396.47
5541.60
3153.56
3153.56
6008.07
6008.07
4016.52
4016.52
4986.34
4986.34
5236.36
5236.36
2199.97
2199.97
5249.91
5249.91
2825.25
2825.25
2825.25
1760.44
1532.45
1532.45
243.70
243.70
5861.17
5861.17
5861.17
4765.93
5217.80
5217.80
3266.45
3266.45
5264.12
5264.12
6134.74
6134.74
37.42
37.42
356.28
356.28
45.55
45.55
202.02
202.02
576.24
576.24
1928.44
1928.44
1928.44
2050.69
2050.69
2691.11
2691.11
305.05
305.05
1350.15
949.50
949.50
949.50
404.14
404.14
1790.61
1790.61
2372.48
2372.48
2620.19
1242.75
1242.75
1143.64
1143.64
508.43
508.43
952.85
952.85
952.85
112.29
46.21
46.21
4394.04
4394.04
454.91
454.91
454.91
4696.13
918.16
918.16
2916.77
2916.77
1792.10
1792.10
1792.10
868.18
350.94
350.94
723.27
723.27
927.78
927.78
927.78
350.40
350.40
888.49
888.49
804.06
804.06
1713.93
1713.93
960.49
960.49
824.32
824.32
686.79
686.79
877.28
877.28
887.34
887.34
1556.83
1556.83
2115.87
2115.87
297.87
297.87
224.92
224.92
2357.17
2357.17
822.84
822.84
1962.25
1962.25
2906.40
3926.76
3926.76
3926.76
3453.89
3453.89
175.18
175.18
4947.65
4642.80
4642.80
5377.17
5377.17
5765.04
5765.04
5299.20
5299.20
1399.69
1399.69
4519.40
4519.40
78.83
78.83
666.48
666.48
666.48
274.01
274.01
3910.81
3910.81
917.84
917.84
892.08
892.08
303.14
303.14
2552.88
2552.88
2870.69
2870.69
2729.23
2729.23
3085.96
3085.96
4123.66
4123.66
2064.63
2064.63
328.60
328.60
907.90
907.90
5301.37
5301.37
2457.21
2457.21
4185.42
4185.42
5876.36
5876.36
4186.54
4186.54
599.71
599.71
599.71
95.53
3412.57
3412.57
136.87
136.87
1471.16
1471.16
5500.69
3192.70
3192.70
5117.68
5117.68
5117.68
3771.65
3771.65
5437.64
5437.64
5261.48
5261.48
5202.84
5202.84
1632.72
1632.72
458.94
458.94
733.19
733.19
733.19
1196.77
109.46
109.46
1943.59
1943.59
1987.31
1987.31
1987.31
1987.31
4880.52
4880.52
4880.52
4880.52
4256.03
4256.03
2446.10
2446.10
1841.60
1841.60
3424.69
3424.69
4505.22
4505.22
2089.20
2089.20
70.20
70.20
4792.10
4792.10
5182.35
5182.35
5227.97
5227.97
4252.89
4252.89
4697.49
4697.49
5768.70
5768.70
2127.41
2127.41
5241.05
5241.05
3651.40
3651.40
5302.84
5302.84
5663.97
5663.97
44.83
44.83
2781.04
2781.04
14.11
14.11
5239.47
5239.47
1409.18
1409.18
1214.03
1214.03
4415.53
4415.53
129.04
129.04
2265.82
2265.82
5427.80
5427.80
4601.82
4601.82
4621.20
4621.20
144.59
144.59
5298.61
5298.61
5664.99
5664.99
6321.32
6321.32
5652.03
5652.03
4212.58
4212.58
3464.76
3464.76
5133.10
5133.10
5133.28
5133.28
4946.55
4946.55
2656.73
2656.73
426.75
426.75
6626.71
6626.71
1229.27
1229.27
4905.02
4905.02
769.31
769.31
5086.35
5086.35
5086.35
757.70
2087.39
2087.39
1938.47
1938.47
4506.38
4506.38
4811.67
4811.67
5236.66
5236.66
1611.78
1611.78
2162.84
2162.84
3376.19
3376.19
5354.79
5354.79
5164.43
5164.43
105.57
105.57
1587.18
1587.18
37.84
37.84
1295.64
1295.64
4894.47
4894.47
799.92
799.92
5615.00
5615.00
4795.33
4795.33
6154.15
6154.15
1529.92
1529.92
5133.55
5133.55
4966.48
4966.48
5683.39
5683.39
69.84
69.84
3495.96
3495.96
1497.21
1497.21
5180.41
5180.41
4742.29
4742.29
3841.46
3841.46
4503.76
4503.76
5362.71
5362.71
2655.02
2655.02
5230.08
5230.08
5287.64
5287.64
1050.98
1050.98
1714.71
1714.71
460.06
460.06
50.33
50.33
38.80
38.80
472.35
472.35
335.13
335.13
587.86
587.86
1411.49
1411.49
5284.95
5284.95
120.56
120.56
1275.42
1275.42
1178.16
1178.16
4695.82
4695.82
3094.62
3094.62
5319.84
5319.84
4437.15
4437.15
1558.97
1558.97
5029.93
5029.93
3639.38
3639.38
6021.14
6021.14
38.11
38.11
5675.31
5675.31
4271.21
4271.21
5202.68
5202.68
1872.27
1872.27
1064.01
1064.01
1437.92
1437.92
68.06
68.06
5992.41
5992.41
5449.55
5449.55
41.84
41.84
5113.84
5113.84
22.90
22.90
1523.22
1523.22
1077.05
1077.05
569.76
569.76
464.57
464.57
4131.05
4131.05
5059.98
5059.98
30.78
30.78
4761.03
4761.03
2786.71
2786.71
1015.47
1015.47
36.56
36.56
4705.45
4705.45
2874.25
2874.25
854.18
854.18
3344.92
3344.92
492.87
492.87
1241.46
1241.46
5188.50
5188.50
3178.11
3178.11
4618.34
4618.34
5248.53
5248.53
5447.24
5447.24
4706.02
4706.02
4567.34
4567.34
4440.93
4440.93
1730.47
1730.47
4740.03
4740.03
512.21
512.21
5666.31
5666.31
5137.27
5137.27
5012.90
5012.90
36.58
36.58
240.25
240.25
502.00
502.00
801.47
801.47
3600.12
3600.12
1089.89
1089.89
5476.62
5476.62
4219.06
4219.06
5312.34
5312.34
5253.33
5253.33
1331.61
1331.61
3562.19
3562.19
3652.77
3652.77
704.90
704.90
4610.81
4610.81
4610.81
4610.81
20.93
20.93
5123.41
5123.41
3082.61
3082.61
5587.10
5587.10
4915.42
4915.42
190.41
190.41
43.87
43.87
4558.14
4558.14
220.83
220.83
5327.51
5327.51
5570.44
5570.44
5728.96
5728.96
835.40
835.40
5307.86
5307.86
4885.11
4885.11
4885.11
4885.11
4127.46
4127.46
1326.74
1326.74
1369.72
1369.72
5311.79
5311.79
4684.43
4684.43
2403.96
2403.96
4984.54
4984.54
3913.09
3913.09
1521.73
1521.73
5593.09
5593.09
2592.09
2592.09
38.42
38.42
3185.28
3185.28
5423.77
5423.77
5273.56
5273.56
5702.41
5702.41
25.58
25.58
4208.35
4208.35
5639.99
5639.99
5119.38
5119.38
5150.98
5150.98
5206.49
5206.49
563.11
563.11
4227.12
4227.12
5554.11
5554.11
5710.51
5710.51
2920.48
2920.48
2055.38
2055.38
5168.35
5168.35
4408.19
4408.19
4646.38
4646.38
73.11
73.11
5092.95
5092.95
44.23
44.23
4400.61
4400.61
230.14
230.14
5508.20
5508.20
2294.51
2294.51
1413.79
1413.79
31.85
31.85
69.89
69.89
38.08
38.08
193.90
193.90
1465.96
1465.96
428.34
428.34
70.59
70.59
90.17
90.17
684.90
684.90
2068.09
2068.09
1064.62
1064.62
1426.85
1426.85
140.92
140.92
187.85
187.85
2118.37
2118.37
40.28
40.28
1206.65
1206.65
775.92
775.92
1204.34
1204.34
1041.21
1041.21
5158.84
5158.84
1459.72
1459.72
4787.88
4787.88
2239.93
2239.93
1771.68
1771.68
2572.64
2572.64
104.93
104.93
5290.42
5290.42
4665.12
4665.12
28.36
28.36
6083.75
6083.75
484.81
484.81
4854.89
4854.89
1867.49
1867.49
501.26
501.26
4285.80
4285.80
4500.85
4500.85
3109.74
3109.74
1352.59
1352.59
4529.02
4529.02
5506.21
5506.21
1158.00
1158.00
5048.74
5048.74
4946.61
4946.61
360.46
360.46
360.46
85.31
3143.05
3143.05
5669.94
5669.94
4832.07
4832.07
3579.33
3579.33
5839.37
5839.37
5021.85
5021.85
4484.68
4484.68
4334.79
4334.79
51.70
51.70
1508.17
1508.17
4933.44
4933.44
2044.49
2044.49
5453.33
5453.33
74.45
74.45
38.32
38.32
122.02
122.02
122.02
431.40
4582.07
4582.07
62.55
62.55
4347.76
4347.76
4175.16
4175.16
110.93
110.93
5482.65
5482.65
3622.21
3622.21
5245.09
5245.09
61.59
61.59
4761.78
4761.78
985.32
985.32
5515.06
5515.06
4845.28
4845.28
276.88
276.88
5382.52
5382.52
5359.29
5359.29
5112.15
5112.15
1518.48
1518.48
3192.21
3192.21
291.10
291.10
4367.14
4367.14
4369.95
4369.95
80.96
80.96
2476.13
2476.13
211.52
211.52
2791.30
2791.30
2085.70
2085.70
30.15
30.15
36.06
36.06
35.68
35.68
1446.84
1446.84
127.98
127.98
5597.07
5597.07
5272.70
5272.70
4128.05
4128.05
3553.57
3553.57
5248.46
5248.46
4844.36
4844.36
2166.41
2166.41
1341.74
1341.74
2902.68
2902.68
2594.86
2594.86
3973.90
3973.90
5072.62
5072.62
5031.06
5031.06
4077.17
4077.17
505.67
505.67
5314.97
5314.97
5043.02
5043.02
1376.12
1376.12
1318.11
1318.11
1012.03
1012.03
3071.76
3071.76
4531.18
4531.18
4938.39
4938.39
376.13
376.13
2443.17
2443.17
3066.24
3066.24
5441.64
5441.64
3778.80
3778.80
556.36
556.36
36.32
36.32
305.40
305.40
1048.99
1048.99
4142.38
4142.38
38.35
38.35
5347.83
5347.83
4689.69
4689.69
4996.87
4996.87
2916.71
2916.71
2509.45
2509.45
6261.53
6261.53
5151.09
5151.09
5542.88
5542.88
905.95
905.95
4832.04
4832.04
4345.88
4345.88
5320.27
5320.27
1336.74
1336.74
670.10
670.10
670.10
1290.96
4033.79
4033.79
1493.46
1493.46
905.81
905.81
5134.46
5134.46
3607.04
3607.04
5208.87
5208.87
91.05
91.05
4199.30
4199.30
4268.29
4268.29
4174.18
4174.18
3167.94
3167.94
4940.08
4940.08
3286.18
3286.18
23.09
23.09
3498.37
3498.37
4949.99
4949.99
4279.35
4279.35
2757.71
2757.71
43.69
43.69
363.47
363.47
5364.79
5364.79
2016.04
2016.04
4513.94
4513.94
1448.11
1448.11
1448.11
2585.39
126.40
126.40
126.40
2929.79
35.70
35.70
5669.40
5669.40
721.06
721.06
5397.62
5397.62
2091.36
2091.36
5076.20
5076.20
3199.62
3199.62
2807.29
2807.29
1640.50
1640.50
3599.09
3599.09
5817.76
5817.76
4917.29
4917.29
3084.55
3084.55
1246.40
1246.40
5020.49
5020.49
3797.80
3797.80
3555.55
3555.55
5314.02
5314.02
912.72
912.72
683.55
683.55
1455.17
1455.17
230.54
230.54
230.54
37.86
37.86
38.56
38.56
5230.06
5230.06
10.64
10.64
5434.06
5434.06
35.28
35.28
5128.41
5128.41
4061.43
4061.43
6036.60
6036.60
2199.49
2199.49
2265.53
2265.53
2714.27
5198.76
5198.76
5198.76
76.98
90.30
90.30
90.30
1398.53
5635.59
5635.59
4393.01
4393.01
2957.18
2957.18
2957.18
4085.39
4085.39
4172.25
2904.12
2904.12
3965.68
3965.68
3965.68
3965.68
3344.12
3344.12
4339.21
4339.21
1028.75
1028.75
1766.68
1766.68
2930.99
2930.99
3644.93
3644.93
3228.25
3228.25
3998.53
3998.53
4198.25
4198.25
3386.07
3386.07
4171.28
4171.28
4171.28
620.48
2680.17
2680.17
404.02
404.02
5081.50
5081.50
3958.16
3958.16
4889.88
4889.88
4889.88
4889.88
4889.88
4889.88
4174.36
4174.36
5652.62
5652.62
5531.46
5531.46
5531.46
4850.20
5441.69
5441.69
5441.69
5277.36
5277.36
5488.85
5488.85
5393.04
5393.04
5495.97
5495.97
4946.14
4946.14
4089.58
4089.58
5340.65
5340.65
4150.98
4150.98
4763.77
4763.77
5298.06
5298.06
4880.07
4880.07
2984.90
2984.90
5277.32
5277.32
5057.52
5057.52
2748.31
2748.31
5549.42
5549.42
5270.02
5270.02
992.12
992.12
1924.87
1924.87
5374.33
5374.33
3551.53
3551.53
5445.41
5445.41
3746.55
3746.55
36.97
4605.61
4605.61
4605.61
5121.42
5145.80
5145.80
5145.80
5359.09
5153.97
5153.97
3936.48
3936.48
3936.48
5278.41
5278.41
4299.06
4299.06
5080.60
5080.60
641.28
641.28
5032.14
5032.14
4702.63
4702.63
1184.85
1184.85
2271.89
2271.89
2374.77
2374.77
5597.85
5597.85
5104.13
5104.13
5120.34
5120.34
38.11
38.11
4795.01
4795.01
1144.33
1144.33
2679.18
2679.18
5402.50
5402.50
5477.64
5477.64
5140.09
5140.09
1973.25
1973.25
6040.23
6040.23
4628.99
4628.99
102.02
102.02
5608.78
5608.78
5127.24
5127.24
5492.42
5492.42
5267.43
5267.43
5262.96
5262.96
5198.17
5198.17
1698.33
1698.33
82.14
82.14
3326.32
3326.32
2741.58
2741.58
5075.91
5075.91
5381.22
5381.22
1525.21
1525.21
5299.36
5299.36
4558.32
4558.32
5742.74
5742.74
5428.91
5428.91
5646.19
5646.19
5258.27
5258.27
3964.50
3964.50
38.58
38.58
387.54
387.54
1520.29
1520.29
3079.59
3079.59
952.49
952.49
546.46
546.46
104.17
104.17
10.00
10.00
2493.27
2493.27
4655.62
4655.62
4781.70
4781.70
1430.73
1430.73
3015.03
3015.03
5087.46
5087.46
4091.84
4091.84
62.09
62.09
4757.31
4757.31
5486.32
5486.32
501.06
501.06
94.58
94.58
4911.63
4911.63
5260.96
5260.96
350.52
350.52
1404.11
1404.11
1825.81
1825.81
5548.10
5548.10
176.36
176.36
3624.66
3624.66
2281.31
2281.31
3446.59
3446.59
3197.36
3197.36
1981.23
1981.23
137.51
137.51
3352.80
3352.80
4688.55
4688.55
4423.80
4423.80
3545.27
3545.27
4736.30
4736.30
360.51
360.51
4941.75
4941.75
5154.14
5154.14
4864.80
4864.80
3848.40
3848.40
5252.92
5252.92
6373.53
6373.53
566.30
566.30
6089.66
6089.66
39.88
39.88
2922.57
2922.57
1382.62
1382.62
1285.78
1285.78
3417.28
3417.28
57.25
57.25
4806.83
4806.83
4653.52
4653.52
191.41
191.41
5661.76
5661.76
5661.76
5661.76
4715.70
4715.70
127.04
127.04
3431.98
3431.98
248.82
248.82
1056.89
1056.89
49.06
49.06
3043.72
3043.72
2462.56
2462.56
119.06
119.06
4065.86
4065.86
4263.98
4263.98
4263.98
4263.98
3431.22
3431.22
1428.75
1428.75
3743.11
3743.11
4471.51
4471.51
4260.26
4260.26
2712.60
2712.60
5221.34
5221.34
5339.62
5339.62
5224.36
5224.36
5054.88
5054.88
5366.11
5366.11
5358.66
5358.66
4796.30
4796.30
5206.57
5206.57
5774.14
5774.14
2728.81
2728.81
579.01
579.01
4759.34
4759.34
47.80
47.80
2661.22
2661.22
4096.82
4096.82
4065.08
4065.08
5790.06
5790.06
5790.06
5790.06
5564.62
5564.62
3238.95
3238.95
5592.32
5592.32
5352.99
5352.99
4189.16
4189.16
4617.89
4617.89
4710.07
4710.07
154.19
154.19
4183.37
4183.37
3808.25
3808.25
4443.45
4443.45
4912.46
4912.46
4217.34
4217.34
4762.34
4762.34
4321.01
4321.01
5380.98
5380.98
5295.08
5295.08
4790.32
4790.32
2690.46
2690.46
4209.84
4209.84
3464.47
3464.47
5634.17
5634.17
5302.63
5302.63
22.28
22.28
4453.56
4453.56
228.03
228.03
2146.11
2146.11
4496.45
4496.45
2478.57
2478.57
20.06
20.06
145.38
145.38
2379.32
2379.32
38.27
38.27
4795.40
4795.40
3881.88
3881.88
4765.78
4765.78
5113.53
5113.53
1484.34
1484.34
521.51
521.51
3635.04
3635.04
2479.25
2479.25
4241.07
4241.07
5208.03
5208.03
4613.90
4613.90
5633.88
5633.88
2112.13
2112.13
948.59
948.59
611.69
611.69
3181.89
3181.89
3989.37
3989.37
4260.98
4260.98
2967.82
2967.82
5180.74
5180.74
3866.80
3866.80
4491.07
4491.07
4630.30
4630.30
5249.78
5249.78
5961.36
5961.36
5170.43
5170.43
1487.36
1487.36
27.24
27.24
4634.76
4634.76
82.50
82.50
2361.48
2361.48
96.75
96.75
38.38
38.38
2656.27
2656.27
105.49
105.49
1224.26
1224.26
3111.13
3111.13
927.14
927.14
1470.25
1470.25
3190.13
3190.13
1342.14
1342.14
2142.44
2142.44
270.09
270.09
5095.38
5095.38
5025.79
5025.79
5341.34
5341.34
4973.22
4973.22
4402.56
4402.56
1088.26
1088.26
3857.40
3857.40
460.34
460.34
5426.61
5426.61
4975.06
4975.06
1636.70
1636.70
1438.58
1438.58
100.03
100.03
919.45
919.45
1469.80
1469.80
2069.92
2069.92
264.19
264.19
3927.55
3927.55
6196.89
6196.89
3624.80
3624.80
2920.75
2920.75
1065.22
1065.22
1140.96
1140.96
4315.53
4315.53
182.86
182.86
83.91
83.91
1354.22
1354.22
1131.55
1131.55
1469.28
1469.28
235.23
235.23
3063.25
3063.25
10.00
10.00
37.86
37.86
5293.74
5293.74
4046.52
4046.52
4955.28
4955.28
521.35
521.35
258.53
258.53
4299.19
4299.19
4776.23
4776.23
5251.98
5251.98
5314.81
5314.81
5141.45
5141.45
1433.82
1433.82
1035.76
1035.76
1327.61
1327.61
5360.50
5360.50
5283.06
5283.06
3847.23
3847.23
6043.85
6043.85
5076.26
5076.26
5600.22
5600.22
4715.81
4715.81
5237.36
5237.36
4869.54
4869.54
3736.36
3736.36
4983.19
4983.19
5141.97
5141.97
6408.56
6408.56
568.28
568.28
664.44
664.44
2401.02
2401.02
1231.44
1231.44
598.82
598.82
3238.03
3238.03
2493.27
2493.27
5360.23
5360.23
4609.65
4609.65
2189.65
2189.65
5370.58
5370.58
256.01
256.01
23.43
