# 1Hz Kbps trace generated by import_real_world_traces.py
268.64
253.99
20.49
121.36
204.01
204.01
456.40
78.06
78.06
51.45
17.97
549.52
549.52
303.90
303.90
303.90
394.99
394.99
111.58
173.00
173.00
533.45
533.45
44.04
44.04
232.66
48.52
48.52
282.11
294.10
294.10
840.66
633.34
633.34
633.34
501.76
446.36
446.36
446.36
1625.90
654.28
654.28
654.28
1277.75
1277.75
404.91
404.91
149.73
149.73
149.73
15.89
879.13
879.13
879.13
109.77
109.77
492.70
492.70
1876.11
1876.11
598.46
598.46
166.98
326.98
326.98
326.98
224.16
2235.24
2235.24
2235.24
654.79
654.79
10.00
10.00
490.94
160.21
160.21
160.21
44.04
44.04
508.47
508.47
65.93
65.93
351.44
351.44
882.18
882.18
822.47
26.46
26.46
26.46
147.66
147.66
508.04
508.04
26.40
26.40
436.55
436.55
10.00
10.00
717.74
717.74
435.15
435.15
283.80
283.80
214.85
214.85
229.23
229.23
2012.66
2012.66
220.89
220.89
158.17
158.17
339.74
339.74
342.73
342.73
1817.35
1817.35
950.57
950.57
30.35
30.35
615.75
10.00
10.00
10.00
551.72
551.72
13.08
13.08
754.51
754.51
575.55
575.55
359.31
359.31
125.33
10.00
10.00
10.00
379.35
379.35
254.19
254.19
766.54
766.54
145.16
145.16
125.88
125.88
826.21
826.21
1951.31
1951.31
10.00
10.00
672.75
672.75
324.63
324.63
351.41
351.41
335.54
335.54
106.53
106.53
2094.10
2094.10
64.97
64.97
735.65
735.65
261.41
441.72
441.72
441.72
10.00
10.00
507.52
507.52
48.65
48.65
301.57
301.57
1699.06
1699.06
10.00
10.00
26.26
26.26
46.94
46.94
424.96
424.96
417.88
417.88
417.88
674.15
234.98
234.98
234.98
246.27
107.44
107.44
1222.26
1222.26
604.09
604.09
604.09
44.05
19.91
19.91
19.91
569.61
2011.62
2011.62
2011.62
281.38
281.38
87.81
87.81
2563.21
2563.21
1167.46
1167.46
939.08
939.08
1192.16
1192.16
568.32
568.32
320.41
320.41
2664.20
2664.20
10.00
10.00
1566.58
1566.58
719.17
719.17
719.17
1005.71
10.00
10.00
10.00
264.77
10.00
10.00
10.00
10.00
10.00
2341.78
2341.78
244.15
244.15
802.71
802.71
523.62
523.62
147.82
147.82
639.03
639.03
2116.82
2116.82
486.65
486.65
1659.58
1659.58
144.51
144.51
260.57
260.57
137.56
137.56
653.01
653.01
245.96
245.96
1228.10
1228.10
281.27
281.27
10.00
10.00
145.00
145.00
85.75
85.75
347.89
347.89
383.94
383.94
131.92
131.92
104.63
104.63
104.63
104.63
104.63
104.63
104.63
104.63
104.63
104.63
104.63
104.63
104.63
104.63
104.63
104.63
104.63
104.63
104.63
104.63
104.63
104.63
104.63
104.63
104.63
104.63
104.63
104.63
104.63
104.63
104.63
104.63
104.63
104.63
104.63
13.08
