# 1Hz Kbps trace generated by import_real_world_traces.py
2662.81
3179.78
3756.16
2543.46
3764.78
3734.55
2733.40
2971.51
2971.51
3913.81
3913.81
3996.89
3996.89
3098.33
3098.33
3874.98
3874.98
3965.69
3965.69
3165.45
3165.45
3750.46
3750.46
3750.46
3750.46
3750.46
3750.46
3979.03
3979.03
3802.62
3802.62
2531.75
2531.75
4033.56
4033.56
1208.85
1208.85
2817.39
2817.39
2817.39
2817.39
3141.36
3141.36
2998.21
2998.21
3935.23
3935.23
3848.35
3848.35
3203.93
3203.93
3969.52
3969.52
3970.91
3970.91
2933.19
2933.19
3868.05
3868.05
3902.41
3902.41
2744.91
2744.91
3943.12
3943.12
4022.98
4022.98
4022.98
4022.98
3729.16
3729.16
3729.16
3729.16
3729.16
3729.16
3729.16
3729.16
3934.93
3934.93
3136.49
3136.49
2723.10
2723.10
3981.82
3981.82
3189.55
3189.55
3965.75
3965.75
2545.41
2545.41
3058.77
3058.77
3653.50
3653.50
3923.14
3923.14
3021.30
3021.30
3927.71
3927.71
3991.84
3991.84
3991.84
3991.84
3991.84
3991.84
3751.07
3751.07
2884.01
2884.01
3328.58
3328.58
3328.58
3328.58
3328.58
3328.58
3328.58
3328.58
3328.58
3328.58
2905.17
2905.17
3906.96
3906.96
3974.73
3974.73
2993.61
2993.61
3910.64
3910.64
3676.32
3676.32
1882.20
1882.20
1882.20
1882.20
1982.08
1982.08
1982.08
1982.08
1982.08
1982.08
3732.73
3732.73
2657.03
2657.03
3206.97
3206.97
3680.08
3680.08
3680.08
3680.08
4074.71
4074.71
3903.89
3903.89
2720.82
2720.82
3826.01
3826.01
3894.61
3894.61
2820.92
2820.92
3996.19
3996.19
3791.26
3791.26
2560.00
2560.00
3960.33
3960.33
3960.33
3960.33
3960.33
3960.33
3960.33
3960.33
3960.33
3960.33
3960.33
3960.33
3960.33
3960.33
3960.33
3960.33
3960.33
3960.33
3960.33
3960.33
3960.33
3960.33
3960.33
3960.33
3960.33
3960.33
3960.33
3960.33
3960.33
3960.33
3960.33
3960.33
3960.33
3960.33
3960.33
3960.33
3857.30
3857.30
3893.65
3893.65
2577.50
2577.50
3819.28
3819.28
3870.86
3870.86
2378.85
2378.85
3737.28
3737.28
4002.98
4002.98
4002.98
4002.98
4002.98
4002.98
4002.98
4002.98
4002.98
4002.98
4002.98
4002.98
4002.98
4002.98
4002.98
4002.98
4002.98
4002.98
4002.98
4002.98
4002.98
4002.98
4002.98
4002.98
4002.98
4002.98
4002.98
4002.98
4002.98
4002.98
4002.98
4002.98
4002.98
4002.98
4002.98
4002.98
4002.98
4002.98
4002.98
4002.98
4002.98
4002.98
4002.98
4002.98
4002.98
4002.98
4002.98
4002.98
4002.98
4002.98
2459.98
2459.98
2948.28
2948.28
3521.49
3521.49
3521.49
3521.49
3521.49
3521.49
3521.49
3521.49
3521.49
3521.49
3521.49
3521.49
3521.49
3521.49
3521.49
3521.49
3521.49
3521.49
3521.49
3521.49
3521.49
3521.49
2475.28
2475.28
3328.64
3328.64
3622.88
3622.88
3590.24
3590.24
3827.14
3827.14
3827.14
3827.14
3661.87
3661.87
3951.05
3951.05
2632.77
2632.77
3649.07
3649.07
3917.18
3917.18
3917.18
3917.18
3877.92
3877.92
3877.92
3877.92
2901.72
2901.72
3741.31
3741.31
3788.85
3788.85
2593.26
2593.26
3820.77
3820.77
3820.77
3820.77
2861.20
2861.20
3755.50
3755.50
3755.50
3755.50
3755.50
3755.50
3755.50
3755.50
3755.50
