# 1Hz Kbps trace generated by import_real_world_traces.py
1688.86
1482.82
1716.48
749.32
1775.90
1772.15
1772.15
372.71
372.71
372.71
576.79
576.79
28.92
28.92
398.74
398.74
649.97
649.97
617.59
617.59
806.43
806.43
484.03
484.03
299.88
299.88
752.92
752.92
1152.55
1152.55
1546.04
1546.04
938.74
938.74
360.82
360.82
1826.98
1826.98
233.15
233.15
452.05
452.05
999.60
999.60
17.51
17.51
228.03
228.03
946.02
946.02
987.16
987.16
1667.64
1667.64
991.09
991.09
888.15
888.15
1815.09
1815.09
1668.62
1668.62
1369.81
1369.81
1369.81
1951.31
1384.50
1384.50
1947.40
1947.40
1554.05
1554.05
853.79
853.79
2082.26
2082.26
2480.84
2480.84
1899.03
1899.03
1030.95
1030.95
658.07
658.07
1118.32
1118.32
1461.15
1461.15
235.61
235.61
1252.90
1252.90
726.62
726.62
846.96
846.96
1187.85
1187.85
1187.85
1385.93
1385.93
709.78
709.78
658.84
658.84
795.15
795.15
1104.68
1104.68
809.02
809.02
615.63
615.63
952.57
952.57
1110.83
1110.83
1386.18
1386.18
1252.80
1252.80
1335.03
1335.03
907.48
907.48
310.24
310.24
1303.82
1303.82
1583.82
1583.82
490.34
490.34
1277.30
1277.30
441.24
441.24
1183.46
1183.46
868.22
868.22
1176.24
1176.24
1500.10
1500.10
1839.42
1839.42
656.25
656.25
40.13
40.13
1423.57
1423.57
285.61
285.61
550.67
550.67
1073.23
1073.23
1277.48
1277.48
1296.37
1296.37
1143.39
1143.39
582.83
582.83
822.68
822.68
785.39
785.39
785.39
419.46
419.46
1103.07
1449.33
1449.33
1351.78
1351.78
883.05
883.05
19.85
19.85
1100.96
1100.96
1205.61
1205.61
1083.88
1083.88
1857.47
1857.47
1258.81
1258.81
853.80
853.80
1083.58
1083.58
1952.40
1952.40
1367.40
1367.40
1246.61
1246.61
871.60
871.60
666.29
666.29
666.29
666.29
772.14
1017.48
891.94
891.94
1283.66
1283.66
786.14
786.14
1346.43
1346.43
1011.12
1011.12
679.74
679.74
1034.74
1034.74
1034.74
75.10
1441.67
1441.67
1134.35
1134.35
1299.62
1299.62
161.75
161.75
1062.37
1062.37
1407.17
1407.17
935.89
935.89
991.97
991.97
266.60
1306.11
1306.11
1306.11
983.83
1932.96
1932.96
1643.33
1643.33
2225.18
2225.18
2225.18
835.08
807.44
807.44
1378.12
1378.12
1820.67
1820.67
1820.67
1310.54
573.01
573.01
811.37
811.37
811.37
1583.91
921.70
921.70
921.70
13.91
13.91
983.31
983.31
2257.53
2257.53
109.89
1736.05
1736.05
703.22
703.22
1266.50
1266.50
2218.53
2218.53
1906.90
1906.90
1992.05
1992.05
1992.05
293.39
293.39
1040.08
1040.08
1735.79
1735.79
1226.48
1226.48
1748.27
1748.27
2804.28
2804.28
3017.06
4458.82
4458.82
4458.82
884.84
884.84
6760.38
6760.38
3198.12
3198.12
3531.70
3531.70
5716.28
5716.28
4853.50
4853.50
5011.62
5011.62
6980.02
6980.02
8368.90
8368.90
4988.10
4988.10
1479.60
6535.58
6535.58
8077.48
8077.48
14.82
14.82
10.00
10.00
1746.11
1746.11
136.46
136.46
136.46
1671.05
1671.05
147.49
147.49
1207.19
1207.19
367.60
367.60
462.07
462.07
164.34
164.34
1298.67
1298.67
936.65
936.65
748.48
748.48
14.97
14.97
1086.92
1086.92
1286.43
1286.43
1623.29
1623.29
626.06
626.06
1043.04
1043.04
1320.14
1320.14
393.31
393.31
35.68
35.68
1869.03
1869.03
2157.77
2157.77
179.97
179.97
1706.50
1706.50
1557.03
1557.03
438.51
438.51
1012.03
1012.03
1286.37
1286.37
954.03
954.03
1894.25
1894.25
995.39
995.39
1273.62
1273.62
1145.86
1145.86
1671.49
1671.49
645.35
645.35
1559.64
1559.64
1801.97
1801.97
1520.37
1520.37
1407.42
1407.42
1016.57
1016.57
1016.57
1507.74
1012.18
1012.18
433.89
433.89
433.89
673.69
673.69
794.49
480.30
480.30
590.22
590.22
350.41
350.41
350.41
902.73
