# 1Hz Kbps trace generated by import_real_world_traces.py
606.36
606.36
1772.53
1772.53
1772.53
1772.53
1772.53
1772.53
2111.88
2111.88
2111.88
2111.88
1363.38
1363.38
1945.40
1945.40
2117.93
2117.93
2167.22
2167.22
1754.26
1754.26
1605.07
1605.07
2087.92
2087.92
2022.64
2022.64
2022.64
2022.64
1898.52
1898.52
1513.42
1513.42
1886.13
1886.13
1650.93
1650.93
2017.86
2017.86
1803.51
1803.51
2108.85
2108.85
2030.61
2030.61
1939.96
1939.96
1121.92
1121.92
1775.88
1775.88
2028.64
2028.64
1676.49
1676.49
1764.38
1764.38
1960.88
1960.88
1511.22
1511.22
1660.18
1660.18
1704.01
1704.01
2015.84
2015.84
1924.84
1924.84
1861.64
1861.64
2293.51
2293.51
1799.63
1799.63
1837.38
1837.38
1837.38
1837.38
1531.71
1531.71
647.80
647.80
1052.73
1052.73
1052.73
1052.73
1052.73
1052.73
1388.47
1388.47
1388.47
1388.47
1655.33
1655.33
1655.33
1655.33
1566.38
1566.38
1022.66
1022.66
1022.66
1872.50
1872.50
1470.59
1470.59
1897.12
