# 1Hz Kbps trace generated by import_real_world_traces.py
714.49
10.00
89.59
3193.25
6715.00
6715.00
1748.80
1748.80
607.65
607.65
8039.34
8039.34
1041.74
1041.74
5167.00
5167.00
3738.98
3738.98
4942.24
4942.24
8472.08
8472.08
7095.58
7095.58
2124.28
2124.28
24.66
24.66
615.92
615.92
4708.53
4708.53
1303.56
1303.56
3163.78
3163.78
240.99
240.99
4525.97
4525.97
6933.83
6933.83
2906.79
2906.79
3868.98
3868.98
10.00
10.00
2110.15
2110.15
3388.96
3388.96
3388.96
3388.96
1054.16
1054.16
5364.07
5364.07
5364.07
5364.07
5364.07
5364.07
3639.74
3639.74
3722.34
3722.34
774.10
774.10
1380.56
1380.56
23.34
23.34
1166.39
1166.39
3277.71
3277.71
3701.73
3701.73
6519.54
6519.54
6843.48
6843.48
803.55
803.55
114.35
114.35
1772.76
1772.76
10.00
10.00
12.59
12.59
180.99
180.99
36.82
36.82
1274.58
1274.58
1234.57
1234.57
8146.39
8146.39
208.19
208.19
5545.85
5545.85
5367.89
5367.89
1355.04
1355.04
2602.99
2602.99
8717.37
8717.37
8717.37
8717.37
8717.37
8717.37
4508.33
4508.33
9590.72
9590.72
9526.38
9526.38
6093.62
6093.62
207.30
207.30
9964.40
9964.40
5933.49
5933.49
134.82
134.82
119.37
119.37
24.75
24.75
1093.24
1093.24
2464.34
2464.34
3337.40
3337.40
78.77
78.77
375.09
375.09
50.51
50.51
130.50
130.50
12.24
12.24
75.80
75.80
644.82
644.82
1811.48
1811.48
4257.80
4257.80
538.35
538.35
5348.80
5348.80
1447.07
1447.07
2293.89
2293.89
2309.58
2309.58
212.69
212.69
1514.67
1514.67
174.39
174.39
41.08
41.08
446.21
446.21
2767.57
2767.57
1423.84
1423.84
12.22
12.22
1395.46
1395.46
150.56
150.56
2046.10
2046.10
901.33
901.33
2256.09
2256.09
2255.05
2255.05
495.75
495.75
3507.56
3507.56
159.97
159.97
3350.78
3350.78
3374.62
3374.62
3629.46
3629.46
51.87
51.87
563.02
563.02
3049.59
3049.59
3588.79
3588.79
2548.54
2548.54
3568.22
3568.22
3568.22
3568.22
2931.53
2931.53
2931.53
2931.53
2763.07
2763.07
3419.74
3419.74
3348.87
3348.87
5005.82
5005.82
5337.22
5337.22
4960.62
4960.62
4664.73
4664.73
4597.36
4597.36
3435.33
3435.33
4617.78
4617.78
6424.23
6424.23
5083.82
5083.82
5538.06
5538.06
2369.72
2369.72
6068.94
6068.94
6043.58
6043.58
6641.51
6641.51
8472.80
8472.80
8800.67
8800.67
7053.14
7053.14
8362.91
8362.91
8362.91
8362.91
8362.91
8362.91
667.79
667.79
5677.94
5677.94
5677.94
5677.94
5677.94
5677.94
5677.94
5677.94
5677.94
5677.94
5677.94
5677.94
5677.94
5677.94
5677.94
5677.94
5677.94
5677.94
5677.94
5677.94
8838.47
8838.47
8133.40
8133.40
10095.21
10095.21
7449.54
7449.54
98.40
98.40
524.55
524.55
9817.11
9817.11
313.04
313.04
4382.13
4382.13
4382.13
4382.13
4382.13
4382.13
4382.13
4382.13
4671.33
4671.33
4671.33
4671.33
9168.61
9168.61
9168.61
9168.61
9168.61
9168.61
9168.61
9168.61
9168.61
9168.61
9168.61
9168.61
9168.61
9168.61
9168.61
9168.61
9168.61
9168.61
9168.61
9168.61
606.12
606.12
1099.76
1099.76
1127.55
1127.55
1917.09
1917.09
1283.38
1283.38
2145.77
2145.77
1922.24
1922.24
2219.52
2219.52
2122.39
2122.39
2491.47
2491.47
210.59
210.59
681.64
681.64
2924.19
2924.19
2659.21
2659.21
4063.17
4063.17
4063.17
4063.17
126.80
126.80
3926.73
3926.73
3362.60
3362.60
3868.15
3868.15
1708.46
1708.46
5636.45
5636.45
22.66
22.66
13.41
13.41
394.33
394.33
1511.10
1511.10
2042.06
2042.06
3134.69
3134.69
1580.69
1580.69
2239.20
2239.20
6468.88
6468.88
3527.68
3527.68
350.79
350.79
1954.92
1954.92
386.68
386.68
4966.93
4966.93
1923.08
1923.08
2804.60
2804.60
276.03
276.03
4445.93
4445.93
3665.38
3665.38
3591.14
3591.14
514.20
514.20
3415.18
3415.18
640.33
640.33
1915.43
1915.43
1088.32
1088.32
34.74
34.74
1247.47
1247.47
3174.68
3174.68
5442.09
5442.09
5808.71
5808.71
5519.32
5519.32
3733.53
3733.53
607.67
607.67
5761.30
5761.30
2284.28
2284.28
298.68
298.68
2235.74
2235.74
6795.11
6795.11
6320.57
6320.57
2204.97
2204.97
2200.95
2200.95
180.76
180.76
103.92
103.92
3321.97
3321.97
5956.19
5956.19
6213.50
6213.50
3017.09
3017.09
1831.77
1831.77
1831.77
2202.94
2202.94
50.38
50.38
3179.43
3179.43
5025.09
5025.09
5025.09
6675.85
6675.85
6675.85
5843.40
5843.40
4664.84
4664.84
8014.40
8014.40
2018.38
404.69
404.69
4405.56
4405.56
4405.56
4405.56
4405.56
5009.90
5009.90
5009.90
5009.90
5009.90
8905.75
8905.75
8905.75
8905.75
8905.75
1393.82
3706.01
3706.01
3706.01
2828.98
2828.98
3456.41
361.18
361.18
361.18
428.67
3171.86
3171.86
3347.96
3347.96
52.37
52.37
52.37
98.95
98.95
389.86
389.86
475.34
475.34
10.00
10.00
220.93
220.93
3318.04
3318.04
3840.47
3840.47
5288.72
948.13
948.13
948.13
113.08
40.85
40.85
262.39
262.39
262.39
2590.91
2590.91
1067.26
1067.26
48.77
790.95
790.95
790.95
1124.91
1124.91
554.45
554.45
3285.38
3285.38
12.29
12.29
705.41
705.41
3742.24
3742.24
1070.42
999.74
999.74
4282.91
4282.91
4282.91
2262.96
2370.44
2370.44
2370.44
1769.23
1769.23
2157.39
2157.39
80.72
80.72
1651.88
1651.88
662.06
662.06
717.37
717.37
1787.37
1787.37
4129.81
4129.81
4129.81
4129.81
450.77
47.17
47.17
1489.50
1489.50
1436.41
1436.41
1436.41
596.74
596.74
2290.53
1305.33
1305.33
1305.33
123.61
123.61
987.21
987.21
2234.98
2234.98
3352.65
3426.31
3426.31
3426.31
3426.31
3426.31
3561.17
3561.17
74.14
558.09
558.09
558.09
2847.31
2847.31
2847.31
2847.31
2516.84
2420.62
2420.62
2420.62
1517.95
992.49
992.49
992.49
5566.78
5237.15
5237.15
5237.15
4354.54
4354.54
4290.45
671.65
671.65
5157.89
5157.89
5157.89
6278.15
6278.15
4532.26
4532.26
217.45
684.44
684.44
684.44
311.90
311.90
123.84
87.92
87.92
10.04
10.04
23.11
23.11
23.11
3385.07
3385.07
650.34
10.03
10.03
10.03
597.56
663.53
663.53
663.53
40.80
40.80
5229.83
4733.82
4733.82
4733.82
5512.65
5512.65
20.10
690.80
690.80
658.48
658.48
109.15
109.15
109.15
672.51
10.14
10.14
10.14
2889.19
2889.19
2409.77
2409.77
339.19
46.50
46.50
46.50
10.00
10.00
421.35
421.35
1096.33
28.99
28.99
28.99
618.70
618.70
58.83
58.83
3022.46
3022.46
5221.60
5221.60
3015.57
3015.57
12.42
12.42
507.86
507.86
653.87
653.87
2270.67
2270.67
53.58
53.58
4523.17
4523.17
37.91
37.91
49.01
49.01
7452.83
7452.83
1094.48
1094.48
1660.00
1660.00
7411.40
7411.40
663.56
663.56
3708.54
3708.54
1147.18
1147.18
997.86
997.86
7180.35
7180.35
661.00
661.00
615.68
615.68
38.29
38.29
906.33
906.33
648.36
648.36
631.54
631.54
6392.85
6392.85
198.21
198.21
1380.00
1380.00
570.18
570.18
1225.78
1225.78
125.92
125.92
71.61
71.61
105.16
105.16
570.26
570.26
4437.85
4437.85
35.91
35.91
7969.37
7969.37
2875.93
2875.93
2875.93
2875.93
3869.41
3869.41
626.29
626.29
1186.83
1186.83
3757.57
3757.57
19.51
19.51
4430.12
4430.12
30.38
30.38
25.53
25.53
24.64
24.64
46.34
46.34
428.19
428.19
164.15
164.15
12.45
12.45
10.00
10.00
10.00
10.00
10.00
10.00
125.97
125.97
204.27
204.27
697.04
697.04
1678.37
1678.37
1847.99
1847.99
550.07
550.07
56.30
56.30
2427.77
2427.77
55.26
55.26
10.00
10.00
81.42
81.42
7372.86
7372.86
7333.69
7333.69
25.78
25.78
578.52
578.52
36.69
36.69
2054.81
2054.81
19.57
19.57
258.62
258.62
27.33
27.33
26.82
26.82
10.99
10.99
41.71
41.71
8263.65
8263.65
8572.16
8572.16
78.62
78.62
50.95
50.95
23.61
23.61
2579.64
2579.64
6866.63
6866.63
6866.63
6866.63
12.55
12.55
53.64
53.64
22.31
22.31
12.59
12.59
45.92
45.92
1396.68
1396.68
81.55
81.55
23.38
23.38
3262.21
3262.21
665.17
665.17
69.67
69.67
3373.89
3373.89
50.88
50.88
37.74
37.74
718.80
718.80
21.60
21.60
3521.65
3521.65
29.24
29.24
39.72
39.72
76.59
76.59
76.59
432.02
432.02
883.45
883.45
1462.39
23.40
23.40
487.48
487.48
2168.48
2168.48
577.59
577.59
2032.64
2032.64
648.18
648.18
2758.44
2758.44
3306.94
3306.94
856.92
856.92
19.06
19.06
48.65
48.65
1459.30
1459.30
2213.27
2213.27
3354.30
3354.30
4050.42
4050.42
21.15
21.15
2050.58
2050.58
875.33
875.33
2682.55
2682.55
2199.46
2199.46
19.74
19.74
24.01
24.01
10.00
10.00
933.24
933.24
122.34
122.34
2743.49
2743.49
104.05
104.05
644.76
644.76
10.00
10.00
671.56
671.56
28.89
28.89
46.59
46.59
6187.84
6187.84
13.85
13.85
663.72
663.72
26.26
26.26
2888.82
2888.82
2342.02
2342.02
68.90
68.90
18.63
18.63
1779.56
1779.56
1922.14
1922.14
3527.13
3527.13
2159.17
2159.17
14.24
14.24
79.46
79.46
608.80
608.80
92.44
92.44
68.55
68.55
11.85
11.85
256.70
256.70
17.67
17.67
164.82
164.82
473.05
473.05
34.29
34.29
26.75
26.75
25.75
25.75
93.93
93.93
35.88
35.88
144.62
144.62
636.65
636.65
56.47
56.47
2569.32
2569.32
10.00
10.00
301.44
301.44
587.58
587.58
47.21
47.21
36.49
36.49
36.69
36.69
148.75
148.75
612.46
612.46
104.53
104.53
1612.08
1612.08
2815.75
2815.75
59.52
59.52
625.38
625.38
41.45
41.45
2076.93
2076.93
4626.10
4626.10
82.70
82.70
59.49
59.49
289.68
289.68
609.96
609.96
3377.60
3377.60
3377.60
3377.60
4522.12
4522.12
5821.23
5821.23
5927.71
5927.71
5927.71
5927.71
6686.07
6686.07
4943.21
4943.21
299.02
299.02
26.93
26.93
5288.35
5288.35
1951.25
1951.25
6844.45
6844.45
12.50
12.50
12.13
12.13
3228.31
3228.31
682.92
682.92
19.55
19.55
4985.57
4985.57
6850.61
6850.61
34.57
34.57
4926.14
4926.14
6611.85
6611.85
28.34
28.34
7167.32
7167.32
8161.35
8161.35
1199.84
1199.84
6679.96
6679.96
466.77
466.77
10.54
10.54
612.08
612.08
2473.06
2473.06
55.03
55.03
7171.83
7171.83
1173.43
1173.43
9671.14
9671.14
1010.80
1010.80
2138.13
2138.13
80.62
80.62
95.68
95.68
699.30
699.30
99.54
99.54
2647.26
2647.26
403.05
403.05
493.82
493.82
4667.89
4667.89
4667.89
4667.89
4667.89
4667.89
4667.89
4667.89
4667.89
4667.89
4667.89
4667.89
10252.28
10252.28
617.64
617.64
32.00
32.00
7422.05
7422.05
8239.97
8239.97
9021.86
9021.86
3299.00
3299.00
19.13
19.13
669.60
669.60
4838.47
4838.47
607.32
607.32
3107.72
3107.72
3318.63
3318.63
4110.14
4110.14
4265.40
4265.40
4265.40
4265.40
4591.19
4591.19
77.46
77.46
9977.14
9977.14
116.76
116.76
47.58
47.58
67.25
67.25
611.81
611.81
88.06
88.06
15.21
15.21
2798.14
2798.14
1037.37
1037.37
28.86
28.86
3957.38
3957.38
116.36
116.36
327.36
327.36
4259.35
4259.35
3201.57
3201.57
3626.48
3626.48
3268.49
3268.49
4647.13
4647.13
5239.55
5239.55
5868.49
5868.49
5544.90
5544.90
10.00
10.00
5842.38
5842.38
4803.54
4803.54
6504.93
6504.93
6504.93
6504.93
5353.60
5353.60
5786.62
5786.62
7979.98
7979.98
7979.98
7979.98
7979.98
7979.98
584.55
584.55
2169.64
2169.64
2891.51
2891.51
2891.51
2891.51
10.21
10.21
10.21
10.21
10.21
10.21
419.11
419.11
652.21
652.21
1289.64
1483.97
1511.94
1511.94
2029.50
2029.50
2499.24
2499.24
2585.81
2585.81
2956.12
2956.12
2451.80
2451.80
2965.60
2965.60
10.00
10.00
24.61
24.61
16.24
16.24
109.64
109.64
610.43
610.43
10.33
10.33
1058.75
1058.75
18.09
18.09
11.42
11.42
567.77
567.77
961.47
961.47
10.18
10.18
10.81
10.81
3291.97
3291.97
2907.19
2907.19
3284.67
3284.67
3284.67
3284.67
1410.65
1410.65
1410.65
1410.65
531.08
531.08
376.82
376.82
37.67
37.67
10.00
10.00
10.00
10.00
4331.96
4331.96
3610.13
3610.13
4988.61
4988.61
4096.52
4096.52
618.85
618.85
28.82
28.82
30.94
30.94
5405.31
5405.31
6790.76
6790.76
609.96
609.96
609.96
609.96
17.28
17.28
17.83
17.83
10.00
10.00
33.40
33.40
10.00
10.00
619.19
619.19
13.67
13.67
62.25
62.25
586.97
586.97
6352.61
6352.61
5533.51
5533.51
920.40
920.40
810.79
810.79
3715.37
3715.37
24.96
24.96
659.29
659.29
10.27
10.27
481.20
481.20
10.00
10.00
123.92
123.92
2289.78
2289.78
86.34
86.34
3299.54
3299.54
4019.72
4019.72
2783.70
2783.70
35.56
35.56
685.73
685.73
10.00
10.00
10.00
10.00
17.72
17.72
17.72
92.66
92.66
48.68
48.68
10.00
10.00
162.43
162.43
2581.45
2581.45
1723.71
1723.71
5705.85
5705.85
5705.85
5298.61
5298.61
32.77
32.77
32.77
5639.28
54.46
54.46
4587.57
4587.57
4587.57
4094.57
10.00
10.00
10.00
4217.09
4217.09
665.84
3607.95
3607.95
3607.95
78.91
18.81
18.81
18.81
53.71
53.71
18.95
10.00
10.00
10.00
664.27
2963.85
2963.85
2963.85
2963.85
2963.85
2963.85
10608.19
10608.19
10608.19
566.43
39.66
39.66
81.00
81.00
81.00
1556.12
1556.12
10.00
10.00
19.20
98.71
98.71
11.70
11.70
11.70
10.00
10.00
21.69
674.33
674.33
4186.33
4186.33
4186.33
661.78
661.78
10.00
10.00
2886.54
2886.54
12.98
18.20
18.20
18.20
18.20
18.20
18.20
18.20
172.72
172.72
172.72
28.40
424.93
424.93
40.48
40.48
40.48
226.74
226.74
21.84
199.95
261.31
109.82
109.82
21.57
21.57
46.27
504.90
504.90
504.90
17.64
1608.93
1608.93
1608.93
20.56
20.56
2170.44
2170.44
75.89
75.89
3006.92
3006.92
2685.34
2685.34
3442.18
3442.18
3767.76
3767.76
882.11
882.11
3470.65
671.65
671.65
671.65
3620.23
14.32
14.32
14.32
10.00
10.00
40.51
1133.04
1133.04
1133.04
82.23
82.23
657.50
657.50
48.98
48.98
2483.24
4852.08
4852.08
4852.08
4852.08
4852.08
18.66
800.55
800.55
800.55
661.04
118.97
118.97
206.31
206.31
206.31
347.02
158.26
158.26
10.00
10.00
72.21
72.21
72.21
10.00
10.00
1279.22
1279.22
37.35
37.35
4598.56
4598.56
4598.56
4598.56
4589.60
4589.60
3643.05
3643.05
1711.44
1711.44
649.02
2384.82
2384.82
2384.82
28.39
28.39
177.45
177.45
10.00
10.00
272.58
1335.74
1335.74
1335.74
623.54
39.46
39.46
39.46
661.85
661.85
2644.62
10.00
