# 1Hz Kbps trace generated by import_real_world_traces.py
367.90
397.48
397.48
397.48
397.48
397.75
397.75
397.75
397.75
397.75
397.75
397.75
397.75
397.75
397.75
397.75
397.75
10.00
10.00
231.20
231.20
231.20
231.20
246.03
246.03
246.03
246.03
246.03
246.03
246.03
246.03
246.03
246.03
246.03
246.03
246.03
246.03
246.03
246.03
254.48
254.48
254.48
254.48
254.48
284.81
284.81
284.81
284.81
284.81
284.81
284.81
284.81
284.81
284.81
284.81
284.81
284.81
284.81
284.81
284.81
284.81
284.81
284.81
284.81
284.81
284.81
284.81
284.81
305.69
305.69
305.69
305.69
305.69
305.69
305.69
305.69
305.69
305.69
305.69
305.69
305.69
305.69
305.69
305.69
305.69
305.69
305.69
305.69
305.69
305.69
305.69
305.69
305.69
305.69
305.69
305.69
305.69
305.69
305.69
305.69
305.69
305.69
305.69
305.69
305.69
305.69
305.69
305.69
305.69
305.69
305.69
305.69
305.69
305.69
305.69
305.69
305.69
305.69
305.69
305.69
305.69
305.69
307.44
307.44
307.44
307.44
307.44
307.44
307.44
307.44
307.44
307.44
307.44
307.44
307.44
307.44
307.44
307.44
307.44
307.44
307.44
307.44
307.44
307.44
307.44
307.44
307.44
307.44
307.44
307.44
307.44
307.44
307.44
307.44
307.44
307.44
307.44
307.44
307.44
307.44
307.44
307.44
307.44
307.44
307.44
307.44
307.44
307.44
307.44
307.44
307.44
307.44
307.44
307.44
307.44
307.44
307.44
307.44
307.44
307.44
307.44
307.44
307.44
307.44
307.44
307.44
307.44
307.44
307.44
307.44
307.44
307.44
307.44
307.44
307.44
307.44
307.44
307.44
307.44
307.44
307.44
307.44
307.44
307.44
307.44
307.44
307.44
307.44
307.44
307.44
307.44
307.44
535.87
535.87
535.87
535.87
535.87
535.87
535.87
535.87
535.87
535.87
535.87
535.87
535.87
535.87
535.87
535.87
535.87
535.87
535.87
535.87
535.87
535.87
535.87
535.87
535.87
535.87
535.87
535.87
535.87
535.87
535.87
535.87
535.87
535.87
535.87
535.87
535.87
535.87
535.87
535.87
535.87
535.87
535.87
535.87
535.87
535.87
535.87
535.87
535.87
535.87
535.87
535.87
535.87
535.87
535.87
535.87
535.87
535.87
535.87
535.87
535.87
535.87
535.87
535.87
535.87
535.87
535.87
535.87
535.87
535.87
535.87
535.87
535.87
535.87
535.87
535.87
535.87
535.87
535.87
535.87
535.87
535.87
535.87
535.87
535.87
535.87
535.87
535.87
535.87
535.87
535.87
535.87
535.87
535.87
535.87
535.87
535.87
535.87
535.87
535.87
535.87
535.87
535.87
535.87
535.87
535.87
535.87
535.87
535.87
535.87
535.87
535.87
535.87
535.87
231.23
231.23
231.23
231.23
231.23
231.23
231.23
231.23
231.23
231.23
231.23
231.23
231.23
231.23
231.23
231.23
231.23
231.23
231.23
231.23
231.23
231.23
231.23
231.23
231.23
231.23
231.23
231.23
291.54
291.54
291.54
291.54
291.54
291.54
291.54
291.54
291.54
291.54
291.54
291.54
291.54
291.54
291.54
291.54
291.54
291.54
291.54
291.54
291.54
291.54
291.54
291.54
291.54
291.54
291.54
291.54
291.54
291.54
291.54
291.54
291.54
291.54
291.54
291.54
291.54
291.54
291.54
291.54
291.54
291.54
291.54
291.54
291.54
291.54
291.54
291.54
291.54
291.54
291.54
291.54
291.54
291.54
291.54
291.54
291.54
291.54
291.54
291.54
291.54
291.54
291.54
291.54
291.54
291.54
46.84
46.84
44.00
44.00
92.58
92.58
89.65
89.65
119.75
119.75
119.75
119.75
144.29
144.29
144.29
144.29
155.23
155.23
162.14
162.14
162.14
162.14
202.71
202.71
202.71
202.71
196.63
196.63
196.63
196.63
196.63
196.63
196.63
196.63
196.63
196.63
213.62
213.62
213.62
213.62
209.04
209.04
209.04
209.04
209.04
209.04
260.25
260.25
260.25
260.25
260.25
260.25
260.25
260.25
260.25
260.25
260.25
260.25
260.25
260.25
16.22
222.59
281.62
281.62
281.62
281.62
281.62
281.62
281.62
281.62
285.73
285.73
285.73
285.73
285.73
285.73
285.73
285.73
285.73
285.73
285.73
285.73
285.73
285.73
287.26
287.26
287.26
287.26
287.26
287.26
287.26
287.26
287.26
287.26
340.19
340.19
340.19
340.19
340.19
340.19
340.19
340.19
340.19
340.19
340.19
340.19
340.19
340.19
340.19
340.19
340.19
340.19
340.19
340.19
340.19
340.19
340.19
340.19
340.19
340.19
340.19
340.19
340.19
340.19
340.19
340.19
340.19
340.19
42.14
42.14
77.25
77.25
123.98
123.98
208.89
208.89
236.38
236.38
233.78
233.78
229.95
229.95
282.35
282.35
282.35
282.35
282.35
282.35
282.35
282.35
282.35
282.35
282.35
282.35
282.35
282.35
284.81
284.81
307.88
307.88
307.88
307.88
307.88
307.88
307.88
307.88
315.91
315.91
315.91
315.91
315.91
315.91
315.91
315.91
315.91
315.91
315.91
315.91
315.91
315.91
359.03
359.03
359.03
359.03
359.03
359.03
382.49
382.49
389.28
389.28
389.28
389.28
389.28
389.28
389.28
389.28
389.28
389.28
389.28
389.28
389.28
389.28
389.28
389.28
389.28
389.28
389.28
389.28
389.28
389.28
389.28
389.28
389.28
389.28
389.28
389.28
389.28
389.28
389.28
389.28
389.28
389.28
389.28
389.28
389.28
389.28
389.28
389.28
389.28
389.28
389.28
389.28
389.28
389.28
389.28
389.28
389.28
389.28
389.28
389.28
389.28
389.28
389.28
389.28
389.28
389.28
389.28
389.28
389.28
389.28
389.28
389.28
390.56
390.56
390.56
390.56
390.56
390.56
390.56
390.56
390.56
390.56
390.56
390.56
390.56
390.56
390.56
390.56
390.56
390.56
390.56
390.56
390.56
390.56
390.56
390.56
390.56
390.56
390.56
390.56
390.56
390.56
390.56
390.56
390.56
390.56
390.56
390.56
390.56
390.56
390.56
390.56
390.56
390.56
390.56
390.56
390.56
390.56
390.56
390.56
390.56
390.56
390.56
390.56
390.56
390.56
390.56
390.56
390.56
390.56
390.56
390.56
390.56
390.56
390.56
390.56
390.56
390.56
390.56
390.56
390.56
390.56
390.56
390.56
431.26
431.26
431.26
431.26
431.26
431.26
431.26
431.26
431.26
431.26
431.26
431.26
174.47
174.47
174.47
174.47
182.52
182.52
182.52
182.52
182.52
182.52
182.52
182.52
347.68
347.68
347.68
347.68
347.68
347.68
347.68
347.68
347.68
347.68
363.54
363.54
363.54
363.54
363.54
363.54
363.54
363.54
363.54
363.54
363.54
363.54
363.54
363.54
93.32
93.32
88.52
88.52
110.44
110.44
111.59
111.59
114.27
114.27
165.53
165.53
170.00
170.00
215.77
215.77
215.77
215.77
209.57
209.57
209.57
209.57
210.50
210.50
273.65
273.65
273.65
273.65
273.65
273.65
273.65
273.65
273.65
273.65
273.65
273.65
273.65
273.65
300.13
300.13
85.17
85.17
293.09
293.09
293.13
293.13
293.13
293.13
296.88
296.88
296.88
296.88
296.88
296.88
296.88
296.88
296.88
296.88
296.88
296.88
296.88
296.88
296.88
296.88
296.88
296.88
296.88
296.88
296.88
296.88
296.88
296.88
314.83
314.83
314.83
314.83
314.83
314.83
314.83
314.83
314.83
314.83
314.83
314.83
314.83
314.83
314.83
314.83
314.83
314.83
337.84
337.84
337.84
337.84
337.84
337.84
339.71
339.71
339.71
339.71
339.71
339.71
339.71
339.71
339.71
339.71
339.71
339.71
339.71
339.71
339.71
339.71
339.71
339.71
339.71
339.71
339.71
339.71
339.71
339.71
389.04
389.04
389.04
389.04
389.04
389.04
389.04
389.04
389.04
389.04
389.04
389.04
389.04
389.04
389.04
389.04
389.04
389.04
389.04
389.04
389.04
389.04
389.04
389.04
389.04
389.04
389.04
389.04
389.04
389.04
389.04
389.04
389.04
389.04
389.04
389.04
389.04
389.04
389.04
389.04
400.46
400.46
398.60
398.60
398.60
398.60
398.60
398.60
433.52
433.52
433.52
433.52
433.52
433.52
433.52
433.52
433.52
433.52
433.52
433.52
433.52
433.52
433.52
433.52
433.52
433.52
433.52
433.52
433.52
433.52
433.52
433.52
433.52
433.52
433.52
433.52
433.52
433.52
433.52
433.52
433.52
433.52
433.52
433.52
433.52
433.52
433.52
433.52
433.52
433.52
433.52
433.52
433.52
433.52
433.52
433.52
433.52
433.52
433.52
433.52
433.52
433.52
433.52
433.52
433.52
433.52
433.52
433.52
433.52
433.52
433.52
433.52
433.52
433.52
433.52
433.52
433.52
433.52
433.52
433.52
433.52
433.52
433.52
433.52
433.52
433.52
433.52
433.52
433.52
433.52
433.52
433.52
433.52
433.52
433.52
433.52
433.52
433.52
433.52
433.52
433.52
433.52
433.52
433.52
433.52
433.52
433.52
433.52
433.52
433.52
433.52
433.52
433.52
433.52
433.52
433.52
433.52
433.52
433.52
433.52
433.52
433.52
433.52
433.52
433.52
433.52
433.52
433.52
433.52
433.52
433.52
433.52
433.52
433.52
433.52
433.52
433.52
433.52
433.52
433.52
433.52
433.52
433.52
433.52
433.52
433.52
433.52
433.52
433.52
433.52
433.52
433.52
433.52
433.52
433.52
433.52
433.52
433.52
433.52
433.52
433.52
433.52
433.52
433.52
433.52
433.52
433.52
137.71
137.71
137.71
137.71
145.90
145.90
151.10
151.10
151.10
151.10
161.22
161.22
161.22
161.22
249.30
249.30
249.30
249.30
249.30
249.30
249.30
249.30
249.30
249.30
254.19
254.19
254.19
254.19
254.19
254.19
254.19
254.19
254.19
254.19
342.64
342.64
342.64
342.64
342.64
342.64
342.64
342.64
342.64
342.64
342.64
342.64
372.21
372.21
438.50
438.50
438.50
438.50
438.50
438.50
438.50
438.50
438.50
438.50
438.50
438.50
438.50
438.50
438.50
438.50
438.50
438.50
438.50
438.50
438.50
438.50
438.50
438.50
438.50
438.50
438.50
438.50
438.50
438.50
438.50
438.50
438.50
438.50
438.50
438.50
438.50
438.50
438.50
438.50
438.50
438.50
438.50
438.50
438.50
438.50
438.50
438.50
438.50
438.50
438.50
438.50
438.50
438.50
438.50
438.50
438.50
438.50
438.50
438.50
82.15
82.15
119.52
119.52
167.25
167.25
190.01
190.01
187.76
187.76
187.76
187.76
229.24
229.24
229.24
229.24
229.24
229.24
229.24
229.24
229.24
229.24
250.02
250.02
250.02
250.02
275.68
275.68
303.06
303.06
303.06
303.06
303.06
303.06
303.06
303.06
329.33
329.33
329.33
329.33
329.33
329.33
329.33
329.33
329.33
329.33
331.00
331.00
331.00
331.00
331.00
331.00
331.00
331.00
331.00
331.00
331.00
331.00
331.00
331.00
349.11
349.11
349.11
349.11
349.11
349.11
349.11
349.11
349.11
349.11
349.11
349.11
355.97
355.97
355.97
355.97
355.97
355.97
355.97
355.97
355.97
355.97
355.97
355.97
355.97
355.97
355.97
355.97
355.97
355.97
355.97
355.97
355.97
