# 1Hz Kbps trace generated by import_real_world_traces.py
1182.32
1118.42
1118.42
1236.53
1236.53
1183.62
1183.62
1194.63
1194.63
1184.14
1184.14
1193.79
1193.79
1178.70
1178.70
1087.62
1087.62
1181.61
1181.61
1188.76
1188.76
1117.34
1117.34
1206.61
1206.61
1198.48
1198.48
1230.53
1230.53
1164.82
1164.82
1200.97
1200.97
1262.01
1262.01
1205.70
1205.70
1195.57
1195.57
1209.89
1209.89
1009.63
1009.63
1211.40
1211.40
1219.09
1219.09
1198.29
1198.29
1194.04
1194.04
1193.82
1193.82
1217.95
1217.95
1188.28
1188.28
1193.89
1193.89
1191.97
1191.97
1182.89
1182.89
1204.40
1204.40
1200.27
1200.27
1189.61
1189.61
1181.20
1181.20
1234.40
1234.40
1210.87
1210.87
1208.85
1208.85
1213.35
1213.35
456.71
456.71
1191.17
1191.17
1168.20
1168.20
1192.00
1192.00
1157.22
1157.22
1228.73
1228.73
25.39
25.39
1204.14
1204.14
1174.74
1174.74
1145.46
1145.46
1182.68
1182.68
1183.04
1183.04
1044.55
1044.55
1193.02
1193.02
1168.15
1168.15
1198.30
1198.30
1210.63
1210.63
1122.38
1122.38
1146.91
1146.91
1037.22
1037.22
1235.74
1235.74
1138.82
1138.82
1160.63
1160.63
1221.59
1221.59
1228.23
1228.23
1222.78
1222.78
1148.03
1148.03
1192.06
1192.06
1159.22
1159.22
281.05
281.05
1134.40
1134.40
1163.66
1163.66
1190.33
1190.33
1172.85
1172.85
1262.00
1262.00
1209.97
1209.97
1213.40
1213.40
1245.95
1245.95
1211.98
1211.98
1265.43
1265.43
1218.94
1218.94
1205.38
1205.38
1192.87
1192.87
1205.13
1205.13
1194.97
1194.97
1218.99
1218.99
1215.95
1215.95
1185.22
1185.22
1194.17
1194.17
1188.14
1188.14
1207.92
1207.92
1160.25
1160.25
1225.17
1225.17
1218.46
1218.46
344.20
344.20
1201.77
1201.77
937.38
937.38
1093.14
1093.14
1200.61
1200.61
1210.64
1210.64
1157.81
1157.81
1170.94
1170.94
1147.42
1147.42
1227.63
1227.63
1054.89
1054.89
1179.17
1179.17
1136.92
1136.92
1066.89
1066.89
1214.85
1214.85
1135.86
1135.86
1207.93
1207.93
318.21
318.21
1166.69
1166.69
1123.52
1123.52
1234.88
1234.88
1140.00
1140.00
1191.04
1191.04
1082.22
1082.22
1177.72
1177.72
1136.63
1136.63
1212.17
1212.17
1184.27
1184.27
1192.64
1192.64
1205.17
1205.17
1220.85
1220.85
1213.90
1213.90
1174.84
1174.84
1204.79
1204.79
1204.67
1204.67
1197.38
1197.38
1063.21
1063.21
1074.93
1074.93
1220.49
1220.49
1198.98
1198.98
1159.16
1159.16
1208.35
1208.35
376.53
376.53
1093.23
1093.23
1206.88
1206.88
1218.56
1218.56
1142.03
1142.03
1217.29
1217.29
1229.04
1229.04
1193.02
1193.02
1193.02
1177.50
1203.66
1203.66
1026.26
1026.26
1026.26
1221.23
1182.62
1182.62
1101.89
1101.89
1179.65
1179.65
1238.34
1238.34
1220.49
1220.49
1225.95
1225.95
1248.93
1248.93
964.50
964.50
1251.99
1251.99
1199.26
1199.26
1257.58
1257.58
1201.76
1201.76
1195.27
1195.27
1233.01
1233.01
1175.64
1175.64
1196.25
1196.25
1215.83
1215.83
1175.46
1175.46
1184.61
1184.61
1165.20
1165.20
1210.73
1210.73
1219.13
1219.13
1198.84
1198.84
1069.89
1069.89
1128.28
1128.28
1118.20
1118.20
1178.35
1178.35
1232.23
1232.23
1176.62
1176.62
548.15
548.15
1221.42
1221.42
1196.37
1196.37
1162.16
1162.16
1214.77
1214.77
1242.08
1242.08
1183.63
1183.63
1212.95
1212.95
1200.27
1200.27
1219.01
1219.01
1221.02
1221.02
489.55
489.55
1175.66
1175.66
1175.31
1175.31
1211.36
1211.36
1211.24
1211.24
1215.94
1215.94
1164.98
1164.98
1214.21
1214.21
1193.99
1193.99
1197.23
1197.23
1246.14
1246.14
1182.23
1182.23
384.23
384.23
1209.14
1209.14
1209.97
1209.97
1209.97
1190.74
1201.07
1201.07
1079.30
1079.30
1209.64
1209.64
1209.64
577.42
577.42
1141.31
1141.31
1248.54
1248.54
1215.97
1215.97
1030.95
1030.95
1208.95
1208.95
1214.68
1214.68
1189.83
1189.83
1192.74
1192.74
1128.15
1128.15
1183.67
1183.67
1227.39
1227.39
1355.07
1355.07
1195.60
1195.60
1190.47
1190.47
970.20
970.20
1193.15
1193.15
1217.13
1217.13
1248.59
1248.59
1217.14
1217.14
1008.05
1008.05
1217.02
1217.02
1148.90
1148.90
1267.17
1267.17
495.09
495.09
1193.36
1193.36
1187.16
1187.16
1043.24
1043.24
1201.13
1201.13
1159.28
1159.28
1211.58
1211.58
1191.69
1191.69
1228.47
1228.47
1229.99
1229.99
1211.18
1211.18
1174.41
1174.41
1217.44
1217.44
1219.58
1219.58
1193.41
1193.41
1191.61
1191.61
1233.39
1233.39
1198.57
1198.57
1184.26
1184.26
1222.10
1222.10
1215.53
1215.53
1185.06
1185.06
21.87
21.87
1219.68
1219.68
1202.73
1202.73
1157.27
1157.27
1026.22
1026.22
1169.87
1169.87
1182.73
1182.73
1219.24
1219.24
1170.43
1170.43
1123.77
1123.77
1191.86
1191.86
1175.98
1175.98
327.01
327.01
1240.40
1240.40
1096.21
1096.21
1058.45
1058.45
1080.70
1080.70
1106.06
1106.06
662.62
662.62
1177.42
1177.42
1194.89
1194.89
1061.13
1061.13
1144.45
1144.45
1174.37
1174.37
1213.54
1213.54
1185.94
1185.94
1058.85
1058.85
1191.70
1191.70
1195.88
1195.88
1184.28
1184.28
1175.59
1175.59
1214.67
1214.67
1225.74
1225.74
1184.22
1184.22
801.95
801.95
1268.33
1268.33
1158.22
1158.22
1193.36
1193.36
1235.00
1235.00
1212.50
1212.50
1149.07
1149.07
1209.01
1209.01
1250.04
1250.04
1243.12
1243.12
1178.78
1178.78
1217.58
1217.58
1146.93
1146.93
1236.24
1236.24
1196.94
1196.94
1230.07
1230.07
1227.95
1227.95
1213.94
1213.94
1228.59
1228.59
803.27
803.27
1251.11
1251.11
996.69
996.69
1099.65
1099.65
1145.80
1145.80
1159.35
1159.35
1168.12
1168.12
1216.70
1216.70
1104.19
1104.19
976.85
976.85
1196.82
1196.82
1222.28
1222.28
1232.98
1232.98
1171.91
1171.91
1180.59
1180.59
1208.82
1208.82
1186.52
1186.52
1077.73
1077.73
1219.04
1219.04
1209.58
1209.58
1233.88
1233.88
1053.81
1053.81
1220.85
1220.85
1180.53
1180.53
1205.77
1205.77
1204.30
1204.30
822.81
822.81
1205.80
1205.80
1168.24
1168.24
1194.63
1194.63
299.08
299.08
1203.04
1203.04
1074.17
1074.17
264.43
264.43
1241.03
1241.03
1236.90
1236.90
1193.95
1193.95
1218.90
1218.90
1144.17
1144.17
1190.97
1190.97
1170.35
1170.35
965.89
965.89
1183.56
1183.56
1253.76
1253.76
1217.33
1217.33
1195.97
1195.97
1220.49
1220.49
1035.88
1035.88
1117.12
1117.12
1164.96
1164.96
1114.39
1114.39
1217.45
1217.45
237.02
237.02
1170.24
1170.24
1102.92
1102.92
1019.81
1019.81
1220.49
1220.49
1172.12
1172.12
239.62
239.62
200.83
200.83
1019.64
1019.64
598.74
598.74
703.81
703.81
559.91
559.91
344.15
344.15
278.30
278.30
178.48
178.48
805.53
805.53
1251.67
1251.67
1190.28
1190.28
1224.44
1224.44
1232.43
1232.43
1224.28
1224.28
1207.54
1207.54
1219.66
1219.66
1191.03
1191.03
128.30
128.30
1126.56
1126.56
1148.98
1148.98
996.28
996.28
346.35
346.35
1010.25
1010.25
1178.00
1178.00
1192.68
1192.68
1186.36
1186.36
1257.71
1257.71
1169.30
1169.30
1172.49
1172.49
1204.00
1204.00
1236.70
1236.70
1191.88
1191.88
1255.10
1255.10
1185.92
1185.92
1209.63
1209.63
1185.03
1185.03
1249.74
1249.74
1040.30
1040.30
1182.39
1182.39
1094.78
1094.78
1161.10
1161.10
1173.21
1173.21
1216.07
1216.07
1200.87
1200.87
1203.93
1203.93
1188.00
1188.00
1225.89
1225.89
1157.33
1157.33
1200.09
1200.09
1200.50
