# 1Hz Kbps trace generated by import_real_world_traces.py
12.99
428.01
647.21
1123.29
1687.07
1925.94
1489.55
1489.55
10.18
10.18
2366.32
2366.32
1245.87
1245.87
10.00
10.00
2282.48
2282.48
2705.26
2705.26
2608.83
2608.83
343.77
343.77
113.15
113.15
21.19
21.19
2357.92
2357.92
335.13
335.13
10.00
10.00
16.18
16.18
1075.61
1075.61
10.00
10.00
10.00
10.00
10.00
10.00
2009.68
2352.49
1619.77
1619.77
2671.29
2671.29
407.88
407.88
2922.14
2922.14
2013.84
2013.84
1788.65
1788.65
1392.57
1392.57
2404.78
2404.78
10.00
10.00
1161.72
1161.72
1917.48
1917.48
2527.91
2527.91
110.17
110.17
114.89
114.89
11.64
11.64
31.13
31.13
74.22
74.22
36.53
36.53
41.53
41.53
41.53
41.53
10.00
10.00
1260.01
1493.77
569.49
569.49
1670.80
1670.80
1731.25
1731.25
1731.25
1731.25
1731.25
1731.25
966.99
966.99
1192.89
1192.89
730.20
730.20
2215.74
2215.74
1690.80
1690.80
1695.14
1695.14
1795.11
1795.11
1615.99
1615.99
1546.27
1546.27
1680.81
1680.81
1327.17
1327.17
651.41
651.41
85.60
85.60
773.75
773.75
1071.82
1071.82
13.12
13.12
13.12
506.16
506.16
506.16
167.57
167.57
167.57
682.40
892.16
892.16
892.16
386.54
386.54
1152.43
1152.43
1152.43
173.79
173.79
173.79
173.79
173.79
10.00
10.00
716.62
920.28
398.92
1092.29
92.78
10.00
10.00
10.00
10.00
1150.51
1150.51
1411.48
1411.48
10.00
10.00
552.68
552.68
10.00
10.00
10.00
10.00
1230.36
1230.36
10.00
10.00
1179.18
1179.18
81.03
81.03
1475.21
1475.21
1310.33
1310.33
1476.27
1476.27
733.04
733.04
919.99
919.99
1442.19
1442.19
1442.19
555.33
