# 1Hz Kbps trace generated by import_real_world_traces.py
7085.68
7504.09
7504.09
3594.88
3594.88
7304.37
7304.37
53.84
53.84
2557.25
2557.25
8755.76
8755.76
5473.58
5473.58
8378.08
8378.08
141.03
141.03
8030.41
8030.41
148.13
148.13
404.99
404.99
219.29
219.29
4258.26
4258.26
62.10
62.10
7546.96
7546.96
3129.12
3129.12
3237.43
3237.43
1308.21
1308.21
30.08
30.08
103.04
103.04
3747.29
3747.29
9547.18
9547.18
4918.99
4918.99
1458.52
1458.52
3291.51
3291.51
3890.74
3890.74
1727.88
1727.88
57.56
57.56
457.60
457.60
5771.34
5771.34
5771.34
2228.39
4484.31
4484.31
4123.78
4123.78
2917.68
2917.68
912.79
912.79
2149.25
2149.25
60.17
60.17
501.90
501.90
277.31
277.31
2680.89
2680.89
7249.51
7249.51
4786.81
4786.81
4203.97
4203.97
1900.34
1900.34
3611.18
3611.18
3611.18
172.34
4170.94
4170.94
127.68
127.68
781.39
781.39
332.71
332.71
2098.67
2098.67
588.31
588.31
3199.05
3199.05
3663.39
3663.39
4821.12
4821.12
1982.12
1982.12
8457.93
8457.93
5120.12
5120.12
1062.64
1062.64
5557.78
5557.78
4553.38
4553.38
2372.60
2372.60
82.91
82.91
2168.39
2168.39
7144.77
7144.77
160.61
160.61
101.59
101.59
2268.58
2268.58
6991.30
6991.30
2102.02
2102.02
6317.15
6317.15
4139.58
4139.58
6266.80
6266.80
2857.28
2857.28
1867.12
1867.12
2664.94
2664.94
371.49
371.49
108.23
108.23
5612.82
5612.82
5150.74
5150.74
3182.13
3182.13
52.96
52.96
2361.86
2361.86
380.31
380.31
149.21
149.21
408.59
408.59
1866.69
1866.69
2650.00
2650.00
2690.28
2690.28
190.07
190.07
335.95
335.95
2509.53
2509.53
479.07
479.07
3752.08
3752.08
2497.01
2497.01
4875.51
4875.51
1614.43
1614.43
45.13
45.13
45.54
45.54
3925.77
3925.77
3320.72
3320.72
4904.14
4904.14
5343.91
5343.91
276.17
276.17
5542.99
5542.99
2755.35
2755.35
19.29
19.29
209.66
209.66
190.35
190.35
743.89
743.89
2167.28
2167.28
1082.21
1082.21
2038.37
2038.37
632.96
632.96
2164.66
2164.66
8523.41
8523.41
3625.11
3625.11
1968.51
1968.51
3223.22
3223.22
448.08
448.08
2372.54
2372.54
6918.92
6918.92
5133.37
5133.37
8190.04
8190.04
7526.28
7526.28
4532.25
4532.25
2070.74
2070.74
47.69
47.69
235.15
235.15
2013.99
2013.99
5165.55
5165.55
5821.21
5821.21
1277.84
1277.84
93.10
93.10
5639.61
5639.61
5891.94
5891.94
1960.17
1960.17
5472.85
5472.85
3508.88
3508.88
1326.57
1326.57
2918.36
2918.36
5812.27
5812.27
3214.52
3214.52
4927.29
4927.29
557.36
557.36
3526.19
3526.19
55.94
55.94
49.27
49.27
97.18
97.18
97.18
2182.44
2182.44
2735.84
53.79
53.79
53.79
100.73
100.73
2205.89
492.11
492.11
492.11
38.10
38.10
375.11
375.11
2637.06
2637.06
1863.67
1863.67
1781.86
4893.59
4893.59
4893.59
7830.25
7830.25
7462.17
7462.17
11172.68
11172.68
71.38
71.38
1244.26
1244.26
3154.84
3154.84
6711.10
6711.10
2447.06
2447.06
7583.41
7583.41
1573.34
1573.34
1840.45
2159.17
2159.17
2159.17
8626.33
8626.33
5876.24
5876.24
5876.24
5876.24
5865.85
5865.85
4672.62
4672.62
7445.38
7445.38
8066.00
8066.00
8078.10
8078.10
96.96
96.96
7968.20
7968.20
25.21
25.21
2013.31
2013.31
8398.79
8398.79
5800.23
5800.23
2344.14
2344.14
4638.24
4638.24
9272.85
9272.85
1047.84
1047.84
21.40
21.40
3971.13
3971.13
3069.78
3069.78
2248.37
2248.37
673.53
6879.72
6879.72
6879.72
2658.78
2658.78
7308.27
7308.27
2130.12
2130.12
4383.02
4383.02
4383.02
2151.71
9926.01
9926.01
1476.30
1476.30
3849.79
3849.79
143.81
143.81
2292.52
2292.52
433.35
433.35
8125.12
8125.12
24.32
24.32
2098.09
2098.09
181.59
181.59
26.43
26.43
21.54
21.54
29.00
29.00
35.90
35.90
7544.43
7544.43
9605.61
9605.61
5819.25
5819.25
3006.54
3006.54
4036.77
4036.77
104.15
104.15
5473.87
5473.87
5543.51
5543.51
4266.00
4266.00
5185.96
5185.96
9085.17
9085.17
4034.91
4034.91
2926.40
2926.40
6185.40
6185.40
148.49
148.49
9416.33
9416.33
2335.28
2335.28
3392.03
3392.03
2378.99
2378.99
2220.83
2220.83
1740.03
1740.03
2599.28
2599.28
9033.13
9033.13
7552.58
7552.58
7106.19
7106.19
1615.85
1615.85
9922.73
9922.73
6317.05
6317.05
9733.67
9733.67
8580.28
8580.28
3239.97
3239.97
3892.19
3892.19
2211.70
2211.70
2415.31
2415.31
50.61
50.61
3588.34
3588.34
7510.41
7510.41
7932.11
7932.11
2028.66
2028.66
5365.49
5365.49
684.43
684.43
69.72
69.72
6223.57
6223.57
188.94
188.94
4363.82
4363.82
144.40
144.40
2835.64
2835.64
5965.58
5965.58
7518.44
7518.44
6034.86
6034.86
3028.21
3028.21
1030.52
1030.52
4239.33
4239.33
6422.47
6422.47
7509.17
7509.17
6318.52
6318.52
3321.75
3321.75
2191.38
2191.38
6387.43
6387.43
2836.40
2836.40
355.41
355.41
24.79
24.79
6057.59
6057.59
166.84
166.84
348.25
348.25
1271.00
1271.00
4481.99
4481.99
5670.66
5670.66
7019.82
7019.82
1952.50
1952.50
36.81
36.81
8178.67
8178.67
4607.79
4607.79
7885.76
7885.76
7599.00
7599.00
7695.19
7695.19
4459.81
4459.81
4977.47
4977.47
1505.67
1505.67
2728.88
2728.88
3107.47
3107.47
7236.62
7236.62
6753.52
6753.52
5983.57
5983.57
6035.35
6035.35
3397.88
3397.88
5438.77
5438.77
5108.84
5108.84
7512.36
7512.36
7397.50
7397.50
23.96
23.96
6263.23
6263.23
1739.91
1739.91
2443.28
2443.28
6812.41
6812.41
8748.33
8748.33
1934.20
1934.20
3937.68
3937.68
4043.77
4043.77
1956.98
1956.98
3950.08
3950.08
3602.54
3602.54
2103.27
2103.27
5924.85
5924.85
25.68
25.68
5004.36
5004.36
1414.92
1414.92
4457.89
4457.89
5624.06
5624.06
4094.25
4094.25
5503.89
5503.89
4449.00
4449.00
7811.41
7811.41
5576.86
5576.86
2359.94
2359.94
2281.92
2281.92
5963.36
5963.36
4195.50
4195.50
5502.91
5502.91
3281.73
3281.73
2480.78
2480.78
6566.53
6566.53
4936.45
4936.45
5728.42
5728.42
7633.22
7633.22
5813.89
5813.89
6134.78
6134.78
2533.64
2533.64
6445.44
6445.44
31.50
31.50
3702.27
3702.27
3702.27
3702.27
6399.56
6399.56
3057.68
3057.68
4695.73
4695.73
3650.82
3650.82
2324.90
2324.90
5194.20
5194.20
6054.36
6054.36
5654.86
5654.86
905.69
905.69
5303.39
5303.39
5200.80
5200.80
1895.01
1895.01
415.18
415.18
4283.84
4283.84
6673.95
6673.95
2336.84
2336.84
6228.20
6228.20
5932.19
5932.19
5379.92
5379.92
8414.14
8414.14
8426.72
8426.72
8426.72
8426.72
7173.84
7173.84
7173.84
7173.84
1149.85
1149.85
2701.69
2701.69
179.55
179.55
2918.14
2918.14
2918.14
2918.14
6234.17
6234.17
153.86
153.86
8461.05
8461.05
8182.59
8182.59
5258.94
5258.94
6388.32
6388.32
6388.32
6388.32
5808.95
5808.95
9076.94
9076.94
8851.20
8851.20
26.73
26.73
10.00
10.00
7619.60
7619.60
2088.84
2088.84
4289.24
4289.24
222.20
222.20
1780.72
1780.72
107.92
107.92
332.56
332.56
3494.41
3494.41
1591.01
1591.01
145.98
145.98
984.40
984.40
1987.48
1987.48
6160.77
6160.77
7264.86
7264.86
1377.63
1377.63
3546.80
3546.80
7934.06
7934.06
8807.68
8807.68
2138.94
2138.94
2294.62
2294.62
2816.61
2816.61
3063.60
3063.60
1008.16
1008.16
2328.21
2328.21
2328.21
2328.21
92.76
92.76
5299.95
5299.95
702.89
702.89
43.96
43.96
428.52
428.52
1352.94
1352.94
2482.02
2482.02
5253.72
5253.72
480.90
480.90
8295.98
8295.98
1857.13
1857.13
10107.61
10107.61
8268.19
8268.19
7141.51
7141.51
4116.33
4116.33
4193.50
4193.50
6751.03
6751.03
69.78
69.78
2569.91
2569.91
3990.56
3990.56
2747.67
2747.67
237.07
237.07
3462.63
3462.63
3129.91
3129.91
4195.42
4195.42
4511.65
4511.65
5532.40
5532.40
1945.07
1945.07
4402.10
4402.10
1705.90
1705.90
2610.34
2610.34
160.49
160.49
3492.28
3492.28
1866.59
1866.59
1673.16
1673.16
4306.90
4306.90
4264.81
4264.81
5279.14
5279.14
8899.49
8899.49
2185.56
2185.56
5027.70
5027.70
260.98
260.98
7133.84
7133.84
512.31
512.31
4043.22
4043.22
3730.70
3730.70
3951.43
3951.43
5820.04
5820.04
5229.21
5229.21
1980.31
1980.31
2164.83
2164.83
2293.21
2293.21
4686.65
4686.65
114.96
114.96
7304.85
7304.85
3417.56
3417.56
5816.71
5816.71
6097.13
6097.13
7366.52
7366.52
4138.13
4138.13
6968.99
6968.99
5556.03
5556.03
6058.62
6058.62
9867.48
9867.48
1478.71
1478.71
305.52
305.52
4007.39
4007.39
1945.48
1945.48
1192.85
1192.85
2556.71
2556.71
57.31
57.31
4441.53
4441.53
4894.67
4894.67
7769.06
7769.06
6068.62
6068.62
3357.45
3357.45
3265.67
3265.67
2496.68
2496.68
2917.09
2917.09
4865.67
4865.67
6560.50
6560.50
6213.40
6213.40
1366.28
1366.28
40.29
40.29
4685.70
4685.70
5591.65
5591.65
21.98
21.98
7522.58
7522.58
261.27
261.27
3879.28
3879.28
2109.66
2109.66
309.10
309.10
7082.36
7082.36
8748.72
8748.72
4450.61
4450.61
8330.54
8330.54
28.53
28.53
4351.78
4351.78
8758.63
8758.63
55.76
55.76
4963.16
4963.16
529.65
529.65
2613.20
2613.20
244.63
244.63
2796.98
2796.98
6364.27
6364.27
9253.52
9253.52
5134.66
5134.66
5152.97
5152.97
800.59
800.59
5124.63
5124.63
5180.29
5180.29
1514.06
1514.06
5251.85
5251.85
3540.70
3540.70
1291.82
1291.82
3010.80
3010.80
579.98
579.98
1870.27
1870.27
1732.20
1732.20
5441.54
5441.54
1781.00
1781.00
4258.61
4258.61
1461.24
1461.24
788.82
788.82
5945.15
5945.15
5788.31
5788.31
5347.02
5347.02
5347.02
5347.02
5797.61
5797.61
4229.73
4229.73
4887.77
4887.77
35.86
35.86
2098.91
2098.91
3382.30
3382.30
1997.93
1997.93
136.86
136.86
4637.72
4637.72
9201.96
9201.96
4357.51
4357.51
5008.36
5008.36
5038.27
5038.27
2487.81
2487.81
6355.98
6355.98
2701.25
2701.25
5685.67
5685.67
4331.09
4331.09
4331.09
4331.09
7333.04
7333.04
7333.04
7333.04
7333.04
7333.04
7333.04
7333.04
3129.51
3129.51
7530.40
7530.40
5751.45
5751.45
6808.04
6808.04
1880.10
1880.10
3222.63
3222.63
6051.59
6051.59
7617.94
7617.94
7304.73
7304.73
7304.73
7304.73
7026.94
7026.94
7026.94
7026.94
3198.87
3198.87
37.85
37.85
4094.14
4094.14
6222.32
6222.32
4525.92
4525.92
7841.53
7841.53
4227.01
4227.01
9815.70
9815.70
6500.29
6500.29
2951.19
2951.19
7891.20
7891.20
6382.01
6382.01
6424.20
6424.20
976.01
976.01
7753.05
7753.05
3738.88
3738.88
28.14
28.14
28.14
1537.93
2895.49
2895.49
3477.75
3477.75
3307.62
3307.62
2977.23
2977.23
4227.60
4227.60
23.21
23.21
40.22
40.22
314.10
314.10
6359.71
6359.71
2809.35
2809.35
5354.06
5354.06
3990.59
3990.59
2157.47
2157.47
1822.66
1822.66
3757.22
3757.22
93.95
93.95
5673.76
5673.76
2878.89
2878.89
2755.17
2755.17
230.32
230.32
2236.73
2236.73
1135.31
1135.31
4754.93
4754.93
5933.69
5933.69
864.72
864.72
2625.78
2625.78
6438.86
6438.86
7396.64
7396.64
5306.09
5306.09
3406.17
3406.17
4580.32
4580.32
7218.13
7218.13
8576.16
8576.16
8168.02
8168.02
8785.65
8785.65
4507.74
4507.74
29.23
29.23
377.53
377.53
1702.70
1702.70
1702.70
2427.95
2427.95
4162.20
4828.67
4828.67
4828.67
7549.81
7549.81
153.43
153.43
1933.90
1933.90
6869.50
6869.50
6119.80
6119.80
3386.20
3386.20
3548.70
3548.70
4793.91
4793.91
3784.14
3784.14
96.67
96.67
3351.95
1617.40
1617.40
1617.40
3358.30
3358.30
5415.00
5415.00
3956.52
3956.52
3956.52
3956.52
2050.34
2050.34
4937.53
4937.53
4117.11
4117.11
2402.76
2402.76
765.39
765.39
341.47
341.47
4074.30
4739.67
4739.67
4739.67
7543.68
7543.68
920.90
920.90
2190.41
2190.41
67.15
67.15
192.68
192.68
56.69
56.69
3296.45
3296.45
5629.09
5629.09
3514.86
3514.86
101.70
101.70
980.38
3805.68
3805.68
3805.68
5254.97
5254.97
5496.03
5496.03
7442.46
7442.46
279.94
279.94
74.66
74.66
7997.68
7997.68
6062.90
6062.90
2082.37
2082.37
7807.39
7807.39
5438.19
5438.19
8399.81
8399.81
2372.59
2372.59
8932.43
8932.43
4570.26
4570.26
6562.84
6562.84
9225.59
9225.59
9533.37
9533.37
7248.03
7248.03
7959.82
7959.82
3504.86
3504.86
3456.51
3456.51
6201.10
6201.10
6201.10
6201.10
1845.63
1845.63
6550.27
6550.27
3703.21
3703.21
2076.70
2076.70
7414.71
7414.71
4795.98
4795.98
1266.60
1266.60
4017.30
4017.30
2663.26
2663.26
2421.69
2421.69
6620.98
6620.98
533.72
533.72
4293.08
4293.08
2163.56
2163.56
6265.04
6265.04
7395.81
7395.81
7190.12
7190.12
5780.78
5780.78
646.46
646.46
6967.17
6967.17
5336.23
5336.23
7133.76
7133.76
7133.76
7133.76
4101.52
4101.52
4101.52
4101.52
6224.71
6224.71
3446.57
3446.57
5010.67
5010.67
7684.94
7684.94
8878.81
8878.81
7958.68
7958.68
3205.20
3205.20
10237.36
10237.36
9281.33
9281.33
2169.46
2169.46
3088.20
3088.20
6199.95
6199.95
708.49
708.49
3324.21
3324.21
2353.77
2353.77
3569.27
3569.27
2314.56
2314.56
8357.58
8357.58
117.89
117.89
5722.18
5722.18
6226.32
6226.32
8210.26
8210.26
8287.18
8287.18
7630.97
7630.97
8692.22
8692.22
6696.99
6696.99
69.55
69.55
9143.72
9143.72
6705.22
6705.22
2936.50
2936.50
6091.63
6091.63
4886.11
4886.11
6634.24
6634.24
2864.93
2864.93
8302.79
8302.79
7017.76
7017.76
6850.41
6850.41
2748.75
2748.75
5369.39
5369.39
3328.32
3328.32
9700.37
9700.37
11194.02
11194.02
8135.32
8135.32
7709.90
7709.90
32.98
32.98
8612.61
8612.61
3978.57
3978.57
5108.78
5108.78
4672.75
4672.75
4825.45
4825.45
4448.46
4448.46
2477.92
2477.92
2443.82
2443.82
8014.24
8014.24
7991.74
7991.74
390.30
390.30
5548.81
5548.81
5403.92
5403.92
8448.90
8448.90
7448.09
7448.09
8369.04
8369.04
8527.15
8527.15
1904.03
1904.03
5759.83
5759.83
199.55
199.55
8572.91
8572.91
8135.59
8135.59
2333.51
2333.51
5376.80
5376.80
2454.16
2454.16
3983.77
3983.77
5365.20
5365.20
2926.83
2926.83
2566.52
2566.52
6766.29
6766.29
3150.18
3150.18
1559.94
1559.94
1594.56
1594.56
3688.47
3688.47
5346.39
5346.39
4029.34
4029.34
7143.99
7143.99
3285.79
3285.79
2164.03
2164.03
3078.72
3078.72
3651.05
3651.05
2394.75
2394.75
8001.12
8001.12
3880.44
3880.44
478.29
478.29
2562.28
2562.28
3467.96
3467.96
7869.62
7869.62
4340.73
4340.73
8148.07
8148.07
41.59
41.59
3387.43
3387.43
2923.79
2923.79
2070.31
2070.31
5453.57
5453.57
2833.16
2833.16
24.75
24.75
6731.83
6731.83
6230.84
6230.84
4836.99
4836.99
8409.54
8409.54
4518.85
4518.85
2935.84
2935.84
5047.15
5047.15
2804.34
2804.34
6111.36
6111.36
10023.54
10023.54
3052.04
3052.04
522.19
522.19
3905.11
3905.11
6992.77
6992.77
5388.11
5388.11
7538.81
7538.81
3744.75
3744.75
5353.22
5353.22
4077.00
4077.00
7476.38
7476.38
2070.72
2070.72
23.62
23.62
7392.30
7392.30
5113.35
5113.35
23.13
23.13
7213.40
7213.40
6889.95
6889.95
2321.07
2321.07
1278.21
1278.21
4156.18
4156.18
3986.00
3986.00
4014.61
4014.61
1880.19
1880.19
210.63
210.63
6204.29
6204.29
9135.23
9135.23
275.25
275.25
5468.07
5468.07
39.10
39.10
4562.02
4562.02
6891.85
6891.85
3084.99
3084.99
7112.49
7112.49
6496.72
6496.72
6496.72
6496.72
3255.85
3255.85
7707.16
7707.16
9025.40
9025.40
24.41
24.41
7025.99
7025.99
10198.54
10198.54
2363.88
2363.88
9511.03
9511.03
9304.82
9304.82
33.85
33.85
1741.11
1741.11
5296.49
5296.49
77.98
77.98
10037.53
10037.53
7468.43
7468.43
2320.02
2320.02
985.21
985.21
9936.98
9936.98
3070.03
3070.03
9495.80
9495.80
10165.83
10165.83
7682.53
7682.53
8511.40
8511.40
5579.59
5579.59
8632.80
8632.80
6632.79
6632.79
7652.85
7652.85
2311.26
2311.26
3807.31
3807.31
3807.31
3807.31
6952.19
6952.19
868.52
868.52
2605.11
2605.11
7730.25
7730.25
5151.10
5151.10
7820.30
7820.30
6257.69
6257.69
9290.54
9290.54
22.36
22.36
4452.77
4452.77
6249.83
6249.83
9366.39
9366.39
8988.33
8988.33
9890.54
9890.54
5099.22
5099.22
2741.51
2741.51
2741.51
2741.51
3303.42
3303.42
1017.07
1017.07
5720.48
5720.48
5538.08
5538.08
5404.15
5404.15
3646.15
3646.15
334.07
334.07
2102.41
2102.41
107.50
107.50
4773.48
4773.48
25.49
25.49
2053.43
2053.43
4966.89
4966.89
70.42
70.42
2290.91
2290.91
1852.88
1852.88
2942.89
2942.89
3216.17
3216.17
24.25
24.25
462.46
462.46
2036.60
2036.60
2001.96
2001.96
2262.96
2262.96
636.93
636.93
6815.09
6815.09
3448.25
3448.25
2979.19
2979.19
4192.26
4192.26
2056.54
2056.54
2082.96
2082.96
2504.47
2504.47
5902.49
5902.49
3705.95
3705.95
4908.72
4908.72
56.15
56.15
3629.52
3629.52
7447.85
7447.85
2590.08
2590.08
2270.30
2270.30
2287.95
2287.95
3781.54
3781.54
5545.18
5545.18
5862.04
5862.04
5645.27
5645.27
5645.27
5645.27
8051.26
8051.26
6325.91
6325.91
2766.15
2766.15
4808.75
4808.75
1628.52
1628.52
2085.28
2085.28
6586.26
6586.26
8965.19
8965.19
5336.97
5336.97
1000.43
1000.43
3945.41
3945.41
8352.83
8352.83
8352.83
8352.83
6383.16
6383.16
5489.49
5489.49
339.10
339.10
21.82
21.82
4394.23
4394.23
3502.34
3502.34
3440.57
3440.57
4407.27
4407.27
2094.52
2094.52
3103.78
3103.78
158.48
158.48
73.72
73.72
2763.50
2763.50
7881.23
7881.23
3276.69
3276.69
7875.81
7875.81
78.81
78.81
3333.99
3333.99
211.50
211.50
6599.36
6599.36
30.73
30.73
3197.65
3197.65
532.53
532.53
34.29
34.29
1215.52
1215.52
2794.22
2794.22
1717.08
1717.08
5022.87
5022.87
2131.15
2131.15
1632.99
1632.99
7512.89
7512.89
6718.77
6718.77
3266.45
3266.45
6499.62
6499.62
3388.99
3388.99
5860.37
5860.37
5952.72
5952.72
5094.95
5094.95
5283.15
5283.15
3258.00
3258.00
2251.37
2251.37
3289.28
3289.28
7633.60
7633.60
6485.00
6485.00
3443.76
3443.76
6951.31
6951.31
9677.42
9677.42
9677.42
9677.42
133.38
133.38
6237.76
6237.76
6237.76
6237.76
120.88
120.88
7368.83
7368.83
7169.03
7169.03
1857.00
1857.00
10.00
10.00
7264.95
7264.95
109.51
109.51
1883.13
1883.13
2090.49
2090.49
4123.29
4123.29
4991.91
4991.91
7589.33
7589.33
9113.92
9113.92
8335.25
8335.25
4721.31
4721.31
7073.49
7073.49
10814.48
10814.48
1447.49
1447.49
2254.24
2254.24
9988.47
9988.47
7596.29
7596.29
13231.78
13231.78
11020.05
11020.05
2770.66
2770.66
3060.57
3060.57
3636.31
3636.31
26.63
26.63
11018.19
11018.19
11018.19
11018.19
262.12
262.12
4567.06
4567.06
619.68
619.68
2512.76
2512.76
30.80
30.80
51.87
51.87
11373.64
11373.64
709.68
709.68
2817.12
2817.12
12666.28
12666.28
1652.13
1652.13
5282.24
5282.24
14055.25
14055.25
131.48
131.48
10584.76
10584.76
3465.75
3465.75
3036.82
3036.82
2033.36
2033.36
39.93
39.93
7980.45
7980.45
7980.45
7980.45
91.43
91.43
2773.31
2773.31
7548.57
7548.57
5776.49
5776.49
3087.59
3087.59
5351.05
5351.05
9117.64
9117.64
7263.49
7263.49
6712.26
6712.26
2908.75
2908.75
8925.28
8925.28
8419.13
8419.13
2012.62
2012.62
2205.45
2205.45
4120.08
4120.08
4120.08
4120.08
2428.71
2428.71
3899.77
3899.77
4203.54
4203.54
1673.58
1673.58
2649.86
2649.86
3905.05
3905.05
4009.99
4009.99
489.21
489.21
4145.83
4145.83
5014.51
5014.51
3318.59
3318.59
6331.22
6331.22
120.63
120.63
10006.24
10006.24
2454.28
2454.28
8933.15
8933.15
2223.94
2223.94
436.16
436.16
5310.15
5310.15
5310.15
5310.15
60.68
60.68
2250.84
2250.84
11308.90
11308.90
10002.78
10002.78
7726.36
7726.36
10807.93
10807.93
7272.73
7272.73
10712.96
10712.96
9547.07
9547.07
2702.30
2702.30
29.55
29.55
11055.09
11055.09
10001.15
10001.15
8071.35
8071.35
5057.27
5057.27
3478.73
3478.73
2954.88
2954.88
9845.19
9845.19
6426.49
6426.49
5171.80
5171.80
1847.76
1847.76
4321.32
4321.32
4321.32
10982.72
515.08
515.08
50.55
50.55
50.55
2406.24
2406.24
6847.76
6847.76
3848.69
3848.69
620.31
620.31
9267.65
9267.65
8684.43
8684.43
3876.64
8782.25
8782.25
8782.25
4316.48
4316.48
2042.09
2042.09
8607.19
8607.19
9133.46
9133.46
2586.02
2586.02
870.07
870.07
1826.22
1826.22
112.53
112.53
6790.49
6790.49
7978.38
7978.38
825.53
4959.10
4959.10
4959.10
2398.28
2398.28
9213.43
9213.43
2097.48
2097.48
7313.04
7313.04
3811.87
3811.87
56.93
56.93
2141.52
2141.52
3605.90
3605.90
5728.23
5728.23
225.56
225.56
93.30
93.30
1943.27
1943.27
2288.33
2288.33
6983.43
6983.43
1202.81
1202.81
424.39
424.39
2457.49
2457.49
6632.12
6632.12
5535.95
5535.95
230.40
230.40
2816.05
2816.05
1690.65
1690.65
3842.93
1257.66
1257.66
1257.66
3786.89
3786.89
5852.46
5852.46
7929.46
7929.46
2528.21
2528.21
1992.77
1992.77
19.83
19.83
3362.71
3362.71
1831.75
1831.75
2913.89
2913.89
486.70
486.70
4901.98
4901.98
7532.26
7532.26
7495.62
7495.62
6447.70
6447.70
324.95
324.95
10.00
10.00
1404.08
1404.08
91.83
91.83
1647.20
1647.20
6635.65
6635.65
4279.96
4279.96
4875.60
4875.60
757.95
757.95
3419.57
3419.57
207.70
207.70
444.99
444.99
167.42
167.42
4696.14
4696.14
7931.21
7931.21
8801.12
8801.12
4070.83
4070.83
3733.37
3733.37
125.11
125.11
3166.11
3166.11
6960.36
6960.36
1900.60
1900.60
5356.62
5356.62
5269.98
5269.98
9207.63
9207.63
5340.33
5340.33
1245.21
1245.21
5652.08
5652.08
26.06
26.06
3226.34
3226.34
8646.92
8646.92
1908.31
1908.31
4348.71
4348.71
6290.82
6290.82
1145.60
1145.60
8315.89
8315.89
1519.39
1519.39
2724.02
2724.02
9623.86
9623.86
4143.88
4143.88
4662.14
4662.14
1808.39
1808.39
1091.04
1091.04
4073.68
4073.68
52.73
52.73
2382.39
2382.39
26.46
26.46
218.26
218.26
2754.54
2754.54
461.06
461.06
2267.52
2267.52
92.94
92.94
6315.65
6315.65
5600.25
5600.25
4195.08
4195.08
5823.43
5823.43
8274.89
8274.89
3783.51
3783.51
6153.54
6153.54
2776.80
2776.80
2768.65
2768.65
2309.07
2309.07
1519.74
1519.74
878.28
878.28
3807.24
3807.24
3492.96
3492.96
303.09
303.09
1619.83
1619.83
278.85
278.85
1962.91
1962.91
2451.86
2451.86
5061.42
5061.42
3586.68
3586.68
3814.10
3814.10
2222.30
2222.30
2248.19
2248.19
986.73
986.73
2256.24
2256.24
3181.08
3181.08
4000.92
4000.92
7124.50
7124.50
122.91
122.91
6236.81
6236.81
6503.68
6503.68
20.56
20.56
2859.21
2859.21
3524.11
3524.11
4519.84
4519.84
2113.79
2113.79
5538.03
5538.03
3885.76
3885.76
2776.17
2776.17
2754.89
2754.89
6192.95
6192.95
7130.77
7130.77
6644.26
6644.26
2344.22
2344.22
7909.15
7909.15
2454.29
2454.29
2454.29
2454.29
2027.05
2027.05
3337.03
3337.03
4098.95
4098.95
5525.18
5525.18
3174.65
3174.65
3845.21
3845.21
2029.68
2029.68
5027.26
5027.26
4093.28
4093.28
4093.28
4093.28
6884.90
6884.90
1542.75
1542.75
2420.38
2420.38
6266.75
6266.75
140.36
140.36
2796.64
2796.64
4488.32
4488.32
2786.93
2786.93
6965.17
6965.17
5982.14
5982.14
2656.20
2656.20
8441.58
8441.58
8441.58
8441.58
8441.58
8441.58
8441.58
8441.58
6174.24
6174.24
6336.21
6336.21
2117.21
2117.21
5175.47
5175.47
2044.05
2044.05
5220.34
5220.34
555.81
555.81
37.40
37.40
5816.22
5816.22
2283.71
2283.71
42.65
42.65
4585.25
4585.25
3132.67
3132.67
5781.13
5781.13
6123.37
6123.37
5049.41
5049.41
5404.94
5404.94
3243.55
3243.55
490.85
490.85
5387.49
5387.49
231.39
231.39
4732.34
4732.34
4247.53
4247.53
6213.23
6213.23
218.29
218.29
4455.99
4455.99
1779.98
1779.98
22.31
22.31
5252.96
5252.96
4577.36
4577.36
4489.14
4489.14
4767.83
4767.83
7112.84
7112.84
6005.43
6005.43
359.28
359.28
5439.12
5439.12
2987.62
2987.62
973.93
973.93
53.77
53.77
5233.77
5233.77
2633.85
2633.85
26.28
26.28
1995.88
1995.88
5143.44
5143.44
748.05
748.05
1839.08
1839.08
4361.18
4361.18
5833.64
5833.64
4572.66
4572.66
7093.35
7093.35
95.64
95.64
2622.17
2622.17
6842.91
6842.91
2367.89
2367.89
3247.22
3247.22
4378.58
4378.58
2878.98
2878.98
2047.27
2047.27
7655.80
7655.80
2903.95
2903.95
5899.25
5899.25
1333.18
1333.18
6517.07
6517.07
4580.28
4580.28
6608.85
6608.85
5615.88
5615.88
3151.54
3151.54
5295.58
5295.58
5700.95
5700.95
3376.42
3376.42
3524.41
3524.41
1562.95
1562.95
332.68
332.68
2921.64
2921.64
252.20
252.20
5018.47
5018.47
4258.44
4258.44
342.10
342.10
2885.28
2885.28
1044.61
1044.61
4821.75
4821.75
2071.89
2071.89
3574.22
3574.22
105.60
105.60
3936.36
3936.36
3175.18
3175.18
3347.80
3347.80
163.39
163.39
6627.36
6627.36
186.80
186.80
316.97
316.97
4312.35
4312.35
49.28
49.28
427.75
427.75
1804.44
1804.44
5727.11
5727.11
5045.33
5045.33
6479.38
6479.38
2675.29
2675.29
3007.00
3007.00
2152.52
2152.52
3587.05
3587.05
2235.12
2235.12
2891.42
2891.42
104.03
104.03
786.39
786.39
763.71
763.71
114.85
114.85
7968.27
7968.27
6570.15
6570.15
1206.76
1206.76
5462.56
5462.56
6964.43
6964.43
70.80
70.80
3878.39
3878.39
5586.79
5586.79
2459.70
2459.70
5382.39
5382.39
3487.29
3487.29
543.99
543.99
6711.36
6711.36
3144.81
3144.81
2863.88
2863.88
2476.72
2476.72
167.60
167.60
761.57
761.57
20.99
20.99
60.28
60.28
1781.15
1781.15
123.77
123.77
7316.44
7316.44
9449.27
9449.27
4318.91
4318.91
1434.86
1434.86
915.14
915.14
4916.57
4916.57
68.18
68.18
295.67
295.67
16.21
16.21
1243.79
1243.79
2714.15
2714.15
2144.57
2144.57
32.67
32.67
2923.52
2923.52
1745.54
1745.54
236.08
236.08
6272.31
6272.31
5075.36
5075.36
125.77
125.77
3158.67
3158.67
9002.65
9002.65
1127.52
1127.52
7809.37
7809.37
37.82
37.82
1050.44
1050.44
54.53
54.53
171.03
171.03
178.31
178.31
2519.38
2519.38
4598.92
4598.92
3255.92
3255.92
3405.44
3405.44
7265.96
7265.96
2494.87
2494.87
7782.32
7782.32
269.37
269.37
6773.01
6773.01
3175.40
3175.40
7275.86
7275.86
2736.44
2736.44
2694.56
2694.56
9200.86
9200.86
1997.89
1997.89
2683.33
2683.33
5107.49
5107.49
5689.24
5689.24
2842.90
2842.90
6147.70
6147.70
6124.55
6124.55
150.40
150.40
1904.14
1904.14
1386.08
1386.08
6433.13
6433.13
4482.18
4482.18
59.75
59.75
7341.59
7341.59
5918.78
5918.78
250.34
250.34
7171.13
7171.13
8112.91
8112.91
8039.67
8039.67
6525.28
6525.28
7600.40
7600.40
7089.86
7089.86
8084.90
8084.90
8361.16
8361.16
9436.78
9436.78
9964.10
9964.10
63.69
63.69
8137.06
8137.06
1077.97
1077.97
5925.14
5925.14
9253.44
9253.44
5442.49
5442.49
6943.42
6943.42
3633.10
3633.10
5072.71
5072.71
19.90
19.90
2517.90
2517.90
8159.86
8159.86
3301.52
3301.52
4401.59
4401.59
4613.04
4613.04
127.25
127.25
1173.63
1173.63
2475.64
2475.64
5723.20
5723.20
94.89
94.89
5643.13
5643.13
5416.27
5416.27
5124.99
5124.99
1594.28
1594.28
2895.33
2895.33
4851.69
4851.69
4437.86
4437.86
4842.86
4842.86
4494.69
4494.69
2380.60
2380.60
2263.46
2263.46
841.58
841.58
4219.88
4219.88
4375.65
4375.65
2195.99
2195.99
76.35
76.35
6413.35
6413.35
4282.62
4282.62
25.36
25.36
5301.63
5301.63
2045.70
2045.70
269.11
269.11
1695.30
1695.30
1698.51
1698.51
2559.85
2559.85
54.37
54.37
5343.12
5343.12
3823.11
3823.11
3518.22
3518.22
5335.40
5335.40
83.84
83.84
2235.12
2235.12
3699.89
3699.89
3655.54
3655.54
6845.12
6845.12
6927.58
6927.58
863.98
863.98
5019.46
5019.46
4843.22
4843.22
2770.33
2770.33
2966.58
2966.58
6750.08
6750.08
2772.40
2772.40
7465.21
7465.21
334.22
334.22
6010.31
6010.31
2222.86
2222.86
9989.31
9989.31
1324.67
1324.67
5745.07
5745.07
2133.98
2133.98
7107.17
7107.17
2837.26
2837.26
1226.09
1226.09
3347.57
3347.57
2276.41
2276.41
7154.33
7154.33
3345.75
3345.75
991.17
991.17
7309.29
7309.29
6243.90
6243.90
10412.53
10412.53
3964.96
3964.96
7899.29
7899.29
2261.32
2261.32
183.93
183.93
176.13
176.13
9882.52
9882.52
3681.54
3681.54
2305.26
2305.26
10058.47
10058.47
5387.52
5387.52
1582.88
1582.88
4627.04
4627.04
7659.85
7659.85
1399.32
1399.32
5231.32
5231.32
1395.42
1395.42
6842.58
6842.58
5345.08
5345.08
794.02
794.02
5486.19
5486.19
7642.18
7642.18
254.87
254.87
4244.84
4244.84
9503.95
9503.95
4671.37
4671.37
7373.40
7373.40
5192.49
5192.49
9338.68
9338.68
4436.32
4436.32
4086.16
4086.16
2861.14
2861.14
2861.14
2486.01
10579.52
10579.52
10579.52
10216.20
10216.20
10216.20
7056.39
7056.39
7056.39
8736.57
8736.57
7670.91
7313.00
7313.00
7313.00
5468.23
5468.23
8846.88
8846.88
10383.63
10383.63
9062.01
9062.01
8542.37
8542.37
10722.89
10722.89
2196.65
2196.65
7620.35
7620.35
8941.64
8941.64
8941.64
8941.64
6367.86
6367.86
7179.37
7179.37
5087.06
5087.06
3410.96
3410.96
6492.97
6492.97
5959.80
5959.80
6768.88
6768.88
8034.30
8034.30
7850.26
7850.26
7228.09
7228.09
4574.32
4574.32
6622.86
6622.86
4142.11
4142.11
272.60
272.60
2010.27
2010.27
3679.44
3679.44
174.27
174.27
4796.20
4796.20
84.30
84.30
2058.64
2058.64
6720.29
6720.29
6150.54
6150.54
6416.61
6416.61
7064.69
7064.69
5117.96
5117.96
7076.82
7076.82
8265.22
8265.22
196.78
196.78
6743.11
6743.11
7286.62
7286.62
6091.85
6091.85
4942.98
4942.98
1493.53
1493.53
5312.03
5312.03
5689.41
5689.41
4453.95
4453.95
4183.97
4183.97
3241.86
3241.86
3329.11
3329.11
2412.09
2412.09
3440.26
3440.26
6418.91
6418.91
7220.81
7220.81
1909.11
1909.11
6118.70
6118.70
3197.04
3197.04
31.73
31.73
2118.58
2118.58
5228.03
5228.03
5228.03
5228.03
4776.74
4776.74
7005.59
7005.59
4832.12
4832.12
8715.40
8715.40
2364.24
2364.24
30.25
30.25
2190.73
2190.73
6934.33
6934.33
3404.51
3404.51
2009.72
2009.72
1964.67
1964.67
1874.30
1874.30
286.05
286.05
2240.82
2240.82
6952.04
6952.04
1872.81
1872.81
6509.28
6509.28
3986.41
3986.41
2294.89
2294.89
4311.46
4311.46
3249.59
3249.59
92.88
92.88
5286.12
5286.12
4558.64
4558.64
6951.24
6951.24
3349.09
3349.09
4623.27
4623.27
1399.90
1399.90
67.26
67.26
24.40
24.40
3066.17
3066.17
78.87
78.87
215.38
215.38
1429.13
1429.13
136.38
136.38
5705.82
5705.82
4144.49
4144.49
2338.29
2338.29
3221.61
3221.61
638.89
638.89
31.19
31.19
580.43
580.43
1380.39
1380.39
602.96
602.96
1238.09
1238.09
2577.22
2577.22
1798.76
1798.76
2069.07
2069.07
2815.55
2815.55
4039.59
4039.59
321.41
321.41
5364.92
5364.92
2037.03
2037.03
7061.78
7061.78
4137.35
4137.35
585.04
585.04
7697.33
7697.33
6938.59
6938.59
2252.32
2252.32
8823.32
8823.32
5671.85
5671.85
3785.96
3785.96
7293.86
7293.86
1946.95
1946.95
2240.36
2240.36
9441.82
9441.82
3714.99
3714.99
380.20
380.20
1061.71
1061.71
5374.33
5374.33
2655.86
2655.86
6976.33
6976.33
1011.65
1011.65
4553.19
4553.19
6688.83
6688.83
9254.94
9254.94
7160.86
7160.86
7490.99
7490.99
8347.42
8347.42
2686.36
2686.36
3506.09
3506.09
715.97
715.97
148.93
148.93
2072.61
2072.61
7305.11
7305.11
5817.71
5817.71
5667.74
5667.74
3564.23
3564.23
8565.27
8565.27
1767.32
1767.32
1833.63
1833.63
9495.18
9495.18
9616.98
9616.98
4259.59
4259.59
1443.52
1443.52
2072.72
2072.72
754.47
754.47
7362.46
7362.46
5517.16
5517.16
6039.63
6039.63
4128.91
4128.91
654.60
654.60
2876.26
2876.26
6321.14
6321.14
8127.27
8127.27
9805.74
9805.74
2950.93
2950.93
5912.91
5912.91
10223.73
10223.73
1181.32
1181.32
5808.99
5808.99
371.94
371.94
6263.99
6263.99
8046.87
8046.87
167.89
167.89
2620.21
2620.21
10.00
10.00
9594.23
9594.23
249.17
249.17
1994.21
1994.21
211.11
211.11
18.65
18.65
1866.88
1866.88
1269.33
1269.33
538.24
538.24
9938.97
9938.97
9556.29
9556.29
964.58
964.58
2408.68
2408.68
623.76
623.76
251.10
251.10
4646.40
4646.40
2429.56
2429.56
7244.50
7244.50
5782.22
5782.22
1074.65
1074.65
2108.69
2108.69
6796.20
6796.20
6878.25
6878.25
5544.09
5544.09
5636.74
5636.74
2308.86
2308.86
6284.55
6284.55
9303.05
9303.05
6744.73
6744.73
9252.54
9252.54
26.43
26.43
392.58
392.58
6909.59
6909.59
1928.19
1928.19
6583.47
6583.47
1104.40
1104.40
654.07
654.07
7430.17
7430.17
55.21
55.21
2088.52
2088.52
3490.64
3490.64
5519.53
5519.53
581.09
581.09
312.13
312.13
125.60
125.60
6639.00
6639.00
2282.16
2282.16
6693.33
6693.33
6581.91
6581.91
5322.90
5322.90
2901.75
2901.75
512.64
512.64
229.69
229.69
4320.88
4320.88
363.90
363.90
20.98
20.98
5293.06
5293.06
7454.44
7454.44
240.82
240.82
135.13
135.13
34.60
34.60
2240.07
2240.07
4244.20
4244.20
1400.68
1400.68
161.22
161.22
8540.43
8540.43
2008.78
2008.78
3356.50
3356.50
210.31
210.31
790.93
790.93
3296.98
3296.98
103.44
103.44
5291.63
5291.63
5111.37
5111.37
444.10
444.10
40.54
40.54
312.34
312.34
1742.68
1742.68
2930.24
2930.24
298.36
298.36
360.22
360.22
158.37
158.37
4262.23
4262.23
1892.39
1892.39
895.23
895.23
5570.09
5570.09
5894.61
5894.61
5752.83
5752.83
6529.91
6529.91
3556.50
3556.50
6465.43
6465.43
4109.37
4109.37
2844.38
2844.38
7926.81
7926.81
7985.66
7985.66
290.53
290.53
1447.90
1447.90
200.37
200.37
3424.88
3424.88
1582.20
1582.20
587.09
587.09
5350.16
5350.16
5243.30
5243.30
54.17
54.17
7472.24
7472.24
7412.66
7412.66
7412.66
7412.66
5268.60
5268.60
2829.84
2829.84
109.03
109.03
6045.84
6045.84
6045.84
6045.84
6532.42
6532.42
5830.81
5830.81
4739.36
4739.36
3489.01
3489.01
7329.03
7329.03
101.08
101.08
2386.52
2386.52
6877.52
6877.52
10.00
10.00
2367.34
2367.34
138.66
138.66
2152.29
2152.29
2971.07
2971.07
8178.34
8178.34
6692.03
6692.03
8456.88
8456.88
2173.12
2173.12
20.26
20.26
9008.20
9008.20
1186.58
1186.58
47.54
47.54
36.87
36.87
7318.34
7318.34
7318.34
7318.34
7318.34
7318.34
21.31
21.31
1600.97
1600.97
111.72
111.72
1886.87
1886.87
213.98
213.98
2091.01
2091.01
3838.57
3838.57
549.74
549.74
98.92
98.92
640.38
640.38
9019.04
9019.04
8471.77
8471.77
8975.26
8975.26
9516.53
9516.53
92.01
92.01
7110.48
7110.48
9074.93
9074.93
6713.29
6713.29
6713.29
6713.29
4371.37
4371.37
8482.25
8482.25
9854.01
9854.01
7531.61
7531.61
44.37
44.37
7741.93
7741.93
5878.04
5878.04
90.12
90.12
1392.58
1392.58
28.42
28.42
2276.12
2276.12
2623.91
2623.91
4526.68
4526.68
5350.80
5350.80
3040.17
3040.17
8094.27
8094.27
7978.36
7978.36
27.62
27.62
9204.42
9204.42
2516.92
2516.92
2536.87
2536.87
8899.57
8899.57
2303.52
2303.52
227.47
227.47
158.89
158.89
869.28
869.28
396.99
396.99
2357.86
2357.86
4418.56
4418.56
2274.48
2274.48
1295.39
1295.39
7619.85
7619.85
2238.68
2238.68
4886.99
4886.99
118.43
118.43
1203.45
1203.45
116.67
116.67
2781.41
2781.41
30.94
30.94
32.02
32.02
1506.92
1506.92
2051.97
2051.97
2101.77
2101.77
203.05
203.05
139.56
139.56
5310.45
5310.45
7388.15
7388.15
2687.11
2687.11
2687.11
2687.11
3512.28
3512.28
960.77
960.77
4716.93
4716.93
26.18
26.18
1883.19
1883.19
5826.86
5826.86
2193.40
2193.40
5074.11
5074.11
908.17
908.17
121.01
121.01
27.16
27.16
1437.12
1437.12
5960.58
5960.58
6890.59
6890.59
342.71
342.71
5408.41
5408.41
5774.60
5774.60
383.71
383.71
92.60
92.60
1507.40
1507.40
4738.63
4738.63
4509.30
4509.30
287.89
287.89
1496.07
1496.07
1623.05
1623.05
7588.71
7588.71
8566.68
8566.68
5973.50
5973.50
5123.55
5123.55
4749.97
4749.97
1259.34
1259.34
7193.90
7193.90
5920.42
5920.42
193.47
193.47
3699.72
3699.72
6669.39
6669.39
1611.11
1611.11
3356.38
3356.38
6831.89
6831.89
132.43
132.43
140.40
140.40
11447.90
11447.90
6993.46
6993.46
3882.76
3882.76
5095.76
5095.76
2621.71
2621.71
1231.93
1231.93
209.50
209.50
259.62
259.62
7182.04
7182.04
1686.37
1686.37
6842.07
6842.07
10.00
10.00
2959.27
2959.27
4323.03
4323.03
9175.51
9175.51
979.22
979.22
1934.79
1934.79
1466.34
1466.34
2083.81
2083.81
4922.57
4922.57
6020.36
6020.36
2307.35
2307.35
7910.97
7910.97
2264.36
2264.36
8113.18
8113.18
1573.46
1573.46
4131.88
4131.88
8872.95
8872.95
2693.79
2693.79
8729.09
8729.09
687.33
687.33
3055.84
3055.84
9288.11
9288.11
5941.95
5941.95
3038.48
3038.48
62.04
62.04
4317.55
4317.55
6522.77
6522.77
2294.21
2294.21
5245.02
5245.02
6052.45
6052.45
5754.43
5754.43
5039.17
5039.17
4277.29
4277.29
308.26
308.26
3034.91
3034.91
851.12
851.12
6874.08
6874.08
4788.05
4788.05
7525.73
7525.73
7433.13
7433.13
5630.32
5630.32
9492.90
9492.90
10175.00
10175.00
1155.99
1155.99
2464.88
2464.88
7540.46
7540.46
8413.48
8413.48
7181.36
7181.36
7167.61
7167.61
4064.61
4064.61
3419.21
3419.21
8714.86
8714.86
345.27
345.27
5324.56
5324.56
8580.08
8580.08
9513.86
9513.86
4212.87
4212.87
4212.87
25.24
4673.86
4673.86
4673.86
8372.48
5806.03
5806.03
7699.15
7699.15
7699.15
8082.70
10768.15
10768.15
155.81
155.81
155.81
5238.43
5238.43
3212.37
6360.12
6360.12
6360.12
6087.68
6087.68
6087.68
6087.68
3934.51
3934.51
7140.64
7140.64
4051.81
4051.81
4051.81
4051.81
7870.55
7870.55
64.44
64.44
4720.43
4720.43
5322.18
5322.18
9359.36
4539.77
4539.77
4539.77
4539.77
4539.77
4539.77
4539.77
110.57
110.57
216.55
216.55
31.23
31.23
332.33
332.33
207.80
207.80
1059.60
1059.60
4944.28
4944.28
2163.49
2163.49
5978.56
5978.56
1562.79
1562.79
4894.95
4894.95
4155.49
4155.49
4022.71
4022.71
481.42
481.42
6848.89
6848.89
3398.54
3398.54
4776.28
4776.28
1948.90
1948.90
7014.86
7014.86
4269.50
4269.50
4416.65
786.09
786.09
786.09
2813.13
2813.13
4172.61
4172.61
59.36
59.36
7237.19
7237.19
7145.57
7145.57
1653.24
1653.24
3269.64
3269.64
7670.94
7670.94
597.29
597.29
7919.81
7919.81
3995.98
3995.98
3806.05
3806.05
175.16
175.16
603.03
603.03
3347.68
3347.68
82.77
82.77
4653.52
4653.52
1384.02
1384.02
1771.10
1771.10
1140.39
1140.39
3029.05
3029.05
3824.67
3824.67
1053.25
1053.25
2348.20
2348.20
4797.60
4797.60
3511.53
3511.53
4327.05
4327.05
6491.33
6491.33
604.26
604.26
371.05
371.05
5158.77
5158.77
698.16
698.16
4483.42
4483.42
2104.53
2104.53
106.42
106.42
3840.74
3840.74
37.90
37.90
6437.95
6437.95
139.78
139.78
3487.37
3487.37
194.73
194.73
6346.74
6346.74
1548.87
1548.87
20.26
20.26
1650.56
1650.56
115.68
115.68
3856.49
3856.49
2343.16
2343.16
6906.06
6906.06
2972.41
2972.41
6004.87
6004.87
9597.30
9597.30
3484.52
3484.52
3987.70
3987.70
879.48
879.48
7266.82
7266.82
8651.21
8651.21
4710.70
4710.70
8167.21
8167.21
9496.64
9496.64
8058.90
8058.90
10861.63
10861.63
8848.83
8848.83
89.50
89.50
7726.25
7726.25
3148.88
3148.88
5747.30
5747.30
6486.69
6486.69
10.00
10.00
6300.47
6300.47
3446.06
3446.06
29.04
29.04
26.57
26.57
5371.80
5371.80
2115.65
2115.65
327.43
327.43
2022.06
2022.06
4994.71
4994.71
5914.21
5914.21
2857.66
2857.66
3711.01
3711.01
8110.90
8110.90
4027.00
4027.00
2599.97
2599.97
7664.50
7664.50
284.66
284.66
9000.00
9000.00
931.05
931.05
5717.34
5717.34
5975.80
5975.80
2067.11
2067.11
6401.90
6401.90
706.80
706.80
2275.88
2275.88
5847.06
5847.06
4433.55
4433.55
6272.85
6272.85
7869.23
7869.23
6888.50
6888.50
2796.52
2796.52
3145.27
3145.27
7333.87
7333.87
2873.46
2873.46
4185.75
4185.75
3768.22
3768.22
2060.71
2060.71
5245.73
5245.73
4770.40
4770.40
3829.89
3829.89
51.63
51.63
40.60
40.60
3650.84
3650.84
2170.69
2170.69
1462.65
1462.65
7255.34
7255.34
553.34
553.34
3144.71
3144.71
1921.11
1921.11
2956.11
2956.11
434.44
434.44
4648.97
4648.97
772.21
772.21
34.24
34.24
454.04
454.04
5122.64
5122.64
18.64
18.64
5258.67
5258.67
6989.26
6989.26
3769.18
3769.18
193.73
193.73
4459.16
4459.16
3991.70
3991.70
408.02
408.02
4330.64
4330.64
683.88
683.88
5267.71
5267.71
47.67
47.67
33.43
33.43
59.26
59.26
4094.81
4094.81
4564.99
4564.99
3324.83
3324.83
4184.40
4184.40
82.20
82.20
91.51
91.51
1423.76
1423.76
7295.64
7295.64
2762.74
2762.74
4728.23
4728.23
4749.58
4749.58
97.78
97.78
365.61
365.61
1052.67
1052.67
4252.81
4252.81
141.18
141.18
1909.51
1909.51
2073.33
2073.33
760.16
760.16
3378.86
3378.86
2205.76
2205.76
1960.33
1960.33
4669.98
4669.98
3317.45
3317.45
5612.92
5612.92
6688.82
6688.82
5052.74
5052.74
1598.85
1598.85
2304.40
2304.40
3268.66
3268.66
4555.64
4555.64
1769.97
1769.97
2637.27
2637.27
7913.76
7913.76
2233.64
2233.64
2100.49
2100.49
4811.05
4811.05
7002.31
7002.31
3793.09
3793.09
3300.11
3300.11
2184.65
2184.65
94.95
94.95
144.07
144.07
1394.35
1394.35
2497.32
2497.32
6158.55
6158.55
1994.20
1994.20
94.33
94.33
1516.00
1516.00
3159.67
3159.67
1013.11
1013.11
5939.77
5939.77
2122.83
2122.83
3615.45
3615.45
5059.79
5059.79
2438.48
2438.48
4501.21
4501.21
1477.53
1477.53
503.27
503.27
2849.77
2849.77
4198.94
4198.94
65.47
65.47
2600.76
2600.76
4765.15
4765.15
92.14
92.14
493.69
493.69
3295.29
3295.29
438.87
438.87
1295.30
1295.30
1164.20
1164.20
4891.85
4891.85
4798.48
4798.48
5293.42
5293.42
4127.70
4127.70
4516.53
4516.53
111.90
111.90
1945.26
1945.26
3583.53
3583.53
4740.78
4740.78
356.80
356.80
25.25
25.25
3946.60
3946.60
1146.16
1146.16
1603.31
1603.31
2076.64
2076.64
197.15
197.15
4841.19
4841.19
8965.75
8965.75
1118.45
1118.45
5966.78
5966.78
8357.68
8357.68
9201.83
9201.83
2950.61
2950.61
2427.57
2427.57
5257.69
5257.69
202.11
202.11
4267.22
4267.22
4720.42
4720.42
2249.30
2249.30
2674.58
2674.58
3337.06
3337.06
5823.91
5823.91
16.40
16.40
7888.20
7888.20
1712.86
1712.86
2179.23
2179.23
1079.16
1079.16
4625.49
4625.49
1634.72
1634.72
5985.84
5985.84
2339.95
2339.95
56.99
56.99
164.25
164.25
731.25
731.25
4658.72
4658.72
276.05
276.05
2600.47
2600.47
5982.97
5982.97
2814.50
2814.50
7888.43
7888.43
7230.77
7230.77
5093.74
5093.74
5093.74
5093.74
5093.74
5093.74
5093.74
5093.74
808.14
808.14
3190.30
3190.30
707.45
707.45
2968.34
2968.34
2156.73
2156.73
28.65
28.65
170.29
170.29
3141.72
3141.72
4340.55
4340.55
3338.80
3338.80
6365.17
6365.17
5256.54
5256.54
5256.54
5256.54
2224.22
2224.22
4668.81
4668.81
3625.76
3625.76
431.69
431.69
116.59
116.59
152.88
152.88
778.12
778.12
561.05
561.05
1577.31
1577.31
3288.54
3288.54
1240.54
1240.54
4443.55
4443.55
1917.05
1917.05
3672.83
3672.83
3672.83
3672.83
4264.19
4264.19
4395.89
4395.89
155.42
155.42
5073.77
5073.77
710.98
710.98
4895.82
4895.82
4999.44
4999.44
6395.06
6395.06
3932.69
3932.69
3768.05
3768.05
5500.94
5500.94
2318.97
2318.97
1729.28
1729.28
2387.65
2387.65
2845.66
2845.66
3855.97
3855.97
3506.43
3506.43
4283.18
4283.18
737.88
737.88
936.80
936.80
4690.84
4690.84
3387.48
3387.48
2595.87
2595.87
1989.02
1989.02
3056.59
3056.59
2335.77
2335.77
3863.48
3863.48
4772.88
4772.88
3795.50
3795.50
3669.32
3669.32
2714.32
2714.32
4281.34
4281.34
4883.90
4883.90
169.25
169.25
5759.55
5759.55
152.98
152.98
3009.15
3009.15
3268.14
3268.14
2745.47
2745.47
3015.09
3015.09
3594.97
3594.97
3240.68
3240.68
4654.59
4654.59
4790.02
4790.02
5409.15
5409.15
2083.99
2083.99
4597.57
4597.57
1237.13
1237.13
1906.00
1906.00
5072.87
5072.87
6140.21
6140.21
2549.54
2549.54
1319.84
1319.84
4566.56
4566.56
4566.56
9677.46
11188.07
11188.07
11852.50
11852.50
160.35
160.35
4430.95
4430.95
5422.29
5422.29
6344.63
6344.63
6469.08
6469.08
106.04
106.04
3538.88
3538.88
3057.83
3057.83
2784.64
2784.64
3331.70
3331.70
1725.15
1725.15
6442.04
6442.04
5629.03
5629.03
4576.06
4576.06
2855.18
2855.18
6410.97
6410.97
6246.25
6246.25
5735.87
5735.87
1033.91
1033.91
3263.65
3263.65
665.56
665.56
3384.75
3384.75
6600.21
6600.21
6985.57
6985.57
8253.67
8253.67
2832.67
2832.67
3388.68
3388.68
2745.62
2745.62
3964.13
3964.13
7234.11
7234.11
4934.45
4934.45
2240.39
2240.39
3542.25
3542.25
6520.60
6520.60
1867.49
1867.49
6353.38
6353.38
7172.14
7172.14
37.02
37.02
5692.45
5692.45
7157.97
7157.97
7350.47
7350.47
1936.40
1936.40
780.78
780.78
8090.53
8090.53
70.23
70.23
5237.32
5237.32
3839.06
3839.06
2152.33
2152.33
1284.69
1284.69
332.28
332.28
4948.91
4948.91
1889.40
1889.40
4611.76
4611.76
5519.95
5519.95
603.53
603.53
1537.60
1537.60
6630.43
6630.43
1285.61
1285.61
350.21
350.21
5751.33
5751.33
2713.49
2713.49
2114.60
2114.60
6551.82
6551.82
3234.86
3234.86
5380.62
5380.62
3802.99
3802.99
4387.84
4387.84
5643.70
5643.70
32.47
32.47
788.58
788.58
2104.16
2104.16
2620.51
2620.51
5133.49
5133.49
3680.75
3680.75
3259.16
3259.16
3694.21
3694.21
1593.49
1593.49
3900.59
3900.59
2651.23
2651.23
3092.14
3092.14
63.23
63.23
4980.37
4980.37
5800.45
5800.45
88.21
88.21
1809.68
1809.68
54.28
54.28
4010.57
4010.57
1584.77
1584.77
989.16
989.16
1392.82
1392.82
10.00
10.00
3309.34
3309.34
3811.39
3811.39
3334.37
3334.37
1473.26
1473.26
1723.63
1723.63
885.56
885.56
3578.77
3578.77
3578.77
3578.77
3578.77
3578.77
4341.98
4341.98
30.46
30.46
30.46
2810.89
101.67
101.67
3325.99
3325.99
1728.75
1728.75
3239.09
3239.09
3239.09
62.86
62.86
3024.47
50.01
50.01
50.01
4579.49
4579.49
3933.17
19.85
19.85
19.85
2047.39
5340.68
5340.68
5340.68
4670.64
4670.64
1324.49
1324.49
3581.18
3581.18
5144.15
5144.15
2919.14
2919.14
1749.86
1749.86
54.52
54.52
4979.13
4979.13
5827.73
5827.73
5170.48
5170.48
1719.75
1719.75
6182.05
4492.58
4492.58
4492.58
2214.90
2214.90
5531.01
5531.01
1803.01
1803.01
112.50
112.50
2741.53
2741.53
548.76
548.76
4538.13
4538.13
1933.97
1933.97
22.45
22.45
3182.82
3182.82
18.14
18.14
5017.42
5017.42
2821.22
2821.22
165.14
165.14
2041.69
2041.69
3199.50
3199.50
2554.08
2554.08
2294.68
2294.68
3816.45
3816.45
47.91
47.91
4772.71
4772.71
4441.50
4441.50
2250.67
2250.67
1256.76
1256.76
974.17
974.17
1934.51
1934.51
2595.92
2595.92
2486.98
2486.98
1309.32
1309.32
1793.95
1793.95
2802.17
2802.17
789.19
789.19
2316.19
2316.19
1672.26
1672.26
748.17
748.17
2173.42
2173.42
6950.10
6950.10
2061.63
2061.63
4405.01
4405.01
5741.21
5741.21
118.64
118.64
1321.16
1321.16
1645.28
1645.28
3283.03
3283.03
4579.90
4579.90
3753.14
3753.14
5464.29
5464.29
2512.20
2512.20
955.85
955.85
3450.38
3450.38
2059.07
2059.07
1514.82
1514.82
524.80
524.80
3459.24
3459.24
3345.88
3345.88
1421.21
1421.21
1392.10
1392.10
1951.22
1951.22
1881.53
1881.53
10.00
10.00
992.96
992.96
108.95
108.95
1926.68
1926.68
97.92
97.92
2166.65
2166.65
5533.34
5533.34
4272.12
4272.12
3512.20
3512.20
3073.86
3073.86
6614.70
6614.70
25.47
25.47
1986.25
1986.25
242.69
242.69
1439.62
1439.62
4159.02
4159.02
3053.46
3053.46
1228.31
1228.31
1752.98
1752.98
5283.14
5283.14
128.12
128.12
1466.39
1466.39
2531.00
2531.00
6311.91
6311.91
4806.90
4806.90
1872.00
1872.00
113.19
113.19
4634.21
4634.21
4496.01
4496.01
5115.93
5115.93
5298.78
5298.78
631.02
631.02
33.91
33.91
232.19
232.19
2754.76
2754.76
2503.07
2503.07
4036.24
4036.24
609.87
609.87
2273.89
2273.89
4535.96
4535.96
597.25
597.25
926.96
926.96
517.08
517.08
5070.10
5070.10
4525.78
4525.78
6042.35
6042.35
2540.88
2540.88
3804.76
3804.76
2111.72
2111.72
3341.35
3341.35
1529.66
1529.66
5526.17
5526.17
1293.55
1293.55
441.29
441.29
3011.05
3011.05
2774.43
2774.43
3972.32
3972.32
167.37
167.37
6351.19
6351.19
2018.97
2018.97
5322.75
5322.75
449.49
449.49
4641.37
4641.37
4641.37
4641.37
1961.40
1961.40
3937.75
3937.75
2609.66
2609.66
4142.06
4142.06
3933.88
3933.88
4684.35
4684.35
2591.78
2591.78
2935.17
2935.17
3581.55
3581.55
4027.01
4027.01
2300.49
2300.49
1989.49
1989.49
6177.16
6177.16
6177.16
6177.16
6177.16
6177.16
3502.39
3502.39
2789.28
2789.28
3147.61
3147.61
367.82
367.82
3331.15
3331.15
1574.38
1574.38
5921.49
5921.49
3937.46
3937.46
6159.79
6159.79
3891.43
3891.43
5717.40
5717.40
170.95
170.95
3089.25
3089.25
2478.18
2478.18
2478.18
2478.18
3758.37
3758.37
2476.99
2476.99
22.21
22.21
6544.43
6544.43
944.89
944.89
3294.07
3294.07
4237.70
4237.70
4237.70
4237.70
21.88
21.88
165.67
165.67
2431.06
2431.06
2038.28
2038.28
75.86
75.86
1343.41
1343.41
1675.27
1675.27
2933.37
2933.37
2755.88
2755.88
1677.93
1677.93
2330.48
2330.48
1811.09
1811.09
2286.71
2286.71
3602.82
3602.82
110.49
110.49
1099.98
1099.98
356.43
356.43
31.26
31.26
1772.59
1772.59
3152.23
3152.23
1163.32
1163.32
10.00
10.00
2240.12
2240.12
5363.39
5363.39
3857.72
3857.72
4134.17
4134.17
3231.11
3231.11
1282.62
1282.62
1182.13
1182.13
1225.15
1225.15
47.27
47.27
27.48
27.48
2591.54
2591.54
717.29
717.29
2615.99
2615.99
1556.21
1556.21
3330.00
3330.00
1215.01
1215.01
60.21
60.21
19.70
19.70
2333.67
2333.67
1203.81
1203.81
370.81
370.81
4460.18
4460.18
1965.62
1965.62
1375.37
1375.37
2723.82
2723.82
48.52
48.52
1125.25
1125.25
1696.58
1696.58
57.42
57.42
1866.76
1866.76
2154.45
2154.45
916.51
916.51
5135.34
5135.34
8345.70
8345.70
5277.02
5277.02
77.58
77.58
676.01
676.01
45.73
45.73
5759.62
5759.62
349.20
349.20
158.89
158.89
2752.54
2752.54
4600.96
4600.96
264.23
264.23
1875.59
1875.59
2280.14
2280.14
421.98
421.98
139.55
139.55
6087.23
6087.23
6172.55
6172.55
1704.47
1704.47
7009.95
7009.95
3527.83
3527.83
408.19
408.19
2079.31
2079.31
1242.82
1242.82
57.97
57.97
4321.12
4321.12
31.34
31.34
5672.83
5672.83
390.14
390.14
3850.27
3850.27
5450.55
5450.55
94.42
94.42
1319.40
1319.40
6330.70
6330.70
4002.02
4002.02
2206.22
2206.22
1895.29
1895.29
1176.19
1176.19
4897.18
4897.18
44.05
44.05
2491.86
2491.86
2470.07
2470.07
5077.82
5077.82
5896.49
5896.49
3850.27
3850.27
3218.24
3218.24
3211.76
3211.76
4029.42
4029.42
2022.85
2022.85
5915.28
5915.28
4482.53
4482.53
6685.86
6685.86
2989.74
2989.74
3160.83
3160.83
1263.75
1263.75
5099.01
5099.01
3367.46
3367.46
5075.70
5075.70
5259.18
5259.18
1995.59
1995.59
4602.53
4602.53
1066.61
1066.61
3919.36
3919.36
2622.72
2622.72
59.49
59.49
43.50
43.50
333.71
333.71
3820.23
3820.23
6091.85
6091.85
710.61
710.61
2165.41
2165.41
5349.68
5349.68
1173.76
1173.76
6418.80
6418.80
6351.26
6351.26
4806.67
4806.67
1634.80
1634.80
3523.90
3523.90
3587.65
3587.65
1976.81
1976.81
2715.44
2715.44
3187.86
3187.86
3943.56
3943.56
5540.74
5540.74
2043.95
2043.95
883.57
883.57
5650.11
5650.11
6723.25
6723.25
1334.85
1334.85
2477.05
2477.05
6047.74
6047.74
1429.61
1429.61
839.73
839.73
3578.78
3578.78
3146.25
3146.25
5244.48
5244.48
4474.40
4474.40
1020.43
1020.43
3065.57
3065.57
1224.07
1224.07
1561.22
1561.22
85.18
85.18
5324.00
5324.00
670.36
670.36
2518.43
2518.43
402.03
402.03
867.86
867.86
955.67
955.67
79.32
79.32
1927.93
1927.93
1521.17
1521.17
1238.75
1238.75
54.55
54.55
2500.21
2500.21
807.40
807.40
2205.60
2205.60
3040.07
3040.07
4019.73
4019.73
105.06
105.06
1092.92
1092.92
1513.83
1513.83
2677.73
2677.73
4413.37
4413.37
3863.09
3863.09
2011.50
2011.50
2163.66
2163.66
2437.87
2437.87
4551.32
4551.32
964.52
964.52
5718.97
5718.97
5564.23
5564.23
2409.56
2409.56
3996.51
3996.51
1929.84
1929.84
903.10
903.10
46.61
46.61
4671.13
4671.13
1680.77
1680.77
3604.67
3604.67
6118.19
6118.19
5130.26
5130.26
2954.59
2954.59
5259.74
5259.74
3383.54
3383.54
3301.41
3301.41
150.81
150.81
8519.94
8519.94
4263.01
4263.01
8887.08
8887.08
5486.16
5486.16
3415.93
3415.93
7505.46
7505.46
2311.60
2311.60
140.14
140.14
7503.17
7503.17
680.42
680.42
680.42
3471.58
33.47
33.47
7837.21
7837.21
749.82
749.82
5771.54
5771.54
7114.02
7114.02
7257.02
7257.02
78.88
78.88
436.57
436.57
53.36
53.36
3101.17
3101.17
3426.60
3426.60
2117.82
2117.82
88.57
88.57
3277.41
3277.41
2083.13
2083.13
844.50
844.50
3541.04
3541.04
6660.20
6660.20
15.31
15.31
6531.97
6531.97
402.88
402.88
309.01
309.01
1210.97
1210.97
2450.00
2450.00
2276.19
2276.19
2398.75
2398.75
1727.48
1727.48
3726.05
3726.05
3726.05
3726.05
3726.05
2723.05
2723.05
2723.05
5698.46
5698.46
3925.96
3925.96
3925.96
3925.96
566.45
566.45
7107.16
7107.16
4571.88
4571.88
92.25
92.25
2209.01
2209.01
6538.11
6538.11
6538.11
6538.11
197.77
197.77
3064.61
3064.61
3064.61
3064.61
4366.08
4366.08
7079.65
7079.65
4479.52
4479.52
4487.21
4487.21
6933.67
6933.67
1631.65
1631.65
4239.44
4239.44
3915.17
3915.17
4680.27
4680.27
6199.80
6199.80
5916.19
5916.19
7026.74
7026.74
7026.74
5100.27
5100.27
5100.27
5510.34
5510.34
5510.34
1301.20
35.54
35.54
3781.59
3781.59
6161.55
6161.55
1674.43
1674.43
6514.06
6514.06
6514.06
6514.06
2441.07
2441.07
188.84
188.84
5348.30
5348.30
5348.30
5348.30
5749.19
5749.19
6154.07
6154.07
3910.99
3910.99
3996.53
3996.53
3139.40
3139.40
644.52
644.52
2523.63
2523.63
4634.06
4634.06
3082.47
3082.47
6762.68
6762.68
4644.82
4644.82
2238.87
2238.87
6055.72
6055.72
4920.96
4920.96
4920.96
6404.26
6864.28
6864.28
971.73
971.73
189.40
189.40
51.14
51.14
6907.99
6907.99
2068.53
2068.53
3101.52
3101.52
84.80
84.80
19.60
19.60
6431.56
6431.56
1950.70
1950.70
121.25
121.25
3959.21
3959.21
4309.12
4309.12
946.61
946.61
400.57
400.57
2745.71
2745.71
2362.89
2362.89
5170.75
5170.75
5030.60
5030.60
5964.13
5964.13
5964.13
5981.93
4406.38
4406.38
4406.38
2198.94
2198.94
6072.38
4173.53
4173.53
4173.53
6292.34
6292.34
3027.54
2662.96
2662.96
2662.96
815.23
1220.25
1220.25
1220.25
927.28
927.28
8044.96
8044.96
1154.87
1154.87
5111.36
5111.36
1283.66
2297.21
2297.21
2297.21
4127.10
4127.10
8764.02
8764.02
335.85
335.85
190.11
190.11
2025.42
2025.42
7039.51
7039.51
7569.32
7569.32
4791.85
4791.85
5219.35
5219.35
2307.36
2307.36
86.36
86.36
3964.88
3964.88
2865.91
2865.91
5982.37
5982.37
242.10
242.10
1764.27
1764.27
1743.88
1743.88
363.68
363.68
4907.63
4907.63
4482.19
4482.19
3381.08
3381.08
2165.59
2165.59
20.24
20.24
4843.65
4843.65
2165.52
2165.52
353.38
353.38
182.60
182.60
5190.52
5190.52
91.20
91.20
4551.92
4551.92
6747.68
6747.68
115.57
115.57
7341.27
7341.27
79.64
79.64
2663.99
2663.99
1380.40
1380.40
4196.50
4196.50
1121.38
1121.38
3017.11
3017.11
2523.96
2523.96
4001.53
4001.53
118.20
118.20
7448.36
7448.36
7686.83
7686.83
5951.17
5951.17
9501.11
9501.11
1728.92
1728.92
2260.60
2260.60
9032.78
9032.78
1050.70
1050.70
2571.35
2571.35
6794.70
6794.70
6742.31
6742.31
355.97
355.97
6488.88
6488.88
283.03
283.03
64.62
64.62
2166.30
2166.30
3374.21
3374.21
1603.60
1603.60
6411.50
6411.50
2757.57
2757.57
1592.67
1592.67
26.48
26.48
2134.74
2134.74
348.96
348.96
3445.77
3445.77
1763.94
1763.94
1812.37
1812.37
3131.26
3131.26
4899.10
4899.10
5233.09
5233.09
2325.55
2325.55
5370.59
5370.59
5370.59
5370.59
110.01
110.01
3059.09
3059.09
3059.09
3059.09
536.51
536.51
3401.47
3401.47
3401.47
3401.47
3401.47
3401.47
5213.54
5213.54
1974.42
1974.42
1561.87
1561.87
33.09
33.09
4221.30
4221.30
5592.36
5592.36
5592.36
5592.36
2812.12
2812.12
3759.54
3759.54
5497.63
5497.63
4767.22
4767.22
2829.00
2829.00
3133.26
3133.26
2086.57
2086.57
2086.57
2086.57
1668.76
1668.76
95.87
95.87
3365.97
3365.97
3257.83
3257.83
924.39
924.39
2001.65
2001.65
5191.06
5191.06
1889.88
1889.88
4659.89
4659.89
3383.66
3383.66
2798.79
2798.79
71.25
71.25
6597.67
6597.67
3343.44
3343.44
3343.44
3343.44
3739.50
3739.50
5069.41
5069.41
1245.92
1245.92
1433.25
1433.25
7430.44
7430.44
3395.12
3395.12
4618.61
4618.61
6164.95
6164.95
20.18
20.18
1243.80
1243.80
2510.18
2510.18
168.04
168.04
926.60
926.60
5857.34
5857.34
90.76
90.76
203.70
203.70
2577.29
2577.29
1667.48
1667.48
1191.67
1191.67
3007.77
3007.77
2226.94
2226.94
427.70
427.70
487.69
487.69
5220.06
5220.06
2025.69
2025.69
5584.06
5584.06
6519.07
6519.07
7027.04
7027.04
6669.88
6669.88
3823.33
3823.33
2171.30
2171.30
3771.78
3771.78
4287.23
4287.23
2873.20
2873.20
5732.11
5732.11
236.56
236.56
512.78
512.78
2853.06
2853.06
35.84
35.84
5426.13
5426.13
71.08
71.08
2046.91
2046.91
57.66
57.66
7107.57
7107.57
1183.24
1183.24
722.83
722.83
369.45
369.45
2957.83
2957.83
3025.28
3025.28
4229.84
4229.84
4933.10
4933.10
4153.48
4153.48
410.14
410.14
615.82
615.82
628.08
628.08
133.60
133.60
61.22
61.22
5789.85
5789.85
5873.28
5873.28
3598.83
3598.83
1631.24
1631.24
346.59
346.59
4051.63
4051.63
4944.26
4944.26
222.46
222.46
1827.91
1827.91
20.99
20.99
2163.24
2163.24
104.97
104.97
2896.06
2896.06
5737.17
5737.17
6426.68
6426.68
2032.99
2032.99
1124.65
1124.65
6279.98
6279.98
2616.31
2616.31
193.90
193.90
342.12
342.12
5016.82
5016.82
94.46
94.46
4982.70
4982.70
1605.02
1605.02
103.40
103.40
842.46
842.46
5287.44
5287.44
6011.11
6011.11
1812.33
1812.33
6413.09
6413.09
6785.14
6785.14
7537.68
7537.68
3494.17
3494.17
4502.37
4502.37
4883.75
4883.75
839.95
839.95
793.45
793.45
5218.77
5218.77
2825.27
2825.27
3865.04
3865.04
2666.87
2666.87
6084.82
6084.82
75.81
75.81
1974.86
1974.86
2971.87
2971.87
4112.89
4112.89
4836.12
4836.12
2414.62
2414.62
2862.51
2862.51
6969.47
6969.47
5612.46
5612.46
507.66
507.66
2084.66
2084.66
1043.38
1043.38
2222.87
2222.87
3087.31
3087.31
7300.73
7300.73
7441.86
7441.86
2661.54
2661.54
2860.20
2860.20
3309.34
3309.34
2508.54
2508.54
1713.28
1713.28
2943.95
2943.95
4569.46
4569.46
6090.77
6090.77
6103.63
6103.63
3326.29
3326.29
5693.96
5693.96
3584.91
3584.91
6379.26
6379.26
5965.04
5965.04
3228.21
3228.21
6951.90
6951.90
5132.58
5132.58
3128.02
3128.02
2127.27
2127.27
5413.93
5413.93
3362.79
3362.79
7913.30
7913.30
4166.86
4166.86
4869.38
4869.38
8107.74
8107.74
333.20
333.20
7858.94
7858.94
5626.70
5626.70
7847.57
7847.57
3636.72
3636.72
2409.59
2409.59
4396.18
4396.18
7046.99
7046.99
884.82
884.82
3147.30
3147.30
1754.87
1754.87
5291.24
5291.24
165.44
165.44
3293.56
3293.56
3079.50
3079.50
5044.09
5044.09
6546.51
6546.51
7474.47
7474.47
7239.32
7239.32
2718.63
2718.63
759.02
759.02
4279.06
4279.06
3548.73
3548.73
2593.67
2593.67
492.04
492.04
3803.03
3803.03
5348.41
5348.41
2514.14
2514.14
1384.42
1384.42
2796.62
2796.62
6822.66
6822.66
4016.17
4016.17
1977.62
1977.62
5836.80
5836.80
1959.87
1959.87
6451.96
6451.96
5637.35
5637.35
2963.94
2963.94
4941.12
4941.12
5182.41
5182.41
300.31
300.31
2115.00
2115.00
1492.46
1492.46
2888.09
2888.09
2342.93
2342.93
4887.62
4887.62
25.47
25.47
923.27
923.27
1755.88
1755.88
1797.32
1797.32
1797.32
1797.32
108.00
108.00
2565.17
2565.17
2565.17
2565.17
2565.17
2565.17
2565.17
2565.17
2565.17
2565.17
187.63
187.63
3302.88
3302.88
2851.48
2851.48
4466.65
4466.65
2748.09
2748.09
183.59
183.59
2941.30
2941.30
153.95
153.95
231.92
231.92
6395.47
6395.47
113.71
113.71
4653.81
4653.81
5217.24
5217.24
3373.20
3373.20
6378.78
6378.78
2065.11
2065.11
6290.59
6290.59
7608.61
7608.61
3079.92
3079.92
5151.60
5151.60
6753.23
6753.23
6047.15
6047.15
5973.35
5973.35
3267.41
3267.41
6176.57
6176.57
1291.99
1291.99
4803.54
4803.54
6235.01
6235.01
2533.49
2533.49
33.20
33.20
2611.14
2611.14
1996.86
1996.86
2251.44
2251.44
1701.60
1701.60
6938.29
6938.29
5560.45
5560.45
6347.03
6347.03
3467.33
3467.33
3739.92
3739.92
6002.29
6002.29
3731.12
3731.12
132.19
132.19
5514.99
5514.99
3562.44
3562.44
5899.26
5899.26
6188.57
6188.57
1874.28
1874.28
3520.78
3520.78
549.20
549.20
4250.77
4250.77
7074.73
7074.73
8015.20
8015.20
1605.29
1605.29
3160.43
3160.43
3580.48
3580.48
2344.64
2344.64
3244.44
3244.44
2895.94
2895.94
4640.29
4640.29
4848.60
4848.60
59.92
59.92
1419.67
1419.67
226.56
226.56
105.90
105.90
86.21
86.21
67.71
67.71
1062.04
1062.04
1050.80
1050.80
1719.79
1719.79
4619.96
4619.96
2258.92
2258.92
1856.17
1856.17
4646.10
4646.10
6013.70
6013.70
1279.54
1279.54
1783.25
1783.25
3333.55
3333.55
1962.41
1962.41
4430.77
4430.77
6168.42
6168.42
5622.85
5622.85
2548.00
2548.00
5476.44
5476.44
4114.88
4114.88
4950.36
4950.36
2457.55
2457.55
2829.32
2829.32
2276.35
2276.35
5433.96
5433.96
504.19
504.19
1869.73
1869.73
6383.63
6383.63
2107.09
2107.09
7255.33
7255.33
7012.53
7012.53
1338.62
1338.62
2642.12
2642.12
4752.27
4752.27
3669.29
3669.29
5430.52
5430.52
2177.51
2177.51
4230.42
4230.42
3831.28
3831.28
6778.57
6778.57
1799.10
1799.10
8291.68
8291.68
2462.23
2462.23
638.11
638.11
6503.53
6503.53
6520.26
6520.26
7123.45
7123.45
2094.43
2094.43
2941.69
2941.69
4942.34
4942.34
1441.89
1441.89
2171.69
2171.69
7114.95
7114.95
4380.85
4380.85
7111.03
7111.03
2886.26
2886.26
5127.17
5127.17
5548.60
5548.60
5119.85
5119.85
5832.29
5832.29
8248.39
8248.39
4475.21
4475.21
8218.42
8218.42
3747.16
3747.16
7102.82
7102.82
3199.38
3199.38
8413.57
8413.57
3732.89
3732.89
4247.28
4247.28
7889.29
7889.29
6747.71
6747.71
5172.06
5172.06
2143.58
2143.58
828.34
828.34
2290.64
2290.64
4279.89
4279.89
2186.23
2186.23
4612.15
4612.15
1649.27
1649.27
5290.94
5290.94
7102.91
7102.91
2954.95
2954.95
7111.57
7111.57
60.74
60.74
6102.77
6102.77
558.66
558.66
7406.50
7406.50
8123.61
8123.61
2241.02
2241.02
4790.31
4790.31
7577.18
7577.18
2306.97
2306.97
3653.39
3653.39
4314.75
4314.75
2880.23
2880.23
249.38
249.38
5227.91
5227.91
58.45
58.45
20.99
20.99
1961.63
1961.63
3298.57
3298.57
3781.20
3781.20
108.89
108.89
1895.63
1895.63
4658.15
4658.15
2658.03
2658.03
5811.34
5811.34
6457.06
6457.06
6695.00
6695.00
6102.26
6102.26
6102.26
2653.21
2653.21
5603.42
2129.78
2129.78
2129.78
1127.25
1127.25
4893.91
1155.87
1155.87
1155.87
412.46
2127.93
2127.93
2127.93
243.31
243.31
4187.00
4187.00
2479.31
2479.31
377.58
377.58
5419.12
5419.12
525.53
525.53
1773.60
1773.60
3448.73
3448.73
5592.26
5592.26
590.86
590.86
1234.62
1234.62
1596.64
1596.64
195.72
195.72
1367.26
1367.26
1625.27
1625.27
3296.85
3296.85
4402.37
4402.37
5160.83
5160.83
2172.22
2172.22
3511.41
3511.41
5847.72
5847.72
3966.68
3966.68
3618.50
3618.50
2133.33
2133.33
1041.46
1041.46
1623.50
1623.50
22.49
22.49
2732.08
2732.08
2345.77
2345.77
1201.55
1201.55
2210.13
2210.13
2785.65
2785.65
4103.58
4103.58
1602.22
1602.22
31.38
31.38
127.19
127.19
25.76
25.76
1491.80
1491.80
95.35
95.35
838.98
838.98
3305.82
3305.82
544.71
544.71
182.33
182.33
807.29
807.29
430.67
430.67
228.56
228.56
3685.89
3685.89
1345.21
1345.21
2262.29
2262.29
1791.30
1791.30
2273.67
2273.67
5002.03
5002.03
681.07
681.07
5531.66
5531.66
1686.80
1686.80
927.58
927.58
4862.48
4862.48
10.00
10.00
1617.53
1617.53
2028.17
2028.17
2593.83
2593.83
165.42
165.42
4645.33
4645.33
1814.74
1814.74
102.99
102.99
1360.76
1360.76
2201.11
2201.11
2754.28
2754.28
245.04
245.04
3001.89
3001.89
1753.84
1753.84
1288.41
1288.41
2778.17
2778.17
2173.21
2173.21
6090.30
6090.30
896.70
896.70
198.81
198.81
167.78
167.78
2107.95
2107.95
64.72
64.72
250.00
250.00
188.02
188.02
109.99
109.99
1507.38
1507.38
5694.36
5694.36
2293.97
2293.97
709.30
709.30
244.14
244.14
377.39
377.39
66.27
66.27
1427.56
1427.56
740.46
740.46
113.51
113.51
83.35
83.35
129.34
129.34
3164.03
3164.03
525.93
525.93
753.47
753.47
2405.50
2405.50
5771.44
5771.44
4070.99
4070.99
3386.98
3386.98
2416.72
2416.72
1369.32
1369.32
2235.10
2235.10
1560.35
1560.35
64.28
64.28
6108.28
6108.28
149.72
149.72
4606.45
4606.45
1943.43
1943.43
25.64
25.64
815.94
815.94
135.15
135.15
364.33
364.33
159.96
159.96
3127.62
3127.62
285.67
285.67
496.29
496.29
2147.68
2147.68
4740.86
4740.86
2069.74
2069.74
4949.60
4949.60
2100.43
2100.43
5738.65
5738.65
7743.04
7743.04
6878.01
6878.01
366.34
366.34
1715.85
1715.85
30.68
30.68
6409.57
6409.57
4297.70
4297.70
7343.40
7343.40
1549.62
1549.62
6784.50
6784.50
2964.27
2964.27
1693.39
1693.39
222.63
222.63
2925.75
2925.75
2053.22
2053.22
4948.10
4948.10
3112.49
3112.49
6535.03
6535.03
4173.53
4173.53
3209.36
3209.36
2183.04
2183.04
3997.16
3997.16
3617.15
3617.15
1755.04
1755.04
1254.70
1254.70
3614.52
3614.52
6188.67
6188.67
6523.31
6523.31
4020.74
4020.74
5394.73
5394.73
5484.83
5484.83
2973.16
2973.16
2538.68
2538.68
5551.60
5551.60
8243.97
8243.97
8420.44
8420.44
6851.44
6851.44
7867.33
7867.33
6299.90
6299.90
1832.10
1832.10
1295.44
1295.44
5065.50
5065.50
3622.32
3622.32
2938.62
2938.62
1243.52
1243.52
4887.31
4887.31
1896.79
1896.79
2727.50
2727.50
6183.18
6183.18
2334.21
2334.21
2543.37
2543.37
6163.01
6163.01
5691.70
5691.70
4264.37
4264.37
2512.11
2512.11
1403.95
1403.95
2629.18
2629.18
3670.00
3670.00
297.35
297.35
70.41
70.41
4062.54
4062.54
3551.23
3551.23
4790.93
4790.93
2654.31
2654.31
5760.42
5760.42
2006.48
2006.48
5668.20
5668.20
5826.18
5826.18
2514.92
2514.92
6192.98
6192.98
5129.37
5129.37
2675.83
2675.83
99.40
99.40
4673.90
4673.90
6172.58
6172.58
2177.78
2177.78
7908.78
7908.78
7903.21
7903.21
4928.84
4928.84
6226.01
6226.01
3723.97
3723.97
8049.19
8049.19
6161.57
6161.57
8417.93
8417.93
7031.84
7031.84
2025.21
2025.21
9201.74
9201.74
8950.83
8950.83
7627.60
7627.60
7391.49
7391.49
1143.10
1143.10
1143.10
1143.10
2458.04
2458.04
6277.70
6277.70
1168.95
1168.95
2084.20
2084.20
4977.13
4977.13
3053.48
3053.48
863.67
863.67
6876.72
6876.72
5466.13
5466.13
21.61
21.61
3032.41
3032.41
3590.72
3590.72
1355.75
1355.75
4394.43
4394.43
180.43
180.43
890.40
890.40
7686.75
7686.75
1953.38
1953.38
3577.57
3577.57
704.41
704.41
467.85
467.85
35.22
35.22
5900.38
5900.38
2691.50
2691.50
1815.72
1815.72
310.70
310.70
2383.79
2383.79
5075.88
5075.88
2528.53
2528.53
4994.74
4994.74
6710.96
6710.96
6387.83
6387.83
1009.75
1009.75
4229.60
4229.60
603.84
603.84
399.62
399.62
2814.35
2814.35
1253.60
1253.60
2520.12
2520.12
1951.70
1951.70
3005.27
3005.27
2757.59
2757.59
52.89
52.89
65.26
65.26
3701.27
3701.27
2903.84
2903.84
127.81
127.81
2527.46
2527.46
103.30
103.30
19.93
19.93
1492.96
1492.96
230.84
230.84
3420.86
3420.86
72.23
72.23
1700.29
1700.29
1760.47
1760.47
3629.72
3629.72
4261.21
4261.21
5147.80
5147.80
6291.31
6291.31
1763.95
1763.95
1738.84
1738.84
2120.14
2120.14
245.99
245.99
471.17
471.17
2138.14
2138.14
1641.27
1641.27
4988.48
4988.48
3721.68
3721.68
2323.95
2323.95
3624.03
3624.03
103.56
103.56
2698.09
2698.09
1069.07
1069.07
4607.32
4607.32
5184.41
5184.41
1205.45
1205.45
1747.29
1747.29
1496.50
1496.50
455.44
455.44
105.49
105.49
82.70
82.70
1394.41
1394.41
83.94
83.94
1870.89
1870.89
1398.67
1398.67
2815.13
2815.13
19.85
19.85
1709.47
1709.47
4897.96
4897.96
5674.08
5674.08
2720.22
2720.22
5624.28
5624.28
1823.04
1823.04
5432.02
5432.02
6930.07
6930.07
4900.47
4900.47
1106.78
1106.78
7121.92
7121.92
2261.01
2261.01
501.50
501.50
258.04
258.04
5859.18
5859.18
2169.46
2169.46
3792.80
3792.80
1920.54
1920.54
4220.34
4220.34
6466.10
6466.10
6759.80
6759.80
2210.46
2210.46
1434.63
1434.63
2889.78
2889.78
8094.94
8094.94
2055.62
2055.62
5490.07
5490.07
2792.46
2792.46
3395.63
3395.63
1830.66
1830.66
3065.60
3065.60
526.20
526.20
2412.01
2412.01
5883.67
5883.67
174.41
174.41
4595.68
4595.68
238.31
238.31
5883.44
5883.44
3597.51
3597.51
3487.45
3487.45
3164.79
3164.79
8007.51
8007.51
3041.99
3041.99
104.26
104.26
5152.69
5152.69
5198.14
5198.14
2728.65
2728.65
3141.49
3141.49
3672.27
3672.27
4959.20
4959.20
4356.91
4356.91
2021.58
2021.58
3556.63
3556.63
5741.35
5741.35
299.10
299.10
28.26
28.26
114.62
114.62
2562.59
2562.59
3046.85
3046.85
3571.48
3571.48
5977.06
5977.06
4383.88
4383.88
1681.84
1681.84
7197.28
7197.28
4962.11
4962.11
2503.07
2503.07
4409.20
4409.20
113.57
113.57
1244.82
1244.82
260.03
260.03
752.96
752.96
296.95
296.95
5712.10
5712.10
1785.12
1785.12
1515.81
1515.81
3123.93
3123.93
2688.87
2688.87
4936.89
4936.89
4528.76
4528.76
4088.28
4088.28
7006.65
7006.65
8394.87
8394.87
3322.65
3322.65
6748.06
6748.06
2627.66
2627.66
2627.66
3304.67
53.54
53.54
6970.93
6970.93
190.83
190.83
2542.57
2542.57
5830.49
5830.49
3564.82
3564.82
1880.19
1880.19
3273.89
3273.89
7855.76
7855.76
3621.29
3621.29
3967.75
3967.75
3181.66
3181.66
7729.59
7729.59
2257.12
2257.12
5446.94
5446.94
2098.91
2098.91
1142.36
1142.36
962.09
962.09
1445.50
1445.50
5959.50
5959.50
3674.16
3674.16
2301.91
2301.91
4436.58
4436.58
628.04
628.04
3665.69
3665.69
1828.80
1828.80
6023.65
6023.65
6804.19
6804.19
3973.24
3973.24
2828.01
2828.01
2012.06
2012.06
2496.40
2496.40
914.66
914.66
2070.39
2070.39
574.91
574.91
647.02
647.02
21.81
21.81
2245.71
2245.71
158.47
158.47
25.77
25.77
67.81
67.81
3352.18
3352.18
1618.01
1618.01
109.81
109.81
1856.91
1856.91
618.85
618.85
792.61
792.61
3033.23
3033.23
4241.30
4241.30
10.00
10.00
4840.07
4840.07
317.05
317.05
1965.30
1965.30
1821.63
1821.63
1569.71
1569.71
4524.36
4524.36
3275.81
3275.81
2261.80
2261.80
4669.32
4669.32
2166.77
2166.77
25.26
25.26
1175.62
1175.62
1029.80
1029.80
51.81
51.81
641.38
641.38
379.58
379.58
4793.17
4793.17
70.90
70.90
1989.15
1989.15
491.45
491.45
2226.03
2226.03
414.87
414.87
5467.35
5467.35
3203.75
3203.75
279.79
279.79
5644.05
5644.05
764.38
764.38
5488.68
5488.68
3486.16
3486.16
660.51
660.51
2082.71
2082.71
392.33
392.33
553.14
553.14
195.70
195.70
10.00
10.00
2423.33
2423.33
163.59
163.59
5153.88
5153.88
4671.97
4671.97
4310.68
4310.68
1795.17
1795.17
2125.44
2125.44
2009.69
2009.69
3958.45
3958.45
7521.16
7521.16
1711.92
1711.92
2256.97
2256.97
923.08
923.08
783.07
783.07
1228.27
1228.27
392.11
392.11
203.09
203.09
203.09
4173.26
4414.21
4414.21
3725.04
3725.04
3725.04
5307.68
5307.68
449.18
856.44
856.44
856.44
55.31
2230.92
2230.92
2230.92
5536.71
183.06
183.06
183.06
1535.94
1535.94
185.50
185.50
4814.54
4814.54
93.01
93.01
283.21
283.21
1951.05
1951.05
243.05
243.05
4315.15
4315.15
117.03
117.03
60.24
60.24
6677.69
4812.70
4812.70
4812.70
6482.40
6482.40
72.65
72.65
2071.06
2071.06
6387.78
6387.78
1639.24
1639.24
25.73
25.73
3449.25
3449.25
1725.86
1725.86
1013.03
1013.03
7748.40
7748.40
22.29
2354.12
2354.12
2354.12
3589.11
3589.11
951.41
951.41
50.94
50.94
614.96
614.96
1175.97
1175.97
4954.90
4954.90
1272.76
1272.76
3019.23
3019.23
1508.76
1508.76
2074.98
2074.98
3341.04
3341.04
3917.98
3917.98
2342.27
2342.27
122.84
122.84
2387.98
2387.98
95.31
95.31
562.23
562.23
623.57
623.57
2338.23
2338.23
3521.17
3521.17
396.86
396.86
786.31
786.31
357.38
357.38
2692.96
2692.96
1995.25
1995.25
2003.18
2003.18
2435.59
2435.59
734.52
734.52
3085.76
3085.76
5606.05
5606.05
597.53
597.53
2813.12
2813.12
1749.95
1749.95
2066.84
2066.84
6142.54
6142.54
1828.32
1828.32
4644.20
4644.20
4213.71
4213.71
10.00
10.00
6267.45
6267.45
5126.53
5126.53
461.77
461.77
4873.95
4873.95
4617.01
4617.01
5635.23
5635.23
5379.14
5379.14
86.07
86.07
4345.18
4345.18
2745.82
2745.82
770.90
770.90
2078.66
2078.66
554.70
554.70
113.24
113.24
2422.86
2422.86
44.74
44.74
96.09
96.09
3548.39
3548.39
5408.82
5408.82
28.18
28.18
202.71
202.71
3543.55
3543.55
3987.42
3987.42
1494.98
1494.98
33.62
33.62
20.13
20.13
148.84
148.84
301.57
301.57
2235.85
2235.85
3380.87
3380.87
2103.95
2103.95
59.89
59.89
1935.04
1935.04
951.17
951.17
2551.87
2551.87
709.41
709.41
4128.57
4128.57
2020.74
2020.74
3586.65
3586.65
710.55
710.55
6861.73
6861.73
1532.22
1532.22
3322.84
3322.84
7943.69
7943.69
6967.15
6967.15
6010.54
6010.54
103.55
103.55
5111.60
5111.60
864.10
864.10
4417.07
4417.07
4318.23
4318.23
3534.41
3534.41
552.53
552.53
2459.33
2459.33
1381.47
1381.47
2275.07
2275.07
1920.66
1920.66
2543.96
2543.96
6430.63
6430.63
4555.72
4555.72
6708.48
6708.48
3173.67
3173.67
2054.19
2054.19
3207.13
3207.13
1167.19
1167.19
3625.54
3625.54
5699.94
5699.94
2978.24
2978.24
4474.86
4474.86
3720.33
3720.33
1182.83
1182.83
4876.93
4876.93
3548.18
3548.18
1973.00
1973.00
285.35
285.35
5148.30
5148.30
3109.10
3109.10
5394.06
5394.06
3147.86
3147.86
6109.01
6109.01
2121.30
2121.30
2664.20
2664.20
324.87
324.87
4537.43
4537.43
6621.62
6621.62
6688.87
6688.87
2720.51
2720.51
170.61
170.61
1895.08
1895.08
3072.72
3072.72
5086.92
5086.92
3020.39
3020.39
2134.74
2134.74
2060.36
2060.36
1334.12
1334.12
587.35
587.35
3133.73
3133.73
3999.58
3999.58
3135.03
3135.03
2659.34
2659.34
5782.17
5782.17
3421.78
3421.78
2019.46
2019.46
3263.49
3263.49
4731.19
4731.19
5347.57
5347.57
4576.45
4576.45
5169.90
5169.90
3428.11
3428.11
6004.35
6004.35
3209.19
3209.19
5648.70
5648.70
5247.72
5247.72
5388.09
5388.09
562.12
562.12
1918.59
1918.59
2031.19
2031.19
161.75
161.75
124.20
124.20
3261.68
3261.68
5341.25
5341.25
1879.17
1879.17
52.75
52.75
30.83
30.83
1706.97
1706.97
1131.82
1131.82
65.73
65.73
4072.18
4072.18
3185.69
3185.69
3425.17
3425.17
3215.09
3215.09
2903.61
2903.61
3206.95
3206.95
1987.73
1987.73
443.32
443.32
2033.23
2033.23
925.75
925.75
4474.55
4474.55
5005.44
5005.44
1642.12
1642.12
50.70
50.70
2839.37
2839.37
2909.00
2909.00
83.51
83.51
1307.25
1307.25
1957.61
1957.61
4415.31
4415.31
1659.58
1659.58
4596.51
4596.51
2235.39
2235.39
2064.36
2064.36
588.40
588.40
2029.06
2029.06
758.84
758.84
3233.07
3233.07
394.48
394.48
4950.57
4950.57
2058.61
2058.61
5134.97
5134.97
2869.91
2869.91
2317.86
2317.86
265.87
265.87
139.33
139.33
74.77
74.77
520.95
520.95
2914.26
2914.26
98.51
98.51
1398.06
1398.06
577.89
577.89
665.24
665.24
553.90
553.90
256.66
256.66
10.00
10.00
1698.06
1698.06
3515.73
3515.73
1284.10
1284.10
4070.07
4070.07
782.41
782.41
2502.17
2502.17
4589.10
4589.10
2594.80
2594.80
2134.72
2134.72
1796.22
1796.22
2776.32
2776.32
4404.56
4404.56
3577.69
3577.69
2118.34
2118.34
2529.23
2529.23
2302.02
2302.02
4874.85
4874.85
2148.16
2148.16
5479.21
5479.21
5996.24
5996.24
330.08
330.08
1490.92
1490.92
2163.24
2163.24
2362.37
2362.37
901.05
901.05
1849.26
1849.26
5744.61
5744.61
8144.57
8144.57
5343.09
5343.09
5436.40
5436.40
5436.40
5436.40
3154.70
3154.70
1838.14
1838.14
526.74
526.74
1989.97
1989.97
1989.97
1989.97
348.15
348.15
2808.03
2808.03
5049.43
5049.43
1925.41
1925.41
1100.60
1100.60
1249.43
1249.43
4826.73
4826.73
27.48
27.48
898.68
898.68
1896.63
1896.63
2348.67
2348.67
3103.24
3103.24
3503.95
3503.95
2956.41
2956.41
1084.86
1084.86
2517.48
2517.48
4448.16
4448.16
2914.61
2914.61
5235.35
5235.35
766.00
766.00
1817.81
1817.81
1817.81
4655.60
1981.10
1981.10
3184.79
3184.79
2778.24
2778.24
114.01
114.01
5097.51
5097.51
6423.82
6423.82
2767.59
2767.59
2767.59
2767.59
2787.55
2787.55
1720.84
1720.84
85.88
85.88
2750.04
2750.04
2401.91
2401.91
4738.65
4738.65
4211.10
4211.10
191.10
191.10
4344.71
4344.71
3628.14
3628.14
14.24
14.24
66.94
66.94
3076.57
3076.57
3076.57
3076.57
2121.43
2121.43
2956.53
2956.53
2013.66
2013.66
1240.67
1240.67
276.06
276.06
692.22
692.22
4598.01
4598.01
1934.81
1934.81
1388.84
1388.84
4086.42
4086.42
532.01
532.01
100.54
100.54
3694.01
3694.01
1493.31
1493.31
4749.40
4749.40
2841.00
2841.00
5489.29
5489.29
100.80
100.80
1536.56
1536.56
6535.17
6535.17
59.17
59.17
216.72
216.72
116.53
116.53
2182.47
2182.47
31.76
31.76
1023.57
1023.57
2208.77
2208.77
209.29
209.29
1643.93
1643.93
1845.18
1845.18
26.69
26.69
5610.45
5610.45
1305.32
1305.32
4403.53
4403.53
406.77
406.77
131.52
131.52
1770.28
1770.28
5354.73
5354.73
3290.41
3290.41
3372.85
3372.85
2157.40
2157.40
2567.16
2567.16
120.28
120.28
1255.67
1255.67
30.84
30.84
2433.05
2433.05
523.89
523.89
2301.24
2301.24
533.04
533.04
1517.81
1517.81
1799.33
1799.33
2790.78
2790.78
34.70
34.70
3889.40
3889.40
2271.55
2271.55
5430.58
5430.58
4362.43
4362.43
1822.17
1822.17
1706.77
1706.77
3744.47
3744.47
2307.16
2307.16
153.36
153.36
2072.90
2072.90
202.39
202.39
3025.56
3025.56
3971.23
3971.23
4355.03
4355.03
3037.74
3037.74
60.19
60.19
1963.34
1963.34
102.78
102.78
149.02
149.02
2201.04
2201.04
4422.96
4422.96
4422.96
3675.54
5325.20
5325.20
357.74
357.74
2172.52
2172.52
503.28
503.28
1075.97
1075.97
744.79
744.79
1970.75
1970.75
1012.96
1012.96
655.16
655.16
2030.45
2030.45
99.11
99.11
1852.76
1852.76
194.76
194.76
34.18
34.18
270.57
270.57
2957.40
2957.40
1798.75
1798.75
3373.86
3373.86
2384.74
2384.74
4976.22
4976.22
3869.12
3869.12
3021.29
3021.29
2405.11
2405.11
6531.58
6531.58
2474.99
2474.99
5908.33
5908.33
5683.53
5683.53
6264.98
6264.98
3829.36
3829.36
741.41
741.41
2268.69
2268.69
4504.82
4504.82
4971.59
4971.59
1587.43
1587.43
3691.73
3691.73
4378.11
4378.11
4985.69
4985.69
2480.40
2480.40
3870.61
3870.61
77.73
77.73
5286.23
5286.23
4402.67
4402.67
3776.96
3776.96
2147.99
2147.99
2869.02
2869.02
2478.22
2478.22
3178.76
3178.76
5842.57
5842.57
4511.33
4511.33
6042.40
6042.40
4264.93
4264.93
7291.03
7291.03
5049.84
5049.84
2726.02
2726.02
2865.24
2865.24
5651.78
5651.78
4061.87
4061.87
5265.71
5265.71
5731.43
5731.43
1516.13
1516.13
2853.97
2853.97
6398.21
6398.21
3901.91
3901.91
3595.64
3595.64
5146.07
5146.07
3911.90
3911.90
3806.02
3806.02
3897.49
3897.49
4710.78
4710.78
3103.36
3103.36
4504.62
4504.62
4743.58
4743.58
2702.63
2702.63
1724.33
1724.33
4758.79
4758.79
2027.49
2027.49
1888.71
1888.71
6725.35
6725.35
136.76
136.76
4475.97
4475.97
4475.97
3632.99
5052.38
5052.38
4382.49
4382.49
5458.35
5458.35
778.47
778.47
202.17
202.17
1650.12
1650.12
2372.82
2372.82
4585.26
4585.26
983.21
983.21
2003.28
2003.28
2322.30
2322.30
3139.11
3139.11
53.48
53.48
643.35
643.35
108.21
108.21
26.25
26.25
26.25
23.37
23.37
1328.41
2646.07
2646.07
2646.07
2950.77
2950.77
6001.29
2069.46
2069.46
8273.90
8273.90
6282.43
6282.43
6282.43
1646.29
1646.29
3720.32
3720.32
2902.99
2902.99
6564.82
6564.82
1866.62
1866.62
3988.02
3988.02
3627.71
3627.71
63.24
63.24
4214.72
4214.72
1991.60
1991.60
5257.65
5257.65
3239.66
3239.66
1914.72
1914.72
122.50
122.50
2005.47
2005.47
2944.94
2944.94
773.41
773.41
6441.86
6441.86
2501.52
2501.52
6009.63
6009.63
2371.15
2371.15
1655.14
1655.14
5297.05
5297.05
181.73
181.73
4959.75
4959.75
4894.47
4894.47
1968.66
1968.66
5502.22
5502.22
3803.67
3803.67
334.14
334.14
3097.61
3097.61
112.24
112.24
1106.05
1106.05
2031.57
2031.57
367.26
367.26
27.51
27.51
40.81
40.81
23.68
23.68
1634.27
1634.27
3627.87
3627.87
3557.24
3557.24
5590.90
5590.90
2069.14
2069.14
10.00
10.00
621.23
621.23
121.05
121.05
4962.31
4962.31
1264.51
1264.51
1126.34
1126.34
6530.52
6530.52
1450.50
1450.50
3210.36
3210.36
5800.18
5800.18
129.34
129.34
183.33
183.33
206.27
206.27
5408.03
5408.03
101.48
101.48
2125.01
2125.01
495.24
495.24
3509.39
3509.39
5663.44
5663.44
5019.75
5019.75
2294.16
2294.16
245.53
245.53
934.81
934.81
8266.21
8266.21
31.07
31.07
5237.19
5237.19
5237.19
5237.19
2469.29
2469.29
21.07
21.07
4394.57
4394.57
5484.57
5484.57
3178.97
3178.97
2171.74
2171.74
4671.70
4671.70
2759.21
2759.21
2950.48
2950.48
61.78
61.78
3066.48
3066.48
1331.99
1331.99
618.26
618.26
59.68
59.68
1829.57
1829.57
451.15
451.15
1472.81
1472.81
4890.71
4890.71
44.86
44.86
710.16
710.16
3261.18
3261.18
2678.99
2678.99
1876.98
1876.98
1495.90
1495.90
6251.67
6251.67
487.10
487.10
2360.20
2360.20
1048.00
1048.00
97.26
97.26
1388.47
1388.47
2008.74
2008.74
4310.74
4310.74
1094.58
1094.58
3303.20
3303.20
2065.51
2065.51
1128.21
1128.21
1639.70
1639.70
212.88
212.88
4616.95
4616.95
4281.34
4281.34
101.59
101.59
4314.61
4314.61
3404.41
3404.41
488.03
488.03
1414.44
1414.44
3103.72
3103.72
3057.52
3057.52
5211.82
5211.82
2136.80
2136.80
595.19
595.19
1736.41
1736.41
3182.27
3182.27
5158.21
5158.21
6000.18
6000.18
2143.33
2143.33
1700.42
1700.42
561.22
561.22
830.84
830.84
4513.38
4513.38
1827.93
1827.93
3308.55
3308.55
3308.55
3308.55
3308.55
3308.55
835.49
835.49
314.44
314.44
5476.40
5476.40
4652.66
4652.66
6902.93
6902.93
77.81
77.81
6978.28
6978.28
110.37
110.37
2087.27
2087.27
3964.19
3964.19
55.86
55.86
5229.35
5229.35
6379.12
6379.12
142.27
142.27
3064.46
3064.46
113.17
113.17
3957.32
3957.32
7282.57
7282.57
2277.81
2277.81
59.06
59.06
5072.83
5072.83
5985.80
5985.80
4690.24
4690.24
107.28
107.28
5419.31
5419.31
2384.76
2384.76
2645.68
2645.68
2156.70
2156.70
5569.23
5569.23
189.85
189.85
213.72
213.72
604.69
604.69
1860.78
1860.78
3219.89
3219.89
2146.29
2146.29
104.33
104.33
64.23
64.23
136.13
136.13
642.17
642.17
2317.18
2317.18
208.86
208.86
636.54
636.54
1888.17
1888.17
6268.35
6268.35
91.92
91.92
4277.73
4277.73
220.53
220.53
296.61
296.61
22.85
22.85
1058.11
1058.11
469.48
469.48
2143.27
2143.27
10.00
10.00
5691.55
5691.55
747.51
747.51
1407.93
1407.93
98.59
98.59
460.42
460.42
932.22
932.22
118.72
118.72
3342.31
3342.31
1317.43
1317.43
568.57
568.57
3182.87
3182.87
3908.82
3908.82
4662.65
4662.65
5435.23
5435.23
3918.59
3918.59
1729.97
1729.97
6252.96
6252.96
4569.91
4569.91
3839.32
3839.32
43.20
43.20
1351.57
1351.57
4025.55
4025.55
2858.80
2858.80
1636.09
1636.09
5184.92
5184.92
3194.29
3194.29
1485.70
1485.70
2133.74
2133.74
3343.68
3343.68
4692.34
4692.34
3301.39
3301.39
165.87
165.87
3936.95
3936.95
92.85
92.85
5689.92
5689.92
5689.92
5689.92
7189.75
7189.75
3629.41
3629.41
2577.72
2577.72
4355.44
4355.44
4355.44
4355.44
4355.44
4355.44
3067.94
3067.94
2630.22
2630.22
2749.91
2749.91
135.71
135.71
2057.25
2057.25
5010.89
5010.89
5010.89
5010.89
3915.63
3915.63
3915.63
3915.63
3915.63
3915.63
7302.23
7302.23
7302.23
7302.23
7302.23
7302.23
7302.23
7302.23
7302.23
7302.23
7302.23
7302.23
7302.23
7302.23
5465.45
5465.45
5465.45
5465.45
7593.87
7593.87
7593.87
7593.87
4554.97
4554.97
3386.05
3386.05
2260.75
2260.75
5708.85
5708.85
527.06
527.06
166.81
166.81
3214.10
3214.10
1598.36
1598.36
2062.29
2062.29
105.80
105.80
4986.33
4986.33
5106.72
5106.72
2253.59
2253.59
5575.32
5575.32
5565.32
5565.32
5881.95
5881.95
4007.95
4007.95
5274.73
5274.73
3613.79
3613.79
2484.84
2484.84
1553.65
1553.65
1553.65
1553.65
2716.70
2716.70
1974.64
1974.64
26.81
26.81
228.91
228.91
28.35
28.35
626.15
626.15
206.71
206.71
3836.44
3836.44
1765.01
1765.01
3108.60
3108.60
1726.62
1726.62
32.33
32.33
2258.89
2258.89
1276.60
1276.60
4070.87
4070.87
34.31
34.31
4687.25
4687.25
2062.22
2062.22
821.43
821.43
1910.69
1910.69
10.00
10.00
2115.04
2115.04
4187.65
4187.65
3999.91
3999.91
1990.95
1990.95
1222.94
1222.94
5295.13
5295.13
3524.39
3524.39
3876.74
3876.74
2642.73
2642.73
842.01
842.01
2195.06
2195.06
187.52
187.52
1797.79
1797.79
30.41
30.41
5146.21
5146.21
4000.39
4000.39
4045.73
4045.73
51.98
51.98
1542.82
1542.82
1094.78
1094.78
3881.81
3881.81
168.62
168.62
347.18
347.18
347.18
1330.37
1649.90
1649.90
1807.76
1807.76
3542.72
3542.72
2247.79
2247.79
2247.79
737.67
737.67
1017.56
1017.56
45.51
885.55
885.55
885.55
1633.54
1633.54
69.68
69.68
2095.10
2095.10
298.19
298.19
1328.46
1328.46
65.59
65.59
510.43
510.43
643.52
643.52
579.71
579.71
1751.94
1751.94
4799.13
4046.65
4046.65
4046.65
2119.90
2119.90
5464.18
5464.18
55.69
55.69
2475.72
2475.72
4063.07
4063.07
10.00
10.00
177.57
177.57
2455.23
2455.23
6383.28
6383.28
5570.67
5570.67
605.56
6377.04
6377.04
6377.04
3254.76
3254.76
4469.86
4469.86
1764.95
1764.95
316.54
316.54
1052.42
1052.42
450.88
450.88
151.51
151.51
2937.67
2937.67
2879.65
2879.65
1487.55
1487.55
2603.47
2603.47
2778.79
2778.79
3394.94
3394.94
3394.94
3394.94
173.11
173.11
821.45
821.45
1013.93
1013.93
109.99
109.99
18.70
18.70
2890.40
2890.40
5845.55
5845.55
2492.06
2492.06
1649.65
1649.65
206.92
206.92
4822.90
4822.90
4415.35
4415.35
5593.07
5593.07
5593.07
5593.07
1929.37
1929.37
2668.69
2668.69
303.67
303.67
708.52
708.52
4378.84
4378.84
10.00
10.00
4140.67
4140.67
102.63
102.63
1329.16
1329.16
248.51
248.51
1796.50
1796.50
592.91
592.91
1672.44
1672.44
50.26
50.26
3424.37
3424.37
33.69
33.69
1713.46
1713.46
3716.19
3716.19
2839.12
2839.12
3719.49
3719.49
4418.72
4418.72
3288.62
3288.62
35.44
35.44
2102.63
2102.63
3160.08
3160.08
2634.97
2634.97
838.14
838.14
4579.13
4579.13
4684.43
4684.43
2844.99
2844.99
4105.43
4105.43
5533.41
5533.41
4886.73
4886.73
705.81
705.81
3151.36
3151.36
5433.60
5433.60
5433.60
5433.60
3700.43
3700.43
3405.43
3405.43
1070.31
1070.31
5034.86
5034.86
3642.67
3642.67
3881.76
3881.76
6447.54
6447.54
6721.99
6721.99
2780.00
2780.00
5991.88
5991.88
4466.38
4466.38
2740.35
2740.35
2375.71
2375.71
4203.06
4203.06
4252.16
4252.16
767.97
767.97
4839.17
4839.17
3563.03
3563.03
4598.06
4598.06
5744.38
5744.38
3591.13
3591.13
5178.58
5178.58
6656.53
6656.53
6474.20
6474.20
6134.31
6134.31
2396.99
2396.99
335.51
335.51
1468.09
1468.09
2155.75
2155.75
1953.83
1953.83
1610.97
1610.97
7291.45
7291.45
6170.79
6170.79
3800.92
3800.92
7386.78
7386.78
4779.81
4779.81
6874.82
6874.82
2406.65
2406.65
5235.74
5235.74
4627.70
4627.70
8729.63
8729.63
5140.46
5140.46
4532.08
4532.08
6819.14
6819.14
6681.11
6681.11
2902.65
2902.65
2644.39
2644.39
77.96
77.96
5823.28
5823.28
3715.62
3715.62
3134.72
3134.72
769.22
769.22
3638.22
3638.22
5194.07
5194.07
1902.97
1902.97
3968.48
3968.48
3744.80
3744.80
5970.84
5970.84
798.18
798.18
2553.10
2553.10
2553.10
2553.10
3971.49
3971.49
3195.91
3195.91
6268.86
6268.86
5553.98
5553.98
2907.32
2907.32
6389.17
6389.17
71.06
71.06
1662.08
1662.08
2879.71
2879.71
1060.55
1060.55
99.92
99.92
4110.72
4110.72
3851.27
3851.27
4354.80
4354.80
4354.80
4354.80
86.33
86.33
3619.38
3619.38
842.26
842.26
2354.28
2354.28
3710.14
3710.14
4940.20
4940.20
695.35
695.35
98.25
98.25
5085.07
5085.07
5961.04
5961.04
331.00
331.00
136.81
136.81
1985.77
1985.77
733.21
733.21
1815.34
1815.34
33.56
33.56
3246.28
3246.28
5591.03
5591.03
4539.87
4539.87
4385.30
4385.30
4385.30
4385.30
2042.61
2042.61
3657.58
3657.58
3057.20
3057.20
5348.23
5348.23
2636.98
2636.98
5834.88
5834.88
2347.83
2347.83
5009.05
5009.05
1809.77
1809.77
5523.77
5523.77
5188.27
5188.27
2115.51
2115.51
436.55
436.55
6862.55
6862.55
2839.61
2839.61
2061.99
2061.99
5817.14
5817.14
5810.84
5810.84
3789.79
3789.79
5758.52
5758.52
1569.53
1569.53
2696.60
2696.60
10.00
10.00
321.51
321.51
153.21
153.21
6416.01
6416.01
6617.32
6617.32
4749.88
4749.88
4904.20
4904.20
6479.58
6479.58
7721.85
7721.85
6098.50
6098.50
6476.50
6476.50
5577.61
5577.61
3973.58
3973.58
5452.24
5452.24
2553.66
2553.66
885.40
885.40
2442.80
