# 1Hz Kbps trace generated by import_real_world_traces.py
559.12
497.72
606.03
1253.32
1253.32
1524.02
1524.02
1275.99
1275.99
1159.87
1159.87
1172.02
1172.02
19.62
19.62
162.90
162.90
108.76
108.76
1272.83
1272.83
1039.75
1039.75
593.51
593.51
466.92
466.92
361.98
361.98
712.89
712.89
1100.39
1100.39
186.70
186.70
186.70
1132.46
1132.46
2026.84
66.73
66.73
2800.30
2800.30
51.00
51.00
1597.66
1597.66
55.23
55.23
55.23
1693.10
1693.10
1346.26
1928.54
1928.54
710.78
710.78
2344.80
2344.80
170.03
170.03
644.46
644.46
2515.41
2515.41
43.27
43.27
3052.71
3052.71
3226.94
3226.94
3291.87
3291.87
3910.21
3910.21
767.57
767.57
1724.82
1724.82
3451.97
3451.97
3182.33
3182.33
4847.92
4847.92
4847.92
4847.92
3838.49
3838.49
3836.98
3836.98
2345.80
2345.80
2368.17
2368.17
2368.17
2368.17
2368.17
2368.17
1735.65
1735.65
1382.37
1382.37
1382.37
1382.37
476.66
476.66
3486.40
3486.40
1598.93
1598.93
1598.93
1598.93
1598.93
1598.93
2009.25
2009.25
2009.25
2009.25
2009.25
2009.25
2009.25
2009.25
2009.25
2009.25
14.72
14.72
702.57
702.57
957.18
957.18
1064.21
1064.21
1186.48
1186.48
1186.48
1186.48
1186.48
1453.99
1453.99
1772.56
1772.56
1716.88
1716.88
2413.81
2413.81
1841.13
1841.13
2129.26
2129.26
2083.07
2083.07
2493.11
2493.11
2399.99
2399.99
2000.20
2000.20
1930.44
1930.44
450.94
450.94
2667.54
2667.54
171.31
171.31
785.61
785.61
1845.44
1845.44
2202.08
2202.08
2162.36
2162.36
3215.84
3215.84
2556.25
2556.25
2556.25
2556.25
1863.41
1863.41
381.82
381.82
2341.58
2341.58
2151.94
2151.94
2141.89
2141.89
1795.88
1795.88
1532.60
1532.60
2600.42
2600.42
2464.24
2464.24
2007.26
2007.26
2390.22
2390.22
2789.54
2789.54
212.58
212.58
122.91
122.91
551.81
551.81
2279.75
2279.75
2227.31
2227.31
3056.62
3056.62
14.02
14.02
304.94
1793.78
1793.78
1793.78
144.42
144.42
144.42
144.42
33.89
33.89
87.20
87.20
10.00
28.15
672.64
672.64
372.88
372.88
104.92
12.50
12.50
12.50
12.50
96.23
654.07
654.07
1179.22
1179.22
1252.94
1252.94
1252.94
287.38
2025.79
2025.79
262.77
262.77
55.26
55.26
780.99
780.99
129.98
129.98
129.98
51.46
51.46
69.24
69.24
308.63
944.20
944.20
539.17
539.17
284.94
284.94
1133.35
1133.35
775.54
775.54
996.45
996.45
1037.68
1037.68
778.62
778.62
1249.55
1249.55
1264.91
1264.91
715.00
715.00
1531.62
1531.62
96.33
96.33
1516.66
1516.66
3689.67
3689.67
1053.13
1053.13
3484.53
3484.53
863.05
863.05
1099.68
1099.68
1704.27
1704.27
775.04
775.04
2335.09
2335.09
126.23
126.23
2444.40
2444.40
1383.05
1383.05
56.87
56.87
242.42
242.42
554.66
554.66
280.09
280.09
300.28
300.28
1642.08
1642.08
4118.72
4118.72
455.30
455.30
2732.10
2732.10
2234.10
2234.10
11.38
11.38
172.66
172.66
389.42
389.42
652.82
652.82
556.70
556.70
238.41
238.41
22.99
22.99
502.68
502.68
213.87
213.87
4358.21
4358.21
667.43
667.43
626.61
626.61
65.70
65.70
2724.19
2724.19
533.85
533.85
3292.40
3292.40
1059.62
1059.62
4785.44
4785.44
2120.39
2120.39
3513.79
3513.79
1767.65
1767.65
1960.59
1960.59
343.69
343.69
35.17
35.17
125.86
125.86
21.44
21.44
21.44
117.50
1649.53
1649.53
1893.77
1893.77
25.74
25.74
1656.89
1656.89
10.59
10.59
53.04
53.04
601.34
601.34
10.00
10.00
464.22
464.22
62.45
62.45
193.58
193.58
2146.60
2146.60
656.62
656.62
937.14
937.14
43.52
43.52
35.62
35.62
1480.54
1480.54
651.21
651.21
528.38
528.38
610.97
610.97
1087.44
1087.44
302.92
302.92
1368.45
1368.45
485.43
485.43
741.80
741.80
5363.70
5363.70
85.98
85.98
301.68
301.68
4281.73
4281.73
4821.47
4821.47
931.83
931.83
791.90
791.90
258.81
258.81
12.52
12.52
134.10
134.10
25.94
25.94
97.54
97.54
97.54
40.48
40.48
40.48
1400.20
1400.20
165.71
165.71
43.73
283.88
283.88
858.55
1657.95
1657.95
1390.87
1390.87
380.51
380.51
2000.14
2000.14
542.61
542.61
43.59
43.59
43.59
10.00
10.00
1784.25
1784.25
413.59
413.59
2832.02
275.24
275.24
381.82
381.82
381.82
71.86
71.86
72.42
72.42
72.42
1312.06
621.36
621.36
1315.54
699.49
699.49
193.79
193.79
15.27
15.27
446.18
446.18
446.18
57.34
2740.21
2740.21
1557.29
1557.29
2304.28
2304.28
627.57
627.57
803.51
803.51
592.30
592.30
563.49
563.49
40.50
40.50
3680.80
3680.80
481.32
481.32
1645.60
1645.60
526.63
526.63
768.28
768.28
399.23
399.23
534.05
534.05
1838.65
1838.65
1382.96
1382.96
570.16
570.16
152.81
152.81
71.63
71.63
260.04
260.04
260.04
260.04
137.65
137.65
137.65
137.65
29.30
29.30
1214.18
95.49
27.54
210.72
246.70
246.70
1430.44
1430.44
10.00
10.00
13.53
13.53
997.65
997.65
2215.53
2215.53
37.89
37.89
66.73
66.73
87.87
87.87
32.01
32.01
1692.77
1692.77
467.09
467.09
4161.95
4161.95
215.45
215.45
5287.17
5287.17
642.87
642.87
2905.11
2905.11
2240.49
2240.49
41.01
41.01
35.82
35.82
239.23
239.23
133.21
133.21
252.37
252.37
670.03
670.03
670.03
670.03
670.03
98.69
98.69
1263.93
1263.93
1263.93
207.02
947.04
947.04
271.16
271.16
761.15
761.15
855.62
994.75
994.75
994.75
1565.33
2363.24
2363.24
2136.33
2136.33
1006.48
1006.48
2053.20
2053.20
843.66
843.66
2767.14
2767.14
1113.06
1113.06
634.78
634.78
1446.71
1446.71
2050.05
2050.05
2272.21
2272.21
2653.59
2653.59
2290.73
2290.73
804.00
804.00
1684.05
1684.05
1991.71
1991.71
1561.82
1561.82
2921.30
2921.30
228.27
228.27
666.73
666.73
1202.43
1202.43
2684.94
2684.94
617.36
617.36
2317.21
2317.21
609.28
609.28
3968.91
3968.91
2919.28
2919.28
232.43
232.43
65.12
65.12
65.12
108.72
108.72
1732.87
218.94
218.94
1161.01
1161.01
80.70
80.70
11.11
11.11
2266.71
2266.71
194.05
194.05
1770.83
1770.83
1508.09
1508.09
2803.38
2803.38
1497.88
1497.88
2093.93
2093.93
2424.19
2424.19
3168.81
3168.81
628.26
628.26
360.44
360.44
360.44
659.34
1912.92
1912.92
608.00
608.00
2799.76
2799.76
2780.44
2780.44
2316.87
2316.87
586.86
586.86
950.25
950.25
1969.42
1969.42
614.16
614.16
651.25
651.25
2867.11
2867.11
136.73
136.73
1641.32
1641.32
334.77
334.77
60.63
60.63
119.37
119.37
44.32
44.32
99.36
99.36
26.09
26.09
26.09
164.50
164.50
164.50
1458.51
1762.85
1762.85
828.23
828.23
10.00
166.73
166.73
383.98
383.98
1567.09
1567.09
2495.31
2495.31
245.87
245.87
213.58
213.58
3572.68
3572.68
1142.50
1142.50
655.74
655.74
280.33
280.33
70.51
70.51
112.56
112.56
597.35
597.35
186.01
186.01
186.01
392.67
20.52
20.52
154.97
154.97
91.90
91.90
250.27
250.27
397.86
397.86
184.10
184.10
108.08
108.08
247.23
247.23
1704.18
1704.18
580.05
580.05
111.19
111.19
2008.43
2008.43
212.30
212.30
133.74
133.74
1580.60
1580.60
1580.60
192.70
63.88
63.88
125.25
125.25
125.25
125.25
125.25
723.98
723.98
723.98
723.98
380.00
380.00
380.00
84.57
84.57
84.57
84.57
39.10
39.10
221.82
221.82
309.05
450.34
628.99
306.87
1143.07
1143.07
781.92
781.92
648.10
648.10
777.53
818.91
927.44
927.44
842.86
842.86
1025.13
1025.13
733.51
733.51
1128.41
1128.41
102.70
102.70
102.70
622.70
622.70
622.70
622.70
622.70
650.00
1104.82
821.46
821.46
638.17
1366.09
1133.70
1133.70
2127.23
2127.23
2275.35
2275.35
1972.55
1972.55
2874.21
2874.21
2002.79
2002.79
2050.88
2050.88
2834.65
2834.65
2376.64
2376.64
894.17
894.17
726.26
726.26
742.08
742.08
122.35
122.35
122.35
259.68
259.68
392.69
392.69
513.63
513.63
2200.91
1814.67
1814.67
3261.63
3261.63
41.10
41.10
556.18
556.18
1524.05
1524.05
2974.58
2974.58
1128.72
1128.72
181.94
181.94
464.31
464.31
170.79
170.79
315.19
315.19
1371.25
1371.25
1658.96
1658.96
339.77
339.77
765.21
765.21
2662.03
2662.03
772.78
772.78
772.78
978.64
978.64
1941.56
1786.67
1786.67
491.44
491.44
2387.52
2387.52
1353.13
1353.13
2975.90
2975.90
150.76
150.76
3579.14
3579.14
455.50
455.50
162.61
162.61
2330.34
2330.34
331.18
331.18
99.50
99.50
184.55
184.55
128.98
128.98
2092.39
2092.39
849.19
849.19
807.09
807.09
784.20
784.20
57.30
57.30
57.30
57.30
10.00
130.51
2430.34
2430.34
1750.00
1750.00
2431.60
2431.60
381.79
381.79
1547.00
1547.00
3085.33
3085.33
4432.00
4432.00
2607.38
2607.38
571.52
571.52
2006.81
2006.81
1213.97
1213.97
3071.65
3071.65
4610.81
4610.81
10.00
10.00
3760.90
3760.90
177.34
177.34
391.42
391.42
451.39
451.39
451.39
451.39
1326.60
1326.60
4241.46
4241.46
4241.46
1449.76
1449.76
1449.76
1504.06
1504.06
1660.78
1660.78
1375.57
1375.57
2585.72
2585.72
1325.72
1325.72
2049.87
2049.87
173.31
173.31
4166.69
4166.69
4051.93
4051.93
264.77
264.77
749.48
749.48
2865.09
2865.09
5229.64
5229.64
3164.34
3164.34
5562.10
5562.10
5562.10
5562.10
5562.10
5562.10
1443.36
1443.36
2123.90
2123.90
2123.90
2123.90
4758.66
4758.66
2614.15
2614.15
3094.89
3094.89
2956.57
2956.57
1709.89
1709.89
1736.46
1736.46
1736.46
12.94
12.94
782.38
782.38
1632.48
1632.48
1632.48
1632.48
1632.48
1632.48
634.46
634.46
2217.61
2217.61
2507.10
2507.10
1905.51
1905.51
1587.79
1587.79
2804.12
2804.12
749.88
749.88
3273.03
3273.03
2153.31
2153.31
4126.64
4713.91
4713.91
4713.91
4471.05
4471.05
4471.05
4471.05
4471.05
4471.05
4471.05
4471.05
3189.11
3189.11
4543.28
4543.28
682.26
682.26
1043.89
1043.89
1043.89
1043.89
4552.34
4552.34
4552.34
4552.34
235.91
235.91
631.52
4180.29
4180.29
4180.29
4180.29
4180.29
4180.29
4180.29
4180.29
4180.29
4180.29
4180.29
1919.57
1919.57
1919.57
1919.57
2039.55
2039.55
2102.29
2102.29
2866.95
2866.95
1385.83
1385.83
1196.79
1758.04
1758.04
1758.04
1413.12
1413.12
1951.32
1951.32
2308.88
2308.88
2328.93
2328.93
3165.95
3165.95
1796.00
1796.00
2977.38
2977.38
2044.06
2044.06
1525.26
1525.26
623.87
623.87
1629.62
476.34
476.34
476.34
1205.31
1205.31
73.68
73.68
325.04
325.04
1169.88
1169.88
514.85
514.85
4072.68
4072.68
1332.24
1332.24
1213.20
1213.20
105.82
105.82
1629.82
1629.82
3478.16
3328.18
3328.18
3328.18
857.32
857.32
1937.37
1937.37
889.55
889.55
1870.62
1870.62
3272.44
3272.44
724.83
724.83
2744.21
2744.21
437.45
437.45
925.71
925.71
1343.39
1343.39
1343.39
1684.49
1684.49
1684.49
1684.49
1684.49
1684.49
1684.49
1205.79
1205.79
1936.13
1936.13
1235.41
1235.41
888.12
888.12
2204.26
2204.26
2204.26
2204.26
2476.49
2476.49
2476.49
2476.49
3332.98
3332.98
1807.17
1807.17
25.77
25.77
1366.54
1366.54
1325.48
1325.48
2098.09
2098.09
2098.09
2098.09
2098.09
2098.09
38.27
38.27
10.00
10.00
320.44
320.44
12.74
12.74
666.91
666.91
490.23
490.23
1312.61
1312.61
1496.73
1496.73
171.16
171.16
1246.85
1246.85
983.67
983.67
1722.38
1722.38
1688.09
1688.09
1190.81
1190.81
1454.89
1454.89
1498.26
1498.26
1202.59
1202.59
1170.98
1170.98
163.13
163.13
1007.43
1007.43
1185.71
1185.71
1666.05
1666.05
1328.31
1328.31
1237.16
1237.16
1018.39
1018.39
735.10
735.10
1601.72
1601.72
1417.71
1417.71
2344.53
2344.53
999.26
999.26
24.63
24.63
1754.24
1754.24
2118.82
2118.82
1705.37
1705.37
2442.48
2442.48
2970.60
2970.60
1912.10
1912.10
1023.23
1023.23
1023.23
1023.23
1023.23
1023.23
1023.23
1023.23
1023.23
1023.23
1023.23
1023.23
356.44
503.23
503.23
503.23
256.70
256.70
733.08
382.78
382.78
436.23
436.23
500.20
926.25
926.25
926.25
926.25
518.29
518.29
438.33
438.33
1120.46
1120.46
1039.69
1039.69
2463.39
2463.39
2416.21
2416.21
2767.13
2767.13
204.49
204.49
2105.37
2105.37
579.00
579.00
1450.52
1450.52
485.08
485.08
584.95
584.95
1866.90
1866.90
3088.47
3088.47
3090.82
3090.82
2957.90
2957.90
2827.32
2827.32
2827.32
2827.32
2827.32
2827.32
3104.76
3104.76
3104.76
3104.76
3104.76
3104.76
3104.76
3104.76
2524.65
2524.65
1945.52
1945.52
3243.32
3243.32
1580.85
1580.85
486.03
486.03
2020.20
2020.20
2394.20
2394.20
2629.25
2629.25
1999.63
1999.63
2911.08
2911.08
1929.21
1929.21
3975.17
3975.17
3850.04
3850.04
3904.91
3904.91
1442.89
1442.89
3816.15
3816.15
221.00
221.00
2502.06
2502.06
2837.19
2837.19
3604.35
3604.35
2652.09
2652.09
3566.61
3566.61
105.08
105.08
1534.64
1534.64
2061.86
2061.86
3606.31
3606.31
737.70
737.70
1951.67
1951.67
3758.00
3758.00
4478.61
4478.61
5713.44
5713.44
5520.53
5520.53
2126.76
2126.76
5773.91
5773.91
1432.68
1432.68
2695.50
2695.50
91.99
91.99
1553.24
1553.24
3208.04
3208.04
1847.69
1847.69
1261.09
1261.09
10.79
10.79
1843.55
1843.55
2839.68
2839.68
2262.50
2262.50
2778.81
2778.81
2328.79
2328.79
767.94
767.94
86.23
86.23
2393.79
2393.79
2088.49
2088.49
2890.56
2890.56
1652.29
1652.29
3686.64
3686.64
2150.34
2150.34
1201.30
1201.30
203.01
203.01
2414.87
2414.87
2338.85
2338.85
3673.79
3673.79
2292.07
2292.07
2542.61
2542.61
3362.36
3362.36
4333.07
4333.07
4469.60
4469.60
2756.63
2756.63
3968.89
3968.89
952.67
952.67
120.31
120.31
254.91
254.91
756.16
756.16
348.99
348.99
1580.69
1580.69
1521.18
1521.18
4211.43
4211.43
4682.57
4682.57
3348.14
3348.14
3348.14
3348.14
4183.16
4183.16
4673.58
4673.58
4673.58
4673.58
4673.58
4673.58
3758.34
3758.34
3758.77
3758.77
3995.69
3995.69
4154.57
4154.57
4038.95
4038.95
2311.33
2311.33
2407.09
2407.09
2931.13
2931.13
3553.51
3553.51
1662.71
1662.71
3627.14
3627.14
4373.84
4373.84
2652.28
2652.28
3740.78
3740.78
4687.12
4687.12
4652.65
4652.65
3122.42
3122.42
4432.29
4432.29
4917.17
4917.17
4917.17
4917.17
4254.21
4254.21
4237.73
4237.73
4237.73
4237.73
4237.73
4237.73
4237.73
4237.73
4237.73
4237.73
4237.73
4237.73
2649.31
2649.31
3978.33
3978.33
2636.58
2636.58
2636.58
2636.58
2636.58
2636.58
3193.56
3193.56
4148.44
4148.44
4148.44
4148.44
4148.44
4148.44
1026.21
1026.21
1992.02
1992.02
1992.02
1992.02
1992.02
1992.02
1992.02
1992.02
2337.91
2337.91
5053.58
5053.58
5362.10
5362.10
5938.76
5938.76
5938.76
5938.76
5368.61
5368.61
3464.54
3464.54
3582.29
3582.29
3578.91
3578.91
3879.12
3879.12
3879.12
3879.12
3879.12
3879.12
3879.12
3879.12
3879.12
3879.12
3879.12
3879.12
6106.43
6106.43
6062.91
6062.91
3755.62
3755.62
1885.34
1885.34
1704.95
1704.95
2969.50
2969.50
5147.70
5147.70
5968.27
5968.27
5968.27
5968.27
5968.27
5968.27
5968.27
5968.27
3844.84
3844.84
3844.84
3844.84
4769.32
4769.32
7476.51
7476.51
7476.51
7476.51
7476.51
7476.51
7476.51
7476.51
701.96
701.96
3268.72
3268.72
7399.27
7399.27
7399.27
7399.27
7399.27
7399.27
7399.27
7399.27
2099.22
2099.22
3134.03
3134.03
3134.03
3134.03
850.33
850.33
311.22
