# 1Hz Kbps trace generated by import_real_world_traces.py
945.06
1029.21
1029.21
123.80
123.80
661.95
661.95
113.10
113.10
3060.87
3060.87
2378.78
2378.78
1300.98
1300.98
668.64
668.64
1337.88
1337.88
817.09
817.09
1168.92
1168.92
5317.02
5317.02
3007.59
3007.59
3609.90
3609.90
2464.56
2464.56
4657.88
4657.88
518.47
518.47
932.48
932.48
6746.30
6746.30
665.13
665.13
1212.92
1212.92
2513.05
2513.05
1771.77
1771.77
2062.40
2062.40
4594.03
4594.03
7114.25
7114.25
7114.25
7114.25
7239.59
7239.59
3925.72
3925.72
7005.85
7005.85
7005.85
7005.85
6291.90
6291.90
6552.39
6552.39
6245.72
6245.72
3703.87
3703.87
5922.08
5922.08
1177.07
1177.07
1747.50
1747.50
1747.50
1747.50
2635.85
2635.85
2911.13
2911.13
4136.13
4136.13
3787.96
3787.96
4371.49
4371.49
4662.72
4662.72
4710.10
4710.10
2087.55
2087.55
4608.63
4608.63
1303.83
1303.83
135.98
135.98
5039.87
5039.87
5039.87
5039.87
4157.12
4157.12
914.68
914.68
4207.11
4207.11
2290.57
2290.57
2080.28
2080.28
2080.28
2080.28
5280.76
5280.76
6131.28
6131.28
6131.28
6131.28
6131.28
6131.28
6455.01
6455.01
6560.83
6560.83
6468.81
6468.81
6468.81
6468.81
5316.35
5316.35
5316.35
5316.35
5316.35
5316.35
706.96
706.96
1528.43
1528.43
1041.93
1041.93
3980.43
3980.43
381.15
381.15
4647.01
4647.01
4647.01
4647.01
6436.99
6436.99
552.11
552.11
123.21
123.21
6114.81
6114.81
2840.00
2840.00
2840.00
2840.00
2840.00
2840.00
2840.00
2840.00
2930.97
2930.97
4852.04
4852.04
4852.04
4852.04
6584.73
6584.73
6241.36
6241.36
6241.36
6241.36
1462.81
1462.81
2867.75
2867.75
2867.75
2867.75
2867.75
2867.75
2867.75
2867.75
3445.55
3445.55
6052.25
6052.25
95.19
95.19
1625.09
1625.09
652.66
652.66
2622.60
2622.60
88.16
88.16
464.42
464.42
956.56
956.56
932.23
932.23
747.15
747.15
715.45
715.45
55.55
55.55
14.70
14.70
386.07
386.07
634.69
634.69
3316.49
3316.49
1532.22
1532.22
60.28
60.28
22.61
22.61
3496.67
3496.67
5581.11
5581.11
6271.30
6271.30
3588.60
3588.60
1944.80
1944.80
661.86
