# 1Hz Kbps trace generated by import_real_world_traces.py
407.24
512.77
512.77
688.64
688.64
688.64
688.64
688.64
688.64
940.65
940.65
392.05
392.05
576.43
576.43
576.43
576.43
728.09
728.09
728.09
728.09
728.09
728.09
600.48
600.48
600.48
600.48
204.95
204.95
615.79
615.79
615.79
615.79
797.01
797.01
797.01
797.01
681.42
681.42
757.04
757.04
926.85
926.85
926.85
926.85
926.85
926.85
778.50
778.50
778.50
778.50
565.81
565.81
613.13
613.13
699.46
699.46
956.52
956.52
956.52
956.52
88.61
88.61
490.04
490.04
724.87
724.87
70.06
70.06
70.06
879.02
1944.48
1944.48
1185.92
1185.92
2085.11
2085.11
2085.11
2085.11
1864.01
1864.01
3056.80
3056.80
3056.80
3056.80
3056.80
3056.80
3056.80
1866.00
1866.00
1866.00
1866.00
1866.00
998.06
998.06
998.06
998.06
998.06
998.06
1068.79
1068.79
1068.79
1068.79
1068.79
1068.79
1068.79
1068.79
1068.79
1068.79
1410.56
1410.56
1410.56
1410.56
1410.56
1410.56
1410.56
462.85
462.85
1107.22
1255.31
1255.31
1255.31
3258.14
3258.14
3258.14
3258.14
3258.14
1411.71
1411.71
1411.71
1411.71
1411.71
1411.71
1249.83
1249.83
1249.83
1249.83
1249.83
738.09
1901.26
1901.26
1901.26
1901.26
1901.26
1901.26
1901.26
1901.26
173.33
173.33
202.83
202.83
573.33
573.33
1246.86
1246.86
1246.86
758.67
815.60
815.60
815.60
815.60
815.60
435.82
435.82
435.82
435.82
435.82
438.14
438.14
438.14
535.22
535.22
575.64
575.64
733.47
733.47
733.47
733.47
702.43
702.43
557.83
557.83
921.79
921.79
783.62
783.62
535.66
535.66
535.66
719.93
719.93
719.93
1183.61
592.12
592.12
592.12
107.76
107.76
240.47
855.45
855.45
855.45
2372.55
2372.55
2372.55
2372.55
2372.55
2372.55
2372.55
2372.55
901.02
901.02
901.02
901.02
901.02
901.02
901.02
901.02
901.02
901.02
558.77
558.77
1014.94
1014.94
1014.94
1014.94
1014.94
1014.94
1014.94
1014.94
1162.98
1162.98
186.75
186.75
63.56
63.56
55.90
55.90
274.41
274.41
400.23
400.23
404.74
404.74
225.16
225.16
225.16
503.87
503.87
503.87
503.87
503.87
440.67
440.67
307.86
307.86
307.86
730.18
730.18
730.18
62.72
62.72
25.75
25.75
639.45
639.45
400.23
400.23
444.57
444.57
437.84
718.32
718.32
718.32
752.01
752.01
172.57
172.57
394.89
394.89
539.74
539.74
329.26
329.26
489.45
489.45
489.45
489.45
889.17
889.17
889.17
889.17
729.06
729.06
729.06
690.01
690.01
690.01
690.01
690.01
690.01
690.01
261.69
261.69
610.59
610.59
365.44
365.44
365.44
365.44
333.63
333.63
579.30
579.30
342.35
342.35
962.96
962.96
962.96
962.96
651.03
651.03
30.09
30.09
288.18
288.18
195.56
195.56
400.89
400.89
536.01
536.01
536.01
536.01
536.01
536.01
320.30
320.30
320.30
320.30
536.44
536.44
536.44
536.44
536.44
536.44
676.03
676.03
676.03
676.03
804.18
804.18
804.18
804.18
804.18
804.18
804.18
804.18
804.18
804.18
849.84
849.84
849.84
849.84
849.84
849.84
849.84
849.84
849.84
849.84
790.62
790.62
790.62
790.62
625.36
625.36
625.36
625.36
1226.72
1226.72
631.22
631.22
736.07
736.07
502.96
502.96
642.89
642.89
469.87
469.87
540.15
540.15
327.03
327.03
381.10
381.10
735.69
735.69
1029.39
1029.39
1029.39
1029.39
307.26
307.26
41.03
41.03
255.54
255.54
417.62
417.62
417.62
417.62
503.00
503.00
503.00
503.00
76.59
76.59
571.42
571.42
51.15
51.15
507.94
507.94
507.94
507.94
614.72
614.72
614.72
614.72
614.72
614.72
625.36
625.36
625.36
625.36
625.36
625.36
625.36
625.36
495.35
495.35
1504.14
1504.14
1074.40
1074.40
1713.31
1713.31
1713.31
1713.31
1713.31
1713.31
1713.31
1713.31
1713.31
1713.31
1223.68
1223.68
1223.68
1223.68
1223.68
1223.68
1223.68
1223.68
1223.68
1223.68
1223.68
1223.68
1223.68
1223.68
1223.68
1223.68
1223.68
1223.68
635.48
635.48
252.60
252.60
499.60
499.60
288.28
288.28
327.79
327.79
581.10
581.10
581.10
581.10
492.42
492.42
568.54
568.54
568.54
568.54
355.51
355.51
254.51
254.51
437.04
437.04
514.12
514.12
724.33
724.33
940.11
940.11
681.63
681.63
591.71
591.71
780.42
780.42
780.42
780.42
780.42
780.42
780.42
780.42
329.62
329.62
410.77
410.77
818.13
818.13
1095.44
1095.44
1985.70
1985.70
1623.64
1623.64
1623.64
1623.64
1623.64
1623.64
1623.64
1623.64
1623.64
1623.64
1623.64
1623.64
1623.64
1623.64
1623.64
1623.64
1623.64
1623.64
1623.64
1623.64
1623.64
1623.64
1547.30
1547.30
1619.99
1619.99
2069.34
2069.34
1214.71
1214.71
1214.71
1214.71
1214.71
1214.71
1462.06
1462.06
1462.06
1462.06
2836.45
2836.45
2836.45
2836.45
2836.45
2836.45
2836.45
2836.45
2836.45
2836.45
2836.45
2836.45
2836.45
2836.45
2836.45
2836.45
2836.45
2836.45
2836.45
2836.45
2836.45
2836.45
2836.45
2836.45
2836.45
2836.45
2836.45
2836.45
2836.45
2836.45
558.26
558.26
580.50
580.50
601.35
601.35
706.42
706.42
546.70
546.70
546.70
546.70
43.15
43.15
90.62
90.62
337.36
337.36
625.07
625.07
625.07
625.07
1078.93
1078.93
1078.93
1078.93
1078.93
1078.93
829.81
829.81
829.81
829.81
477.23
477.23
478.36
478.36
798.03
798.03
798.03
798.03
798.03
798.03
798.03
798.03
673.97
673.97
552.65
552.65
420.99
420.99
498.24
498.24
555.35
555.35
740.58
740.58
761.50
761.50
761.50
761.50
549.18
549.18
549.18
549.18
474.19
474.19
355.86
355.86
556.35
556.35
723.02
723.02
289.42
289.42
405.03
405.03
472.17
472.17
472.17
472.17
56.43
56.43
472.01
472.01
574.30
574.30
574.30
574.30
574.30
574.30
645.53
645.53
645.53
645.53
200.87
200.87
222.02
222.02
564.62
564.62
564.62
564.62
564.62
564.62
340.51
340.51
235.01
235.01
206.18
206.18
780.86
780.86
780.86
780.86
308.04
308.04
578.78
578.78
703.77
703.77
703.77
703.77
482.54
482.54
706.72
706.72
706.72
706.72
1262.90
1262.90
1262.90
1262.90
547.99
547.99
547.99
547.99
547.99
547.99
569.05
569.05
569.05
569.05
944.67
944.67
944.67
944.67
646.35
646.35
646.35
646.35
347.27
347.27
185.67
185.67
230.10
230.10
597.42
597.42
597.42
597.42
597.42
597.42
489.79
489.79
489.79
489.79
372.76
372.76
372.76
372.76
1033.92
1033.92
1033.92
1033.92
1033.92
1033.92
460.04
460.04
460.04
460.04
419.35
419.35
419.35
419.35
419.35
419.35
524.90
524.90
524.90
524.90
853.11
853.11
731.52
731.52
689.77
689.77
689.77
689.77
689.77
689.77
941.62
941.62
386.28
386.28
158.02
158.02
370.01
370.01
642.72
642.72
793.81
793.81
793.81
793.81
659.13
659.13
56.70
56.70
326.37
326.37
326.37
326.37
576.22
576.22
496.77
496.77
354.70
354.70
784.97
784.97
784.97
784.97
784.97
784.97
671.18
671.18
671.18
671.18
629.85
629.85
763.31
763.31
1001.60
1001.60
933.63
933.63
933.63
933.63
857.77
857.77
527.51
527.51
966.57
966.57
966.57
966.57
966.57
966.57
966.57
966.57
966.57
966.57
894.56
894.56
894.56
894.56
254.15
254.15
626.22
626.22
692.27
692.27
1589.50
1589.50
1589.50
1589.50
1088.62
1088.62
1088.62
1088.62
1088.62
1088.62
756.37
756.37
801.79
801.79
770.17
770.17
770.17
770.17
664.17
664.17
1371.78
1371.78
1702.12
1702.12
544.63
544.63
877.65
877.65
665.00
665.00
665.00
665.00
665.00
665.00
786.73
786.73
906.68
906.68
906.68
906.68
906.68
906.68
706.55
706.55
481.96
481.96
282.63
282.63
634.92
634.92
607.60
607.60
413.26
413.26
112.17
112.17
415.28
415.28
605.71
605.71
744.58
744.58
166.38
166.38
166.38
818.52
577.39
577.39
577.39
578.02
419.94
419.94
412.55
412.55
164.62
164.62
273.77
273.77
389.59
389.59
389.59
389.59
642.97
642.97
505.98
505.98
505.98
771.02
1227.92
1227.92
714.81
714.81
714.81
490.23
490.23
1338.73
1214.10
1214.10
1214.10
1502.98
1502.98
1050.95
1050.95
1066.45
537.71
537.71
1491.44
1491.44
739.99
739.99
1366.42
1366.42
1366.42
1366.42
896.30
896.30
931.38
931.38
931.38
931.38
931.38
931.38
931.38
931.38
931.38
698.15
923.86
923.86
923.86
923.86
335.82
335.82
429.01
429.01
833.02
833.02
619.44
619.44
472.40
472.40
376.95
376.95
376.95
376.95
259.32
259.32
554.59
554.59
148.28
148.28
405.59
405.59
477.60
477.60
327.01
327.01
390.94
390.94
416.78
416.78
665.08
665.08
139.10
139.10
722.41
722.41
365.07
365.07
23.19
23.19
23.19
1308.43
1765.85
1765.85
2785.28
2785.28
1313.97
1313.97
1805.87
1805.87
1805.87
1805.87
1453.06
1453.06
1060.24
1060.24
40.44
40.44
318.37
318.37
342.45
342.45
1235.71
1235.71
1235.71
1235.71
1235.71
1235.71
1235.71
1235.71
1235.71
1235.71
1235.71
1235.71
1235.71
1235.71
1235.71
1235.71
1331.90
1331.90
26.41
26.41
187.20
187.20
187.20
499.89
2076.65
2076.65
1316.91
1316.91
1475.07
1475.07
1475.07
1976.26
1063.76
1063.76
1966.53
1966.53
1966.53
1966.53
1966.53
1966.53
1966.53
1966.53
1966.53
1966.53
1966.53
1966.53
1966.53
1966.53
1966.53
1966.53
1966.53
1966.53
1966.53
1966.53
1966.53
1966.53
1966.53
1966.53
1712.02
1712.02
1712.02
1712.02
838.47
838.47
838.47
838.47
1124.22
1124.22
1124.22
1124.22
1124.22
1124.22
1124.22
1124.22
1124.22
1124.22
1124.22
1124.22
1124.22
1124.22
1124.22
1124.22
1712.51
1712.51
1712.51
1712.51
1712.51
1712.51
1712.51
1712.51
856.46
856.46
42.89
42.89
425.00
425.00
425.00
993.75
993.75
993.75
993.75
993.75
993.75
993.75
993.75
993.75
993.75
993.75
993.75
993.75
39.93
39.93
39.93
174.10
174.10
276.91
309.85
309.85
309.85
248.04
248.04
237.11
237.11
482.52
482.52
184.74
184.74
495.09
556.50
556.50
556.50
347.31
347.31
607.30
607.30
455.90
455.90
927.44
927.44
268.59
268.59
69.95
69.95
393.91
393.91
598.54
598.54
243.85
243.85
603.41
603.41
612.29
612.29
659.39
659.39
659.39
659.39
659.39
659.39
784.00
784.00
784.00
784.00
638.54
638.54
677.54
677.54
348.39
348.39
348.39
508.40
508.40
508.40
473.83
473.83
650.39
649.75
649.75
649.75
614.47
614.47
731.25
731.25
741.65
741.65
404.02
404.02
243.82
243.82
1168.93
1168.93
320.14
320.14
822.57
822.57
931.51
931.51
361.67
361.67
467.73
467.73
731.12
731.12
731.12
731.12
121.21
121.21
262.03
262.03
492.90
492.90
702.79
702.79
702.79
702.79
702.79
702.79
702.79
702.79
702.79
702.79
702.79
702.79
702.79
702.79
315.59
315.59
123.81
123.81
522.43
522.43
452.31
452.31
347.25
347.25
505.74
505.74
505.74
505.74
505.74
505.74
594.64
594.64
594.64
594.64
187.52
187.52
283.82
518.84
518.84
518.84
518.84
518.84
518.84
518.84
1186.79
1186.79
1186.79
1186.79
679.59
679.59
679.59
679.59
679.59
679.59
1311.29
1311.29
1311.29
1311.29
735.07
735.07
735.07
735.07
1177.65
1177.65
1177.65
1177.65
1177.65
1177.65
541.70
541.70
702.35
702.35
869.91
869.91
869.91
869.91
869.91
869.91
1417.86
1417.86
1985.24
1985.24
1985.24
1985.24
1985.24
1985.24
1036.72
1036.72
1286.99
1286.99
1286.99
1286.99
2841.32
2841.32
2841.32
2841.32
454.63
454.63
454.63
454.63
648.97
648.97
1211.10
1211.10
1211.10
1211.10
1211.10
1211.10
1211.10
1211.10
1211.10
1211.10
969.81
969.81
141.42
141.42
259.87
259.87
572.41
572.41
550.21
550.21
550.21
550.21
10.00
10.00
582.94
582.94
582.94
582.94
468.93
468.93
468.93
468.93
681.12
681.12
979.61
979.61
341.35
341.35
1192.25
1192.25
1192.25
1192.25
391.88
391.88
663.57
663.57
858.38
858.38
179.59
179.59
569.41
569.41
603.99
603.99
603.99
603.99
461.06
461.06
503.12
503.12
503.12
503.12
735.52
735.52
1271.29
1271.29
1053.88
1053.88
1053.88
1053.88
543.21
543.21
543.21
543.21
482.72
482.72
814.47
814.47
1401.34
1401.34
737.73
737.73
2797.62
2797.62
2797.62
2797.62
27.52
27.52
556.30
556.30
896.07
896.07
896.07
896.07
896.07
896.07
896.07
896.07
896.07
896.07
896.07
896.07
896.07
896.07
963.74
963.74
963.74
963.74
963.74
963.74
1038.68
1038.68
303.55
303.55
226.48
226.48
280.12
280.12
443.29
443.29
344.83
344.83
456.43
456.43
242.92
242.92
215.71
215.71
524.39
524.39
585.37
585.37
702.80
702.80
514.74
514.74
514.74
514.74
217.23
217.23
793.67
793.67
431.52
431.52
629.52
629.52
529.32
529.32
265.90
265.90
359.33
359.33
378.68
378.68
289.14
289.14
289.14
289.14
714.66
714.66
714.66
714.66
237.95
237.95
389.28
389.28
56.40
56.40
10.00
10.00
157.96
157.96
315.50
315.50
232.90
232.90
874.56
874.56
874.56
874.56
583.54
583.54
502.08
502.08
306.08
306.08
578.80
578.80
578.80
578.80
430.21
430.21
430.21
430.21
430.21
430.21
666.32
666.32
666.32
666.32
372.52
372.52
372.52
372.52
372.52
372.52
439.67
439.67
439.67
439.67
328.93
328.93
328.93
328.93
557.60
557.60
557.60
557.60
566.73
566.73
908.94
908.94
910.09
910.09
425.72
425.72
808.20
808.20
808.20
808.20
414.26
414.26
414.26
414.26
598.29
598.29
614.75
614.75
596.02
596.02
641.92
641.92
685.46
685.46
493.34
493.34
493.34
493.34
54.13
54.13
410.38
410.38
443.52
443.52
725.62
725.62
725.62
725.62
573.51
573.51
605.36
605.36
580.06
580.06
580.06
580.06
290.98
290.98
633.71
633.71
1062.47
1062.47
744.81
744.81
804.89
804.89
1245.27
1245.27
1005.98
1005.98
1337.81
