# 1Hz Kbps trace generated by import_real_world_traces.py
302.53
392.65
944.72
1094.97
957.14
856.25
1525.37
1373.08
1373.08
1373.08
1373.08
1998.41
1998.41
1497.55
1497.55
1497.55
1497.55
2040.07
2040.07
1590.37
1590.37
1463.59
1463.59
1463.59
1463.59
2156.75
2156.75
1643.68
1643.68
3076.97
3076.97
1460.53
1460.53
2588.01
2588.01
2039.08
2039.08
2386.88
2386.88
3140.11
3140.11
2695.89
2695.89
1336.39
1336.39
2617.51
2617.51
3276.23
3276.23
2282.81
2282.81
3861.19
3861.19
786.71
786.71
4049.33
4049.33
1487.63
1487.63
4449.28
4449.28
314.20
314.20
6072.78
6072.78
726.48
726.48
2483.79
2483.79
2483.79
2483.79
5249.49
5249.49
2619.74
2619.74
805.36
805.36
3025.43
3025.43
5361.05
5361.05
3374.92
3374.92
3374.92
3374.92
5404.46
5404.46
5377.55
5377.55
3098.79
3098.79
1672.44
1672.44
5001.76
5001.76
3609.56
3609.56
3281.21
3281.21
3281.21
3281.21
2659.06
2659.06
10.00
10.00
4520.41
4520.41
4520.41
4520.41
2367.33
2367.33
2426.07
2426.07
780.88
780.88
32.58
32.58
4727.50
4727.50
57.85
57.85
618.40
618.40
800.88
800.88
6362.01
6362.01
5401.52
5401.52
5401.52
45.33
7327.61
7327.61
10.00
10.00
416.81
416.81
849.83
849.83
17.58
17.58
1230.55
1230.55
3823.82
3823.82
5567.70
5567.70
4149.81
4149.81
179.50
179.50
290.23
290.23
162.12
162.12
211.46
211.46
211.46
151.13
61.01
61.01
856.08
856.08
856.08
24.25
24.25
1235.36
4826.74
4826.74
11.82
11.82
11.82
10.33
10.33
10.00
10.00
16.48
16.48
47.72
286.05
286.05
191.24
191.24
191.24
10.00
331.96
331.96
11.71
11.71
11.71
10.00
32.67
32.67
32.67
32.67
700.80
57.25
57.25
57.25
57.25
41.88
1653.69
106.93
520.66
520.66
173.87
173.87
10.00
10.00
10.00
10.00
57.04
57.04
808.37
808.37
2525.35
2525.35
2360.97
2360.97
2360.97
4457.57
531.51
531.51
656.19
656.19
260.32
260.32
1381.84
1381.84
2004.38
2004.38
5400.58
5400.58
5014.25
5014.25
18.76
18.76
1326.24
1326.24
1326.24
1326.24
1914.48
1914.48
4884.15
4884.15
4884.15
4884.15
4884.15
4884.15
5596.02
5596.02
16.66
16.66
5033.23
5033.23
1476.32
1476.32
2442.10
2442.10
5792.57
5792.57
5792.57
3013.04
10.00
10.00
51.27
51.27
51.27
811.38
811.38
811.38
5095.66
5095.66
4156.50
4156.50
5168.06
5168.06
224.14
224.14
224.14
6362.93
991.91
991.91
10.00
10.00
919.70
919.70
1995.73
1995.73
1995.73
2073.33
2073.33
3394.42
2611.11
2611.11
764.57
764.57
12.18
12.18
12.82
12.82
1531.17
1531.17
1531.17
5697.80
5697.80
5697.80
6124.77
6124.77
6124.77
6124.77
1953.27
1953.27
1998.11
1998.11
1998.11
1998.11
2357.32
2357.32
3321.88
3321.88
4268.68
4268.68
3863.37
3863.37
3756.06
3756.06
2990.43
2990.43
2990.43
2990.43
3853.97
3853.97
3853.97
227.76
4530.84
4530.84
98.71
98.71
98.71
3431.98
2035.88
2035.88
793.60
793.60
1451.95
1451.95
386.80
386.80
465.43
465.43
465.43
1757.45
482.67
482.67
1473.36
1473.36
1473.36
1585.80
2875.25
2875.25
1738.47
1738.47
1738.47
1738.47
1738.47
1738.47
1738.47
1738.47
2589.14
2589.14
287.07
287.07
23.07
23.07
23.07
16.68
85.38
85.38
10.00
10.00
368.92
368.92
98.28
98.28
17.87
17.87
107.42
107.42
198.19
198.19
782.04
782.04
63.22
63.22
15.36
15.36
4566.59
4566.59
5589.12
5589.12
5589.12
5589.12
4340.50
4340.50
1302.37
1302.37
1302.37
152.72
152.72
5763.44
5763.44
6077.47
6077.47
6077.47
6077.47
855.08
855.08
6896.16
6896.16
721.87
721.87
48.46
48.46
80.69
80.69
80.69
1547.14
1547.14
118.44
10.14
10.14
111.46
111.46
12.24
12.24
20.84
20.84
539.37
539.37
15.18
15.18
4837.64
4837.64
5440.90
5440.90
55.47
55.47
2419.33
2419.33
85.95
85.95
3400.10
3400.10
579.62
579.62
1627.79
1627.79
5689.96
5689.96
16.73
16.73
38.42
38.42
824.91
824.91
436.85
436.85
5948.09
5948.09
4981.49
4981.49
272.30
272.30
145.66
145.66
398.49
398.49
22.82
22.82
2498.86
2498.86
119.97
119.97
114.62
114.62
10.00
10.00
65.32
65.32
65.31
65.31
790.37
790.37
288.76
288.76
3660.18
3660.18
1423.72
1423.72
1014.52
1014.52
3404.54
3404.54
963.26
963.26
119.18
119.18
229.19
229.19
96.58
96.58
760.94
760.94
109.70
109.70
750.49
750.49
60.97
60.97
4642.82
4642.82
13.20
13.20
10.00
10.00
10.00
10.00
350.38
350.38
118.21
118.21
164.32
164.32
10.00
10.00
314.35
314.35
314.35
314.35
10.00
10.00
10.00
10.00
10.00
10.00
117.32
117.32
117.32
117.32
47.95
47.95
809.74
809.74
37.72
87.00
50.01
50.01
21.43
1822.78
93.41
93.41
5757.48
5757.48
678.44
678.44
1719.74
1719.74
2908.54
2908.54
2908.54
2908.54
2908.54
2908.54
2704.50
2704.50
2704.50
2704.50
106.08
106.08
2300.47
2300.47
191.57
191.57
766.75
766.75
2698.35
2698.35
720.32
720.32
3186.25
3186.25
2513.24
2513.24
12.47
12.47
4562.20
4562.20
776.99
776.99
1098.55
1098.55
4708.02
4708.02
4708.02
4708.02
1663.67
1663.67
2724.51
2724.51
2724.72
2724.72
794.78
794.78
80.79
80.79
97.91
97.91
10.00
10.00
3471.22
3471.22
3295.19
3295.19
33.19
33.19
61.71
61.71
387.65
387.65
441.79
441.79
4471.58
4471.58
35.16
35.16
742.92
742.92
23.65
23.65
2336.56
2336.56
10.00
10.00
56.66
56.66
766.69
766.69
10.00
10.00
10.14
10.14
2550.29
2550.29
880.75
880.75
2452.87
2452.87
3298.38
3298.38
3298.38
3298.38
3298.38
3298.38
3204.59
3204.59
10.00
10.00
1927.70
1927.70
640.82
640.82
1802.16
1802.16
2505.86
2505.86
17.21
17.21
2148.49
2148.49
2255.25
2255.25
2255.25
2255.25
730.40
730.40
2060.37
2060.37
3065.87
3065.87
347.23
347.23
1794.52
1794.52
1794.52
1794.52
811.39
811.39
48.26
48.26
11.39
11.39
670.83
670.83
3569.06
3569.06
3189.83
3189.83
764.13
764.13
65.61
65.61
21.47
21.47
28.04
28.04
17.97
17.97
756.77
756.77
99.89
99.89
1455.32
1455.32
3691.79
3691.79
197.56
197.56
126.48
126.48
137.71
137.71
527.71
527.71
161.19
161.19
21.87
21.87
155.79
155.79
5261.46
5261.46
5358.41
5358.41
5358.41
5358.41
5358.41
5358.41
5358.41
5358.41
3104.10
3104.10
6468.47
6468.47
2728.91
2728.91
732.78
732.78
13.43
13.43
188.87
188.87
1405.17
1405.17
163.31
163.31
10.00
10.00
181.99
181.99
140.47
140.47
91.02
91.02
91.02
82.88
18.59
18.59
28.30
28.30
41.12
41.12
98.91
98.91
49.76
49.76
712.04
712.04
3234.79
3234.79
787.34
787.34
119.39
119.39
2622.36
2622.36
20.05
20.05
25.98
25.98
18.74
18.74
10.81
10.81
385.15
385.15
73.05
73.05
2303.23
2303.23
2303.23
693.91
15.19
15.19
806.42
806.42
280.64
280.64
41.20
41.20
56.94
56.94
35.76
35.76
1627.40
1627.40
49.02
49.02
652.43
652.43
56.21
56.21
5704.39
5704.39
10.00
10.00
44.97
44.97
824.95
824.95
259.12
259.12
653.17
653.17
20.72
20.72
41.28
41.28
497.77
497.77
16.05
16.05
48.19
48.19
10.00
10.00
10.00
10.00
412.14
412.14
10.00
10.00
64.28
64.28
93.83
93.83
36.58
36.58
34.26
34.26
308.70
308.70
1686.94
1686.94
4099.48
4099.48
737.53
737.53
565.61
565.61
10.00
10.00
198.37
198.37
4711.34
4711.34
4711.34
4711.34
16.88
16.88
4458.23
4458.23
1218.93
1218.93
2808.64
2808.64
2401.14
2401.14
3571.26
3571.26
2284.92
2284.92
35.00
35.00
4379.72
4379.72
475.63
475.63
10.00
10.00
3508.95
3508.95
1686.06
1686.06
2956.67
2956.67
3474.56
3474.56
1448.06
1448.06
2734.51
2734.51
271.57
271.57
1388.15
1388.15
1271.11
1271.11
2511.54
2511.54
973.43
973.43
3384.98
3384.98
3384.98
3384.98
1754.59
1754.59
3902.50
3902.50
2435.89
2435.89
205.62
205.62
791.44
791.44
1228.06
1228.06
2010.52
2010.52
2010.52
2010.52
2010.52
2010.52
2911.09
2911.09
3467.76
3467.76
3467.76
3467.76
2813.66
2813.66
773.80
773.80
4119.31
4119.31
3375.23
3375.23
3575.57
3575.57
4557.55
4557.55
4857.36
4857.36
336.47
336.47
1973.12
1973.12
2973.70
2973.70
2973.70
2973.70
799.27
799.27
22.03
22.03
717.85
717.85
717.85
717.85
2987.68
2987.68
23.83
23.83
2562.35
2562.35
1218.68
1218.68
266.87
266.87
47.87
47.87
80.22
80.22
63.19
63.19
1310.83
1310.83
30.65
30.65
2948.38
2948.38
3686.02
3686.02
342.19
342.19
3470.75
3470.75
3470.75
201.50
52.69
52.69
16.59
16.59
157.34
157.34
224.38
224.38
785.69
785.69
76.98
76.98
1062.45
1062.45
935.59
935.59
145.18
145.18
145.18
145.18
145.18
145.18
10.00
10.00
10.00
44.28
44.28
44.28
21.59
21.59
21.59
21.59
10.00
10.00
10.00
684.42
684.42
684.42
33.64
33.64
2061.01
125.12
2428.28
2367.09
149.24
829.22
1642.15
1642.15
1642.15
38.80
38.80
86.84
86.84
35.32
405.36
405.36
46.02
46.02
37.15
37.15
129.45
129.45
812.56
812.56
127.12
127.12
127.12
33.05
35.20
35.20
99.88
99.88
3487.26
3487.26
4150.20
4150.20
66.09
66.09
2592.49
2592.49
3004.43
3004.43
17.41
17.41
17.41
749.55
881.24
881.24
10.00
10.00
10.00
10.00
10.00
10.00
83.49
83.49
326.84
326.84
14.49
14.49
14.49
110.55
110.55
110.55
10.00
10.00
39.00
39.00
19.81
19.81
4296.10
4296.10
115.51
115.51
1673.34
1673.34
17.05
17.05
35.26
35.26
2822.30
2822.30
3196.51
3196.51
838.11
838.11
838.11
15.20
15.20
124.85
57.39
57.39
181.91
181.91
714.27
714.27
87.97
87.97
97.89
97.89
162.64
162.64
5708.62
5708.62
41.91
41.91
852.19
852.19
852.19
977.26
977.26
566.12
1346.36
1346.36
2300.01
2300.01
5136.00
5136.00
10.00
10.00
4231.15
4231.15
4231.15
4067.80
4067.80
5081.50
82.53
82.53
529.67
529.67
529.67
83.38
27.04
27.04
10.00
10.00
10.00
10.00
373.84
373.84
373.84
11.56
4553.78
4553.78
10.00
10.00
4447.76
4447.76
4771.39
4771.39
4771.39
4771.39
2619.11
2619.11
2619.11
24.26
24.26
10.54
10.54
2529.63
3187.81
3187.81
3437.78
3437.78
3437.78
3437.78
3437.78
3437.78
3437.78
22.47
22.47
2618.39
14.56
14.56
14.56
3558.60
2417.68
2417.68
3544.88
3544.88
800.87
800.87
2357.99
2357.99
10.00
10.00
4369.35
4369.35
4369.35
917.78
917.78
1044.14
1044.14
32.64
32.64
10.00
10.00
659.11
2146.51
2146.51
1996.13
1996.13
1852.56
1852.56
1852.56
1852.56
1416.20
1416.20
1416.20
621.53
621.53
743.56
1921.35
1921.35
2817.41
2817.41
1833.72
1833.72
1833.72
2329.98
16.86
16.86
16.86
4767.80
4767.80
5178.49
5178.49
5178.49
5178.49
56.66
56.66
2410.12
2094.86
2094.86
2094.86
811.58
4879.56
4879.56
4879.56
820.19
21.29
21.29
21.29
3753.05
2797.19
2797.19
2797.19
2329.85
2238.12
2238.12
16.52
16.52
960.73
960.73
11.86
11.86
396.96
396.96
396.96
2645.25
952.63
952.63
952.63
2677.10
2677.10
3064.98
2029.06
2029.06
2029.06
2884.74
2884.74
1545.03
1545.03
3051.62
3051.62
3051.62
3051.62
3604.59
3604.59
3604.59
3604.59
3140.87
3140.87
708.32
33.64
33.64
716.93
716.93
74.64
74.64
74.64
1427.80
1427.80
2243.70
2243.70
66.40
66.40
152.68
375.39
375.39
375.39
10.00
10.00
12.48
12.48
152.03
152.03
12.59
12.59
12.59
86.28
293.00
293.00
125.00
1095.31
1095.31
1095.31
132.40
132.40
93.17
93.17
111.26
111.26
871.73
871.73
289.53
14.41
14.41
14.41
740.04
740.04
799.90
799.90
2107.67
861.24
861.24
861.24
21.13
100.81
100.81
17.33
17.33
17.33
9382.47
9382.47
9382.47
9382.47
9382.47
77.40
77.40
77.40
77.40
114.68
224.70
131.99
131.99
76.26
2915.05
2915.05
2738.63
2738.63
34.13
34.13
10.00
10.00
34.77
34.77
65.96
65.96
1097.70
1097.70
239.05
239.05
704.45
704.45
12.51
12.51
33.83
33.83
10.00
10.00
81.32
81.32
2258.15
2258.15
80.65
80.65
3939.62
3939.62
88.67
88.67
580.32
580.32
839.11
839.11
257.41
257.41
850.63
850.63
43.86
43.86
14.77
14.77
796.73
796.73
1844.07
1844.07
10.00
10.00
63.03
63.03
10.00
10.00
10.32
10.32
51.87
51.87
28.79
28.79
5134.21
5134.21
743.90
743.90
136.93
136.93
12.67
12.67
76.77
76.77
76.77
76.77
76.77
76.77
152.75
152.75
152.75
152.75
26.02
166.81
10.00
695.00
4264.84
4264.84
147.45
65.34
583.50
583.50
273.42
273.42
85.48
85.48
30.26
30.26
10.00
10.00
808.01
808.01
23.25
23.25
18.91
18.91
84.16
84.16
103.54
103.54
2377.02
2377.02
49.31
49.31
4089.94
4089.94
10.00
10.00
25.83
25.83
841.39
841.39
252.21
252.21
417.86
417.86
170.23
170.23
170.23
19.79
10.00
10.00
32.09
32.09
32.09
10.00
10.00
10.00
10.00
10.00
188.91
188.91
62.18
62.18
158.67
103.03
14.49
14.49
682.51
682.51
4065.57
4065.57
626.24
626.24
2198.97
2198.97
62.39
62.39
3341.60
3341.60
4129.33
4129.33
3527.03
3527.03
10.00
10.00
10.00
10.00
278.10
278.10
131.65
131.65
15.96
15.96
422.64
422.64
2307.81
2307.81
59.20
59.20
59.20
12.54
12.54
258.73
258.73
16.49
12.44
12.44
1294.51
1294.51
136.54
136.54
17.27
17.27
10.00
10.00
32.06
32.06
848.61
848.61
2842.06
2842.06
125.71
125.71
757.42
757.42
16.89
16.89
10.00
10.00
115.71
115.71
147.60
147.60
49.40
49.40
2301.33
2301.33
13.05
13.05
13.05
13.05
51.83
51.83
51.83
11.07
11.07
11.07
150.69
26.49
26.49
26.49
306.09
306.09
62.37
46.00
46.00
97.10
97.10
122.94
122.94
10.00
1965.72
10.00
2645.74
2645.74
212.04
212.04
694.72
694.72
14.92
14.92
48.04
48.04
48.04
48.04
86.81
86.81
86.81
10.00
1268.19
119.30
119.30
119.30
10.00
59.71
11.33
11.33
17.43
17.43
17.43
10.00
10.00
32.66
32.66
32.66
198.78
198.78
198.78
198.78
65.85
65.85
65.85
65.85
315.34
315.34
315.34
1007.00
754.68
1437.29
2701.19
2701.19
1913.87
1913.87
142.15
142.15
778.93
778.93
21.02
21.02
122.10
122.10
364.35
364.35
120.92
120.92
10.18
10.18
64.53
64.53
24.43
24.43
16.18
16.18
387.76
387.76
25.78
25.78
68.14
68.14
819.69
819.69
44.45
44.45
114.85
114.85
905.78
905.78
2776.66
2776.66
802.19
802.19
132.24
132.24
10.00
10.00
297.75
297.75
613.50
613.50
39.57
39.57
10.00
10.00
853.46
853.46
112.42
112.42
67.99
67.99
10.00
10.00
142.78
142.78
17.31
17.31
173.54
173.54
298.62
298.62
400.27
400.27
28.22
28.22
4468.96
4468.96
47.68
47.68
1511.05
1511.05
3935.04
3935.04
1048.97
1048.97
4353.98
4353.98
712.24
712.24
584.12
584.12
43.67
43.67
2505.10
2505.10
2505.10
2505.10
32.20
32.20
3125.82
3125.82
3125.82
3125.82
2401.76
2401.76
3531.12
3531.12
3253.76
3253.76
3925.18
3925.18
3371.75
3371.75
1839.60
1839.60
4249.27
4249.27
3948.48
3948.48
1793.95
1793.95
2093.52
2093.52
4123.92
4123.92
4123.92
4123.92
515.18
515.18
1451.15
1451.15
291.28
291.28
1927.54
1927.54
2319.47
2319.47
10.00
10.00
2065.32
2065.32
2065.32
2065.32
1383.63
1383.63
2655.68
2655.68
1529.35
1529.35
1459.80
1459.80
2570.03
2570.03
3115.46
3115.46
3199.14
3199.14
3348.84
3348.84
31.37
31.37
812.13
812.13
3553.08
3553.08
1905.56
1905.56
3849.83
3849.83
2875.31
2875.31
726.58
726.58
2983.65
2983.65
751.14
751.14
3170.21
3170.21
161.97
161.97
159.50
159.50
2876.72
2876.72
778.57
778.57
267.60
267.60
2138.51
2138.51
255.85
255.85
1158.32
1158.32
745.93
745.93
99.40
99.40
761.76
761.76
3027.60
3027.60
23.81
23.81
787.07
787.07
787.07
787.07
451.66
451.66
13.58
13.58
33.63
33.63
20.15
20.15
116.35
116.35
947.01
947.01
299.34
299.34
718.84
718.84
204.33
204.33
15.31
15.31
28.79
28.79
46.65
46.65
747.90
747.90
3291.50
3291.50
21.35
21.35
181.84
181.84
24.12
24.12
15.46
15.46
10.00
10.00
765.54
765.54
134.00
134.00
134.00
14.51
14.51
75.22
75.22
75.22
109.39
109.39
334.11
334.11
75.60
75.60
114.70
114.70
131.73
131.73
128.10
128.10
128.10
128.10
10.00
10.00
10.00
22.36
22.36
22.36
10.00
96.88
96.88
1519.42
1519.42
1519.42
10.51
10.51
10.51
10.51
10.51
16.48
16.48
700.36
3809.31
3809.31
13.25
3629.04
34.59
34.59
123.54
123.54
24.72
24.72
485.05
485.05
2127.36
2127.36
1127.75
1127.75
2052.64
2052.64
11.97
11.97
61.08
61.08
1722.71
1722.71
35.67
35.67
10.00
10.00
13.87
13.87
136.82
136.82
123.26
123.26
272.90
272.90
12.34
12.34
532.72
532.72
16.70
16.70
867.30
867.30
1860.94
1860.94
1871.00
1871.00
10.00
10.00
78.86
78.86
476.17
476.17
25.85
25.85
1480.62
1480.62
15.34
15.34
3454.17
3454.17
2220.34
2220.34
10.00
10.00
2413.84
2413.84
15.70
15.70
1149.07
1149.07
3773.57
3773.57
803.75
803.75
4157.21
4157.21
2647.48
2647.48
83.81
83.81
50.06
50.06
52.00
52.00
52.00
52.00
52.00
49.67
49.67
49.67
49.67
419.99
419.99
419.99
419.99
10.00
10.00
10.00
10.00
10.00
32.57
10.00
10.00
10.00
337.41
337.41
120.69
120.69
2017.02
2017.02
1013.49
1013.49
1013.49
61.07
61.07
10.00
67.28
14.68
10.00
10.00
10.00
10.00
41.51
120.92
86.66
86.66
29.96
29.96
2921.98
232.51
232.51
197.23
118.20
1339.74
1339.74
1339.74
1569.37
1569.37
79.98
1841.13
1568.88
1568.88
1568.88
1568.88
11.05
11.05
95.07
95.07
49.28
30.42
30.42
11.29
298.82
298.82
834.73
834.73
834.73
10.00
3569.04
3569.04
229.31
229.31
254.92
254.92
61.02
61.02
879.98
879.98
879.98
80.14
80.14
3445.31
3445.31
3887.38
3887.38
1520.02
1520.02
3511.70
3511.70
10.41
10.41
2328.39
2328.39
3421.86
1825.60
1825.60
1825.60
3815.79
3815.79
2929.18
2929.18
17.52
17.52
3394.63
3394.63
513.52
1016.02
1016.02
1016.02
22.85
22.85
67.53
67.53
45.53
45.53
16.26
16.26
12.34
756.41
756.41
756.41
5302.87
5302.87
3425.45
3425.45
17.46
17.46
11.77
11.77
1423.82
10.00
10.00
10.00
5650.61
5650.61
247.41
247.41
247.41
13.79
13.79
375.68
385.83
689.19
689.19
689.19
4294.97
4294.97
1408.68
1408.68
35.09
35.09
10.00
10.00
16.44
16.44
16.44
10.00
10.00
37.05
136.90
136.90
61.38
61.38
15.01
15.01
1086.55
625.66
625.66
625.66
2644.06
2644.06
87.21
87.21
85.59
85.59
23.34
23.34
11.07
11.07
117.10
117.10
714.90
714.90
69.01
69.01
17.29
17.29
10.00
10.00
16.28
16.28
740.34
740.34
358.04
358.04
67.81
67.81
1577.62
1577.62
338.56
338.56
885.06
885.06
505.41
505.41
2074.76
2074.76
49.56
49.56
475.41
475.41
2017.10
2017.10
1898.87
1898.87
1581.98
1581.98
2244.61
2244.61
2887.27
2887.27
13.50
13.50
20.63
20.63
710.83
710.83
79.88
79.88
144.26
144.26
2651.03
2651.03
2191.30
2191.30
2191.30
2191.30
3234.25
3234.25
1902.62
1902.62
1817.54
1817.54
1817.54
1817.54
10.96
10.96
687.14
687.14
3063.18
3063.18
3063.18
3063.18
115.37
115.37
3162.41
3162.41
3162.41
3162.41
3162.41
3162.41
3325.32
3325.32
746.21
746.21
2821.86
2821.86
3788.78
3788.78
4268.77
4268.77
2572.83
2572.83
10.00
10.00
1165.17
1165.17
3505.48
3505.48
25.80
25.80
497.02
497.02
598.41
598.41
4386.27
4386.27
1736.34
1736.34
5731.47
5731.47
3169.96
3169.96
328.97
328.97
4098.22
4098.22
3937.14
3937.14
521.63
521.63
168.53
168.53
21.29
21.29
122.87
122.87
804.41
804.41
566.42
566.42
744.97
744.97
185.65
185.65
4136.14
4136.14
486.72
486.72
42.72
42.72
2611.06
2611.06
45.78
45.78
4565.61
4565.61
5463.27
5463.27
144.95
144.95
1157.27
1157.27
126.28
126.28
4250.90
4250.90
5373.19
5373.19
3293.99
3293.99
1199.58
1199.58
18.71
18.71
662.27
662.27
1432.76
1432.76
855.19
855.19
389.84
389.84
562.91
562.91
10.00
10.00
3064.10
3064.10
18.34
18.34
71.98
71.98
82.21
82.21
118.55
118.55
193.07
193.07
10.00
10.00
239.64
239.64
27.01
27.01
27.13
27.13
79.90
79.90
79.90
12.44
12.44
12.44
12.44
12.44
12.44
10.00
10.00
323.41
323.41
70.78
70.78
3111.32
16.06
55.61
255.79
255.79
827.15
827.15
79.34
79.34
178.98
178.98
29.44
29.44
230.94
230.94
113.67
113.67
183.47
183.47
10.00
10.00
170.88
170.88
295.88
295.88
10.00
10.00
304.05
304.05
768.97
768.97
234.75
234.75
1198.30
1198.30
296.61
296.61
788.65
788.65
697.48
697.48
3481.72
3481.72
287.79
287.79
10.95
10.95
10.00
10.00
10.79
10.79
10.00
10.00
777.48
777.48
10.00
10.00
16.35
16.35
179.77
179.77
1089.46
1089.46
806.32
806.32
130.40
130.40
572.20
572.20
320.26
320.26
112.75
112.75
15.91
15.91
16.64
16.64
94.27
94.27
28.27
28.27
200.76
200.76
21.79
21.79
3644.20
3644.20
653.36
653.36
545.84
545.84
81.92
81.92
102.07
102.07
1443.63
1443.63
17.54
17.54
17.54
32.09
32.09
32.09
119.80
16.10
10.00
10.00
4875.73
4875.73
105.29
105.29
2081.82
2081.82
1738.05
1738.05
16.75
16.75
155.82
155.82
206.97
206.97
3932.31
3932.31
2500.57
2500.57
764.22
764.22
3697.40
3697.40
74.97
74.97
3617.39
3617.39
23.50
23.50
747.30
747.30
631.20
631.20
27.40
27.40
10.12
10.12
87.28
87.28
29.38
29.38
4075.12
4075.12
3799.57
3799.57
413.20
413.20
57.05
57.05
17.24
17.24
22.82
22.82
41.52
41.52
154.04
154.04
10.00
10.00
10.00
10.00
10.00
10.00
15.05
15.05
15.05
15.56
27.70
27.70
10.00
10.00
10.00
10.00
2777.50
2777.50
15.89
15.89
120.40
120.40
35.16
35.16
19.89
19.89
2793.98
2793.98
1235.44
1235.44
4557.72
4557.72
84.90
84.90
757.25
757.25
3280.96
3280.96
101.05
101.05
4208.57
4208.57
50.03
50.03
764.14
764.14
175.90
175.90
703.00
703.00
703.00
703.00
10.00
10.00
72.84
42.16
10.00
10.00
2145.25
2145.25
10.84
10.84
10.84
4752.48
3052.45
3052.45
786.43
786.43
394.15
394.15
394.15
394.15
74.54
74.54
28.58
28.58
28.58
398.55
433.84
433.84
78.01
78.01
108.92
18.21
58.06
58.06
50.86
50.86
10.00
10.00
68.48
68.48
10.00
10.00
109.43
109.43
1885.52
1885.52
3825.13
3825.13
23.94
23.94
221.41
221.41
71.58
71.58
728.02
728.02
85.27
85.27
95.55
95.55
20.56
20.56
223.68
223.68
12.18
12.18
675.33
675.33
142.19
142.19
66.86
66.86
25.89
25.89
25.97
25.97
52.12
52.12
274.81
274.81
374.00
374.00
81.87
81.87
65.68
65.68
10.00
10.00
2077.00
2077.00
13.38
13.38
402.27
402.27
402.27
67.09
213.05
213.05
10.00
10.00
65.57
65.57
751.82
751.82
195.01
195.01
20.24
20.24
13.38
13.38
105.16
105.16
43.07
43.07
2286.95
2286.95
427.45
427.45
15.48
15.48
39.20
39.20
39.20
41.73
41.73
17.62
17.62
17.62
10.00
10.00
72.71
41.38
48.41
48.41
10.00
10.00
15.08
15.08
2569.34
2569.34
2804.86
2804.86
590.23
590.23
554.83
554.83
42.12
42.12
2605.72
2605.72
718.48
718.48
4174.74
4174.74
117.17
117.17
23.47
23.47
48.11
48.11
806.82
806.82
159.31
159.31
10.00
10.00
25.36
25.36
69.69
69.69
705.53
705.53
14.29
14.29
723.41
723.41
49.35
49.35
71.09
71.09
5276.95
5276.95
2297.34
2297.34
800.49
800.49
3098.85
3098.85
69.56
69.56
144.75
144.75
46.35
46.35
485.98
485.98
3549.95
3549.95
650.99
650.99
10.00
10.00
17.58
17.58
1589.04
1589.04
10.48
10.48
1973.15
1973.15
1334.73
1334.73
289.33
289.33
1536.72
1536.72
10.00
10.00
10.00
10.00
56.84
56.84
769.65
769.65
126.48
126.48
833.62
833.62
1966.54
1966.54
43.91
43.91
313.47
313.47
26.18
26.18
748.52
748.52
10.00
10.00
14.12
14.12
10.27
10.27
1417.94
1417.94
794.34
794.34
10.00
10.00
48.11
48.11
49.94
49.94
89.15
89.15
759.90
759.90
1152.54
1152.54
766.95
766.95
10.00
10.00
10.00
10.00
12.19
12.19
3134.24
3134.24
4173.33
4173.33
10.00
10.00
3222.25
3222.25
3222.25
3222.25
3222.25
3222.25
28.78
28.78
2665.82
2665.82
251.01
251.01
10.00
10.00
105.06
105.06
1220.72
1220.72
1220.72
1201.68
343.60
343.60
588.03
588.03
656.17
656.17
116.51
116.51
39.14
39.14
93.76
93.76
495.82
495.82
675.10
675.10
1475.55
1475.55
1122.88
1122.88
431.34
431.34
831.58
831.58
1424.98
1424.98
1424.98
243.65
91.28
91.28
34.35
34.35
46.60
46.60
189.99
189.99
10.86
10.86
654.67
654.67
13.46
13.46
23.83
23.83
624.67
624.67
50.04
50.04
10.00
10.00
10.00
17.12
17.12
525.02
525.02
525.02
50.59
50.59
21.32
21.32
76.34
76.34
10.00
10.00
253.77
10.00
145.86
145.86
87.72
87.72
280.10
280.10
16.50
16.50
15.13
15.13
67.51
67.51
58.13
58.13
21.91
21.91
28.41
28.41
38.72
38.72
465.82
465.82
465.82
465.82
465.82
14.19
14.19
14.19
14.19
67.00
67.00
4495.89
15.91
598.88
1282.70
136.97
1146.15
1146.15
681.54
681.54
1335.18
1335.18
87.65
87.65
1284.44
1284.44
57.24
57.24
77.52
77.52
1497.64
1497.64
1497.64
1497.64
1497.64
1497.64
1497.64
1497.64
63.01
63.01
4782.22
4782.22
3525.61
3525.61
5568.88
5568.88
820.45
820.45
733.28
733.28
50.37
50.37
30.48
30.48
2309.94
2309.94
42.25
42.25
718.85
718.85
10.00
10.00
344.47
344.47
241.88
241.88
2220.23
2220.23
829.37
829.37
1696.63
1696.63
716.73
716.73
2495.25
2495.25
113.80
113.80
174.86
174.86
1155.54
1155.54
791.28
791.28
480.53
480.53
2248.80
2248.80
103.31
103.31
559.00
559.00
559.00
724.57
724.57
99.00
814.80
814.80
814.80
10.00
10.00
5902.87
5902.87
5709.51
5709.51
1179.28
1179.28
2722.59
2722.59
4695.42
4695.42
24.21
24.21
14.78
14.78
15.65
15.65
82.46
82.46
189.26
189.26
772.35
772.35
10.00
10.00
10.00
10.00
45.23
45.23
38.28
38.28
45.75
45.75
153.83
153.83
132.17
132.17
63.89
63.89
89.96
89.96
49.42
49.42
991.74
991.74
782.19
782.19
66.97
66.97
488.19
488.19
2433.02
2433.02
362.63
362.63
134.70
331.15
331.15
331.15
40.02
40.02
15.80
15.80
27.08
27.08
1033.74
1033.74
119.23
24.39
24.39
24.39
100.98
100.98
417.03
417.03
218.52
218.52
21.39
21.39
13.49
13.49
21.75
21.75
10.00
10.00
5343.51
5343.51
20.61
20.61
23.82
23.82
3630.13
3630.13
819.71
819.71
845.74
845.74
3874.53
3874.53
3046.31
3046.31
2716.21
2716.21
2716.21
2716.21
2716.21
2716.21
2716.21
2716.21
2320.28
2320.28
1542.15
1542.15
2979.79
2979.79
2236.20
2236.20
783.79
783.79
2686.05
2686.05
3914.95
3914.95
2247.58
2247.58
4133.81
4133.81
1382.93
1382.93
616.39
616.39
1417.13
1417.13
2223.93
2223.93
15.52
15.52
1487.27
1487.27
272.96
272.96
772.00
772.00
3660.90
3660.90
2268.49
2268.49
2268.49
2268.49
2268.49
2268.49
1756.53
1756.53
1903.96
1903.96
10.00
10.00
2387.08
2387.08
2384.51
2384.51
3049.93
3049.93
3620.67
3620.67
2927.25
2927.25
873.56
873.56
3590.18
3590.18
3611.25
3611.25
968.60
968.60
1514.11
1514.11
1514.11
1514.11
1783.04
1783.04
3524.00
3524.00
2077.21
2077.21
2679.09
2679.09
3261.39
3261.39
4636.48
4636.48
38.03
38.03
579.57
579.57
17.60
17.60
2409.12
2409.12
2921.21
2921.21
2558.99
2558.99
2558.99
2558.99
2558.99
2558.99
10.00
10.00
732.84
732.84
3437.83
3437.83
3999.52
3999.52
3999.52
3999.52
3999.52
3999.52
2425.23
2425.23
2425.23
2425.23
753.97
753.97
3952.23
3952.23
4088.66
4088.66
4112.22
4112.22
4112.22
4112.22
4112.22
4112.22
4112.22
4112.22
4255.21
4255.21
4255.21
4255.21
4108.66
4108.66
4445.81
4445.81
3350.96
3350.96
17.50
17.50
4410.07
4410.07
4706.36
4706.36
5085.41
5085.41
4214.31
4214.31
5005.80
5005.80
29.53
29.53
2854.19
2854.19
3822.78
3822.78
2512.57
2512.57
56.54
56.54
4251.90
4251.90
4097.37
4097.37
6016.15
6016.15
4809.09
4809.09
2460.81
2460.81
89.58
89.58
50.94
50.94
175.16
175.16
28.79
28.79
89.94
89.94
103.91
103.91
14.94
14.94
19.38
19.38
14.32
14.32
10.00
10.00
2471.59
2471.59
227.48
227.48
11.10
11.10
4309.06
4309.06
2487.18
2487.18
4432.01
4432.01
4432.01
4432.01
4463.86
4463.86
4463.86
4463.86
11.44
11.44
4129.16
4129.16
4129.16
4129.16
4129.16
4129.16
4129.16
4129.16
4129.16
4129.16
2346.43
2346.43
1702.03
1702.03
517.78
517.78
3591.32
3591.32
2353.12
2353.12
2353.12
2353.12
2862.61
2862.61
2862.61
2862.61
2578.93
2578.93
2408.96
2408.96
1416.49
1416.49
29.09
29.09
10.76
10.76
10.00
10.00
1323.58
1323.58
1323.58
1323.58
2693.43
2693.43
3212.22
3212.22
3480.60
3480.60
2007.45
2007.45
3241.10
3241.10
1807.03
1807.03
4332.07
4332.07
667.46
667.46
27.46
27.46
1638.81
1638.81
890.02
890.02
4359.29
4359.29
4357.37
4357.37
4043.60
4043.60
5173.03
5173.03
4912.00
4912.00
5475.72
5475.72
2606.72
2606.72
3159.84
3159.84
5340.87
5340.87
17.30
17.30
4758.32
4758.32
457.38
457.38
846.47
846.47
2665.32
2665.32
23.77
23.77
50.11
50.11
6161.53
6161.53
5826.94
5826.94
2253.94
2253.94
250.03
250.03
5018.78
5018.78
5458.86
5458.86
336.14
336.14
891.88
891.88
3530.89
3530.89
1768.39
1768.39
2478.03
2478.03
2478.03
2478.03
2478.03
2478.03
3997.12
3997.12
3067.76
3067.76
2735.63
2735.63
3516.99
3516.99
181.01
181.01
3341.15
3341.15
674.53
674.53
455.77
455.77
2219.22
2219.22
2530.80
2530.80
2530.80
2530.80
1308.16
1308.16
21.30
21.30
807.32
807.32
1812.01
1812.01
4034.61
4034.61
17.39
17.39
477.00
477.00
2086.15
2086.15
2086.15
2086.15
2257.94
2257.94
67.56
67.56
2474.67
2474.67
4319.84
4319.84
4292.20
4292.20
1138.24
1138.24
1932.23
1932.23
1993.14
1993.14
1993.14
1993.14
1993.14
1993.14
1993.14
1993.14
1993.14
1993.14
1993.14
1993.14
2209.53
2209.53
2209.53
2209.53
2209.53
2209.53
2209.53
2209.53
2209.53
2209.53
2209.53
2209.53
2209.53
2209.53
4864.85
4864.85
2872.51
2872.51
2218.16
2218.16
2168.60
2168.60
963.17
963.17
3689.88
3689.88
3627.19
3627.19
3614.33
3614.33
2867.30
2867.30
720.02
720.02
16.25
16.25
1512.69
1512.69
2618.66
2618.66
2864.36
2864.36
3172.12
3172.12
68.08
68.08
2438.93
2438.93
1280.37
1280.37
2086.52
2086.52
25.25
25.25
2733.39
2733.39
3892.53
3892.53
5308.47
5308.47
2543.36
2543.36
669.07
669.07
33.40
33.40
5039.35
5039.35
4720.07
4720.07
4585.12
4585.12
277.01
277.01
4307.04
4307.04
17.10
17.10
749.19
749.19
32.50
32.50
5574.20
5574.20
6273.43
6273.43
246.60
246.60
6134.72
6134.72
4969.36
4969.36
2651.92
2651.92
2458.52
2458.52
6702.95
6702.95
7433.04
7433.04
6721.38
6721.38
10.45
10.45
20.29
20.29
2448.61
2448.61
2527.06
2527.06
5038.10
5038.10
2987.81
2987.81
823.96
823.96
1268.21
1268.21
791.23
791.23
38.40
38.40
47.04
47.04
612.14
612.14
142.39
142.39
5477.00
5477.00
5197.05
5197.05
2286.69
2286.69
15.21
15.21
3783.09
3783.09
822.48
822.48
4420.97
4420.97
785.14
785.14
5801.67
5801.67
5337.88
5337.88
898.47
898.47
477.47
477.47
5599.53
5599.53
31.65
31.65
5234.25
5234.25
5234.25
5234.25
18.81
18.81
4891.17
4891.17
10.94
10.94
790.83
790.83
4451.36
4451.36
1664.95
1664.95
1197.45
1197.45
1955.35
1955.35
2066.15
2066.15
6375.30
6375.30
12.71
12.71
28.88
28.88
31.26
31.26
4446.88
4446.88
52.09
52.09
761.33
761.33
4973.26
4973.26
2440.21
2440.21
788.38
788.38
3257.20
3257.20
2817.19
2817.19
5824.08
5824.08
373.60
373.60
369.74
369.74
5259.43
5259.43
5903.88
5903.88
5903.88
5903.88
5903.88
5903.88
5903.88
5903.88
4206.08
4206.08
4206.08
4206.08
5727.14
5727.14
3146.62
3146.62
5371.06
5371.06
5371.06
5371.06
5371.06
5371.06
5358.91
5358.91
6044.42
6044.42
6044.42
6044.42
6044.42
6044.42
6044.42
6044.42
6044.42
6044.42
825.07
825.07
1872.36
1872.36
1872.36
1872.36
2700.58
2700.58
3193.45
3193.45
3052.14
3052.14
3236.09
3236.09
3067.60
3067.60
4208.30
4208.30
3883.11
3883.11
4757.77
4757.77
11.83
11.83
2573.59
2573.59
24.06
24.06
1069.89
1069.89
1069.89
1069.89
1069.89
1069.89
1069.89
1069.89
2974.93
2974.93
2974.93
2974.93
3595.63
3595.63
606.51
606.51
2043.29
2043.29
2088.04
2088.04
4609.68
4609.68
10.00
10.00
633.88
633.88
633.88
633.88
1232.09
1232.09
1448.96
1448.96
1521.10
1521.10
669.33
669.33
2155.52
2155.52
3182.03
3182.03
3182.03
3182.03
3383.06
3383.06
22.75
22.75
2177.64
2177.64
3616.99
3616.99
3944.01
3944.01
4600.79
4600.79
4236.22
4236.22
4774.40
4774.40
4893.48
4893.48
4681.39
4681.39
5584.86
5584.86
10.00
10.00
37.18
37.18
37.18
37.18
44.72
44.72
32.40
32.40
32.40
10.00
10.00
10.00
70.52
70.52
59.16
6280.14
2936.45
2936.45
4250.83
4250.83
2948.69
2948.69
5999.32
5999.32
4363.83
4363.83
4379.89
4379.89
159.50
159.50
2918.58
2918.58
21.71
21.71
4160.43
4160.43
5950.42
5950.42
112.75
112.75
506.04
506.04
34.20
34.20
790.35
790.35
31.81
31.81
317.75
317.75
1795.16
1795.16
308.25
308.25
847.44
847.44
248.11
248.11
15.60
15.60
2824.92
2824.92
3259.40
3259.40
344.29
344.29
10.00
10.00
495.89
495.89
123.56
123.56
1354.84
1354.84
17.28
17.28
7252.89
7252.89
13.62
13.62
3935.87
3935.87
6556.96
6556.96
7151.83
7151.83
4711.90
4711.90
840.97
840.97
8778.43
8778.43
7567.33
7567.33
10.61
10.61
2200.48
2200.48
4279.53
4279.53
4279.53
94.32
791.06
791.06
26.58
26.58
16.53
16.53
1378.59
1378.59
3826.00
3826.00
837.58
837.58
71.41
71.41
17.91
17.91
42.73
42.73
6234.65
6234.65
947.94
947.94
25.09
25.09
10.00
10.00
192.73
192.73
76.49
76.49
188.90
188.90
25.48
25.48
850.22
850.22
87.78
87.78
800.16
800.16
318.28
318.28
56.61
56.61
3840.01
3840.01
170.95
170.95
2331.38
2331.38
2331.38
72.11
848.95
848.95
490.82
490.82
490.82
220.81
220.81
6455.41
6455.41
32.62
32.62
860.80
860.80
729.26
729.26
66.25
66.25
747.21
747.21
5122.81
5122.81
5122.81
5122.81
2724.71
7632.78
7632.78
7632.78
653.54
653.54
3280.15
3280.15
6270.96
6270.96
134.58
134.58
5171.21
5171.21
3503.55
3503.55
100.09
100.09
17.37
17.37
81.79
81.79
9303.36
9303.36
4024.97
2428.96
2428.96
2428.96
100.78
100.78
10047.52
10047.52
662.58
662.58
795.73
795.73
723.62
723.62
3901.03
3901.03
5507.03
5507.03
220.61
220.61
2216.17
2216.17
4594.09
4594.09
101.54
5936.75
5936.75
5936.75
5956.51
5956.51
434.47
434.47
23.30
23.30
47.41
47.41
2979.44
2979.44
15.52
15.52
74.08
74.08
1882.16
1882.16
508.27
508.27
843.79
843.79
4307.25
811.99
811.99
811.99
1846.75
1846.75
24.25
24.25
17.37
17.37
19.22
19.22
778.08
778.08
795.13
795.13
327.24
327.24
1684.63
1684.63
10.00
10.00
808.50
808.50
1762.14
1762.14
2517.30
2517.30
72.46
72.46
1669.99
1669.99
901.37
901.37
9113.91
9113.91
9045.30
9045.30
4644.76
4644.76
6229.10
6229.10
3630.20
3630.20
4137.93
4137.93
769.40
769.40
521.01
521.01
843.98
843.98
215.43
215.43
10.00
10.00
5727.16
5727.16
5611.04
5611.04
2831.16
2831.16
2624.55
2624.55
33.77
33.77
976.39
976.39
31.10
31.10
16.89
16.89
74.87
74.87
808.70
808.70
1357.18
1357.18
11.88
11.88
906.25
906.25
67.81
67.81
2511.28
2511.28
3232.78
3232.78
977.84
977.84
2046.23
2046.23
93.37
93.37
846.02
846.02
31.24
31.24
815.08
815.08
10.00
10.00
10.00
10.00
2399.37
2399.37
2804.64
2804.64
3536.19
3536.19
4251.75
4251.75
4251.75
4251.75
51.14
51.14
10.00
10.00
2060.54
2060.54
5751.23
5751.23
7046.89
7046.89
11.18
11.18
3833.11
3833.11
3833.11
3833.11
3833.11
3833.11
3833.11
3833.11
3833.11
3833.11
6307.59
6307.59
7509.79
7509.79
6069.45
6069.45
840.09
840.09
1121.30
1121.30
3749.90
3749.90
7046.27
7046.27
4772.23
4772.23
3866.36
3866.36
3866.36
3866.36
3866.36
3866.36
24.04
24.04
2787.96
2787.96
5154.23
5154.23
31.08
31.08
750.13
750.13
54.06
54.06
3369.44
3369.44
5973.56
5973.56
4620.01
4620.01
17.36
17.36
5711.62
5711.62
5711.62
5711.62
19.07
19.07
2353.67
2353.67
240.10
240.10
2186.58
2186.58
772.64
772.64
1860.59
1860.59
50.16
50.16
3466.65
3466.65
1187.42
1187.42
1187.42
1187.42
3580.33
3580.33
3698.40
3698.40
3143.44
3143.44
3928.35
3928.35
3928.35
3928.35
1954.31
1954.31
1954.31
1954.31
262.67
262.67
689.33
689.33
689.33
689.33
4519.68
4519.68
4461.53
4461.53
4306.69
4306.69
4477.16
4477.16
4477.16
4477.16
759.43
759.43
4155.33
4155.33
4432.89
4432.89
3712.64
3712.64
4593.16
4593.16
4593.16
4593.16
2547.01
2547.01
4446.55
4446.55
6530.25
6530.25
868.20
868.20
4495.72
4495.72
6908.34
6908.34
7547.53
7547.53
8223.49
8223.49
3567.97
3567.97
743.64
743.64
3270.35
3270.35
8138.03
8138.03
7727.54
7727.54
73.38
73.38
8721.05
8721.05
559.74
559.74
82.22
82.22
954.91
954.91
794.00
794.00
6040.88
6040.88
6533.30
6533.30
772.37
772.37
7934.02
7934.02
646.21
646.21
43.03
43.03
140.19
140.19
17.08
17.08
10.42
10.42
6182.60
6182.60
8090.72
8090.72
7082.45
7082.45
3697.54
3697.54
4165.05
4165.05
671.51
671.51
5195.36
5195.36
829.19
829.19
28.87
28.87
3798.13
3798.13
211.92
211.92
10.00
10.00
904.03
904.03
10.00
10.00
760.90
760.90
149.77
149.77
102.56
102.56
91.27
91.27
94.22
94.22
5619.88
5619.88
40.31
40.31
61.53
61.53
10.00
10.00
24.87
24.87
2171.50
2171.50
34.75
34.75
822.35
822.35
1063.57
1063.57
348.87
348.87
6399.43
6399.43
2538.92
2538.92
717.39
717.39
5090.59
5090.59
6493.58
6493.58
16.98
16.98
4549.55
4549.55
2972.82
2972.82
4595.47
4595.47
785.73
785.73
5482.31
5482.31
10.00
10.00
844.47
844.47
1059.56
1059.56
1787.21
1787.21
4039.14
4039.14
5281.60
5281.60
30.08
30.08
266.77
266.77
840.04
840.04
4124.70
4124.70
704.38
704.38
960.00
960.00
252.01
252.01
10.00
10.00
22.89
22.89
17.37
17.37
283.12
283.12
2905.36
2905.36
251.65
251.65
251.65
251.65
251.65
49.82
49.82
49.82
49.82
10.43
10.43
79.70
3042.12
26.01
3789.69
663.88
16.22
16.22
45.13
45.13
815.07
815.07
2159.36
2159.36
2683.87
2683.87
6408.56
6408.56
827.97
827.97
4100.63
4100.63
4100.63
4100.63
1814.61
1814.61
2500.33
2500.33
2500.33
2500.33
2500.33
2500.33
3774.05
3774.05
3774.05
3774.05
3774.05
3774.05
3008.88
3008.88
3962.74
3962.74
4239.71
4239.71
3621.50
3621.50
706.98
706.98
4773.98
4773.98
5295.36
5295.36
50.15
50.15
4949.00
4949.00
10.00
10.00
47.61
47.61
2435.73
2435.73
2747.63
2747.63
3279.58
3279.58
3279.58
3279.58
964.58
964.58
1296.78
1296.78
28.43
28.43
507.76
507.76
851.22
851.22
2884.94
2884.94
5025.23
5025.23
18.44
18.44
31.89
31.89
4185.82
4185.82
4185.82
4185.82
4785.18
4785.18
4479.13
4479.13
4466.12
4466.12
237.00
237.00
3989.34
3989.34
794.65
794.65
317.32
317.32
3853.19
3853.19
3995.59
3995.59
5027.34
5027.34
5027.34
5027.34
5027.34
5027.34
4923.54
4923.54
2662.80
2662.80
773.34
773.34
4006.51
4006.51
5261.34
5261.34
4724.95
4724.95
19.92
19.92
2209.46
2209.46
2427.57
2427.57
1084.82
1084.82
292.70
292.70
32.90
32.90
80.34
80.34
109.68
109.68
785.58
785.58
5558.56
5558.56
668.24
668.24
362.69
362.69
294.28
294.28
1074.21
1074.21
7057.99
7057.99
247.14
247.14
1622.25
1622.25
14.73
14.73
821.97
821.97
390.46
390.46
724.03
724.03
2558.87
2558.87
558.37
558.37
32.07
32.07
278.94
278.94
838.65
838.65
2068.70
2068.70
31.14
31.14
46.89
46.89
292.30
292.30
153.32
153.32
49.23
49.23
832.93
832.93
15.50
15.50
2093.65
2093.65
2093.65
2093.65
2093.65
2093.65
2093.65
2093.65
5707.41
5707.41
4694.77
4694.77
4694.77
4694.77
4694.77
4694.77
4694.77
4694.77
5289.11
5289.11
828.47
828.47
2403.51
2403.51
17.18
17.18
132.75
132.75
334.30
334.30
7238.35
7238.35
5906.19
5906.19
68.92
68.92
4013.90
4013.90
37.41
37.41
76.16
76.16
118.24
118.24
22.16
22.16
387.34
387.34
38.39
38.39
1734.13
1734.13
53.88
53.88
6575.52
6575.52
65.05
65.05
743.37
743.37
41.53
41.53
24.36
24.36
3797.86
3797.86
27.05
27.05
724.04
724.04
4972.03
4972.03
957.49
957.49
5317.36
5317.36
2290.44
2290.44
10.00
10.00
10.00
39.20
854.74
854.74
31.89
31.89
220.88
220.88
17.00
17.00
48.98
48.98
16.75
16.75
33.80
33.80
410.79
410.79
61.98
61.98
104.92
104.92
46.09
46.09
10.93
10.93
5738.69
5738.69
10.00
10.00
946.08
946.08
7230.31
7230.31
5405.49
5405.49
6777.30
6777.30
3004.14
3004.14
4163.53
4163.53
558.44
558.44
17.77
17.77
36.03
36.03
27.15
27.15
5161.14
5161.14
67.24
67.24
10.00
10.00
903.46
903.46
1840.68
1840.68
4211.47
4211.47
10.00
10.00
117.10
117.10
1054.24
1054.24
34.73
34.73
663.77
663.77
3296.61
3296.61
4698.11
4698.11
5443.78
5443.78
5183.36
5183.36
1167.74
1167.74
1650.23
1650.23
748.33
748.33
307.42
307.42
670.14
670.14
133.55
133.55
11.61
11.61
38.79
38.79
52.66
52.66
776.20
776.20
3747.68
3747.68
1878.75
1878.75
768.39
768.39
360.05
360.05
10.00
10.00
50.26
50.26
10.00
10.00
121.65
121.65
14.46
14.46
28.84
28.84
14.73
14.73
776.16
776.16
14.72
14.72
10.00
10.00
910.40
910.40
53.54
53.54
799.94
799.94
43.79
43.79
40.70
40.70
45.10
45.10
265.81
265.81
10.00
10.00
106.52
106.52
682.63
682.63
10.00
10.00
22.74
22.74
17.35
17.35
66.70
66.70
811.15
811.15
257.37
257.37
5264.78
5264.78
617.19
617.19
5273.41
5273.41
5273.41
5273.41
24.63
24.63
5879.24
5879.24
60.13
60.13
59.76
59.76
612.04
612.04
19.84
19.84
30.22
30.22
12.62
12.62
13.94
13.94
47.71
47.71
51.52
51.52
756.22
756.22
452.74
452.74
816.49
816.49
1171.57
1171.57
5514.96
5514.96
5514.96
671.76
10.00
10.00
10.00
14.46
14.46
17.37
17.37
11.06
11.06
2359.59
2359.59
418.82
418.82
817.45
817.45
2591.49
2591.49
10.00
10.00
38.38
38.38
10.00
10.00
1377.97
1377.97
1029.37
1029.37
28.68
28.68
911.28
911.28
378.26
378.26
321.02
321.02
166.96
166.96
805.21
805.21
34.49
14.96
14.96
14.96
23.55
23.55
103.26
103.26
17.05
17.05
197.82
197.82
791.19
791.19
2486.82
2486.82
1831.70
1831.70
207.50
207.50
1224.97
1224.97
943.56
943.56
199.92
199.92
888.83
888.83
4958.96
4958.96
10.00
10.00
1343.53
1343.53
617.00
617.00
899.04
899.04
38.17
38.17
96.84
96.84
177.88
177.88
7380.66
7380.66
302.35
302.35
175.33
175.33
822.29
822.29
73.72
73.72
69.25
69.25
20.88
20.88
413.02
413.02
838.14
838.14
81.13
81.13
10.00
10.00
1010.13
1010.13
1283.35
1283.35
31.70
31.70
174.82
174.82
802.61
802.61
7331.99
7331.99
261.07
261.07
2750.16
2750.16
177.29
177.29
31.12
31.12
39.37
39.37
27.81
27.81
6123.23
6123.23
292.49
292.49
3948.35
3948.35
94.14
94.14
679.59
679.59
250.78
250.78
50.40
50.40
2223.97
2223.97
809.81
809.81
10.00
10.00
236.80
236.80
2817.91
2817.91
28.13
28.13
343.75
343.75
736.55
736.55
6111.30
6111.30
721.86
721.86
1336.32
1336.32
929.19
929.19
129.08
129.08
20.86
20.86
720.99
720.99
798.71
798.71
5969.06
5969.06
23.36
23.36
62.73
62.73
768.52
768.52
941.84
941.84
839.63
839.63
961.13
961.13
4419.87
4419.87
132.38
132.38
259.30
259.30
506.11
506.11
100.46
100.46
4014.05
4014.05
3212.57
3212.57
6316.85
6316.85
5630.00
5630.00
5741.84
5741.84
3614.24
3614.24
10.59
10.59
1857.64
1857.64
6430.02
6430.02
3823.50
3823.50
4078.04
4078.04
5235.99
5235.99
5284.08
5284.08
4513.80
4513.80
4658.87
4658.87
117.40
117.40
4297.13
4297.13
6327.99
6327.99
6186.37
6186.37
3849.77
3849.77
18.91
18.91
10.00
10.00
1684.81
1684.81
85.18
85.18
10.00
10.00
4638.08
4638.08
5161.27
5161.27
5161.27
5161.27
3592.74
3592.74
3592.74
3592.74
3592.74
3592.74
5120.85
5120.85
6277.68
6277.68
131.21
131.21
5375.04
5375.04
5245.01
5245.01
693.86
693.86
2869.44
2869.44
10.00
10.00
3491.34
3491.34
2872.30
2872.30
778.06
778.06
2484.44
2484.44
5364.94
5364.94
5677.52
5677.52
10.00
10.00
4611.91
4611.91
4116.25
4116.25
6249.30
6249.30
2651.74
2651.74
3008.94
3008.94
5429.07
5429.07
3082.46
3082.46
3082.46
3082.46
1491.56
1491.56
2827.83
2827.83
276.09
276.09
954.62
954.62
760.81
760.81
3788.02
3788.02
4556.40
4556.40
4556.40
4556.40
2309.21
2309.21
5751.45
5751.45
3384.30
3384.30
835.20
835.20
2180.07
2180.07
4340.21
4340.21
4340.21
4340.21
3088.37
3088.37
753.53
753.53
2651.03
2651.03
2651.03
2651.03
2598.94
2598.94
4878.60
4878.60
1053.90
1053.90
286.08
286.08
820.62
820.62
820.62
820.62
4542.47
4542.47
232.68
232.68
5291.70
5291.70
777.93
777.93
629.48
629.48
52.22
52.22
359.65
359.65
17.51
17.51
41.35
41.35
414.85
414.85
13.27
13.27
10.00
10.00
5148.98
5148.98
32.95
32.95
38.23
38.23
69.45
69.45
15.63
15.63
3121.41
3121.41
17.07
17.07
72.00
72.00
71.22
71.22
1168.91
1168.91
822.85
822.85
2926.25
2926.25
4755.66
4755.66
34.39
34.39
1835.63
1835.63
806.42
806.42
10.00
10.00
28.75
28.75
494.67
494.67
925.88
925.88
1072.98
1072.98
17.51
17.51
775.59
775.59
5477.22
5477.22
6689.57
6689.57
2433.85
2433.85
10.00
10.00
3789.82
3789.82
83.68
83.68
896.77
896.77
25.05
25.05
498.71
498.71
58.91
58.91
175.13
175.13
17.07
17.07
217.93
217.93
195.16
195.16
331.23
331.23
80.26
80.26
16.75
16.75
10.00
10.00
2976.03
2976.03
252.54
252.54
903.34
903.34
60.65
60.65
10.00
10.00
35.73
35.73
13.83
13.83
10.48
10.48
180.06
180.06
5686.57
5686.57
741.46
741.46
36.83
36.83
798.44
798.44
1960.16
1960.16
45.74
45.74
110.72
110.72
14.39
14.39
28.14
28.14
75.98
75.98
6132.00
6132.00
2166.34
2166.34
735.83
735.83
575.75
575.75
44.73
44.73
809.84
809.84
263.11
263.11
57.93
57.93
968.72
968.72
103.02
103.02
5099.40
5099.40
8590.86
8590.86
4991.91
4991.91
8880.53
8880.53
79.51
79.51
10.00
10.00
990.22
990.22
786.70
786.70
27.25
27.25
33.06
33.06
29.81
29.81
132.39
132.39
27.44
27.44
129.78
129.78
821.13
821.13
18.47
18.47
39.45
39.45
817.75
817.75
50.52
50.52
30.16
30.16
35.36
35.36
1252.13
1252.13
3801.36
3801.36
1094.74
1094.74
832.74
832.74
33.81
33.81
1076.93
1076.93
10.00
10.00
14.73
14.73
887.91
887.91
15.24
15.24
802.41
802.41
15.17
15.17
151.84
151.84
5748.88
5748.88
25.08
25.08
25.08
10.00
175.41
175.41
794.73
794.73
115.86
115.86
10.00
10.00
805.62
805.62
835.00
835.00
758.88
758.88
1181.85
1181.85
1040.15
1040.15
1882.63
1882.63
403.94
403.94
10.00
10.00
105.70
105.70
886.72
886.72
2866.69
2866.69
2866.69
2866.69
5877.04
5877.04
24.01
24.01
2839.28
2839.28
6705.00
6705.00
4265.03
4265.03
5017.57
5017.57
18.77
18.77
816.45
816.45
1652.39
1652.39
1759.76
1759.76
105.72
105.72
1862.70
1862.70
5406.55
5406.55
142.64
142.64
733.33
733.33
6368.65
6368.65
24.29
24.29
1906.46
1906.46
1906.46
1906.46
1906.46
1906.46
288.12
288.12
4873.91
4873.91
5622.57
5622.57
3714.34
3714.34
3714.34
3714.34
3714.34
3714.34
3714.34
3714.34
624.24
624.24
5030.12
5030.12
10.00
10.00
2072.96
2072.96
4399.11
4399.11
1447.03
1447.03
2636.82
2636.82
2636.82
2636.82
3670.57
3670.57
4354.36
4354.36
4948.27
4948.27
2179.33
2179.33
3324.68
3324.68
4325.71
4325.71
3665.89
3665.89
5379.37
5379.37
5641.54
5641.54
438.88
438.88
1631.38
1631.38
1953.97
1953.97
1953.97
1953.97
1953.97
1953.97
3082.09
3082.09
3243.78
3243.78
3377.60
3377.60
4559.08
4559.08
13.01
13.01
68.20
68.20
4945.38
4945.38
2108.62
2108.62
2108.62
2108.62
2108.62
2108.62
2108.62
2108.62
4380.36
4380.36
3815.27
3815.27
4189.70
4189.70
4429.92
4429.92
4969.15
4969.15
4360.63
4360.63
25.47
25.47
6374.99
6374.99
5747.63
5747.63
1712.43
1712.43
5162.81
5162.81
127.74
127.74
35.46
35.46
7023.10
7023.10
2967.74
2967.74
3148.53
3148.53
23.38
23.38
3201.12
3201.12
3760.62
3760.62
857.16
857.16
45.60
45.60
41.67
41.67
41.67
32.35
10.00
10.00
32.98
32.98
14.40
14.40
14.20
14.20
237.21
237.21
6026.39
6026.39
6171.59
6171.59
1121.90
1121.90
907.69
907.69
930.66
930.66
845.42
845.42
341.59
341.59
1643.75
1643.75
1078.44
1078.44
39.15
39.15
2358.88
2358.88
12.55
12.55
35.51
35.51
32.57
32.57
72.36
72.36
17.15
17.15
28.58
28.58
2808.60
2808.60
1357.45
1357.45
16.75
16.75
2067.41
2067.41
5548.66
5548.66
37.77
37.77
332.94
332.94
115.23
115.23
34.83
34.83
508.83
508.83
875.20
875.20
133.80
133.80
821.69
821.69
1697.66
1697.66
3414.93
3414.93
284.05
284.05
3363.80
3363.80
32.81
32.81
247.86
247.86
247.86
31.18
29.15
29.15
157.39
157.39
4427.90
4427.90
24.85
24.85
5334.15
5334.15
21.12
21.12
54.82
54.82
78.93
78.93
32.99
32.99
45.48
45.48
3804.92
3804.92
835.92
835.92
1864.96
1864.96
1886.05
1886.05
2103.86
2103.86
5715.92
5715.92
5715.92
5715.92
6037.99
6037.99
55.12
55.12
4474.72
4474.72
718.51
718.51
814.09
814.09
5698.72
5698.72
5804.30
5804.30
5837.82
5837.82
6050.15
6050.15
877.06
877.06
1689.37
1689.37
827.09
827.09
5880.89
5880.89
80.95
80.95
17.34
17.34
881.23
881.23
138.20
138.20
1008.75
1008.75
15.18
15.18
15.03
15.03
324.82
324.82
1107.42
1107.42
34.35
34.35
852.88
852.88
9021.92
9021.92
14.21
14.21
14.12
14.12
42.85
42.85
117.45
117.45
10.00
10.00
107.11
107.11
2508.99
2508.99
83.94
83.94
544.90
544.90
326.69
326.69
39.41
39.41
175.47
175.47
28.92
28.92
188.88
188.88
130.30
130.30
815.87
815.87
32.14
32.14
3830.90
3830.90
20.64
20.64
777.78
777.78
16.78
16.78
111.66
111.66
32.34
32.34
253.46
253.46
253.46
288.15
288.15
19.96
19.96
132.01
132.01
130.39
130.39
93.70
808.11
808.11
808.11
79.16
79.16
44.70
44.70
17.54
17.54
145.77
145.77
15.35
15.35
179.80
179.80
329.37
329.37
4393.81
4393.81
4195.91
4195.91
12.59
12.59
2531.55
3720.23
3720.23
3720.23
10.00
10.00
40.46
40.46
5424.84
5424.84
37.46
37.46
21.35
21.35
12.63
12.63
57.63
57.63
277.13
277.13
11.35
11.35
6076.18
6076.18
7115.24
8348.97
8348.97
8348.97
14.99
14.99
14.83
14.83
10.00
10.00
54.45
16.80
16.80
192.67
192.67
192.67
232.86
232.86
49.01
49.01
238.74
238.74
49.74
49.74
37.40
100.95
100.95
100.95
25.76
25.76
15.98
15.98
34.16
34.16
1462.04
1462.04
699.69
699.69
1605.01
1605.01
46.28
46.28
240.92
240.92
204.62
204.62
68.03
68.03
18.42
687.69
687.69
687.69
40.07
40.07
463.84
463.84
17.50
17.50
2091.44
2091.44
715.72
715.72
156.88
156.88
15.59
15.59
1343.00
1343.00
6159.61
6159.61
15.46
15.46
241.76
241.76
790.10
790.10
4462.61
4462.61
4784.03
4784.03
30.05
30.05
2759.48
2759.48
807.22
807.22
3813.37
3813.37
546.10
546.10
3386.18
3386.18
16.06
16.06
4475.79
4475.79
3245.54
3245.54
1483.29
1483.29
93.87
93.87
4544.64
4544.64
40.11
40.11
5064.63
5064.63
45.15
45.15
1858.58
1858.58
1162.38
1162.38
335.67
335.67
4795.15
4795.15
781.98
781.98
3611.46
3611.46
817.71
817.71
10.00
10.00
152.03
152.03
17.02
17.02
10.00
10.00
48.48
48.48
146.15
146.15
14.26
14.26
63.32
63.32
103.55
103.55
10.00
10.00
22.18
22.18
717.16
717.16
4901.99
4901.99
106.30
106.30
16.84
16.84
116.73
116.73
39.17
39.17
75.34
75.34
6426.10
6426.10
760.43
760.43
103.82
103.82
23.07
23.07
1175.59
1175.59
5285.14
5285.14
32.37
32.37
28.92
28.92
15.84
15.84
14.30
14.30
13.77
13.77
44.64
44.64
1501.41
1501.41
14.44
14.44
38.31
38.31
709.54
709.54
102.27
102.27
10.00
10.00
190.73
190.73
36.24
36.24
17.13
17.13
137.53
137.53
4983.89
4983.89
37.51
37.51
785.74
785.74
2967.04
2967.04
534.06
534.06
169.30
169.30
47.11
47.11
4034.57
4034.57
46.45
46.45
130.02
130.02
4936.45
4936.45
582.37
582.37
21.73
21.73
100.59
100.59
809.55
809.55
6643.32
6643.32
5174.01
5174.01
2482.92
2482.92
47.33
47.33
10.00
10.00
91.67
91.67
7683.78
7683.78
1498.74
1498.74
88.55
88.55
16.98
16.98
241.42
241.42
823.16
823.16
293.45
293.45
29.48
29.48
16.30
16.30
991.88
991.88
1467.83
1467.83
244.14
244.14
420.22
420.22
96.18
96.18
57.50
57.50
764.86
764.86
202.93
202.93
729.32
729.32
121.53
121.53
1910.68
1910.68
19.84
19.84
23.82
23.82
16.01
16.01
5007.10
5007.10
92.12
92.12
10.00
10.00
457.07
457.07
17.02
17.02
205.39
205.39
778.10
778.10
20.51
20.51
2138.36
2138.36
851.33
851.33
122.72
122.72
784.78
784.78
113.54
113.54
32.99
32.99
288.36
288.36
10.00
10.00
1430.17
1430.17
1424.88
1424.88
758.83
758.83
3781.73
3781.73
12.51
12.51
21.82
21.82
279.15
279.15
794.90
794.90
435.61
435.61
243.95
243.95
68.15
68.15
391.43
391.43
820.71
820.71
17.09
17.09
770.79
770.79
13.23
13.23
50.00
50.00
3003.34
3003.34
10.00
10.00
839.39
839.39
145.22
145.22
1488.17
1488.17
41.64
41.64
294.54
294.54
16.33
16.33
60.45
60.45
720.37
720.37
594.25
594.25
378.14
378.14
1713.55
1713.55
5695.75
5695.75
756.83
756.83
529.15
529.15
90.19
90.19
16.46
16.46
3774.62
3774.62
16.70
16.70
489.40
489.40
489.40
16.66
35.50
35.50
14.09
14.09
10.00
10.00
10.00
10.00
10.00
10.00
10.00
48.00
236.00
313.90
100.81
100.81
161.75
161.75
868.42
868.42
2751.39
2751.39
10.23
10.23
216.92
216.92
78.92
78.92
16.58
16.58
15.19
15.19
946.55
946.55
348.25
348.25
10.00
10.00
896.79
896.79
93.01
93.01
1627.68
1627.68
10.00
10.00
786.75
786.75
68.97
68.97
85.22
85.22
274.33
274.33
206.34
206.34
58.66
58.66
149.50
149.50
915.43
915.43
5915.10
5915.10
5242.80
5242.80
2492.86
2492.86
2732.64
2732.64
2989.77
2989.77
294.77
294.77
450.67
450.67
17.56
17.56
4472.56
4472.56
4095.60
4095.60
66.43
66.43
40.72
40.72
415.35
415.35
802.56
802.56
20.30
20.30
104.80
104.80
705.20
705.20
2554.82
2554.82
41.23
41.23
17.03
17.03
2640.59
2640.59
5555.85
5555.85
97.25
97.25
91.67
91.67
49.94
49.94
39.14
39.14
793.92
793.92
4045.37
4045.37
823.14
823.14
132.41
132.41
1164.37
1164.37
1326.30
1326.30
23.79
23.79
5445.20
5445.20
1141.92
1141.92
43.67
43.67
97.33
97.33
69.00
69.00
39.68
39.68
473.13
473.13
10.00
10.00
323.53
323.53
209.71
209.71
17.06
17.06
3034.67
3034.67
768.82
768.82
36.72
36.72
4735.87
4735.87
5056.51
5056.51
3588.67
3588.67
6143.08
6143.08
6143.08
6143.08
6143.08
6143.08
6143.08
6143.08
2419.49
2419.49
2470.70
2470.70
2470.70
2470.70
2470.70
2470.70
3675.20
3675.20
22.86
22.86
2994.83
2994.83
3394.75
3394.75
2334.47
2334.47
3864.04
3864.04
23.24
23.24
268.85
268.85
4579.54
4579.54
10.76
10.76
6283.94
6283.94
1315.73
1315.73
2010.62
2010.62
3005.52
3005.52
1047.59
1047.59
635.58
635.58
857.76
857.76
4739.38
4739.38
4737.23
4737.23
33.06
33.06
6072.63
6072.63
67.46
67.46
930.72
930.72
716.97
716.97
18.66
18.66
1589.40
1589.40
2516.97
2516.97
2516.97
2516.97
2516.97
2516.97
3042.83
3042.83
2782.91
2782.91
3171.51
3171.51
3584.24
3584.24
3495.46
3495.46
3495.46
3495.46
3495.46
3495.46
3495.46
3495.46
3495.46
3495.46
29.63
29.63
2710.06
2710.06
1959.28
1959.28
3206.64
3206.64
3890.51
3890.51
18.96
18.96
4034.55
4034.55
4971.30
4971.30
2901.28
2901.28
1943.57
1943.57
337.97
337.97
337.97
337.97
2648.58
2648.58
2648.58
2648.58
2648.58
2648.58
3569.92
3569.92
2376.52
2376.52
2376.52
2376.52
2849.96
2849.96
4422.20
4422.20
4967.81
4967.81
4624.47
4624.47
442.21
442.21
1395.51
1395.51
71.65
71.65
8259.87
8259.87
6093.23
6093.23
253.78
253.78
736.85
736.85
2435.72
2435.72
12.03
12.03
49.16
49.16
4139.68
4139.68
4454.15
4454.15
3146.88
3146.88
4434.33
4434.33
3940.51
3940.51
21.04
21.04
54.64
54.64
42.03
42.03
70.70
70.70
10.01
10.01
93.86
93.86
1365.79
1365.79
394.28
394.28
802.38
802.38
325.52
325.52
868.26
868.26
18.41
18.41
204.97
204.97
16.88
16.88
4604.55
4604.55
839.10
839.10
15.63
15.63
5097.78
5097.78
32.73
32.73
47.57
47.57
188.46
188.46
19.17
19.17
808.39
808.39
382.04
382.04
2674.28
2674.28
75.20
75.20
3462.65
3462.65
798.33
798.33
13.91
13.91
4519.88
4519.88
3867.32
3867.32
875.90
875.90
16.95
16.95
12.13
12.13
21.35
21.35
35.95
35.95
15.45
15.45
2005.23
2005.23
51.93
51.93
718.39
718.39
244.41
244.41
1343.24
1343.24
5149.49
5149.49
3886.57
3886.57
554.66
554.66
82.42
82.42
829.65
829.65
59.34
59.34
48.67
48.67
66.43
66.43
928.60
928.60
653.54
653.54
112.34
112.34
38.40
38.40
51.53
51.53
111.99
111.99
839.07
839.07
653.44
653.44
3402.02
3402.02
1377.99
1377.99
1010.27
1010.27
32.74
32.74
680.32
680.32
757.85
757.85
1247.19
1247.19
49.28
49.28
14.02
14.02
424.62
424.62
32.89
32.89
18.67
18.67
2478.34
2478.34
1457.65
1457.65
4728.59
4728.59
65.33
65.33
41.80
41.80
825.44
825.44
77.44
77.44
361.51
361.51
5585.46
5585.46
363.31
363.31
56.04
56.04
199.39
199.39
781.79
781.79
1205.37
1205.37
803.06
803.06
4627.01
4627.01
45.01
45.01
777.78
777.78
911.30
911.30
10.00
10.00
1606.24
1606.24
79.01
79.01
10.00
10.00
10.00
15.08
25.24
25.24
47.77
47.77
48.91
48.91
1203.23
1203.23
10.00
10.00
10.00
86.59
48.82
48.82
35.06
35.06
321.83
321.83
107.37
107.37
755.38
755.38
755.38
111.39
4613.90
4613.90
4613.90
16.88
688.85
688.85
688.85
584.52
584.52
5576.85
5576.85
5227.45
5227.45
2111.14
2111.14
4782.93
4782.93
1595.43
1595.43
1336.35
1336.35
166.56
166.56
1367.62
1367.62
7506.43
7506.43
6671.86
6671.86
34.75
34.75
6544.19
6544.19
1394.03
1394.03
22.30
22.30
849.97
849.97
1398.85
1398.85
18.46
18.46
1757.80
1757.80
201.50
201.50
115.39
115.39
791.48
791.48
228.73
228.73
28.82
28.82
15.64
15.64
111.62
111.62
111.62
17.11
57.28
57.28
47.89
47.89
12.32
12.32
82.68
82.68
2789.66
2789.66
4264.67
4264.67
835.59
835.59
16.52
16.52
396.19
396.19
229.22
229.22
4614.68
4614.68
776.63
776.63
62.98
62.98
55.44
55.44
10.00
10.00
70.42
70.42
254.15
254.15
646.01
646.01
683.19
683.19
3643.36
3643.36
4904.53
4904.53
17.35
17.35
16.09
16.09
3080.88
3080.88
3393.59
3393.59
3252.73
3252.73
3911.55
3911.55
3838.62
3838.62
3838.62
3838.62
3740.39
3740.39
4225.20
4225.20
3221.53
3221.53
3221.53
3221.53
3221.53
3221.53
3221.53
3221.53
3221.53
3221.53
3221.53
3221.53
2456.03
2456.03
43.27
43.27
4757.87
4757.87
4757.87
4757.87
209.12
209.12
3867.50
3867.50
3919.79
3919.79
3919.79
3919.79
3919.79
3919.79
3271.97
3271.97
2782.71
2782.71
3988.90
3988.90
3875.34
3875.34
3757.43
3757.43
3595.93
3595.93
3362.68
3362.68
400.72
400.72
3069.16
3069.16
3674.10
3674.10
2670.87
2670.87
456.85
456.85
4115.68
4115.68
2568.06
2568.06
2568.06
2568.06
2568.06
2568.06
43.72
43.72
2499.18
2499.18
2863.74
2863.74
3441.93
3441.93
758.49
758.49
3823.32
3823.32
3680.85
3680.85
4083.47
4083.47
3273.80
3273.80
1311.92
1311.92
3792.64
3792.64
58.47
58.47
4462.18
4462.18
5343.34
5343.34
5343.34
5343.34
85.21
85.21
1722.67
1722.67
1722.67
1722.67
10.00
10.00
736.10
736.10
2242.81
2242.81
2242.81
2242.81
2242.81
2242.81
2242.81
2242.81
10.00
10.00
3932.03
3932.03
775.51
775.51
4324.83
4324.83
5064.10
5064.10
2957.65
2957.65
27.55
27.55
2092.27
2092.27
4581.69
4581.69
1444.86
1444.86
2734.24
2734.24
1390.04
1390.04
58.44
58.44
16.14
16.14
644.66
644.66
10.00
10.00
699.54
699.54
13.06
13.06
10.00
10.00
2337.57
2337.57
10.00
10.00
4150.65
4150.65
5773.75
5773.75
5787.61
5787.61
34.73
34.73
13.30
13.30
88.67
88.67
1868.63
1868.63
822.31
822.31
508.02
508.02
282.74
282.74
1117.59
1117.59
484.58
484.58
522.02
522.02
15.85
15.85
663.66
663.66
66.30
66.30
2671.20
2671.20
2923.70
2923.70
3659.09
3659.09
36.20
36.20
22.86
22.86
10.00
10.00
133.27
133.27
2750.05
2750.05
28.08
28.08
46.88
46.88
2501.56
2501.56
5532.57
5532.57
5453.24
5453.24
55.19
55.19
14.25
14.25
802.08
802.08
11.75
11.75
146.05
146.05
31.87
31.87
241.65
241.65
1864.06
1864.06
10.00
10.00
2438.87
2438.87
33.28
33.28
1578.68
1578.68
3627.84
3627.84
31.12
31.12
17.26
17.26
10.00
10.00
25.60
25.60
30.81
30.81
93.36
93.36
10.00
10.00
13.20
13.20
182.81
182.81
43.21
43.21
10.00
10.00
17.44
17.44
90.11
90.11
17.18
17.18
67.52
67.52
170.38
170.38
176.34
176.34
24.33
24.33
103.18
103.18
101.89
101.89
745.54
745.54
147.68
147.68
212.76
212.76
22.35
22.35
22.35
10.83
10.83
52.57
10.00
10.00
10.00
10.00
1109.44
1109.44
4158.76
4158.76
375.81
375.81
497.87
497.87
4470.72
4470.72
4470.72
4470.72
364.99
364.99
39.01
39.01
23.84
23.84
1427.72
1427.72
58.07
58.07
11.01
11.01
17.56
17.56
1114.45
1114.45
1653.37
1653.37
3085.72
3085.72
2234.52
2234.52
1984.14
1984.14
1595.65
1595.65
1709.82
1709.82
1520.32
1520.32
832.21
832.21
438.73
438.73
1555.72
1555.72
410.60
410.60
163.42
163.42
755.99
755.99
1547.20
1547.20
741.76
741.76
10.00
10.00
21.40
21.40
3863.60
3863.60
1100.23
1100.23
878.70
878.70
10.00
10.00
1208.61
1208.61
652.75
652.75
38.73
38.73
4357.41
4357.41
4158.43
4158.43
950.27
950.27
45.67
45.67
1827.16
1827.16
427.60
427.60
84.94
84.94
18.23
18.23
380.43
380.43
1749.81
1749.81
3835.24
3835.24
16.19
16.19
3364.62
3364.62
247.44
247.44
778.05
778.05
10.23
10.23
22.00
22.00
2149.14
2149.14
62.99
62.99
21.93
21.93
14.89
14.89
828.35
828.35
187.84
187.84
27.73
27.73
1381.10
1381.10
756.11
756.11
783.86
783.86
131.56
131.56
64.09
64.09
45.15
45.15
15.54
15.54
576.15
576.15
576.15
10.00
39.46
39.46
11.41
11.41
27.46
27.46
32.67
32.67
73.88
73.88
1255.36
1255.36
10.00
10.00
30.76
30.76
10.14
10.14
48.96
48.96
802.09
802.09
6103.28
6103.28
3277.08
3277.08
78.92
78.92
5466.99
5466.99
416.49
416.49
166.89
166.89
777.13
777.13
369.37
369.37
10.00
10.00
85.67
85.67
205.77
205.77
775.67
775.67
307.08
307.08
749.49
749.49
5125.42
5125.42
329.67
329.67
16.94
16.94
15.02
15.02
17.46
17.46
21.11
21.11
437.39
437.39
527.04
527.04
103.28
103.28
88.60
88.60
33.04
33.04
741.93
741.93
30.14
30.14
1712.42
1712.42
155.96
155.96
285.14
285.14
44.52
44.52
10.63
10.63
16.22
16.22
985.34
985.34
443.87
443.87
684.13
684.13
381.20
381.20
816.34
816.34
226.08
226.08
1594.48
1594.48
23.68
23.68
688.28
688.28
758.48
758.48
23.27
23.27
50.28
50.28
486.14
486.14
64.29
64.29
16.27
16.27
10.00
10.00
695.72
695.72
15.47
15.47
78.67
78.67
45.49
45.49
27.38
27.38
773.35
773.35
68.97
68.97
52.17
52.17
65.65
65.65
14.26
14.26
14.26
17.75
17.75
113.46
679.74
679.74
196.44
196.44
52.37
52.37
850.48
850.48
1548.64
1548.64
1548.64
10.00
10.00
52.16
52.16
52.16
69.48
69.48
83.87
83.87
10.00
214.01
42.36
42.36
694.14
694.14
28.37
28.37
19.70
19.70
65.92
65.92
745.69
745.69
638.42
638.42
14.34
14.34
2175.39
2175.39
61.69
61.69
27.08
27.08
10.00
10.00
10.00
10.00
2520.93
2520.93
1607.67
1607.67
22.04
22.04
10.00
10.00
109.40
109.40
10.00
10.00
40.74
40.74
1706.06
1706.06
294.53
294.53
4662.54
4662.54
3701.29
3701.29
325.56
325.56
17.11
17.11
294.75
294.75
34.11
34.11
787.41
787.41
1161.53
1161.53
33.43
33.43
16.98
16.98
382.18
382.18
17.96
17.96
187.68
187.68
10.00
10.00
48.34
48.34
10.00
10.00
93.91
93.91
10.00
10.00
32.72
32.72
25.32
25.32
224.62
224.62
37.55
37.55
109.25
109.25
56.74
56.74
11.06
11.06
15.19
15.19
355.40
355.40
52.16
52.16
40.20
40.20
161.90
161.90
17.41
17.41
27.24
27.24
767.28
767.28
767.28
10.00
10.00
10.00
144.81
144.81
343.89
343.89
343.89
16.68
14.27
14.27
43.90
43.90
1196.68
1196.68
19.21
19.21
2165.79
2165.79
3149.52
3149.52
723.31
723.31
45.08
45.08
3205.67
3205.67
1694.67
1694.67
2487.36
2487.36
39.80
39.80
2769.89
2769.89
3262.57
3262.57
2901.85
2901.85
3631.63
3631.63
3574.68
3574.68
3574.68
3574.68
3458.62
3458.62
2713.87
2713.87
3823.55
3823.55
2581.57
2581.57
2756.17
2756.17
3913.79
3913.79
1716.90
1716.90
3132.74
3132.74
1522.45
1522.45
16.78
16.78
21.22
21.22
4322.93
4322.93
4831.65
4831.65
2794.12
2794.12
2794.12
2794.12
3793.82
3793.82
3362.37
3362.37
747.64
747.64
3810.08
3810.08
2814.67
2814.67
62.59
62.59
4495.49
4495.49
4495.49
4495.49
4495.49
4495.49
18.04
18.04
4753.76
4753.76
2431.90
2431.90
1582.08
1582.08
2762.28
2762.28
4279.84
4279.84
5910.62
5910.62
678.95
678.95
1734.60
1734.60
1734.60
1734.60
617.87
617.87
11.98
11.98
2375.29
2375.29
2375.29
2375.29
1022.52
1022.52
3851.95
3851.95
460.54
460.54
16.22
16.22
3849.90
3849.90
3976.72
3976.72
4782.27
4782.27
4260.42
4260.42
4260.42
4260.42
12.56
12.56
136.45
136.45
26.38
26.38
2997.33
2997.33
4225.52
4225.52
99.78
99.78
138.88
138.88
26.54
26.54
13.82
13.82
199.28
199.28
13.80
13.80
1360.35
1360.35
131.52
131.52
788.46
788.46
1377.73
1377.73
1377.73
2480.21
503.28
503.28
503.28
32.48
167.26
167.26
167.26
30.43
30.43
886.19
886.19
31.82
31.82
107.98
107.98
10.00
10.00
524.46
524.46
1287.59
1287.59
179.49
179.49
3708.42
3708.42
3708.42
3708.42
3708.42
3708.42
3708.42
3708.42
3708.42
3708.42
3708.42
3708.42
2664.71
2664.71
2563.27
2563.27
4329.82
4329.82
40.45
40.45
4222.52
4222.52
148.02
148.02
731.74
731.74
612.69
612.69
19.23
19.23
212.13
212.13
25.80
25.80
824.08
824.08
2152.34
2152.34
24.95
24.95
71.90
71.90
60.03
60.03
17.28
17.28
168.91
168.91
1986.20
1986.20
1549.33
1549.33
199.84
199.84
32.46
32.46
24.34
24.34
17.48
17.48
17.22
17.22
28.08
28.08
16.04
16.04
46.02
46.02
780.86
780.86
33.48
33.48
808.13
808.13
3438.62
3438.62
1447.73
1447.73
49.06
49.06
1081.20
1081.20
913.78
913.78
53.39
53.39
1531.43
1531.43
2059.16
2059.16
25.06
25.06
4315.92
4315.92
4998.63
4998.63
3785.90
3785.90
6001.93
6001.93
4118.21
4118.21
2891.71
2891.71
3964.75
3964.75
4103.51
4103.51
1359.17
1359.17
1110.51
1110.51
56.56
56.56
5646.82
5646.82
1127.69
1127.69
5861.70
5861.70
529.23
529.23
12.09
12.09
47.02
47.02
17.06
17.06
67.13
67.13
85.58
85.58
14.37
14.37
16.37
16.37
10.00
10.00
472.07
472.07
12.49
12.49
16.26
16.26
44.26
44.26
66.14
66.14
5624.60
5624.60
214.53
214.53
10.00
10.00
1642.89
1642.89
347.32
347.32
3181.84
3181.84
110.27
110.27
65.13
65.13
78.94
78.94
110.66
110.66
47.17
47.17
66.02
66.02
54.14
54.14
2083.29
2083.29
1544.01
1544.01
729.38
729.38
24.81
24.81
10.85
10.85
2354.70
2354.70
3280.30
3280.30
2171.32
2171.32
4223.66
4223.66
4786.66
4786.66
5040.64
5040.64
99.76
99.76
469.50
469.50
3330.78
3330.78
757.63
757.63
1481.13
1481.13
753.25
753.25
68.82
68.82
82.22
82.22
3489.00
3489.00
844.61
844.61
786.30
786.30
50.56
50.56
711.70
711.70
17.12
17.12
78.25
78.25
632.14
632.14
259.47
259.47
94.19
94.19
2946.45
2946.45
181.00
181.00
25.17
25.17
20.92
20.92
24.89
24.89
147.91
147.91
61.18
61.18
3543.22
3543.22
3258.96
3258.96
610.18
610.18
3929.54
3929.54
4056.32
4056.32
4556.70
4556.70
16.23
16.23
60.18
60.18
14.05
14.05
186.50
186.50
410.49
410.49
1423.89
1423.89
1710.72
1710.72
2072.56
2072.56
176.14
176.14
210.73
210.73
776.91
776.91
380.37
380.37
18.70
18.70
10.00
10.00
10.00
10.00
27.94
27.94
23.35
23.35
124.40
124.40
26.80
26.80
314.77
314.77
800.09
800.09
1193.10
1193.10
750.16
750.16
506.92
506.92
91.34
91.34
5155.74
5155.74
16.05
16.05
1088.17
1088.17
72.08
72.08
29.41
29.41
4686.77
4686.77
590.41
590.41
16.99
16.99
14.45
14.45
863.51
863.51
273.42
273.42
48.48
48.48
5493.88
5493.88
357.70
357.70
36.51
36.51
457.70
457.70
30.86
30.86
37.89
37.89
173.51
173.51
3605.78
3605.78
5484.04
5484.04
1776.76
1776.76
21.16
21.16
3380.49
3380.49
824.05
824.05
4261.02
4261.02
3861.44
3861.44
1423.00
1423.00
3711.43
3711.43
1123.36
1123.36
3669.48
3669.48
15.19
15.19
322.66
322.66
400.82
400.82
86.04
86.04
81.90
81.90
3405.16
3405.16
3609.14
3609.14
13.94
13.94
10.00
10.00
10.00
10.00
4275.59
4275.59
3636.16
3636.16
4092.38
4092.38
89.58
89.58
806.37
806.37
239.21
239.21
2540.42
2540.42
802.65
802.65
597.81
597.81
843.35
843.35
1751.05
1751.05
36.25
36.25
38.03
38.03
302.87
302.87
1046.22
1046.22
14.85
14.85
1490.70
1490.70
2142.62
2142.62
3357.07
3357.07
807.73
807.73
21.56
21.56
4099.52
4099.52
2390.20
2390.20
103.55
103.55
2701.82
2701.82
1186.62
1186.62
876.97
876.97
40.69
40.69
1771.79
1771.79
735.86
735.86
3116.61
3116.61
17.01
17.01
3503.34
3503.34
2943.55
2943.55
32.05
32.05
2344.77
2344.77
19.95
19.95
4566.45
4566.45
4211.25
4211.25
10.00
10.00
3414.34
3414.34
3560.76
3560.76
47.47
47.47
3396.84
3396.84
2472.69
2472.69
3587.03
3587.03
303.00
303.00
1145.92
1145.92
36.13
36.13
21.52
21.52
122.16
122.16
1933.77
1933.77
747.03
747.03
408.70
408.70
3129.44
3129.44
3987.74
3987.74
4436.03
4436.03
2357.48
2357.48
31.63
31.63
82.03
82.03
521.99
521.99
435.61
435.61
784.14
784.14
3796.56
3796.56
767.51
767.51
5543.80
5543.80
34.55
34.55
15.85
15.85
10.00
10.00
5775.47
5775.47
3633.05
3633.05
14.78
14.78
33.23
33.23
36.96
36.96
17.45
17.45
10.00
10.00
803.19
803.19
3349.03
3349.03
10.00
10.00
1719.40
1719.40
10.00
10.00
807.77
807.77
644.90
644.90
5506.83
5506.83
2398.60
2398.60
2478.08
2478.08
4973.27
4973.27
28.44
28.44
660.62
660.62
22.71
22.71
237.77
237.77
297.40
297.40
31.00
31.00
768.88
768.88
10.90
10.90
103.22
103.22
36.00
36.00
32.96
32.96
47.92
47.92
802.46
802.46
10.00
10.00
4533.49
4533.49
11.62
11.62
72.47
72.47
1384.68
1384.68
1088.18
1088.18
3145.81
3145.81
2384.59
2384.59
4885.03
4885.03
51.06
51.06
16.27
16.27
10.00
10.00
537.50
537.50
96.27
96.27
1064.49
1064.49
17.37
17.37
3319.74
3319.74
614.67
614.67
12.86
12.86
3678.48
3678.48
3973.70
3973.70
14.04
14.04
4129.00
4129.00
4532.24
4532.24
1455.93
1455.93
100.56
100.56
60.16
60.16
47.85
47.85
2435.75
2435.75
1993.04
1993.04
471.85
471.85
2654.95
2654.95
4328.48
4328.48
4673.16
4673.16
5779.18
5779.18
73.76
73.76
790.38
790.38
3462.05
3462.05
327.27
327.27
39.20
39.20
3504.21
3504.21
811.84
811.84
254.00
254.00
32.20
32.20
12.59
12.59
154.67
154.67
815.93
815.93
26.58
26.58
3429.95
3429.95
10.00
10.00
1449.09
1449.09
17.00
17.00
1856.81
1856.81
3414.77
3414.77
4584.33
4584.33
4584.33
4584.33
3780.71
3780.71
3886.20
3886.20
4677.81
4677.81
2915.78
2915.78
4428.01
4428.01
505.06
505.06
4640.35
4640.35
4640.35
4640.35
4640.35
4640.35
4640.35
4640.35
5061.08
5061.08
36.44
36.44
1634.94
1634.94
6004.25
6004.25
5965.34
5965.34
29.05
29.05
2478.77
2478.77
5669.57
5669.57
5669.57
5669.57
760.81
760.81
4872.20
4872.20
4398.20
4398.20
4398.20
4398.20
4398.20
4398.20
4398.20
4398.20
184.63
184.63
784.43
784.43
33.17
33.17
10.00
10.00
4879.53
4879.53
4879.53
4879.53
4879.53
4879.53
4879.53
4879.53
2971.08
2971.08
5181.71
5181.71
5283.51
5283.51
19.19
19.19
46.75
46.75
4087.71
4087.71
5166.45
5166.45
5166.45
5166.45
5166.45
5166.45
5166.45
5166.45
5166.45
5166.45
5166.45
5166.45
5166.45
5166.45
5166.45
5166.45
2818.29
2818.29
2833.70
2833.70
3291.43
3291.43
954.20
954.20
593.72
593.72
762.47
762.47
4515.42
4515.42
4089.86
4089.86
4627.73
4627.73
3241.01
3241.01
41.19
41.19
4785.82
4785.82
884.64
884.64
51.55
51.55
4376.12
4376.12
3750.33
3750.33
17.21
17.21
1640.57
1640.57
1186.32
1186.32
3117.67
3117.67
10.00
10.00
779.86
779.86
828.45
828.45
1676.35
1676.35
5586.44
5586.44
2952.22
2952.22
1756.82
1756.82
809.44
809.44
15.51
15.51
4122.83
4122.83
3087.64
3087.64
17.56
17.56
2901.47
2901.47
1144.94
1144.94
73.32
73.32
81.06
81.06
851.40
851.40
869.23
869.23
10.00
10.00
1204.84
1204.84
41.45
41.45
863.07
863.07
1971.50
1971.50
32.50
32.50
32.50
47.53
47.53
47.53
19.00
19.00
10.00
10.00
33.14
215.62
19.35
19.35
769.49
769.49
12.60
12.60
20.61
20.61
820.30
820.30
2316.94
2316.94
69.60
69.60
118.31
118.31
1622.16
1622.16
1250.07
1250.07
5189.64
5189.64
737.20
737.20
686.97
686.97
10.00
10.00
648.74
648.74
1901.29
1901.29
61.18
61.18
281.54
281.54
70.48
70.48
16.98
16.98
2285.27
2285.27
2505.13
2505.13
2505.13
2505.13
2505.13
2505.13
2505.13
2505.13
2505.13
2505.13
2505.13
2505.13
2749.27
2749.27
4439.54
4439.54
3892.02
3892.02
26.28
26.28
596.25
596.25
3891.30
3891.30
4679.20
4679.20
4507.32
4507.32
734.38
734.38
183.50
183.50
204.85
204.85
15.12
15.12
884.19
884.19
884.19
2182.63
10.41
10.41
50.95
50.95
50.95
638.78
638.78
4389.90
3078.97
3078.97
326.27
326.27
326.27
3760.43
3760.43
273.10
273.10
1927.66
1927.66
2745.06
2745.06
2450.20
2450.20
497.34
497.34
2494.96
2494.96
2818.41
2818.41
3650.34
3650.34
3798.66
3798.66
2184.44
2184.44
362.61
362.61
19.15
19.15
62.50
62.50
56.67
56.67
194.21
194.21
70.14
70.14
16.19
16.19
4889.46
4889.46
1600.08
1600.08
55.91
55.91
668.60
668.60
1060.37
1060.37
1530.74
1530.74
780.27
780.27
21.84
21.84
115.67
115.67
104.11
104.11
34.81
34.81
136.13
136.13
32.53
32.53
66.55
66.55
4755.70
4755.70
62.04
62.04
2930.70
2930.70
3847.17
3847.17
1164.51
1164.51
329.32
329.32
14.97
14.97
49.66
49.66
250.13
250.13
838.86
838.86
4123.02
4123.02
5527.73
5527.73
68.91
68.91
123.35
123.35
31.85
31.85
7708.77
7708.77
627.49
627.49
118.33
118.33
2065.39
2065.39
17.11
17.11
10.00
10.00
6026.97
6026.97
3674.38
3674.38
54.54
54.54
332.26
332.26
758.12
758.12
185.15
185.15
325.07
325.07
784.87
784.87
12.81
12.81
2084.30
2084.30
72.71
72.71
37.84
37.84
11.93
11.93
35.98
35.98
13.58
13.58
110.63
110.63
10.00
10.00
10.00
10.00
38.86
38.86
832.10
832.10
56.99
56.99
66.03
66.03
18.76
18.76
3818.15
3818.15
31.73
31.73
176.59
176.59
36.88
36.88
46.03
46.03
949.32
949.32
7259.01
7259.01
1970.32
1970.32
814.95
814.95
5757.63
5757.63
35.58
35.58
4554.62
4554.62
395.88
395.88
1733.97
1733.97
4294.00
4294.00
609.97
609.97
32.87
32.87
97.00
97.00
710.07
710.07
2236.28
2236.28
671.15
671.15
6439.57
6439.57
1414.55
1414.55
17.51
17.51
3789.33
3789.33
5202.27
5202.27
4241.51
4241.51
924.73
924.73
939.37
939.37
2682.62
2682.62
25.27
25.27
51.80
51.80
767.04
767.04
15.44
15.44
34.91
34.91
71.07
71.07
10.00
10.00
10.00
10.00
10.00
10.00
10.00
10.00
10.00
10.00
10.00
27.57
27.57
27.57
132.29
132.29
13.49
13.49
13.49
315.46
46.24
1148.90
180.49
1510.41
111.11
111.11
621.72
621.72
13.31
13.31
694.44
694.44
13.10
13.10
634.08
634.08
392.78
392.78
1336.24
1336.24
943.27
943.27
33.75
33.75
10.00
10.00
55.14
55.14
157.12
157.12
13.24
13.24
632.24
632.24
1374.24
1374.24
54.61
54.61
4700.37
4700.37
17.25
17.25
3787.95
3787.95
725.60
725.60
14.98
14.98
3896.11
3896.11
278.92
278.92
10.00
10.00
866.48
866.48
595.06
595.06
908.89
908.89
94.89
94.89
144.28
144.28
10.70
10.70
62.17
62.17
785.00
785.00
465.45
465.45
232.26
232.26
86.86
86.86
22.28
22.28
16.57
16.57
510.48
510.48
2154.91
2154.91
2895.76
2895.76
718.38
718.38
675.65
675.65
31.60
31.60
3325.87
3325.87
363.74
363.74
46.47
46.47
3437.78
3437.78
65.43
65.43
17.46
17.46
10.00
10.00
717.89
717.89
17.11
17.11
2705.04
2705.04
497.25
497.25
49.67
49.67
778.44
778.44
3570.68
3570.68
357.51
357.51
27.39
27.39
105.35
105.35
13.80
13.80
4217.09
4217.09
693.32
693.32
160.64
160.64
230.35
230.35
4812.69
4812.69
356.61
356.61
17.28
17.28
14.32
14.32
86.02
86.02
140.99
140.99
62.21
62.21
4082.12
4082.12
4422.42
4422.42
3560.93
3560.93
418.93
418.93
31.38
31.38
143.32
143.32
3717.68
3717.68
3708.22
3708.22
2403.48
2403.48
5404.71
5404.71
66.99
66.99
2853.67
2853.67
3044.21
3044.21
415.10
415.10
2328.11
2328.11
25.48
25.48
3350.92
3350.92
16.64
16.64
122.97
122.97
854.96
854.96
12.43
12.43
73.58
73.58
1444.17
1444.17
2655.23
2655.23
1214.53
1214.53
11.41
11.41
1896.20
1896.20
6190.57
6190.57
33.98
33.98
5892.01
5892.01
24.93
24.93
5024.54
5024.54
5024.54
5024.54
3997.96
3997.96
2581.43
2581.43
2581.43
2581.43
2581.43
2581.43
4238.60
4238.60
4238.60
4238.60
5977.67
5977.67
187.84
187.84
761.06
761.06
5560.64
5560.64
3366.73
3366.73
6449.20
6449.20
26.62
26.62
98.23
98.23
11.53
11.53
746.38
746.38
28.33
28.33
2889.06
2889.06
2889.06
2889.06
2889.06
2889.06
2889.06
2889.06
2889.06
2889.06
2889.06
2889.06
2889.06
2889.06
2889.06
2889.06
2889.06
2889.06
2889.06
2889.06
2889.06
2889.06
2889.06
2889.06
1428.33
1428.33
3397.43
3397.43
1215.86
1215.86
16.36
16.36
2107.89
2107.89
2556.25
2556.25
146.74
146.74
3127.70
3127.70
788.07
788.07
5184.53
5184.53
425.61
425.61
4354.15
4354.15
1323.20
1323.20
18.63
18.63
2083.06
2083.06
671.02
671.02
2613.83
2613.83
2613.83
2613.83
14.89
14.89
813.19
813.19
1043.79
1043.79
1292.78
1292.78
1484.62
1484.62
2139.53
2139.53
683.61
683.61
27.70
27.70
10.00
10.00
2821.30
2821.30
1568.03
1568.03
3128.68
3128.68
990.01
990.01
95.62
95.62
5097.04
5097.04
5052.27
5052.27
1521.78
1521.78
2603.46
2603.46
802.45
802.45
678.91
678.91
160.96
160.96
8257.98
8257.98
197.56
197.56
31.89
31.89
29.55
29.55
675.56
675.56
179.78
179.78
49.48
49.48
16.05
16.05
321.69
321.69
764.90
764.90
96.90
96.90
404.05
404.05
280.97
280.97
182.59
182.59
17.46
17.46
2257.91
2257.91
649.75
649.75
30.58
30.58
30.22
30.22
10.00
10.00
52.38
52.38
10.00
10.00
214.99
214.99
29.21
29.21
721.47
721.47
17.80
17.80
817.34
817.34
19.95
19.95
3939.13
3939.13
22.46
22.46
6012.69
6012.69
15.77
15.77
4980.64
4980.64
799.08
799.08
27.67
27.67
56.99
56.99
65.46
65.46
33.10
33.10
826.63
826.63
3871.33
3871.33
3659.32
3659.32
4414.88
4414.88
383.66
383.66
81.75
81.75
26.67
26.67
21.04
21.04
39.02
39.02
104.20
104.20
1410.28
1410.28
10.00
10.00
2255.84
2255.84
3226.96
3226.96
4518.08
4518.08
10.00
10.00
3425.24
3425.24
757.62
757.62
3524.25
3524.25
829.41
829.41
61.82
61.82
908.02
908.02
938.25
938.25
697.04
697.04
45.56
45.56
441.16
441.16
701.42
701.42
86.82
86.82
33.92
33.92
10.00
10.00
21.41
21.41
8650.29
8650.29
2959.89
2959.89
21.79
21.79
3964.03
3964.03
7413.20
7413.20
86.44
86.44
77.55
77.55
3894.29
3894.29
39.03
39.03
5343.43
5343.43
16.78
16.78
155.15
155.15
788.95
788.95
375.69
375.69
2011.44
2011.44
4173.45
4173.45
2064.59
2064.59
865.61
865.61
97.51
97.51
810.71
810.71
194.15
194.15
15.49
15.49
146.17
146.17
146.17
5335.84
43.82
43.82
612.33
612.33
216.12
216.12
131.41
131.41
98.28
98.28
933.65
933.65
76.88
76.88
715.72
