# 1Hz Kbps trace generated by import_real_world_traces.py
2082.38
1268.75
2613.94
11.41
1225.80
2455.50
1717.29
11.87
436.19
436.19
3299.59
3299.59
2427.31
2427.31
11.18
11.18
47.90
47.90
2002.46
2002.46
2756.50
2756.50
1613.11
1613.11
3132.37
3132.37
14.72
14.72
17.50
17.50
97.28
97.28
338.91
338.91
3172.58
3172.58
3022.14
3022.14
73.06
73.06
1462.45
1462.45
1958.92
1958.92
271.10
271.10
1361.70
1361.70
2871.90
2871.90
1525.37
1525.37
1434.27
1434.27
26.90
26.90
43.89
43.89
3087.06
3087.06
1265.28
1265.28
3606.87
3606.87
10.09
10.09
18.94
18.94
3553.92
3553.92
1359.85
1359.85
2922.52
2922.52
1051.30
1051.30
53.47
53.47
2023.48
2023.48
3117.73
3117.73
2928.19
2928.19
3466.26
3466.26
46.16
46.16
1342.04
1342.04
1342.04
607.98
698.61
698.61
1568.37
1568.37
2094.62
2094.62
1249.52
1249.52
1207.09
1207.09
29.60
29.60
3062.30
3062.30
43.17
43.17
3324.36
3324.36
1313.66
1313.66
2965.49
2965.49
3068.91
3068.91
3260.01
3260.01
3025.28
3025.28
364.36
364.36
47.43
47.43
11.91
11.91
11.91
396.03
169.18
169.18
20.72
20.72
3066.11
3066.11
275.59
275.59
2902.30
2902.30
941.50
941.50
1070.55
1070.55
1379.13
1379.13
448.19
448.19
11.05
11.05
1235.88
1235.88
3229.12
3229.12
14.72
14.72
41.08
41.08
3462.59
3462.59
13.33
13.33
1367.49
1367.49
205.35
205.35
4871.62
4871.62
849.16
849.16
655.81
655.81
686.77
686.77
179.81
179.81
153.18
153.18
28.88
28.88
47.62
47.62
227.55
227.55
244.15
244.15
1311.09
1311.09
1119.42
1119.42
1393.20
1393.20
453.63
453.63
48.13
48.13
3703.09
3703.09
14.66
14.66
91.09
91.09
91.09
91.09
91.09
91.09
91.09
71.37
71.37
57.51
