# 1Hz Kbps trace generated by import_real_world_traces.py
3334.14
1275.56
1211.41
1211.41
862.43
862.43
10.00
10.00
2399.72
2399.72
815.86
815.86
3484.75
3484.75
3290.06
3290.06
2018.58
2018.58
3588.27
3588.27
3787.83
3787.83
461.15
461.15
886.80
886.80
1314.01
1314.01
3364.46
3364.46
3576.45
3576.45
3663.18
3663.18
3687.95
3687.95
3758.03
3758.03
3703.92
3703.92
3703.92
3703.92
1824.57
1824.57
3688.84
3688.84
3490.95
3490.95
3513.41
3513.41
3513.41
3513.41
3513.41
3513.41
3007.78
3007.78
2975.52
2975.52
3000.34
3000.34
3430.56
3430.56
3698.96
3698.96
3629.95
3629.95
3684.65
3684.65
972.20
972.20
3751.56
3751.56
3719.12
3719.12
3745.47
3745.47
3672.80
3672.80
1361.16
1361.16
3680.87
3680.87
2160.22
2160.22
3527.85
3527.85
3580.96
3580.96
3401.66
3401.66
83.43
83.43
3134.36
3134.36
3676.94
3676.94
887.32
887.32
3572.18
3572.18
3543.91
3543.91
3668.28
3668.28
3650.19
3650.19
3477.65
3477.65
3744.84
3744.84
2752.98
2752.98
3013.72
3013.72
3713.98
3713.98
3452.99
3452.99
2362.15
2362.15
3672.94
3672.94
3491.85
3491.85
1674.12
1674.12
208.92
208.92
3367.20
3367.20
3606.46
3606.46
1717.29
1717.29
1132.09
1132.09
1263.65
1263.65
3219.98
3219.98
1522.01
1522.01
575.74
575.74
424.12
424.12
360.98
360.98
42.29
42.29
42.45
42.45
341.65
341.65
880.72
880.72
191.82
191.82
869.80
869.80
2023.84
2023.84
3447.83
3447.83
3521.28
3521.28
591.50
591.50
1877.87
1877.87
2029.94
2029.94
85.43
85.43
10.00
10.00
1031.20
1031.20
551.85
551.85
320.01
320.01
189.76
189.76
378.90
378.90
1291.08
1291.08
103.66
103.66
1478.62
1478.62
696.30
696.30
325.68
325.68
487.45
487.45
806.93
806.93
716.25
716.25
2735.27
2735.27
149.38
149.38
876.94
876.94
616.60
616.60
1109.89
1109.89
1979.65
1979.65
3178.03
3178.03
358.13
358.13
3281.99
3281.99
3281.99
3281.99
3281.99
3281.99
2435.14
2435.14
230.58
230.58
341.23
341.23
168.87
168.87
801.53
801.53
3481.66
3481.66
3481.66
3481.66
1388.05
1388.05
863.13
863.13
1779.67
1779.67
1157.02
1157.02
426.74
426.74
1777.26
1777.26
1777.26
