# 1Hz Kbps trace generated by import_real_world_traces.py
20.73
232.94
232.94
232.94
232.94
232.94
318.17
318.17
544.69
71.03
88.99
454.62
454.62
413.99
413.99
413.99
119.69
119.69
119.69
119.69
119.69
119.69
119.69
119.69
119.69
119.69
119.69
119.69
119.69
119.69
119.69
149.48
149.48
440.86
301.04
301.04
301.04
301.04
301.04
301.04
174.44
506.33
506.33
506.33
506.33
216.26
216.26
262.65
262.65
262.65
436.81
436.81
436.81
713.68
713.68
11.43
11.43
466.81
466.81
466.81
149.10
655.51
655.51
727.69
727.69
727.69
748.13
748.13
748.13
748.13
758.65
758.65
758.65
758.65
758.65
758.65
164.83
425.35
425.35
48.83
48.83
48.83
48.83
354.35
354.35
236.79
726.44
870.21
870.21
1376.52
1376.52
1440.20
1440.20
980.02
980.02
50.34
50.34
1638.14
1638.14
1638.14
2559.94
2559.94
2559.94
3075.44
3601.06
1029.74
1029.74
3051.91
3051.91
3051.91
3051.91
3051.91
10.00
203.76
404.63
404.63
1465.84
1465.84
98.13
98.13
10.00
