# 1Hz Kbps trace generated by import_real_world_traces.py
1539.88
1725.84
1633.72
1633.72
334.12
334.12
839.88
839.88
365.33
365.33
2014.70
2014.70
1605.00
1605.00
3010.23
3010.23
2106.61
2106.61
1082.58
1082.58
1736.72
1736.72
3004.30
3004.30
1838.53
1838.53
533.55
533.55
2851.69
2851.69
1191.48
1191.48
4397.21
4397.21
484.78
484.78
3577.59
3577.59
1153.07
1153.07
1616.33
1616.33
2667.84
2667.84
2331.95
2331.95
575.46
575.46
2386.66
2386.66
868.05
868.05
3403.42
3403.42
531.32
531.32
5474.36
5474.36
2223.13
2223.13
2142.98
2142.98
75.89
75.89
1626.61
1626.61
327.39
327.39
1356.43
1356.43
139.68
139.68
2767.54
2767.54
143.56
143.56
3140.40
3140.40
3322.31
3322.31
4610.61
4610.61
3031.94
3031.94
3191.93
3191.93
5096.05
5096.05
2992.56
2992.56
3817.57
3817.57
2304.92
2304.92
4921.21
4921.21
4885.81
4885.81
3025.92
3025.92
2203.35
2203.35
4726.57
4726.57
1282.73
1282.73
2517.27
2517.27
601.67
601.67
3643.78
3643.78
126.96
126.96
4906.50
4906.50
99.53
99.53
3735.80
3735.80
2655.94
2655.94
3936.83
3936.83
1551.05
1551.05
3683.02
3683.02
745.20
745.20
2149.00
2149.00
1185.08
1185.08
1819.97
1819.97
312.99
312.99
1086.72
1086.72
1454.20
1454.20
3747.93
3747.93
1348.35
1348.35
1830.69
1830.69
747.68
