# 1Hz Kbps trace generated by import_real_world_traces.py
20.89
569.65
2022.27
1824.82
38.88
25.98
220.07
220.07
79.30
79.30
1624.29
1624.29
1438.04
1438.04
10.00
10.00
10.00
10.00
10.00
10.00
1817.91
1817.91
3546.95
3546.95
3546.95
3546.95
407.17
407.17
1017.37
1017.37
498.90
498.90
22.47
22.47
22.45
22.45
30.36
30.36
21.95
21.95
10.00
10.00
23.19
23.19
67.63
67.63
337.62
337.62
18.72
18.72
1339.88
1339.88
866.85
866.85
1119.64
1119.64
90.57
90.57
45.19
45.19
1656.67
1656.67
1656.67
1656.67
209.16
209.16
13.46
13.46
30.34
30.34
17.61
17.61
11.32
11.32
274.73
274.73
10.00
10.00
497.57
497.57
1181.48
1181.48
10.00
10.00
308.89
308.89
21.21
21.21
22.63
22.63
1843.88
1843.88
949.59
949.59
321.71
321.71
378.02
378.02
1766.55
1766.55
51.80
51.80
599.80
599.80
1025.63
1025.63
17.66
17.66
285.21
285.21
28.15
28.15
479.97
479.97
1091.87
1091.87
277.12
277.12
286.12
286.12
459.07
459.07
477.08
477.08
2289.05
2289.05
2289.05
2289.05
2289.05
2289.05
2289.05
2289.05
2289.05
2289.05
2289.05
2289.05
2289.05
2289.05
2289.05
2289.05
2289.05
2289.05
2289.05
2289.05
1337.65
1337.65
2233.55
2233.55
991.83
991.83
13.81
13.81
11.30
11.30
10.00
10.00
10.00
10.00
10.00
10.00
10.00
10.00
276.26
276.26
276.26
347.27
347.27
537.59
192.37
609.36
609.36
177.04
443.37
443.37
443.37
44.08
44.08
95.90
75.11
75.11
10.00
10.00
13.42
13.42
1062.68
1062.68
1303.58
1303.58
1173.46
1173.46
1629.61
1629.61
19.92
19.92
10.00
10.00
15.24
15.24
67.78
67.78
56.74
56.74
44.76
44.76
10.00
