# 1Hz Kbps trace generated by import_real_world_traces.py
3038.80
6119.16
6119.16
6119.16
6119.16
6119.16
6119.16
6119.16
6119.16
5018.67
5018.67
5018.67
5018.67
5079.92
5079.92
5521.94
5521.94
296.27
296.27
2449.29
2449.29
2449.29
2449.29
2449.29
2449.29
29.97
29.97
2290.05
2290.05
5891.65
5891.65
379.82
379.82
4604.78
4604.78
184.85
184.85
5434.22
5434.22
3037.75
3037.75
3130.73
3130.73
664.73
664.73
5805.46
5805.46
4747.81
4747.81
6178.48
6178.48
5968.23
5968.23
2223.07
2223.07
6127.24
6127.24
5836.69
5836.69
2411.94
2411.94
1558.63
1558.63
2468.42
2468.42
5653.50
5653.50
4551.41
4551.41
590.42
590.42
927.15
927.15
3405.09
3405.09
5870.81
5870.81
13.27
13.27
4300.19
4300.19
5167.14
5167.14
3224.67
3224.67
6205.29
6205.29
58.00
58.00
3070.20
3070.20
130.61
130.61
5586.11
5586.11
866.21
866.21
589.69
589.69
4151.57
4151.57
38.04
38.04
4722.17
4722.17
807.39
807.39
5199.87
5199.87
38.64
38.64
2176.09
2176.09
120.11
120.11
5764.76
5764.76
390.03
390.03
3085.94
3085.94
5151.34
5151.34
818.71
818.71
5918.37
5918.37
5918.37
5918.37
866.09
866.09
77.07
77.07
25.95
25.95
221.20
221.20
12.63
12.63
4237.32
4237.32
215.81
215.81
836.37
836.37
2112.59
2112.59
3947.32
3947.32
204.59
204.59
3699.93
3699.93
2803.07
2803.07
3437.27
3437.27
4222.32
4222.32
5527.65
5527.65
3188.11
3188.11
6281.27
6281.27
2000.62
2000.62
2316.04
2316.04
26.82
26.82
901.28
901.28
900.93
900.93
900.93
450.62
52.74
52.74
50.68
50.68
831.65
831.65
2433.47
2433.47
336.90
336.90
1116.61
1116.61
111.27
111.27
111.27
1178.85
1178.85
2254.68
2254.68
1346.14
1346.14
18.44
18.44
1785.45
1785.45
18.49
18.49
89.48
89.48
14.98
14.98
5866.58
5866.58
12.85
12.85
2872.79
2872.79
12.62
12.62
857.90
857.90
533.94
533.94
3709.38
3709.38
6117.19
6117.19
25.24
25.24
4750.28
4750.28
1128.44
1128.44
2191.17
2191.17
781.72
781.72
6049.88
6049.88
26.49
26.49
13.30
13.30
6020.75
6020.75
355.57
355.57
801.17
801.17
182.69
182.69
438.31
438.31
372.00
372.00
18.32
18.32
28.65
28.65
1258.39
1258.39
2568.51
2568.51
4229.88
4229.88
175.62
175.62
1294.16
1294.16
4692.00
4692.00
836.99
836.99
75.68
75.68
66.83
66.83
185.06
185.06
1066.90
1066.90
64.31
64.31
75.40
75.40
12.72
12.72
13.48
13.48
25.80
25.80
104.65
104.65
48.39
48.39
778.60
778.60
258.22
258.22
373.16
373.16
116.14
116.14
4310.78
4310.78
2661.50
2661.50
5548.81
5548.81
87.93
87.93
825.77
825.77
70.97
70.97
5562.08
5562.08
3868.39
3868.39
843.06
843.06
1281.40
1281.40
472.10
472.10
961.23
961.23
4780.86
4780.86
5604.85
5604.85
255.59
255.59
314.41
314.41
196.85
196.85
1934.94
1934.94
3789.57
3789.57
13.97
13.97
5325.50
5325.50
17.18
17.18
5257.99
5257.99
3086.37
3086.37
33.93
33.93
3745.03
3745.03
3132.12
3132.12
144.10
144.10
52.12
52.12
4156.99
4156.99
54.19
54.19
5232.38
5232.38
5923.91
5923.91
4243.81
4243.81
18.54
18.54
2883.84
2883.84
1472.14
1472.14
5625.74
5625.74
765.85
765.85
894.18
894.18
123.84
123.84
393.38
393.38
870.95
870.95
97.36
97.36
877.98
877.98
5289.54
5289.54
3936.56
3936.56
163.56
163.56
1004.92
1004.92
826.85
826.85
3106.64
3106.64
3106.64
3106.64
3116.83
3116.83
3116.83
3116.83
12.14
12.14
2224.72
2224.72
4815.08
4815.08
4821.80
4821.80
1450.38
1450.38
156.32
156.32
1541.72
1541.72
41.28
41.28
6001.24
6001.24
4465.85
4465.85
13.87
13.87
5730.28
5730.28
40.31
40.31
641.35
641.35
848.90
848.90
5921.55
5921.55
5921.55
5921.55
871.72
871.72
2415.05
2415.05
830.79
830.79
1680.84
1680.84
2971.63
2971.63
2971.63
2971.63
2971.63
2971.63
3016.35
3016.35
6021.15
6021.15
801.97
801.97
5414.31
5414.31
5414.31
5414.31
5750.77
5750.77
1124.36
1124.36
2919.56
2919.56
3867.08
3867.08
1117.79
1117.79
2969.45
2969.45
13.96
13.96
1113.50
1113.50
3170.59
3170.59
5821.80
5821.80
5821.80
5821.80
5821.80
5821.80
5821.80
5821.80
5821.80
5821.80
6261.76
6261.76
2209.99
2209.99
5728.51
5728.51
2060.08
2060.08
4422.83
4422.83
5130.16
5130.16
1171.51
1171.51
1990.35
1990.35
1661.88
1661.88
10.00
10.00
779.50
779.50
6148.87
6148.87
4806.69
4806.69
66.60
66.60
5648.02
5648.02
5741.43
5741.43
5741.43
5741.43
5479.68
5479.68
5960.26
5960.26
2279.11
2279.11
6044.12
6044.12
472.58
472.58
6042.78
6042.78
5175.00
5175.00
5489.91
5489.91
5411.28
5411.28
787.38
787.38
4536.89
4536.89
3033.12
3033.12
4749.24
4749.24
6158.55
6158.55
6172.11
6172.11
130.95
130.95
3613.84
3613.84
994.77
994.77
6109.78
6109.78
3750.17
3750.17
2095.62
2095.62
1396.65
1396.65
4539.39
4539.39
5220.31
5220.31
1190.97
1190.97
3784.19
3784.19
4672.74
4672.74
4215.50
4215.50
1725.75
1725.75
4429.33
4429.33
1621.43
1621.43
5286.03
5286.03
6121.49
6121.49
903.34
903.34
1751.30
1751.30
4071.36
4071.36
5550.88
5550.88
2288.89
2288.89
5478.21
5478.21
2175.62
2175.62
2294.39
2294.39
2584.37
2584.37
5795.57
5795.57
2823.17
2823.17
5443.74
5443.74
868.89
868.89
69.61
69.61
13.09
13.09
6187.52
6187.52
3019.01
3019.01
895.72
895.72
6176.53
6176.53
2300.46
2300.46
1662.00
1662.00
56.34
56.34
3510.78
3510.78
37.65
37.65
2608.00
2608.00
2217.51
2217.51
798.08
798.08
1266.47
1266.47
69.89
69.89
5889.13
5889.13
13.78
13.78
55.31
55.31
1026.40
1026.40
6027.93
6027.93
18.88
18.88
815.58
815.58
813.62
813.62
53.68
53.68
944.67
944.67
113.75
113.75
72.78
72.78
842.82
842.82
63.25
63.25
454.75
454.75
238.25
238.25
57.34
57.34
1690.02
1690.02
3740.41
3740.41
42.35
42.35
2553.72
2553.72
2553.72
2553.72
15.28
15.28
1040.73
1040.73
848.30
848.30
2191.04
2191.04
816.70
816.70
3840.66
3840.66
238.57
238.57
833.10
833.10
1283.14
1283.14
795.97
795.97
165.63
165.63
312.81
312.81
2179.50
2179.50
4561.29
4561.29
878.03
878.03
204.09
204.09
1765.13
1765.13
4332.65
4332.65
1403.85
1403.85
5545.52
5545.52
5021.85
5021.85
1896.31
1896.31
4587.03
4587.03
5896.40
5896.40
5896.40
5896.40
5896.40
5896.40
5896.40
5896.40
5896.40
5896.40
5896.40
5896.40
5638.42
5638.42
3251.32
3251.32
455.99
455.99
2823.11
2823.11
909.00
909.00
909.00
909.00
883.14
883.14
4192.57
4192.57
1782.35
1782.35
868.12
868.12
1078.09
1078.09
3114.84
3114.84
213.13
213.13
2737.65
2737.65
5829.46
5829.46
3863.13
3863.13
38.04
38.04
1322.13
1322.13
2580.52
2580.52
260.93
260.93
1668.82
1668.82
836.03
836.03
4656.18
4656.18
4590.79
4590.79
4840.34
4840.34
1919.36
1919.36
16.67
16.67
2606.86
2606.86
776.85
776.85
37.35
37.35
1200.59
1200.59
54.47
54.47
12.58
12.58
26.81
26.81
1855.08
1855.08
2624.69
2624.69
3672.26
3672.26
5273.78
5273.78
5187.76
5187.76
1788.79
1788.79
851.84
851.84
939.07
939.07
224.04
224.04
4792.80
4792.80
6073.73
6073.73
894.02
894.02
4181.94
4181.94
3561.42
3561.42
13.17
13.17
4420.97
4420.97
14.66
14.66
5247.04
5247.04
2977.22
2977.22
215.65
215.65
142.09
142.09
1020.18
1020.18
4215.17
4215.17
18.86
18.86
35.60
35.60
5068.07
5068.07
2467.37
2467.37
5938.58
5938.58
4983.22
4983.22
12.80
12.80
890.88
890.88
2158.54
2158.54
950.03
950.03
4400.17
4400.17
6525.72
6525.72
28.71
28.71
4026.47
4026.47
866.51
866.51
2821.93
2821.93
2671.84
2671.84
861.75
861.75
2666.80
2666.80
2666.80
2666.80
5027.08
5027.08
424.86
424.86
3882.93
3882.93
5892.64
5892.64
4391.46
4391.46
5858.00
5858.00
836.82
836.82
785.65
785.65
4232.41
4232.41
3130.95
3130.95
1571.98
1571.98
3973.41
3973.41
4395.04
4395.04
5937.32
5937.32
5537.46
5537.46
5896.86
5896.86
5589.16
5589.16
88.79
88.79
5990.89
5990.89
5607.13
5607.13
5904.62
5904.62
17.47
17.47
5690.70
5690.70
1094.11
1094.11
5528.26
5528.26
4342.58
4342.58
334.41
334.41
4505.17
4505.17
961.11
961.11
186.60
186.60
806.98
806.98
12.59
12.59
5348.39
5348.39
6227.85
6227.85
17.24
17.24
869.94
869.94
28.72
28.72
6073.09
6073.09
5634.56
5634.56
139.39
139.39
3476.83
3476.83
1555.66
1555.66
5043.87
5043.87
1307.50
1307.50
44.45
44.45
5939.83
5939.83
3892.19
3892.19
830.06
830.06
6023.17
6023.17
4627.64
4627.64
6342.05
6342.05
2308.63
2308.63
5758.92
5758.92
2493.29
2493.29
6098.53
6098.53
5682.53
5682.53
939.19
939.19
2280.29
2280.29
5740.94
5740.94
5944.24
5944.24
5109.20
5109.20
14.73
14.73
3895.41
3895.41
101.22
101.22
3437.64
3437.64
6172.61
6172.61
2920.96
2920.96
5597.10
5597.10
4068.81
4068.81
52.49
52.49
86.88
86.88
5470.00
5470.00
28.58
28.58
2689.61
2689.61
1707.32
1707.32
5937.69
5937.69
4390.55
4390.55
72.68
72.68
851.52
851.52
114.29
114.29
153.05
153.05
4713.52
4713.52
4563.69
4563.69
829.29
829.29
70.76
70.76
6346.77
6346.77
1878.49
1878.49
12.56
12.56
77.90
77.90
281.65
281.65
843.56
843.56
29.47
29.47
2727.47
2727.47
1870.89
1870.89
4370.11
4370.11
4370.11
4370.11
505.07
505.07
630.45
630.45
12.89
12.89
5778.20
5778.20
1257.85
1257.85
2641.39
2641.39
1587.64
1587.64
14.05
14.05
60.15
60.15
18.82
18.82
2907.42
2907.42
861.00
861.00
150.63
150.63
5565.59
5565.59
4746.78
4746.78
5834.63
5834.63
896.67
896.67
54.51
54.51
121.53
121.53
417.20
417.20
2267.69
2267.69
224.09
224.09
2105.08
2105.08
838.91
838.91
2166.76
2166.76
2166.76
2166.76
5170.32
5170.32
908.00
908.00
869.06
869.06
3411.72
3411.72
1947.87
1947.87
177.46
177.46
3106.56
3106.56
882.39
882.39
4084.57
4084.57
13.66
13.66
3263.53
3263.53
4119.77
4119.77
578.27
578.27
53.94
53.94
16.42
16.42
5417.66
5417.66
860.75
860.75
1976.15
1976.15
10.00
10.00
10.00
40.94
40.94
21.73
21.73
405.47
405.47
1332.48
5593.68
5593.68
5593.68
1048.06
1048.06
188.22
188.22
25.67
25.67
12.82
12.82
1299.53
1299.53
1045.05
1045.05
764.36
764.36
1291.14
1291.14
1813.67
1813.67
5087.36
5087.36
1199.49
1199.49
3893.88
3893.88
364.82
364.82
5380.98
5380.98
1048.62
1048.62
1832.47
1832.47
2450.53
2450.53
115.23
115.23
5605.92
5605.92
5605.92
5605.92
5605.92
5605.92
5605.92
5605.92
5605.92
5605.92
5605.92
5605.92
5605.92
5605.92
5605.92
5605.92
25.51
25.51
505.86
505.86
913.54
913.54
1143.61
1143.61
1113.82
1113.82
16.82
16.82
1286.72
1286.72
1286.72
1286.72
1286.72
1490.54
1490.54
1490.54
1217.86
1217.86
881.06
881.06
2446.31
2446.31
2435.92
2435.92
744.42
744.42
1935.99
1935.99
28.96
28.96
1468.05
1468.05
14.73
14.73
1969.13
1969.13
2962.06
4260.33
4260.33
4260.33
1042.27
1042.27
441.21
441.21
16.21
16.21
4086.68
4086.68
2109.88
2109.88
1517.32
1517.32
1063.10
1063.10
4249.54
4249.54
238.71
238.71
5900.53
5900.53
3730.24
893.57
893.57
893.57
242.73
242.73
5255.00
5255.00
909.63
909.63
5697.80
5697.80
5351.04
5351.04
5684.51
5684.51
5525.20
5525.20
4764.33
4764.33
3514.43
3514.43
6293.55
6293.55
2672.59
1230.29
1230.29
1230.29
4917.44
4917.44
454.96
454.96
3698.58
3698.58
5753.51
5753.51
846.66
846.66
65.83
65.83
6338.44
6338.44
4104.82
4104.82
1972.49
1972.49
27.24
27.24
18.65
18.65
830.42
830.42
1116.27
1116.27
3209.60
3209.60
51.51
51.51
4212.50
4212.50
1197.71
1197.71
67.50
67.50
5700.51
5700.51
5477.95
5477.95
3816.47
3816.47
785.31
785.31
12.30
12.30
824.19
824.19
1839.29
1839.29
1233.39
1233.39
17.56
17.56
2178.02
2178.02
870.50
870.50
3788.99
3788.99
1196.10
1196.10
3602.25
3602.25
12.70
12.70
1128.83
1128.83
132.19
132.19
829.87
829.87
51.21
51.21
2321.78
2321.78
2358.37
2358.37
2371.86
2371.86
2371.86
2371.86
29.44
29.44
5187.63
5187.63
3863.90
3863.90
463.67
463.67
823.78
823.78
4252.84
4252.84
5861.56
5861.56
5578.31
5578.31
6125.68
6125.68
4994.18
4994.18
3113.47
3113.47
3341.57
3341.57
2870.03
2870.03
4960.61
4960.61
2926.93
2926.93
5667.90
5667.90
822.05
822.05
5115.17
5115.17
903.23
903.23
4039.37
4039.37
1862.55
1862.55
17.10
17.10
4836.66
4836.66
4090.36
4090.36
3859.49
3859.49
5282.02
5282.02
937.61
937.61
53.45
53.45
6145.48
6145.48
3831.82
3831.82
1142.03
1142.03
4026.09
4026.09
78.48
78.48
5876.01
5876.01
5948.79
5948.79
852.90
852.90
3337.42
3337.42
870.55
870.55
469.19
469.19
5642.79
5642.79
4336.57
4336.57
65.96
65.96
4917.40
4917.40
30.51
30.51
2159.70
2159.70
2923.42
2923.42
3345.66
3345.66
485.73
485.73
2819.98
2819.98
4412.30
4412.30
1764.42
1764.42
1014.64
1014.64
4599.79
4599.79
3623.63
3623.63
859.36
859.36
13.01
13.01
2334.83
2334.83
1855.34
1855.34
4090.80
4090.80
2189.19
2189.19
5968.83
5968.83
891.44
891.44
5364.07
5364.07
6023.81
6023.81
4411.90
4411.90
5232.34
5232.34
887.64
887.64
39.77
39.77
5612.60
5612.60
6152.56
6152.56
5749.96
5749.96
4787.13
4787.13
4210.98
4210.98
3024.35
3024.35
2298.34
2298.34
568.80
568.80
457.84
457.84
312.53
312.53
811.06
811.06
103.86
103.86
78.44
78.44
54.97
54.97
69.50
69.50
23.21
23.21
2160.96
2160.96
869.20
869.20
13.06
13.06
2863.16
2863.16
3029.76
3029.76
4847.48
4847.48
5505.88
5505.88
2905.47
2905.47
13.16
13.16
1634.66
1634.66
2759.52
2759.52
867.69
867.69
4134.33
4134.33
851.83
851.83
4560.80
4560.80
2775.30
2775.30
5500.37
5500.37
4149.27
4149.27
5969.61
5969.61
5221.76
5221.76
4001.24
4001.24
65.49
65.49
18.88
18.88
56.10
56.10
112.45
112.45
27.53
27.53
13.39
13.39
907.75
907.75
1002.18
1002.18
13.57
13.57
40.14
40.14
2477.35
2477.35
141.11
141.11
5791.72
5791.72
14.81
14.81
37.10
37.10
13.10
13.10
841.36
841.36
2265.89
2265.89
2265.89
2265.89
2516.60
2516.60
6243.49
6243.49
4858.67
4858.67
83.46
83.46
2692.92
2692.92
5424.61
5424.61
5771.11
5771.11
872.14
872.14
5731.52
5731.52
6014.85
6014.85
5653.98
5653.98
5220.69
5220.69
849.66
849.66
6342.17
6342.17
6342.17
6342.17
6342.17
6342.17
6342.17
6342.17
5881.18
5881.18
5236.84
5236.84
4785.80
4785.80
878.58
878.58
3134.75
3134.75
3134.75
3134.75
3134.75
3134.75
6404.00
6404.00
5865.96
5865.96
5799.15
5799.15
5624.73
5624.73
6347.12
6347.12
6347.12
6347.12
6347.12
6347.12
2488.25
2488.25
1069.90
1069.90
848.27
848.27
5684.93
5684.93
6065.01
6065.01
5867.71
5867.71
5875.75
5875.75
4125.09
4125.09
2121.86
2121.86
6382.71
6382.71
5163.74
5163.74
5731.19
5731.19
1569.53
1569.53
3437.14
3437.14
5621.14
5621.14
5621.14
5621.14
5621.14
5621.14
5621.14
5621.14
4641.38
4641.38
4641.38
4641.38
5337.83
5337.83
5337.83
5337.83
1258.92
1258.92
6046.79
6046.79
1696.93
1696.93
4316.43
4316.43
6274.21
6274.21
3480.02
3480.02
5807.63
5807.63
6322.84
6322.84
6322.84
6322.84
6322.84
6322.84
5480.47
5480.47
5945.67
5945.67
5945.67
5945.67
5945.67
5945.67
5945.67
5945.67
5945.67
5945.67
4027.82
4027.82
6400.02
6400.02
1678.47
1678.47
4197.00
