# 1Hz Kbps trace generated by import_real_world_traces.py
1101.69
360.11
1836.09
84.71
2673.79
2673.79
3732.47
3732.47
4995.41
4995.41
4335.70
4335.70
5606.97
5606.97
6497.43
6497.43
5125.04
5125.04
3265.08
3265.08
659.62
659.62
6713.52
6713.52
1860.92
1860.92
3033.55
3033.55
6800.55
6800.55
5290.05
5290.05
2043.39
2043.39
4367.59
4367.59
4662.43
4662.43
4450.47
4450.47
1425.98
1425.98
2570.55
2570.55
1292.45
1292.45
711.99
711.99
123.19
123.19
118.40
118.40
13.94
13.94
1260.73
1260.73
685.54
685.54
20.27
20.27
6376.05
6376.05
1937.85
1937.85
57.41
57.41
738.50
738.50
3044.15
3044.15
7033.04
7033.04
2849.26
2849.26
34.73
34.73
13.78
13.78
5686.12
5686.12
6946.33
6946.33
6946.33
6946.33
6946.33
6946.33
6946.33
6946.33
6946.33
6946.33
544.03
544.03
2902.86
2902.86
2177.65
2177.65
2857.84
2857.84
2990.03
2990.03
601.21
601.21
3165.54
3165.54
2769.69
2769.69
1140.94
1140.94
3343.82
3343.82
1098.42
1098.42
3011.36
3011.36
707.48
707.48
3236.07
3236.07
670.32
670.32
1913.56
1913.56
67.06
67.06
765.74
765.74
5844.52
5844.52
720.19
720.19
684.50
684.50
6198.61
6198.61
6066.37
6066.37
7647.89
7647.89
9175.73
9175.73
1350.33
1350.33
728.95
728.95
1280.80
1280.80
4347.05
4347.05
141.84
141.84
964.04
964.04
6058.28
6058.28
7912.08
7912.08
5087.54
5087.54
6799.99
6799.99
32.25
32.25
707.18
707.18
23.94
23.94
3086.98
3086.98
3206.48
3206.48
5044.27
5044.27
168.03
168.03
3465.83
3465.83
2353.69
2353.69
28.20
28.20
706.18
706.18
105.85
105.85
6344.92
6344.92
4262.52
4262.52
5525.95
5525.95
4322.62
4322.62
6892.90
6892.90
6892.90
6892.90
3901.74
3901.74
3901.74
3901.74
615.69
615.69
3183.19
3183.19
7184.78
7184.78
7184.78
7184.78
5945.59
5945.59
6048.72
6048.72
2900.15
2900.15
563.69
563.69
1466.20
1466.20
1215.50
1215.50
105.16
105.16
2794.27
2794.27
2205.75
2205.75
3447.92
3447.92
2382.98
2382.98
46.77
46.77
32.11
32.11
8244.33
8244.33
10.39
10.39
2452.15
2452.15
71.01
71.01
687.89
687.89
7132.74
7132.74
1169.46
1169.46
11.20
11.20
59.04
59.04
7228.87
7228.87
6669.84
6669.84
1284.82
1284.82
2073.03
2073.03
682.19
682.19
6407.84
6407.84
5350.19
5350.19
10.92
10.92
56.11
56.11
263.38
263.38
660.91
660.91
5877.84
5877.84
8769.09
8769.09
2408.91
2408.91
23.18
23.18
6726.12
6726.12
10.00
10.00
1478.34
1478.34
131.05
131.05
10.67
10.67
231.54
231.54
206.26
206.26
683.32
683.32
10.07
10.07
698.11
698.11
122.29
122.29
236.24
236.24
18.62
18.62
646.52
646.52
1930.13
1930.13
4216.81
4216.81
1251.87
1251.87
3170.70
3170.70
21.70
21.70
600.83
600.83
8156.14
8156.14
6476.60
6476.60
11.00
11.00
8218.44
8218.44
641.11
641.11
8217.81
8217.81
1070.89
1070.89
7652.09
7652.09
6837.38
6837.38
1136.63
1136.63
682.27
682.27
6815.81
6815.81
6039.62
6039.62
6431.57
6431.57
4271.39
4271.39
4429.79
4429.79
7622.50
7622.50
1925.10
1925.10
7860.26
7860.26
499.99
499.99
2141.98
2141.98
3449.45
3449.45
4899.19
4899.19
5522.00
5522.00
6698.85
6698.85
7433.33
7433.33
5996.90
5996.90
5996.90
5996.90
630.61
630.61
369.01
369.01
3077.99
3077.99
3428.36
3428.36
1923.74
1923.74
3762.91
3762.91
10.93
10.93
6856.36
6856.36
2555.41
2555.41
993.61
993.61
2696.56
2696.56
7834.40
7834.40
3650.97
3650.97
6412.28
6412.28
604.35
604.35
4748.42
4748.42
942.37
942.37
2036.35
2036.35
18.29
18.29
8473.77
8473.77
7031.92
7031.92
4405.59
4405.59
338.93
338.93
4546.43
4546.43
7116.74
7116.74
6826.23
6826.23
6826.23
6826.23
31.84
31.84
2674.80
2674.80
874.54
874.54
4718.50
4718.50
1101.90
1101.90
10.79
10.79
526.19
526.19
1684.10
1684.10
7120.93
7120.93
3028.81
3028.81
13.93
13.93
6749.31
6749.31
1800.42
1800.42
7278.99
7278.99
10.70
10.70
1599.80
1599.80
7452.01
7452.01
7924.09
7924.09
6929.69
6929.69
20.77
20.77
7672.93
7672.93
7672.93
7672.93
29.71
29.71
6682.55
6682.55
10.92
10.92
707.20
707.20
4355.44
4355.44
1879.03
1879.03
2028.82
2028.82
28.24
28.24
3832.24
3832.24
1456.32
1456.32
47.03
47.03
10.00
10.00
18.70
18.70
3126.49
3126.49
30.24
30.24
487.50
487.50
2784.31
2784.31
10.00
10.00
10.00
398.40
340.51
340.51
582.88
582.88
823.83
823.83
843.27
843.27
1239.23
1239.23
690.93
690.93
1925.79
1925.79
2228.78
2228.78
1152.19
1152.19
3517.04
3517.04
197.17
197.17
979.67
979.67
988.96
988.96
4510.99
4510.99
3332.43
3332.43
2727.75
2727.75
12.16
12.16
4863.37
4863.37
4824.92
4824.92
4759.54
4759.54
716.79
716.79
4271.89
4271.89
318.08
318.08
22.69
22.69
4903.13
4903.13
553.39
553.39
2484.07
2484.07
2084.64
2084.64
2084.64
2084.64
2084.64
2084.64
5242.19
5242.19
5287.26
5287.26
3891.97
3891.97
3891.97
3891.97
5556.11
5556.11
4133.04
4133.04
4133.04
4133.04
4133.04
4133.04
4133.04
4133.04
19.42
19.42
4438.39
4438.39
5252.97
5252.97
4863.67
4863.67
1039.61
1039.61
3612.38
3612.38
3612.38
3612.38
3612.38
3612.38
3612.38
3612.38
3612.38
3612.38
3612.38
3612.38
3612.38
3612.38
3612.38
3612.38
5688.11
5688.11
5365.41
5365.41
685.58
685.58
135.71
135.71
717.10
717.10
42.89
42.89
1413.66
1413.66
1740.80
1740.80
2671.91
2671.91
2037.48
2037.48
5234.76
5234.76
1266.98
1266.98
4416.65
4416.65
4416.65
4416.65
4416.65
4416.65
2594.12
2594.12
672.66
672.66
111.22
111.22
2394.29
2394.29
3876.12
3876.12
5858.39
5858.39
5858.39
5858.39
5858.39
5858.39
5858.39
5858.39
5858.39
5858.39
22.23
22.23
1254.89
1254.89
2457.58
2457.58
6740.78
6740.78
808.95
808.95
2447.50
2447.50
5172.93
5172.93
6551.25
6551.25
6551.25
6551.25
6054.16
6054.16
6430.94
6430.94
12.41
12.41
4628.60
4628.60
4628.60
4628.60
4628.60
4628.60
1107.19
1107.19
8193.37
8193.37
21.76
21.76
5588.35
5588.35
456.57
456.57
7361.76
7361.76
425.45
425.45
425.45
2672.82
2672.82
1500.62
1500.62
62.46
62.46
8169.53
8169.53
81.54
81.54
3955.29
3955.29
2213.18
2213.18
2370.39
2370.39
1761.49
1761.49
211.67
211.67
14.45
14.45
96.90
96.90
4015.84
4015.84
12.15
12.15
3554.05
3554.05
676.72
676.72
3478.34
3478.34
6040.27
6040.27
4864.34
4864.34
475.80
475.80
6779.79
6779.79
977.00
977.00
5650.51
5650.51
64.52
64.52
3268.20
3268.20
7123.20
7123.20
7559.91
7559.91
1848.59
1848.59
61.14
61.14
729.50
729.50
2969.77
2969.77
2401.07
2401.07
1520.90
1520.90
7240.70
7240.70
3170.22
3170.22
3585.40
3585.40
6698.28
6698.28
6659.39
6659.39
7862.86
7862.86
1301.90
1301.90
151.75
151.75
71.03
71.03
2338.08
2338.08
74.29
74.29
84.57
84.57
66.89
66.89
7216.32
7216.32
7994.27
7994.27
954.30
954.30
10.94
10.94
177.48
177.48
417.87
417.87
10.75
10.75
568.72
568.72
3746.83
3746.83
26.43
26.43
1412.99
1412.99
4456.04
4456.04
2985.46
2985.46
30.61
30.61
4097.88
4097.88
2019.75
2019.75
1678.54
1678.54
5644.46
5644.46
3673.42
3673.42
6025.50
6025.50
6025.50
6025.50
1766.49
1766.49
6409.57
6409.57
3196.26
3196.26
588.10
588.10
4460.33
4460.33
3487.29
3487.29
4756.38
4756.38
7700.60
7700.60
3653.11
3653.11
934.00
934.00
7595.33
7595.33
5452.11
5452.11
2978.19
2978.19
4728.65
4728.65
10.00
10.00
1881.51
1881.51
6656.81
6656.81
4324.51
4324.51
310.52
310.52
931.55
931.55
386.77
386.77
5845.11
5845.11
2954.28
2954.28
5841.73
5841.73
8121.52
8121.52
8121.52
8121.52
10.67
10.67
2319.48
2319.48
4159.72
4159.72
1643.58
1643.58
4651.28
4651.28
10.71
10.71
1693.48
1693.48
1700.57
1700.57
1961.98
1961.98
2822.01
2822.01
7976.14
7976.14
3700.46
3700.46
8017.69
8017.69
6785.39
6785.39
7099.89
7099.89
695.56
695.56
5649.58
5649.58
46.26
46.26
10.85
10.85
7568.34
7568.34
722.00
722.00
10.57
10.57
6418.28
6418.28
9281.51
9281.51
8965.29
8965.29
3420.61
3420.61
2820.36
2820.36
10.32
10.32
518.38
518.38
246.29
246.29
6371.80
6371.80
5863.11
5863.11
1458.40
1458.40
7387.26
7387.26
8137.11
8137.11
5083.35
5083.35
3944.61
3944.61
6737.67
6737.67
7330.56
7330.56
598.25
598.25
3916.20
3916.20
14.14
14.14
1635.98
1635.98
7797.22
7797.22
1008.87
1008.87
3942.85
3942.85
3942.85
3942.85
7829.64
7829.64
8072.17
8072.17
8072.17
8072.17
8072.17
8072.17
6983.28
6983.28
8220.14
8220.14
8220.14
8220.14
8328.76
8328.76
8328.76
8328.76
8328.76
8328.76
8328.76
8328.76
8328.76
8328.76
8116.02
8116.02
8116.02
8116.02
8116.02
8116.02
8116.02
8116.02
8116.02
8116.02
8116.02
8116.02
8116.02
8116.02
8116.02
8116.02
8452.94
8452.94
699.34
699.34
1024.14
1024.14
3558.99
3558.99
8133.21
8133.21
8133.21
8133.21
8133.21
8133.21
8133.21
8133.21
8133.21
8133.21
6828.29
6828.29
786.06
786.06
7284.63
7284.63
7472.51
7472.51
699.63
699.63
8071.03
8071.03
7926.03
7926.03
8695.05
8695.05
30.90
30.90
663.06
663.06
8260.55
8260.55
8260.55
8260.55
8260.55
8260.55
8260.55
8260.55
8260.55
8260.55
8572.35
8572.35
8572.35
8572.35
8572.35
8572.35
8572.35
8572.35
8572.35
8572.35
8572.35
8572.35
598.82
598.82
56.03
56.03
56.03
485.03
485.03
558.99
864.34
864.34
328.22
328.22
17.77
17.77
1226.77
1226.77
817.02
817.02
1410.43
1410.43
1695.81
1695.81
1820.99
1820.99
2026.09
2026.09
1644.34
1644.34
2377.13
2377.13
1643.13
1643.13
10.00
10.00
79.79
79.79
48.71
48.71
5637.05
5637.05
2156.93
2156.93
148.09
148.09
1231.36
1231.36
5825.68
5825.68
1052.76
1052.76
703.22
703.22
1881.73
1881.73
592.04
592.04
6543.27
6543.27
5955.83
5955.83
5924.84
5924.84
6525.36
6525.36
5598.43
5598.43
5598.43
5598.43
1678.01
1678.01
3127.78
3127.78
693.84
693.84
7582.50
7582.50
7582.50
7582.50
1119.23
1119.23
2962.20
2962.20
2962.20
2962.20
3297.37
3297.37
3297.37
3297.37
3297.37
3297.37
3297.37
3297.37
45.23
45.23
7822.97
7822.97
6308.69
6308.69
659.30
659.30
2775.24
2775.24
2775.24
2775.24
2775.24
2775.24
5833.16
5833.16
1614.96
1614.96
10.66
10.66
59.76
59.76
8377.29
8377.29
8922.68
8922.68
8922.68
8922.68
465.36
465.36
10.67
10.67
7909.01
7909.01
5485.13
5485.13
7256.93
7256.93
955.65
955.65
996.00
996.00
1341.04
1341.04
2527.13
2527.13
7466.87
7466.87
53.91
53.91
6780.27
6780.27
6728.93
6728.93
6728.93
6728.93
6728.93
6728.93
6728.93
6728.93
6772.84
6772.84
4808.81
4808.81
7688.34
7688.34
7688.34
7688.34
7688.34
7688.34
7688.34
7688.34
7688.34
7688.34
5867.05
5867.05
4138.06
4138.06
2202.75
2202.75
6569.42
6569.42
6569.42
6569.42
6569.42
6569.42
7223.52
7223.52
7223.52
7223.52
7223.52
7223.52
6817.46
6817.46
6817.46
6817.46
6508.79
6508.79
248.39
248.39
3014.95
3014.95
6614.33
6614.33
6614.33
6614.33
6614.33
6614.33
609.20
609.20
3552.47
3552.47
6530.17
6530.17
3893.01
3893.01
2618.21
2618.21
4176.41
4176.41
3145.84
3145.84
2418.17
2418.17
676.45
676.45
10.00
10.00
14.38
14.38
6935.72
6935.72
5961.22
5961.22
13.28
13.28
3372.40
3372.40
11.26
11.26
78.22
78.22
1565.78
1565.78
427.47
427.47
5251.47
5251.47
2557.34
2557.34
6452.99
6452.99
1380.65
1380.65
5311.32
5311.32
1705.56
1705.56
2564.70
2564.70
2188.89
2188.89
5020.88
5020.88
4707.58
4707.58
707.92
707.92
45.89
45.89
9036.64
9036.64
1586.69
1586.69
257.26
257.26
684.50
684.50
3890.52
3890.52
2789.49
2789.49
7746.67
7746.67
6696.44
6696.44
758.54
758.54
3422.37
3422.37
26.69
26.69
43.53
43.53
890.34
890.34
1445.15
1445.15
590.32
590.32
4827.85
4827.85
2751.57
2751.57
46.44
46.44
4703.62
4703.62
686.33
686.33
702.06
702.06
6871.43
6871.43
323.76
323.76
980.35
980.35
980.35
980.35
152.11
152.11
152.11
12.97
12.97
11.11
120.15
120.15
2454.04
4482.97
4482.97
6815.38
6815.38
6705.77
6705.77
7120.50
7120.50
8709.24
8709.24
1499.13
1499.13
8950.57
8950.57
8950.57
8950.57
4972.24
4972.24
3661.83
3661.83
1231.66
1231.66
736.41
736.41
2491.70
2491.70
5782.70
5782.70
8424.80
8424.80
8424.80
8424.80
3415.14
3415.14
2126.34
2126.34
46.70
46.70
4552.56
4552.56
104.82
104.82
521.19
521.19
605.09
605.09
2339.73
2339.73
1747.67
1747.67
396.32
396.32
480.42
480.42
4175.09
4175.09
7436.52
7436.52
2591.66
2591.66
1153.48
1153.48
2936.16
2936.16
6436.91
6436.91
7447.38
7447.38
6632.69
6632.69
1639.87
1639.87
6363.69
6363.69
6753.55
6753.55
7777.84
7777.84
7913.08
7913.08
1337.32
1337.32
693.29
693.29
5156.11
5156.11
7610.95
7610.95
7437.01
7437.01
1504.65
1504.65
6788.26
6788.26
7419.36
7419.36
7725.15
7725.15
7967.68
7967.68
11.09
11.09
4533.09
4533.09
7020.18
7020.18
962.59
962.59
3890.66
3890.66
10.63
10.63
6852.05
6852.05
49.91
49.91
5915.29
5915.29
7475.29
7475.29
41.20
41.20
5267.18
5267.18
88.13
88.13
3331.51
3331.51
7758.16
7758.16
782.61
782.61
4974.27
4974.27
4974.27
4974.27
4974.27
4974.27
4974.27
4974.27
4974.27
4974.27
4974.27
4974.27
4974.27
4974.27
8390.85
8390.85
8390.85
8390.85
8390.85
8390.85
7900.93
7900.93
8357.05
8357.05
5419.31
5419.31
2806.68
2806.68
434.13
434.13
7969.71
7969.71
7779.60
7779.60
1888.71
1888.71
8163.29
8163.29
7725.15
7725.15
25.48
25.48
7689.13
7689.13
7689.13
7689.13
7689.13
7689.13
7689.13
7689.13
7689.13
7689.13
717.59
717.59
3139.57
3139.57
3536.05
3536.05
1305.96
1305.96
1057.73
1057.73
1901.66
1901.66
1763.98
1763.98
2526.90
2526.90
10.00
10.00
2221.49
2221.49
2480.25
2480.25
2858.14
2858.14
3442.07
3442.07
2488.00
2488.00
670.71
670.71
5058.38
5058.38
5058.38
5058.38
5058.38
5058.38
5058.38
5058.38
4564.20
4564.20
4503.44
4503.44
4093.83
4093.83
4668.70
4668.70
4668.70
4668.70
4668.70
4668.70
4668.70
4668.70
707.45
707.45
1749.74
1749.74
1749.74
1749.74
1811.70
1811.70
15.34
15.34
2447.65
2447.65
2447.65
2447.65
2527.01
2527.01
16.21
16.21
5677.66
5677.66
5677.66
5677.66
5677.66
5677.66
1548.11
1548.11
5443.61
5443.61
6657.89
6657.89
15.56
15.56
6302.11
6302.11
1746.53
1746.53
7636.11
7636.11
424.21
424.21
6659.14
6659.14
7988.47
7988.47
10.98
10.98
245.75
245.75
12.25
12.25
6425.37
6425.37
772.66
772.66
1288.83
1288.83
3462.21
3462.21
3462.21
3462.21
3462.21
3462.21
3462.21
3462.21
3462.21
3462.21
3462.21
3462.21
3462.21
3462.21
3045.17
5802.99
3528.18
3528.18
1384.08
1384.08
1583.36
1583.36
3910.49
3910.49
10.81
10.81
1579.11
1579.11
1578.64
1578.64
5044.52
5044.52
983.34
983.34
2921.95
2921.95
1074.51
1074.51
1117.30
1117.30
5936.11
5936.11
4224.99
4224.99
7843.02
7843.02
8415.24
8415.24
1969.00
1969.00
3948.34
3948.34
35.68
35.68
6557.98
6557.98
2245.47
2245.47
1647.71
1647.71
1891.25
1891.25
11.28
11.28
52.94
52.94
3212.50
3212.50
1591.83
1591.83
7574.60
7574.60
1519.47
1519.47
3473.54
3473.54
231.20
231.20
71.88
71.88
27.32
27.32
124.97
124.97
124.97
1537.53
1537.53
6415.30
