# 1Hz Kbps trace generated by import_real_world_traces.py
86.51
86.51
189.18
181.38
584.61
584.61
166.57
399.88
955.14
955.14
475.96
463.69
479.17
479.17
479.17
326.87
326.87
326.87
236.24
236.24
236.24
236.24
236.24
235.79
235.79
235.79
235.79
307.12
307.12
65.10
65.10
65.10
88.98
88.98
88.98
210.66
210.66
127.56
127.56
36.39
36.39
221.94
145.00
145.00
424.09
195.03
466.45
466.45
466.45
20.59
20.59
20.59
20.59
20.59
20.59
20.59
171.72
171.72
171.72
171.72
223.78
131.38
48.41
48.41
178.42
178.42
204.63
552.79
106.02
106.02
106.02
506.35
506.35
506.35
348.10
279.71
279.71
180.57
180.57
320.51
320.51
336.76
514.56
514.56
320.24
713.34
671.24
671.24
381.18
833.37
833.37
833.37
392.30
392.30
225.60
225.60
225.60
225.60
159.26
159.26
159.26
159.26
49.63
456.86
456.86
108.47
108.47
300.24
300.24
62.17
62.17
62.17
767.35
1186.38
1186.38
165.46
165.46
480.32
