# 1Hz Kbps trace generated by import_real_world_traces.py
825.70
1295.51
2015.96
1563.61
2218.47
3348.87
3348.87
3319.46
3319.46
1220.32
1220.32
1390.71
1390.71
19.09
19.09
1618.35
1618.35
4034.55
4034.55
110.04
110.04
490.31
490.31
2906.86
2906.86
2362.94
2362.94
2696.82
2696.82
122.88
122.88
3341.56
3341.56
1573.43
1573.43
3619.45
3619.45
4183.99
4183.99
2723.99
2723.99
1947.92
1947.92
2546.90
2546.90
2546.90
2546.90
1388.64
1388.64
2339.66
2339.66
2749.80
2749.80
413.62
413.62
3470.06
3470.06
2986.22
2986.22
3862.12
3862.12
1773.36
1773.36
4109.41
4109.41
4109.41
4109.41
4109.41
4109.41
3951.53
3951.53
3835.91
3835.91
4036.19
4036.19
4520.15
4520.15
3289.15
3289.15
2631.70
2631.70
3869.01
3869.01
2752.39
2752.39
4088.12
4088.12
2719.37
2719.37
1860.48
1860.48
2192.79
2192.79
1541.59
1541.59
3898.36
3898.36
780.55
780.55
2386.21
2386.21
3900.16
3900.16
3667.13
3667.13
4245.79
4245.79
4153.72
4153.72
3668.81
3668.81
3398.04
3398.04
3933.87
3933.87
2232.16
2232.16
3342.47
3342.47
599.76
599.76
3640.50
3640.50
803.51
803.51
2785.64
2785.64
2482.48
2482.48
1951.02
1951.02
86.40
86.40
1422.69
1422.69
4184.07
4184.07
38.50
38.50
4230.98
4230.98
1944.68
1944.68
3269.66
3269.66
1283.07
1283.07
2500.27
2500.27
2423.48
2423.48
29.56
29.56
1006.75
1006.75
16.96
16.96
56.51
56.51
1532.39
1532.39
215.91
215.91
215.91
18.64
1854.51
1854.51
1658.74
1658.74
2814.74
2814.74
3471.52
3471.52
998.20
998.20
2640.91
2640.91
89.67
89.67
5037.57
5037.57
175.02
175.02
1984.25
1984.25
885.59
885.59
1371.57
1371.57
2601.74
2601.74
1764.36
1764.36
3753.25
3753.25
747.10
747.10
3231.55
3231.55
3753.42
3753.42
4654.01
4654.01
3637.80
3637.80
5425.43
5425.43
11.33
11.33
1367.04
1367.04
6044.25
6044.25
6044.25
6044.25
6044.25
6044.25
2349.82
2349.82
525.70
525.70
3638.95
3638.95
6717.48
6717.48
3641.45
3641.45
3123.85
3123.85
6380.64
6380.64
1977.54
1977.54
3099.77
3099.77
1425.74
1425.74
3414.92
3414.92
1887.24
1887.24
2741.52
2741.52
659.93
659.93
15.65
15.65
608.88
608.88
320.05
320.05
2574.79
2574.79
3117.90
3117.90
3315.15
3315.15
2468.97
2468.97
4547.36
4547.36
1435.96
1435.96
622.72
622.72
1452.97
1452.97
1314.17
1314.17
1662.32
1662.32
3399.28
3399.28
18.07
18.07
1581.03
1581.03
449.88
449.88
4973.23
4973.23
4344.94
4344.94
3467.18
3467.18
1138.12
1138.12
2206.24
2206.24
1156.95
1156.95
1139.38
1139.38
1000.62
1000.62
740.81
740.81
152.10
152.10
2695.85
2695.85
4561.04
4561.04
1614.52
1614.52
335.77
335.77
5001.80
5001.80
778.43
778.43
1679.91
1679.91
1329.75
1329.75
3656.22
3656.22
144.42
144.42
857.50
857.50
4228.53
4228.53
4859.03
4859.03
1299.52
1299.52
4247.87
4247.87
1493.38
1493.38
3746.30
3746.30
848.80
848.80
848.80
1574.96
125.26
125.26
125.26
1836.13
51.92
51.92
843.22
843.22
2883.02
2883.02
4908.58
4908.58
2148.51
2148.51
3364.49
3364.49
4979.34
4979.34
4104.29
4104.29
29.44
29.44
128.96
128.96
5044.78
5044.78
3018.21
3018.21
3865.82
3865.82
3299.90
3299.90
907.75
907.75
3962.27
3962.27
1914.18
1914.18
5249.96
5249.96
19.64
19.64
5430.57
5430.57
1226.63
1226.63
1715.09
1715.09
2824.16
2824.16
358.16
358.16
5966.68
5966.68
5966.68
4739.59
15.21
15.21
37.79
37.79
19.20
19.20
1366.23
1366.23
1366.23
33.41
33.41
1959.62
1959.62
3173.53
1233.15
1233.15
534.49
534.49
3481.38
3481.38
1028.52
1028.52
3523.34
3523.34
3306.15
3306.15
3306.15
3306.15
580.70
580.70
1045.86
1045.86
1364.21
1364.21
3181.74
3181.74
3668.15
3668.15
2742.13
2742.13
2868.03
2868.03
2380.77
2380.77
2243.10
2243.10
26.94
26.94
1903.32
1903.32
1401.41
1401.41
4396.50
4396.50
4812.57
4812.57
2786.16
2786.16
3936.74
3936.74
4906.39
4906.39
4906.39
4906.39
4906.39
4906.39
6094.46
6094.46
4587.96
4587.96
2723.48
2723.48
5105.91
5105.91
1839.86
1839.86
1839.86
1839.86
1839.86
1839.86
1650.27
1650.27
3246.99
3246.99
3246.99
3246.99
184.81
184.81
3009.56
3009.56
5303.96
5303.96
5303.96
5303.96
6041.09
6041.09
6024.57
6024.57
6024.57
6024.57
6024.57
6024.57
6024.57
6024.57
213.47
213.47
1890.23
1890.23
1890.23
1890.23
6908.88
6908.88
6908.88
6908.88
6908.88
6914.05
6914.05
6914.05
6914.05
6914.05
6914.05
6914.05
27.00
27.00
5805.28
5805.28
5805.28
4890.34
4890.34
2410.51
2410.51
2410.51
277.64
277.64
277.64
2268.20
2268.20
2296.77
2296.77
3292.56
3292.56
3292.56
3292.56
3132.37
3132.37
3232.92
3987.45
3987.45
3987.45
73.00
73.00
793.22
793.22
452.04
452.04
28.67
28.67
854.42
854.42
221.35
53.90
53.90
53.90
13.77
128.86
128.86
128.86
838.28
838.28
27.51
3648.84
3648.84
3648.84
4563.53
4563.53
2636.95
2636.95
3911.82
3911.82
5047.00
5047.00
2199.26
2199.26
959.08
959.08
1220.43
1220.43
841.87
841.87
5867.51
5867.51
335.45
335.45
5702.43
2566.45
2566.45
2566.45
4001.77
4001.77
2325.61
2325.61
167.73
167.73
87.83
89.13
89.13
89.13
4256.62
18.57
18.57
18.57
57.38
549.28
549.28
549.28
10.00
10.00
10.00
841.19
841.19
841.19
177.70
177.70
104.81
104.81
14.43
14.43
56.40
56.40
5283.18
5283.18
5436.19
5436.19
5824.90
5824.90
2008.00
2008.00
1792.70
1792.70
1415.61
1415.61
3792.44
3792.44
1816.09
1816.09
3584.70
3584.70
2931.04
2931.04
19.19
19.19
2347.36
2347.36
2853.14
2853.14
3511.38
3511.38
4054.77
4054.77
44.09
44.09
67.72
67.72
3491.36
3491.36
1683.81
739.92
739.92
739.92
773.63
773.63
2629.68
2629.68
33.27
33.27
33.11
33.11
695.86
695.86
4940.06
4940.06
959.23
959.23
3864.50
3864.50
5775.10
5775.10
854.96
854.96
4289.76
39.52
39.52
39.52
4765.72
4765.72
2608.80
2608.80
4404.13
4404.13
47.31
47.31
837.88
837.88
3657.56
3657.56
2488.70
2488.70
395.65
395.65
1415.00
1415.00
19.63
19.63
2522.23
505.92
505.92
505.92
295.23
295.23
1446.31
1446.31
38.78
38.78
1703.87
1703.87
746.28
746.28
79.13
79.13
4526.27
4526.27
4897.05
4897.05
2319.33
2319.33
3012.23
3012.23
104.44
104.44
2866.01
2866.01
524.20
524.20
4331.56
4331.56
3031.53
3031.53
463.91
463.91
42.17
42.17
100.29
100.29
6287.51
6287.51
62.82
62.82
628.05
628.05
13.85
13.85
6252.11
6252.11
872.08
872.08
130.76
130.76
2102.74
2102.74
5157.35
5157.35
5157.35
5157.35
6172.03
6172.03
2295.86
2295.86
3370.23
3370.23
2044.52
2044.52
2160.44
2160.44
2160.44
