# 1Hz Kbps trace generated by import_real_world_traces.py
1444.30
2410.29
2617.16
949.30
949.30
1276.79
1276.79
2620.53
2620.53
1748.07
1748.07
2008.05
2008.05
1025.20
1025.20
104.59
104.59
2219.12
2219.12
1217.78
1217.78
2318.19
2318.19
2683.48
2683.48
693.16
693.16
2117.45
2117.45
2801.55
2801.55
2533.67
2533.67
1453.15
1453.15
1318.75
1318.75
2414.83
2414.83
2640.70
2640.70
1072.51
1072.51
1256.10
1256.10
1591.83
1591.83
2372.55
2372.55
1499.77
1499.77
1462.31
1462.31
2207.11
2207.11
2897.30
2897.30
2812.19
2812.19
2401.50
2401.50
156.51
156.51
1079.29
1079.29
1636.58
1636.58
950.10
950.10
950.10
70.05
70.05
70.05
2157.25
2157.25
1128.34
1502.76
1156.40
1156.40
2315.34
2315.34
1414.45
1414.45
962.70
962.70
2090.61
2090.61
2530.33
2530.33
1853.30
1853.30
1727.64
1727.64
1614.73
1614.73
2669.24
2669.24
1278.26
1278.26
2891.45
2891.45
1515.58
1515.58
2774.62
2774.62
560.59
560.59
74.17
74.17
423.26
423.26
2434.40
2434.40
1785.80
1785.80
1422.18
1422.18
573.62
573.62
346.07
346.07
2298.78
2298.78
2978.67
2978.67
22.82
22.82
2369.70
2369.70
497.98
497.98
2815.09
2815.09
453.36
453.36
862.01
862.01
664.07
664.07
1758.14
1758.14
726.74
726.74
571.19
571.19
22.22
22.22
2294.71
2294.71
276.11
276.11
2647.02
2647.02
2190.51
2190.51
1483.68
1483.68
2157.96
2157.96
2350.75
2350.75
2298.19
2298.19
2540.73
2540.73
117.92
117.92
622.02
622.02
3043.16
3043.16
2890.67
2890.67
1707.28
1707.28
1707.28
480.52
480.52
2813.45
279.70
279.70
1209.84
1209.84
101.80
101.80
1718.95
1718.95
2069.26
2069.26
1384.58
1384.58
2136.48
2136.48
1112.96
1112.96
2802.21
2802.21
3221.55
3221.55
1944.78
1944.78
42.12
42.12
1396.72
1396.72
60.59
60.59
257.52
257.52
1281.28
1281.28
826.17
826.17
1478.12
1478.12
1748.94
1748.94
1748.94
1687.43
100.88
100.88
100.88
607.00
607.00
607.00
1642.24
2075.47
2538.86
2538.86
339.83
339.83
1517.98
1517.98
1026.31
1026.31
379.46
379.46
2985.59
2985.59
56.32
56.32
1587.71
1587.71
77.94
77.94
110.32
110.32
194.21
194.21
194.21
1779.90
1765.36
1765.36
1006.00
1006.00
769.19
769.19
1742.83
1742.83
2178.58
2178.58
1807.68
1807.68
2131.76
2131.76
579.13
579.13
1182.17
1182.17
1322.15
1322.15
1339.81
1339.81
256.10
256.10
2393.89
2393.89
3049.96
3049.96
2628.28
2628.28
2325.74
2325.74
2371.48
2371.48
805.14
805.14
2349.17
2349.17
717.04
