# 1Hz Kbps trace generated by import_real_world_traces.py
5646.85
24.56
37.83
841.92
323.36
190.97
147.61
20.98
1046.51
1046.51
20.87
600.35
600.35
122.46
122.46
404.56
211.72
211.72
241.95
241.95
109.38
109.38
10.00
10.00
122.70
122.70
150.16
150.16
71.97
71.97
38.72
38.72
704.53
704.53
131.40
131.40
731.94
731.94
1838.41
1838.41
10.00
10.00
122.16
122.16
75.28
75.28
107.59
107.59
11.37
11.37
21.60
21.60
1769.35
1769.35
71.28
71.28
71.28
613.92
613.92
139.62
130.50
130.50
103.08
103.08
1101.58
1101.58
104.80
104.80
46.68
46.68
46.68
11.76
11.76
2293.11
857.44
857.44
1255.77
1255.77
2445.25
2445.25
763.41
763.41
4114.57
4114.57
4114.57
4114.57
4328.41
485.14
518.61
518.61
78.97
78.97
1640.75
1640.75
80.24
80.24
99.67
99.67
491.74
491.74
34.26
34.26
10.00
10.00
10.00
1495.66
10.00
10.00
135.04
135.04
114.33
114.33
60.17
60.17
12.10
12.10
12.34
12.34
3720.22
3720.22
637.75
637.75
299.49
299.49
2534.90
2534.90
246.82
246.82
710.84
710.84
12.51
12.51
12.51
72.66
72.84
72.84
156.32
156.32
3520.05
3520.05
3520.05
11.74
31.92
31.92
283.45
283.45
691.87
691.87
691.87
4662.76
4662.76
4772.19
4772.19
81.25
81.25
3507.45
29.26
29.26
66.63
66.63
1548.71
1548.71
10.00
10.00
360.86
360.86
360.86
791.84
791.84
791.84
791.84
320.42
333.35
333.35
6124.56
6124.56
6124.56
6124.56
6124.56
278.08
278.08
278.08
12.27
12.27
637.62
637.62
14.63
268.32
5683.38
5683.38
5683.38
957.37
957.37
113.12
113.12
4732.24
4732.24
4732.24
560.01
560.01
3635.99
238.31
225.38
992.34
992.34
265.30
3465.98
3465.98
49.73
4960.17
94.28
94.28
4147.82
4147.82
937.34
937.34
420.34
420.34
44.48
44.48
56.26
56.26
56.26
11.37
10.98
10.98
1954.30
1954.30
697.12
697.12
10.00
10.00
10.00
290.54
290.54
56.87
56.87
383.99
12.35
12.35
11.38
11.38
267.48
267.48
204.45
204.45
5162.35
5162.35
3234.61
3234.61
329.58
329.58
1383.30
1383.30
1383.30
1383.30
418.94
418.94
695.08
695.08
1906.71
680.09
680.09
680.09
29.36
29.36
29.36
29.36
29.36
14.57
14.57
357.88
357.88
116.34
65.82
65.82
1016.53
1016.53
1016.53
1048.93
1048.93
245.91
245.91
73.64
159.10
139.79
139.79
139.79
3323.52
3323.52
3323.52
1507.59
1507.59
958.57
958.57
2781.35
4797.58
4797.58
47.25
364.02
6821.41
10.61
6413.46
6413.46
1629.08
1629.08
76.77
76.77
3932.47
3932.47
813.93
813.93
813.93
1659.33
3449.66
3449.66
3449.66
7309.33
7309.33
55.83
55.83
5707.12
5707.12
37.86
37.86
90.90
90.90
152.27
152.27
939.33
939.33
1927.47
1927.47
706.29
706.29
929.17
929.17
929.17
6400.90
56.85
56.85
9057.19
9057.19
106.19
106.19
6046.28
6046.28
374.54
374.54
52.09
52.09
4381.58
4381.58
4435.53
4435.53
3378.25
3378.25
374.43
374.43
950.12
950.12
950.12
98.42
20.35
20.35
432.67
432.67
1387.52
1387.52
3357.68
3357.68
3537.54
3537.54
3594.23
3594.23
118.96
118.96
4373.11
4373.11
4373.11
7287.61
6053.85
1009.58
1009.58
1009.58
11.58
11.58
40.61
40.61
283.29
283.29
87.01
87.01
735.27
