# 1Hz Kbps trace generated by import_real_world_traces.py
81.96
546.55
546.55
546.55
546.55
165.60
497.37
1757.61
3545.21
300.77
1746.08
2751.01
2725.98
2725.98
2725.98
1355.45
1355.45
1355.45
1355.45
422.40
1027.19
1027.19
1027.19
5843.76
421.09
4344.11
111.97
111.97
4194.06
4194.06
4194.06
4194.06
908.05
908.05
908.05
3291.32
3291.32
3291.32
3291.32
3836.89
213.54
604.97
604.97
4734.60
1616.07
1616.07
1616.07
1616.07
280.40
220.16
1336.82
1934.00
1934.00
1934.00
2227.88
2227.88
2227.88
2227.88
10201.83
10201.83
3539.81
3539.81
3539.81
11961.81
11961.81
2779.33
2779.33
2779.33
2779.33
9783.78
9783.78
9783.78
19554.68
19554.68
19554.68
459.10
8649.81
8649.81
1070.85
10.00
10.00
10.00
415.06
415.06
10.00
1380.86
3567.05
7667.62
7667.62
7750.57
1622.21
1622.21
12731.94
