# 1Hz Kbps trace generated by import_real_world_traces.py
3007.01
1703.92
1703.92
748.07
748.07
4758.36
4758.36
4174.25
4174.25
4315.34
4315.34
4315.34
4315.34
4315.34
5140.99
5140.99
4855.77
4855.77
5793.47
5793.47
524.18
524.18
5989.99
5989.99
802.43
802.43
6864.12
6864.12
6855.55
6855.55
6816.46
6816.46
6816.46
6816.46
7362.22
7362.22
6663.18
6663.18
7978.52
7978.52
62.54
62.54
31.70
31.70
1969.40
1969.40
3878.31
3878.31
3878.31
3878.31
46.60
46.60
3224.32
3224.32
55.13
55.13
2320.19
2320.19
2320.19
2320.19
7378.02
7378.02
800.06
800.06
6352.54
6352.54
7728.53
7728.53
15.65
15.65
7611.14
7611.14
7611.14
7611.14
364.01
364.01
23.86
23.86
157.10
157.10
5874.22
5874.22
7962.76
7962.76
6793.10
6793.10
801.13
801.13
1123.74
1123.74
3376.47
3376.47
168.84
168.84
1360.99
1360.99
786.85
786.85
3740.60
3740.60
7774.30
7774.30
8085.89
8085.89
8085.89
8085.89
8085.89
8085.89
8085.89
8085.89
8085.89
8085.89
234.84
234.84
219.83
219.83
149.30
149.30
229.37
229.37
1230.92
1230.92
1816.65
1816.65
800.07
800.07
606.22
606.22
178.07
178.07
67.83
67.83
7402.74
7402.74
7236.85
7236.85
20.90
20.90
7277.26
7277.26
7277.26
7277.26
7277.26
7277.26
7812.53
7812.53
7812.53
7812.53
833.63
833.63
3449.17
3449.17
6410.57
6410.57
8190.65
8190.65
83.71
83.71
7542.32
7542.32
768.38
768.38
16.70
16.70
11.99
11.99
880.22
880.22
1679.48
1679.48
7644.09
7644.09
861.52
861.52
135.62
135.62
6935.19
6935.19
6411.36
6411.36
7663.45
7663.45
6648.69
6648.69
7645.71
7645.71
8006.94
8006.94
2015.72
2015.72
231.83
231.83
801.60
801.60
7889.10
7889.10
6314.35
6314.35
226.03
226.03
118.78
118.78
457.30
457.30
71.99
71.99
47.90
47.90
73.59
73.59
10.00
10.00
324.49
324.49
50.80
50.80
1030.31
1030.31
5333.27
5333.27
22.70
22.70
208.45
208.45
7828.68
7828.68
15.68
15.68
271.82
271.82
1237.03
1237.03
220.42
220.42
6724.89
6724.89
4743.10
4743.10
6430.37
6430.37
7886.11
7886.11
4497.20
4497.20
802.84
802.84
11.48
11.48
219.75
219.75
15.67
15.67
289.96
289.96
862.97
862.97
12.73
12.73
27.18
27.18
67.78
67.78
352.86
352.86
389.75
389.75
23.93
23.93
800.95
800.95
203.21
203.21
3594.65
3594.65
78.30
78.30
389.43
389.43
442.01
442.01
23.95
23.95
23.95
76.37
76.37
230.65
47.69
47.69
271.17
271.17
49.54
49.54
3800.82
3800.82
2268.29
2268.29
1803.49
1803.49
1070.17
1070.17
314.64
314.64
2285.11
2285.11
7311.39
7311.39
784.80
784.80
2417.66
2417.66
3056.55
3056.55
3018.54
3018.54
3492.75
3492.75
3492.75
3492.75
33.88
33.88
2792.40
2792.40
15.66
15.66
3048.03
3048.03
3534.97
3534.97
4209.16
4209.16
4209.16
4209.16
3461.74
3461.74
5609.58
5609.58
2424.47
2424.47
2936.29
2936.29
4130.95
4130.95
4957.88
4957.88
7194.13
7194.13
7194.13
7194.13
7992.21
7992.21
7074.21
7074.21
66.80
66.80
7876.05
7876.05
4074.39
4074.39
4074.39
4074.39
7912.25
7912.25
7164.09
7164.09
3790.37
3790.37
3864.84
3864.84
4176.13
4176.13
4176.13
4176.13
4558.99
4558.99
4558.99
4558.99
218.56
218.56
847.33
847.33
7813.54
7813.54
7813.54
7813.54
7813.54
7813.54
6947.75
6947.75
7224.92
7224.92
7224.92
7224.92
7224.92
7224.92
7981.33
7981.33
63.54
63.54
846.76
846.76
8156.11
8156.11
8156.11
8156.11
8156.11
8156.11
7650.70
7650.70
800.82
800.82
3660.55
3660.55
786.57
786.57
3158.68
3158.68
3158.68
3158.68
3158.68
3158.68
7725.96
7725.96
8050.34
8050.34
8050.34
8050.34
7466.70
7466.70
7466.70
7466.70
7466.70
7466.70
7466.70
7466.70
7466.70
7466.70
7466.70
7466.70
6833.49
6833.49
7794.88
7794.88
7428.63
7428.63
7894.76
7894.76
6070.77
6070.77
3042.48
3042.48
5234.54
5234.54
2529.05
2529.05
64.46
64.46
801.87
801.87
744.10
744.10
7932.61
7932.61
6391.70
6391.70
703.47
703.47
254.11
254.11
50.93
50.93
803.00
803.00
378.04
378.04
863.24
863.24
1831.76
1831.76
2665.40
2665.40
2665.40
2665.40
4022.98
4022.98
8037.58
8037.58
8037.58
8037.58
8037.58
8037.58
8037.58
8037.58
8159.34
8159.34
3871.74
3871.74
10.00
10.00
802.31
802.31
198.71
198.71
1069.12
1069.12
1071.33
1071.33
11.32
11.32
49.94
49.94
169.46
169.46
76.40
76.40
373.43
373.43
535.20
535.20
440.92
440.92
344.62
344.62
4205.16
4205.16
1848.13
1848.13
3654.30
3654.30
190.52
190.52
4712.22
4712.22
861.61
861.61
88.13
88.13
8045.93
8045.93
4144.40
4144.40
6712.42
6712.42
8069.30
8069.30
299.87
299.87
799.83
799.83
135.41
135.41
354.00
354.00
236.90
236.90
95.02
95.02
800.34
800.34
781.22
781.22
406.97
406.97
271.64
271.64
50.93
50.93
2210.39
2210.39
7542.56
7542.56
7939.52
7939.52
2457.59
2457.59
37.81
37.81
79.17
79.17
2219.82
2219.82
7356.80
7356.80
89.22
89.22
113.61
113.61
7714.72
7714.72
7105.82
7105.82
3705.18
3705.18
288.59
288.59
801.31
801.31
114.39
114.39
10.00
10.00
683.57
683.57
1453.67
1453.67
802.35
802.35
34.47
34.47
3807.29
3807.29
7859.44
7859.44
7218.29
7218.29
7948.59
7948.59
19.22
19.22
2272.84
2272.84
2393.48
2393.48
3556.91
3556.91
1151.88
1151.88
94.16
94.16
2603.41
2603.41
7328.22
7328.22
8190.17
8190.17
36.80
36.80
4299.55
4299.55
7975.03
7975.03
3294.45
3294.45
6600.92
6600.92
6888.48
6888.48
692.24
692.24
7137.09
7137.09
7137.09
7137.09
7137.09
7137.09
7691.71
7691.71
6486.14
6486.14
177.33
177.33
7641.35
7641.35
7348.27
7348.27
7299.13
7299.13
3000.62
3000.62
1824.80
1824.80
4041.78
4041.78
4041.78
4041.78
132.04
132.04
721.15
721.15
7946.47
7946.47
7946.47
7946.47
7946.47
7946.47
7846.38
7846.38
7798.30
7798.30
7798.30
7798.30
7798.30
7798.30
7798.30
7798.30
7798.30
7798.30
7798.30
7798.30
7798.30
7798.30
7798.30
7798.30
7798.30
7798.30
7798.30
7798.30
7798.30
7798.30
7798.30
7798.30
8036.26
8036.26
8036.05
8036.05
7519.66
7519.66
7519.66
7519.66
7519.66
7519.66
7519.66
7519.66
7519.66
7519.66
7519.66
7519.66
7519.66
7519.66
7519.66
7519.66
7519.66
7519.66
7519.66
7519.66
7519.66
7519.66
7627.97
7627.97
815.01
815.01
4289.54
4289.54
1491.70
1491.70
540.98
540.98
395.05
395.05
862.13
862.13
2594.84
2594.84
10.00
10.00
201.80
201.80
64.96
64.96
800.12
800.12
11.31
11.31
801.42
801.42
2126.72
2126.72
397.77
397.77
10.00
10.00
101.66
101.66
2020.61
2020.61
1081.85
1081.85
800.49
800.49
67.91
67.91
67.91
56.59
152.31
152.31
140.81
140.81
217.85
217.85
16.20
16.20
10.00
10.00
67.52
67.52
728.03
728.03
4464.26
4464.26
5687.62
5687.62
53.30
53.30
289.77
289.77
729.84
729.84
54.33
54.33
11.32
11.32
835.42
835.42
13.57
13.57
118.80
118.80
144.67
144.67
239.62
239.62
2178.37
2178.37
89.17
89.17
69.75
69.75
55.47
55.47
507.61
507.61
15.63
15.63
2014.58
2014.58
803.71
803.71
35.28
35.28
7597.00
7597.00
21.39
21.39
16.95
16.95
861.99
861.99
356.74
356.74
801.29
801.29
67.20
67.20
349.49
349.49
15.67
15.67
411.18
411.18
411.18
411.18
356.29
356.29
1849.94
1849.94
67.37
2799.82
13.56
13.56
787.37
787.37
5726.19
5726.19
50.88
50.88
33.92
33.92
13.65
13.65
4720.24
4720.24
11.32
11.32
5376.72
5376.72
204.07
204.07
101.87
101.87
27.15
27.15
458.39
458.39
100.49
100.49
662.13
662.13
846.40
846.40
12.48
12.48
428.72
428.72
305.31
305.31
50.81
50.81
779.80
779.80
45.20
45.20
372.80
372.80
7179.89
7179.89
63.81
63.81
3962.06
3962.06
87.22
87.22
7767.83
7767.83
4213.61
4213.61
7754.21
7754.21
485.11
485.11
143.66
143.66
862.92
862.92
1341.35
1341.35
254.10
254.10
2782.30
2782.30
7388.55
7388.55
7935.14
7935.14
3970.76
3970.76
3970.76
3970.76
7661.84
7661.84
450.88
450.88
3247.62
3247.62
3247.62
3247.62
6642.37
6642.37
6645.39
6645.39
8312.89
8312.89
7529.68
7529.68
7427.28
7427.28
6364.73
6364.73
6364.73
6364.73
6364.73
6364.73
6364.73
6364.73
3292.62
3292.62
3907.85
3907.85
3992.62
3992.62
4269.10
4269.10
7499.65
7499.65
7872.89
7872.89
7872.89
7872.89
6943.75
6943.75
1118.74
1118.74
1461.23
1461.23
7776.63
7776.63
7776.63
7776.63
3443.76
3443.76
861.97
861.97
12.47
12.47
7874.96
7874.96
201.68
201.68
1169.73
1169.73
67.10
67.10
803.01
803.01
803.01
828.42
828.42
2214.72
2214.72
7878.93
7878.93
50.86
50.86
6999.73
6999.73
15.68
15.68
2569.51
2569.51
3485.49
3485.49
3485.49
3485.49
8054.71
8054.71
6807.33
6807.33
6588.74
6588.74
863.89
863.89
2006.43
2006.43
47.63
47.63
36.24
36.24
39.43
39.43
7874.15
7874.15
2132.31
2132.31
6636.24
6636.24
8119.43
8119.43
8119.43
8119.43
8119.43
8119.43
8119.43
8119.43
802.13
802.13
7550.46
7550.46
7550.46
7550.46
566.04
566.04
1175.08
1175.08
3278.31
3278.31
6456.10
6456.10
6456.10
6456.10
6456.10
6456.10
6456.10
6456.10
6456.10
6456.10
2288.37
2288.37
730.00
730.00
355.30
355.30
2131.38
2131.38
5942.59
5942.59
407.33
407.33
152.58
152.58
50.91
50.91
135.74
135.74
246.39
246.39
801.62
801.62
780.81
780.81
152.47
152.47
59.91
59.91
119.71
119.71
861.21
861.21
132.40
132.40
1763.02
1763.02
319.38
319.38
4245.71
4245.71
862.55
862.55
5245.63
5245.63
801.43
801.43
7602.84
7602.84
188.12
188.12
83.57
83.57
359.68
359.68
69.04
69.04
41.79
41.79
231.84
231.84
33.60
33.60
50.63
50.63
390.12
390.12
1858.10
1858.10
26.12
26.12
202.88
202.88
7567.19
7567.19
3508.52
3508.52
4537.57
4537.57
191.41
191.41
2442.70
2442.70
54.84
54.84
974.19
974.19
24.91
24.91
15.67
15.67
356.54
356.54
865.03
865.03
19.84
19.84
3747.29
3747.29
18.34
18.34
78.26
78.26
864.28
864.28
124.44
124.44
1645.45
1645.45
267.12
267.12
590.65
590.65
802.21
802.21
2192.15
2192.15
6185.76
6185.76
2397.71
2397.71
11.83
11.83
801.09
801.09
169.57
169.57
63.80
63.80
67.79
67.79
67.68
67.68
311.80
311.80
211.16
211.16
800.86
800.86
752.32
752.32
3003.23
3003.23
628.45
628.45
10.00
10.00
15.68
15.68
15.68
10.00
10.00
31.58
270.42
270.42
50.83
50.83
162.99
162.99
101.76
101.76
798.75
798.75
16.78
16.78
801.48
801.48
85.78
85.78
457.32
457.32
833.41
833.41
10.00
10.00
861.03
861.03
490.60
490.60
188.95
188.95
16.94
16.94
525.65
525.65
847.97
847.97
7622.04
7622.04
7656.50
7656.50
118.78
118.78
468.21
468.21
4090.06
4090.06
25.88
25.88
800.76
800.76
113.04
113.04
10.18
10.18
1291.40
1291.40
218.42
218.42
59.92
59.92
13.47
13.47
34.02
34.02
140.90
140.90
152.25
152.25
27.19
27.19
6514.67
6514.67
1384.30
1384.30
3812.31
3812.31
13.96
13.96
15.66
15.66
3763.87
3763.87
848.08
848.08
31.01
31.01
5251.91
5251.91
203.96
203.96
643.81
643.81
67.83
67.83
33.94
33.94
861.56
861.56
257.98
257.98
32.12
32.12
85.26
85.26
93.84
93.84
15.66
15.66
520.80
520.80
801.22
801.22
44.85
44.85
12.16
12.16
48.59
48.59
135.69
135.69
7711.57
7711.57
3844.63
3844.63
6029.66
6029.66
101.70
101.70
220.18
220.18
7594.68
7594.68
457.16
457.16
802.99
802.99
3273.15
3273.15
232.67
232.67
186.30
186.30
202.46
202.46
67.74
67.74
33.92
33.92
33.93
33.93
101.69
101.69
254.26
254.26
48.81
48.81
186.81
186.81
802.34
802.34
177.97
177.97
6667.35
6667.35
3738.76
3738.76
34.50
34.50
5762.83
5762.83
1019.07
1019.07
7948.05
7948.05
1135.38
1135.38
467.05
467.05
2480.30
2480.30
216.80
216.80
1813.19
1813.19
288.52
288.52
169.67
169.67
15.67
15.67
587.52
587.52
983.86
983.86
16.97
16.97
11.98
11.98
282.42
282.42
20.20
20.20
610.45
610.45
626.15
626.15
659.97
659.97
190.07
190.07
3438.78
3438.78
15.66
15.66
7970.24
7970.24
7167.57
7167.57
485.12
485.12
141.72
141.72
23.90
23.90
152.52
152.52
78.29
78.29
1884.20
1884.20
800.51
800.51
660.81
660.81
169.64
169.64
556.14
556.14
64.04
64.04
800.35
800.35
1049.24
1049.24
44.26
44.26
7793.70
7793.70
76.30
76.30
6593.50
6593.50
127.35
127.35
863.49
863.49
4854.99
4854.99
159.58
159.58
7817.60
7817.60
13.41
13.41
863.69
863.69
300.83
300.83
105.37
105.37
130.72
130.72
167.61
167.61
10.00
10.00
472.01
472.01
34.66
34.66
7873.70
7873.70
4293.03
4293.03
7437.06
7437.06
7437.06
7437.06
7712.63
7712.63
6659.52
6659.52
6417.77
6417.77
6623.25
6623.25
7931.76
7931.76
803.75
803.75
3126.38
3126.38
7473.69
7473.69
7473.69
7473.69
1365.59
1365.59
5115.73
5115.73
5115.73
5115.73
5115.73
5115.73
5115.73
5115.73
5115.73
5115.73
66.93
66.93
3344.84
3344.84
7363.39
7363.39
1687.55
1687.55
7680.62
7680.62
7929.42
7929.42
7760.25
7760.25
7700.88
7700.88
6647.34
6647.34
7832.45
7832.45
7832.45
7832.45
861.48
861.48
8078.81
8078.81
2060.36
2060.36
3428.33
3428.33
69.01
69.01
2389.98
2389.98
160.41
160.41
1011.79
1011.79
5522.07
5522.07
5461.15
5461.15
5736.14
5736.14
3961.65
3961.65
787.63
787.63
2735.49
2735.49
5510.49
5510.49
6738.88
6738.88
5089.80
5089.80
6658.03
6658.03
7783.38
7783.38
7783.38
7783.38
89.61
89.61
4117.48
4117.48
5269.66
5269.66
900.17
900.17
846.01
846.01
7905.52
7905.52
6680.32
6680.32
8334.34
8334.34
7608.06
7608.06
45.73
45.73
8026.48
8026.48
144.99
144.99
3877.54
3877.54
152.93
152.93
801.06
801.06
75.55
75.55
60.59
60.59
7382.01
7382.01
893.48
893.48
5877.07
5877.07
5877.07
5877.07
22.64
22.64
23.99
23.99
101.62
101.62
1951.20
1951.20
72.77
72.77
801.80
801.80
4139.78
4139.78
4318.24
4318.24
6990.52
6990.52
5820.45
5820.45
3448.19
3448.19
135.36
135.36
37.83
37.83
4415.44
4415.44
1951.76
1951.76
1389.36
1389.36
7608.32
7608.32
4452.85
4452.85
1796.99
1796.99
7747.39
7747.39
83.33
83.33
789.43
789.43
532.69
532.69
70.57
70.57
803.32
803.32
7297.81
7297.81
3342.64
3342.64
549.84
549.84
204.16
204.16
1207.09
1207.09
10.00
10.00
801.35
801.35
595.13
595.13
505.45
505.45
4507.37
4507.37
282.64
282.64
37.45
37.45
120.89
120.89
162.65
162.65
3852.36
3852.36
50.93
50.93
800.05
800.05
35.74
35.74
4894.71
4894.71
7840.47
7840.47
6693.69
6693.69
7788.00
7788.00
4703.22
4703.22
10.00
10.00
7989.87
7989.87
149.44
149.44
1103.59
1103.59
297.31
297.31
10.00
10.00
113.16
113.16
13.05
13.05
2227.94
2227.94
107.78
107.78
84.14
84.14
7700.79
7700.79
6191.72
6191.72
79.78
79.78
7676.75
7676.75
235.54
235.54
7888.09
7888.09
7839.20
7839.20
7165.22
7165.22
661.15
661.15
10.08
10.08
1367.67
1367.67
165.09
165.09
539.63
539.63
6658.32
6658.32
68.39
68.39
862.89
862.89
7705.22
7705.22
7466.66
7466.66
2034.58
2034.58
2905.08
2905.08
832.30
832.30
1157.13
1157.13
198.22
198.22
50.91
50.91
173.62
173.62
250.70
250.70
250.70
12.74
12.74
16.99
165.41
165.41
3832.71
3832.71
6947.22
6947.22
7470.21
7470.21
801.34
801.34
254.56
254.56
1998.22
1998.22
16.97
16.97
35.86
35.86
6026.44
6026.44
7652.91
7652.91
4245.45
4245.45
191.01
191.01
67.88
67.88
61.18
61.18
390.57
390.57
803.11
803.11
21.87
21.87
3520.47
3520.47
1717.52
1717.52
3328.56
3328.56
802.59
802.59
56.08
56.08
800.55
800.55
10.00
10.00
7869.12
7869.12
787.72
787.72
78.82
78.82
49.72
49.72
5051.20
5051.20
203.13
203.13
7136.94
7136.94
114.50
114.50
3793.72
3793.72
7203.55
7203.55
801.53
801.53
7234.08
7234.08
7649.22
7649.22
4791.79
4791.79
5876.81
5876.81
8421.14
8421.14
8421.14
8421.14
4020.05
4020.05
801.68
801.68
6994.53
6994.53
861.24
861.24
7742.23
7742.23
8203.58
8203.58
3634.32
3634.32
1007.03
1007.03
7304.08
7304.08
7819.64
7819.64
784.10
784.10
739.10
739.10
1164.72
1164.72
3846.60
3846.60
2518.77
2518.77
802.11
802.11
16.94
16.94
849.29
849.29
102.69
102.69
7941.06
7941.06
6088.27
6088.27
64.95
64.95
800.38
800.38
84.56
84.56
2283.08
2283.08
112.90
112.90
37.06
37.06
801.75
801.75
7154.64
7154.64
1874.33
1874.33
7613.63
7613.63
1896.96
1896.96
801.95
801.95
1797.46
1797.46
29.11
29.11
454.96
454.96
5090.29
5090.29
1743.81
1743.81
778.36
778.36
7869.02
7869.02
107.70
107.70
802.43
802.43
899.40
899.40
11.60
11.60
665.46
665.46
292.94
292.94
3952.95
3952.95
1451.23
1451.23
3195.36
3195.36
12.72
12.72
12.72
84.81
84.81
6619.00
6619.00
63.60
63.60
4661.02
4661.02
1499.18
1499.18
36.09
36.09
7265.99
7265.99
7307.99
7307.99
7307.99
7307.99
7882.60
7882.60
7882.60
7882.60
8298.80
8298.80
8298.80
8298.80
8298.80
8298.80
8298.80
8298.80
7337.42
7337.42
7337.42
7337.42
4209.93
4209.93
7929.49
7929.49
516.01
516.01
704.23
704.23
1300.90
1300.90
1344.77
1344.77
1849.02
1849.02
27.17
27.17
879.95
879.95
2144.61
2144.61
12.52
12.52
2676.21
2676.21
2676.21
2676.21
2894.04
2894.04
3522.04
3522.04
1635.50
1635.50
269.13
269.13
1386.74
1386.74
4137.00
4137.00
4137.00
4137.00
4137.00
4137.00
4707.54
4707.54
4888.68
4888.68
5354.91
5354.91
4989.65
4989.65
3758.27
3758.27
3758.27
3758.27
3758.27
3758.27
3758.27
3758.27
5160.11
5160.11
2688.19
2688.19
6218.09
6218.09
7382.99
7382.99
7304.52
7304.52
7324.06
7324.06
7324.06
7324.06
6845.82
6845.82
7648.14
7648.14
2230.75
2230.75
862.36
862.36
101.72
101.72
7884.59
7884.59
8013.58
8013.58
3552.40
3552.40
7657.47
7657.47
239.14
239.14
7450.60
7450.60
4178.82
4178.82
7835.50
7835.50
7835.50
7835.50
6565.68
6565.68
7598.70
7598.70
7598.70
7598.70
7762.55
7762.55
7993.95
7993.95
27.14
27.14
1863.17
1863.17
4045.16
4045.16
7731.64
7731.64
7732.63
7732.63
7256.79
7256.79
6085.70
6085.70
7746.20
7746.20
23.20
23.20
81.30
81.30
1230.87
1230.87
439.68
439.68
6680.87
6680.87
6723.00
6723.00
776.37
776.37
847.53
847.53
487.21
487.21
71.78
71.78
15.66
15.66
1982.76
1982.76
23.44
23.44
11.32
11.32
65.54
65.54
181.12
181.12
40.76
40.76
46.89
46.89
152.60
152.60
83.88
83.88
1377.41
1377.41
16.94
16.94
3200.99
3200.99
339.68
339.68
13.57
13.57
12.69
12.69
639.98
639.98
10.00
10.00
508.60
508.60
864.48
864.48
1202.46
1202.46
863.47
863.47
252.25
252.25
5693.39
5693.39
15.63
15.63
2087.78
2087.78
37.56
37.56
307.06
307.06
1770.63
1770.63
5280.49
5280.49
7590.01
7590.01
801.82
801.82
5490.77
5490.77
1512.67
1512.67
7307.11
7307.11
367.41
367.41
7398.45
7398.45
6292.22
6292.22
10.00
10.00
203.53
203.53
12.31
12.31
64.26
64.26
101.76
101.76
924.28
924.28
2238.05
2238.05
10.00
10.00
384.25
384.25
250.59
250.59
254.36
254.36
11.31
11.31
52.68
52.68
2968.50
2968.50
2641.67
2641.67
152.49
152.49
7767.57
7767.57
4691.08
4691.08
7674.14
7674.14
863.40
863.40
7591.98
7591.98
5222.57
5222.57
1350.93
1350.93
407.50
407.50
13.06
13.06
67.85
67.85
800.85
800.85
1673.60
1673.60
151.92
151.92
863.57
863.57
6576.47
6576.47
38.08
38.08
527.29
527.29
5718.59
5718.59
207.87
207.87
6193.36
6193.36
59.88
59.88
7704.84
7704.84
3155.95
3155.95
4586.84
4586.84
8063.15
8063.15
861.55
861.55
646.38
646.38
800.17
800.17
450.87
450.87
1425.58
1425.58
101.77
101.77
1817.71
1817.71
4845.12
4845.12
7597.29
7597.29
22.62
22.62
26.25
26.25
101.84
101.84
67.75
67.75
11.32
11.32
12.42
12.42
33.94
33.94
169.61
169.61
114.44
114.44
4124.20
4124.20
23.48
23.48
25.91
25.91
24.55
24.55
324.40
324.40
3944.58
3944.58
7117.66
7117.66
7117.66
609.51
986.15
986.15
1371.11
1371.11
1808.06
1808.06
980.29
980.29
2812.17
2812.17
862.75
862.75
64.16
64.16
3551.40
3551.40
2136.22
2136.22
1234.29
1234.29
2695.86
2695.86
4641.27
4641.27
68.35
68.35
325.64
325.64
253.10
253.10
23.97
23.97
33.95
33.95
4295.13
4295.13
7258.72
7258.72
1612.04
1612.04
7926.19
7926.19
6780.17
6780.17
7712.81
7712.81
108.38
108.38
23.93
23.93
23.95
23.95
54.21
54.21
38.18
38.18
237.62
237.62
863.88
863.88
119.75
119.75
7815.93
7815.93
1764.05
1764.05
145.06
145.06
927.91
927.91
203.45
203.45
35.96
35.96
59.37
59.37
127.23
127.23
425.11
425.11
237.53
237.53
515.18
515.18
33.90
33.90
7523.46
7523.46
6861.17
6861.17
84.06
84.06
336.71
336.71
11.98
11.98
776.70
776.70
561.50
561.50
472.68
472.68
564.28
564.28
54.22
54.22
2621.83
2621.83
85.47
85.47
70.84
70.84
4397.03
4397.03
203.28
203.28
10.00
10.00
54.26
54.26
3981.55
3981.55
143.68
143.68
135.45
135.45
76.32
76.32
118.75
118.75
7906.81
7906.81
141.26
141.26
801.72
801.72
627.79
627.79
356.22
356.22
332.24
332.24
4856.89
4856.89
11.08
11.08
186.20
186.20
2178.76
2178.76
832.28
832.28
135.80
135.80
5464.87
5464.87
526.40
526.40
779.93
779.93
661.35
661.35
43.44
43.44
122.11
122.11
15.97
15.97
13.84
13.84
7348.74
7348.74
305.28
305.28
7394.55
7394.55
1443.59
1443.59
4598.82
4598.82
5589.12
5589.12
1592.47
1592.47
329.21
329.21
67.79
67.79
35.96
35.96
7827.96
7827.96
10.78
10.78
1055.08
1055.08
1514.23
1514.23
31.88
31.88
3432.19
3432.19
49.36
49.36
152.98
152.98
848.45
848.45
4234.91
4234.91
7713.49
7713.49
8010.31
8010.31
6256.95
6256.95
834.54
834.54
2765.37
2765.37
7866.89
7866.89
5022.19
5022.19
1850.26
1850.26
7649.39
7649.39
7343.91
7343.91
863.22
863.22
1737.44
1737.44
3408.21
3408.21
4654.34
4654.34
4378.50
4378.50
645.90
645.90
4188.75
4188.75
3427.03
3427.03
1086.68
1086.68
16.61
16.61
4674.31
4674.31
5886.78
5886.78
2592.00
2592.00
978.92
978.92
2209.77
2209.77
15.76
15.76
4236.27
4236.27
6346.33
6346.33
2041.74
2041.74
254.14
254.14
391.17
391.17
13.56
13.56
6631.17
6631.17
7373.14
7373.14
1013.89
1013.89
7645.54
7645.54
7566.76
7566.76
1870.27
1870.27
7385.45
7385.45
4563.57
4563.57
433.70
433.70
6248.96
6248.96
6976.07
6976.07
6976.07
6976.07
7598.51
7598.51
59.54
59.54
1424.12
1424.12
11.99
11.99
7621.72
7621.72
7621.72
7621.72
7621.72
7621.72
862.09
862.09
6222.76
6222.76
101.56
101.56
149.28
149.28
3140.96
3140.96
8081.86
8081.86
149.72
149.72
2932.97
2932.97
1593.81
1593.81
1490.34
1490.34
1243.61
1243.61
53.49
53.49
862.25
862.25
58.23
58.23
3787.92
3787.92
13.58
13.58
242.23
242.23
831.55
831.55
81.61
81.61
47.89
47.89
1365.28
1365.28
159.40
159.40
734.25
734.25
354.53
354.53
354.53
50.97
50.97
1488.30
24.96
24.96
24.96
24.98
24.98
6040.84
6040.84
1475.65
1475.65
339.44
339.44
801.80
801.80
593.54
593.54
135.84
135.84
140.89
140.89
38.23
38.23
33.87
33.87
353.92
57.47
57.47
57.47
311.42
311.42
67.79
67.79
5694.98
5694.98
2556.70
2556.70
35.94
35.94
22.62
22.62
7973.00
7973.00
135.34
135.34
33.44
33.44
4773.03
4773.03
1035.64
1035.64
11.61
11.61
10.00
10.00
10.00
33.94
533.07
533.07
84.70
84.70
5629.29
5629.29
4898.53
4898.53
6175.36
6175.36
6959.92
6959.92
1759.13
1759.13
4678.34
4678.34
107.80
7689.32
7689.32
7689.32
112.43
112.43
1642.33
1642.33
1691.99
1691.99
1691.99
1691.99
1691.99
1691.99
1691.99
1691.99
3849.19
3849.19
7728.67
7728.67
6172.86
6172.86
5840.41
5840.41
4096.73
6576.69
6576.69
6576.69
3026.86
3026.86
8158.36
8158.36
6415.33
6415.33
7717.28
7717.28
7054.88
7054.88
7472.24
7472.24
7523.81
7523.81
175.04
175.04
6505.99
6505.99
6856.59
6856.59
7098.04
7098.04
7546.12
7546.12
3081.61
3081.61
101.77
101.77
8012.24
8012.24
75.05
75.05
2920.79
2920.79
35.98
35.98
135.79
135.79
3056.36
3056.36
517.28
517.28
801.03
801.03
6275.69
6275.69
7555.35
7555.35
353.97
353.97
599.24
599.24
6445.35
6445.35
871.86
871.86
802.89
802.89
220.68
220.68
85.75
85.75
22.64
22.64
141.34
141.34
11.87
11.87
8216.06
8216.06
7418.11
7418.11
7738.52
7738.52
6163.96
6163.96
146.22
146.22
907.93
907.93
846.73
846.73
7817.03
7817.03
13.95
13.95
44.02
44.02
7803.02
7803.02
15.67
15.67
4406.83
4406.83
802.11
802.11
8020.16
8020.16
16.98
16.98
33.93
33.93
174.71
174.71
23.93
23.93
423.70
423.70
310.21
310.21
26.81
26.81
27.14
27.14
802.69
802.69
48.83
48.83
802.27
802.27
93.93
93.93
4486.48
4486.48
38.40
38.40
2320.51
2320.51
3739.70
3739.70
7086.82
7086.82
8053.56
8053.56
610.84
610.84
1119.63
1119.63
3896.52
3896.52
1959.86
1959.86
3648.03
3648.03
7579.23
7579.23
4538.44
4538.44
7398.88
7398.88
8061.84
8061.84
8061.84
8061.84
8061.84
8061.84
8061.84
8061.84
6774.93
6774.93
1542.25
1542.25
1658.35
1658.35
2800.73
2800.73
2800.73
2800.73
7913.24
7913.24
7553.25
7553.25
1387.40
1387.40
6530.53
6530.53
801.47
801.47
47.08
47.08
7816.50
7816.50
4402.22
4402.22
7952.69
7952.69
7789.25
7789.25
7875.98
7875.98
800.84
800.84
7523.96
7523.96
7679.57
7679.57
7679.57
7679.57
7679.57
7679.57
7679.57
7679.57
7679.57
7679.57
7679.57
7679.57
7679.57
7679.57
6844.48
6844.48
6844.48
6844.48
7906.41
7906.41
7906.41
7906.41
301.68
301.68
7991.96
7991.96
7725.93
7725.93
7725.93
7725.93
7725.93
7725.93
7725.93
7725.93
7725.93
7725.93
7725.93
7725.93
1283.89
1283.89
5440.74
5440.74
5440.74
5440.74
7802.95
7802.95
6340.77
6340.77
5980.37
5980.37
848.58
848.58
7469.40
7469.40
7789.07
7789.07
8094.42
8094.42
8094.42
8094.42
8094.42
8094.42
8094.42
8094.42
8094.42
8094.42
8094.42
8094.42
8094.42
8094.42
40.74
40.74
156.94
156.94
1067.37
1067.37
678.78
678.78
1377.35
1377.35
1537.11
1537.11
1723.44
1723.44
1453.95
1453.95
1453.95
1453.95
1453.95
1453.95
1453.95
1453.95
488.99
488.99
488.99
488.99
2521.58
2521.58
980.92
980.92
2673.44
2673.44
3157.79
3157.79
3644.39
3644.39
3465.47
3465.47
4306.45
4306.45
4643.37
4643.37
801.93
801.93
4886.60
4886.60
801.74
801.74
5294.68
5294.68
5717.87
5717.87
6049.12
6049.12
5546.33
5546.33
699.68
699.68
5959.36
5959.36
36.01
36.01
152.04
152.04
7559.37
7559.37
152.34
152.34
37.83
37.83
747.26
747.26
3560.61
3560.61
7246.20
7246.20
13.55
13.55
39.75
39.75
62.38
62.38
7351.95
7351.95
7351.95
7351.95
7351.95
7351.95
7351.95
7351.95
7351.95
7351.95
7351.95
7351.95
7351.95
7351.95
7351.95
7351.95
37.32
37.32
2588.30
2588.30
2993.84
2993.84
3143.09
3143.09
3143.09
3143.09
3143.09
3143.09
23.84
23.84
310.53
310.53
1096.73
1096.73
1132.55
1132.55
1658.45
1658.45
2020.57
2020.57
2287.36
2287.36
2287.36
2287.36
1448.93
1448.93
1448.93
1448.93
12.22
12.22
749.74
749.74
5036.70
5036.70
84.36
84.36
5552.34
5552.34
2220.96
2220.96
2220.96
2220.96
2220.96
2220.96
3248.13
3248.13
3467.19
3467.19
3467.19
3467.19
3467.19
3467.19
6910.80
6910.80
4094.79
4094.79
5617.04
5617.04
5617.04
5617.04
1081.36
1081.36
2068.27
2068.27
5448.73
5448.73
38.07
38.07
286.15
286.15
7254.44
7254.44
7183.41
7183.41
5990.57
5990.57
2282.93
2282.93
49.24
49.24
6969.58
6969.58
4187.96
4187.96
58.06
58.06
68.97
68.97
802.43
802.43
8561.49
8561.49
8561.49
8561.49
31.72
31.72
1148.00
1148.00
3754.66
3754.66
440.68
440.68
7919.25
7919.25
7919.25
7919.25
7893.67
7893.67
7898.71
7898.71
7334.87
7334.87
47.53
47.53
40.65
40.65
398.76
398.76
2891.33
2891.33
2891.33
2891.33
2891.33
2891.33
1641.10
1641.10
7308.90
7308.90
68.04
68.04
87.86
87.86
6038.92
6038.92
43.86
43.86
7106.32
7106.32
7477.68
7477.68
7477.68
7477.68
7477.68
7477.68
7477.68
7477.68
8001.12
8001.12
3296.61
3296.61
7589.08
7589.08
63.62
63.62
6008.77
6008.77
15.66
15.66
3087.28
3087.28
3087.28
3087.28
3182.77
3182.77
3875.57
3875.57
5789.56
5789.56
7833.78
7833.78
4363.28
4363.28
7738.78
7738.78
7394.70
7394.70
7394.70
7394.70
2517.56
2517.56
2842.79
2842.79
2842.79
2842.79
2842.79
2842.79
2933.32
2933.32
2933.32
2933.32
2933.32
2933.32
2933.32
2933.32
11.89
11.89
11.89
363.72
595.40
595.40
697.82
697.82
871.50
871.50
1440.45
1440.45
305.89
305.89
660.68
660.68
2222.71
2222.71
2356.70
2356.70
2538.51
2538.51
2332.48
2332.48
3458.35
3458.35
3320.78
3320.78
916.46
916.46
3858.15
3858.15
14.04
14.04
5319.43
5319.43
898.47
898.47
5676.16
5676.16
45.34
45.34
1616.98
1616.98
1773.32
1773.32
1669.55
1669.55
800.84
800.84
28.59
28.59
17.70
17.70
7892.21
7892.21
4881.82
4881.82
15.69
15.69
7808.67
7808.67
7549.55
7549.55
7550.61
7550.61
7991.28
7991.28
6386.25
6386.25
25.84
25.84
799.92
799.92
5070.62
5070.62
6706.25
6706.25
6706.25
6706.25
7861.65
7861.65
2856.08
2856.08
3834.28
3834.28
2229.79
2229.79
3852.72
3852.72
7027.85
7027.85
7473.20
7473.20
128.31
128.31
860.32
860.32
5193.02
5193.02
5193.02
5193.02
5193.02
5193.02
5193.02
5193.02
7292.05
7292.05
7973.21
7973.21
800.91
800.91
78.46
78.46
7489.63
7489.63
2641.96
2641.96
3350.46
3350.46
7747.52
7747.52
7752.18
7752.18
1341.61
1341.61
347.09
347.09
151.96
151.96
7390.63
7390.63
91.45
91.45
8034.84
8034.84
478.64
478.64
803.58
803.58
7310.64
7310.64
4839.62
4839.62
7455.16
7455.16
2097.59
2097.59
6308.17
6308.17
7974.75
7974.75
7829.54
7829.54
7829.54
7829.54
7639.76
7639.76
6494.81
6494.81
6494.81
6494.81
6494.81
6494.81
11.91
11.91
7249.63
7249.63
2335.95
2335.95
7593.88
7593.88
801.46
801.46
7755.21
7755.21
71.31
71.31
202.78
202.78
7815.64
7815.64
7928.15
7928.15
25.91
25.91
7728.56
7728.56
8068.82
8068.82
8068.82
8068.82
6699.29
6699.29
6591.83
6591.83
7779.79
7779.79
7877.39
7877.39
7386.12
7386.12
7386.12
7386.12
7386.12
7386.12
7386.12
7386.12
7386.12
7386.12
7386.12
7386.12
7386.12
7386.12
32.12
32.12
32.12
359.58
1555.30
1555.30
2125.48
2125.48
2115.87
2115.87
2115.87
2115.87
485.42
485.42
2655.48
2655.48
2409.85
2409.85
2804.26
2804.26
2804.26
2804.26
2961.21
2961.21
3356.56
3356.56
3356.56
3356.56
3356.56
3356.56
3356.56
3356.56
3336.44
3336.44
786.29
786.29
40.56
40.56
3904.57
3904.57
4648.24
4648.24
4633.44
4633.44
4762.73
4762.73
5575.92
5575.92
3982.84
3982.84
801.07
801.07
5578.51
5578.51
5578.51
5578.51
5578.51
5578.51
5578.51
5578.51
5578.51
5578.51
5046.76
5046.76
6183.02
6183.02
37.02
37.02
5770.50
5770.50
2348.73
2348.73
28.50
28.50
59.96
59.96
3804.49
3804.49
3804.49
3804.49
3804.49
3804.49
3804.49
3804.49
3818.60
3818.60
3818.60
3818.60
6804.31
6804.31
7130.60
7130.60
7130.60
7130.60
7130.60
7130.60
7130.60
7130.60
863.06
863.06
3658.99
3658.99
799.65
799.65
3210.06
3210.06
3626.99
3626.99
7887.60
7887.60
3275.63
3275.63
3867.87
3867.87
3867.87
3867.87
4034.45
4034.45
4034.45
4034.45
1442.29
1442.29
1442.29
10.00
50.84
50.84
50.84
59.90
59.90
234.79
801.07
801.07
801.07
11.30
11.30
107.45
107.45
3099.34
3099.34
7210.04
7210.04
7210.04
7210.04
7124.42
7124.42
7474.58
7474.58
3263.69
3263.69
7395.83
7395.83
7553.56
7553.56
216.54
7640.00
7640.00
7640.00
5482.27
5482.27
7534.08
7534.08
7480.25
7480.25
6371.53
6371.53
847.15
847.15
7755.30
7755.30
159.85
159.85
7856.83
7856.83
7912.65
7912.65
801.37
801.37
7433.89
800.63
800.63
800.63
254.33
