# 1Hz Kbps trace generated by import_real_world_traces.py
4848.18
5735.12
5185.20
5794.93
5794.93
6188.45
6188.45
27.13
27.13
614.14
614.14
6398.43
6398.43
7307.09
7307.09
5977.39
5977.39
7442.09
7442.09
5953.11
5953.11
4911.45
4911.45
6447.06
6447.06
6070.12
6070.12
584.26
584.26
1190.88
1190.88
6470.98
6470.98
3505.68
3505.68
593.04
593.04
1282.88
1282.88
1271.71
1271.71
5309.75
5309.75
4747.42
4747.42
6067.13
6067.13
582.32
582.32
51.65
51.65
5919.41
5919.41
4204.07
4204.07
2560.91
2560.91
7015.22
7015.22
18.79
18.79
38.45
38.45
6738.91
6738.91
6767.14
6767.14
6333.18
6333.18
23.03
23.03
6642.23
6642.23
22.74
22.74
6480.53
6480.53
5797.48
5797.48
19.07
19.07
3829.67
3829.67
443.78
443.78
1367.25
1367.25
3388.30
3388.30
7948.35
7948.35
7814.81
7814.81
10.00
10.00
11.29
11.29
1256.26
1256.26
1256.26
1724.45
1724.45
7233.50
7233.50
7256.72
7256.72
7058.66
7058.66
6308.04
6308.04
6038.99
6038.99
6038.99
6038.99
5329.79
5329.79
7587.82
7587.82
5631.17
2822.40
2822.40
2822.40
7710.45
7710.45
869.99
869.99
1730.53
1730.53
5260.10
5260.10
571.56
571.56
202.15
202.15
428.96
428.96
425.81
425.81
10.00
10.00
2478.92
2478.92
2478.92
5633.30
5633.30
5633.30
743.28
743.28
69.60
69.60
665.84
665.84
29.46
29.46
10.00
10.00
2919.72
2919.72
2805.85
2805.85
13.75
13.75
2181.66
2181.66
5261.16
5261.16
4672.63
5121.42
5121.42
5121.42
5121.42
5121.42
5121.42
5121.42
5121.42
5121.42
5121.42
5121.42
2972.76
2972.76
5266.46
5266.46
6475.27
6475.27
6688.90
6688.90
7222.62
7222.62
5471.50
5471.50
6232.00
2882.82
2882.82
2882.82
408.34
408.34
100.44
100.44
14.04
14.04
2478.12
2478.12
27.06
27.06
938.40
938.40
3641.59
3641.59
256.19
256.19
96.44
96.44
562.52
562.52
2137.47
2062.22
2062.22
2062.22
3068.66
3068.66
5460.87
5460.87
563.27
563.27
41.09
41.09
654.14
654.14
123.16
123.16
6293.67
6293.67
6293.67
6293.67
3564.26
3564.26
614.97
614.97
2946.86
2946.86
587.43
587.43
76.83
76.83
4571.94
4571.94
4571.94
4571.94
4571.94
4571.94
584.37
584.37
6291.97
6291.97
17.94
17.94
2185.73
2185.73
5795.51
5795.51
1262.38
1262.38
5598.35
5598.35
5598.35
5598.35
5598.35
5598.35
6489.54
6489.54
81.69
81.69
193.75
193.75
7334.35
7334.35
7125.32
7125.32
44.89
44.89
10.04
10.04
8312.99
8312.99
3486.80
3486.80
4776.36
4776.36
637.22
637.22
10.00
10.00
145.86
145.86
51.80
51.80
107.04
107.04
42.40
42.40
20.85
20.85
111.58
111.58
428.31
428.31
181.99
181.99
10.00
10.00
1699.58
1699.58
593.79
593.79
108.02
108.02
326.93
326.93
774.35
774.35
50.88
50.88
5189.42
5189.42
301.01
301.01
2789.74
2789.74
82.70
82.70
4049.93
4049.93
98.30
98.30
154.53
154.53
554.70
554.70
3664.09
3664.09
6239.33
6239.33
11.46
11.46
25.88
25.88
4214.39
4214.39
1909.75
1909.75
107.27
107.27
32.20
32.20
4301.76
4301.76
1785.11
1785.11
2888.52
2888.52
10.00
10.00
6835.75
6835.75
5757.27
5757.27
3908.67
3908.67
1417.03
1417.03
614.69
614.69
618.36
618.36
40.98
40.98
1457.03
1457.03
81.61
81.61
1463.53
1463.53
376.21
376.21
4720.15
4720.15
373.61
373.61
265.22
265.22
267.07
267.07
1233.40
1233.40
742.67
742.67
280.49
280.49
284.07
284.07
265.01
265.01
34.71
34.71
12.62
12.62
176.89
176.89
4659.16
4659.16
3388.22
3388.22
3354.63
3354.63
1236.80
1236.80
79.23
79.23
6209.46
6209.46
7074.57
7074.57
5021.99
5021.99
83.26
83.26
103.96
103.96
27.90
27.90
5429.16
5429.16
6574.02
6574.02
4716.71
4716.71
5816.97
5816.97
11.48
11.48
96.05
96.05
566.56
566.56
3372.03
3372.03
55.07
55.07
283.58
283.58
45.82
45.82
127.11
127.11
93.45
93.45
78.30
78.30
81.62
81.62
413.31
413.31
74.11
74.11
4570.23
4570.23
3347.01
3347.01
4586.62
4586.62
3838.73
3838.73
1807.89
1807.89
4732.78
4732.78
4630.43
4630.43
3414.55
3414.55
1350.28
1350.28
1255.03
1255.03
340.43
340.43
81.14
81.14
147.02
147.02
823.15
823.15
5645.90
5645.90
5500.82
5500.82
5768.83
5768.83
4851.01
4851.01
1458.92
1458.92
769.34
769.34
453.42
453.42
440.93
440.93
5033.68
5033.68
3976.81
3976.81
6489.28
6489.28
1518.81
1518.81
4354.23
4354.23
6605.13
6605.13
2758.91
2758.91
2513.41
2513.41
5368.09
5368.09
6679.25
6679.25
594.28
594.28
6239.88
6239.88
3010.49
3010.49
58.37
58.37
54.79
54.79
37.88
37.88
179.42
179.42
6461.75
6461.75
3381.40
3381.40
34.92
34.92
2705.44
2705.44
3040.88
3040.88
3040.88
3040.88
5447.77
5447.77
6379.26
6379.26
4808.84
4808.84
6141.75
6141.75
5541.87
5541.87
471.42
471.42
397.36
397.36
1215.20
1215.20
571.45
571.45
6387.15
6387.15
74.05
74.05
5529.63
5529.63
420.52
420.52
4638.38
4638.38
4638.38
4638.38
42.69
42.69
599.87
599.87
4469.77
4469.77
1956.96
1956.96
6528.94
6528.94
491.89
491.89
3682.76
3682.76
4248.57
4248.57
1683.63
1683.63
1904.97
1904.97
4586.84
4586.84
3979.77
3979.77
104.26
104.26
909.62
909.62
3019.71
3019.71
654.94
654.94
748.74
748.74
10.00
10.00
1113.78
1113.78
1991.62
1991.62
887.71
887.71
1407.03
1407.03
2985.09
2985.09
2884.64
2884.64
160.88
160.88
738.96
738.96
1675.62
1675.62
540.57
540.57
160.56
160.56
429.91
429.91
49.28
49.28
66.96
66.96
657.10
657.10
51.55
51.55
556.37
556.37
179.61
179.61
6619.59
6619.59
5743.58
5743.58
51.95
51.95
4279.94
4279.94
6605.85
6605.85
279.81
279.81
2072.75
2072.75
4895.82
4895.82
3727.96
3727.96
212.24
212.24
29.09
29.09
4198.59
4198.59
5228.62
5228.62
461.40
461.40
5796.32
5796.32
922.96
922.96
278.79
278.79
25.26
25.26
2839.77
2839.77
114.12
114.12
600.54
600.54
231.91
231.91
1001.93
1001.93
32.73
32.73
105.99
105.99
1921.63
1921.63
497.36
497.36
533.15
533.15
3266.86
3266.86
26.52
26.52
2704.27
2704.27
136.39
136.39
624.73
624.73
983.12
983.12
2438.58
2438.58
96.14
96.14
3614.21
3614.21
585.84
585.84
460.30
460.30
609.37
609.37
305.86
305.86
2893.86
2893.86
11.67
11.67
36.92
36.92
526.37
526.37
3773.68
3773.68
120.16
120.16
5508.61
5508.61
2103.18
2103.18
591.03
591.03
3711.05
3711.05
620.55
620.55
196.70
196.70
764.82
764.82
10.49
10.49
5038.63
5038.63
4794.17
4794.17
3438.93
3438.93
3657.85
3657.85
93.28
93.28
153.12
153.12
719.43
719.43
6182.23
6182.23
526.83
526.83
6923.36
6923.36
5709.95
5709.95
7056.02
7056.02
6255.54
6255.54
6441.99
6441.99
5029.13
5029.13
3186.83
3186.83
1297.47
1297.47
6187.30
6187.30
3543.07
3543.07
2946.96
2946.96
605.76
605.76
76.54
76.54
4683.44
4683.44
76.09
76.09
6262.90
6262.90
2635.20
2635.20
6376.15
6376.15
3893.66
3893.66
134.76
134.76
745.39
745.39
22.65
22.65
1535.21
1535.21
4700.35
4700.35
4419.74
4419.74
1605.53
1605.53
669.41
669.41
6454.55
6454.55
4670.23
4670.23
5805.91
5805.91
1035.53
1035.53
4954.60
4954.60
6467.34
6467.34
6302.53
6302.53
2733.30
2733.30
4922.09
4922.09
6330.66
6330.66
6283.68
6283.68
4907.49
4907.49
4907.49
4907.49
4907.49
4907.49
4907.49
4907.49
4907.49
4907.49
4907.49
4907.49
4907.49
4907.49
3765.89
3765.89
5202.19
5202.19
6624.09
6624.09
6409.09
6409.09
5037.93
5037.93
4911.42
4911.42
6802.89
6802.89
6600.44
6600.44
6013.19
6013.19
6174.19
6174.19
5915.70
5915.70
5780.91
5780.91
5268.63
5268.63
5742.63
5742.63
5755.94
5755.94
6026.95
6026.95
7429.47
7429.47
3486.15
3486.15
6202.96
6202.96
6156.95
6156.95
6386.76
6386.76
604.67
604.67
57.72
57.72
5401.94
5401.94
6942.20
6942.20
1726.04
1726.04
643.15
643.15
5702.32
5702.32
3938.22
3938.22
525.78
525.78
160.19
160.19
6429.85
6429.85
5102.75
5102.75
6282.91
6282.91
5647.15
5647.15
6502.47
6502.47
6530.49
6530.49
7192.80
7192.80
6028.99
6028.99
6665.50
6665.50
5290.35
5290.35
7255.63
7255.63
2866.56
2866.56
6389.02
6389.02
6052.23
6052.23
7050.28
7050.28
6583.91
6583.91
5344.31
5344.31
7271.39
7271.39
7262.35
7262.35
3169.07
3169.07
2035.56
2035.56
7296.24
7296.24
2835.95
2835.95
30.34
30.34
605.47
605.47
10.00
10.00
4911.81
4911.81
5998.93
5998.93
2322.01
2322.01
7198.22
7198.22
3348.40
3348.40
2380.09
2380.09
2928.94
2928.94
2719.46
2719.46
6032.98
6032.98
1287.49
1287.49
1568.48
1568.48
2551.87
2551.87
2917.93
2917.93
3738.49
3738.49
3738.49
3738.49
635.27
635.27
447.29
447.29
2229.23
2229.23
10.00
10.00
139.65
139.65
13.77
13.77
5250.33
5250.33
5250.33
5250.33
5250.33
5250.33
5782.33
5782.33
61.75
61.75
590.74
590.74
2951.27
2951.27
4417.90
4417.90
17.40
17.40
6045.63
6045.63
29.90
29.90
347.17
347.17
1236.05
1236.05
34.76
34.76
641.77
641.77
605.04
605.04
416.25
416.25
310.10
310.10
10.00
10.00
96.22
96.22
26.95
26.95
31.05
31.05
535.91
535.91
688.01
688.01
3697.69
3697.69
532.68
532.68
2023.35
2023.35
610.54
610.54
29.55
29.55
10.00
10.00
59.83
59.83
84.54
84.54
4230.94
4230.94
3574.94
3574.94
3574.94
4367.37
4367.37
4581.93
4581.93
3761.58
3761.58
4344.90
4344.90
4630.02
4630.02
4630.02
4630.02
4630.02
4630.02
4630.02
4630.02
4630.02
4630.02
4630.02
4630.02
4630.02
4630.02
2670.60
2670.60
48.41
48.41
2262.11
2262.11
2470.02
2470.02
2209.26
2209.26
1440.51
1440.51
665.88
665.88
3644.72
3644.72
10.00
10.00
2401.70
2401.70
3896.01
3896.01
2010.92
2010.92
3563.27
3563.27
21.23
21.23
3492.16
3492.16
32.09
32.09
3530.58
3530.58
3670.60
3670.60
601.00
601.00
810.77
810.77
5061.00
5061.00
6376.83
6376.83
5840.31
5840.31
6298.40
6298.40
6460.82
6460.82
6245.76
6245.76
65.09
65.09
7366.29
7366.29
7366.29
7366.29
10.00
16.85
16.85
16.85
392.70
392.70
308.92
308.92
4237.07
4237.07
373.18
373.18
21.75
21.75
30.04
30.04
149.88
149.88
65.12
65.12
161.38
161.38
26.74
26.74
333.83
333.83
688.12
688.12
167.96
167.96
28.72
28.72
390.11
390.11
294.69
294.69
562.57
562.57
53.44
53.44
25.52
25.52
4303.83
4303.83
21.22
21.22
846.00
846.00
70.27
70.27
217.66
217.66
908.33
908.33
108.87
108.87
2096.69
2096.69
643.07
643.07
4695.87
4695.87
4172.99
4172.99
42.55
42.55
629.55
629.55
1414.39
1414.39
1399.93
1399.93
1521.45
1521.45
570.89
570.89
5143.77
5143.77
4784.40
4784.40
5326.32
5326.32
5326.32
5326.32
26.41
26.41
84.45
84.45
157.32
157.32
27.48
27.48
1714.61
470.00
470.00
2665.51
2665.51
637.02
637.02
4103.22
4103.22
771.21
771.21
37.56
37.56
173.76
173.76
31.02
31.02
30.55
30.55
540.88
540.88
43.15
43.15
2694.27
2694.27
12.15
12.15
17.17
17.17
76.18
76.18
2174.19
2174.19
24.62
24.62
6620.62
6620.62
174.54
174.54
19.11
19.11
87.14
87.14
623.54
623.54
3014.18
3014.18
6099.40
6099.40
5644.25
5644.25
66.43
66.43
10.00
10.00
2820.64
2820.64
929.96
929.96
80.90
80.90
91.30
91.30
6264.14
6264.14
522.71
522.71
566.75
566.75
399.88
399.88
4022.38
4022.38
6626.72
6626.72
5093.38
5093.38
4851.84
4851.84
2456.20
2456.20
2076.02
2076.02
5004.97
5004.97
6412.33
6412.33
5161.75
5161.75
246.07
246.07
29.53
29.53
22.04
22.04
248.14
248.14
651.72
651.72
6069.81
6069.81
654.67
654.67
90.57
90.57
10.00
10.00
257.79
257.79
12.19
12.19
10.00
10.00
10.61
10.61
617.56
617.56
639.05
639.05
49.14
49.14
10.00
10.00
317.32
317.32
526.89
526.89
260.25
260.25
62.83
62.83
27.21
27.21
5218.21
5218.21
614.94
614.94
6050.02
6050.02
10.00
10.00
102.53
102.53
4183.64
4183.64
5002.02
5002.02
79.00
79.00
600.97
600.97
236.54
236.54
733.01
733.01
3874.78
3874.78
10.00
10.00
5230.58
5230.58
4870.73
4870.73
6081.02
6081.02
5084.64
5084.64
63.24
63.24
706.10
706.10
51.07
51.07
610.27
610.27
610.27
54.74
54.74
76.13
76.13
10.00
10.00
6571.00
6571.00
6458.61
6458.61
11.48
11.48
611.65
611.65
56.11
56.11
54.28
54.28
287.11
287.11
239.52
239.52
614.28
614.28
1409.06
1409.06
2047.79
2047.79
2325.45
2325.45
725.08
725.08
2472.40
2472.40
2472.40
2472.40
2472.40
2472.40
5595.04
5595.04
103.16
103.16
10.00
10.00
1885.96
1885.96
6100.06
6100.06
5096.19
5096.19
164.28
164.28
11.64
11.64
2901.64
2901.64
3464.80
3464.80
4845.27
4845.27
4870.14
4870.14
4742.42
4742.42
6379.42
6379.42
6444.99
6444.99
4167.28
4167.28
6458.21
6458.21
229.83
229.83
1323.70
1323.70
11.86
11.86
6288.81
6288.81
6459.84
6459.84
6313.57
6313.57
713.56
713.56
2964.91
2964.91
2270.27
2270.27
5871.05
5871.05
1181.08
1181.08
51.40
51.40
133.42
133.42
79.28
79.28
5673.06
5673.06
6432.98
6432.98
6303.35
6303.35
6042.04
601.75
601.75
601.75
10.00
10.00
3330.62
3330.62
7010.33
7010.33
7010.33
7010.33
600.66
600.66
2167.48
2167.48
18.31
18.31
19.22
19.22
2237.60
2237.60
955.07
955.07
57.37
57.37
694.68
694.68
238.19
238.19
155.64
155.64
17.39
17.39
373.27
373.27
19.71
19.71
89.69
89.69
6231.31
6231.31
6566.50
6566.50
5063.32
5063.32
1018.22
1018.22
2865.26
2865.26
2875.22
2875.22
456.76
456.76
1469.58
1469.58
5358.54
5358.54
10.00
10.00
5603.10
5603.10
4689.03
4689.03
17.99
17.99
6431.75
6431.75
6832.31
6832.31
6197.38
6197.38
39.00
39.00
4317.05
4317.05
6709.51
6709.51
3525.22
3525.22
3424.09
3424.09
3469.95
3469.95
3469.95
3469.95
3469.95
3469.95
3469.95
3469.95
3469.95
3469.95
3469.95
3469.95
3978.80
3978.80
6206.93
6206.93
3924.15
3924.15
4428.60
4428.60
6878.35
6878.35
6691.61
6691.61
6091.57
6091.57
7086.77
7086.77
3801.10
3801.10
6505.56
6505.56
5477.95
5477.95
5477.95
5477.95
5477.95
5477.95
5477.95
5477.95
5477.95
5477.95
691.53
691.53
14.87
14.87
30.78
30.78
55.88
55.88
29.52
29.52
1783.74
1783.74
2386.87
2386.87
2078.83
2078.83
1015.19
1015.19
4677.72
4677.72
6140.85
6140.85
5846.03
5846.03
7859.55
7859.55
6079.57
6079.57
6302.06
6302.06
11.65
11.65
5239.72
5239.72
6040.62
6040.62
558.12
558.12
6727.30
6727.30
3225.86
3225.86
666.24
666.24
1290.25
1290.25
823.59
823.59
6243.90
6243.90
1878.23
1878.23
1723.52
1723.52
316.08
316.08
600.20
600.20
3778.93
3778.93
5992.59
5992.59
6207.17
6207.17
812.64
812.64
2561.86
2561.86
110.22
110.22
1683.92
1683.92
5036.77
5036.77
3983.00
3983.00
2400.90
2400.90
84.69
84.69
927.42
927.42
25.04
25.04
3607.07
3607.07
4801.40
4801.40
827.35
827.35
29.44
29.44
4101.58
4101.58
14.43
14.43
2163.25
2163.25
2217.48
2217.48
2217.48
2217.48
35.24
35.24
76.39
76.39
2359.76
2359.76
541.56
541.56
1402.72
1402.72
1198.46
1198.46
30.73
30.73
95.85
95.85
1440.95
1440.95
3553.49
3553.49
4188.68
4188.68
54.99
54.99
4150.99
4150.99
4842.21
4842.21
5734.84
5734.84
6332.95
6332.95
18.79
18.79
46.81
46.81
24.48
24.48
31.78
31.78
1154.47
1154.47
10.00
10.00
7549.75
7549.75
2901.12
2901.12
1200.29
1200.29
6132.82
6132.82
5785.10
5785.10
568.74
568.74
496.71
496.71
49.87
49.87
109.02
109.02
137.63
137.63
546.29
546.29
204.19
204.19
1338.98
1338.98
5953.11
5953.11
3488.91
3488.91
2183.56
2183.56
5493.62
5493.62
26.40
26.40
2182.73
2182.73
5630.71
5630.71
1587.18
1587.18
212.43
212.43
3592.28
3592.28
3179.84
3179.84
5120.87
5120.87
892.72
892.72
309.90
309.90
693.62
693.62
26.59
26.59
25.43
25.43
33.77
33.77
333.57
333.57
12.65
12.65
4641.33
4641.33
649.93
649.93
239.95
239.95
319.70
319.70
1164.15
1164.15
446.75
446.75
2037.60
2037.60
2178.56
2178.56
3501.94
3501.94
5863.38
5863.38
6346.22
6346.22
13.75
13.75
28.82
28.82
26.87
26.87
845.10
845.10
527.07
527.07
61.41
61.41
774.90
774.90
5751.16
5751.16
196.78
196.78
6066.68
6066.68
729.24
729.24
110.47
110.47
5145.87
5145.87
992.15
992.15
579.12
579.12
11.21
11.21
2313.53
2313.53
4900.60
4900.60
107.12
107.12
752.22
752.22
127.88
127.88
606.27
606.27
209.67
209.67
2203.45
2203.45
5837.38
5837.38
678.99
678.99
46.36
46.36
3855.57
3855.57
10.60
10.60
39.87
39.87
833.99
833.99
655.37
655.37
56.03
56.03
49.85
49.85
166.71
166.71
43.35
43.35
48.22
48.22
3419.35
3419.35
1866.54
1866.54
2390.57
2390.57
2724.73
2724.73
1008.18
1008.18
1248.19
1248.19
79.20
79.20
358.60
358.60
26.23
26.23
1170.06
1170.06
62.59
62.59
11.19
11.19
20.85
20.85
4002.43
4002.43
682.80
682.80
4425.46
4425.46
2643.40
2643.40
4182.01
4182.01
10.00
10.00
3992.55
3992.55
4742.74
4742.74
4810.27
4810.27
4931.03
4931.03
5769.18
5769.18
4792.85
4792.85
3406.59
3406.59
1022.71
1022.71
1296.05
1296.05
213.87
213.87
3427.47
3427.47
67.44
67.44
252.47
252.47
615.20
615.20
2680.64
2680.64
67.34
67.34
2988.54
2988.54
95.00
95.00
797.68
797.68
1008.02
1008.02
4689.37
4689.37
4699.22
4699.22
58.75
58.75
2424.34
2424.34
4313.48
4313.48
4604.99
4604.99
4656.67
4656.67
46.30
46.30
12.98
12.98
4689.21
4689.21
650.26
650.26
29.43
29.43
5518.99
5518.99
5610.03
5610.03
58.60
58.60
579.94
579.94
4027.01
4027.01
5846.89
5846.89
2692.76
2692.76
5878.27
5878.27
609.75
609.75
5912.23
5912.23
36.05
36.05
589.42
589.42
5341.22
5341.22
3738.61
3738.61
6378.88
6378.88
605.96
605.96
89.43
89.43
922.32
922.32
6052.23
6052.23
64.46
64.46
2844.91
2844.91
246.26
246.26
624.55
624.55
374.70
374.70
1675.04
1675.04
99.23
99.23
761.56
761.56
5862.07
5862.07
1508.77
1508.77
5064.85
5064.85
63.03
63.03
3059.61
3059.61
13.75
13.75
3544.14
3544.14
10.00
10.00
739.31
739.31
5231.79
5231.79
36.20
36.20
1822.93
1822.93
590.32
590.32
162.12
162.12
571.00
571.00
83.98
83.98
11.46
11.46
34.14
34.14
98.32
98.32
37.58
37.58
45.84
45.84
609.85
609.85
921.56
921.56
22.45
22.45
19.77
19.77
63.75
63.75
2879.85
2879.85
672.08
672.08
118.62
118.62
69.26
69.26
13.81
13.81
10.39
10.39
11.24
11.24
1289.46
1289.46
133.37
133.37
2881.39
2881.39
615.13
615.13
2835.40
2835.40
2076.37
2076.37
1451.13
1451.13
17.82
17.82
2123.38
2123.38
2556.24
2556.24
2563.69
2563.69
4422.73
4422.73
859.16
859.16
2263.03
2263.03
2273.42
2273.42
762.53
762.53
220.36
220.36
37.21
37.21
232.97
232.97
1288.06
1288.06
11.68
11.68
3081.11
3081.11
1760.37
1760.37
47.88
47.88
2838.44
2838.44
527.90
527.90
5377.42
5377.42
813.59
813.59
371.88
371.88
2661.90
2661.90
540.09
540.09
4842.81
4842.81
4663.22
4663.22
3608.67
3608.67
5192.69
5192.69
419.07
419.07
31.48
31.48
22.65
22.65
627.24
627.24
1784.30
1784.30
3018.49
3018.49
650.31
650.31
4391.45
4391.45
4453.15
4453.15
496.08
496.08
577.29
577.29
1732.61
1732.61
2544.57
2544.57
574.50
574.50
48.53
48.53
923.23
923.23
38.27
38.27
1078.70
1078.70
4606.31
4606.31
116.79
116.79
1974.02
1974.02
2926.11
2926.11
1694.37
1694.37
10.00
10.00
266.33
266.33
55.17
55.17
188.21
188.21
293.99
293.99
2092.36
2092.36
1858.00
1858.00
10.00
10.00
2815.10
2815.10
2643.93
2643.93
4004.51
4004.51
2696.97
2696.97
34.93
34.93
889.50
889.50
532.81
532.81
3816.41
3816.41
2634.58
2634.58
27.56
27.56
197.43
197.43
549.32
549.32
97.90
97.90
91.30
91.30
1526.69
1526.69
2913.72
2913.72
3034.96
3034.96
2804.50
2804.50
591.85
591.85
3373.26
3373.26
688.88
688.88
19.33
19.33
50.55
50.55
4055.72
4055.72
138.71
138.71
137.65
137.65
171.94
171.94
4054.74
4054.74
4054.74
4054.74
1384.57
1384.57
5278.82
5278.82
1642.75
1642.75
5689.09
5689.09
43.37
43.37
5252.92
5252.92
5306.73
5306.73
5218.34
5218.34
4617.82
4617.82
5337.02
5337.02
4212.01
4212.01
5859.50
5859.50
5739.80
5739.80
2171.04
2171.04
6041.80
6041.80
3799.62
3799.62
5559.56
5559.56
397.66
397.66
864.40
864.40
5168.68
5168.68
4041.78
4041.78
3790.16
3790.16
4713.63
4713.63
3462.25
3462.25
4054.45
4054.45
5868.01
5868.01
1965.58
1965.58
680.57
680.57
1411.07
1411.07
65.95
65.95
2506.56
2506.56
3796.71
3796.71
5397.55
5397.55
5397.55
5397.55
5044.62
5044.62
4695.21
4695.21
57.80
57.80
604.36
604.36
2275.98
2275.98
768.18
768.18
730.64
730.64
3748.03
3748.03
4826.55
4826.55
4826.55
4826.55
609.77
609.77
4997.75
4997.75
4555.56
4555.56
4250.18
4250.18
3519.99
3519.99
4732.05
4732.05
4320.20
4320.20
5356.64
5356.64
13.11
13.11
2594.52
2594.52
19.89
19.89
5817.66
5817.66
4499.37
4499.37
3778.39
3778.39
5673.71
5673.71
5914.93
5914.93
4136.11
4136.11
5048.81
5048.81
1465.60
1465.60
3113.18
3113.18
368.21
368.21
2438.20
2438.20
665.95
665.95
155.29
155.29
599.54
599.54
3836.26
3836.26
675.25
675.25
1887.88
1887.88
1491.27
1491.27
3887.24
3887.24
124.18
124.18
6016.81
6016.81
4540.67
4540.67
120.30
120.30
3121.54
3121.54
4022.91
4022.91
4744.48
4744.48
5559.07
5559.07
5559.07
5559.07
10.92
10.92
4294.83
4294.83
5318.93
5318.93
4576.25
4576.25
4440.22
4440.22
4901.64
4901.64
4947.71
4947.71
3186.46
3186.46
10.00
10.00
1755.65
1755.65
2701.09
2701.09
5630.36
5630.36
5279.55
5279.55
66.85
66.85
4377.24
4377.24
90.33
90.33
777.22
777.22
5003.73
5003.73
3588.61
3588.61
5336.70
5336.70
1544.38
1544.38
1997.15
1997.15
4210.85
4210.85
5527.95
5527.95
1519.25
1519.25
31.25
31.25
1779.10
1779.10
3977.28
3977.28
1899.01
1899.01
4752.22
4752.22
1817.44
1817.44
600.24
600.24
4010.74
4010.74
4698.06
4698.06
5189.07
5189.07
1570.72
1570.72
376.30
376.30
376.30
21.34
5068.07
5068.07
10.36
10.36
5348.10
5348.10
5594.58
5594.58
337.13
337.13
4445.27
4445.27
4759.45
4759.45
5431.43
5431.43
4973.97
4973.97
4381.38
4381.38
5268.87
5268.87
4810.20
4810.20
3601.48
3601.48
123.91
123.91
5534.60
5534.60
5097.25
5097.25
5577.42
5577.42
661.21
661.21
1961.19
1961.19
2362.24
2362.24
2570.02
2570.02
6021.74
6021.74
3589.20
3589.20
1484.65
1484.65
3439.89
3439.89
6333.60
6333.60
95.42
95.42
712.75
712.75
269.17
269.17
566.48
566.48
81.10
81.10
591.80
591.80
1460.65
1460.65
290.41
290.41
13.92
13.92
440.57
440.57
603.16
603.16
603.16
4161.95
4161.95
3707.04
3707.04
2136.07
2136.07
183.87
183.87
6867.41
6867.41
4564.96
4564.96
613.73
613.73
3628.41
3628.41
132.99
132.99
5838.29
5838.29
5271.99
5271.99
5860.97
5860.97
6241.20
6241.20
6143.90
6143.90
3347.38
3347.38
847.62
847.62
6902.48
6902.48
5443.80
5443.80
6752.14
6752.14
6258.70
6258.70
4077.51
4077.51
6913.09
6913.09
5309.18
5309.18
5768.26
5768.26
5298.76
5298.76
5179.68
5179.68
884.40
884.40
4591.26
4591.26
624.72
624.72
98.56
98.56
5908.00
5908.00
5187.90
5187.90
6249.45
6249.45
5680.67
5680.67
6339.44
6339.44
5417.43
5417.43
6325.12
6325.12
5671.48
5671.48
4335.05
4335.05
5461.05
5461.05
2656.22
2656.22
1037.35
1037.35
5855.72
5855.72
5646.17
5646.17
6688.25
6688.25
12.50
12.50
4741.12
4741.12
10.00
10.00
2933.51
2933.51
6681.04
6681.04
5363.57
5363.57
5700.23
5700.23
6119.98
6119.98
5886.80
5886.80
3430.56
3430.56
5581.86
5581.86
4530.54
4530.54
4747.42
4747.42
5119.56
5119.56
4527.29
4527.29
2957.30
2957.30
815.50
815.50
4608.81
4608.81
6531.65
6531.65
5801.40
5801.40
2458.27
2458.27
6125.90
6125.90
2899.31
2899.31
2506.68
2506.68
1228.62
1228.62
4376.17
4376.17
27.72
27.72
4567.51
4567.51
3441.10
3441.10
4272.11
4272.11
639.55
639.55
2753.52
2753.52
4356.36
4356.36
3824.65
3824.65
4791.10
4791.10
5214.42
5214.42
1820.66
1820.66
5241.06
5241.06
5304.94
5304.94
5290.10
5290.10
2689.11
2689.11
4335.86
4335.86
4151.46
4151.46
4235.62
4235.62
2083.29
2083.29
6173.48
6173.48
94.88
94.88
413.46
413.46
4607.07
4607.07
3360.53
3360.53
978.70
978.70
3035.61
3035.61
3035.61
3035.61
3035.61
3035.61
3035.61
3035.61
3035.61
3035.61
3035.61
3035.61
5282.45
5282.45
3626.08
3626.08
5415.85
5415.85
4210.34
4210.34
4429.83
4429.83
4214.68
4214.68
6678.05
6678.05
6300.92
6300.92
10.00
10.00
2531.68
2531.68
4729.38
4729.38
2550.21
2550.21
6828.60
6828.60
3212.88
3212.88
1096.18
1096.18
1843.92
1843.92
2895.13
2895.13
5945.94
5945.94
70.20
70.20
6979.02
6979.02
3673.08
3673.08
2229.71
2229.71
6964.52
6964.52
6769.70
6769.70
6769.70
6769.70
6769.70
6769.70
6769.70
6769.70
6769.70
6769.70
6769.70
6769.70
7126.85
7126.85
6923.71
6923.71
6923.71
6923.71
6923.71
6923.71
6923.71
6923.71
6923.71
6923.71
10.00
10.00
2382.52
2382.52
2526.65
2526.65
6341.65
6341.65
5348.73
5348.73
5458.16
5458.16
4901.32
4901.32
5851.83
5851.83
6705.50
6705.50
6705.50
6705.50
6705.50
6705.50
6705.50
6705.50
6705.50
6705.50
6705.50
6705.50
6705.50
6705.50
6705.50
6705.50
31.47
31.47
456.22
456.22
6639.19
6639.19
6067.58
6067.58
7925.00
7925.00
1570.33
1570.33
7368.74
7368.74
6954.20
6954.20
4833.11
4833.11
7035.93
7035.93
6284.23
6284.23
5854.72
5854.72
229.12
229.12
2358.87
2358.87
2358.87
2358.87
4149.60
4149.60
568.79
568.79
7521.32
7521.32
2672.10
2672.10
2193.52
2193.52
7142.23
7142.23
5939.08
5939.08
6369.54
6369.54
6369.54
6369.54
19.58
19.58
2961.62
2961.62
4848.39
4848.39
4848.39
4848.39
572.09
572.09
682.83
682.83
5426.31
5426.31
6358.11
6358.11
6027.91
6027.91
665.83
665.83
6530.57
6530.57
6741.08
6741.08
6741.08
6741.08
6838.99
6838.99
6838.99
6838.99
6838.99
6838.99
3313.54
3313.54
298.13
298.13
7495.51
7495.51
12.51
12.51
68.64
68.64
5183.11
5183.11
39.50
39.50
87.72
87.72
3002.39
3002.39
7601.65
7601.65
7339.81
7339.81
2738.46
2738.46
650.17
650.17
177.33
177.33
23.68
23.68
6798.85
6798.85
3124.78
3124.78
6442.13
6442.13
285.65
285.65
80.31
80.31
8023.56
8023.56
6172.63
6172.63
4716.90
4716.90
5233.70
5233.70
6625.24
6625.24
985.96
985.96
7463.65
7463.65
13.78
13.78
90.63
90.63
6742.02
6742.02
7007.67
7007.67
6496.08
6496.08
2881.68
2881.68
3192.68
3192.68
4033.31
4033.31
5814.10
5814.10
7176.57
7176.57
3075.67
3075.67
10.59
10.59
1216.45
1216.45
2903.16
2903.16
4416.36
4416.36
5562.72
5562.72
3572.13
3572.13
5781.56
5781.56
5303.11
5303.11
5496.11
5496.11
7292.96
7292.96
5915.81
5915.81
112.25
112.25
15.30
15.30
79.77
79.77
6155.59
6155.59
7132.50
7132.50
5870.00
5870.00
7689.55
7689.55
17.29
17.29
801.50
801.50
728.63
728.63
52.89
52.89
27.12
27.12
1199.28
1199.28
8299.11
8299.11
7623.99
7623.99
5472.39
5472.39
7396.18
7396.18
5348.06
5348.06
1669.66
1669.66
7896.18
7896.18
1007.42
1007.42
12.89
12.89
182.32
182.32
6772.52
6772.52
6772.52
6772.52
7079.12
7079.12
4402.61
4402.61
7130.61
7130.61
615.59
615.59
2966.20
2966.20
556.80
556.80
1267.65
1267.65
2225.86
2225.86
66.06
66.06
3342.29
3342.29
4866.37
4866.37
1293.04
1293.04
4027.99
4027.99
4220.41
4220.41
2693.12
2693.12
628.25
628.25
6931.93
6931.93
7270.65
7270.65
8016.26
8016.26
563.51
563.51
41.28
41.28
239.17
239.17
7445.41
7445.41
5485.74
5485.74
5724.25
5724.25
6313.55
6313.55
3519.35
3519.35
3585.10
3585.10
1306.10
1306.10
714.14
714.14
4389.15
4389.15
7311.73
7311.73
3802.91
3802.91
165.57
165.57
1464.70
1464.70
800.78
800.78
2819.28
2819.28
6690.18
6690.18
6520.16
6520.16
7902.89
7902.89
4381.57
4381.57
7512.45
7512.45
2060.38
2060.38
365.72
365.72
6527.55
6527.55
7001.27
7001.27
7791.24
7791.24
6840.41
6840.41
7503.28
7503.28
7070.17
7070.17
979.44
979.44
7149.10
7149.10
5095.14
5095.14
5952.26
5952.26
7067.88
7067.88
6765.60
6765.60
10.00
10.00
6362.37
6362.37
6516.07
6516.07
6579.78
6579.78
6929.72
6929.72
6076.54
6076.54
1607.45
1607.45
631.83
631.83
6999.49
6999.49
3654.68
3654.68
4437.93
4437.93
5642.13
5642.13
6836.58
6836.58
5601.09
5601.09
6813.18
6813.18
5267.83
5267.83
5704.69
5704.69
6551.14
6551.14
7147.37
7147.37
6029.23
6029.23
5382.07
5382.07
6368.47
6368.47
1865.98
1865.98
3047.50
3047.50
6469.98
6469.98
5805.53
5805.53
628.14
628.14
4720.27
4720.27
2182.45
2182.45
12.74
12.74
2918.56
2918.56
4881.08
4881.08
1916.27
1916.27
5405.73
5405.73
1794.93
1794.93
5409.54
5409.54
5444.50
5444.50
6078.89
6078.89
4752.73
4752.73
2773.86
2773.86
4694.86
4694.86
5200.47
5200.47
5200.47
5200.47
873.11
873.11
1852.04
1852.04
610.47
610.47
2688.13
2688.13
2926.32
2926.32
2843.02
2843.02
2123.03
2123.03
20.48
20.48
10.37
10.37
3492.90
3492.90
4517.62
4517.62
3987.63
3987.63
66.67
66.67
4756.97
4756.97
31.92
31.92
5957.48
5957.48
6003.15
6003.15
5905.97
5905.97
5478.87
5478.87
5961.55
5961.55
4209.73
4209.73
3945.19
3945.19
649.45
649.45
4371.97
4371.97
6241.29
6241.29
5191.41
5191.41
1703.37
1703.37
6027.22
6027.22
5679.85
5679.85
5942.63
5942.63
5431.41
5431.41
6160.37
6160.37
5232.66
5232.66
5232.66
5232.66
3025.46
3025.46
4144.79
4144.79
4629.96
4629.96
4776.56
4776.56
5154.73
5154.73
5462.59
5462.59
5393.33
5393.33
10.00
10.00
354.33
354.33
4627.22
4627.22
4025.05
4025.05
93.64
93.64
3944.55
3944.55
587.26
587.26
6560.35
6560.35
4318.66
4318.66
4797.20
4797.20
4006.19
4006.19
4805.91
4805.91
6340.85
6340.85
5193.92
5193.92
6224.80
6224.80
3710.67
3710.67
5547.30
5547.30
3938.04
3938.04
3938.04
3938.04
595.55
595.55
1907.82
1907.82
2868.38
2868.38
2868.38
2868.38
2868.38
2868.38
3019.81
3019.81
3054.95
3054.95
10.00
10.00
53.72
53.72
71.28
71.28
71.28
632.08
632.08
632.08
1534.84
1316.91
1316.91
637.62
3601.32
3601.32
3601.32
3601.32
3601.32
3601.32
3650.99
3650.99
22.15
22.15
1745.21
1745.21
4767.97
4767.97
4287.80
4287.80
4539.30
4539.30
4065.70
4065.70
4126.86
4126.86
4287.26
4287.26
4462.20
4462.20
5328.57
5328.57
5741.47
5741.47
6581.88
6581.88
6581.88
6581.88
6581.88
6581.88
6581.88
6581.88
6935.80
6935.80
6999.87
6999.87
1471.07
1471.07
2993.99
2993.99
2993.99
2993.99
2993.99
2993.99
2993.99
2993.99
7204.19
7204.19
659.90
659.90
6265.03
6265.03
2813.42
2813.42
2813.42
2813.42
2813.42
2813.42
2813.42
2813.42
4820.21
4820.21
649.91
649.91
7630.11
7630.11
5313.21
5313.21
66.06
66.06
4613.87
4613.87
12.51
12.51
4366.86
4366.86
606.55
606.55
4150.65
4150.65
4858.88
4858.88
4619.43
4619.43
33.02
33.02
4223.99
4223.99
4589.58
4589.58
4589.58
5284.13
5284.13
5284.13
5284.13
3816.44
3816.44
748.34
748.34
5127.30
5127.30
1499.78
1499.78
5412.93
6397.97
6397.97
6397.97
6874.35
6874.35
7455.88
7455.88
6957.77
6957.77
58.52
58.52
4980.89
4980.89
7953.89
7953.89
3133.33
3133.33
21.84
21.84
37.97
37.97
6009.35
6009.35
4350.62
4350.62
5448.57
5448.57
7779.72
7779.72
8030.98
8030.98
12.64
12.64
406.01
406.01
7750.87
7750.87
7685.86
7685.86
332.97
332.97
14.06
14.06
6357.89
6357.89
36.35
36.35
51.44
51.44
1070.75
1070.75
4105.16
4105.16
6651.86
6651.86
2406.52
2406.52
7140.92
7140.92
29.86
29.86
3335.62
3335.62
187.05
187.05
1850.06
1850.06
311.78
311.78
1007.68
1007.68
897.01
1770.78
1770.78
1770.78
7833.42
7833.42
5071.25
5071.25
5017.55
5017.55
290.61
290.61
6983.94
6983.94
7014.28
7014.28
1354.74
1354.74
31.63
31.63
6248.34
6248.34
1487.92
1487.92
6997.20
6997.20
30.88
30.88
127.43
127.43
10.41
10.41
231.38
231.38
11.49
11.49
34.86
34.86
103.43
103.43
4563.87
4563.87
2621.39
2621.39
5742.36
5742.36
5573.12
5573.12
6760.36
6138.84
6138.84
6138.84
5612.67
5612.67
7770.98
7770.98
4367.40
4367.40
8283.97
8283.97
2237.30
2237.30
5487.44
5487.44
1815.03
1815.03
7201.22
7201.22
2427.97
2427.97
600.69
600.69
2621.26
2621.26
6075.80
6075.80
6436.22
6436.22
49.55
49.55
5883.18
5883.18
4386.52
4386.52
7069.44
7069.44
4905.37
4905.37
2610.58
2610.58
6717.49
6717.49
6327.31
6327.31
5309.98
5309.98
5549.56
5549.56
7216.51
7216.51
7251.58
7251.58
7799.66
7799.66
6025.59
6025.59
3047.64
3047.64
6412.55
6412.55
4369.08
4369.08
6589.04
6589.04
6043.10
6043.10
6065.51
6065.51
50.11
50.11
56.60
56.60
3820.05
3820.05
7080.30
7080.30
7357.55
7357.55
4455.81
4455.81
5221.44
5221.44
6334.58
6334.58
3021.69
3021.69
5854.68
5854.68
5520.08
5520.08
3103.61
3103.61
1983.34
1983.34
6616.96
6616.96
4794.08
4794.08
1637.36
1637.36
512.76
512.76
2739.75
2739.75
1458.17
1458.17
615.44
615.44
437.67
437.67
4861.71
4861.71
6382.47
6382.47
729.36
729.36
6456.66
6456.66
3760.11
3760.11
5530.63
5530.63
7013.25
7013.25
5299.96
5299.96
6871.44
6871.44
6871.44
6871.44
6871.44
6871.44
6871.44
6871.44
6001.61
6001.61
29.28
29.28
6554.37
6554.37
6791.48
6791.48
7138.48
7138.48
7663.17
7663.17
2103.96
2103.96
6509.76
6509.76
4442.66
4442.66
5798.61
5798.61
7744.41
7744.41
5363.08
5363.08
8444.18
8444.18
6364.14
6364.14
7780.57
7780.57
2416.32
2416.32
970.86
970.86
2743.86
2743.86
2743.86
2743.86
1837.14
1837.14
3174.96
3174.96
3403.55
3403.55
3518.51
3518.51
6807.15
6807.15
891.86
891.86
7744.43
7744.43
29.65
29.65
6164.45
6164.45
6164.45
6164.45
8482.63
8482.63
6737.53
6737.53
2946.69
2946.69
8560.90
8560.90
8602.25
8602.25
8602.25
8602.25
7267.13
7267.13
7267.13
7267.13
7267.13
7267.13
7267.13
7267.13
7267.13
7267.13
6804.08
6804.08
812.26
812.26
5208.75
5208.75
5208.75
5208.75
1110.31
1110.31
2853.06
2853.06
2932.99
2932.99
2932.99
2932.99
2932.99
2932.99
2932.99
2932.99
3341.80
3341.80
3341.80
3341.80
3341.80
3341.80
7398.20
7398.20
6416.87
6416.87
227.63
227.63
1714.02
1714.02
2719.11
2719.11
6358.94
6358.94
6581.49
6581.49
767.28
767.28
5670.00
5670.00
5332.89
5332.89
1163.79
1163.79
5395.85
5395.85
10.00
10.00
2064.52
2064.52
6189.08
6189.08
12.65
12.65
1004.25
1004.25
4735.22
4735.22
1706.42
1706.42
6812.92
6812.92
6642.74
6642.74
6415.35
6415.35
5940.65
5940.65
7870.14
7870.14
4935.08
4935.08
2210.34
2210.34
5953.92
5953.92
7177.75
7177.75
3600.94
3600.94
27.83
27.83
8047.99
8047.99
8009.62
8009.62
1004.83
1004.83
4991.13
4991.13
6628.22
6628.22
10.00
10.00
7015.89
7015.89
4240.37
4240.37
200.78
200.78
4346.22
4346.22
54.13
54.13
7155.56
7155.56
7624.07
7624.07
8109.64
8109.64
5494.44
5494.44
898.50
898.50
5766.47
5766.47
1108.51
1108.51
3216.20
3216.20
1715.49
1715.49
23.34
23.34
14.46
14.46
1201.41
1201.41
48.01
48.01
39.76
39.76
7670.21
7670.21
5274.18
5274.18
27.71
27.71
5887.88
5887.88
4882.67
4882.67
1218.81
1218.81
150.23
150.23
74.10
74.10
331.19
331.19
10.85
10.85
631.19
631.19
1508.30
1508.30
7073.99
7073.99
3874.15
3874.15
6217.28
6217.28
5888.38
5888.38
5395.95
5395.95
5170.58
5170.58
3161.75
3161.75
3153.39
3153.39
6445.26
6445.26
6499.90
6499.90
4915.71
4915.71
3673.13
3673.13
7201.13
7201.13
70.39
70.39
722.11
722.11
1211.00
1211.00
70.25
70.25
661.01
661.01
239.56
239.56
11.46
11.46
280.41
280.41
110.69
110.69
666.57
666.57
22.13
22.13
20.76
20.76
6177.22
6177.22
7398.60
7398.60
453.82
453.82
909.49
909.49
6376.66
6376.66
5431.23
5431.23
7549.93
7549.93
153.96
153.96
98.30
98.30
318.60
318.60
163.82
163.82
1697.69
1697.69
104.86
104.86
5442.41
5442.41
3660.30
3660.30
123.96
123.96
10.00
10.00
3628.11
3628.11
145.57
145.57
1263.15
1263.15
266.57
266.57
77.90
77.90
640.62
640.62
19.91
19.91
5342.86
5342.86
66.24
66.24
725.86
725.86
5029.42
5029.42
3049.24
3049.24
501.67
501.67
876.80
876.80
429.13
429.13
686.86
686.86
101.11
101.11
873.35
873.35
1445.46
1445.46
92.05
92.05
2057.35
2057.35
27.53
27.53
66.63
66.63
50.32
50.32
3654.60
3654.60
102.09
102.09
1721.76
1721.76
369.22
369.22
1593.47
1593.47
1027.07
1027.07
750.61
750.61
5629.16
5629.16
1794.29
1794.29
5446.97
5446.97
5972.10
5972.10
649.35
649.35
6410.80
6410.80
1965.81
1965.81
196.69
196.69
55.22
55.22
533.16
533.16
6143.07
6143.07
5177.90
5177.90
6706.92
6706.92
74.08
74.08
10.00
10.00
3175.71
3175.71
567.48
567.48
10.00
10.00
3069.01
3069.01
672.05
672.05
3819.93
3819.93
3060.40
3060.40
18.09
18.09
549.10
549.10
2395.83
2395.83
39.83
39.83
3201.85
3201.85
50.08
50.08
10.00
10.00
77.71
77.71
1321.37
1321.37
180.64
180.64
36.91
36.91
600.96
600.96
5161.37
5161.37
3874.77
3874.77
5100.64
5100.64
132.18
132.18
112.49
112.49
397.21
397.21
10.42
10.42
3989.77
3989.77
5149.73
5149.73
30.50
30.50
5452.57
5452.57
3237.05
3237.05
5048.04
5048.04
2145.28
2145.28
2107.16
2107.16
4564.41
4564.41
68.02
68.02
280.91
280.91
10.00
10.00
4827.39
4827.39
6210.61
6210.61
44.84
44.84
690.94
690.94
601.10
601.10
113.50
113.50
134.81
134.81
100.01
100.01
44.41
44.41
380.18
380.18
3695.50
3695.50
1970.39
1970.39
1135.43
1135.43
4676.03
4676.03
841.03
841.03
2712.25
2712.25
624.70
624.70
6526.80
6526.80
3205.81
3205.81
103.57
103.57
10.49
10.49
440.80
440.80
335.81
335.81
649.67
649.67
5038.86
5038.86
665.77
665.77
75.28
75.28
1851.44
1851.44
28.20
28.20
710.59
710.59
570.00
570.00
354.64
354.64
6271.07
6271.07
12.52
12.52
4042.53
4042.53
643.78
643.78
207.46
207.46
650.43
650.43
1982.69
1982.69
100.50
100.50
8754.26
8754.26
11.12
11.12
3802.17
3802.17
1584.72
1584.72
4261.33
4261.33
20.47
20.47
87.82
87.82
20.73
20.73
181.85
181.85
1023.39
1023.39
100.58
100.58
321.10
321.10
665.70
665.70
8221.64
8221.64
5555.87
5555.87
2224.13
2224.13
2964.42
2964.42
810.37
810.37
4669.54
4669.54
4669.54
4669.54
3085.43
3085.43
694.34
694.34
202.53
202.53
502.19
502.19
1364.05
1364.05
382.86
382.86
614.65
614.65
7369.66
7369.66
2457.38
2457.38
779.96
779.96
10.19
10.19
665.65
665.65
908.27
908.27
836.15
836.15
91.82
91.82
3672.78
3672.78
26.11
26.11
4556.67
4556.67
5310.18
5310.18
4671.05
4671.05
5140.87
5140.87
7096.82
7096.82
4624.27
4624.27
6277.68
6277.68
4492.85
4492.85
2845.51
2845.51
4981.03
4981.03
4722.28
4722.28
96.00
96.00
33.52
33.52
2951.72
2951.72
2723.99
2723.99
2710.41
2710.41
4229.44
4229.44
2820.20
2820.20
4041.72
4041.72
113.13
113.13
605.48
605.48
75.87
75.87
77.24
77.24
2434.24
2434.24
1505.93
1505.93
13.23
13.23
2009.49
2009.49
3022.75
3022.75
10.00
10.00
372.70
372.70
14.05
14.05
59.71
59.71
683.35
683.35
970.61
970.61
4599.65
4599.65
4216.68
4216.68
4488.41
4488.41
4326.66
4326.66
1903.89
1903.89
4630.94
4630.94
100.45
100.45
590.81
590.81
5380.93
5380.93
21.46
21.46
7624.41
7624.41
84.16
84.16
51.03
51.03
4051.32
4051.32
50.15
50.15
610.12
610.12
6314.23
6314.23
20.70
20.70
480.21
480.21
438.54
438.54
458.96
458.96
113.96
113.96
56.80
56.80
19.22
19.22
126.12
126.12
1836.28
1836.28
145.54
145.54
641.92
641.92
9131.24
9131.24
3534.35
3534.35
1154.61
1154.61
4059.82
4059.82
1180.07
1180.07
39.55
39.55
579.45
579.45
213.81
213.81
398.03
398.03
2252.70
2252.70
172.19
172.19
17.22
17.22
41.27
41.27
130.65
130.65
1205.42
1205.42
185.29
185.29
4417.30
4417.30
127.71
127.71
43.25
43.25
336.58
336.58
621.89
621.89
56.15
56.15
524.43
524.43
624.92
624.92
2522.84
2522.84
4099.33
4099.33
5527.21
5527.21
661.03
661.03
100.53
100.53
29.51
29.51
504.81
504.81
3915.32
3915.32
3977.08
3977.08
986.32
986.32
3237.91
3237.91
1074.24
1074.24
4876.87
4876.87
536.17
536.17
3897.93
3897.93
5465.90
5465.90
4643.82
4643.82
22.00
22.00
4906.79
4906.79
4586.67
4586.67
4508.88
4508.88
5650.12
5650.12
6157.91
6157.91
6157.91
6157.91
5474.72
5474.72
6120.24
6120.24
6698.77
6698.77
6698.77
6698.77
7051.67
7051.67
6119.92
6119.92
6245.28
6245.28
1392.24
1392.24
2793.11
2793.11
1719.64
1719.64
6433.18
6433.18
7006.28
7006.28
7096.52
7096.52
6386.83
6386.83
224.40
224.40
71.20
71.20
2993.83
2993.83
2993.83
2993.83
5611.96
5611.96
1723.05
1723.05
2463.89
2463.89
687.41
687.41
3178.09
3178.09
6049.14
6049.14
6200.69
6200.69
7131.99
7131.99
4833.42
4833.42
7867.97
7867.97
7809.65
7809.65
7809.65
7809.65
7809.65
7809.65
6614.34
6614.34
3775.98
3775.98
7783.90
7783.90
375.02
375.02
7238.31
7238.31
6140.51
6140.51
333.68
333.68
6222.40
6222.40
8753.53
8753.53
665.98
665.98
6917.31
6917.31
6639.32
6639.32
7118.56
7118.56
7118.56
7118.56
7118.56
7118.56
8105.35
8105.35
8543.90
8543.90
8543.90
7894.08
651.79
651.79
651.79
50.93
50.93
9096.37
9096.37
9096.37
9096.37
9096.37
9096.37
6606.72
6606.72
8877.49
8877.49
7787.11
7787.11
667.90
667.90
3953.44
3953.44
3953.44
3953.44
4102.14
4102.14
4102.14
4102.14
4143.60
4143.60
4476.45
4476.45
5900.51
5900.51
8877.50
8877.50
7676.03
7676.03
6338.73
6338.73
8066.48
8066.48
12.50
12.50
1368.01
1368.01
7024.76
7024.76
8398.63
654.69
654.69
654.69
1980.39
1980.39
1989.57
1989.57
6329.31
6329.31
62.72
62.72
665.60
665.60
2021.41
2021.41
6043.80
6043.80
12.51
12.51
151.43
151.43
600.94
600.94
5004.29
659.78
659.78
659.78
40.50
40.50
752.42
752.42
463.91
463.91
206.62
206.62
649.96
649.96
3457.76
3457.76
2212.84
2212.84
5256.08
5256.08
493.51
493.51
1976.43
1976.43
5978.14
5978.14
48.84
48.84
6398.42
6398.42
1488.65
1488.65
4923.65
4923.65
636.07
636.07
638.76
638.76
7773.87
7773.87
7142.03
7142.03
936.18
936.18
3798.04
3798.04
1183.89
1183.89
79.88
4401.88
4401.88
4401.88
4231.57
4231.57
2703.80
2703.80
58.46
58.46
309.55
309.55
562.32
562.32
3513.14
3513.14
7079.23
7079.23
251.70
251.70
363.32
363.32
595.87
595.87
40.18
40.18
666.33
666.33
7901.46
7901.46
567.37
567.37
782.23
782.23
2760.97
2760.97
2353.10
2353.10
8850.92
8850.92
6289.23
6289.23
83.01
83.01
10.00
10.00
615.65
615.65
99.14
99.14
600.58
600.58
103.83
103.83
384.41
384.41
823.36
823.36
364.58
364.58
633.93
633.93
261.86
261.86
10.00
10.00
61.18
61.18
18.88
18.88
29.87
29.87
570.76
570.76
1306.20
1306.20
745.11
745.11
1622.62
1622.62
600.18
600.18
5248.75
5248.75
5750.84
5750.84
198.52
198.52
4377.75
4377.75
13.77
13.77
106.85
106.85
12.75
12.75
235.91
235.91
544.38
544.38
4225.63
4225.63
365.64
365.64
47.52
47.52
2194.60
2194.60
614.37
614.37
61.06
61.06
73.27
73.27
491.19
491.19
256.47
256.47
634.16
634.16
5534.14
5534.14
10.00
10.00
6550.18
6550.18
6386.66
6386.66
10.00
10.00
2058.76
2058.76
75.32
75.32
2639.41
2639.41
11.66
11.66
467.29
467.29
5914.60
5914.60
589.52
589.52
6332.79
6332.79
609.87
609.87
4892.30
4892.30
3305.62
3305.62
2563.57
2563.57
4065.64
4065.64
5424.77
5424.77
4756.67
4756.67
187.54
187.54
5265.56
5265.56
6398.54
6398.54
1395.87
1395.87
6441.51
6441.51
10.00
10.00
5880.16
5880.16
4349.88
4349.88
65.10
65.10
623.12
623.12
981.21
981.21
2500.34
2500.34
5736.28
5736.28
5736.28
5736.28
3311.27
3311.27
3773.39
3773.39
4779.15
4779.15
3163.82
3163.82
5095.88
5095.88
5095.88
5095.88
2373.46
2373.46
5579.95
5579.95
4534.83
4534.83
5276.39
5276.39
315.63
315.63
4904.37
4904.37
6768.54
6768.54
5854.38
5854.38
6043.65
6043.65
6467.35
6467.35
5709.54
5709.54
5709.54
5709.54
5873.22
5873.22
5784.96
5784.96
6811.93
6811.93
5057.77
5057.77
5733.98
5733.98
734.61
734.61
2933.34
2933.34
5265.88
5265.88
5265.88
5265.88
4532.90
4532.90
3939.76
3939.76
5519.13
5519.13
5175.95
5175.95
3875.89
3875.89
4487.54
4487.54
4029.07
4029.07
5270.57
5270.57
5270.57
147.72
5892.29
5892.29
5892.29
5892.29
4015.04
4015.04
5690.45
5690.45
5690.45
5782.54
5782.54
5900.18
5900.18
6499.28
6499.28
5700.33
5700.33
5712.40
5712.40
6013.82
6013.82
6013.82
6013.82
6013.82
6013.82
6812.56
6812.56
7086.56
7086.56
5708.51
5708.51
6147.41
6147.41
2037.40
2037.40
2761.62
2761.62
6308.86
6308.86
3549.01
3549.01
5567.77
5567.77
5459.51
1460.32
1460.32
1460.32
3407.09
3407.09
62.83
62.83
6922.33
6922.33
7162.41
7162.41
5816.38
5816.38
6942.68
6942.68
7190.94
7190.94
6866.60
6866.60
790.89
790.89
5865.11
5865.11
6836.78
615.73
615.73
615.73
801.34
801.34
10.00
10.00
20.87
20.87
46.20
46.20
26.76
26.76
10.54
10.54
184.76
184.76
80.24
80.24
74.88
74.88
580.53
580.53
74.00
700.31
700.31
700.31
5921.10
5921.10
5921.10
5921.10
6012.92
6012.92
6592.29
6592.29
649.02
649.02
236.98
236.98
98.34
98.34
200.07
200.07
66.13
66.13
1522.36
1522.36
2678.37
2476.46
2476.46
2476.46
1632.87
1632.87
13.34
13.34
23.21
23.21
272.32
272.32
792.25
792.25
16.87
16.87
387.75
387.75
164.62
164.62
2888.17
2888.17
6126.97
6126.97
4119.20
2214.96
2214.96
2214.96
5269.28
5269.28
78.70
78.70
12.28
12.28
6895.56
6895.56
1429.39
1429.39
51.33
51.33
438.30
438.30
6496.56
6496.56
6713.09
6713.09
6400.37
6400.37
5154.55
5154.55
4373.77
4373.77
11.47
11.47
56.18
56.18
28.98
28.98
478.08
478.08
5548.75
5548.75
5835.85
5835.85
6138.79
6138.79
5885.02
5885.02
5279.53
5279.53
2920.52
2920.52
5456.16
5456.16
5577.28
5577.28
116.57
116.57
36.93
36.93
71.04
71.04
10.00
10.00
646.63
646.63
499.26
499.26
39.09
39.09
4284.11
4284.11
50.00
50.00
2935.16
2935.16
6630.07
6630.07
643.97
643.97
14.17
14.17
2149.47
2149.47
261.24
261.24
813.59
813.59
655.05
655.05
443.35
443.35
5072.27
5072.27
2110.60
2110.60
152.32
152.32
665.09
665.09
2079.72
2079.72
544.47
544.47
146.50
146.50
114.67
114.67
568.92
568.92
179.80
179.80
10.00
10.00
108.21
108.21
189.43
189.43
364.51
364.51
105.16
105.16
10.00
10.00
31.31
31.31
27.22
27.22
51.16
51.16
241.92
241.92
5343.71
5343.71
115.65
115.65
54.62
54.62
6878.53
6878.53
4077.68
4077.68
10.93
10.93
162.02
162.02
3538.60
3538.60
670.56
670.56
714.00
714.00
6690.96
6690.96
7031.88
7031.88
536.08
536.08
5965.78
5965.78
45.89
45.89
8279.66
8279.66
3474.44
3474.44
102.18
102.18
75.68
75.68
11.49
11.49
591.73
591.73
713.91
713.91
2250.24
2250.24
5841.71
5841.71
390.92
390.92
155.18
155.18
80.14
80.14
894.53
894.53
83.97
83.97
10.00
10.00
1128.23
1128.23
5066.67
5066.67
34.57
34.57
654.81
654.81
6958.77
6958.77
7571.33
7571.33
6031.38
6031.38
5308.75
5308.75
1310.87
1310.87
6198.25
6198.25
655.09
655.09
244.10
244.10
8431.59
8431.59
39.39
39.39
7845.25
7845.25
36.64
36.64
5429.40
5429.40
65.16
65.16
7218.54
7218.54
206.61
206.61
58.30
58.30
6234.41
6234.41
3043.00
3043.00
638.53
638.53
578.47
578.47
5646.77
5646.77
7048.70
7048.70
613.96
613.96
4602.36
4602.36
103.21
103.21
142.02
142.02
5895.99
5895.99
694.80
694.80
53.93
53.93
1250.34
1250.34
6572.25
6572.25
3688.40
3688.40
7208.72
7208.72
7380.76
7380.76
1508.85
1508.85
387.26
387.26
51.08
51.08
2919.82
2919.82
54.05
54.05
10.00
10.00
7994.36
7994.36
664.43
664.43
2316.79
2316.79
150.39
150.39
1163.04
1163.04
62.51
62.51
654.26
654.26
66.50
66.50
48.10
48.10
208.74
208.74
219.19
219.19
615.48
615.48
2456.44
2456.44
6527.46
6527.46
6642.28
6642.28
2227.85
2227.85
1993.73
1993.73
4868.33
4868.33
10.15
10.15
1371.07
1371.07
863.94
863.94
51.97
51.97
6124.54
6124.54
1978.92
1978.92
2106.43
2106.43
712.45
712.45
6540.91
6540.91
4811.16
4811.16
7437.34
7437.34
6979.47
6979.47
666.20
666.20
2107.51
2107.51
47.07
47.07
265.26
265.26
11.87
11.87
85.34
85.34
36.41
36.41
1865.29
1865.29
3187.14
3187.14
3187.14
3187.14
3279.57
3279.57
6278.12
6278.12
3847.93
3847.93
6083.41
6083.41
6072.21
6072.21
6781.88
6781.88
22.58
22.58
5600.47
5600.47
6807.44
6807.44
5825.46
5825.46
6504.50
6504.50
347.05
347.05
6614.69
6614.69
359.57
359.57
639.47
639.47
7604.99
7604.99
6139.26
6139.26
72.35
72.35
3270.61
3270.61
5396.50
5396.50
10.00
10.00
2271.30
2271.30
6229.99
6229.99
6229.99
6229.99
6229.99
6229.99
6229.99
6229.99
6229.99
6229.99
5649.86
5649.86
5128.99
5128.99
6266.75
6266.75
5518.26
5518.26
5159.48
5159.48
3939.61
3939.61
1208.60
1208.60
7047.06
7047.06
8979.00
8979.00
8517.18
8517.18
7517.22
7517.22
2054.76
2054.76
8259.86
8259.86
8259.86
8259.86
8259.86
8259.86
8259.86
8259.86
8099.84
8099.84
7169.58
7169.58
7122.95
7122.95
3425.86
3425.86
8293.97
8293.97
7581.42
7581.42
6798.76
6798.76
6135.68
6135.68
1686.10
1686.10
7920.20
7920.20
6754.15
6754.15
6801.60
6801.60
8556.89
8556.89
8137.66
8137.66
8741.44
8741.44
8741.44
8741.44
8741.44
8741.44
8562.48
8562.48
8562.48
8562.48
8562.48
8562.48
8562.48
8562.48
8088.52
8088.52
8088.52
8088.52
8088.52
8088.52
8088.52
8088.52
8088.52
8088.52
17.59
17.59
7737.64
7737.64
2613.72
2613.72
3460.90
3460.90
8257.17
8257.17
6292.94
6292.94
7228.72
7228.72
7211.18
7211.18
3853.85
3853.85
1022.70
1022.70
27.55
27.55
30.51
30.51
111.99
111.99
2834.71
2834.71
7409.35
7409.35
7409.35
7409.35
5932.80
5932.80
5932.80
5932.80
6937.98
6937.98
880.20
880.20
8513.50
8513.50
8808.39
8808.39
8771.28
8771.28
6404.82
6404.82
807.19
807.19
312.50
312.50
4173.71
4173.71
4892.34
4892.34
4491.23
4491.23
49.19
49.19
3477.88
3477.88
99.31
99.31
1431.35
1431.35
138.34
138.34
4728.88
4728.88
68.88
68.88
6916.21
6916.21
6329.13
6329.13
29.78
29.78
104.92
104.92
10.75
10.75
666.97
666.97
359.80
359.80
2524.56
2524.56
5813.20
5813.20
576.29
576.29
7162.38
7162.38
8185.07
8185.07
654.44
654.44
1914.71
1914.71
131.95
131.95
19.39
19.39
1421.65
1421.65
92.54
92.54
43.95
43.95
76.96
76.96
350.04
350.04
20.84
20.84
5469.13
5469.13
3574.88
3574.88
579.25
579.25
7746.65
7746.65
272.96
272.96
65.33
65.33
119.14
119.14
726.26
726.26
119.06
119.06
677.06
677.06
2056.14
2056.14
305.11
305.11
11.86
11.86
88.79
88.79
46.90
46.90
130.31
130.31
221.79
221.79
10.57
10.57
289.80
289.80
653.45
653.45
4208.12
4208.12
6868.74
6868.74
6365.97
6365.97
6216.34
6216.34
10.00
10.00
443.57
443.57
613.80
613.80
351.02
351.02
8252.91
8252.91
1338.06
1338.06
34.10
34.10
43.45
43.45
18.58
18.58
7337.07
7337.07
5975.01
5975.01
70.17
70.17
111.53
111.53
10.00
10.00
642.21
642.21
10.13
10.13
203.61
203.61
51.08
51.08
6841.02
6841.02
6910.05
6910.05
7991.80
7991.80
7231.26
7231.26
2508.37
2508.37
146.74
146.74
10.00
10.00
10.76
10.76
54.42
54.42
54.42
41.24
621.15
621.15
30.45
30.45
4088.12
4088.12
39.87
39.87
487.30
487.30
18.87
18.87
302.95
302.95
41.30
41.30
614.91
614.91
2284.29
2284.29
8196.12
8196.12
8148.86
8148.86
7406.21
7406.21
7639.65
7639.65
955.07
955.07
8414.52
8414.52
10.43
10.43
28.67
28.67
722.20
722.20
11.03
11.03
37.25
37.25
6984.10
6984.10
4226.79
4226.79
173.51
173.51
3587.22
3587.22
13.48
13.48
3185.49
3185.49
3440.23
3440.23
3440.23
3440.23
4186.37
4186.37
4380.56
4380.56
4054.83
4054.83
1765.80
1765.80
31.64
31.64
1867.16
1867.16
4578.94
4578.94
5266.55
5266.55
4236.75
4236.75
4985.95
4985.95
4444.24
4444.24
4369.92
4369.92
4716.81
4716.81
1420.90
1420.90
109.90
109.90
178.99
178.99
61.20
61.20
66.92
66.92
35.10
35.10
2165.98
2165.98
2875.17
2875.17
123.90
123.90
1984.65
1984.65
39.06
39.06
625.01
625.01
1145.02
1145.02
9558.13
9558.13
6891.79
6891.79
9112.46
9112.46
30.34
30.34
674.83
674.83
10.42
10.42
44.99
44.99
101.86
101.86
38.58
38.58
29.89
29.89
571.20
571.20
2281.17
2281.17
3389.00
3389.00
3683.30
3683.30
3507.79
3507.79
639.54
639.54
7339.09
7339.09
7339.09
7339.09
8396.97
8396.97
8396.97
8426.01
8426.01
7038.45
1739.61
1739.61
1739.61
7975.85
7968.48
7968.48
7968.48
7968.48
7968.48
624.66
624.66
7563.66
7563.66
48.74
8210.57
8210.57
8210.57
8210.57
8210.57
7294.71
7294.71
7294.71
7294.71
7294.71
7294.71
1613.90
1613.90
3822.03
3822.03
5845.54
5845.54
6316.29
6316.29
7376.96
7376.96
24.54
24.54
6959.45
6959.45
3687.39
3687.39
8961.02
8961.02
6641.40
6641.40
2014.85
2014.85
2952.42
2952.42
1152.65
9046.34
9046.34
9046.34
20.79
20.79
8111.76
8111.76
4233.03
4233.03
9240.76
9240.76
8270.62
8270.62
6455.78
6455.78
8374.19
8374.19
8808.01
8808.01
8252.01
8252.01
7203.09
7203.09
6816.77
6816.77
2571.98
2571.98
169.85
169.85
356.13
356.13
4737.67
4737.67
6563.32
6563.32
6652.53
6652.53
7021.91
7021.91
5396.08
5396.08
7269.44
7269.44
3552.42
3552.42
6820.45
6820.45
6024.25
6024.25
601.61
601.61
2597.46
2597.46
7743.57
7743.57
4127.80
4127.80
7698.61
7698.61
6722.08
6722.08
2370.99
2370.99
5891.44
5891.44
2832.57
2832.57
3186.35
3186.35
8804.22
8804.22
8922.64
8922.64
6483.28
6483.28
4752.45
4752.45
7345.70
7345.70
12.05
12.05
1590.37
1590.37
48.82
48.82
71.76
71.76
49.83
49.83
183.56
183.56
4697.15
4697.15
9431.89
9431.89
7494.59
7494.59
5720.01
5720.01
8037.30
8037.30
7211.05
7211.05
10.43
10.43
2528.05
2528.05
2236.32
2236.32
3461.07
3461.07
6013.02
6013.02
23.30
23.30
1692.32
1692.32
655.37
655.37
90.91
90.91
6059.18
6059.18
8806.71
8806.71
5693.13
5693.13
705.65
705.65
7840.68
7840.68
9015.09
9015.09
5330.25
5330.25
8205.38
8205.38
6196.56
6196.56
5190.78
5190.78
5239.93
5239.93
6964.04
6964.04
605.90
605.90
5102.00
5102.00
547.89
547.89
577.63
577.63
41.36
41.36
689.66
689.66
1430.43
1430.43
7931.13
7931.13
267.54
267.54
65.13
65.13
651.45
651.45
78.67
78.67
1572.10
1572.10
5608.47
5608.47
100.57
100.57
617.40
617.40
74.66
74.66
655.19
655.19
6710.27
6710.27
2532.90
2532.90
1272.89
1272.89
3682.95
3682.95
3682.95
3682.95
3682.95
3682.95
1215.60
1215.60
6073.36
6073.36
6012.61
6012.61
4825.20
4825.20
5311.44
5311.44
6597.13
6597.13
4865.70
4865.70
5693.47
5693.47
5346.22
5346.22
5346.22
5346.22
5346.22
5346.22
5346.22
5346.22
2342.20
2342.20
6180.60
6180.60
6020.12
6020.12
13.75
13.75
6236.31
6236.31
5720.95
5720.95
5720.95
5720.95
5720.95
5720.95
5433.16
5433.16
6396.59
6396.59
5188.42
5188.42
6443.48
6443.48
662.76
662.76
5220.09
5220.09
5591.53
5591.53
6466.14
6466.14
826.28
826.28
3211.07
3211.07
5489.09
5489.09
678.87
678.87
3677.03
3677.03
3677.03
3677.03
7416.34
7416.34
1214.85
1214.85
4561.33
4561.33
6474.34
6474.34
1057.13
1057.13
5497.93
5497.93
2298.48
2298.48
7814.02
7814.02
4959.73
4959.73
6020.92
6020.92
7191.23
7191.23
5835.54
5835.54
8221.33
8221.33
7413.09
7413.09
7413.09
7413.09
7413.09
7413.09
7413.09
7413.09
7413.09
7413.09
7413.09
7413.09
7413.09
7413.09
7413.09
7413.09
7413.09
7413.09
7413.09
7413.09
6937.62
6937.62
8259.74
8259.74
424.40
424.40
7383.86
7383.86
7383.86
7383.86
7383.86
7383.86
7383.86
7383.86
7383.86
7383.86
7383.86
7383.86
4201.83
4201.83
3737.61
3737.61
3983.61
3983.61
3983.61
3983.61
3983.61
3983.61
3983.61
3983.61
4274.27
4274.27
4399.45
4399.45
5289.72
5289.72
4079.13
4079.13
20.96
20.96
5583.13
5583.13
5329.06
5329.06
7368.17
7368.17
6664.88
6664.88
4902.60
4902.60
1694.91
1694.91
8000.57
8000.57
7459.07
7459.07
6752.30
6752.30
1475.54
1475.54
6404.71
6404.71
211.22
211.22
49.01
49.01
22.02
22.02
2721.93
2721.93
4497.22
4497.22
5242.28
5242.28
6101.21
6101.21
8775.88
8775.88
5287.15
5287.15
3335.10
3335.10
13.77
13.77
141.71
141.71
52.28
52.28
6832.94
6832.94
3397.85
3397.85
8215.40
8215.40
2957.64
2957.64
1519.20
1519.20
13.25
13.25
117.14
117.14
2867.61
2867.61
604.06
604.06
40.86
40.86
466.86
466.86
46.47
46.47
40.61
40.61
186.35
186.35
2789.70
2789.70
4115.49
4115.49
1004.74
1004.74
12.50
12.50
9681.18
9681.18
665.70
665.70
2970.64
2970.64
56.17
56.17
4424.40
4424.40
2394.67
2394.67
614.61
614.61
419.25
419.25
5284.02
5284.02
7823.25
7823.25
28.90
28.90
2153.43
2153.43
1555.85
1555.85
623.68
623.68
282.43
282.43
49.27
49.27
32.02
32.02
2867.75
2867.75
4534.55
4534.55
74.86
74.86
5901.98
5901.98
6009.77
6009.77
10.00
10.00
2098.12
2098.12
21.05
21.05
6636.32
6636.32
39.00
39.00
654.90
654.90
532.89
532.89
7413.81
7413.81
2693.70
2693.70
257.94
257.94
122.19
122.19
165.39
165.39
187.60
187.60
11.91
11.91
685.71
685.71
26.73
26.73
6950.13
6950.13
6652.53
6652.53
4908.69
4908.69
26.25
26.25
1284.44
1284.44
258.01
258.01
5106.50
5106.50
7766.98
7766.98
2798.97
2798.97
14.05
14.05
6931.58
6931.58
2094.60
2094.60
57.96
57.96
84.19
84.19
84.19
84.19
84.19
84.19
84.19
36.57
36.57
36.57
36.57
15.46
15.46
91.56
91.56
416.90
416.90
754.84
130.23
130.23
10.00
59.83
59.83
59.83
169.12
99.13
99.13
10.43
960.47
960.47
2653.28
2653.28
2431.64
2431.64
3135.32
3135.32
5587.27
5587.27
4684.14
4684.14
4014.35
4014.35
5579.55
5579.55
664.32
664.32
98.28
98.28
1135.03
1135.03
89.16
89.16
43.53
43.53
42.11
42.11
35.88
35.88
59.08
59.08
171.65
171.65
3403.15
3403.15
170.37
170.37
321.17
321.17
59.06
59.06
10.00
10.00
103.72
103.72
84.28
84.28
43.35
43.35
45.82
45.82
284.32
284.32
37.83
37.83
188.96
188.96
20.03
20.03
1019.18
1019.18
96.48
96.48
1002.93
1002.93
4586.47
4586.47
299.14
299.14
6627.09
6627.09
31.36
31.36
8163.64
8163.64
2222.64
2222.64
1287.44
1287.44
6088.23
6088.23
223.02
223.02
168.45
168.45
2894.81
2894.81
2691.37
2691.37
126.06
126.06
535.33
535.33
535.33
535.33
524.53
524.53
30.59
1041.83
188.83
188.83
90.49
90.49
15.28
15.28
459.60
459.60
10.47
10.47
58.88
58.88
77.92
77.92
28.10
28.10
50.62
50.62
29.91
29.91
32.31
32.31
4262.41
4262.41
2063.04
2063.04
4780.33
4780.33
3822.73
3822.73
5344.98
5344.98
77.22
77.22
55.67
55.67
14.35
14.35
104.25
104.25
1042.21
1042.21
77.55
77.55
358.73
358.73
516.68
516.68
260.63
260.63
4548.64
4548.64
89.10
89.10
1271.67
1271.67
1680.25
1680.25
103.44
103.44
10.42
10.42
231.22
231.22
49.75
49.75
14.46
14.46
10.42
10.42
10.27
10.27
41.28
41.28
15.29
15.29
66.08
66.08
26.11
26.11
2845.16
2845.16
1556.88
1556.88
120.68
120.68
135.07
135.07
10.00
10.00
62.80
62.80
61.10
61.10
10.36
10.36
4891.84
4891.84
727.13
727.13
81.75
81.75
11.01
11.01
12.75
12.75
12.75
12.75
10.00
229.29
143.39
143.39
83.80
83.80
202.23
202.23
125.17
125.17
111.38
111.38
274.87
274.87
5849.23
5849.23
2385.81
2385.81
5700.88
5700.88
66.77
66.77
107.47
107.47
5070.40
5070.40
31.27
31.27
665.23
665.23
53.33
53.33
10.00
10.00
154.34
154.34
12.29
12.29
701.84
701.84
69.45
69.45
54.97
54.97
43.48
43.48
36.58
36.58
68.91
68.91
10.00
10.00
71.43
71.43
1483.51
1483.51
148.60
148.60
1362.82
1362.82
565.13
565.13
659.44
659.44
263.68
263.68
38.02
38.02
56.76
56.76
242.44
242.44
767.83
767.83
234.14
234.14
915.85
915.85
1402.89
1402.89
129.92
129.92
7134.62
7134.62
127.72
127.72
10.12
10.12
220.93
220.93
10.00
10.00
10.00
10.00
49.13
49.13
14.01
14.01
281.96
281.96
31.12
31.12
6063.45
6063.45
5184.34
5184.34
1451.68
1451.68
24.36
24.36
6246.10
6246.10
1735.15
1735.15
350.85
350.85
21.18
21.18
99.81
99.81
12.74
12.74
29.57
29.57
29.35
29.35
19.44
19.44
44.41
44.41
14.02
14.02
36.87
36.87
30.31
30.31
49.25
49.25
20.87
20.87
132.23
132.23
30.82
30.82
605.27
605.27
191.11
191.11
1771.00
1771.00
5515.34
5515.34
5009.45
5009.45
6011.72
6011.72
6187.12
6187.12
5446.69
5446.69
5651.00
5651.00
6053.96
6053.96
5570.23
5570.23
5346.34
5346.34
570.19
570.19
6166.81
6166.81
5768.17
5768.17
6378.11
6378.11
6378.11
3029.65
3029.65
14.48
1541.16
1541.16
1541.16
2369.92
25.21
25.21
4309.90
4309.90
4309.90
4309.90
4309.90
4309.90
4309.90
4309.90
4309.90
3929.35
3929.35
4386.14
4386.14
4813.93
4813.93
6375.64
6375.64
5604.64
5604.64
6379.20
6379.20
2014.65
2014.65
693.01
654.52
654.52
654.52
4726.71
4726.71
5937.05
5937.05
5921.30
5921.30
6622.59
6622.59
6622.59
6622.59
6622.59
6622.59
6622.59
6622.59
484.49
484.49
2696.01
2696.01
614.28
614.28
2350.50
4898.68
4898.68
4898.68
4875.80
4875.80
5675.20
5675.20
10.00
10.00
17.76
17.76
4557.88
4557.88
5611.90
5611.90
5310.01
5310.01
5040.37
5040.37
5583.39
5583.39
5064.43
5064.43
5533.51
5202.00
5202.00
5202.00
6397.48
6397.48
19.14
19.14
2416.95
2416.95
2416.95
2416.95
3500.93
3500.93
516.82
516.82
89.47
89.47
3349.74
3349.74
3349.74
3349.74
3349.74
3349.74
3349.74
5705.75
5705.75
5705.75
5705.75
5705.75
2551.84
2551.84
2551.84
2551.84
2551.84
2551.84
567.06
567.06
4778.28
4778.28
2378.67
2378.67
1297.83
1297.83
27.80
27.80
56.20
56.20
117.61
117.61
5219.79
5219.79
110.10
110.10
105.90
105.90
136.52
136.52
19.90
19.90
19.19
19.19
80.92
80.92
29.73
29.73
79.13
79.13
86.03
86.03
5113.95
5113.95
573.60
593.89
593.89
593.89
3373.73
3373.73
5733.60
5733.60
5733.60
5733.60
5733.60
5733.60
642.49
642.49
2489.93
2489.93
2489.93
2489.93
2489.93
2489.93
4472.03
4472.03
4718.65
4718.65
5539.46
5539.46
5473.53
5473.53
3224.14
3224.14
5443.42
5443.42
4591.66
4591.66
2207.20
2207.20
587.26
587.26
3998.83
3998.83
57.03
57.03
146.85
146.85
111.65
111.65
10.75
10.75
298.25
298.25
609.08
609.08
326.89
326.89
93.33
93.33
45.39
45.39
114.92
114.92
62.90
62.90
81.00
81.00
292.65
292.65
31.31
31.31
289.66
289.66
649.90
649.90
3758.46
3758.46
649.37
649.37
737.14
737.14
28.71
28.71
14.04
14.04
41.41
41.41
665.99
665.99
10.00
10.00
2606.83
2606.83
184.61
184.61
51.70
51.70
655.19
655.19
807.91
807.91
604.92
604.92
3505.76
3505.76
10.00
10.00
1897.44
1897.44
1897.44
1897.44
1897.44
1897.44
1897.44
1897.44
1897.44
1897.44
1897.44
1897.44
1166.69
1166.69
14.03
14.03
177.26
177.26
161.12
161.12
694.49
694.49
98.34
98.34
37.91
37.91
10.00
10.00
656.43
656.43
66.12
66.12
86.72
86.72
2950.53
2950.53
3702.31
3702.31
1189.79
1189.79
793.00
793.00
639.43
639.43
87.69
87.69
45.87
45.87
650.18
650.18
4663.71
4663.71
792.75
792.75
5038.59
5038.59
4305.55
4305.55
489.00
489.00
2251.60
2251.60
7229.19
7229.19
208.38
208.38
10.56
10.56
1868.18
1868.18
2135.11
2135.11
865.99
865.99
6192.06
6192.06
3656.02
3656.02
2528.77
2528.77
1632.90
1632.90
13.77
13.77
537.94
537.94
34.70
34.70
308.26
308.26
810.68
810.68
255.65
255.65
422.85
422.85
10.00
10.00
62.07
