# 1Hz Kbps trace generated by import_real_world_traces.py
1649.84
599.08
1710.83
1205.44
1705.55
1661.34
1661.34
1399.32
1399.32
1933.95
1933.95
1522.82
1522.82
1522.82
588.99
1509.09
1509.09
1560.70
1560.70
1724.55
1724.55
1895.46
1895.46
1688.81
1688.81
649.99
649.99
1219.03
1219.03
1532.44
1532.44
1685.49
1685.49
1979.11
1979.11
813.19
813.19
1926.30
1926.30
1767.61
1767.61
1767.61
1593.00
1635.88
1635.88
1801.26
1801.26
1306.08
1306.08
1040.07
1040.07
1479.47
1479.47
1577.38
1577.38
145.74
145.74
145.74
1843.21
1703.36
1703.36
1703.36
1108.03
1108.03
1108.03
1460.82
1460.82
939.90
939.90
197.38
197.38
197.38
1903.00
1903.00
1847.94
1847.94
1847.94
1621.92
1621.92
89.73
89.73
1851.13
1539.74
1975.27
2019.49
2019.49
1782.27
1782.27
1912.84
1912.84
1782.66
1782.66
487.16
487.16
462.14
462.14
1966.79
1966.79
1469.64
1469.64
1658.56
1658.56
1965.62
1965.62
1018.41
1018.41
1550.13
1550.13
1430.23
1430.23
1535.42
1535.42
1960.28
1960.28
543.27
543.27
1965.01
1965.01
1965.01
227.95
227.95
227.95
227.95
1196.38
1196.38
1196.38
1085.89
1085.89
1846.69
704.88
704.88
1041.52
1041.52
952.06
952.06
952.06
457.34
457.34
457.34
1676.86
1676.86
675.01
675.01
1306.93
826.18
2007.31
2007.31
1467.45
1467.45
1960.57
1890.78
1890.78
138.87
807.24
807.24
1707.14
1707.14
776.35
776.35
776.35
1768.73
1768.73
1768.73
498.77
498.77
498.77
175.57
175.57
175.57
855.25
855.25
893.14
893.14
1761.78
1761.78
227.62
227.62
1753.85
1753.85
2002.24
1139.37
1139.37
689.42
689.42
1832.15
1832.15
1832.15
659.49
659.49
659.49
593.88
593.88
593.88
40.27
40.27
40.27
605.02
605.02
605.02
1671.34
1671.34
1671.34
10.00
10.00
1901.39
1040.33
1040.33
136.60
136.60
1805.92
1805.92
1296.74
1296.74
1708.02
1708.02
10.00
10.00
10.00
1748.90
1748.90
316.35
316.35
169.63
1731.72
1160.69
1160.69
1160.69
1956.80
1956.80
1956.80
831.78
831.78
831.78
1371.49
1473.89
1903.17
1903.17
1004.14
1004.14
1004.14
1004.14
1654.05
1654.05
1654.05
779.99
779.99
779.99
254.10
254.10
1790.64
1790.64
1688.99
1991.44
910.63
910.63
1017.55
1202.84
1202.84
624.68
624.68
624.68
1644.19
1644.19
1644.19
977.83
977.83
1795.21
1795.21
1059.85
184.35
1384.00
1516.67
369.09
369.09
369.09
45.96
45.96
45.96
45.96
45.96
91.58
91.58
91.58
1753.81
1753.81
1753.81
1753.81
1753.81
821.39
821.39
493.70
1475.03
1475.03
227.51
2018.60
2018.60
2018.60
797.06
914.63
914.63
1676.71
1676.71
528.27
819.60
2001.49
1539.88
1657.36
1657.36
1869.05
1869.05
858.13
858.13
1745.27
1745.27
1267.02
1267.02
1682.57
1682.57
1923.10
1923.10
1510.63
1510.63
773.04
773.04
1593.39
