# 1Hz Kbps trace generated by import_real_world_traces.py
1412.69
2284.77
3051.59
4170.71
2806.18
441.91
441.91
1527.64
1527.64
1894.40
1894.40
5888.69
5888.69
2772.76
2772.76
5520.60
5520.60
895.08
895.08
4903.73
4903.73
1629.36
1629.36
4853.37
4853.37
605.38
605.38
270.03
270.03
270.03
734.93
734.93
50.18
50.18
625.66
6992.56
6992.56
7042.00
7042.00
1096.49
1096.49
6825.44
6825.44
2709.62
2709.62
7895.87
7895.87
5074.72
5074.72
7948.25
7948.25
7173.56
7173.56
6932.97
6932.97
330.60
330.60
7854.71
7854.71
7962.88
7962.88
7962.88
7962.88
7962.88
7962.88
7962.88
7962.88
5711.45
5711.45
6125.29
6125.29
8538.31
8538.31
3221.55
3221.55
7605.70
7605.70
1029.29
1029.29
5856.57
5856.57
795.02
795.02
2924.01
2924.01
4336.99
4336.99
927.55
927.55
8466.03
8466.03
8334.33
8334.33
8334.33
8334.33
3578.56
3578.56
8794.97
8794.97
8794.97
8794.97
8206.09
8206.09
8005.37
8005.37
3899.72
3899.72
1812.11
1812.11
5083.08
5083.08
1269.81
1269.81
3152.40
3152.40
974.04
974.04
4097.97
4097.97
4097.97
4097.97
4097.97
4097.97
709.81
709.81
3618.21
3618.21
3814.89
3814.89
214.06
214.06
2928.28
2928.28
3997.61
3997.61
3876.09
3876.09
4385.72
4385.72
4303.74
4303.74
3799.27
3799.27
3955.53
3955.53
3955.53
3955.53
3955.53
3955.53
3955.53
3990.27
398.15
398.15
3734.58
3734.58
3306.20
3306.20
4811.85
4811.85
4811.85
4811.85
4811.85
4811.85
4811.85
4811.85
4811.85
4811.85
4811.85
4811.85
4811.85
2132.43
2132.43
1070.98
5142.52
5142.52
10.00
10.00
5001.56
5001.56
10.00
10.00
6125.00
6125.00
6030.76
6030.76
5957.50
5957.50
10.00
10.00
10.00
10.00
13.91
13.91
3511.08
3511.08
3511.08
3511.08
3511.08
3511.08
3511.08
3511.08
10.00
10.00
3176.45
3176.45
3409.02
3409.02
3412.07
3412.07
23.73
23.73
23.73
600.59
785.67
785.67
785.67
745.56
10.01
10.01
1473.28
1473.28
1450.83
1450.83
1801.23
1801.23
1859.85
1859.85
15.09
15.09
2595.62
2595.62
10.52
10.52
2606.35
2606.35
2606.35
2606.35
2418.31
2418.31
1457.95
1457.95
16.77
16.77
3158.22
3158.22
3688.20
3688.20
3776.17
3776.17
2857.17
2857.17
4172.17
4172.17
5086.12
5086.12
10.00
10.00
2466.98
2466.98
2466.98
2466.98
2466.98
2466.98
2490.18
2490.18
2490.18
2490.18
2499.87
2499.87
976.37
976.37
208.90
208.90
920.53
920.53
1076.87
1076.87
1272.94
1272.94
719.04
719.04
1824.07
1824.07
2159.52
2159.52
2081.65
2081.65
2049.99
2049.99
2736.93
2736.93
2967.15
2967.15
2740.34
2740.34
2885.34
2885.34
2911.80
2911.80
2064.17
2064.17
938.72
938.72
2510.06
2510.06
2180.83
2180.83
3036.61
3036.61
3212.69
3212.69
2881.86
2881.86
3397.29
3397.29
13.79
13.79
3095.74
3095.74
3496.96
3496.96
3775.34
3775.34
3577.32
3577.32
4057.97
4057.97
3678.23
3678.23
845.64
845.64
4502.20
4502.20
4332.91
4332.91
4158.49
4158.49
4346.16
4346.16
4163.25
4163.25
4163.25
4163.25
4764.74
4764.74
577.92
577.92
4798.97
4798.97
3123.35
3123.35
4707.34
4707.34
4005.58
4005.58
3777.10
3777.10
3958.09
3958.09
3958.09
3958.09
3958.09
3958.09
726.46
726.46
1895.45
1895.45
2368.60
2368.60
2368.60
2368.60
2368.60
2368.60
2368.60
2368.60
2368.60
2368.60
2368.60
2368.60
2368.60
2368.60
2368.60
2368.60
2368.60
2368.60
2368.60
2368.60
2368.60
2368.60
2368.60
2368.60
11.71
11.71
11.71
11.71
11.71
564.20
564.20
1032.37
1080.80
1080.80
1650.73
1650.73
1899.70
1899.70
1960.59
1960.59
2082.30
2082.30
2016.84
2016.84
2254.22
2254.22
2640.31
2640.31
2723.43
2723.43
2564.25
2564.25
3065.46
3065.46
3204.86
3204.86
4240.32
4240.32
5363.19
5363.19
21.83
21.83
5138.94
5138.94
5138.94
5138.94
5138.94
5138.94
807.87
807.87
48.44
48.44
226.83
226.83
2809.11
2809.11
2954.12
2954.12
6521.97
6521.97
6451.63
6451.63
5556.20
5556.20
6606.41
6606.41
6606.41
6606.41
6468.66
6468.66
5990.57
5990.57
888.76
888.76
3249.40
3249.40
3249.40
3249.40
3249.40
3249.40
6488.51
6488.51
6744.49
6744.49
13.02
13.02
13.02
1956.82
1956.82
3249.44
3249.44
3249.44
3249.44
3249.44
3249.44
3249.44
3249.44
11.26
11.26
11.26
296.65
606.84
606.84
978.47
978.47
987.78
987.78
1336.45
1336.45
94.99
94.99
1826.43
1826.43
1935.73
1935.73
2729.53
2729.53
2627.82
2627.82
2927.19
2927.19
2746.26
2746.26
1930.50
1930.50
10.00
10.00
3402.19
3402.19
4043.66
4043.66
4260.59
4260.59
4400.07
4400.07
847.56
847.56
217.82
217.82
855.31
855.31
11.21
11.21
6735.48
6735.48
6058.16
6058.16
10.54
10.54
6837.63
6837.63
7703.32
7703.32
9189.32
9189.32
10.00
10.00
14.73
14.73
1539.43
1539.43
8701.67
8701.67
8459.98
8459.98
8702.66
8702.66
48.70
48.70
14.32
14.32
7954.46
7954.46
9571.36
9571.36
11355.50
11355.50
13.71
13.71
11409.22
11409.22
13210.87
13210.87
12239.04
12239.04
12239.04
12239.04
12239.04
12239.04
12239.04
12239.04
14212.14
14212.14
11879.75
11879.75
15008.13
15008.13
892.28
892.28
8558.58
8558.58
692.72
692.72
16.33
16.33
7703.71
7703.71
5735.05
5735.05
5735.05
5735.05
8402.68
8402.68
495.31
495.31
13.90
13.90
18.13
18.13
10574.17
10574.17
904.00
904.00
10391.18
10391.18
7056.39
7056.39
10076.90
10076.90
10076.90
10076.90
10076.90
10076.90
3087.09
3087.09
13.83
13.83
4341.39
4341.39
2319.14
2319.14
3007.40
3007.40
3283.46
3283.46
3100.41
3100.41
3294.65
3294.65
2768.32
2768.32
3099.75
3099.75
3808.56
3808.56
1477.77
1477.77
4513.81
4513.81
4513.81
4513.81
4791.73
4791.73
4950.23
4950.23
17.17
17.17
4993.99
4993.99
2183.82
2183.82
5138.97
5138.97
4986.42
4986.42
1834.09
1834.09
327.53
327.53
5106.21
5106.21
13.07
13.07
5415.17
5415.17
14.57
14.57
5427.99
5427.99
760.63
760.63
3355.54
3355.54
13.39
13.39
158.25
158.25
5869.71
5869.71
889.61
889.61
14.60
14.60
14.26
14.26
7493.58
7493.58
7341.68
7341.68
7392.79
7392.79
3603.93
3603.93
7507.55
7507.55
7507.55
7507.55
7507.55
7507.55
643.51
643.51
2367.90
2367.90
2737.12
2737.12
2737.12
2737.12
3073.61
3073.61
2826.23
2826.23
3516.01
3516.01
3577.31
3577.31
3469.09
3469.09
99.25
99.25
15.17
15.17
4057.51
4057.51
4045.36
4045.36
840.72
840.72
1954.36
1954.36
4131.63
4131.63
4792.92
4792.92
6092.19
6092.19
835.23
835.23
14.81
14.81
5595.99
5595.99
5628.50
5628.50
1094.41
1094.41
6529.00
6529.00
6529.00
6529.00
1096.88
1096.88
6655.92
6655.92
6268.96
6268.96
5298.62
5298.62
7524.30
7524.30
900.08
900.08
7658.62
7658.62
3405.97
3405.97
5650.76
5650.76
13.85
13.85
3178.12
3178.12
4085.05
4085.05
13.83
13.83
13.26
13.26
13.26
13.26
610.33
610.33
685.27
685.27
902.39
902.39
1066.05
1066.05
1347.04
1347.04
1808.93
1808.93
1763.55
1763.55
2604.85
2604.85
2885.16
2885.16
3376.53
3376.53
3376.53
3376.53
3376.53
3376.53
3376.53
3376.53
3616.04
3616.04
3960.29
3960.29
3727.63
3727.63
3834.94
3834.94
4517.48
4517.48
3682.26
3682.26
863.86
863.86
4146.68
4146.68
2037.67
2037.67
5823.73
5823.73
521.34
521.34
5899.40
5899.40
1263.54
1263.54
5832.31
5832.31
13.05
13.05
566.53
566.53
3301.16
3301.16
7627.46
7627.46
1366.39
1366.39
2013.35
2013.35
2590.03
2590.03
1268.48
1268.48
2436.96
2436.96
727.60
727.60
8500.91
8500.91
5963.98
5963.98
5963.98
5963.98
268.44
268.44
2534.86
2534.86
2534.86
2534.86
2534.86
2534.86
3857.67
3857.67
9597.24
9597.24
9597.24
9597.24
227.61
227.61
894.07
894.07
8368.60
8368.60
10100.64
10100.64
10100.64
10100.64
10100.64
10100.64
8748.13
8748.13
8748.13
8748.13
896.25
896.25
42.17
42.17
876.76
876.76
876.76
876.76
2190.99
2190.99
4441.79
4441.79
4487.23
4487.23
4550.48
4550.48
25.32
25.32
25.32
601.34
762.27
762.27
906.28
906.28
906.28
906.28
1213.48
1213.48
1535.52
1535.52
1905.60
1905.60
2625.58
2625.58
3132.44
3132.44
2767.69
2767.69
2692.68
2692.68
3600.32
3600.32
3447.08
3447.08
3447.08
3447.08
4750.51
4750.51
4558.69
4558.69
4580.65
4580.65
5400.28
5400.28
2534.29
2534.29
26.59
26.59
14.45
14.45
6756.14
6756.14
14.15
14.15
3949.66
3949.66
9514.27
9514.27
8706.04
8706.04
8986.91
8986.91
5621.25
5621.25
5621.25
5621.25
7142.96
7142.96
607.98
607.98
3592.55
3592.55
3592.55
3592.55
5096.36
5096.36
9991.03
9991.03
108.49
108.49
13.63
13.63
4678.84
4678.84
4799.55
4799.55
4799.55
4799.55
36.23
36.23
3545.56
3545.56
3002.71
3002.71
3406.22
3406.22
3400.12
3400.12
4219.35
4219.35
4400.16
4400.16
13.52
13.52
4233.59
4233.59
4182.41
4182.41
4182.41
4182.41
3847.00
3847.00
3063.63
3063.63
903.92
903.92
3032.42
3032.42
6202.44
6202.44
5447.94
5447.94
14.61
14.61
6063.25
6063.25
6348.50
6348.50
4926.76
4926.76
8182.52
8182.52
8182.52
8182.52
8182.52
8182.52
8182.52
8182.52
8182.52
8182.52
8182.52
8182.52
4696.24
4696.24
5213.13
5213.13
3127.32
3127.32
6901.89
6901.89
6858.73
6858.73
850.11
850.11
3851.34
3851.34
7703.30
7703.30
7703.30
7703.30
3277.39
3277.39
943.15
943.15
3346.13
3346.13
4432.88
4432.88
13.65
13.65
3403.84
3403.84
3403.84
3403.84
3403.84
3403.84
3849.24
3849.24
15.14
15.14
1266.78
1266.78
1882.54
1882.54
2053.77
2053.77
696.32
696.32
2208.46
2208.46
2514.43
2514.43
636.76
636.76
2390.91
2390.91
730.01
730.01
3157.55
3157.55
3157.55
3157.55
3157.55
3157.55
3210.87
3210.87
3246.70
3246.70
4321.32
4321.32
4014.87
4014.87
13.33
13.33
3981.80
3981.80
5357.70
5357.70
4802.14
4802.14
13.32
13.32
3391.51
3391.51
8216.14
8216.14
10084.60
10084.60
10084.60
10084.60
912.99
912.99
12.83
12.83
4989.80
4989.80
4989.80
4989.80
4989.80
4989.80
14.36
14.36
10600.81
10600.81
10600.81
10600.81
3181.80
3181.80
5129.24
5129.24
9292.95
9292.95
9292.95
9292.95
9292.95
9292.95
9292.95
9292.95
13.71
13.71
7264.88
7264.88
9157.79
9157.79
8070.64
8070.64
5504.86
5504.86
5504.86
5504.86
9353.40
9353.40
9353.40
9353.40
13.57
13.57
2103.97
2103.97
2103.97
2103.97
3880.62
3880.62
13.74
13.74
13.74
13.74
453.90
453.90
574.48
574.48
795.61
795.61
1035.86
1035.86
583.61
583.61
1476.30
1476.30
1373.91
1373.91
1771.74
1771.74
1581.06
1581.06
2041.07
2041.07
2212.85
2212.85
1560.54
1560.54
13.77
13.77
1917.69
1917.69
2587.32
2587.32
2617.66
2617.66
2765.89
2765.89
732.46
732.46
3271.88
3271.88
2498.24
2498.24
2935.13
2935.13
3154.65
3154.65
3199.95
3199.95
3050.71
3050.71
3310.50
3310.50
3449.37
3449.37
3175.86
3175.86
3514.90
3514.90
3715.45
3715.45
4409.99
4409.99
5065.08
5065.08
904.75
904.75
5277.23
5277.23
5340.87
5340.87
5340.87
5340.87
5340.87
5340.87
6108.05
6108.05
7001.64
7001.64
4588.22
4588.22
5328.68
5328.68
5328.68
5328.68
5328.68
5328.68
5328.68
5328.68
5328.68
5328.68
881.22
881.22
3008.05
3008.05
3620.00
3620.00
12.82
12.82
998.50
998.50
1009.19
1009.19
73.97
73.97
73.97
1515.45
1772.26
1772.26
1223.03
1223.03
2321.43
2321.43
2485.60
2485.60
2349.75
2349.75
2999.64
2999.64
2976.19
2976.19
3633.25
3633.25
3041.05
3041.05
4948.13
4948.13
2096.35
2096.35
5226.97
5226.97
5067.14
5067.14
5067.14
5067.14
25.42
25.42
3812.62
3812.62
13.29
13.29
408.21
408.21
14.91
14.91
1011.88
1011.88
7365.48
7365.48
6406.39
6406.39
54.18
54.18
3287.38
3287.38
3287.38
3287.38
3287.38
3287.38
3492.02
3492.02
14.82
14.82
1524.68
1524.68
1799.46
1799.46
1799.46
1799.46
148.82
148.82
5662.39
5662.39
7036.37
7036.37
6032.91
6032.91
886.14
886.14
7577.01
7577.01
4609.26
4609.26
15.33
15.33
9040.85
9040.85
7718.88
7718.88
28.42
28.42
2679.80
2679.80
2713.28
2713.28
4568.26
4568.26
9108.76
9108.76
2985.80
2985.80
1377.53
1377.53
8530.26
8530.26
1638.59
1638.59
4345.08
4345.08
11378.60
11378.60
17.24
17.24
2011.88
2011.88
3831.01
3831.01
27.86
27.86
895.05
895.05
3248.95
3248.95
553.00
553.00
3236.48
3236.48
3385.68
3385.68
4909.07
4909.07
4221.44
4221.44
4830.99
4830.99
4977.19
4977.19
4501.82
4501.82
4501.82
4501.82
4501.82
4501.82
1768.73
1768.73
2291.50
2291.50
2291.50
2291.50
4559.45
4559.45
4676.53
4676.53
5723.26
5723.26
4063.23
4063.23
28.55
28.55
5608.12
5608.12
3894.48
3894.48
5017.65
5017.65
6537.91
6537.91
942.24
942.24
8063.77
8063.77
8063.77
8063.77
8063.77
8063.77
8063.77
8063.77
8063.77
8063.77
521.15
521.15
3711.08
3711.08
3711.08
3711.08
3711.08
34.30
34.30
12.76
12.76
3496.89
3496.89
3699.09
3699.09
13.40
13.40
13.40
13.40
13.40
827.91
827.91
1745.58
2273.33
2273.33
2646.49
2646.49
3084.24
3084.24
3503.36
3503.36
3052.34
3052.34
843.47
843.47
3521.36
3521.36
767.94
767.94
2397.06
2397.06
2824.78
2824.78
2527.68
2527.68
3544.44
3544.44
4549.55
4549.55
4051.41
4051.41
3978.94
3978.94
4802.99
4802.99
4510.30
4510.30
4393.34
4393.34
2304.87
2304.87
4294.30
4294.30
4593.99
4593.99
1210.36
1210.36
14.29
14.29
4601.37
4601.37
4068.79
4068.79
5143.27
5143.27
2010.79
2010.79
3688.33
3688.33
3688.33
3688.33
2483.76
2483.76
4033.01
4033.01
4864.91
4864.91
5004.05
5004.05
4984.56
4984.56
3760.22
3760.22
4410.51
4410.51
4410.51
4410.51
3757.45
3757.45
2361.24
2361.24
19.28
19.28
3839.40
3839.40
4574.23
4574.23
4574.23
4574.23
4831.18
4831.18
3317.40
3317.40
4104.46
4104.46
2227.59
2227.59
4100.34
4100.34
836.83
836.83
1588.40
1588.40
4787.06
4787.06
5016.00
5016.00
5399.66
5399.66
5132.66
5132.66
5314.10
5314.10
5228.07
5228.07
5536.29
5536.29
5536.29
5536.29
5536.29
5536.29
5084.45
5084.45
778.83
778.83
2743.90
2743.90
3014.67
3014.67
5784.16
5784.16
5784.16
5784.16
5784.16
5784.16
5784.16
5784.16
5784.16
5784.16
2956.93
2956.93
2956.93
2956.93
4234.31
4234.31
3977.73
3977.73
4062.68
4062.68
162.79
162.79
1389.27
1389.27
13.81
13.81
1497.32
1497.32
815.44
815.44
3962.07
3962.07
3907.59
3907.59
14.30
14.30
4306.83
4306.83
4246.08
4246.08
4240.03
4240.03
4303.24
4303.24
1566.04
1566.04
4892.91
4892.91
4592.35
4592.35
4592.35
4592.35
3171.04
3171.04
28.31
28.31
4424.58
4424.58
5044.66
5044.66
1856.11
1856.11
2220.59
2220.59
4545.31
4545.31
5335.78
5335.78
6009.53
6009.53
355.34
355.34
466.02
466.02
3870.90
3870.90
6037.95
6037.95
6560.86
6560.86
6525.16
6525.16
6586.30
6586.30
30.09
30.09
894.04
894.04
7686.02
7686.02
3875.55
3875.55
3875.55
3875.55
3875.55
3875.55
7512.42
7512.42
13.44
13.44
961.15
961.15
7460.84
7460.84
849.03
849.03
2645.00
2645.00
2645.00
2645.00
2649.82
2649.82
2649.82
2649.82
2649.82
2649.82
3947.41
3947.41
12.76
12.76
12.76
405.44
551.55
551.55
885.70
885.70
973.37
973.37
1562.40
1562.40
1348.03
1348.03
2041.64
2041.64
2370.38
2370.38
835.78
835.78
2795.18
2795.18
3284.42
3284.42
3070.74
3070.74
3145.52
3145.52
2691.62
2691.62
770.03
770.03
671.06
671.06
3218.40
3218.40
3478.32
3478.32
127.60
127.60
3429.59
3429.59
685.11
