# 1Hz Kbps trace generated by import_real_world_traces.py
1063.54
52.12
1099.45
957.03
957.03
1668.93
2514.11
349.52
349.52
349.52
18.01
473.49
1580.78
1580.78
1580.78
139.38
139.38
1962.65
1962.65
1829.50
49.64
49.64
260.90
260.90
260.90
148.96
148.96
148.96
148.96
148.96
426.98
1154.01
1154.01
572.28
572.28
803.75
803.75
23.43
11.73
2347.75
2347.75
10.00
10.00
1277.94
1277.94
38.49
38.49
38.49
36.68
36.68
1384.40
1384.40
1406.50
1406.50
13.32
1242.74
3155.32
3155.32
3155.32
1085.08
29.10
29.10
29.10
1853.03
1853.03
48.53
48.53
48.53
28.69
28.69
28.69
323.28
323.28
843.46
843.46
10.00
38.93
38.93
38.93
10.00
10.00
1579.69
23.12
23.12
48.49
2271.62
319.60
319.60
25.45
15.94
15.94
15.94
1415.42
1415.42
1415.42
10.00
10.00
85.97
85.97
85.97
874.58
532.68
2655.30
2655.30
86.66
86.66
1957.67
1957.67
413.06
413.06
2075.36
2075.36
2075.36
1830.54
1830.54
78.71
12.22
