# 1Hz Kbps trace generated by import_real_world_traces.py
350.09
10.00
491.15
368.05
368.05
270.59
468.42
302.59
302.59
348.78
348.78
441.10
572.61
572.61
154.97
520.86
520.86
520.86
76.90
78.84
277.50
660.33
660.33
621.49
621.49
621.49
401.82
401.82
401.82
27.64
27.64
27.64
27.64
714.48
714.48
714.48
159.39
742.01
735.79
735.79
901.45
901.45
30.90
599.56
11.67
11.67
11.67
11.67
11.67
11.67
11.67
11.67
713.29
713.29
689.84
689.84
1043.81
1043.81
12.19
278.89
278.89
458.03
914.41
914.41
914.41
488.44
488.44
10.18
10.18
66.34
66.34
1527.87
1527.87
72.30
72.30
1297.55
1297.55
96.79
319.94
319.94
319.94
307.93
1027.31
1027.31
466.15
466.15
946.55
946.55
946.55
946.55
57.46
362.86
362.86
336.05
336.05
436.26
436.26
10.00
10.00
12.92
12.92
14.11
14.11
14.11
10.71
10.71
49.40
1414.20
1414.20
686.97
686.97
686.97
80.65
80.65
39.76
39.76
39.76
12.01
12.01
12.01
12.22
899.80
899.80
1010.57
1010.57
275.32
275.32
275.32
117.11
117.11
946.78
946.78
657.13
657.13
10.52
622.63
622.63
622.63
12.78
12.78
234.83
934.86
934.86
934.86
202.00
202.00
821.12
821.12
236.53
236.53
10.00
764.52
99.06
99.06
332.76
10.00
972.39
102.72
102.72
10.00
935.81
935.81
879.10
879.10
571.87
571.87
962.73
962.73
122.79
122.79
1044.89
1044.89
686.38
686.38
1447.92
1447.92
1189.28
1189.28
172.83
172.83
734.51
734.51
1396.98
1396.98
926.94
926.94
1303.03
1303.03
673.15
673.15
1385.22
1385.22
10.00
10.00
1636.88
1636.88
10.00
10.00
1577.41
1577.41
1217.70
1217.70
1348.43
1348.43
470.73
470.73
690.34
690.34
287.73
287.73
719.31
719.31
669.38
669.38
205.92
205.92
682.66
682.66
488.07
488.07
949.19
949.19
303.14
303.14
638.39
638.39
615.26
615.26
1401.36
1401.36
617.66
617.66
1348.16
1348.16
306.21
306.21
350.94
350.94
1212.19
1212.19
12.50
12.50
686.24
686.24
137.35
137.35
1126.41
1126.41
10.00
10.00
794.35
794.35
124.24
124.24
1016.62
1016.62
10.21
10.21
10.21
10.21
946.61
946.61
946.61
10.00
10.00
10.00
153.97
153.97
153.97
153.97
153.97
10.00
10.00
10.00
10.00
10.00
10.04
10.04
10.04
10.04
10.04
209.39
911.06
911.06
717.04
588.02
101.55
101.55
10.00
10.00
1329.51
611.75
611.75
12.51
1127.93
1127.93
109.00
109.00
804.60
804.60
1569.54
1569.54
1569.54
975.17
975.17
215.90
215.90
436.97
436.97
436.97
12.66
12.66
10.98
10.98
12.53
12.53
334.78
334.78
180.23
180.23
180.23
10.00
10.00
1205.88
1205.88
121.78
121.78
121.78
10.00
10.00
235.24
235.24
10.00
10.00
62.54
62.54
926.10
926.10
820.87
1063.01
865.42
865.42
1083.94
960.63
99.12
1275.66
1275.66
1399.91
151.78
151.78
212.21
212.21
10.00
10.00
60.55
60.55
60.55
11.97
11.97
10.00
10.00
10.00
20.46
20.46
62.45
62.45
62.45
275.27
275.27
157.24
157.24
10.14
1016.35
1016.35
1016.35
981.92
981.92
153.71
153.71
44.36
44.36
367.66
111.04
111.04
111.04
25.01
25.01
188.79
188.79
13.03
13.03
343.56
343.56
343.56
10.00
10.00
115.80
115.80
115.80
95.50
95.50
112.42
112.42
11.34
11.34
12.23
68.95
68.95
68.95
68.95
111.47
648.76
648.76
1208.79
12.97
12.97
21.69
292.33
292.33
292.33
35.43
35.43
35.43
170.13
33.76
319.05
319.05
531.22
531.22
80.69
80.69
85.16
85.16
85.16
674.10
674.10
1173.51
960.79
960.79
1330.76
1352.44
121.56
121.56
355.44
10.00
10.00
1004.23
1004.23
181.63
668.58
631.21
631.21
1030.47
1030.47
311.55
311.55
847.42
847.42
1163.37
1163.37
1040.54
1040.54
938.45
938.45
1657.37
1657.37
1516.26
1516.26
1625.40
1625.40
660.61
660.61
660.61
660.61
1572.83
1572.83
381.22
381.22
1369.44
1369.44
1369.44
1369.44
1369.44
1369.44
1369.44
1369.44
603.78
603.78
12.50
12.50
20.41
20.41
163.44
163.44
10.00
10.00
511.98
511.98
1469.63
1469.63
1645.45
1645.45
10.00
10.00
1464.53
1464.53
10.00
10.00
1023.04
1023.04
629.79
629.79
629.79
222.42
1147.41
1147.41
1690.52
1690.52
10.00
10.00
1236.22
1236.22
222.50
222.50
11.49
11.49
1357.42
1357.42
433.44
433.44
1419.83
1419.83
165.07
165.07
1484.31
1484.31
1484.31
1484.31
1567.48
1567.48
1567.48
1567.48
1567.48
294.05
294.05
294.05
294.05
98.68
98.68
98.68
98.68
10.00
10.00
11.54
11.54
11.54
896.76
896.76
10.93
10.93
1460.56
1247.87
1066.70
1166.43
1391.90
1559.60
329.04
329.04
1591.74
1591.74
1054.81
1054.81
1137.34
1137.34
624.87
624.87
1154.91
1154.91
1040.90
1040.90
1424.59
1424.59
1594.44
1594.44
441.18
441.18
1712.18
1712.18
1475.46
1475.46
1565.12
1565.12
1682.23
1682.23
1579.96
1579.96
1521.55
1521.55
1643.93
1643.93
1392.01
1392.01
1150.29
1150.29
1619.44
1619.44
1684.61
1684.61
1506.16
1506.16
1287.07
1287.07
733.23
733.23
1601.39
1601.39
1606.47
1606.47
1481.98
1481.98
1302.43
1302.43
517.87
517.87
1584.31
1584.31
348.62
348.62
81.98
81.98
11.47
11.47
11.10
11.10
582.19
582.19
600.39
600.39
1513.46
1513.46
821.13
821.13
1434.29
1434.29
366.69
366.69
1437.34
1437.34
13.04
13.04
50.29
50.29
1299.84
1299.84
1299.84
12.80
12.80
12.80
623.75
623.75
623.75
1278.37
1278.37
283.91
283.91
283.91
12.07
12.07
12.07
10.98
10.98
648.79
648.79
648.79
648.79
13.06
13.06
11.59
11.59
1087.88
1087.88
882.80
882.80
882.80
10.83
10.83
10.83
35.74
170.72
630.42
385.89
385.89
207.49
207.49
207.49
23.98
23.98
388.19
388.19
215.53
215.53
639.01
639.01
927.31
927.31
13.02
13.02
12.70
12.70
35.41
35.41
11.30
12.33
12.33
12.33
10.00
10.00
408.09
408.09
11.78
11.78
12.75
12.75
314.43
314.43
1421.03
1421.03
1265.61
1265.61
19.88
456.48
12.63
12.63
12.63
10.00
10.00
10.00
717.00
717.00
10.00
10.00
10.00
10.00
75.10
75.10
655.83
655.83
12.75
12.75
10.00
10.00
575.57
575.57
13.17
13.17
919.09
10.00
171.42
171.42
1131.12
1308.05
1308.05
10.04
10.04
10.04
12.12
12.12
12.12
10.37
10.37
10.37
17.79
17.79
11.31
11.31
13.00
13.00
275.34
275.34
232.97
232.97
405.45
823.73
823.73
823.73
539.48
610.64
573.55
269.14
557.26
557.26
557.26
557.26
691.54
691.54
691.54
691.54
237.47
237.47
243.72
243.72
197.14
197.14
232.07
232.07
125.62
125.62
154.07
154.07
917.33
917.33
819.77
819.77
315.37
737.16
737.16
10.00
10.00
174.66
1339.01
214.03
214.03
1202.47
1202.47
1202.47
38.60
38.60
33.06
33.06
33.06
13.00
13.00
333.01
333.01
17.20
17.20
17.20
10.00
10.00
26.03
26.03
26.03
338.81
338.81
772.46
772.46
637.80
628.38
628.38
1129.84
815.17
815.17
1343.33
1063.25
1063.25
883.52
883.52
12.03
12.03
102.47
102.47
371.45
371.45
371.45
72.25
72.25
64.99
64.99
628.46
628.46
46.42
46.42
239.94
239.94
594.09
594.09
292.68
292.68
1286.55
1286.55
1299.24
1299.24
1016.91
1016.91
10.00
70.87
70.87
10.42
10.42
12.59
12.59
146.47
146.47
146.47
622.30
622.30
366.28
366.28
366.28
10.42
10.42
724.10
724.10
962.98
962.98
127.01
127.01
519.07
519.07
10.00
10.00
723.49
723.49
21.73
21.73
512.45
512.45
752.57
752.57
752.57
172.02
172.02
491.35
491.35
346.10
346.10
134.54
134.54
114.65
750.75
750.75
781.10
781.10
617.21
617.21
757.11
757.11
824.19
246.87
246.87
1410.20
1410.20
341.34
1438.33
1438.33
10.00
10.00
23.79
699.07
699.07
699.07
77.80
77.80
77.80
246.28
323.54
323.54
323.54
10.89
10.89
1127.78
1127.78
1127.78
667.49
423.45
423.45
1365.30
1365.30
1634.08
1634.08
1634.08
38.69
11.46
11.46
415.54
415.54
415.54
839.66
839.66
10.81
10.81
10.81
12.66
10.00
1418.64
1418.64
1418.64
415.07
415.07
402.48
17.84
1069.21
452.30
452.30
452.30
56.46
56.46
56.46
11.29
807.81
1421.49
1421.49
1421.49
874.97
874.97
114.02
114.02
114.02
114.02
17.70
17.70
17.70
11.32
11.32
11.32
725.62
725.62
11.12
11.12
38.42
38.42
38.42
250.24
76.64
316.76
316.76
700.69
700.69
894.92
894.92
1292.98
1292.98
1444.51
1444.51
1224.73
1597.81
1336.31
1351.22
1351.22
1504.14
1504.14
1510.71
1510.71
399.75
399.75
1705.00
1705.00
1470.19
1470.19
1470.19
1470.19
1368.59
1368.59
1520.06
1520.06
1402.75
1402.75
1402.75
1402.75
1295.08
1295.08
1458.52
1458.52
1434.74
1434.74
1501.02
1501.02
1003.26
1003.26
669.05
669.05
1628.94
1628.94
1477.99
1477.99
1575.87
1575.87
1666.90
1666.90
321.02
321.02
444.96
444.96
444.96
444.96
310.85
310.85
1287.33
1287.33
1287.33
1287.33
1391.85
1391.85
1735.12
1735.12
1616.12
1616.12
641.57
641.57
1479.75
1479.75
1463.75
1463.75
1532.68
1532.68
366.68
366.68
10.00
10.00
307.14
307.14
12.94
12.94
1171.70
1171.70
1486.03
1486.03
1645.01
1645.01
378.78
378.78
92.39
92.39
12.90
12.90
26.75
26.75
1029.30
1029.30
1152.83
1152.83
1603.04
1603.04
1603.04
1603.04
1819.64
1819.64
82.24
82.24
213.54
213.54
51.65
51.65
645.12
645.12
656.53
656.53
1490.87
1490.87
305.14
305.14
791.19
791.19
1592.35
1592.35
1486.52
1486.52
1496.75
1496.75
159.42
159.42
939.31
939.31
12.52
12.52
1474.36
1474.36
1351.63
1351.63
1496.46
1496.46
1496.46
1496.46
1651.88
1651.88
10.00
10.00
1022.13
1022.13
48.77
48.77
10.60
10.60
10.00
10.00
10.00
12.31
12.31
12.31
12.90
12.90
12.90
21.97
21.97
21.97
11.90
11.90
11.90
65.46
65.46
65.46
34.98
34.98
12.83
12.83
12.83
12.78
12.78
37.27
37.27
12.09
1141.42
1141.42
1141.42
956.04
567.73
1322.81
963.49
963.49
1548.73
1548.73
1187.44
1187.44
1207.04
1207.04
446.39
446.39
394.51
394.51
1274.71
1274.71
29.45
29.45
29.45
11.23
1561.78
1561.78
1141.78
1141.78
868.48
868.48
358.03
358.03
219.82
219.82
942.63
942.63
942.63
337.76
337.76
1293.19
1293.19
1293.19
1635.09
1123.43
1123.43
1123.43
13.64
13.64
13.64
13.09
13.09
13.09
13.09
153.41
153.41
153.41
11.22
11.22
11.22
11.22
457.48
457.48
1569.25
1569.25
814.63
814.63
12.61
12.61
934.30
934.30
420.04
1053.06
1053.06
12.86
12.86
10.00
10.00
326.60
326.60
326.60
341.13
341.13
340.96
12.17
12.17
10.00
10.00
10.00
10.00
12.98
12.98
516.97
516.97
25.54
25.54
989.87
989.87
620.09
620.09
572.11
823.62
313.12
887.73
887.73
68.01
68.01
521.50
521.50
272.88
272.88
11.04
11.04
11.04
59.88
59.88
59.88
59.88
59.88
1424.73
1424.73
138.31
1612.10
1576.07
1576.07
1576.07
146.00
146.00
842.91
842.91
951.96
951.96
951.96
59.49
59.49
1039.90
592.99
592.99
11.87
11.87
11.87
28.99
28.99
230.03
230.03
1170.99
1170.99
1170.99
10.00
10.00
10.00
249.98
1458.13
1458.13
200.21
1433.67
1433.67
1433.67
12.73
12.73
11.37
11.37
200.10
200.10
200.10
200.10
13.00
37.77
37.77
36.38
36.38
424.00
424.00
935.94
935.94
935.94
14.76
14.76
867.72
867.72
549.24
549.24
382.72
440.06
440.06
10.00
10.00
502.64
10.00
10.00
533.84
12.05
12.05
1378.92
1378.92
1378.92
213.27
213.27
1081.92
1515.95
1515.95
10.00
1697.41
1697.41
1441.10
1418.19
1418.19
704.21
704.21
704.21
1032.91
1032.91
1032.91
11.41
11.41
122.02
122.02
122.02
10.30
10.30
10.30
11.27
11.27
12.89
12.89
12.89
13.13
10.00
10.00
51.29
51.29
311.85
311.85
10.00
10.00
120.72
120.72
13.01
13.01
747.61
640.16
640.16
1185.87
1185.87
549.74
933.17
933.17
1216.92
1216.92
1166.90
1166.90
163.55
1452.80
1452.80
1452.80
1452.80
12.39
12.39
11.42
11.42
13.01
13.01
178.31
178.31
178.31
10.00
10.00
12.87
12.87
10.00
10.00
1154.74
1154.74
99.14
99.14
12.36
12.36
11.49
11.49
175.65
175.65
49.24
49.24
926.07
926.07
24.13
24.13
24.13
929.89
929.89
158.25
158.25
158.25
10.00
10.00
12.68
12.68
25.35
25.35
11.80
11.80
270.23
270.23
748.34
748.34
748.34
333.79
333.79
10.00
208.07
606.36
153.25
93.02
93.02
93.02
49.64
49.64
49.64
720.78
720.78
596.10
596.10
46.89
46.89
679.95
179.98
662.83
662.83
662.83
1206.91
1206.91
13.02
13.02
261.98
261.98
10.00
10.00
12.85
12.85
401.38
401.38
169.50
169.50
169.50
78.73
78.73
12.92
12.92
714.18
714.18
945.15
945.15
115.15
117.52
117.52
491.57
491.57
491.57
491.57
12.21
12.21
905.36
905.36
1291.17
10.00
10.00
258.28
39.35
39.35
144.44
144.44
235.72
97.50
69.54
69.54
69.54
37.66
37.66
99.81
99.81
1280.88
1280.88
305.88
305.88
305.88
305.88
300.70
300.70
300.70
12.52
12.52
394.35
394.35
394.35
10.81
10.81
12.51
19.31
19.31
12.80
12.80
357.44
357.44
357.44
10.00
10.00
356.10
225.27
225.27
225.27
11.51
222.55
222.55
10.00
10.00
12.80
12.80
244.66
244.66
10.00
10.00
150.80
222.36
222.36
299.69
299.69
759.66
759.66
759.66
123.24
281.84
58.19
70.14
70.14
70.14
70.14
258.89
258.89
853.05
853.05
1182.65
1182.65
641.84
884.67
167.54
909.93
909.93
928.83
964.38
623.69
623.69
562.96
562.96
555.83
555.83
164.26
164.26
526.33
526.33
526.33
526.33
684.58
684.58
1238.07
1238.07
537.45
537.45
10.00
10.00
759.87
759.87
1434.10
1434.10
519.78
519.78
814.09
814.09
1273.03
1273.03
1493.58
1493.58
254.29
254.29
1470.76
1470.76
1470.76
1470.76
1280.82
1280.82
1280.82
1280.82
1465.80
1465.80
1490.33
1490.33
1257.75
1257.75
1481.41
1481.41
1481.41
1481.41
942.13
942.13
1594.13
1594.13
1594.13
1594.13
1624.74
1624.74
487.98
487.98
11.70
11.70
601.33
601.33
1046.13
1046.13
1103.05
1103.05
1103.05
1103.05
811.47
811.47
1068.69
1068.69
301.62
301.62
1617.75
1617.75
1554.71
1554.71
249.23
249.23
1456.76
1456.76
1035.63
1035.63
1370.30
1370.30
415.03
415.03
1300.33
1300.33
1543.17
1543.17
1554.45
1554.45
1531.73
1531.73
1253.73
1253.73
1253.73
1253.73
1510.13
1510.13
1510.13
1510.13
1510.13
1510.13
967.20
967.20
1488.23
1488.23
1488.23
715.43
278.29
278.29
1243.52
1243.52
1242.36
1242.36
264.48
264.48
264.48
264.48
12.49
12.49
12.49
12.11
12.11
12.11
11.53
11.53
11.53
122.90
122.90
122.90
12.65
12.65
941.98
941.98
941.98
12.71
24.25
24.25
24.25
896.79
896.79
896.79
10.00
10.00
10.00
211.26
211.26
1175.02
1175.02
696.30
10.00
1040.15
1040.15
1040.15
13.14
13.14
896.79
896.79
888.82
1390.26
47.59
47.59
47.59
284.08
284.08
489.67
784.57
784.57
784.57
756.73
756.73
74.85
74.85
12.92
12.92
316.86
316.86
12.51
12.51
27.77
65.91
65.91
12.70
12.70
12.70
575.68
575.68
12.44
12.44
12.44
236.06
236.06
12.76
12.76
12.76
19.11
19.11
498.36
110.23
110.23
97.84
97.84
772.34
772.34
772.34
1279.88
1209.31
1209.31
10.00
10.00
201.94
201.94
1196.26
1196.26
201.04
201.04
201.04
670.63
670.63
113.23
121.38
121.38
109.39
109.39
10.93
10.93
10.93
37.31
508.38
508.38
508.38
1323.60
1323.60
55.73
55.73
55.73
399.89
399.89
125.27
125.27
24.08
24.08
96.15
96.15
492.71
492.71
16.98
16.98
10.00
10.00
655.95
655.95
157.81
157.81
157.81
685.12
652.05
652.05
157.76
26.17
26.17
1199.05
1199.05
1199.05
10.00
10.00
520.25
115.14
115.14
12.55
494.81
494.81
494.81
494.81
110.10
85.94
42.27
42.27
1033.05
34.38
34.38
34.38
34.38
34.38
34.38
12.07
12.07
51.52
10.00
10.00
1488.04
1488.04
22.09
22.09
1337.76
1337.76
637.00
1570.18
1570.18
1553.08
1553.08
1518.38
1518.38
13.00
13.00
12.77
12.77
648.11
648.11
213.06
308.47
308.47
219.19
219.19
219.19
219.19
219.19
219.19
13.07
917.40
917.40
917.40
12.51
596.83
596.83
596.83
478.13
478.13
82.40
524.93
500.24
500.24
500.24
10.00
570.08
570.08
461.20
299.10
299.10
299.10
554.75
554.75
554.75
17.78
17.78
17.78
10.00
17.44
17.44
654.11
654.11
132.92
132.92
18.64
18.64
18.64
11.32
11.32
502.85
502.85
502.85
12.69
12.69
17.91
17.91
767.13
1521.63
210.19
891.98
59.94
59.94
384.85
384.85
384.85
384.85
384.85
384.85
904.94
904.94
64.92
64.92
826.47
1168.33
69.90
69.90
11.12
11.12
435.51
435.51
435.51
337.97
337.97
35.70
35.70
35.70
275.00
275.00
1346.85
1346.85
12.65
1155.89
897.26
897.26
13.02
13.02
10.75
10.75
12.80
12.80
12.80
39.21
39.21
39.21
11.96
11.96
11.96
215.25
215.25
215.25
28.56
28.56
1044.82
1044.82
342.08
342.08
391.32
1160.93
1160.93
85.66
85.66
12.85
12.85
446.48
1749.46
1749.46
12.99
12.99
50.05
411.50
411.50
151.80
151.80
69.13
69.13
10.00
10.00
217.87
217.87
151.41
151.41
151.41
10.87
10.87
10.87
10.87
10.00
10.00
210.73
210.73
1384.41
1567.20
1733.98
1515.90
1643.38
1007.32
1196.21
1566.83
1566.83
1566.83
41.67
41.67
41.67
101.34
1427.12
1427.12
1427.12
1278.37
1278.37
10.00
10.00
174.10
174.10
174.10
174.10
255.92
255.92
255.92
255.92
255.92
255.92
12.78
71.51
71.51
894.94
894.94
182.95
182.95
10.00
10.00
359.90
359.90
359.90
12.91
12.91
10.20
10.20
521.57
521.57
300.94
300.94
300.94
192.58
192.58
192.58
192.58
192.58
192.58
192.58
192.58
192.58
192.58
192.58
192.58
192.58
192.58
192.58
192.58
192.58
192.58
192.58
192.58
192.58
192.58
192.58
192.58
192.58
192.58
192.58
192.58
192.58
192.58
192.58
192.58
192.58
192.58
192.58
192.58
192.58
336.14
1229.65
965.54
901.21
1451.12
1602.44
1602.44
425.61
425.61
425.61
1204.74
1204.74
1204.74
108.20
108.20
12.90
12.90
99.80
99.80
99.80
1567.14
1567.14
10.00
10.00
10.00
10.00
80.30
80.30
10.00
10.00
1265.22
1265.22
10.00
10.00
10.00
26.45
26.45
10.88
1196.41
283.69
843.13
1499.99
1346.53
564.45
564.45
1159.84
1159.84
1469.54
1469.54
1452.45
1452.45
1252.27
1252.27
1305.21
1305.21
1325.19
1325.19
1236.84
1236.84
1410.63
1410.63
1077.97
1077.97
1077.97
1077.97
1077.97
1077.97
1077.97
586.50
956.58
1571.72
1483.25
1483.25
1325.98
1325.98
1408.88
1408.88
1482.23
1482.23
1502.39
1502.39
1376.45
1376.45
1585.98
1585.98
1182.46
1182.46
1452.31
1452.31
955.64
955.64
1574.83
1574.83
1485.62
1485.62
215.25
215.25
1354.23
1354.23
1720.67
1720.67
1268.96
1268.96
1298.43
1298.43
222.71
222.71
1636.86
1636.86
546.34
546.34
136.95
136.95
62.67
62.67
832.16
832.16
57.99
57.99
1662.21
1662.21
10.00
10.00
466.94
466.94
10.00
10.00
1314.70
1314.70
1413.90
1413.90
1413.90
1413.90
1241.98
1241.98
1601.72
1601.72
1582.55
1582.55
1679.03
1679.03
41.83
41.83
613.77
613.77
363.12
363.12
1232.09
1232.09
1232.09
1232.09
12.91
12.91
12.91
1430.97
1430.97
1430.97
1430.97
10.23
324.61
190.27
190.27
488.70
488.70
1190.68
1190.68
802.27
620.21
620.21
971.04
971.04
1222.94
1222.94
25.90
25.90
487.83
487.83
1477.40
1477.40
1477.40
1331.01
1331.01
1331.01
1167.86
1167.86
1167.86
521.87
521.87
521.87
521.87
10.22
10.22
10.22
852.22
852.22
852.22
530.01
530.01
238.24
238.24
238.24
12.56
12.56
12.11
1659.62
1659.62
1659.62
1399.22
942.16
942.16
1552.52
1552.52
1552.52
11.63
11.63
12.91
12.91
29.53
29.53
259.87
259.87
259.87
13.72
13.72
10.00
10.00
10.56
1506.69
1506.69
873.96
873.96
20.85
20.85
935.75
935.75
935.75
384.67
384.67
30.44
30.44
57.53
57.53
1616.16
11.40
11.40
797.04
797.04
558.61
558.61
19.22
19.22
538.88
538.88
538.88
19.11
19.11
1230.73
1230.73
10.00
10.00
332.57
332.57
849.67
849.67
940.21
1200.78
1200.78
1200.78
12.75
1307.43
1307.43
852.06
300.50
300.50
300.50
1119.53
612.94
453.59
453.59
453.59
429.23
97.12
97.12
880.98
880.98
1479.22
1479.22
1479.22
1624.99
1624.99
783.39
783.39
10.00
10.00
10.00
143.03
12.15
12.15
235.91
235.91
1374.54
1374.54
229.56
620.90
620.90
143.42
143.42
10.00
1646.94
1646.94
16.29
16.29
12.03
100.42
736.79
736.79
11.30
11.30
11.30
11.30
12.95
12.95
12.92
977.73
977.73
977.73
208.99
208.99
208.99
208.99
759.00
759.00
12.14
12.14
501.05
501.05
501.05
19.64
19.64
19.64
231.63
231.63
13.00
13.00
11.78
30.47
30.47
1329.45
1329.45
1329.45
715.36
715.36
715.36
881.91
881.91
12.64
12.64
12.64
517.90
517.90
443.72
204.02
504.55
504.55
19.06
19.06
19.06
19.06
12.90
12.90
57.96
57.96
57.96
11.48
11.48
801.63
801.63
746.75
746.75
10.66
537.46
211.23
211.23
211.23
12.78
12.78
12.59
12.59
12.59
111.25
111.25
129.36
12.88
631.61
631.61
33.95
1328.91
1328.91
15.31
15.31
15.31
910.86
910.86
1441.02
130.57
130.57
41.58
41.58
12.64
12.64
12.64
1418.93
1418.93
1575.79
1575.79
28.57
28.57
28.57
28.57
423.69
423.69
423.69
872.62
872.62
872.62
163.37
163.37
1166.95
1166.95
246.25
246.25
126.42
126.42
1662.30
1064.94
1095.53
1456.13
1132.55
1132.55
942.67
942.67
1614.35
1614.35
1468.09
1468.09
1651.59
1651.59
806.17
806.17
1163.21
1163.21
1406.59
1406.59
1624.93
1624.93
1624.93
1624.93
1154.63
1154.63
1658.37
1658.37
1400.62
1400.62
1555.31
1555.31
1571.22
1571.22
447.04
447.04
680.68
680.68
10.00
10.00
1426.35
1426.35
1198.21
1198.21
1539.57
1539.57
1479.70
1479.70
1150.28
1150.28
1087.20
1087.20
666.26
666.26
1584.29
1584.29
1384.38
1384.38
1552.83
1552.83
136.10
136.10
1641.70
1641.70
286.28
286.28
223.55
223.55
615.57
615.57
71.61
71.61
1710.28
1710.28
233.39
233.39
28.52
28.52
1554.67
1554.67
1245.11
1245.11
1245.11
1245.11
1692.53
1692.53
172.62
172.62
1738.08
1738.08
1604.46
1604.46
1632.16
1632.16
144.78
144.78
903.11
903.11
1044.56
1044.56
11.09
11.09
977.03
977.03
942.20
942.20
854.12
854.12
1402.97
1402.97
1526.38
1526.38
1526.38
1526.38
12.24
12.24
493.97
493.97
1445.75
1445.75
1281.25
1281.25
1670.25
1670.25
72.24
72.24
473.01
473.01
1478.40
1478.40
1196.64
1196.64
12.29
12.29
986.81
986.81
162.15
162.15
162.15
11.04
11.04
12.93
12.93
12.93
10.00
10.00
10.00
10.00
10.00
10.00
10.00
1338.88
1338.88
111.23
111.23
182.31
92.65
92.65
45.28
45.28
10.00
10.00
10.00
10.00
12.82
41.45
41.45
41.45
12.40
12.40
163.08
163.08
163.08
10.00
10.00
10.00
10.00
25.92
25.92
12.44
12.44
58.94
58.94
35.95
35.95
48.50
48.50
10.00
11.54
11.54
1079.13
12.56
12.56
1206.87
1206.87
1206.87
10.00
10.00
10.00
48.43
48.43
519.53
519.53
221.04
221.04
1000.55
1000.55
1000.55
804.59
199.06
199.06
30.29
30.29
19.99
19.99
1490.46
1749.59
1749.59
1749.59
28.58
1419.06
1419.06
30.17
1653.41
1505.91
1505.91
1505.91
1505.91
495.51
495.51
10.00
10.00
1656.43
1656.43
1656.43
201.74
1345.43
1345.43
143.30
143.30
205.06
205.06
1546.70
1150.13
1467.71
1467.71
1439.02
1439.02
445.32
445.32
647.46
647.46
647.46
647.46
1614.08
1614.08
1281.62
1281.62
1351.45
1351.45
1078.05
1078.05
124.29
124.29
1234.34
1234.34
1514.34
1514.34
1514.34
919.10
1573.64
1573.64
1431.00
1431.00
1431.00
1616.36
1614.85
1614.85
1614.85
1547.41
1547.41
849.21
849.21
849.21
849.21
1515.27
1515.27
1595.73
1595.73
1512.78
1512.78
1557.05
1557.05
1528.08
1528.08
1485.76
1485.76
1277.20
1277.20
339.05
339.05
11.28
11.28
292.71
582.49
582.49
582.49
488.49
488.49
1289.47
1289.47
1466.01
1466.01
1634.45
1634.45
1280.79
1280.79
906.59
906.59
1669.81
1669.81
1227.90
1227.90
531.13
531.13
1390.90
1390.90
1499.68
1499.68
1691.58
1691.58
1042.01
1042.01
1425.87
1425.87
989.07
989.07
1777.30
1777.30
513.80
513.80
1622.23
1622.23
871.49
871.49
1577.39
1577.39
925.99
925.99
1174.11
1174.11
1446.33
1446.33
1561.85
1561.85
1584.23
1584.23
274.74
274.74
108.28
108.28
10.09
10.09
11.46
11.46
12.62
12.62
386.19
386.19
613.95
613.95
613.95
190.81
10.00
10.00
537.98
537.98
813.53
813.53
586.31
586.31
586.31
586.31
586.31
1310.34
1310.34
50.00
50.00
50.00
50.00
729.33
729.33
35.64
35.64
1588.42
1588.42
1588.42
49.74
49.74
11.39
11.39
10.80
10.80
10.01
10.01
10.01
10.01
10.01
10.01
87.18
87.18
87.18
10.00
10.00
10.00
621.92
66.65
66.65
664.43
664.43
164.25
10.00
567.12
567.12
567.12
118.36
963.73
963.73
25.54
25.54
1166.03
380.27
380.27
483.75
483.75
483.75
145.95
145.95
12.52
12.52
12.52
12.52
255.99
255.99
255.99
128.62
128.62
79.57
79.57
11.25
11.25
17.46
75.54
75.54
12.80
12.80
618.26
618.26
618.26
10.00
10.00
329.79
329.79
392.94
392.94
392.94
997.75
997.75
538.57
10.00
10.00
81.18
81.18
81.18
136.56
1181.30
1181.30
186.80
186.80
186.80
225.13
1114.88
1114.88
191.09
405.35
12.63
12.63
12.68
12.68
12.68
12.68
71.90
71.90
58.51
58.51
10.00
10.00
10.00
701.19
701.19
77.67
77.67
115.75
115.75
83.53
83.53
83.53
38.18
38.18
12.84
12.84
44.67
44.67
583.67
583.67
151.75
151.75
256.11
256.11
12.89
12.89
82.69
82.69
82.69
172.74
172.74
81.12
81.12
81.12
389.63
389.63
389.63
148.05
148.05
62.21
598.00
598.00
427.90
290.43
290.43
502.85
614.40
297.68
297.68
226.01
226.01
103.19
606.63
606.63
1619.70
274.05
274.05
1402.84
74.56
74.56
74.56
74.56
160.49
160.49
160.49
160.49
160.49
160.49
227.50
227.50
227.50
105.65
105.65
1433.11
1433.11
1771.10
1687.91
1687.91
12.33
12.33
12.33
244.46
244.46
131.86
1083.25
1625.43
699.15
707.47
443.54
1016.45
840.73
840.73
515.28
515.28
1410.31
1410.31
767.27
767.27
1585.62
1585.62
1720.39
1720.39
440.43
440.43
1402.62
1402.62
1402.62
1402.62
1567.50
1567.50
162.64
162.64
1233.84
1233.84
1209.61
1209.61
1553.66
1553.66
1428.67
1428.67
1279.49
1279.49
458.85
458.85
1426.24
1426.24
13.10
13.10
10.00
10.00
643.60
643.60
728.11
728.11
728.11
728.11
871.94
871.94
1415.08
1415.08
1180.39
1180.39
1557.14
1557.14
1061.94
1061.94
1571.92
1571.92
1602.28
1602.28
821.83
821.83
1348.13
1348.13
1578.26
1578.26
1553.46
1553.46
807.09
807.09
182.04
182.04
1575.53
1575.53
1646.08
1646.08
1302.44
1302.44
1533.83
1533.83
1341.77
1341.77
311.59
311.59
68.21
68.21
1526.61
1526.61
1526.61
1526.61
1526.61
1526.61
1446.72
1446.72
267.89
267.89
1400.08
1400.08
1555.50
1555.50
894.70
894.70
1449.00
1449.00
1440.29
1440.29
1529.10
1529.10
919.28
919.28
919.28
919.28
385.97
385.97
10.00
10.00
318.73
318.73
394.87
394.87
697.47
697.47
697.47
697.47
571.48
571.48
76.37
76.37
65.21
65.21
11.18
11.18
36.05
36.05
36.05
36.05
36.05
36.05
36.05
36.05
36.05
36.05
36.05
36.05
36.05
36.05
101.79
101.79
101.79
101.79
101.79
101.79
101.79
101.79
101.79
101.79
101.79
101.79
101.79
20.84
225.09
225.09
225.09
225.09
225.09
225.09
225.09
79.49
79.49
79.49
79.49
79.49
25.05
25.05
25.05
25.54
10.00
47.16
273.26
368.13
40.80
435.28
435.28
102.69
594.28
501.38
501.38
677.01
773.90
773.90
29.94
29.94
1074.05
1074.05
682.61
682.61
1424.41
1424.41
36.64
36.64
370.76
370.76
370.76
24.81
24.81
24.81
19.35
19.35
19.35
19.35
19.35
10.00
10.00
10.00
10.00
31.91
31.91
31.91
12.67
283.39
283.39
217.00
217.00
1064.71
1064.71
1064.71
1005.61
1005.61
1005.61
83.74
58.77
58.77
11.70
11.70
11.70
12.69
12.69
12.85
12.85
1252.43
1440.57
1440.57
10.00
10.00
232.60
98.00
878.10
10.73
10.73
10.73
12.98
12.98
12.98
10.00
57.56
1032.94
1032.94
1032.94
1032.94
1032.94
1032.94
227.59
227.59
1080.55
1080.55
131.01
1097.96
1462.23
1462.23
1261.21
1261.21
10.00
20.00
20.00
1292.27
1292.27
1476.45
1476.45
1457.18
1175.24
1175.24
12.25
12.25
275.47
275.47
10.00
10.00
247.59
247.59
909.42
909.42
1160.34
1064.65
1451.45
1451.45
1451.45
1116.17
1116.17
266.39
266.39
266.39
1760.96
1760.96
1760.96
146.16
146.16
1020.74
1020.74
1020.74
10.00
10.00
10.00
1149.63
1149.63
1149.63
1068.04
1068.04
1070.16
774.09
1344.28
448.18
119.92
846.98
12.85
178.80
178.80
260.58
260.58
1281.77
1281.77
1240.23
1240.23
243.47
243.47
1070.69
1070.69
1292.07
1292.07
1317.28
1317.28
999.10
999.10
286.14
286.14
1655.66
1655.66
1258.27
1258.27
248.21
248.21
1564.36
1564.36
1745.57
1745.57
1618.71
1618.71
1395.33
1395.33
1513.56
1513.56
1708.55
1708.55
1435.37
1435.37
1470.62
1470.62
1107.38
1107.38
1269.54
1269.54
1615.23
1615.23
1215.51
1215.51
1481.94
1481.94
1044.46
1044.46
1301.64
1301.64
1636.23
1636.23
1831.05
1831.05
1568.80
1568.80
1581.31
1581.31
1116.42
1116.42
1116.42
1116.42
1175.68
1175.68
1098.71
1098.71
1098.71
1098.71
346.36
346.36
449.61
449.61
427.19
427.19
956.61
956.61
352.09
352.09
719.23
719.23
358.91
358.91
1157.21
1157.21
10.00
10.00
385.30
385.30
109.03
109.03
225.70
225.70
735.23
735.23
456.27
456.27
647.43
647.43
323.88
323.88
427.44
427.44
427.44
427.44
555.32
555.32
579.66
579.66
579.66
579.66
11.34
11.34
11.34
11.34
271.89
271.89
271.89
271.89
271.89
12.73
12.73
26.74
26.74
520.42
43.92
43.92
380.11
380.11
646.82
111.38
111.38
110.55
1332.07
1332.07
1332.07
1332.07
1332.07
1332.07
1332.07
11.30
11.30
11.30
26.52
26.52
12.92
141.74
141.74
658.94
658.94
658.94
13.10
215.10
10.00
10.00
10.00
10.00
12.21
12.21
23.99
23.99
23.99
720.85
331.44
1226.24
1226.24
1470.12
471.69
471.69
471.69
471.69
471.69
10.00
849.66
849.66
33.70
33.70
49.58
49.58
49.58
10.00
10.00
18.79
18.79
18.79
12.70
12.70
10.00
10.00
10.00
10.00
10.00
778.13
778.13
778.13
12.91
12.57
12.57
811.15
811.15
244.44
10.71
10.71
20.06
876.34
1300.24
1300.24
11.00
11.00
11.25
11.25
13.06
13.06
11.17
11.17
22.60
22.60
18.23
18.23
13.00
13.00
57.39
57.39
64.64
64.64
64.64
12.72
12.72
49.02
49.02
706.20
706.20
17.16
207.88
656.99
656.99
344.47
344.47
29.87
29.87
490.14
490.14
1295.82
1295.82
1293.51
1293.51
446.04
1336.96
1336.96
12.50
12.50
1324.01
1324.01
793.28
793.28
225.60
225.60
225.60
104.35
564.85
564.85
1154.70
1154.70
10.00
10.00
12.79
12.79
12.79
10.61
10.61
88.20
11.52
1402.47
1402.47
1549.23
1549.23
1549.23
259.66
259.66
1256.91
1256.91
1480.92
1480.92
1480.92
12.96
12.96
13.15
13.15
13.15
121.80
121.80
23.42
23.42
1201.75
1142.56
1435.63
1435.63
1435.63
1341.70
1341.70
402.81
619.74
619.74
36.50
36.50
16.79
16.79
1241.95
1241.95
38.90
38.90
10.00
10.00
1090.45
1090.45
925.50
10.00
215.04
1114.03
464.90
464.90
1272.02
1272.02
466.82
466.82
240.30
240.30
1401.42
1401.42
1394.96
1394.96
10.00
10.00
992.79
992.79
1303.13
1303.13
1266.52
1266.52
1158.16
1158.16
1158.16
1158.16
1282.64
1282.64
1310.81
1310.81
1320.17
1320.17
1248.33
1248.33
1569.60
1569.60
1433.31
1433.31
1552.23
1552.23
1361.24
1361.24
1348.89
1348.89
1040.47
1040.47
339.17
339.17
435.00
435.00
1493.15
1493.15
331.47
331.47
1591.74
1591.74
968.97
968.97
609.05
609.05
10.00
10.00
513.48
513.48
513.48
114.75
1587.46
1587.46
1587.46
1587.46
1587.46
986.77
1007.64
1007.64
12.60
12.60
1031.64
1031.64
687.27
687.27
687.27
1291.59
1291.59
465.91
1406.39
1406.39
257.66
257.66
221.73
221.73
132.61
132.61
1521.16
1521.16
1232.47
1232.47
275.94
275.94
120.95
120.95
139.15
139.15
12.80
12.80
37.33
37.33
74.12
74.12
55.45
55.45
301.68
301.68
10.00
10.00
10.00
10.00
10.00
230.77
230.77
10.85
10.85
10.85
10.85
10.00
425.01
425.01
514.10
514.10
83.97
721.20
721.20
102.44
102.44
651.30
651.30
474.10
474.10
449.68
449.68
449.68
449.68
449.68
449.68
62.46
62.46
62.46
62.46
62.46
12.85
12.85
12.85
12.85
12.85
15.21
15.21
468.09
468.09
10.00
10.00
10.00
84.67
84.67
84.67
24.18
24.18
24.18
10.91
226.97
454.52
454.52
10.00
10.00
381.76
381.76
74.41
74.41
297.34
297.34
25.76
25.76
10.00
10.00
49.36
49.36
12.91
12.91
12.91
12.87
12.87
180.92
11.92
11.92
484.23
484.23
10.00
10.00
848.67
848.67
30.06
30.06
30.06
12.72
12.72
10.08
10.08
10.51
108.01
13.01
13.01
913.09
913.09
913.09
635.84
635.84
10.13
10.13
12.38
12.38
12.38
12.80
12.80
12.18
12.18
32.54
32.54
10.00
10.00
11.23
11.23
37.39
1131.14
1131.14
10.94
10.94
10.94
805.58
805.58
805.58
10.81
534.97
534.97
534.97
25.73
25.73
25.73
10.00
10.00
10.00
10.00
165.18
165.18
60.30
60.30
510.41
221.99
221.99
12.49
86.22
86.22
12.79
12.79
827.82
83.94
83.94
898.27
10.00
10.00
84.48
843.13
21.49
21.49
13.07
13.07
13.07
32.90
32.90
32.90
10.00
226.98
810.73
810.73
849.10
849.10
652.95
230.21
230.21
230.21
25.79
25.79
193.15
193.15
193.15
213.79
213.79
213.79
10.00
10.00
10.00
10.00
511.43
511.43
18.88
176.93
176.93
10.00
10.00
10.00
146.62
146.62
146.62
146.62
12.64
12.64
218.75
682.77
682.77
10.00
10.00
867.67
857.39
857.39
1101.38
1185.51
1185.51
1347.94
1347.94
1347.94
1347.94
1347.94
62.57
62.57
10.02
21.53
21.53
21.53
12.92
12.92
17.65
17.65
12.69
12.69
12.69
207.46
40.78
40.78
632.62
632.62
117.67
117.67
117.67
117.67
12.95
12.95
27.82
27.82
36.28
36.28
455.27
455.27
455.27
132.27
132.27
11.33
11.33
188.95
95.52
95.52
1056.47
1056.47
894.27
201.29
201.29
204.16
204.16
204.16
83.86
11.61
526.16
526.16
526.16
223.30
223.30
854.65
854.65
1267.25
1267.25
11.59
11.59
10.00
10.00
10.00
10.00
24.48
24.48
37.19
37.19
28.66
28.66
241.31
241.31
746.97
746.97
746.97
120.33
120.33
10.00
10.00
509.63
509.63
585.21
585.21
12.50
1254.50
1300.79
1300.79
92.84
92.84
92.84
308.21
308.21
12.76
12.76
12.76
124.64
124.64
124.64
12.80
12.80
10.00
315.78
315.78
315.78
49.85
49.85
11.94
50.96
738.05
142.48
142.48
21.62
21.62
85.78
85.78
85.78
63.85
63.85
107.10
107.10
153.96
153.96
153.96
12.25
12.25
112.76
112.76
596.10
565.93
565.93
472.65
472.65
74.70
12.91
12.91
433.16
182.38
268.29
268.29
775.41
775.41
775.41
10.00
10.00
10.00
216.57
216.57
232.30
232.30
15.74
454.83
454.83
11.65
11.65
11.65
11.65
10.00
10.53
10.53
364.34
364.34
749.01
749.01
749.01
632.48
23.26
23.26
23.26
14.68
14.68
293.98
485.09
485.09
10.00
10.00
10.00
284.79
284.79
1094.10
1094.10
12.96
12.96
423.59
423.59
11.02
11.02
506.63
506.63
506.63
10.00
10.00
10.00
654.84
654.84
12.63
12.63
306.04
306.04
1058.62
16.71
16.71
767.09
1013.39
1013.39
146.34
149.37
149.37
90.45
90.45
1545.40
1545.40
804.41
804.41
1189.59
1189.59
213.39
213.39
419.00
419.00
1639.93
1639.93
12.67
1420.48
1420.48
1188.85
1188.85
1188.85
10.00
1527.71
1401.38
1401.38
1401.38
97.24
97.24
225.31
225.31
225.31
225.31
225.31
675.71
675.71
675.71
10.00
993.82
993.82
993.82
14.90
14.90
1577.40
1577.40
75.02
31.03
31.03
31.03
1130.87
1647.41
1375.29
1467.78
1467.78
112.09
1414.24
1432.29
1475.11
1475.11
1271.45
681.18
681.18
1378.69
1378.69
1535.39
1535.39
1571.68
1571.68
1521.39
1521.39
1381.78
1381.78
1256.62
1256.62
1389.09
1389.09
850.42
850.42
1360.11
1360.11
1538.96
1538.96
145.00
145.00
11.97
11.97
606.19
606.19
730.23
730.23
1560.79
1560.79
1311.15
1311.15
521.36
521.36
905.11
905.11
902.46
902.46
10.00
10.00
603.47
603.47
1280.31
1280.31
1290.46
1290.46
1194.91
1194.91
1229.75
1229.75
1229.75
1229.75
1378.78
1378.78
12.36
12.36
1412.92
1412.92
10.00
10.00
1285.88
1285.88
1406.30
1406.30
285.82
285.82
285.82
135.79
135.79
11.91
11.91
556.62
556.62
513.84
10.00
10.00
1102.98
1102.98
17.93
17.93
17.93
17.93
41.07
41.07
12.81
12.81
31.56
1228.38
1228.38
10.00
648.99
648.99
1034.56
1034.56
460.19
460.19
460.19
12.83
12.83
123.63
123.63
123.63
27.31
27.31
1010.85
1010.85
789.76
789.76
193.79
193.79
193.79
193.79
23.15
159.50
159.50
12.98
12.98
12.98
12.98
12.98
569.50
569.50
14.45
14.45
14.45
38.68
38.68
38.68
10.00
10.00
10.00
186.48
186.48
186.48
186.48
13.02
13.02
13.02
316.72
316.72
10.00
872.83
872.83
872.83
60.94
60.94
10.00
10.00
34.75
34.75
18.96
18.96
855.65
419.26
419.26
139.75
11.31
11.31
11.31
12.87
1322.29
12.56
1514.78
640.43
640.43
688.49
688.49
688.49
688.49
1417.90
1417.90
1417.90
31.83
31.83
59.49
59.49
10.00
10.00
13.08
13.08
12.32
12.32
12.32
422.58
422.58
422.58
422.58
45.41
45.41
45.41
45.41
60.89
60.89
11.53
11.53
26.38
26.38
63.54
63.54
70.38
225.35
225.35
336.33
336.33
10.18
208.44
208.44
33.92
80.33
80.33
233.62
373.85
373.85
373.85
110.67
784.48
723.39
1041.72
1384.28
74.10
74.10
39.98
39.98
1341.46
1341.46
508.98
508.98
508.98
10.00
10.00
10.00
10.00
10.00
10.00
15.82
15.82
15.82
15.82
24.66
24.66
24.66
12.39
12.39
12.39
26.96
26.96
26.96
64.32
560.34
560.34
534.68
10.00
10.00
766.36
692.27
692.27
19.61
854.00
854.00
174.22
109.03
109.03
109.03
151.28
151.28
10.15
10.15
693.87
693.87
693.87
693.87
12.80
12.80
10.37
10.37
116.01
116.01
104.34
23.33
312.89
312.89
10.00
10.00
481.89
519.85
422.34
422.34
12.23
12.23
620.41
620.41
483.50
483.50
1027.64
1027.64
1027.64
12.00
12.00
30.34
30.34
10.67
1030.38
1030.38
243.62
243.62
12.94
12.94
712.96
712.96
264.92
264.92
264.92
264.92
13.06
13.06
12.96
12.83
1210.45
1210.45
283.33
283.33
283.33
94.93
1191.10
1191.10
1191.10
232.52
232.52
12.03
12.03
264.21
264.21
264.21
10.00
1603.49
1603.49
1474.77
1474.77
1192.15
1192.15
17.81
17.81
17.81
69.18
122.26
122.26
170.80
170.80
10.00
10.00
10.00
10.00
10.00
880.24
880.24
880.24
750.52
750.52
13.78
13.78
120.75
120.75
120.75
12.51
12.51
10.00
10.00
1257.22
1257.22
824.03
824.03
1187.69
1187.69
211.52
211.52
1395.03
1133.94
1133.94
36.87
10.08
10.08
12.24
12.24
79.36
225.84
225.84
340.40
340.40
512.31
512.31
639.37
639.37
658.31
634.94
634.94
10.84
10.84
1115.00
1115.00
11.45
11.45
28.57
28.57
12.28
12.28
12.28
12.41
12.41
12.41
249.06
249.06
10.00
10.00
10.00
126.62
126.62
12.01
12.01
12.01
10.00
10.00
209.23
209.23
29.14
29.14
10.00
10.00
1215.79
11.09
11.09
11.09
10.00
83.85
83.85
10.00
10.00
10.00
12.44
10.39
10.39
12.52
686.01
686.01
387.29
387.29
877.36
1630.85
1630.85
1232.24
1485.68
1485.68
1485.68
295.54
295.54
295.54
52.60
52.60
1544.31
1544.31
1562.98
1601.61
786.70
786.70
10.00
907.10
907.10
223.63
223.63
223.63
79.19
79.19
79.19
555.85
555.85
1412.25
1191.82
19.87
19.87
19.87
1394.76
1394.76
1307.34
1307.34
1307.34
1572.36
1572.36
1572.36
101.55
101.55
101.55
1192.64
1372.34
1372.34
1393.43
1393.43
36.15
36.15
1326.45
1016.39
1466.13
1466.13
1472.57
1472.57
712.65
712.65
165.05
165.05
389.67
389.67
587.77
587.77
459.67
459.67
64.98
64.98
201.53
201.53
333.70
333.70
670.00
670.00
899.64
899.64
1138.95
1138.95
1013.17
1013.17
1013.17
1013.17
1269.03
1269.03
1133.29
1133.29
1306.82
1306.82
1159.79
1159.79
1376.84
1376.84
1301.53
1301.53
1212.46
1212.46
1142.45
1142.45
851.25
851.25
10.00
10.00
551.73
551.73
551.73
551.73
1134.31
1134.31
712.28
712.28
531.97
531.97
112.34
112.34
920.24
920.24
525.55
525.55
388.42
388.42
539.41
539.41
10.95
10.95
378.21
378.21
201.58
201.58
1039.56
1039.56
976.60
976.60
1243.07
1243.07
1338.40
1338.40
10.00
10.00
53.20
53.20
12.49
12.49
12.49
285.01
285.01
285.01
28.50
28.50
10.00
10.00
16.39
16.39
16.39
131.69
131.69
945.11
945.11
596.73
1517.41
30.09
85.14
85.14
47.41
47.41
74.93
74.93
426.83
426.83
56.34
56.34
181.72
181.72
63.94
63.94
10.59
10.59
14.45
14.45
173.95
173.95
256.71
256.71
256.71
31.65
31.65
31.65
83.74
83.74
296.40
296.40
296.40
69.07
598.73
598.73
10.90
10.90
10.90
10.90
10.90
10.90
10.90
10.90
10.90
10.90
616.38
616.38
616.38
12.78
12.78
12.78
11.84
61.12
61.12
10.00
432.00
432.00
10.00
10.00
10.00
926.48
272.52
272.52
29.70
29.70
29.70
12.50
12.50
961.82
463.26
463.26
12.50
12.50
1102.83
1102.83
528.68
528.68
23.88
23.88
12.66
77.63
390.98
76.97
76.97
23.28
23.28
93.05
93.05
93.05
93.05
93.05
25.15
43.09
43.09
660.12
660.12
12.79
12.79
10.00
10.00
10.00
868.44
868.44
10.00
10.00
12.62
12.62
11.28
11.28
10.00
10.00
10.00
12.44
12.44
830.74
830.74
395.26
395.26
145.74
25.17
244.63
884.51
1208.62
1208.62
1208.62
10.00
10.00
10.00
10.00
12.57
12.53
279.53
279.53
279.53
22.94
22.94
12.71
12.71
12.80
12.80
251.45
251.45
203.88
203.88
50.27
50.27
27.73
27.73
10.00
10.00
11.70
11.70
64.77
64.77
111.90
111.90
580.26
580.26
612.17
612.17
24.10
24.10
12.74
12.74
10.00
10.00
1232.24
1054.46
1054.46
541.87
541.87
961.01
961.01
961.01
1190.28
1190.28
10.00
10.00
661.09
661.09
290.63
290.63
290.63
12.90
12.90
12.90
70.30
70.30
10.00
10.00
190.60
190.60
190.60
12.54
12.54
12.54
12.54
12.54
972.40
972.40
10.00
10.00
10.00
10.00
247.59
292.48
150.35
993.27
15.54
15.54
15.54
15.54
621.17
621.17
222.12
222.12
891.34
11.79
11.79
218.56
218.56
12.51
12.51
12.70
12.70
12.70
1178.69
1178.69
10.00
1550.83
802.59
802.59
485.08
485.08
99.18
99.18
12.12
12.12
827.36
827.36
827.36
827.36
10.00
10.00
10.00
10.00
211.24
211.24
51.74
51.74
10.00
10.00
10.52
10.52
12.52
12.52
1321.30
1321.30
12.15
12.15
10.00
10.00
10.00
12.81
12.81
10.00
10.00
39.98
39.98
10.00
400.74
400.74
400.74
280.23
37.06
37.06
37.06
12.74
12.74
23.88
23.88
41.92
808.34
20.23
20.23
52.14
12.74
12.74
1045.74
1045.74
10.01
10.01
10.67
10.67
10.00
10.00
10.00
18.83
18.83
11.63
11.63
11.63
413.59
332.60
332.60
626.51
626.51
40.46
40.46
37.04
37.04
32.78
32.78
395.56
746.42
746.42
746.42
10.00
10.00
894.14
894.14
77.71
77.71
12.83
12.83
83.86
83.86
228.18
95.28
135.75
135.75
135.75
10.00
10.00
10.00
11.60
11.60
11.60
11.03
11.03
10.00
10.00
11.92
118.36
118.36
183.02
646.11
646.11
646.11
12.16
12.16
832.82
18.01
557.38
353.08
353.08
11.34
11.34
27.76
27.76
371.58
371.58
116.36
233.32
233.32
233.32
377.17
377.17
377.17
377.17
85.95
97.93
97.93
28.81
28.81
28.81
28.81
38.09
38.09
38.09
10.00
10.00
15.44
15.44
684.32
684.32
284.16
842.61
842.61
144.57
482.73
482.73
86.31
86.31
86.31
12.75
12.75
1013.74
1013.74
1013.74
21.17
69.29
69.29
65.55
65.55
129.62
129.62
10.07
10.07
12.69
12.69
28.61
28.61
10.45
10.45
10.45
916.37
916.37
36.42
36.42
10.68
10.68
136.49
136.49
1338.73
1338.73
1338.73
1338.73
35.01
35.01
49.92
49.92
20.35
11.27
11.27
11.27
11.27
137.07
137.07
10.00
10.00
10.00
984.37
984.37
48.73
48.73
48.73
205.37
11.90
1079.90
358.15
358.15
12.50
12.50
12.50
12.50
219.55
10.00
10.00
10.00
10.00
10.00
43.64
10.00
10.00
10.00
10.30
10.30
10.30
312.79
250.65
250.65
250.65
10.00
10.00
183.82
183.82
110.86
18.47
18.47
359.55
359.55
12.57
12.57
12.57
12.73
276.77
276.77
276.77
10.00
10.00
10.00
10.00
19.29
19.29
240.01
240.01
603.75
684.18
634.55
634.55
47.72
47.72
158.20
158.20
12.55
12.55
89.76
62.50
62.50
520.61
520.61
11.31
11.31
165.30
165.30
1174.12
1174.12
1174.12
1174.12
97.12
97.12
97.12
1093.28
1093.28
117.96
45.41
45.41
969.34
969.34
10.00
10.00
840.34
840.34
12.78
409.61
409.61
409.61
695.52
695.52
695.52
12.42
1080.75
1080.75
1080.75
229.32
229.32
44.12
44.12
13.35
13.35
16.17
16.17
348.79
348.79
10.00
10.00
12.86
72.26
72.26
895.32
1035.40
11.78
11.78
379.68
11.02
11.02
11.02
11.02
12.37
12.37
12.37
12.37
34.56
34.56
12.79
172.15
44.87
44.87
109.12
109.12
109.12
463.60
463.60
463.60
89.08
89.08
25.34
25.34
10.00
10.00
87.53
87.53
11.24
11.24
161.96
161.96
161.96
49.16
49.16
118.47
118.47
280.45
280.45
18.55
18.55
292.60
292.60
66.30
66.30
420.74
420.74
114.98
183.05
183.05
183.05
29.86
307.56
307.56
83.56
83.56
83.56
110.49
110.49
12.78
12.78
144.39
96.63
96.63
96.63
96.63
12.10
30.91
30.91
406.43
406.43
526.75
492.92
492.92
687.89
609.64
609.64
701.41
701.41
239.52
780.89
780.89
591.34
591.34
591.34
12.75
12.75
739.87
628.21
628.21
628.21
1297.62
1309.30
1309.30
1438.91
1438.91
1285.49
1285.49
247.65
247.65
1220.69
1220.69
1220.69
26.78
26.78
10.00
10.00
17.94
17.94
17.94
10.76
10.76
794.10
794.10
501.65
501.65
501.65
11.00
11.00
184.53
184.53
10.45
10.45
10.45
203.41
230.25
230.25
11.54
11.54
123.80
123.80
117.93
190.83
190.83
12.93
12.93
1267.83
1267.83
52.63
52.63
11.86
11.86
11.86
786.93
945.29
446.44
446.44
434.28
434.28
91.16
91.16
10.03
10.03
1218.14
1218.14
1218.14
335.79
335.79
1184.44
1184.44
10.00
10.00
10.00
10.00
10.00
118.51
118.51
905.95
905.95
10.13
10.13
10.00
10.00
12.76
12.76
12.76
12.54
12.54
12.71
12.71
12.71
12.71
107.03
107.03
918.10
918.10
918.10
172.73
12.89
12.89
10.00
10.00
1116.66
1116.66
103.71
103.71
12.81
12.81
10.00
10.00
10.00
90.71
90.71
90.71
32.94
32.94
12.38
12.38
12.89
12.89
13.49
13.49
12.77
12.77
11.87
11.87
11.87
397.51
397.51
397.51
75.47
12.93
592.66
592.66
12.55
12.55
45.65
45.65
10.00
10.00
10.00
57.35
57.35
103.51
54.43
652.70
652.70
294.38
294.38
13.93
13.93
914.18
914.18
1069.03
1069.03
22.22
22.22
22.22
202.27
1080.39
1080.39
1080.39
10.00
10.00
10.00
10.00
10.28
10.28
11.25
1117.49
1117.49
1206.82
1206.82
1080.48
1080.48
1562.08
1452.11
1452.11
1612.22
1612.22
1612.22
1612.22
1441.30
1441.30
1441.30
11.23
1085.05
1463.01
1463.01
1206.74
1206.74
1538.15
1538.15
1538.15
1093.85
1093.85
12.12
12.12
12.12
12.55
12.55
1556.31
1514.88
187.89
187.89
10.00
10.00
11.51
11.51
10.47
10.47
895.91
895.91
1294.83
1294.83
1513.96
1110.54
1144.74
942.31
137.17
137.17
11.02
11.02
25.69
25.69
25.69
25.69
25.69
342.01
342.01
1147.90
1147.90
1090.50
1033.13
1033.13
358.33
358.33
1181.39
1181.39
1430.61
1430.61
911.93
911.93
966.73
966.73
101.67
101.67
217.82
217.82
1719.94
1719.94
298.42
298.42
135.40
135.40
350.77
350.77
10.00
10.00
177.82
177.82
1093.19
1093.19
10.00
10.00
1029.75
1029.75
1284.47
1284.47
1598.19
1598.19
1524.72
1524.72
1268.06
1268.06
1531.01
1531.01
30.51
30.51
969.82
969.82
1022.35
1022.35
786.02
786.02
1132.68
1132.68
1658.88
1658.88
1670.90
1670.90
1436.41
1436.41
782.78
782.78
782.78
782.78
1522.32
1522.32
1368.57
1368.57
1300.28
1300.28
12.61
12.61
1391.67
1391.67
1354.45
1354.45
1421.28
1421.28
1315.04
1315.04
12.69
12.69
1093.03
1093.03
998.20
998.20
139.88
139.88
1366.86
1366.86
87.85
87.85
65.52
65.52
264.90
264.90
634.19
634.19
922.47
922.47
917.90
917.90
917.90
917.90
914.00
914.00
1207.10
1207.10
10.00
10.00
748.78
748.78
1044.93
1044.93
58.48
58.48
16.78
16.78
407.49
407.49
10.00
10.00
262.43
262.43
74.52
74.52
74.52
10.00
54.91
54.91
12.79
12.79
577.83
577.83
10.00
10.00
1297.32
1297.32
16.91
16.91
14.67
14.67
1092.81
1092.81
1152.62
1152.62
1202.05
1202.05
302.02
302.02
188.40
188.40
254.66
254.66
829.29
829.29
799.57
799.57
799.57
161.25
161.25
1539.57
1449.29
1449.29
1211.78
1211.78
1211.78
1211.78
273.83
273.83
273.83
862.91
862.91
862.91
12.77
12.77
12.77
12.77
787.21
787.21
1576.47
1087.28
1087.28
1087.28
1087.28
162.34
162.34
916.23
916.23
916.23
12.60
197.50
197.50
172.40
961.83
10.00
1104.38
1018.81
1472.52
1472.52
10.00
10.00
1383.66
1383.66
1448.37
1448.37
1170.19
1170.19
1325.59
1325.59
1463.69
1463.69
1495.72
1495.72
1193.08
1193.08
1036.29
1036.29
10.00
10.00
1321.66
1321.66
24.29
24.29
455.14
455.14
455.14
10.00
673.42
673.42
673.42
673.42
673.42
10.00
10.00
10.00
12.68
12.68
10.59
11.23
11.23
11.23
11.23
11.23
10.00
10.00
642.76
1220.73
52.54
52.54
1382.33
1382.33
1564.49
1564.49
1552.13
1552.13
1580.87
1580.87
12.47
12.47
1789.86
1789.86
1715.80
1715.80
1533.11
1533.11
10.00
10.00
1085.62
1085.62
1078.86
1078.86
710.60
710.60
1165.60
1165.60
1783.57
1783.57
11.71
11.71
408.97
408.97
10.00
10.00
13.41
13.41
12.74
12.74
10.88
10.88
23.59
23.59
10.00
10.00
10.00
1013.74
1013.74
1013.74
10.00
10.08
1349.99
1349.99
1300.98
1300.98
427.84
427.84
1525.00
1525.00
207.33
207.33
12.26
12.26
12.08
12.08
800.20
800.20
1604.52
1604.52
1607.83
1607.83
1575.38
1575.38
1575.38
1575.38
10.00
10.00
10.00
12.86
12.86
1310.00
1582.72
1582.72
901.07
901.07
755.87
755.87
225.86
225.86
1287.14
1287.14
133.00
133.00
1328.78
1328.78
1507.29
1507.29
1507.29
1507.29
1565.38
1565.38
434.25
434.25
542.16
542.16
259.20
259.20
92.09
92.09
1237.97
1237.97
1471.66
1471.66
1204.50
1204.50
1198.33
1198.33
1393.24
1393.24
1393.24
10.00
10.00
10.00
686.99
686.99
1282.27
66.02
66.02
66.02
269.62
269.62
128.18
128.18
10.00
10.00
990.09
990.09
645.13
645.13
98.97
98.97
843.99
843.99
546.16
546.16
13.83
13.83
215.41
215.41
741.90
741.90
721.76
721.76
138.15
138.15
192.07
192.07
192.07
192.07
470.35
681.73
315.21
315.21
1218.39
1218.39
10.35
10.35
15.64
15.64
15.64
15.64
68.38
68.38
68.38
1099.82
1099.82
101.24
101.24
1172.24
1172.24
11.03
11.03
1051.62
1051.62
1051.62
10.00
10.00
10.00
10.00
10.00
179.16
179.16
179.16
44.88
44.88
1068.17
1068.17
576.29
576.29
1194.91
1194.91
1220.71
1220.71
1395.69
1278.59
1278.59
1278.59
179.16
179.16
67.92
67.92
13.58
13.58
14.21
1053.14
313.65
1224.11
42.61
180.97
180.97
180.97
507.15
507.15
1027.45
1027.45
1162.55
1288.26
1270.69
1270.69
77.69
77.69
1187.57
1187.57
1191.81
1191.81
260.86
260.86
111.92
111.92
771.15
771.15
12.10
12.10
264.85
264.85
1390.46
1390.46
488.24
488.24
10.80
10.80
975.39
975.39
1297.88
1297.88
1008.14
1008.14
1705.99
1705.99
10.00
10.00
475.66
475.66
1208.62
1208.62
1469.27
1469.27
1567.84
1567.84
1110.46
1110.46
1380.74
1380.74
1443.19
1443.19
1339.08
1339.08
152.44
152.44
642.97
642.97
728.34
728.34
32.08
32.08
32.08
10.00
1072.03
1072.03
1298.74
1298.74
1228.21
1228.21
186.53
186.53
1401.72
1401.72
162.64
162.64
979.86
979.86
979.86
979.86
184.18
184.18
1186.57
1186.57
1012.25
1012.25
1012.25
1012.25
1375.38
1375.38
1387.08
1387.08
1252.62
1252.62
1488.13
1488.13
420.82
420.82
10.44
10.44
1319.66
1319.66
1397.83
1397.83
13.01
13.01
1119.83
1119.83
383.85
383.85
1023.87
1023.87
1545.16
1545.16
1350.93
1350.93
1608.14
1608.14
1071.11
1071.11
430.92
430.92
1408.08
1408.08
10.03
10.03
1582.20
1582.20
1080.34
1080.34
467.32
467.32
467.32
467.32
467.32
467.32
1055.49
1055.49
1352.66
1352.66
10.00
10.00
1153.03
1153.03
1370.29
1370.29
1191.05
1191.05
1191.05
1191.05
1191.05
536.54
412.65
412.65
1212.67
1212.67
1376.70
1376.70
900.33
900.33
1499.36
1499.36
1393.02
1393.02
716.08
716.08
1218.93
1218.93
449.39
449.39
1361.35
1361.35
1314.79
1314.79
1427.26
1427.26
402.72
402.72
1389.11
1389.11
1468.44
1468.44
1554.49
1554.49
1634.55
1634.55
1396.80
1396.80
1732.96
1732.96
1371.00
1371.00
1371.00
1371.00
1371.00
1371.00
1371.00
1371.00
1371.00
1371.00
1406.59
1406.59
1380.86
1380.86
1525.48
1525.48
337.74
337.74
992.47
992.47
12.49
12.49
12.49
13.01
13.01
10.00
51.42
51.42
27.27
27.27
27.94
27.94
295.29
295.29
354.75
354.75
421.41
421.41
158.08
158.08
752.80
752.80
848.15
848.15
976.04
976.04
1163.07
1163.07
958.70
958.70
477.04
477.04
1301.10
1301.10
1400.27
1400.27
61.96
61.96
350.09
350.09
1533.68
1533.68
1354.21
1354.21
755.45
755.45
922.69
922.69
922.69
922.69
922.69
19.37
19.37
19.37
19.37
111.44
111.44
111.44
293.61
293.61
212.82
212.82
212.82
10.00
10.00
10.00
10.00
11.39
11.39
11.39
10.00
670.61
741.14
608.19
390.05
1501.66
1501.66
781.41
1571.69
1571.69
1412.54
1412.54
1412.54
274.90
274.90
1659.60
1327.09
1327.09
10.00
10.00
12.17
12.17
11.29
11.29
1176.84
1176.84
1176.84
1176.84
1176.84
10.00
10.00
10.00
37.56
37.56
37.56
37.56
91.24
91.24
91.24
80.28
80.28
227.29
227.29
902.83
902.83
12.52
12.52
12.52
12.72
12.72
12.72
10.00
10.00
34.77
34.77
11.90
11.90
10.00
10.00
42.91
42.91
10.00
695.69
16.68
16.68
576.52
10.00
392.57
839.22
839.22
268.00
1450.13
1176.72
1467.78
1467.78
128.25
128.25
59.90
59.90
59.90
59.90
17.29
17.29
17.29
17.29
17.29
14.37
14.37
14.37
82.37
1302.28
1302.28
11.10
11.10
161.35
1348.54
1348.54
1348.54
1348.54
1348.54
12.68
12.68
1557.54
1618.92
1618.92
1618.92
1618.92
437.06
437.06
170.94
170.94
170.94
170.94
13.10
158.99
1378.17
1378.17
1378.17
12.50
12.50
179.75
179.75
12.96
12.96
13.73
532.22
10.00
10.00
215.47
1362.78
1362.78
180.65
180.65
180.65
177.35
177.35
177.35
25.79
25.79
25.79
25.79
11.73
11.73
12.11
12.11
684.19
684.19
684.19
31.40
984.34
984.34
968.31
17.73
17.73
949.76
1546.99
147.67
461.28
1426.98
1426.98
1161.33
978.56
978.56
25.57
25.57
383.77
383.77
383.77
10.00
10.00
10.00
10.00
115.26
115.26
115.26
52.94
52.94
25.27
25.27
747.72
747.72
22.69
22.69
1031.20
1031.20
67.56
67.56
67.56
10.00
10.00
105.91
105.91
105.91
606.55
606.55
42.46
42.46
20.06
267.37
267.37
10.00
10.00
10.00
18.48
1073.04
987.24
987.24
987.24
81.04
81.04
1067.54
1067.54
1067.54
10.00
10.00
10.00
1517.18
1052.70
1052.70
1076.11
1076.11
583.56
583.56
302.10
302.10
11.88
11.88
11.88
1615.00
1615.00
1615.00
27.54
27.54
392.51
392.51
1332.34
1332.34
686.02
686.02
1074.33
1074.33
1074.33
10.00
1177.29
1177.29
10.05
10.05
10.05
11.67
11.67
11.67
11.67
11.67
46.58
46.58
200.52
200.52
1079.88
12.86
12.86
554.40
554.40
450.55
450.55
450.55
37.87
12.79
1201.99
1201.99
36.90
36.90
37.49
37.49
37.49
10.37
10.37
41.21
41.21
71.67
71.67
12.80
509.47
509.47
509.47
509.47
1360.21
1360.21
10.00
10.00
682.12
682.12
1018.89
1018.89
784.48
199.69
199.69
1402.54
1634.60
1634.60
1634.60
1568.43
1568.43
1568.43
1568.43
10.41
10.41
10.41
91.01
91.01
12.94
12.94
1551.23
1551.23
1446.75
1290.64
1630.96
1630.96
1505.29
1505.29
75.44
75.44
75.44
523.35
523.35
11.66
11.66
11.66
11.66
10.28
10.28
1267.85
1267.85
1391.30
1391.30
1183.39
1624.21
904.69
660.73
660.73
1401.70
45.98
233.65
1487.35
230.34
230.34
561.53
561.53
150.04
150.04
1329.82
1329.82
1476.41
1476.41
1418.75
1418.75
1359.35
1359.35
1125.04
1125.04
1487.58
1487.58
987.78
987.78
1253.52
1253.52
932.95
932.95
1488.94
1488.94
375.53
375.53
598.47
598.47
1668.57
1668.57
1340.59
1340.59
1476.89
1476.89
1638.51
1638.51
1484.97
1484.97
1428.05
1428.05
1007.80
1007.80
1521.13
1521.13
1243.90
1243.90
1555.62
1555.62
655.24
655.24
1348.68
1348.68
1512.72
1512.72
10.00
10.00
819.72
819.72
812.04
812.04
317.93
317.93
938.92
938.92
956.01
956.01
10.00
10.00
1345.68
1345.68
24.34
24.34
1158.54
1158.54
856.18
856.18
519.39
519.39
1482.23
1482.23
1599.66
1599.66
1599.66
1599.66
1424.73
1424.73
34.15
34.15
1389.24
1389.24
10.00
10.00
1430.20
1430.20
10.00
10.00
10.00
10.00
711.60
711.60
711.60
711.60
711.60
711.60
1390.17
1390.17
769.10
769.10
21.44
21.44
168.81
168.81
23.61
23.61
23.61
10.00
10.00
10.00
29.77
399.19
399.19
810.59
260.52
260.52
401.14
401.14
401.14
10.00
10.00
295.89
295.89
295.89
19.17
19.17
19.17
10.00
10.00
1429.56
10.93
10.93
412.25
412.25
17.12
17.12
17.12
12.37
12.37
949.61
824.89
824.89
1059.91
657.39
657.39
657.39
67.59
67.59
67.59
67.59
67.59
10.00
10.00
10.00
10.00
10.00
10.00
110.61
110.61
12.74
12.74
13.02
13.02
1371.87
1371.87
48.52
48.52
353.49
353.49
10.67
10.80
10.80
10.80
11.97
11.97
10.00
10.00
10.00
10.00
80.31
80.31
10.00
10.00
951.14
357.15
525.57
525.57
1457.35
1457.35
1457.35
107.07
1209.21
1369.67
1201.99
1201.99
37.48
37.48
378.63
1695.91
1695.91
12.31
12.31
12.31
12.31
290.63
290.63
1391.18
1391.18
12.63
12.63
10.00
10.00
10.00
1137.15
1392.86
227.02
227.02
1512.32
1512.32
10.27
10.27
10.27
10.00
10.00
10.00
780.55
780.55
10.43
10.43
10.43
38.52
38.52
38.52
16.20
16.20
27.95
27.95
27.95
61.73
61.73
12.45
602.99
602.99
602.99
602.99
21.13
21.13
10.00
10.00
10.00
10.00
479.47
479.47
86.54
615.57
455.00
455.00
61.33
61.33
312.01
10.00
460.43
690.71
690.71
1001.59
1001.59
1001.59
1001.59
295.55
1321.54
1321.54
10.00
1689.64
1689.64
1689.64
12.86
12.86
12.86
12.86
10.38
494.23
494.23
1565.68
1565.68
1565.68
1565.68
1378.79
1378.79
1378.79
1378.79
222.24
222.24
222.24
107.55
11.89
11.89
10.55
44.58
44.58
44.58
561.49
1169.13
1169.13
1347.45
1347.45
40.64
785.60
785.60
409.78
409.78
1358.57
1358.57
1469.22
1469.22
16.14
612.00
754.41
1667.59
1418.74
1418.74
1798.84
1798.84
1188.92
1188.92
1436.08
1436.08
286.21
286.21
1585.09
1585.09
10.00
10.00
1579.58
1579.58
1152.52
1152.52
14.76
14.76
1117.81
1117.81
92.73
92.73
1397.09
1397.09
1708.69
1708.69
264.68
264.68
1416.61
1416.61
1609.19
1609.19
1486.77
1486.77
1592.93
1592.93
1354.67
1354.67
1236.17
1236.17
1573.27
1573.27
1611.35
1611.35
64.05
64.05
409.39
409.39
1579.28
1579.28
158.21
158.21
12.26
12.26
1598.78
1598.78
391.24
391.24
1405.73
1405.73
443.78
443.78
1465.98
1465.98
311.42
311.42
24.24
24.24
1297.49
1297.49
1176.01
1176.01
1158.97
1158.97
1585.49
1585.49
13.83
13.83
318.16
318.16
14.37
14.37
11.12
11.12
453.24
453.24
453.24
737.14
24.03
24.03
225.77
225.77
367.14
367.14
39.39
39.39
47.35
47.35
774.93
774.93
10.00
10.00
10.00
25.70
11.71
11.71
86.27
86.27
235.03
235.03
682.97
682.97
682.97
1047.28
1047.28
1047.28
10.00
10.00
10.00
32.05
32.05
13.19
13.19
12.77
12.77
883.67
883.67
883.67
883.67
468.44
468.44
1438.69
1438.69
1625.29
1625.29
1476.39
1476.39
11.78
1510.61
1510.61
1490.52
1490.52
143.78
143.78
143.78
34.07
1209.29
1209.29
25.55
25.55
25.55
25.55
99.15
99.15
99.15
26.19
26.19
26.19
26.19
20.55
20.55
251.42
251.42
251.42
251.42
978.40
978.40
24.77
24.77
71.00
71.00
38.64
38.64
12.70
789.04
33.17
33.17
1224.44
360.30
360.30
1166.65
277.54
1141.32
1173.94
1004.97
1004.97
834.29
834.29
834.29
1040.59
31.83
31.83
31.83
31.83
1142.52
1552.33
1552.33
1552.33
1552.33
1552.33
10.00
10.00
10.00
10.00
10.00
10.00
299.57
299.57
299.57
14.21
14.21
14.21
50.20
50.20
19.60
19.60
19.60
47.67
154.39
154.39
154.39
184.31
184.31
184.31
184.31
12.71
12.71
43.02
117.58
117.58
921.28
290.34
901.56
901.56
1193.53
1193.53
10.00
10.00
12.71
12.71
299.99
1443.56
1443.56
190.54
633.37
633.37
45.46
21.43
21.43
32.69
32.69
32.69
32.69
10.00
10.00
880.12
1108.37
1108.37
1449.13
1449.13
211.08
211.08
1121.20
1011.63
863.83
11.48
11.48
11.48
1227.62
1227.62
1227.62
23.72
23.72
23.72
10.00
10.00
10.00
11.15
11.15
11.15
11.14
11.14
196.35
196.35
238.39
193.74
193.74
1189.38
1189.38
10.50
1285.50
130.36
130.36
21.89
21.89
21.89
186.78
186.78
186.78
186.78
186.78
29.03
29.03
29.03
29.03
12.29
920.97
141.33
141.33
548.94
548.94
21.31
723.85
723.85
10.00
10.00
10.00
10.00
10.00
50.97
50.97
12.65
12.65
151.55
151.55
10.00
10.00
10.00
10.00
10.00
20.53
658.92
658.92
14.37
724.17
724.17
724.17
12.68
12.68
62.43
263.25
12.78
12.78
23.29
23.29
399.49
399.49
10.00
10.00
12.41
12.41
12.41
12.41
475.78
475.78
11.99
11.99
12.75
72.02
72.02
10.00
10.00
10.00
80.74
292.93
292.93
1074.70
1074.70
1045.85
1045.85
11.00
11.00
11.00
10.00
10.00
1254.11
1305.88
1305.88
1305.88
10.00
10.00
10.94
10.94
317.62
317.62
317.62
28.02
28.02
28.02
25.54
223.57
223.57
12.55
12.55
100.05
100.05
46.34
43.74
43.74
217.67
217.67
42.02
42.02
42.02
270.08
270.08
10.00
611.78
611.78
170.17
170.17
79.03
79.03
79.03
423.12
10.00
10.00
622.38
622.38
420.42
420.42
557.45
103.80
103.80
189.40
189.40
326.42
326.42
326.42
11.60
11.60
23.35
23.35
497.04
178.74
178.74
319.50
319.50
17.46
17.46
58.05
58.05
12.34
12.34
11.44
11.44
421.21
421.21
10.00
187.09
187.09
187.09
11.55
585.24
919.45
919.45
83.12
83.12
83.12
12.82
12.82
10.79
10.79
290.05
290.05
290.05
11.10
11.10
11.10
12.65
12.65
12.65
400.63
937.57
937.57
12.55
12.55
12.55
12.55
62.89
62.89
62.89
13.48
64.41
64.41
789.73
789.73
686.43
686.43
686.43
686.43
12.61
10.00
10.00
630.73
630.73
1241.83
1241.83
10.04
10.04
19.76
19.76
11.80
11.80
11.80
562.49
562.49
30.97
97.28
97.28
18.89
18.89
10.00
10.00
10.00
12.83
12.83
10.55
10.55
10.55
10.00
10.00
277.58
1169.95
1169.95
352.34
352.34
1052.04
111.07
111.07
10.00
10.00
668.86
668.86
668.86
32.23
240.07
240.07
12.23
12.23
12.11
12.11
667.18
10.00
10.00
10.31
10.31
902.60
902.60
12.45
12.45
1058.28
1058.28
1058.28
12.52
12.52
12.52
12.52
10.00
10.00
10.00
455.83
455.83
984.57
984.57
12.00
12.00
12.00
36.67
36.67
36.67
574.38
574.38
12.75
12.75
12.75
194.46
194.46
443.17
443.17
22.18
22.18
11.68
11.68
501.98
501.98
10.00
10.00
20.10
20.10
10.00
10.00
537.70
735.65
735.65
121.70
1328.72
1328.72
34.10
1304.67
1304.67
12.72
12.72
27.36
27.36
1148.65
1148.65
1148.65
12.52
877.67
630.05
630.05
630.05
1459.53
1459.53
1538.25
1303.39
137.86
137.86
137.86
137.86
380.41
380.41
380.41
380.41
1239.27
1640.31
1640.31
1602.80
1220.73
1220.73
1704.55
1255.90
1615.44
1615.44
1615.44
1476.90
1476.90
1476.90
10.00
10.00
10.00
10.00
10.00
12.37
1200.53
1200.53
12.56
12.56
12.50
12.50
1282.22
37.12
1459.50
1459.50
249.36
249.36
1309.18
1631.83
1150.46
1150.46
12.81
12.81
10.00
1515.54
1167.56
1167.56
1233.72
1012.68
58.44
58.44
36.46
36.46
1191.10
1191.10
1508.58
1508.58
150.82
150.82
648.94
648.94
1415.57
1415.57
1465.85
1465.85
1540.68
1540.68
1500.48
1500.48
1499.20
1499.20
1204.07
1204.07
1361.57
1361.57
881.89
881.89
1721.24
1721.24
1553.89
1553.89
10.00
10.00
421.90
421.90
1474.20
1474.20
1517.65
1517.65
10.00
10.00
13.67
13.67
411.80
411.80
411.80
411.80
1575.48
1575.48
15.19
15.19
1076.95
1076.95
1631.46
1631.46
1519.72
1519.72
1158.39
1158.39
1586.72
1586.72
1458.91
1458.91
1387.66
1387.66
1198.62
1198.62
1811.07
1811.07
1387.89
1387.89
1035.33
1035.33
1095.34
1095.34
1469.09
1469.09
1672.74
1672.74
198.53
198.53
1273.72
1273.72
68.17
68.17
1480.33
1480.33
675.77
675.77
10.00
10.00
371.33
371.33
591.77
591.77
1621.87
1621.87
1583.64
1583.64
1537.18
1537.18
1597.71
1597.71
1607.35
1607.35
1246.21
1246.21
374.97
374.97
86.24
86.24
12.00
12.00
620.23
620.23
620.23
10.38
10.38
10.38
12.46
15.66
37.67
37.67
10.00
10.00
709.28
709.28
533.31
533.31
417.62
417.62
11.85
11.85
285.18
285.18
64.82
64.82
314.05
314.05
23.47
23.47
10.00
10.00
12.15
12.15
12.06
12.06
398.67
398.67
1445.34
1445.34
1445.34
1445.34
1233.89
1233.89
1233.89
16.45
16.45
16.45
16.45
16.45
16.45
12.41
12.41
12.41
12.90
12.90
10.82
10.82
10.82
61.55
1578.28
1139.76
1139.76
1139.76
107.58
107.58
107.58
107.58
12.70
12.70
31.86
31.86
132.73
132.73
192.79
153.78
153.78
153.78
216.71
11.60
11.60
125.77
125.77
209.11
209.11
907.83
907.83
773.00
1116.49
1116.49
972.87
1413.91
978.08
978.08
827.33
827.33
1310.41
1310.41
1310.41
12.58
12.58
10.00
10.00
10.00
12.95
12.95
49.62
49.62
49.62
18.19
18.19
1118.38
1207.45
1504.38
1247.67
10.00
10.00
27.32
27.32
27.32
27.32
27.32
12.49
12.49
10.00
28.92
28.92
28.92
28.92
238.79
238.79
205.56
205.56
12.85
12.85
1171.94
651.09
651.09
196.25
196.25
295.56
1048.02
1048.02
11.51
1179.19
1179.19
12.04
193.33
193.33
1604.14
1604.14
10.00
10.00
10.00
10.00
10.00
10.00
1369.87
1369.87
1369.87
1369.87
36.55
36.55
57.42
57.42
222.34
222.34
104.86
104.86
104.86
12.45
171.91
171.91
20.99
12.59
12.59
12.59
11.72
11.72
80.80
62.21
62.21
173.81
173.81
18.27
18.27
192.60
192.60
83.86
83.86
83.86
12.43
214.23
281.94
658.09
658.09
1155.97
1155.97
11.41
11.01
11.01
10.00
11.66
11.66
1005.49
11.55
11.55
11.55
65.67
65.67
65.67
27.47
807.46
807.46
807.46
10.00
10.00
10.00
12.80
12.80
10.81
10.81
10.00
10.00
240.96
240.96
25.19
201.63
308.04
308.04
78.82
78.82
382.17
382.17
10.00
10.00
10.00
12.82
12.82
11.31
11.31
58.76
58.76
11.19
11.19
25.14
25.14
324.31
324.31
841.60
1342.26
685.93
685.93
1297.47
1297.47
1257.79
1257.79
1257.79
11.76
11.76
1679.25
1679.25
12.56
12.56
12.56
12.42
12.42
1096.65
259.68
1555.08
1555.08
1555.08
1555.08
615.75
615.75
615.75
460.69
460.69
886.75
886.75
886.75
1647.20
1647.20
287.59
287.59
12.38
1434.99
1434.99
1434.99
48.36
48.36
1630.61
1630.61
1569.71
715.31
715.31
1411.80
1411.80
1411.80
932.01
541.01
541.01
1680.85
1203.71
1578.12
1578.12
1398.08
1398.08
83.55
83.55
1718.20
1718.20
1375.09
1375.09
1708.60
1708.60
1585.91
1585.91
1147.59
1147.59
1476.91
1476.91
144.77
144.77
11.46
11.46
233.85
233.85
1112.13
1112.13
436.57
436.57
1416.93
1416.93
1361.26
1361.26
1250.25
1250.25
1388.67
1388.67
1461.47
1461.47
1060.16
1060.16
1300.82
1300.82
1629.37
1629.37
1089.94
1089.94
1519.33
1519.33
1489.24
1489.24
1489.24
1489.24
1401.77
1401.77
1371.41
1371.41
212.07
212.07
1499.43
1499.43
1528.90
1528.90
1355.32
1355.32
1238.78
1238.78
1238.78
1238.78
679.14
679.14
1601.18
1601.18
150.49
150.49
1578.13
1578.13
1589.88
1589.88
1423.70
1423.70
1582.56
1582.56
1467.87
1467.87
1619.59
1619.59
588.80
588.80
381.00
381.00
156.51
156.51
710.91
710.91
210.39
210.39
908.52
908.52
887.16
887.16
1149.88
1149.88
1515.42
1515.42
209.94
209.94
95.70
95.70
1360.99
1360.99
55.15
55.15
129.40
129.40
832.98
832.98
400.58
400.58
354.12
354.12
10.00
10.00
55.78
55.78
55.78
10.27
929.49
929.49
1336.12
1336.12
10.75
10.75
10.75
335.65
335.65
335.65
825.87
825.87
825.87
825.87
12.61
12.61
10.00
10.00
11.56
11.56
1261.61
1261.61
123.57
956.63
956.63
970.71
973.71
973.71
605.52
605.52
11.00
11.00
11.00
680.19
680.19
210.55
210.55
210.55
1531.34
1531.34
91.82
91.82
12.84
12.84
12.84
763.10
763.10
763.10
763.10
763.10
33.17
33.17
33.17
392.62
12.52
1398.52
1398.52
254.62
254.62
1345.40
1345.40
1494.76
743.97
743.97
1622.42
1622.42
234.30
234.30
234.30
13.01
13.01
18.54
18.54
18.54
82.32
82.32
12.60
12.60
10.00
10.00
121.02
974.66
974.66
974.66
10.00
10.00
10.00
87.18
87.18
11.67
11.67
13.02
12.26
12.26
90.15
90.15
12.79
12.79
470.70
177.21
1662.20
1662.20
1648.91
1648.91
1648.91
10.00
10.00
13.09
13.09
13.09
12.51
12.51
12.63
12.63
888.26
1579.67
1564.14
1247.25
1247.25
401.42
401.42
401.42
235.54
235.54
235.54
235.54
10.00
10.00
10.00
10.00
295.95
295.95
125.18
436.80
436.80
54.42
54.42
53.63
53.63
13.01
13.01
10.00
10.00
51.17
51.17
12.88
12.88
12.92
12.92
888.22
888.22
888.22
32.97
12.91
644.28
644.28
644.28
70.86
70.86
10.56
384.92
384.92
384.92
384.92
384.92
12.95
12.95
10.99
10.99
98.81
35.16
35.16
378.78
378.78
378.78
10.00
10.00
140.68
140.68
140.68
531.04
531.04
531.04
531.04
10.00
10.00
110.30
162.09
202.04
655.83
839.32
1046.07
1046.07
857.23
857.23
13.26
13.26
145.22
145.22
145.22
757.98
757.98
11.42
49.76
10.00
10.00
10.62
10.62
22.81
22.81
11.13
11.13
10.11
10.11
10.11
12.66
12.66
14.76
14.76
14.76
58.16
58.16
41.37
41.37
12.94
659.10
659.10
27.86
27.86
27.86
10.59
10.59
182.21
182.21
10.95
10.00
10.00
1430.25
576.33
576.33
285.79
285.79
678.90
678.90
11.52
11.52
16.80
157.76
157.76
18.80
18.80
11.78
11.78
11.78
11.78
10.00
10.00
10.00
12.79
12.79
12.79
12.79
377.07
377.07
10.72
766.22
766.22
766.22
354.96
354.96
12.87
12.87
10.00
10.00
42.88
219.25
219.25
101.15
101.15
32.78
32.78
32.78
10.00
10.00
313.98
313.98
97.59
97.59
533.86
533.86
533.86
34.79
452.75
452.75
280.14
280.14
17.27
17.27
343.08
544.69
544.69
527.18
527.18
513.75
513.75
202.08
202.08
380.07
380.07
380.07
60.12
60.12
60.12
208.97
207.90
722.57
223.93
17.30
17.30
577.52
577.52
10.00
10.00
78.53
78.53
78.53
28.64
28.64
30.46
30.46
21.48
21.48
21.48
21.48
743.86
743.86
15.63
623.26
623.26
513.20
1114.80
1573.00
1240.28
1240.28
1240.28
158.46
158.46
169.39
222.95
222.95
79.79
79.79
811.31
811.31
322.33
999.27
999.27
1247.42
1247.42
1110.56
1110.56
1110.56
1110.56
1110.56
12.30
12.30
97.97
97.97
97.97
32.00
32.00
32.00
21.91
21.91
14.14
1037.21
1037.21
23.42
23.42
23.42
10.10
10.10
10.10
18.48
841.38
841.38
345.22
345.22
11.71
11.71
12.89
10.00
10.00
10.00
10.00
12.95
12.95
44.53
44.53
44.53
26.21
29.94
29.94
12.18
12.18
12.18
944.32
944.32
10.00
317.20
803.82
803.82
12.70
12.85
12.85
438.55
438.55
1306.41
1306.41
966.78
966.78
166.26
166.26
27.08
27.08
359.72
359.72
359.72
537.41
537.41
537.41
10.00
10.00
10.00
10.00
10.00
10.00
10.00
10.00
10.00
162.97
162.97
42.36
219.79
219.79
405.17
12.97
250.89
61.76
61.76
10.00
10.00
10.00
256.20
256.20
842.11
842.11
120.72
120.72
11.29
11.29
1042.59
99.21
99.21
493.93
188.82
188.82
10.00
10.00
10.00
10.05
10.05
545.69
545.69
13.05
13.05
13.05
32.85
32.85
32.85
32.85
10.00
10.00
10.18
10.18
625.65
140.27
140.27
12.21
12.21
79.70
79.70
12.97
12.97
212.92
28.50
28.50
28.50
19.87
19.87
54.24
54.24
947.53
947.53
10.00
10.00
10.00
10.00
10.00
201.66
201.66
10.00
10.00
10.00
10.00
950.60
950.60
10.00
10.00
17.25
274.58
274.58
300.46
300.46
300.46
10.84
10.84
10.84
11.38
11.38
255.66
388.88
388.88
388.88
388.88
10.00
272.06
272.06
272.06
87.36
87.36
98.93
195.35
405.71
219.16
316.26
413.55
292.77
292.77
252.34
252.34
386.26
386.26
515.46
515.46
323.09
323.09
449.14
567.51
703.11
261.75
261.75
261.75
322.46
322.46
640.70
640.70
640.70
794.07
794.07
39.06
39.06
39.06
1182.11
748.75
748.75
12.84
12.84
12.84
530.39
12.95
12.95
308.95
308.95
10.89
10.89
10.89
17.83
17.83
874.41
874.41
540.85
540.85
540.85
292.57
292.57
10.00
12.92
12.92
162.52
162.52
162.52
17.93
17.93
12.93
12.93
12.97
12.97
115.08
115.08
99.91
99.91
12.95
12.95
10.10
10.10
10.10
12.91
12.91
12.71
12.71
12.71
13.00
887.22
887.22
209.10
209.10
12.90
12.90
1181.95
1181.95
11.09
11.09
12.90
12.90
12.13
12.13
12.13
10.68
10.68
12.94
12.94
505.99
1401.01
1401.01
10.00
10.00
637.82
637.82
70.88
70.88
70.88
16.12
16.12
16.12
23.90
23.90
12.83
12.83
69.90
69.90
102.25
102.25
24.67
27.69
27.69
27.69
50.09
50.09
238.92
238.92
238.92
10.00
10.00
10.00
49.52
49.52
136.44
55.12
55.12
41.07
41.07
255.44
620.62
502.42
502.42
540.05
16.10
16.10
163.40
163.40
163.40
39.55
416.02
416.02
416.02
25.48
89.84
89.84
300.72
494.34
494.34
255.16
255.16
12.92
12.92
662.00
662.00
19.04
12.95
12.95
492.71
492.71
492.71
11.40
11.40
73.07
73.07
126.15
234.68
234.68
181.60
181.60
181.60
181.60
181.60
181.60
181.60
284.26
284.26
1239.57
259.48
259.48
1445.89
1358.60
1358.60
18.74
1465.12
1465.12
12.63
12.63
25.31
25.31
226.56
226.56
226.56
53.44
53.44
53.44
12.84
12.84
27.35
27.35
27.35
84.36
84.36
84.36
84.36
84.36
10.00
10.00
10.00
10.00
316.87
255.76
205.92
205.92
223.25
11.44
11.44
116.14
116.14
12.76
12.76
11.59
11.59
18.80
18.80
18.80
1053.69
1053.69
163.79
1122.30
1122.30
11.29
203.47
203.47
1175.52
1175.52
10.00
1291.18
1291.18
10.00
10.00
12.57
12.57
29.59
44.35
50.05
50.05
50.05
10.00
10.00
10.00
449.79
449.79
449.79
40.34
40.34
12.64
12.64
12.64
286.93
1319.03
673.69
673.69
652.49
1466.42
1466.42
1205.76
1287.12
1287.12
1087.20
1087.20
275.06
275.06
275.06
211.74
211.74
1412.48
1412.48
103.52
1502.91
1502.91
1502.91
10.00
10.00
125.15
125.15
100.91
1115.40
1482.31
10.00
10.00
1616.75
1616.75
1146.91
1146.91
1146.91
1146.91
557.92
557.92
557.92
1452.43
1452.43
1452.43
12.56
12.56
12.44
12.44
10.00
10.00
1506.20
1506.20
1506.20
61.46
61.46
106.70
559.55
334.61
199.98
10.59
179.15
100.02
1139.14
193.12
193.12
1311.73
1311.73
1311.73
1311.73
680.06
680.06
1387.20
1387.20
72.61
72.61
240.72
240.72
400.01
400.01
1103.26
1103.26
1176.34
1176.34
1059.42
1059.42
1023.69
1023.69
1020.55
1020.55
1374.49
1374.49
1000.54
1000.54
1000.54
1000.54
1186.26
1186.26
1186.26
1292.27
1292.27
1292.27
1292.27
772.44
772.44
187.38
187.38
187.38
18.43
18.43
1787.60
1787.60
61.95
61.95
1262.78
1359.59
158.73
1683.13
1683.13
1683.13
12.39
12.39
12.39
1072.39
1072.39
1303.79
657.71
657.71
1518.37
1518.37
1518.37
1518.37
1183.92
1183.92
1468.30
1468.30
1283.62
1283.62
1287.26
1287.26
1436.30
1436.30
1523.05
1523.05
318.48
318.48
1384.09
1384.09
1384.09
1384.09
34.88
34.88
362.96
362.96
354.02
354.02
18.15
18.15
10.00
10.00
17.87
17.87
663.68
663.68
196.07
196.07
156.70
156.70
378.49
378.49
625.40
625.40
1150.96
1150.96
488.93
488.93
1500.94
1500.94
1500.94
1500.94
1162.09
1162.09
1162.09
1162.09
1162.09
1162.09
976.51
976.51
351.62
351.62
10.00
10.00
183.82
183.82
183.82
54.79
54.79
54.79
146.69
146.69
146.69
146.69
146.69
10.45
10.45
10.45
10.45
10.45
24.77
24.77
12.31
12.31
10.00
1436.09
1436.09
1436.09
214.21
214.21
214.21
1253.51
1253.51
12.72
12.72
12.72
134.49
134.49
10.00
340.29
36.49
697.26
159.46
159.46
245.84
245.84
10.00
10.00
1263.63
1263.63
1399.32
1399.32
1399.32
15.55
15.55
12.06
12.06
12.06
59.28
24.36
24.36
24.36
18.27
18.27
10.00
105.99
105.99
24.80
24.80
24.80
717.95
717.95
717.95
10.00
10.00
654.57
204.83
204.83
1003.62
709.71
77.06
77.06
77.06
38.57
38.57
38.57
48.65
48.65
41.07
41.07
41.07
12.77
12.77
78.69
78.69
160.00
160.00
12.65
12.65
12.09
12.09
181.10
181.10
27.88
865.87
865.87
10.00
10.00
14.36
368.48
368.48
1119.28
1119.28
1119.28
1251.50
1251.50
12.40
12.40
12.40
12.87
12.87
11.50
11.50
11.50
1011.64
1011.64
1354.45
1354.45
68.78
68.78
11.94
18.36
18.36
14.15
14.15
14.15
92.40
92.40
12.91
12.91
12.91
10.00
10.00
177.70
12.70
12.70
10.00
10.00
10.00
1110.66
1110.66
10.00
10.00
435.86
435.86
435.86
10.00
10.00
18.86
18.86
12.72
12.72
1237.03
1237.03
175.41
20.91
1229.95
1229.95
12.73
12.73
12.73
81.35
81.35
656.04
1045.12
741.92
741.92
741.92
10.00
10.00
10.00
10.00
10.00
10.00
10.00
44.72
44.72
21.64
21.64
21.64
10.06
224.56
224.56
224.56
205.42
205.42
94.08
32.99
32.99
11.99
11.99
29.17
29.17
491.76
231.02
231.02
586.19
586.19
586.19
19.70
1083.04
1083.04
58.00
1391.72
1391.72
11.57
11.57
10.00
10.00
267.04
10.95
10.95
1373.52
1373.52
410.29
410.29
326.95
326.95
28.51
28.51
28.51
1253.40
1253.40
1253.40
12.57
12.57
12.57
12.57
12.57
12.63
12.63
12.63
10.00
10.46
304.16
304.16
1348.28
1348.28
1572.95
1572.95
795.53
795.53
19.61
19.61
12.35
12.35
23.94
21.98
21.98
21.98
266.08
266.08
266.08
10.00
10.00
12.86
12.86
12.86
12.26
12.26
12.26
10.00
11.90
11.90
162.88
765.40
1436.09
1436.09
1436.09
419.38
419.38
10.00
10.00
10.65
10.65
1292.08
33.14
529.61
529.61
529.61
529.61
529.61
18.02
18.02
18.02
18.02
12.40
12.40
12.40
12.40
12.40
322.33
676.70
827.40
827.40
1092.33
47.21
47.21
1396.02
10.00
10.00
1395.47
1566.96
1602.75
1602.75
1448.43
164.96
164.96
164.96
146.07
146.07
811.75
811.75
1605.59
1605.59
1605.59
10.00
45.35
910.37
910.37
1664.19
1664.19
1447.94
1447.94
1752.49
10.00
10.00
33.80
33.80
343.51
343.51
1545.83
1545.83
1545.83
1545.83
100.01
100.01
1545.21
1545.21
10.00
10.00
10.00
11.92
11.92
1625.56
1625.56
1099.38
1099.38
217.75
217.75
251.87
1529.07
1549.11
1574.50
1574.50
58.10
58.10
1549.20
1549.20
1185.83
1185.83
1288.37
1288.37
1333.96
1333.96
395.28
395.28
1270.82
1270.82
1270.82
1270.82
1472.88
1472.88
1289.13
1289.13
1381.94
1381.94
1548.59
1548.59
1430.52
1430.52
1142.76
1142.76
1571.13
1571.13
1259.89
1259.89
1503.97
1503.97
1497.84
1497.84
1389.22
1389.22
1524.88
1524.88
1191.64
1191.64
955.82
955.82
1092.43
1092.43
300.05
300.05
1201.63
1201.63
1166.32
1166.32
1401.42
1401.42
1416.23
1416.23
1148.79
1148.79
1577.91
1577.91
1381.06
1381.06
1117.59
1117.59
1491.75
1491.75
1387.21
1387.21
1418.04
1418.04
1534.49
1534.49
798.58
798.58
1423.28
1423.28
1481.57
1481.57
12.64
12.64
610.02
610.02
1501.06
1501.06
1518.09
1518.09
1418.94
1418.94
1398.71
1398.71
1422.71
1422.71
543.74
543.74
15.14
15.14
443.73
443.73
10.00
10.00
10.00
10.00
485.30
485.30
1098.57
1098.57
368.62
368.62
131.79
131.79
908.78
908.78
58.56
58.56
14.73
14.73
528.62
528.62
528.62
528.62
452.21
452.21
738.24
738.24
12.60
12.60
12.65
12.65
48.35
48.35
10.00
10.00
11.11
11.11
34.66
34.66
600.56
600.56
600.56
600.56
12.55
12.55
38.89
38.89
38.89
259.91
259.91
1224.72
1224.72
1224.72
136.57
136.57
433.83
433.83
433.83
10.00
10.00
10.00
10.00
10.00
10.00
12.56
12.56
656.01
656.01
35.76
35.76
35.76
29.45
29.45
680.50
680.50
67.30
67.30
12.30
12.30
186.83
186.83
11.86
11.86
10.00
10.00
10.00
565.51
565.51
599.88
887.58
887.58
531.44
531.44
1149.99
1163.41
1163.41
1503.64
1503.64
10.00
10.00
11.79
11.79
1030.63
1030.63
10.65
1139.09
1139.09
56.88
56.88
12.59
12.59
12.59
12.59
12.78
12.78
12.78
12.46
12.46
10.00
10.00
12.89
12.89
12.89
21.78
994.48
680.51
762.11
762.11
762.11
762.11
12.43
12.43
18.71
18.71
12.70
12.70
12.70
86.21
86.21
86.21
10.00
10.00
10.64
278.09
278.09
278.09
16.05
16.05
131.57
10.00
10.00
24.41
24.41
12.40
12.40
12.40
11.84
11.84
10.00
18.11
18.11
18.11
61.42
12.52
12.52
328.54
775.41
592.39
592.39
592.39
592.39
592.39
181.27
181.27
10.00
10.00
10.00
243.48
10.00
691.35
1301.94
1301.94
12.77
12.77
11.10
11.10
87.98
87.98
133.28
133.28
133.28
229.67
229.67
694.10
694.10
202.26
1033.78
1033.78
1033.78
10.81
283.26
283.26
19.84
19.84
19.84
19.84
19.84
120.64
120.64
120.64
672.09
672.09
255.54
255.54
978.34
978.34
12.56
12.56
171.92
171.92
1633.18
1614.84
1614.84
1380.31
1380.31
41.02
1557.39
1557.39
151.54
151.54
10.00
449.57
449.57
449.57
1342.23
1342.23
10.00
10.00
1075.63
55.67
55.67
12.79
12.79
12.79
11.04
11.04
35.80
35.80
52.65
52.65
52.65
11.76
11.76
11.76
186.19
186.19
955.17
955.17
12.46
12.46
24.59
24.59
17.02
17.02
17.02
17.02
20.78
20.78
38.33
38.33
10.00
72.58
72.58
101.39
101.39
10.00
10.00
131.72
92.41
92.41
92.41
12.36
10.00
10.00
212.54
212.54
212.54
643.03
643.03
24.70
547.07
547.07
547.07
10.00
10.00
10.00
10.00
10.00
12.73
12.73
12.73
64.96
95.59
95.59
95.59
12.54
331.56
331.56
103.28
103.28
162.81
525.04
525.04
120.41
120.41
12.84
12.84
77.47
77.47
335.12
335.12
19.11
13.63
182.87
182.87
567.89
567.89
138.11
138.11
11.55
11.55
11.55
12.84
12.84
10.00
10.00
369.54
369.54
259.56
15.37
15.37
412.50
412.50
412.50
69.75
69.75
454.62
454.62
401.48
916.04
916.04
106.54
106.54
689.60
689.60
689.60
27.15
259.03
259.03
327.09
327.09
173.99
173.99
37.23
37.23
12.86
12.86
12.86
47.84
47.84
109.42
109.42
109.42
147.16
12.56
54.07
54.07
111.79
111.79
93.79
93.79
10.00
10.00
10.00
10.00
10.00
12.85
10.00
10.00
12.59
12.59
39.13
39.13
139.45
139.45
660.17
660.17
21.15
667.16
667.16
12.36
12.36
10.00
768.80
1225.18
1225.18
21.36
21.36
733.21
733.21
733.21
10.00
10.00
10.00
10.00
10.00
42.23
42.23
42.23
12.19
12.19
19.86
19.86
35.16
35.16
35.16
106.40
106.40
10.00
10.00
21.26
21.26
21.26
10.00
10.00
239.02
239.02
620.57
620.57
17.03
17.03
10.31
10.31
10.31
15.49
15.49
20.73
20.73
11.79
11.79
19.66
786.11
45.47
45.47
41.93
64.24
69.16
69.16
20.06
20.06
34.27
34.27
18.48
18.48
18.48
18.48
36.87
10.00
10.00
226.84
10.00
10.00
10.00
1084.66
1084.66
124.78
124.78
10.00
10.00
755.45
755.45
657.58
657.58
1251.48
1251.48
13.00
13.00
264.00
1459.31
855.55
855.55
855.55
855.55
64.72
64.72
64.72
64.72
10.00
10.00
10.00
12.80
12.80
12.80
36.76
48.43
48.43
10.00
10.00
107.90
107.90
107.90
164.23
164.23
11.58
11.58
812.46
1112.03
1112.03
749.95
749.95
20.51
20.51
11.83
11.83
11.83
10.00
10.33
12.40
12.40
117.41
117.41
117.41
12.51
12.51
39.10
39.10
282.48
282.48
12.55
12.55
523.17
163.80
10.89
10.89
11.70
11.70
241.95
241.95
195.08
195.08
676.24
676.24
12.72
12.72
11.72
11.72
11.72
754.51
754.51
10.00
10.00
279.57
279.57
250.14
250.14
194.31
194.31
35.41
29.52
790.69
790.69
790.69
103.00
103.00
103.00
210.27
210.27
420.94
420.94
420.94
24.53
24.53
12.74
818.61
818.61
818.61
10.00
10.00
10.00
10.00
11.17
11.17
48.49
48.49
28.31
578.90
578.90
795.53
711.38
711.38
10.51
559.73
286.09
899.88
899.88
826.14
826.14
949.83
949.83
1172.52
1172.52
1172.52
1214.42
1537.32
1537.32
1537.32
11.53
11.53
11.53
164.54
164.54
1106.01
1106.01
1106.01
588.99
588.99
1401.94
1535.93
1535.93
1537.27
1537.27
1537.27
51.20
51.20
51.20
51.20
222.00
256.48
61.42
61.42
61.42
61.42
189.30
189.30
189.30
16.03
16.03
83.79
83.79
83.79
12.53
1061.46
1029.77
1366.02
72.55
1375.84
1375.84
1525.55
1525.55
48.22
48.22
236.84
236.84
236.84
10.40
10.40
10.00
10.00
109.20
109.20
1072.31
1072.31
322.17
322.17
871.42
871.42
1222.43
1222.43
145.06
145.06
10.00
10.00
10.00
10.00
1502.07
1122.80
1122.80
1122.80
10.00
200.72
200.72
200.72
173.99
173.99
173.99
81.10
1289.33
1289.33
10.00
10.00
268.10
268.10
1396.87
1396.87
12.84
12.84
1164.28
1164.28
1234.26
1234.26
467.46
467.46
63.83
63.83
1157.02
1157.02
1111.30
1111.30
1506.41
1506.41
1252.31
1252.31
151.22
151.22
345.44
345.44
98.38
98.38
1557.95
1557.95
10.00
10.00
68.56
68.56
1226.67
1226.67
261.66
261.66
22.82
22.82
1085.90
1085.90
12.10
12.10
79.92
79.92
444.53
444.53
392.69
392.69
35.17
35.17
353.32
353.32
206.35
206.35
154.82
154.82
390.56
390.56
12.61
12.61
10.43
10.43
577.23
577.23
11.20
11.20
399.14
399.14
11.34
11.34
492.13
492.13
679.53
679.53
679.53
679.53
1043.16
1043.16
1043.16
1043.16
10.00
10.00
135.92
135.92
135.92
135.92
197.63
197.63
197.63
10.00
10.00
14.34
14.34
10.00
10.00
10.23
10.23
246.76
246.76
12.36
48.10
331.55
331.55
230.64
230.64
230.64
660.43
660.43
610.84
610.84
610.84
610.84
34.57
34.57
97.41
97.41
15.75
15.75
891.01
891.01
44.55
44.55
10.72
10.72
10.72
12.23
44.82
10.00
38.67
198.39
152.30
132.78
132.78
132.78
132.78
10.48
10.48
696.00
72.28
72.28
761.76
681.08
681.08
621.48
621.48
621.48
357.92
357.92
113.98
113.98
113.98
10.00
10.00
347.23
347.23
347.23
347.23
347.23
347.23
1250.53
1250.53
1241.99
1253.30
1381.50
1374.61
1374.61
1374.61
1638.49
1638.49
238.86
16.91
16.91
105.69
105.69
105.69
260.12
260.12
645.68
645.68
645.68
1588.05
1588.05
266.08
266.08
266.08
622.91
622.91
622.91
35.93
1006.75
1271.23
1435.09
1435.09
267.72
267.72
19.84
19.84
19.84
10.23
10.23
10.23
204.85
204.85
204.85
988.22
988.22
109.59
109.59
10.71
10.71
10.71
12.56
12.56
48.28
48.28
12.31
12.31
10.00
501.94
501.94
12.06
1081.70
75.50
10.00
1249.97
1249.97
1249.97
182.68
182.68
12.51
511.40
511.40
100.36
100.36
100.36
19.64
19.64
12.38
12.38
55.93
55.93
55.93
16.48
16.48
10.00
10.00
10.00
52.56
52.56
758.21
758.21
758.21
860.71
860.71
860.71
1237.99
1237.99
260.37
260.37
11.50
11.50
1557.14
1557.14
462.14
1077.57
1077.57
1077.57
61.46
1185.07
501.89
501.89
16.69
16.69
16.69
1318.28
1318.28
1387.43
1040.88
927.99
927.99
12.89
12.89
1130.62
1130.62
1130.62
20.08
20.08
159.52
159.52
159.52
12.29
12.29
12.29
11.85
23.90
23.90
10.00
10.00
712.20
712.20
712.20
50.44
50.44
11.76
11.76
11.76
186.65
186.65
14.03
14.03
1058.29
718.67
718.67
11.97
11.97
11.97
12.13
12.13
244.97
244.97
14.35
14.35
10.00
10.00
10.00
340.90
340.90
66.07
66.07
101.12
101.12
37.96
37.96
541.61
541.61
541.61
10.00
972.21
972.21
1035.85
1625.41
10.68
10.68
179.48
179.48
10.00
10.00
10.00
10.00
10.00
12.43
12.43
58.04
58.04
58.04
28.21
28.21
28.21
101.80
101.80
57.65
57.65
91.41
91.41
91.41
152.78
152.78
152.78
29.19
295.91
235.18
235.18
373.65
786.96
786.96
748.19
192.42
989.16
799.18
779.18
779.18
779.18
779.18
10.00
10.00
1127.02
1127.02
1127.02
1127.02
1127.02
77.01
77.01
37.13
37.13
13.13
577.09
452.41
452.41
113.71
794.24
794.24
12.88
12.88
20.14
19.73
19.73
19.73
10.00
10.00
10.00
38.69
38.69
38.69
335.43
335.43
335.43
474.23
474.23
24.97
24.97
24.97
454.56
454.56
454.56
454.56
115.10
115.10
620.45
575.86
857.69
594.13
113.55
113.55
1194.69
1194.69
11.80
11.80
12.36
1272.13
1272.13
1272.13
77.56
77.56
10.00
10.00
10.00
10.00
12.79
12.79
1323.98
1009.29
1009.29
1320.07
79.13
1592.77
1592.77
1189.11
1189.11
1189.11
927.51
927.51
927.51
12.50
12.50
184.39
1156.71
187.24
187.24
28.39
12.42
12.42
76.80
76.80
97.61
10.00
1289.36
809.75
809.75
395.74
395.74
395.74
181.85
181.85
785.10
785.10
785.10
10.00
10.00
17.73
17.73
17.73
17.73
17.73
17.73
30.02
30.02
30.02
30.02
11.60
11.60
154.59
154.59
367.08
779.75
779.75
755.75
600.45
59.83
619.21
619.21
89.17
268.62
178.75
178.75
178.75
178.75
265.44
265.44
265.44
555.92
555.92
555.92
1350.86
1350.86
10.00
10.00
1230.01
1230.01
25.81
11.64
11.64
32.17
32.17
10.00
10.00
10.00
10.00
81.82
81.82
17.52
17.52
17.52
12.72
12.72
114.39
12.06
12.06
103.59
103.59
12.57
12.57
12.57
12.57
12.86
12.86
567.29
567.29
1116.64
1116.64
12.45
12.45
51.02
51.02
1504.93
1504.93
12.71
12.71
698.26
698.26
698.26
764.23
1595.54
1595.54
1108.54
1108.54
62.76
62.76
10.33
78.68
561.93
263.45
263.45
263.45
10.85
10.85
1299.37
1299.37
84.57
84.57
84.57
1107.96
1107.96
618.89
618.89
1599.96
1599.96
1192.53
1192.53
1576.19
1576.19
676.01
676.01
394.73
394.73
10.92
10.92
262.31
262.31
262.31
477.36
477.36
309.07
309.07
338.32
1398.63
1398.63
1398.63
12.08
129.24
129.24
10.23
10.23
1524.31
1524.31
59.00
59.00
59.00
10.00
10.00
75.81
267.67
267.67
267.67
10.00
10.00
1220.21
1220.21
1204.85
1204.85
1204.85
1204.85
18.97
18.97
65.00
65.00
128.96
128.96
10.00
199.36
971.66
12.81
12.81
1402.61
1402.61
10.76
10.76
10.76
16.68
16.68
16.68
13.06
13.06
10.00
10.00
200.27
200.27
12.76
12.76
303.86
303.86
303.86
10.00
132.77
132.77
1336.24
1336.24
897.70
1250.38
1250.38
1250.38
11.73
11.73
280.47
280.47
150.96
270.01
787.37
787.37
13.45
13.45
94.72
94.72
678.21
678.21
678.21
950.94
950.94
11.08
11.08
174.68
1503.43
1503.43
200.92
1109.80
1416.51
1416.51
1416.51
29.24
29.24
29.24
265.68
265.68
12.71
12.71
20.86
20.86
42.28
42.28
1252.52
1252.52
1252.52
1252.52
1345.37
1401.97
345.07
18.98
18.98
156.60
156.60
10.78
10.78
10.78
10.78
54.52
54.52
54.52
54.52
54.52
10.00
10.00
12.85
1172.52
941.07
941.07
56.00
1386.51
10.76
111.06
1335.59
12.91
12.91
315.13
315.13
695.30
1352.08
1352.08
1391.83
1391.83
1606.18
1692.44
1692.44
1692.44
431.74
431.74
856.45
856.45
1621.61
1621.61
1524.99
1524.99
1638.79
1638.79
1352.35
1352.35
1627.10
1627.10
1627.10
1708.53
1708.53
1708.53
1253.07
1253.07
1527.50
1527.50
1453.27
1453.27
195.09
195.09
1211.61
1599.98
1599.98
84.45
23.98
23.98
709.51
709.51
1875.18
1875.18
1226.21
1226.21
1731.33
1731.33
1481.44
1481.44
370.66
370.66
13.78
13.78
1522.53
1522.53
1548.35
1548.35
1432.35
1432.35
775.32
775.32
1654.50
1654.50
1507.89
1507.89
1580.51
1580.51
1658.79
1658.79
1735.93
1735.93
1526.96
1526.96
1456.28
1456.28
1585.97
1585.97
11.13
11.13
1110.87
1110.87
1110.87
1110.87
1110.87
1110.87
350.50
350.50
1558.20
1558.20
1574.13
1574.13
1435.86
1435.86
726.95
726.95
1351.25
1351.25
1444.20
1444.20
10.00
10.00
1319.36
1319.36
1367.53
1367.53
1452.36
1452.36
1464.80
1464.80
1083.75
1083.75
1367.61
1367.61
1367.61
1367.61
48.31
48.31
1022.08
1022.08
1171.08
1171.08
13.37
13.37
1098.03
1098.03
1045.50
1045.50
1045.50
1045.50
1506.56
1506.56
1374.84
1374.84
946.18
946.18
367.11
367.11
1170.55
1170.55
792.45
792.45
469.96
469.96
580.38
580.38
545.46
545.46
1075.71
1075.71
1015.60
1015.60
1201.02
1201.02
897.26
897.26
15.17
15.17
10.00
10.00
682.10
682.10
682.10
682.10
682.10
682.10
682.10
56.16
56.16
1146.96
1267.05
1267.05
1263.29
1263.29
311.51
132.30
132.30
10.00
1404.63
1404.63
28.66
28.66
49.28
49.28
725.86
725.86
411.07
411.07
46.77
46.77
10.00
10.00
570.78
570.78
120.09
949.73
831.17
831.17
12.85
12.85
12.85
13.04
13.04
13.04
10.00
10.00
10.00
19.27
19.27
19.27
19.27
19.27
266.21
266.21
475.14
475.14
171.84
171.84
141.41
141.41
46.12
46.12
1064.12
1064.12
1090.13
1090.13
1364.56
1364.56
10.00
10.00
68.29
68.29
1326.35
1326.35
1326.35
12.10
12.10
10.00
10.00
167.68
167.68
1286.30
1286.30
184.63
184.63
11.97
11.97
10.00
10.00
1032.30
1032.30
1032.30
292.27
10.00
10.00
1478.53
266.03
266.03
1678.97
1678.97
1678.97
1290.59
1474.89
1474.89
10.00
10.00
10.00
1407.58
1407.58
1407.58
12.80
12.80
12.80
54.67
54.67
54.67
12.84
12.84
300.73
300.73
300.73
300.73
1011.47
1011.47
645.15
645.15
1214.18
1214.18
1214.18
1383.73
1383.73
12.60
12.60
10.00
10.00
12.86
12.86
12.81
12.81
45.04
10.00
10.00
10.48
10.81
446.70
784.39
1120.51
1178.24
1178.24
1178.24
1178.24
432.94
432.94
368.04
368.04
1500.02
1500.02
1500.02
126.64
126.64
146.90
401.23
401.23
499.27
499.27
499.27
12.81
12.81
12.81
182.87
182.87
182.87
182.87
182.87
10.00
10.00
165.91
165.91
165.91
12.72
12.72
12.72
1117.07
1117.07
10.00
10.00
28.07
28.07
28.07
21.96
21.96
101.57
586.00
586.00
586.00
10.00
10.00
163.54
163.54
19.59
19.59
19.59
131.54
131.54
131.54
10.00
10.00
37.56
37.56
225.68
225.68
777.09
777.09
979.30
75.96
245.44
1057.89
1057.89
16.85
16.85
10.52
10.52
12.17
12.17
17.93
17.93
17.93
10.00
747.37
747.37
747.37
12.24
12.24
12.24
10.00
537.42
10.00
10.00
925.06
975.34
878.45
1358.51
1358.51
758.81
758.81
12.84
12.84
1459.57
1459.57
1459.57
221.40
131.31
131.31
131.31
131.31
36.14
36.14
36.14
12.90
12.90
12.90
12.90
12.90
52.26
52.26
174.78
1347.88
1191.76
46.45
46.45
18.58
18.58
55.29
55.29
55.29
55.29
20.30
20.30
20.30
75.85
75.85
72.01
72.01
75.83
75.83
388.34
185.94
185.94
185.94
118.22
118.22
749.24
749.24
635.65
843.92
843.92
610.53
610.53
918.65
751.28
751.28
25.05
745.28
108.05
108.05
867.73
35.16
35.16
35.16
948.47
948.47
948.47
13.12
13.12
131.49
131.49
11.58
11.58
191.51
191.51
989.90
11.88
11.88
576.83
576.83
576.83
263.82
263.82
263.82
260.50
260.50
491.18
491.18
491.18
10.28
10.28
10.28
351.57
351.57
121.27
121.27
1418.60
360.96
360.96
1140.67
1140.67
61.33
99.72
99.72
672.48
1191.55
1191.55
1191.55
121.68
121.68
121.68
121.68
10.55
10.55
102.85
102.85
102.85
10.00
10.00
54.20
54.20
54.20
371.69
224.56
224.56
224.56
12.82
12.82
12.82
12.82
42.19
42.19
136.29
136.29
14.58
12.80
12.80
39.28
39.28
36.73
36.73
124.13
124.13
515.81
556.90
104.52
104.52
71.02
772.71
18.16
737.42
737.42
1054.72
206.16
206.16
150.42
42.10
42.10
523.33
523.33
12.91
12.91
12.91
10.00
10.00
10.00
10.00
11.96
11.96
11.96
20.16
20.16
12.86
12.86
484.46
508.35
508.35
1183.96
1183.96
365.19
365.19
948.51
948.51
1307.03
1307.03
12.92
12.92
11.58
11.58
10.00
10.00
10.00
766.50
766.50
11.36
440.50
440.50
440.50
379.77
379.77
12.83
12.83
355.96
355.96
12.82
12.82
12.82
14.44
14.44
65.86
65.86
12.98
12.98
12.52
98.65
98.65
98.65
106.71
10.00
10.00
801.54
801.54
10.00
10.00
896.45
827.75
827.75
827.75
294.67
294.67
1348.65
30.32
30.32
691.81
691.81
213.81
213.81
213.81
12.09
12.09
12.09
1460.90
1617.55
1617.55
1617.55
12.80
12.80
12.80
13.07
13.07
1368.14
882.15
1008.72
1008.72
1008.72
10.94
10.94
816.29
816.29
245.64
245.64
837.09
837.09
10.72
10.72
10.00
10.00
10.00
647.95
647.95
68.93
68.93
12.82
12.82
12.82
10.11
10.11
12.88
22.89
22.89
22.89
1325.67
128.62
128.62
10.00
10.00
16.41
16.41
85.88
85.88
85.88
11.25
11.25
840.18
10.00
10.00
12.30
12.30
11.91
11.91
11.91
11.23
11.23
12.79
12.79
528.64
10.90
10.90
74.49
74.49
142.38
142.38
311.44
311.44
859.04
859.04
201.84
201.84
908.27
908.27
908.27
10.00
10.00
12.00
12.00
10.07
10.07
10.07
10.07
36.51
36.51
36.51
16.26
16.26
20.28
918.55
918.55
10.00
10.00
1113.92
1113.92
677.61
677.61
1092.30
1092.30
1130.37
1155.27
555.05
555.05
1470.54
1198.62
1198.62
1257.01
276.95
276.95
1251.45
55.65
304.43
304.43
1483.86
1527.53
1527.53
1517.30
1413.88
1413.88
1316.46
1316.46
1213.64
1213.64
1078.32
1078.32
11.61
11.61
11.61
10.51
10.51
10.51
10.51
263.54
263.54
263.54
1586.18
1586.18
1586.18
45.07
45.07
1102.09
1102.09
1102.09
311.68
311.68
12.36
1040.79
1226.72
1749.90
1290.89
1712.84
973.59
691.18
691.18
1379.99
1379.99
1392.80
1392.80
427.74
427.74
1550.79
1550.79
1563.84
1563.84
1408.54
1408.54
1408.54
1408.54
1408.54
1408.54
1185.34
1185.34
1424.85
1424.85
140.82
140.82
11.18
11.18
154.13
154.13
899.59
899.59
11.52
11.52
11.52
435.67
435.67
1351.36
1014.33
1014.33
10.47
10.47
1272.25
1272.25
172.01
172.01
425.14
425.14
284.32
284.32
284.32
284.32
1322.25
1322.25
1247.90
1247.90
1523.05
1523.05
1379.07
1379.07
1102.18
1102.18
1425.56
1425.56
1023.30
1023.30
1163.45
1163.45
476.58
476.58
521.60
521.60
521.60
12.52
12.52
10.00
10.00
43.99
11.80
11.80
11.80
11.80
618.21
618.21
618.21
493.26
493.26
12.50
12.50
12.50
10.00
10.00
10.00
10.00
1274.34
1274.34
1274.34
163.77
163.77
20.48
164.20
875.81
37.73
37.73
10.00
10.00
21.53
21.53
759.95
759.95
1266.95
1266.95
695.98
695.98
1451.09
1451.09
30.22
30.22
478.20
478.20
12.44
12.44
29.47
29.47
29.47
10.00
10.00
10.00
10.00
10.00
19.16
19.16
19.16
368.29
368.29
11.48
11.48
11.48
11.48
11.48
21.67
21.67
10.00
10.00
10.00
348.40
744.98
744.98
10.14
10.14
10.14
10.14
10.14
10.14
12.44
12.44
326.47
1353.28
1353.28
869.45
1011.62
1011.62
11.41
1398.69
1398.69
1425.07
1425.07
12.82
12.82
12.82
80.51
80.51
97.03
97.03
295.05
295.05
457.77
457.77
321.77
321.77
205.00
610.47
610.47
276.57
276.57
238.96
238.96
12.95
12.95
12.95
12.95
311.37
311.37
311.37
13.08
13.08
12.91
12.91
12.91
124.68
377.09
501.50
501.50
1204.71
1204.71
265.88
265.88
12.89
1389.30
990.52
1450.38
1450.38
1490.40
1719.12
1719.12
1455.77
1443.10
750.56
750.56
1150.87
17.29
17.29
251.82
251.82
16.48
16.48
36.24
36.24
347.36
347.36
347.36
39.29
39.29
39.29
12.85
12.85
12.85
12.85
1132.31
1132.31
1132.31
522.06
522.06
522.06
1373.73
1373.73
10.00
10.00
12.51
13.05
36.16
23.08
15.30
15.30
1332.42
1332.42
1494.65
1494.65
10.00
10.00
879.74
879.74
1515.99
1515.99
1497.36
1497.36
52.39
52.39
10.89
10.89
10.89
29.61
29.61
29.61
384.59
384.59
384.59
384.59
10.00
10.00
10.00
10.00
558.40
558.40
30.67
30.67
13.01
13.01
13.01
28.26
28.26
28.26
28.26
10.00
10.00
10.00
11.84
11.84
11.84
186.16
19.79
19.79
218.87
218.87
218.87
135.67
135.67
41.42
92.38
92.38
10.00
10.00
11.80
12.67
12.67
178.83
178.83
335.65
335.65
915.07
915.07
34.68
34.68
34.68
624.64
624.64
624.64
12.85
12.85
12.85
40.31
40.31
40.31
40.31
569.88
569.88
367.12
367.12
889.93
889.93
10.00
10.00
467.86
467.86
23.21
23.21
13.13
13.13
10.00
10.00
10.00
10.00
213.06
213.06
226.82
226.82
147.27
147.27
147.27
12.57
12.57
99.56
906.98
906.98
617.15
836.71
1068.97
1068.97
1114.97
1114.97
810.23
810.23
1227.94
1227.94
565.32
565.32
565.32
63.21
63.21
63.21
296.62
296.62
296.62
10.00
10.00
10.00
47.47
47.47
47.47
11.98
11.98
1075.58
12.92
12.92
80.93
80.93
10.97
10.97
10.97
976.23
976.23
1145.75
1145.75
319.53
319.53
10.00
10.00
10.00
13.00
13.00
15.53
15.53
62.96
62.96
972.33
972.33
254.65
1659.79
1659.79
947.39
947.39
868.51
1104.21
1273.50
961.03
961.03
961.03
10.00
10.00
12.20
12.20
162.14
162.14
162.14
162.14
848.59
848.59
12.92
12.92
11.94
11.94
354.18
354.18
354.18
51.51
51.51
24.17
24.17
89.49
89.49
89.49
89.49
10.00
10.00
76.81
983.63
1402.61
1402.61
1402.61
74.46
74.46
1468.72
1209.79
1209.79
1209.79
1209.79
1209.79
1209.79
1209.79
1209.79
1209.79
1209.79
1209.79
1209.79
1209.79
1209.79
1209.79
1209.79
1209.79
1209.79
1209.79
908.38
10.00
11.59
89.87
954.93
954.93
29.00
701.97
1307.36
1307.36
12.36
12.36
1066.95
1066.95
1066.95
1197.95
1688.49
176.27
176.27
13.09
13.09
1091.88
1091.88
680.78
13.14
13.14
30.67
1324.58
953.10
570.90
570.90
642.82
642.82
1284.71
1284.71
1284.71
54.25
54.25
12.80
12.80
24.55
24.55
24.55
24.55
178.66
178.66
178.66
178.66
103.20
103.20
103.20
12.49
12.49
12.49
20.26
20.26
70.77
70.77
122.01
122.01
31.28
31.28
821.36
821.36
1394.01
1394.01
1394.01
12.83
12.83
12.83
66.89
66.89
19.84
10.00
10.00
10.00
11.92
11.73
11.73
203.38
203.38
1212.26
1212.26
13.17
13.17
1393.01
52.98
52.98
10.95
358.70
10.00
10.00
10.00
167.72
1031.09
1031.09
1031.09
10.00
10.00
10.00
10.18
10.18
161.12
161.12
522.12
12.96
12.96
12.96
10.99
10.99
11.23
11.23
23.59
23.59
284.92
284.92
284.92
284.92
12.49
12.49
589.49
160.15
160.15
535.64
535.64
650.45
605.56
605.56
108.09
108.09
108.09
497.14
497.14
349.71
349.71
349.71
349.71
312.67
312.67
523.64
523.64
523.64
523.64
508.70
752.96
243.22
432.69
670.04
268.97
268.97
268.97
268.97
567.66
567.66
42.49
885.74
885.74
10.00
10.00
11.19
140.10
140.10
140.10
140.10
140.10
10.00
10.00
10.00
10.00
10.00
28.43
28.43
75.55
75.55
59.57
59.57
10.00
232.93
232.93
232.93
10.73
10.73
10.73
209.78
209.78
209.78
347.77
354.34
531.77
209.37
209.37
209.37
332.77
332.77
332.77
245.72
245.72
164.25
164.25
164.25
353.39
370.25
370.25
150.92
459.31
501.14
501.14
501.14
33.04
487.27
134.73
813.98
813.98
337.37
337.37
357.50
357.50
357.50
24.16
24.16
24.16
606.48
781.14
781.14
478.56
478.56
478.56
10.93
10.93
97.92
97.92
928.43
25.27
60.17
60.17
1296.97
1296.97
1296.97
12.86
12.86
12.86
960.31
960.31
65.79
65.79
18.05
69.14
11.88
11.88
11.88
17.74
17.74
17.74
12.94
12.94
12.94
12.94
10.00
10.00
11.78
11.78
595.89
595.89
595.89
684.79
10.00
1185.42
1185.42
518.83
518.83
819.49
13.41
13.41
13.41
34.92
34.92
59.95
1592.55
1592.55
11.33
11.33
118.64
869.06
869.06
1792.42
1792.42
1792.42
186.77
186.77
1775.55
1775.55
392.81
392.81
1628.65
1628.65
1690.07
1690.07
224.38
1800.10
1800.10
11.18
11.18
838.19
838.19
32.31
32.31
1238.49
1238.49
1074.39
1074.39
94.95
94.95
94.95
889.08
889.08
11.96
11.96
11.96
11.96
134.72
134.72
134.72
725.95
725.95
10.00
10.00
1550.77
1550.77
108.69
108.69
1514.24
1404.17
1579.58
1579.58
1275.67
1275.67
169.75
1492.23
1550.26
1550.26
806.76
806.76
1519.74
1519.74
1671.72
1671.72
579.49
579.49
128.84
128.84
223.74
223.74
1278.40
1278.40
1170.06
1170.06
1182.04
1182.04
1161.50
1161.50
970.31
970.31
239.45
239.45
1532.48
1532.48
930.68
930.68
11.24
11.24
1047.83
1047.83
1047.83
10.00
10.00
10.00
11.67
11.67
11.67
10.00
10.00
10.00
1383.35
1383.35
1383.35
1383.35
12.92
1108.76
1369.57
1369.57
1353.41
1353.41
937.42
937.42
1284.07
1284.07
767.02
767.02
12.88
12.88
1608.89
1608.89
11.09
11.09
1634.13
1634.13
463.95
463.95
589.67
589.67
45.62
45.62
62.75
62.75
649.45
649.45
85.68
85.68
378.46
378.46
464.63
464.63
1140.80
1140.80
1233.56
1233.56
1379.80
1379.80
1109.04
1109.04
1372.84
1372.84
39.14
39.14
886.15
886.15
808.48
808.48
808.48
1228.93
1228.93
10.00
1594.76
1594.76
101.52
101.52
843.69
843.69
1676.92
1676.92
329.79
329.79
1532.57
1532.57
142.89
142.89
1559.23
1559.23
962.04
962.04
1252.61
1252.61
693.26
693.26
1599.40
1599.40
1599.40
1599.40
1612.36
1612.36
1577.39
1577.39
1551.68
1551.68
387.21
387.21
22.68
22.68
1774.16
1774.16
1166.12
1166.12
96.23
96.23
10.00
10.00
1351.56
1351.56
10.03
10.03
962.91
962.91
497.97
497.97
507.74
507.74
492.23
492.23
240.44
240.44
1352.47
1352.47
47.38
47.38
409.80
409.80
10.00
10.00
1262.29
1262.29
225.76
225.76
1275.55
1275.55
10.00
10.00
225.00
225.00
1283.45
1283.45
13.23
13.23
1313.55
1313.55
11.43
11.43
10.00
10.00
1247.27
1247.27
1247.27
311.39
311.39
13.03
264.72
264.72
22.33
22.33
422.74
422.74
299.65
299.65
959.47
959.47
1369.48
1369.48
462.99
462.99
462.99
1116.65
1116.65
13.02
458.23
458.23
647.57
647.57
109.59
109.59
12.27
12.27
267.05
267.05
476.27
476.27
11.66
11.66
11.39
11.39
18.37
18.37
239.47
239.47
471.96
471.96
12.16
12.16
256.19
256.19
326.21
326.21
822.43
822.43
74.51
74.51
980.74
980.74
51.49
51.49
12.90
12.90
12.79
12.79
781.28
781.28
612.24
612.24
604.97
604.97
597.63
597.63
311.16
311.16
737.99
737.99
522.11
522.11
1054.06
1054.06
1011.04
1011.04
68.16
68.16
606.21
606.21
1553.82
1553.82
1483.61
1483.61
157.39
157.39
157.39
43.97
43.97
43.97
10.00
10.00
10.00
10.00
219.02
219.02
219.02
219.02
199.72
199.72
199.72
243.50
243.50
420.60
420.60
1474.73
1474.73
1296.16
1296.16
1296.16
150.64
10.00
1362.77
1362.77
1641.69
1641.69
1641.69
1083.26
1389.27
1430.12
1582.83
1582.83
1179.87
1179.87
1464.33
1464.33
23.80
23.80
93.01
93.01
1143.46
1143.46
1582.64
1582.64
506.10
506.10
1631.11
1631.11
434.80
434.80
1330.54
1330.54
730.13
730.13
1143.49
1143.49
798.28
798.28
1499.20
1499.20
1529.92
1529.92
1339.03
1339.03
11.45
11.45
603.77
603.77
621.49
621.49
1013.91
1013.91
1347.21
1347.21
1526.66
1526.66
1042.99
1042.99
1334.19
1334.19
1334.19
1334.19
10.00
10.00
10.00
382.37
1366.25
1366.25
1586.79
1586.79
1033.42
1033.42
880.47
880.47
880.47
880.47
1038.73
1038.73
40.78
40.78
12.03
12.03
809.85
809.85
1073.66
1073.66
865.79
865.79
817.75
817.75
1056.93
1056.93
616.18
616.18
124.62
124.62
1211.47
1211.47
1296.84
1296.84
1403.14
1403.14
1068.46
1068.46
1068.46
938.66
938.66
938.66
1090.87
1090.87
649.47
649.47
1068.65
1068.65
257.52
257.52
11.87
11.87
11.00
11.00
245.79
245.79
1274.33
1274.33
1127.12
1127.12
12.62
12.62
1281.76
1281.76
242.06
242.06
1603.40
1603.40
1595.59
1595.59
119.64
119.64
119.64
98.15
1137.55
1137.55
1281.34
1281.34
1697.00
1697.00
24.24
24.24
1536.51
1536.51
474.24
474.24
1556.63
1556.63
11.02
11.02
10.00
10.00
557.85
557.85
10.00
10.00
1121.70
1121.70
230.02
230.02
230.02
83.01
83.01
83.01
83.01
236.44
236.44
12.78
12.78
50.84
50.84
485.76
485.76
777.91
777.91
175.80
175.80
1579.51
1500.29
1407.96
1718.37
1718.37
1558.88
1558.88
1707.40
1707.40
1391.58
1391.58
1075.39
1075.39
1346.37
1346.37
1697.67
1697.67
1437.23
1437.23
1671.69
1671.69
1631.16
1631.16
1573.86
1573.86
1352.47
1352.47
1614.81
1614.81
1093.36
1093.36
392.60
392.60
392.60
1090.30
756.43
756.43
1584.83
1584.83
1609.87
1609.87
12.34
12.34
263.63
263.63
12.79
12.79
1560.46
1560.46
10.00
10.00
10.00
1177.14
575.88
575.88
937.83
937.83
10.38
10.38
1303.46
1303.46
1064.33
1064.33
89.88
89.88
12.35
12.35
1440.91
1440.91
394.63
394.63
1306.21
1306.21
1319.62
1319.62
1576.75
1576.75
303.27
303.27
1313.48
1313.48
65.42
65.42
1292.50
1292.50
1216.40
1216.40
1290.00
1290.00
1083.69
1083.69
1397.97
1397.97
1313.04
1313.04
714.12
714.12
1462.65
1462.65
406.07
406.07
1228.70
1228.70
1114.20
1114.20
1071.74
1071.74
371.94
371.94
1528.75
1528.75
507.96
507.96
1489.51
1489.51
1539.47
1539.47
1674.21
1674.21
303.62
303.62
303.62
11.14
261.09
261.09
13.14
13.14
13.14
1483.37
1732.97
1732.97
1697.52
1697.52
50.25
50.25
1524.82
1524.82
1438.64
1438.64
1228.54
1228.54
1435.30
1435.30
1368.00
1368.00
304.98
304.98
474.05
474.05
17.54
17.54
1320.22
1320.22
1047.87
1047.87
1495.12
1495.12
1131.31
1131.31
1285.23
1285.23
456.63
456.63
168.68
168.68
10.00
10.00
13.10
13.10
1245.34
1245.34
1424.73
1424.73
1264.64
1264.64
10.00
10.00
614.83
614.83
509.88
509.88
466.57
466.57
466.57
12.72
376.98
376.98
446.06
446.06
1343.20
1343.20
443.09
443.09
936.38
936.38
432.44
432.44
432.44
104.95
104.95
796.98
796.98
12.44
1005.60
1005.60
482.78
482.78
12.50
12.50
1276.42
1276.42
1594.08
1594.08
857.46
857.46
704.01
704.01
839.92
839.92
1214.38
1214.38
188.48
188.48
878.45
878.45
103.19
103.19
288.80
288.80
375.84
375.84
375.84
10.00
10.00
10.00
10.00
107.42
107.42
134.32
134.32
672.11
672.11
1128.48
15.68
15.68
89.61
12.51
12.51
643.85
744.48
744.48
1049.79
1049.79
1049.79
824.86
824.86
824.86
1051.58
1051.58
1171.14
10.00
10.00
12.49
12.49
10.38
10.38
94.44
94.44
13.10
13.10
1120.84
65.77
65.77
65.77
1333.88
1333.88
1414.28
1414.28
1387.84
1387.84
1331.81
1331.81
1331.81
10.33
957.93
957.93
1228.26
1228.26
1120.88
1120.88
1335.83
1335.83
1558.61
1558.61
1394.97
1394.97
1505.17
1505.17
888.16
888.16
1506.70
1506.70
486.55
486.55
1152.95
1152.95
1296.18
1296.18
10.00
10.00
11.41
11.41
11.41
12.79
12.79
12.79
12.79
12.41
12.41
12.41
12.41
226.24
1107.78
1425.38
1667.82
1667.82
15.17
15.17
134.42
134.42
987.85
987.85
1166.36
1166.36
123.07
123.07
493.93
493.93
1009.43
1009.43
480.91
480.91
1281.17
1281.17
1281.17
234.28
667.08
667.08
1067.31
1067.31
189.16
189.16
1232.44
1232.44
1004.19
1004.19
1070.12
1070.12
1304.87
1304.87
10.00
10.00
1423.80
1423.80
92.23
92.23
840.24
840.24
288.12
288.12
837.85
837.85
12.56
12.56
1071.81
1071.81
969.89
969.89
852.49
852.49
1216.80
1216.80
10.16
10.16
1047.88
1047.88
847.17
847.17
709.00
709.00
1356.45
1356.45
747.98
747.98
13.85
13.85
1360.46
1360.46
1246.45
1246.45
1349.49
1349.49
855.18
855.18
248.03
248.03
10.86
10.86
67.02
67.02
812.35
812.35
1439.19
1439.19
1489.76
1489.76
11.17
11.17
392.70
392.70
241.07
241.07
15.75
15.75
1171.07
1171.07
1410.99
1410.99
10.00
10.00
224.42
224.42
989.19
989.19
10.00
10.00
919.14
919.14
791.70
791.70
284.91
284.91
936.14
936.14
1009.08
1009.08
1087.92
1087.92
952.49
952.49
1018.14
1018.14
1390.47
1390.47
1094.26
1094.26
1097.02
1097.02
1365.29
1365.29
1159.51
1159.51
1329.16
1329.16
721.13
721.13
880.97
880.97
1589.85
1589.85
1411.92
1411.92
12.50
12.50
1535.64
1535.64
10.00
10.00
1638.68
1638.68
633.94
633.94
1277.78
1277.78
116.62
116.62
10.00
10.00
95.96
95.96
980.19
980.19
324.77
324.77
441.99
441.99
891.98
891.98
1411.22
1411.22
363.09
363.09
36.94
36.94
1178.58
1178.58
1411.37
1411.37
1224.29
1224.29
10.00
10.00
19.62
19.62
63.24
63.24
63.24
10.00
762.11
762.11
10.00
10.00
355.62
355.62
49.13
49.13
49.13
1184.04
