# 1Hz Kbps trace generated by import_real_world_traces.py
2250.07
2419.67
2419.67
2677.46
2677.46
2637.53
2637.53
2660.78
2660.78
1603.98
1603.98
4167.90
4167.90
4292.71
4292.71
3904.31
3904.31
1048.99
1048.99
644.59
644.59
981.23
981.23
303.21
303.21
3594.38
3594.38
3112.68
3112.68
1637.47
1637.47
194.16
194.16
2712.54
2712.54
3659.66
3659.66
3006.72
3006.72
1305.94
1305.94
244.41
244.41
2128.07
2128.07
2521.97
2521.97
4055.15
4055.15
1657.99
1657.99
2208.99
2208.99
1718.27
1718.27
252.60
252.60
747.08
747.08
4238.53
4238.53
441.11
441.11
25.70
25.70
2423.21
2423.21
10.00
10.00
928.39
928.39
3958.93
3958.93
1712.19
1712.19
905.06
905.06
1722.58
1722.58
2826.68
2826.68
450.51
450.51
51.36
51.36
345.64
345.64
1712.26
1712.26
3981.72
3981.72
721.89
721.89
3159.35
3159.35
193.02
193.02
3784.16
3784.16
478.43
478.43
1654.71
1654.71
529.73
529.73
3853.67
3853.67
187.34
187.34
766.86
766.86
1696.42
1696.42
335.89
335.89
3836.78
3836.78
3994.06
3994.06
3890.15
3890.15
1703.29
1703.29
4039.51
4039.51
3915.46
3915.46
3321.08
3321.08
4024.44
4024.44
514.04
514.04
368.62
368.62
1720.85
1720.85
591.67
591.67
3905.29
3905.29
272.66
272.66
3893.54
3893.54
344.30
344.30
3844.35
3844.35
1723.10
1723.10
597.80
597.80
3003.85
3003.85
3754.21
3754.21
3852.24
3852.24
1671.68
1671.68
318.30
318.30
3196.61
3196.61
587.93
587.93
3881.80
3881.80
1699.15
1699.15
3430.23
3430.23
1675.18
1675.18
531.33
531.33
613.59
613.59
897.86
897.86
2200.10
2200.10
1617.84
1617.84
1069.49
1069.49
3729.25
3729.25
356.82
356.82
90.97
90.97
562.00
562.00
2192.81
2192.81
3123.62
3123.62
166.53
166.53
3923.90
3923.90
3912.07
3912.07
2656.01
2656.01
3855.26
3855.26
3730.25
3730.25
629.45
629.45
209.32
209.32
1171.56
1171.56
3671.32
3671.32
400.59
400.59
1607.54
1607.54
1048.87
1048.87
770.25
770.25
3461.54
3461.54
1244.38
1244.38
1634.51
1634.51
3233.61
3233.61
465.08
465.08
1582.31
1582.31
1748.00
1748.00
319.51
319.51
348.83
348.83
1691.66
1691.66
1691.66
1691.66
1691.66
1691.66
2870.45
2870.45
1433.99
1433.99
4188.02
4188.02
4313.69
4313.69
354.42
354.42
170.54
170.54
525.14
525.14
1010.29
1010.29
2129.78
2129.78
2129.78
2129.78
4355.62
4355.62
4429.60
4429.60
1290.02
1290.02
2165.31
2165.31
2165.31
2165.31
93.20
93.20
242.50
242.50
192.28
192.28
15.74
15.74
1789.01
1789.01
2530.49
2530.49
4053.36
4053.36
1516.32
1516.32
1919.18
1919.18
2090.47
