# 1Hz Kbps trace generated by import_real_world_traces.py
848.22
533.18
605.09
1604.10
954.81
1417.47
1417.47
688.53
688.53
2241.27
2241.27
2416.19
2416.19
5598.63
5598.63
3174.02
3174.02
4915.04
4915.04
5733.90
5733.90
31.60
31.60
5701.86
5701.86
664.41
664.41
2976.44
2976.44
7329.05
7329.05
27.05
27.05
3970.84
3970.84
2327.41
2327.41
3060.22
3060.22
2726.59
2726.59
88.89
88.89
4346.67
4346.67
4924.10
4924.10
27.53
27.53
7465.04
7465.04
7650.18
7650.18
3927.03
3927.03
1955.28
1955.28
5518.75
5518.75
1414.21
1414.21
2137.89
2137.89
3331.72
3331.72
4926.99
4926.99
3512.02
3512.02
70.41
70.41
4047.61
4047.61
2617.07
2617.07
8175.30
8175.30
326.46
326.46
4166.10
4166.10
8845.52
8845.52
665.15
665.15
7208.56
7208.56
2440.17
2440.17
7725.21
7725.21
46.59
46.59
12.74
12.74
3488.48
3488.48
2477.05
2477.05
9818.27
9818.27
4554.72
4554.72
9434.01
9434.01
10182.80
10182.80
1103.02
1103.02
1448.13
1448.13
5435.48
5435.48
1358.79
1358.79
677.86
677.86
655.02
655.02
330.36
330.36
50.38
50.38
4549.50
4549.50
4549.50
4549.50
4549.50
4549.50
4549.50
4549.50
646.83
646.83
3980.84
3980.84
18.83
18.83
6333.92
6333.92
6333.92
6333.92
6333.92
6333.92
4509.27
4509.27
3786.42
3786.42
3747.24
3747.24
3728.54
3728.54
657.34
657.34
1514.10
1514.10
4052.91
4052.91
4103.53
4103.53
4877.86
4877.86
4231.37
4231.37
5074.29
5074.29
5074.29
5074.29
5074.29
5074.29
5074.29
5074.29
4275.02
4275.02
4462.39
4462.39
5190.16
5190.16
5190.16
5190.16
2339.29
2339.29
2857.13
2857.13
2857.13
2857.13
5087.25
5087.25
3344.46
3344.46
3344.46
3344.46
3344.46
3344.46
3344.46
3344.46
3344.46
5391.80
5391.80
5447.06
5447.06
5447.06
5447.06
3113.11
3113.11
3113.11
3113.11
1185.49
3201.61
3201.61
3201.61
2457.16
2457.16
2457.16
2457.16
3542.44
3542.44
3542.44
3542.44
3542.44
3542.44
3097.54
3097.54
1746.32
1746.32
1746.32
1746.32
3548.98
3548.98
3080.51
3080.51
2119.33
2489.84
2489.84
2489.84
2489.84
2489.84
2909.98
2909.98
2909.98
2909.98
2909.98
2909.98
2909.98
2909.98
2909.98
2909.98
3648.48
3648.48
549.76
549.76
1353.00
1353.00
3102.68
3102.68
3102.68
3102.68
3102.68
3102.68
3505.38
3505.38
3319.18
3319.18
4277.37
4277.37
4140.56
4140.56
4140.56
4140.56
3461.36
3461.36
4428.75
4428.75
3741.43
3741.43
3370.04
3370.04
5545.94
5545.94
4596.03
4596.03
3714.73
3714.73
4020.49
4020.49
7014.28
7014.28
2353.18
2353.18
2313.21
2313.21
6334.39
6334.39
1796.66
1796.66
225.84
225.84
67.43
29.46
29.46
29.46
540.40
540.40
1951.44
1951.44
870.16
870.16
1137.92
1137.92
4994.91
4994.91
11.11
11.11
4529.62
4529.62
6466.38
6466.38
6003.05
6003.05
7011.06
7011.06
3109.57
3109.57
2763.79
2763.79
6692.40
6692.40
7447.21
7337.37
7337.37
7337.37
2364.90
2364.90
3377.62
3377.62
718.37
4074.17
4074.17
4074.17
509.62
509.62
79.66
79.66
708.01
708.01
914.85
914.85
1852.54
1852.54
1774.44
1774.44
10.86
10.86
623.83
623.83
13.23
13.23
422.37
422.37
26.74
26.74
3436.65
3436.65
623.90
623.90
5651.23
5651.23
84.59
84.59
2771.26
2771.26
5833.94
5833.94
3635.53
3635.53
5028.28
5028.28
8285.99
8285.99
1687.86
1687.86
275.30
275.30
1701.56
1701.56
6454.27
6454.27
6680.42
6680.42
5120.83
5120.83
5734.41
5734.41
6336.60
6336.60
5228.87
5228.87
4139.50
4139.50
20.70
20.70
50.29
50.29
1366.42
1366.42
275.43
275.43
690.14
690.14
6841.28
6841.28
6841.28
6841.28
6841.28
6841.28
5469.45
5469.45
25.05
25.05
682.39
682.39
10.00
10.00
10.00
10.33
10.33
10.33
10.33
10.33
10.33
10.33
48.52
48.52
93.50
93.50
93.50
93.50
93.50
93.50
259.44
259.44
136.64
136.64
136.64
136.64
136.64
35.85
356.96
472.96
472.96
318.11
318.11
318.11
23.73
23.26
303.18
303.18
26.63
284.15
284.15
458.74
554.15
554.15
549.04
686.50
947.23
351.95
351.95
47.86
731.90
334.95
334.95
420.98
534.49
534.49
476.24
476.24
510.93
510.93
943.77
943.77
841.08
841.08
288.24
288.24
10.00
10.00
10.00
10.00
10.00
10.00
10.00
10.00
10.00
86.48
86.48
498.75
498.75
736.12
952.55
1596.98
2287.27
2287.27
2554.09
2554.09
3074.42
3074.42
2399.65
2399.65
3088.66
3088.66
2909.04
2909.04
3658.90
3658.90
2931.64
2931.64
2931.64
2931.64
3958.16
3958.16
25.21
25.21
2781.15
2781.15
3645.14
3645.14
4685.57
4685.57
3739.54
3739.54
4600.30
4600.30
6357.92
6357.92
1247.71
1247.71
6005.89
6005.89
6005.89
6005.89
6005.89
6005.89
5905.58
5905.58
5158.83
5158.83
54.79
54.79
7319.45
7319.45
5699.16
5699.16
29.72
29.72
5080.73
5080.73
4222.86
4222.86
4222.86
4222.86
4222.86
4222.86
4222.86
4222.86
5430.52
5430.52
4977.89
4977.89
4977.89
4977.89
4977.89
4977.89
111.58
111.58
146.16
146.16
409.15
409.15
606.11
606.11
1960.26
1960.26
2102.29
2102.29
2788.66
2788.66
2735.56
2735.56
2311.82
2311.82
2994.82
2994.82
1818.90
1818.90
386.54
386.54
1019.53
1019.53
1399.35
1399.35
3228.74
3228.74
12.87
12.87
1381.34
1381.34
553.39
553.39
755.91
755.91
80.26
80.26
689.16
689.16
990.20
990.20
990.20
487.37
487.37
37.72
37.72
37.72
10.00
1133.75
37.21
37.21
63.02
63.02
31.30
31.30
1017.61
1017.61
267.71
267.71
172.97
172.97
1001.81
1001.81
10.00
10.00
1851.67
1851.67
2399.82
2399.82
29.95
29.95
1222.40
1222.40
1222.40
1222.40
1222.40
1222.40
4387.24
4387.24
4387.24
4387.24
4387.24
4387.24
4387.24
4387.24
4387.24
4387.24
1437.85
1437.85
1776.51
1776.51
120.26
120.26
1797.90
1797.90
197.53
197.53
2927.50
2927.50
1941.70
1941.70
3533.71
3533.71
6849.47
6849.47
970.98
970.98
10.00
10.00
308.75
308.75
97.51
97.51
1997.90
1997.90
907.31
907.31
7915.26
7915.26
4770.96
4770.96
6523.73
6523.73
6319.21
6319.21
8664.63
