# 1Hz Kbps trace generated by import_real_world_traces.py
291.98
291.98
308.14
10.00
108.70
10.00
10.00
190.09
190.09
209.60
209.60
279.09
279.09
370.86
370.86
370.86
467.78
16.76
16.76
111.73
111.73
308.84
308.84
354.10
354.10
367.78
367.78
545.43
545.43
314.18
314.18
376.99
376.99
369.91
369.91
392.67
392.67
442.23
442.23
622.62
622.62
824.94
824.94
1339.15
1339.15
10.54
10.54
10.54
10.54
10.54
10.54
10.54
10.54
10.54
10.54
10.54
10.54
43.20
88.92
153.21
153.21
133.65
133.65
133.65
133.65
133.65
133.65
110.08
110.08
411.34
411.34
368.88
368.88
331.07
331.07
166.64
166.64
86.08
86.08
288.19
288.19
417.23
417.23
305.25
305.25
586.59
586.59
613.23
613.23
117.22
117.22
452.02
452.02
585.08
585.08
585.08
96.45
147.21
147.21
692.37
692.37
1189.17
1189.17
1259.39
1259.39
928.85
928.85
928.85
928.85
1539.41
1539.41
1539.41
1539.41
1712.70
1712.70
1712.70
1712.70
1255.06
1255.06
1284.92
1284.92
1559.25
1559.25
1723.66
1723.66
1900.58
1900.58
639.19
639.19
1780.49
1780.49
2123.89
2123.89
49.27
49.27
117.11
117.11
842.57
842.57
658.43
658.43
1167.17
1167.17
1167.17
89.62
89.62
1878.25
1878.25
390.34
390.34
433.97
433.97
433.97
433.97
397.30
397.30
1463.65
1463.65
1329.89
1329.89
1111.99
1111.99
1201.56
1201.56
672.29
672.29
672.29
672.29
1034.75
1034.75
1034.75
1034.75
1283.38
1283.38
1283.38
1283.38
1283.38
1283.38
1283.38
559.48
559.48
559.48
963.62
963.62
963.62
963.62
963.62
963.62
698.14
698.14
27.03
27.03
13.17
13.17
13.17
13.17
13.17
13.17
13.17
13.17
13.17
13.17
13.17
13.17
13.17
13.17
13.17
13.17
13.17
335.96
729.73
729.73
725.64
725.64
40.97
40.97
457.14
457.14
457.14
457.14
457.14
457.14
700.05
700.05
812.01
812.01
1716.92
1716.92
1395.84
1395.84
519.87
519.87
519.87
14.39
14.39
10.00
10.00
223.88
223.88
10.00
10.00
361.50
361.50
346.36
346.36
525.87
525.87
769.73
769.73
975.91
975.91
1222.68
1222.68
1604.67
1604.67
1668.39
1668.39
366.73
366.73
1608.90
1608.90
2067.64
2067.64
28.99
28.99
28.99
153.05
153.05
153.05
153.05
153.05
153.05
335.00
125.20
125.20
344.25
344.25
525.22
525.22
509.47
509.47
509.47
509.47
626.91
626.91
626.91
722.06
722.06
722.06
722.06
740.54
740.54
740.54
740.54
1020.99
1020.99
1183.74
1183.74
1183.74
1183.74
921.90
921.90
921.90
921.90
921.90
921.90
54.32
54.32
190.67
190.67
276.92
186.04
177.67
177.67
177.67
33.13
46.05
46.05
46.05
46.05
310.34
151.55
433.56
433.56
14.07
14.07
564.06
564.06
564.06
710.68
710.68
710.68
710.68
21.15
381.93
30.38
30.38
10.00
10.00
459.46
459.46
484.72
484.72
385.58
385.58
685.75
685.75
1545.58
1545.58
1090.95
1090.95
128.64
128.64
681.18
681.18
681.18
114.69
114.69
304.58
11.28
11.28
322.35
322.35
276.69
276.69
276.69
276.69
254.76
254.76
254.76
254.76
339.96
218.12
218.12
357.12
63.57
63.57
494.52
494.52
476.81
476.81
273.59
273.59
594.63
594.63
594.63
594.63
771.77
771.77
708.57
708.57
708.57
539.31
29.78
29.78
29.78
491.61
491.61
705.09
705.09
1313.95
1313.95
388.28
388.28
1483.10
1483.10
1433.22
1433.22
10.00
10.00
18.27
18.27
1022.54
1022.54
1845.26
1845.26
1048.25
1048.25
1048.25
1479.31
1479.31
1479.31
1479.31
1479.31
1479.31
1479.31
1419.63
1419.63
37.12
37.12
1442.06
1442.06
1492.01
1492.01
1605.29
1605.29
1163.65
1163.65
1519.46
1519.46
1655.06
1655.06
658.61
658.61
1704.46
1704.46
2275.17
2275.17
2078.63
2078.63
2034.35
2034.35
2375.26
2375.26
1984.24
1984.24
1722.98
1722.98
2415.82
2415.82
11.79
11.79
1427.98
1427.98
1492.45
1492.45
3835.99
3835.99
2784.99
2784.99
2784.99
2784.99
2784.99
2784.99
1501.25
1501.25
1501.25
1501.25
1501.25
1501.25
1501.25
1501.25
1425.88
1425.88
1752.49
1752.49
22.50
22.50
963.84
963.84
1649.71
1649.71
1571.48
1571.48
1571.48
1571.48
22.74
22.74
1467.03
1467.03
2394.04
2394.04
1453.21
1453.21
1623.50
1623.50
2579.41
2579.41
2150.54
2150.54
2540.53
2540.53
3499.40
3499.40
2184.55
2184.55
2156.82
2156.82
1780.86
1780.86
1371.64
1371.64
2835.07
2835.07
3244.99
3244.99
17.11
17.11
2542.65
2542.65
2212.08
2212.08
2312.65
2312.65
530.45
530.45
1677.38
1677.38
1975.82
1975.82
1932.08
1932.08
1790.08
1790.08
1790.08
1790.08
1966.74
1966.74
151.15
151.15
1307.81
1307.81
1307.81
1307.81
1307.81
1307.81
2412.41
2412.41
2412.41
2412.41
1554.67
1554.67
1554.67
1554.67
1956.58
1956.58
1956.58
1956.58
1644.12
1644.12
2014.44
2014.44
2014.44
2014.44
1788.30
1788.30
2462.22
2462.22
1934.52
1934.52
2772.71
2772.71
2304.76
2304.76
2895.74
2895.74
3204.62
3204.62
2788.45
2788.45
2489.98
2489.98
1945.23
1945.23
2308.61
2308.61
2717.75
2717.75
2138.33
2138.33
2466.24
2466.24
2999.54
2999.54
3493.54
3493.54
3138.52
3138.52
1636.29
1636.29
2178.24
2178.24
3025.05
3025.05
2323.03
2323.03
2624.56
2624.56
2783.75
2783.75
804.02
804.02
2183.31
2183.31
2392.45
2392.45
3357.51
3357.51
3423.85
3423.85
4030.09
4030.09
3308.13
3308.13
3661.57
3661.57
3919.80
3919.80
3015.44
3015.44
20.79
20.79
2779.91
2779.91
3579.29
3579.29
2430.49
2430.49
3165.18
3165.18
1566.81
1566.81
2505.19
2505.19
1923.23
1923.23
2052.13
2052.13
755.23
755.23
2708.70
2708.70
3814.93
3814.93
2609.39
2609.39
3822.28
3822.28
2330.53
2330.53
2330.53
2330.53
2330.53
2330.53
2290.82
2290.82
2443.81
2443.81
1318.92
1318.92
2451.14
2451.14
2875.89
2875.89
2432.87
2432.87
2133.98
2133.98
1327.20
1327.20
3264.60
3264.60
2801.46
2801.46
1800.57
1800.57
4200.17
4200.17
3217.61
3217.61
391.82
391.82
2861.55
2861.55
3577.29
3577.29
3549.08
3549.08
3948.51
3948.51
3116.94
3116.94
3001.94
3001.94
2809.73
2809.73
3935.23
3935.23
4219.71
4219.71
1367.19
1367.19
2367.66
2367.66
2335.04
2335.04
2842.56
2842.56
2882.25
2882.25
2221.90
2221.90
3491.79
3491.79
52.05
52.05
2477.59
2477.59
1643.29
1643.29
2573.58
2573.58
3131.76
3131.76
2445.85
2445.85
2197.53
2197.53
3491.19
3491.19
2888.56
2888.56
1336.41
1336.41
1336.41
1336.41
1533.78
1533.78
1533.78
1533.78
1708.46
1708.46
3466.83
3466.83
3466.83
3466.83
30.77
30.77
3388.12
3388.12
3388.12
3388.12
2254.73
2254.73
67.31
67.31
759.55
759.55
2410.41
2410.41
1512.48
1512.48
143.83
143.83
2571.85
2571.85
938.61
938.61
2108.86
2108.86
1647.53
1647.53
2003.89
2003.89
523.12
523.12
2694.37
2694.37
673.00
673.00
359.43
359.43
2049.89
2049.89
2469.22
2469.22
2060.77
2060.77
2839.85
2839.85
2310.90
2310.90
2864.88
2864.88
1776.32
1776.32
330.07
330.07
2022.23
2022.23
2411.25
2411.25
3213.55
3213.55
1723.03
1723.03
2378.47
2378.47
3121.70
3121.70
910.23
910.23
1376.29
1376.29
2019.00
2019.00
2615.82
2615.82
2869.21
2869.21
3251.53
3251.53
35.82
35.82
598.12
598.12
1189.66
1189.66
1189.66
1189.66
3056.41
3056.41
2601.71
2601.71
3034.78
3034.78
2781.04
2781.04
132.15
132.15
3378.17
3378.17
1049.02
1049.02
2293.69
2293.69
2352.31
2352.31
2586.83
2586.83
2961.37
2961.37
2128.83
2128.83
648.27
648.27
2420.71
2420.71
27.24
27.24
2374.97
2374.97
2544.94
2544.94
3308.26
3308.26
843.41
843.41
1746.28
1746.28
1746.28
1746.28
1746.28
1746.28
1746.28
1746.28
272.29
272.29
1386.17
1386.17
1654.19
1654.19
1597.69
1597.69
1281.51
1281.51
1437.16
1437.16
1906.39
1906.39
2006.41
2006.41
349.44
349.44
2658.81
2658.81
2863.49
2863.49
2690.74
2690.74
23.53
23.53
2349.14
2349.14
2275.67
2275.67
2164.72
2164.72
1911.49
1911.49
2048.44
2048.44
1687.00
1687.00
2414.77
2414.77
2200.52
2200.52
3390.70
3390.70
3113.77
3113.77
3062.69
3062.69
2816.78
2816.78
2816.78
2816.78
3408.53
3408.53
3276.83
3276.83
2829.26
2829.26
591.26
591.26
591.26
591.26
1436.21
1436.21
2327.17
2327.17
2362.03
2362.03
1198.17
1198.17
2882.16
2882.16
2230.43
2230.43
2467.21
2467.21
2467.21
2467.21
2486.57
2486.57
2861.47
2861.47
2275.06
2275.06
3104.61
3104.61
2026.51
2026.51
1693.62
1693.62
2393.33
2393.33
2737.46
2737.46
2737.46
2737.46
2026.25
2026.25
1375.02
1375.02
1425.03
1425.03
1056.48
1056.48
1997.20
1997.20
2577.01
2577.01
1920.71
1920.71
2645.50
2645.50
3606.90
3606.90
2522.91
2522.91
3381.82
3381.82
2944.12
2944.12
2500.42
2500.42
625.28
625.28
3695.10
3695.10
3474.20
3474.20
1307.38
1307.38
3278.09
3278.09
2763.53
2763.53
2763.53
2763.53
1091.50
1091.50
1471.70
1471.70
1471.70
1471.70
1471.70
1471.70
1471.70
1471.70
1471.70
1471.70
1471.70
1471.70
1187.48
1187.48
2451.02
2451.02
531.44
531.44
1230.02
1230.02
1745.55
1745.55
1579.70
1579.70
1475.28
1475.28
1566.66
1566.66
1324.91
1324.91
1705.29
1705.29
1836.85
1836.85
1606.73
1606.73
1861.39
1861.39
2210.39
2210.39
1090.13
1090.13
2196.20
2196.20
1043.45
1043.45
2233.24
2233.24
2230.27
2230.27
113.20
113.20
2271.21
2271.21
528.61
528.61
1414.56
1414.56
2695.53
2695.53
1899.73
1899.73
11.16
11.16
2345.98
2345.98
3136.74
3136.74
1057.63
1057.63
2222.76
2222.76
1406.91
1406.91
2035.11
2035.11
2146.95
2146.95
2841.86
2841.86
3445.60
3445.60
2220.56
2220.56
2760.20
2760.20
1862.48
1862.48
1600.67
1600.67
1600.67
1600.67
2258.74
2258.74
920.37
920.37
1656.86
1656.86
3266.80
3266.80
1189.33
1189.33
2114.76
2114.76
3907.30
3907.30
1858.45
1858.45
1775.98
1775.98
2241.87
2241.87
2947.56
2947.56
3556.60
3556.60
4021.14
4021.14
2329.52
2329.52
3663.06
3663.06
3663.06
3663.06
3797.50
3797.50
3874.40
3874.40
2425.41
2425.41
3846.75
3846.75
2312.87
2312.87
2840.10
2840.10
3340.93
3340.93
3231.00
3231.00
3174.18
3174.18
3331.73
3331.73
3018.17
3018.17
2730.47
2730.47
3431.65
3431.65
2392.83
2392.83
2539.76
2539.76
2133.56
2133.56
2732.10
2732.10
1491.55
1491.55
1725.55
1725.55
2860.23
2860.23
3551.10
3551.10
3200.40
3200.40
3200.40
3238.84
529.28
529.28
2001.53
2001.53
3680.37
3680.37
3357.54
3357.54
242.63
242.63
2657.63
2657.63
2334.89
2334.89
2552.91
2552.91
3076.46
3076.46
3143.75
3143.75
2037.09
2037.09
2201.58
2201.58
2266.51
2266.51
2473.21
2473.21
3372.85
3372.85
3680.36
3680.36
3435.22
3435.22
1941.87
1941.87
3698.81
3698.81
2383.61
2383.61
3384.56
3384.56
2678.45
2678.45
2824.67
2824.67
1690.17
1690.17
1769.68
1769.68
2142.32
2142.32
2702.16
2702.16
2610.31
2610.31
3467.47
3467.47
2398.40
2398.40
2360.92
2360.92
2362.29
2362.29
2362.29
2362.29
2362.29
2362.29
2362.29
2362.29
2520.38
2520.38
2520.38
2520.38
2970.98
2970.98
2140.73
2140.73
3034.26
3034.26
3465.08
3465.08
2963.73
2963.73
2548.16
2548.16
1496.00
1496.00
2012.24
2012.24
826.90
826.90
2432.08
2432.08
2862.84
2862.84
2325.07
2325.07
1725.98
1725.98
1525.65
1525.65
3074.62
3074.62
2185.77
2185.77
2399.02
2399.02
1268.02
1268.02
400.28
400.28
1899.52
1899.52
907.30
907.30
2044.65
2044.65
1889.34
1889.34
3026.39
3026.39
1754.93
1754.93
2370.08
2370.08
2035.30
2035.30
1583.51
1583.51
1997.11
1997.11
1770.70
1770.70
74.83
74.83
35.26
35.26
1343.75
1343.75
1343.75
1343.75
2842.80
2842.80
2842.80
2842.80
2842.80
2842.80
2842.80
1043.84
1305.91
1305.91
2923.31
2923.31
2923.31
2923.31
3232.53
3232.53
3232.53
2852.64
2902.23
2902.23
2902.23
1518.41
1518.41
2117.28
2117.28
2533.46
2533.46
1544.42
1544.42
1235.99
1235.99
2891.90
2891.90
2420.05
2420.05
1435.43
1435.43
2595.92
2857.89
2857.89
2857.89
2857.89
2857.89
2857.89
2857.89
2857.89
2857.89
2857.89
2857.89
1798.53
1798.53
2031.21
2031.21
2540.38
2540.38
1728.44
1728.44
1984.64
1984.64
2565.02
2565.02
1802.00
2232.58
2232.58
2232.58
2543.42
2543.42
1969.51
1969.51
2415.99
2415.99
1610.05
1610.05
1551.00
1551.00
1522.92
1522.92
2887.34
2887.34
2800.34
2800.34
3310.99
3310.99
1691.91
1691.91
1548.15
1548.15
2471.97
2471.97
1978.06
1978.06
3146.71
3146.71
3545.20
3545.20
2471.68
2471.68
1864.22
1864.22
1858.49
1858.49
2143.84
2143.84
2840.35
2840.35
1263.25
1263.25
3184.35
3184.35
2851.17
2851.17
1976.41
1976.41
2349.18
2349.18
3105.48
3105.48
1439.93
1439.93
4210.10
4210.10
1816.14
1816.14
3188.39
3188.39
3799.39
3799.39
3057.86
3057.86
2247.97
2247.97
41.75
41.75
3510.75
3510.75
2891.37
2891.37
2508.35
2508.35
3218.77
3218.77
2853.91
2853.91
3674.85
3674.85
976.29
976.29
2245.11
2245.11
2029.59
2029.59
779.49
779.49
2547.99
2547.99
3350.29
3350.29
3627.01
3627.01
1565.12
1565.12
2074.63
2074.63
3684.27
3684.27
3927.54
3927.54
1358.78
1358.78
1564.39
1564.39
41.63
41.63
1553.98
1553.98
3098.80
3098.80
2425.46
2425.46
1959.93
1959.93
881.49
881.49
1901.05
1901.05
1416.40
1416.40
1416.40
1416.40
1416.40
1416.40
1416.40
1416.40
2631.76
2631.76
2631.76
2631.76
2631.76
2631.76
2503.65
2503.65
2503.65
2503.65
1477.23
1477.23
1477.23
1477.23
909.90
909.90
2427.08
2427.08
2054.04
2054.04
1992.75
1992.75
1992.75
1992.75
2348.17
2348.17
2219.38
2219.38
1471.67
1471.67
2507.89
2507.89
2532.14
2532.14
3350.01
3350.01
3159.99
3159.99
3266.71
3266.71
3422.86
3422.86
2221.79
2221.79
2264.26
2264.26
2080.39
2080.39
2843.96
2843.96
2761.53
2761.53
2667.06
2667.06
3652.58
3652.58
855.93
855.93
1933.79
1933.79
2125.34
2125.34
2125.34
2125.34
1849.94
1849.94
2348.92
2348.92
2335.47
2335.47
2127.62
2127.62
3399.47
3399.47
2476.28
2476.28
1802.52
1802.52
3438.71
3438.71
1676.46
1676.46
2285.60
2285.60
2136.51
2136.51
957.57
957.57
1624.24
1624.24
181.12
181.12
2048.39
2048.39
2048.39
2048.39
2048.39
2048.39
2048.39
2048.39
2048.39
2048.39
2048.39
2048.39
2048.39
2048.39
2048.39
2048.39
2048.39
2048.39
909.09
909.09
1188.39
1188.39
1205.21
1205.21
288.29
288.29
341.74
341.74
2320.37
2320.37
1556.74
1556.74
1639.80
1639.80
3256.12
3256.12
900.61
900.61
287.97
287.97
1309.73
1309.73
1130.78
1130.78
1130.78
1130.78
1445.34
1445.34
1293.86
1293.86
1295.91
1295.91
1670.30
1670.30
1926.33
1926.33
1329.50
1329.50
2314.79
2314.79
3022.70
3022.70
2275.10
2275.10
2898.60
2898.60
2940.63
2940.63
2159.29
2159.29
2384.43
2384.43
1872.51
1872.51
2785.88
2785.88
1914.49
1914.49
2786.67
2786.67
2978.29
2978.29
1978.36
1978.36
2855.76
2855.76
1484.04
1484.04
2465.09
2465.09
2937.77
2937.77
708.29
708.29
2378.95
2378.95
2167.61
2167.61
2300.29
2300.29
2194.43
2194.43
52.03
52.03
934.74
934.74
2460.76
2460.76
499.24
499.24
2471.99
2471.99
2416.59
2416.59
20.76
20.76
2281.97
2281.97
1879.66
1879.66
2719.52
2719.52
2335.77
2335.77
3356.03
3356.03
2231.70
2231.70
2499.68
2499.68
2284.35
2284.35
2595.19
2595.19
1862.34
1862.34
2387.49
2387.49
2938.17
2938.17
2193.37
2193.37
2268.75
2268.75
1678.97
1678.97
1844.43
1844.43
2917.13
2917.13
1701.09
1701.09
2235.32
2235.32
2389.37
2389.37
2238.40
2238.40
2668.55
2668.55
2420.99
2420.99
1394.20
1394.20
1695.97
1695.97
1819.57
1819.57
2823.09
2823.09
423.99
423.99
397.83
397.83
3467.64
3467.64
2213.80
2213.80
2255.08
2255.08
2877.47
2877.47
2265.49
2265.49
2564.57
2564.57
2520.90
2520.90
3403.03
3403.03
2771.30
2771.30
826.76
826.76
2149.51
2149.51
1963.42
1963.42
2636.70
2636.70
1429.23
1429.23
1858.68
1858.68
2332.64
2332.64
1693.69
1693.69
1650.01
1650.01
2946.91
2946.91
530.83
530.83
3929.25
3929.25
3929.25
3929.25
3451.66
3451.66
3826.28
3826.28
3757.08
3757.08
1663.52
1663.52
2303.95
2303.95
3344.57
3344.57
3010.00
3010.00
2067.36
2067.36
2622.70
2622.70
1681.05
1681.05
2700.83
2700.83
2953.47
2953.47
2341.24
2341.24
2793.78
2793.78
2399.53
2399.53
2474.29
2474.29
2677.01
2677.01
2138.98
2138.98
3113.59
3113.59
2605.71
2605.71
2867.51
2867.51
1915.86
1915.86
1897.25
1897.25
2278.67
2278.67
1809.35
1809.35
2862.99
2862.99
2857.91
2857.91
3581.50
3581.50
2419.15
2419.15
2630.73
2630.73
2585.80
2585.80
3692.07
3692.07
2096.83
2096.83
2134.92
2134.92
1708.51
1708.51
1708.51
2491.90
19.82
19.82
3292.91
3292.91
2086.08
2086.08
2142.58
2142.58
2367.95
2367.95
2977.75
2977.75
3098.78
3098.78
3838.85
3838.85
1610.94
1610.94
2189.94
2189.94
2927.61
2927.61
3041.97
3041.97
2979.22
2979.22
2774.37
2774.37
3236.57
3236.57
2809.30
2809.30
2694.31
2694.31
2468.74
2468.74
3489.08
3489.08
2262.26
2262.26
2976.83
2976.83
2486.29
2486.29
1668.67
1668.67
3165.90
3165.90
3184.97
3184.97
2766.76
2766.76
1584.96
1584.96
1673.79
1673.79
1673.79
1673.79
1805.70
1805.70
1805.70
1805.70
1805.70
1805.70
2755.41
2755.41
1131.64
1131.64
2656.37
2656.37
2116.91
2116.91
728.51
728.51
1486.14
1486.14
904.31
904.31
2815.58
2815.58
2390.02
2390.02
2237.78
2237.78
608.83
608.83
608.83
608.83
2574.95
2574.95
2499.12
2499.12
962.24
962.24
145.68
145.68
1075.09
