# 1Hz Kbps trace generated by import_real_world_traces.py
2461.85
1410.46
1001.74
1001.74
22.11
22.11
15.47
15.47
21.17
21.17
10.00
10.00
3517.47
3517.47
66.77
1605.09
1605.09
37.09
37.09
37.09
23.98
23.98
74.61
74.61
74.61
25.07
25.07
11.03
1636.21
1636.21
3690.51
3690.51
3395.52
3395.52
46.37
46.37
4541.78
4541.78
1095.46
1095.46
25.88
25.88
2116.70
2116.70
2235.15
2235.15
2374.97
2374.97
2600.37
2600.37
2600.37
2600.37
10.00
10.00
2237.20
2237.20
2640.91
2640.91
2641.87
2641.87
2641.87
2641.87
2641.87
2641.87
2641.87
2641.87
5391.03
5391.03
4902.42
4902.42
4932.09
4932.09
4932.09
4932.09
33.54
33.54
2036.88
2036.88
3377.37
3377.37
4167.28
4167.28
752.06
752.06
22.44
22.44
259.02
259.02
835.29
835.29
5198.11
5198.11
1835.35
1835.35
1304.43
1304.43
3809.99
3809.99
504.19
504.19
15.68
15.68
2498.37
2498.37
5017.86
5017.86
4477.18
4477.18
10.94
10.94
1424.93
1424.93
14.60
14.60
4669.32
4669.32
743.63
743.63
2305.36
2305.36
3731.53
3731.53
3669.68
3669.68
448.21
448.21
2359.29
2359.29
4743.07
4743.07
5344.15
5344.15
5344.15
5344.15
5515.80
5515.80
5515.80
5515.80
5619.56
5619.56
5619.56
5619.56
5619.56
5619.56
3846.35
3846.35
2393.69
2393.69
1261.72
1261.72
3427.61
3427.61
1482.50
1482.50
5042.47
5042.47
4213.99
4213.99
3733.01
3733.01
4052.95
4052.95
25.56
25.56
3648.47
3648.47
18.98
18.98
1419.44
1419.44
11.44
11.44
2577.31
2577.31
922.53
922.53
14.81
14.81
809.13
809.13
1952.20
1952.20
342.26
342.26
4137.21
4137.21
2047.77
2047.77
2405.99
2405.99
5063.75
5063.75
5063.75
5063.75
3880.85
3880.85
12.46
12.46
3847.02
3847.02
3790.06
3790.06
4945.94
4945.94
4599.82
4599.82
4599.82
4599.82
4599.82
4599.82
2317.73
2317.73
2463.82
2463.82
3693.47
3693.47
3821.43
3821.43
1298.17
1298.17
4740.36
4740.36
4335.29
4335.29
1514.78
1514.78
3826.91
3826.91
3954.50
3954.50
19.92
19.92
5763.53
5763.53
5763.53
5763.53
712.07
712.07
10.00
10.00
886.82
886.82
5175.17
5175.17
4896.75
4896.75
737.33
737.33
3227.42
3227.42
750.24
750.24
31.34
31.34
4726.78
4726.78
29.47
29.47
10.95
