# 1Hz Kbps trace generated by import_real_world_traces.py
1913.62
1548.91
1548.91
2129.80
2129.80
1935.66
1935.66
1935.66
1935.66
2106.82
2106.82
2532.55
2532.55
2135.17
2135.17
1910.68
1910.68
2212.18
2212.18
3121.85
3121.85
935.68
935.68
935.68
48.39
4017.46
4017.46
3657.16
3657.16
1956.05
1956.05
2201.33
2201.33
2805.63
2805.63
23.19
23.19
3544.39
3544.39
3422.05
3422.05
293.93
293.93
2027.79
2027.79
1776.41
1776.41
3509.73
3509.73
894.31
894.31
1628.91
1628.91
2642.28
2642.28
3572.94
3572.94
2021.61
2021.61
1902.13
1902.13
3459.13
3459.13
3267.39
3267.39
3931.85
3931.85
3843.53
3843.53
3047.60
3047.60
3047.60
3047.60
1619.99
1619.99
3441.80
3441.80
2017.12
2017.12
1755.04
1755.04
3128.16
3128.16
3285.71
3285.71
885.66
885.66
249.61
249.61
1423.89
1423.89
1918.30
1918.30
1895.79
1895.79
3207.00
3207.00
3368.65
3368.65
3899.92
3899.92
2989.16
2989.16
3692.79
3692.79
4029.58
4029.58
3958.56
3958.56
4038.71
4038.71
2815.25
2815.25
3397.97
3397.97
3335.32
3335.32
3428.52
3428.52
393.83
393.83
2581.22
2581.22
707.03
707.03
3647.36
3647.36
4166.95
4166.95
1949.46
1949.46
2414.26
2414.26
3634.01
3634.01
1949.86
1949.86
3642.50
3642.50
2072.07
2072.07
3918.35
3918.35
3319.32
3319.32
3472.22
3472.22
3590.24
3590.24
3243.77
3243.77
3576.97
3576.97
3687.89
3687.89
3566.42
3566.42
619.28
619.28
2064.50
2064.50
211.95
211.95
3341.70
3341.70
3462.26
3462.26
3634.40
3634.40
773.49
773.49
707.08
707.08
1875.88
1875.88
3304.20
3304.20
1952.67
1952.67
3305.94
3305.94
117.17
117.17
52.39
52.39
2346.40
2346.40
1961.90
1961.90
112.70
112.70
3594.93
3594.93
2499.70
2499.70
3654.87
3654.87
2017.48
2017.48
133.64
133.64
3436.82
3436.82
3403.06
3403.06
3688.70
3688.70
3421.94
3421.94
3377.52
3377.52
2004.33
2004.33
2289.81
2289.81
1661.45
1661.45
4185.11
4185.11
142.14
142.14
2022.24
2022.24
2168.22
2168.22
3745.09
3745.09
4012.34
4012.34
67.19
67.19
3361.56
3361.56
3128.33
3128.33
1748.53
1748.53
3660.77
3660.77
995.16
995.16
575.45
575.45
1410.92
1410.92
3743.90
3743.90
3501.88
3501.88
3454.17
3454.17
3591.06
3591.06
133.56
133.56
157.53
157.53
3969.70
3969.70
3753.43
3753.43
20.36
20.36
22.75
22.75
715.09
715.09
2478.38
2478.38
3130.78
3130.78
3494.22
3494.22
2143.07
2143.07
3663.95
3663.95
568.78
568.78
3218.02
3218.02
3328.66
3328.66
1664.37
1664.37
3497.19
3497.19
3120.47
3120.47
203.59
203.59
3816.86
3816.86
3435.83
3435.83
3469.67
3469.67
3099.22
3099.22
252.85
252.85
3145.81
3145.81
3680.37
3680.37
3345.89
3345.89
2871.98
2871.98
3573.18
3573.18
3420.79
3420.79
45.14
45.14
3682.09
3682.09
3314.64
3314.64
3339.48
3339.48
3575.16
3575.16
574.56
574.56
839.24
839.24
3652.36
3652.36
1025.45
1025.45
3889.28
3889.28
3809.38
3809.38
1760.93
1760.93
978.50
978.50
3965.14
3965.14
1989.01
1989.01
892.91
892.91
2069.12
2069.12
3410.87
3410.87
277.97
277.97
3900.46
3900.46
263.61
263.61
3483.38
3483.38
3463.74
3463.74
671.78
671.78
4153.54
4153.54
3282.86
3282.86
2117.86
2117.86
3704.55
3704.55
3288.77
3288.77
3595.14
3595.14
1056.16
1056.16
769.00
769.00
2793.00
2793.00
3956.20
3956.20
90.76
90.76
3371.27
3371.27
998.94
998.94
1088.07
1088.07
158.82
158.82
3151.33
3151.33
3517.07
3517.07
3257.56
3257.56
1886.28
1886.28
3172.18
3172.18
3335.86
3335.86
1985.27
1985.27
1073.76
1073.76
3717.87
3717.87
3629.37
3629.37
2879.70
2879.70
2054.85
2054.85
3242.79
3242.79
1866.67
1866.67
4078.13
4078.13
117.21
117.21
103.00
103.00
3034.31
3034.31
4079.89
4079.89
179.66
179.66
3380.14
3380.14
3380.14
3131.82
3131.82
2270.50
2270.50
406.21
406.21
3395.72
3395.72
1946.76
1946.76
2614.63
3239.29
3239.29
3239.29
3231.12
3231.12
3552.61
3552.61
1904.30
1904.30
3347.62
3107.14
3107.14
3107.14
948.22
948.22
3882.99
3873.43
3873.43
3196.81
3196.81
3764.30
3764.30
3088.30
3088.30
1339.59
1339.59
2366.96
2366.96
3268.70
3268.70
3854.16
3854.16
3807.69
3807.69
3802.34
3802.34
612.43
612.43
133.29
133.29
2785.41
2785.41
3253.27
3253.27
1863.48
1863.48
3605.83
3605.83
678.92
678.92
3226.60
3226.60
3265.79
3265.79
2932.53
2932.53
2935.36
2935.36
2793.71
2793.71
3828.87
3828.87
3438.72
3438.72
3379.67
3379.67
3306.36
3306.36
3333.72
3333.72
3661.97
3661.97
3661.97
4025.81
4025.81
3370.55
3370.55
2913.48
2913.48
3495.41
3495.41
3284.20
3284.20
3528.22
3528.22
3528.22
3528.22
3528.22
3528.22
2683.32
2683.32
3656.25
3656.25
3173.81
3173.81
3173.81
3173.81
3173.81
3173.81
3173.81
3173.81
2569.91
2569.91
2569.91
2569.91
2569.91
2569.91
2665.36
2665.36
2499.97
2499.97
2768.20
2768.20
2176.79
2176.79
2714.57
2714.57
3079.21
3079.21
3079.21
3079.21
3079.21
3079.21
2422.92
2422.92
2740.94
2740.94
2224.90
2516.88
2516.88
2516.88
2563.99
2983.95
2983.95
2983.95
3159.25
3159.25
64.88
64.88
2917.46
2917.46
1909.14
1091.38
1091.38
1398.43
1398.43
3148.15
3148.15
315.32
315.32
1807.66
1807.66
1807.66
3318.41
3318.41
3617.87
3617.87
3857.65
3857.65
3857.65
3857.65
3372.50
3372.50
3594.65
3594.65
3440.24
3440.24
3984.03
3984.03
3106.75
3106.75
346.74
346.74
1164.69
1164.69
2963.51
2963.51
3234.48
3234.48
3757.39
3757.39
990.75
990.75
96.44
96.44
1950.31
1950.31
3713.58
3713.58
3200.14
3200.14
2832.40
2832.40
3168.76
3168.76
3268.02
3268.02
3276.10
3276.10
2101.98
2101.98
79.78
79.78
3987.66
3987.66
3479.46
3479.46
2924.27
2924.27
3247.92
3247.92
3381.38
3381.38
3541.18
3541.18
3754.76
3754.76
3789.35
3789.35
3011.08
3011.08
3879.86
3879.86
3569.11
3569.11
3167.24
3167.24
2130.27
2130.27
3428.36
3428.36
3742.20
3742.20
2281.18
2281.18
260.30
260.30
3836.55
3836.55
3333.47
3333.47
3444.84
3444.84
3442.59
3442.59
954.53
954.53
3325.60
3325.60
136.10
136.10
2188.03
2188.03
3963.74
3963.74
1220.99
1220.99
591.09
591.09
1868.26
1868.26
3557.74
3557.74
926.31
926.31
3437.56
3437.56
3361.19
3361.19
2847.81
2847.81
1115.60
1115.60
3969.02
3969.02
3218.59
3218.59
524.85
524.85
1587.25
1587.25
3456.41
3456.41
314.58
314.58
2172.29
2172.29
1280.48
1280.48
3726.18
3726.18
1713.50
1713.50
3632.63
3632.63
2834.23
2834.23
621.12
621.12
3774.82
3774.82
2476.15
2476.15
3932.43
3932.43
4074.35
4074.35
1313.83
1313.83
3536.35
3536.35
67.23
67.23
2809.97
2809.97
818.46
818.46
69.14
69.14
1529.54
1529.54
3384.78
3384.78
1775.92
1775.92
3558.93
3558.93
3727.11
3727.11
3622.65
3622.65
3142.90
3142.90
3673.57
3673.57
2586.23
2586.23
3275.11
3275.11
3460.80
3460.80
2498.99
2498.99
1804.09
1804.09
1143.96
1143.96
1849.85
1849.85
404.13
404.13
3525.48
3525.48
4114.48
4114.48
3748.13
3748.13
3728.40
3728.40
679.97
679.97
3479.42
3479.42
3908.33
3908.33
194.87
194.87
2001.51
2001.51
2879.93
2879.93
2210.78
2210.78
1457.13
1457.13
3343.76
3343.76
3450.89
3450.89
349.81
349.81
2145.69
2145.69
3567.60
3567.60
3782.61
3782.61
2982.91
2982.91
2982.57
2982.57
3614.43
3614.43
3302.94
3302.94
2801.70
2801.70
3474.61
3474.61
3797.47
3797.47
3407.40
3407.40
1471.18
1471.18
1375.53
1375.53
3584.42
3584.42
1995.44
1995.44
3041.66
3041.66
236.96
236.96
1786.23
1786.23
3927.70
3927.70
4090.30
4090.30
1096.21
1096.21
3548.23
3548.23
3555.95
3555.95
46.72
46.72
3590.25
3590.25
3812.14
3812.14
1888.60
1888.60
3341.32
3341.32
1869.61
1869.61
3572.54
3572.54
383.38
383.38
2096.18
2096.18
62.93
62.93
4164.78
4164.78
3337.38
3337.38
667.68
667.68
3310.65
3310.65
3756.32
3756.32
3692.65
3692.65
598.21
598.21
3304.97
3304.97
2934.76
2934.76
473.62
473.62
3643.50
3643.50
122.36
122.36
185.97
185.97
66.85
66.85
3503.08
3503.08
3049.52
3049.52
389.56
389.56
2540.89
2540.89
3675.94
3675.94
965.20
965.20
1997.76
1997.76
437.11
437.11
1913.92
1913.92
2174.52
2174.52
22.33
22.33
3315.56
3315.56
2693.26
2693.26
3568.95
3568.95
3133.58
3133.58
3432.85
3432.85
2308.02
2308.02
2772.15
2772.15
3415.17
3415.17
2761.45
2761.45
3486.06
3486.06
3298.34
3298.34
3792.23
3792.23
3021.40
3021.40
3269.61
3269.61
2945.47
2945.47
3747.81
3747.81
1906.03
1906.03
3793.89
3793.89
3315.43
3315.43
1994.19
1994.19
1212.87
1212.87
1947.42
1947.42
63.41
63.41
2668.44
2668.44
3624.40
3624.40
871.40
871.40
3404.66
3404.66
3736.77
3736.77
1982.47
1982.47
3535.12
3535.12
1037.14
1037.14
89.31
89.31
3279.88
3279.88
2237.65
2237.65
3710.22
3710.22
983.69
983.69
1701.13
1701.13
3395.70
3395.70
1815.13
1815.13
530.58
530.58
1889.30
1889.30
423.14
423.14
3570.86
3570.86
3496.19
3496.19
3040.74
3040.74
3536.64
3536.64
2817.27
2817.27
3057.99
3057.99
3620.09
3620.09
3599.61
3599.61
1989.61
1989.61
3875.21
3875.21
3408.85
3408.85
4017.42
4017.42
2139.92
2139.92
2498.18
2498.18
2954.19
2954.19
1960.76
1960.76
3979.83
3979.83
276.65
276.65
473.86
473.86
3271.85
3271.85
3763.34
3763.34
3111.63
3111.63
3176.39
3176.39
3259.98
3259.98
3075.73
3075.73
3576.18
3576.18
3962.76
3962.76
3668.73
3668.73
4078.38
4078.38
2818.24
2818.24
3686.22
3686.22
3701.57
3701.57
1765.41
1765.41
3905.77
3905.77
1995.75
1995.75
3597.16
3597.16
2300.65
2300.65
2859.11
2859.11
3104.66
3104.66
3636.68
3636.68
3636.57
3636.57
3728.73
3728.73
2916.96
2916.96
48.42
48.42
57.88
57.88
601.72
601.72
3294.82
3294.82
2625.45
2625.45
3291.16
3291.16
2640.27
2640.27
136.22
136.22
3901.91
3901.91
3432.94
3432.94
1114.25
1114.25
3433.26
3433.26
2901.69
2901.69
2029.32
2029.32
3687.08
3687.08
3235.02
3235.02
3802.11
3802.11
3340.93
3340.93
3591.84
3591.84
3526.44
3526.44
3365.93
3365.93
2989.00
2989.00
3526.81
3526.81
3726.41
3726.41
4081.53
4081.53
2002.37
2002.37
94.41
94.41
1750.75
1750.75
3211.15
3211.15
3627.16
3627.16
3701.39
3701.39
3916.47
3916.47
2863.29
2863.29
3246.49
3246.49
3261.03
3261.03
3138.22
3138.22
3843.42
3843.42
3891.97
3891.97
3891.97
3891.97
2982.25
2982.25
3549.68
3549.68
3549.68
3549.68
2972.51
2972.51
2972.51
2972.51
2972.51
2972.51
2972.51
2972.51
3274.90
3274.90
2659.11
2659.11
3287.06
3287.06
3287.06
3287.06
3287.06
3287.06
3287.06
3287.06
2994.21
2994.21
3742.91
3742.91
2440.26
2440.26
3241.51
3241.51
1999.65
1999.65
2899.99
2899.99
3604.23
3604.23
377.39
377.39
885.48
885.48
1729.78
1729.78
3741.69
3741.69
3550.88
3550.88
3365.20
3365.20
3015.86
3015.86
3015.86
3015.86
3198.92
3198.92
3722.93
3722.93
2920.15
2920.15
3492.49
3492.49
566.44
566.44
669.65
669.65
3213.38
3213.38
371.89
371.89
1902.06
1902.06
1257.72
1257.72
1896.39
1896.39
46.06
46.06
3517.90
3517.90
2020.24
2020.24
3396.93
3396.93
3911.27
3911.27
3650.09
3650.09
3725.82
3725.82
3413.39
3413.39
63.33
63.33
1993.20
1993.20
1528.26
1528.26
800.37
800.37
1349.21
1349.21
785.00
785.00
1881.27
1881.27
109.77
109.77
3439.95
3439.95
136.70
136.70
336.43
336.43
3699.19
3699.19
1327.53
1327.53
2017.58
2017.58
400.20
400.20
2995.33
2995.33
3400.38
3400.38
960.52
960.52
2034.72
2034.72
3200.25
3200.25
1947.66
1947.66
347.10
347.10
1200.84
1200.84
1926.93
1926.93
563.64
563.64
3582.59
3582.59
3426.52
3426.52
2862.72
2862.72
3336.34
3336.34
384.41
384.41
1988.22
1988.22
1611.25
1611.25
3066.91
3066.91
3355.95
3355.95
3516.21
3516.21
1749.79
1749.79
3434.57
3434.57
3269.64
3269.64
3846.58
3846.58
3083.68
3083.68
907.18
907.18
1033.26
1033.26
2156.60
2156.60
3613.38
3613.38
1908.32
1908.32
3716.63
3716.63
3533.69
3533.69
223.77
223.77
23.66
23.66
2529.05
2529.05
3633.59
3633.59
129.45
129.45
3319.27
3319.27
836.81
836.81
3166.16
3166.16
3560.11
3560.11
2034.28
2034.28
493.52
493.52
1915.84
1915.84
2330.25
2330.25
610.71
610.71
3386.39
3386.39
736.24
736.24
3199.96
3199.96
634.17
634.17
634.17
516.70
516.70
3902.88
3902.88
4051.80
4051.80
3584.73
3584.73
3486.95
3486.95
3771.72
3771.72
2882.64
2882.64
3582.52
3582.52
2045.46
2045.46
878.80
878.80
3322.60
3322.60
3408.20
3408.20
3342.75
4112.02
4112.02
3417.83
3417.83
3417.83
3225.73
759.84
759.84
759.84
3514.40
3292.44
3292.44
2380.56
2380.56
2380.56
3352.90
3352.90
780.87
660.23
660.23
2830.20
2830.20
46.39
46.39
1872.41
1872.41
412.97
412.97
1929.96
1929.96
3339.78
3339.78
3759.17
3759.17
692.67
692.67
3039.80
3039.80
1859.16
1859.16
3935.92
3935.92
2518.66
2518.66
3094.93
3094.93
3161.24
3161.24
2060.70
2060.70
43.53
43.53
2203.73
2203.73
3989.07
3989.07
1478.48
1478.48
3740.70
3740.70
3951.31
3951.31
3951.31
3029.21
3029.21
942.91
942.91
3803.76
3803.76
2594.12
2594.12
1387.18
1387.18
3430.88
3430.88
2374.20
2374.20
3338.15
3338.15
3123.99
3123.99
3930.68
3930.68
3583.50
3583.50
3411.16
3411.16
1982.28
1982.28
3673.52
3673.52
1069.27
1069.27
493.09
493.09
496.66
496.66
1804.49
1804.49
3241.55
3241.55
1927.89
1927.89
3220.24
3220.24
1112.70
1112.70
3504.55
3504.55
3616.52
3616.52
2032.45
2032.45
2596.80
2596.80
3835.25
3835.25
4002.41
4002.41
1797.49
1797.49
3856.02
3856.02
3279.76
3279.76
3722.84
3722.84
3745.85
3745.85
475.03
475.03
3248.40
3248.40
3077.72
3077.72
2904.17
2904.17
3781.46
3844.83
3844.83
3844.83
671.49
671.49
1102.60
1102.60
2078.78
2078.78
810.17
810.17
3733.96
3733.96
427.44
427.44
1024.16
1024.16
1594.95
1594.95
764.49
764.49
2215.01
2215.01
3826.07
3826.07
2002.82
2002.82
3585.92
3585.92
149.22
149.22
3198.39
3198.39
3455.33
3455.33
2067.55
2067.55
119.81
119.81
3086.20
3086.20
3083.24
3083.24
502.62
502.62
3932.86
3932.86
4133.21
4133.21
192.46
192.46
567.75
567.75
3592.39
3592.39
2046.88
2046.88
3908.04
3908.04
3839.83
3839.83
852.07
852.07
3716.38
3716.38
2654.17
2654.17
117.87
117.87
2892.57
2892.57
1271.13
1271.13
1877.71
1877.71
3374.86
3374.86
2836.61
2836.61
3673.50
3673.50
3735.02
3735.02
1798.93
1798.93
3690.10
3690.10
3125.08
3125.08
3690.19
3690.19
3875.75
3875.75
3377.64
3377.64
3617.71
3617.71
3235.43
3235.43
3287.01
3287.01
3251.40
3251.40
3392.54
3392.54
3674.12
3674.12
2114.05
2114.05
2772.07
2772.07
3957.36
3957.36
88.88
88.88
3043.48
3043.48
3020.15
3020.15
3763.26
3763.26
1856.51
1856.51
3626.66
3626.66
3644.59
3644.59
1977.80
1977.80
4035.46
4035.46
1761.91
1761.91
603.68
603.68
3613.59
3613.59
49.13
49.13
3976.64
3976.64
3669.55
3669.55
677.82
677.82
2116.06
2116.06
673.63
673.63
2882.76
2882.76
3388.39
3388.39
2669.97
2669.97
3106.42
3106.42
387.56
387.56
3836.24
3836.24
2456.88
2456.88
3687.99
3687.99
3380.59
3380.59
3067.89
3067.89
2890.85
2890.85
3957.39
3957.39
3247.76
3247.76
2918.81
2918.81
3675.66
3675.66
3675.66
3675.66
3204.14
3204.14
3458.43
3458.43
70.19
70.19
3371.84
3371.84
3331.26
3331.26
1846.79
1846.79
1939.80
1939.80
3214.82
3214.82
3177.33
3177.33
1905.31
1905.31
496.78
496.78
3971.08
3971.08
318.58
318.58
3597.25
3597.25
431.45
431.45
431.45
431.45
1698.37
1698.37
3530.78
3530.78
3431.75
3431.75
3978.68
3978.68
3358.23
3358.23
451.24
451.24
3431.36
3431.36
1962.59
1962.59
1374.04
1374.04
81.16
81.16
3661.11
3661.11
1484.10
1484.10
1709.89
1709.89
3814.25
3814.25
2883.95
2883.95
46.19
46.19
3338.85
3338.85
133.40
133.40
3124.15
3124.15
2507.27
2507.27
3740.92
3740.92
795.66
795.66
1654.24
1654.24
3531.93
3531.93
3284.77
3284.77
642.48
642.48
2071.59
2071.59
23.05
23.05
44.71
44.71
3699.01
3699.01
3245.94
3245.94
1701.93
1701.93
280.42
280.42
3236.24
3236.24
138.13
138.13
3174.73
3174.73
1726.84
1726.84
3410.27
3410.27
3123.72
3123.72
3890.98
3890.98
93.58
93.58
583.04
583.04
1805.36
1805.36
3407.38
3407.38
1564.17
1564.17
1011.75
1011.75
517.65
517.65
2521.91
2521.91
2081.55
2081.55
41.47
41.47
3490.45
3490.45
872.79
872.79
2347.40
2347.40
2479.50
2479.50
3242.17
3242.17
3507.83
3507.83
185.76
185.76
3517.32
3517.32
3540.42
3540.42
4096.99
4096.99
3803.85
3803.85
3395.47
3395.47
2029.38
2029.38
96.92
96.92
318.54
318.54
3347.56
3347.56
3289.57
3289.57
3724.78
3724.78
1580.18
1580.18
3300.46
3300.46
3432.56
3432.56
3507.40
3507.40
753.48
753.48
1271.29
1271.29
2167.03
2167.03
2048.82
2048.82
377.46
377.46
3315.63
3315.63
638.04
638.04
1722.65
1722.65
3932.11
3932.11
319.12
319.12
562.91
562.91
3795.64
3795.64
2020.44
2020.44
1267.90
1267.90
3782.72
3782.72
585.47
585.47
3458.97
3458.97
2556.64
2556.64
3539.99
3539.99
1773.32
1773.32
111.66
111.66
42.07
42.07
2357.09
2357.09
3137.88
3137.88
3859.53
3859.53
520.37
520.37
1997.59
1997.59
3726.12
3726.12
4343.75
4343.75
1807.86
1807.86
3031.49
3031.49
1880.80
1880.80
418.17
418.17
3769.69
3769.69
3983.54
3983.54
594.80
594.80
1832.65
1832.65
22.85
22.85
3566.50
3566.50
3227.86
3227.86
3458.12
3458.12
3125.11
3125.11
624.30
624.30
2083.89
2083.89
2486.90
2486.90
1958.15
1958.15
2234.82
2234.82
3368.49
3368.49
1972.70
1972.70
3508.54
3508.54
2078.59
2078.59
3532.69
3532.69
426.32
426.32
912.72
912.72
804.26
804.26
3659.98
3659.98
3800.16
3800.16
2786.81
2786.81
673.29
673.29
3098.43
3098.43
3662.62
3662.62
3806.70
3806.70
3228.20
3228.20
2371.52
2371.52
3222.31
3222.31
2295.30
2295.30
172.00
172.00
3227.19
3227.19
3568.12
3568.12
112.91
112.91
64.12
64.12
2999.73
2999.73
3021.07
3021.07
75.10
75.10
4131.83
4131.83
918.85
918.85
3566.43
3566.43
132.89
132.89
4112.19
4112.19
3793.77
3793.77
615.36
615.36
2102.26
2102.26
3739.14
3739.14
3501.52
3501.52
449.86
449.86
375.49
375.49
2976.68
2976.68
3634.18
3634.18
246.60
246.60
260.17
260.17
3267.59
3267.59
3492.02
3492.02
3705.74
3705.74
3443.34
3443.34
3397.16
3397.16
2168.61
2168.61
3021.29
3021.29
1262.67
1262.67
2318.39
2318.39
3384.70
3384.70
3533.16
3533.16
63.60
63.60
3558.53
3558.53
2560.35
2560.35
3874.37
3874.37
2941.61
2941.61
3187.06
3187.06
2842.08
2842.08
2795.42
2795.42
550.86
550.86
3795.92
3795.92
3201.92
3201.92
3309.58
3309.58
386.68
386.68
84.32
84.32
3941.06
3941.06
2668.78
2668.78
4023.52
4023.52
551.81
551.81
1384.68
1384.68
2083.67
2083.67
3263.46
3263.46
3121.68
3121.68
4114.73
