# 1Hz Kbps trace generated by import_real_world_traces.py
3169.20
953.92
3614.07
3614.07
1334.12
1334.12
1204.16
1204.16
1744.69
1744.69
526.80
526.80
4981.71
4981.71
4245.01
4245.01
661.45
661.45
5251.55
5251.55
489.62
489.62
4360.30
4360.30
5555.57
5555.57
356.90
356.90
4794.65
4794.65
1989.33
1989.33
4642.15
4642.15
2617.50
2617.50
105.28
105.28
2365.72
2365.72
10.00
10.00
274.44
274.44
51.38
51.38
2607.78
2607.78
386.11
386.11
867.93
867.93
1603.01
1603.01
3975.55
3975.55
3436.60
3436.60
1372.64
1372.64
461.95
461.95
1454.97
1454.97
1037.62
1037.62
182.16
182.16
4308.47
4308.47
1048.15
1048.15
6147.42
6147.42
5853.30
5853.30
5240.37
5240.37
5569.34
5569.34
6324.78
6324.78
7070.33
7070.33
7070.33
7070.33
7070.33
7070.33
7070.33
7070.33
6585.92
6585.92
2568.68
2568.68
4259.48
4259.48
3638.14
3638.14
4114.28
4114.28
4201.42
4201.42
6047.52
6047.52
6855.96
6855.96
1292.50
1292.50
2854.74
2854.74
1893.47
1893.47
4230.87
4230.87
2653.05
2653.05
4120.73
4120.73
4131.02
4131.02
4200.15
4200.15
3142.49
3142.49
5232.99
5232.99
1726.25
1726.25
3617.96
3617.96
3617.96
3617.96
846.08
846.08
4981.11
4981.11
4286.51
4286.51
2911.84
2911.84
2911.84
2911.84
3046.22
3046.22
260.44
260.44
807.09
807.09
2528.10
2528.10
1126.68
1126.68
379.24
379.24
1545.57
1545.57
5540.86
5540.86
4028.43
4028.43
2575.31
2575.31
2038.64
2038.64
4221.47
4221.47
13.84
13.84
1849.47
1849.47
144.01
144.01
2472.83
2472.83
3087.07
3087.07
16.94
16.94
2621.55
2621.55
295.71
295.71
376.93
376.93
858.33
858.33
4857.82
4857.82
1389.37
1389.37
2075.87
2075.87
6044.05
6044.05
6044.05
6044.05
2961.95
2961.95
2961.95
2961.95
3193.81
3193.81
3026.43
3026.43
3292.92
3292.92
849.75
849.75
2769.40
2769.40
3750.76
3750.76
537.59
537.59
1910.92
1910.92
520.71
520.71
242.38
242.38
18.11
18.11
345.81
345.81
783.17
783.17
126.15
126.15
211.77
211.77
3191.09
3191.09
573.97
573.97
1677.58
1677.58
1356.35
1356.35
820.03
820.03
3808.80
3808.80
3886.08
3886.08
521.67
521.67
2721.96
2721.96
900.11
900.11
62.55
62.55
185.17
185.17
17.99
17.99
222.45
222.45
2122.77
2122.77
2298.70
2298.70
790.04
790.04
807.68
807.68
220.68
220.68
361.37
361.37
2829.98
2829.98
519.03
519.03
2109.27
2109.27
236.94
236.94
178.80
178.80
3171.87
3171.87
4034.72
4034.72
3865.51
3865.51
4938.51
4938.51
3855.03
3855.03
143.25
143.25
1056.15
1056.15
4041.55
4041.55
3358.05
3358.05
3653.92
3653.92
5169.05
5169.05
3953.87
3953.87
3953.87
3953.87
3953.87
3953.87
3953.87
3953.87
777.55
777.55
2210.00
2210.00
2228.93
2228.93
3235.80
3235.80
3620.13
3620.13
3831.06
3831.06
3392.75
3392.75
3515.95
3515.95
3082.10
3082.10
4154.70
4154.70
4578.44
4578.44
5188.59
5188.59
6508.30
6508.30
4484.42
4484.42
6654.75
6654.75
5845.45
5845.45
8239.33
8239.33
8907.23
8907.23
8601.41
8601.41
7385.89
7385.89
7385.89
7385.89
7385.89
7385.89
7385.89
7385.89
7385.89
7385.89
7385.89
7385.89
7385.89
7385.89
7385.89
7385.89
7385.89
7385.89
1564.10
1564.10
439.74
439.74
1430.06
1430.06
2028.94
2028.94
1742.10
1742.10
2261.22
2261.22
2339.58
2339.58
2134.64
2134.64
935.76
935.76
3000.55
3000.55
2782.93
2782.93
3192.78
3192.78
2473.54
2473.54
3402.88
3402.88
3818.75
3818.75
3796.95
3796.95
3554.55
3554.55
4910.82
4910.82
4367.37
4367.37
3769.51
3769.51
400.50
400.50
2288.37
2288.37
53.47
53.47
3378.32
3378.32
34.20
34.20
1101.37
1101.37
2827.18
2827.18
5279.05
5279.05
2823.83
2823.83
1164.16
1164.16
3164.66
3164.66
120.23
120.23
4808.00
4808.00
4231.29
4231.29
4120.55
4120.55
3917.95
3917.95
2729.85
2729.85
5088.97
5088.97
2104.75
2104.75
396.02
396.02
1879.15
1879.15
2339.12
2339.12
90.83
90.83
187.79
187.79
935.47
935.47
201.41
201.41
4352.76
4352.76
1174.41
1174.41
290.20
290.20
566.45
566.45
289.83
289.83
340.91
340.91
1729.54
1729.54
550.08
550.08
1844.40
1844.40
1007.55
1007.55
4112.69
4112.69
4723.44
4723.44
4723.44
4723.44
4723.44
4723.44
342.40
342.40
1034.24
1034.24
1120.87
1120.87
456.90
456.90
120.39
120.39
127.08
127.08
10.00
10.00
750.74
750.74
1455.36
1455.36
731.17
731.17
835.84
835.84
36.17
36.17
4004.89
4004.89
3282.80
3282.80
672.49
672.49
1823.17
1823.17
362.25
362.25
827.15
827.15
198.77
198.77
550.78
550.78
932.00
932.00
2198.59
2198.59
470.58
470.58
1922.26
1922.26
433.58
433.58
514.80
514.80
130.04
130.04
43.97
43.97
221.73
221.73
36.33
36.33
214.52
214.52
72.12
72.12
54.21
54.21
186.80
186.80
413.60
413.60
680.39
680.39
2269.24
2269.24
1988.76
1988.76
1013.80
1013.80
2562.80
2562.80
2901.25
2901.25
536.92
536.92
1620.05
1620.05
360.12
360.12
192.55
192.55
2823.82
2823.82
1940.43
1940.43
1927.73
1927.73
1918.21
1918.21
296.27
296.27
1187.07
1187.07
10.00
10.00
748.86
748.86
12.98
12.98
254.53
254.53
764.27
764.27
369.24
369.24
206.35
206.35
17.04
17.04
3453.94
3453.94
18.07
18.07
506.13
506.13
1379.87
1379.87
1118.61
1118.61
4882.84
4882.84
594.82
594.82
1555.13
1555.13
171.06
171.06
2142.84
2142.84
3929.56
3929.56
1030.80
1030.80
1030.80
1616.67
5517.99
5517.99
5517.99
5976.70
5976.70
674.22
674.22
834.72
834.72
1138.72
1138.72
873.69
873.69
873.69
873.69
1431.65
1431.65
3577.02
3577.02
4400.15
4400.15
861.01
861.01
895.85
1332.61
1332.61
1332.61
469.13
469.13
4302.47
4302.47
4521.80
4521.80
3131.96
3131.96
136.39
136.39
847.78
847.78
3532.55
3532.55
406.64
406.64
633.61
633.61
6762.96
6762.96
970.73
2699.90
2699.90
2699.90
5324.26
5324.26
5324.26
5324.26
6885.66
6885.66
3313.58
3313.58
6272.16
6272.16
10401.55
10401.55
10401.55
10401.55
10401.55
10401.55
9247.94
9247.94
9247.94
9247.94
9247.94
6468.19
6468.19
6468.19
10175.47
10175.47
8144.17
8144.17
8851.89
8851.89
8851.89
8851.89
5485.87
5485.87
8645.25
8645.25
8434.69
8434.69
928.15
928.15
807.02
807.02
5025.45
5025.45
9895.77
9895.77
10841.61
10841.61
11200.14
11200.14
11200.14
11200.14
531.03
531.03
10186.52
10186.52
10186.52
10186.52
8715.13
8715.13
8715.13
8715.13
8715.13
8715.13
8715.13
8715.13
3166.42
3166.42
6303.14
6303.14
6303.14
6303.14
6303.14
6303.14
6303.14
6303.14
6303.14
6303.14
6303.14
6303.14
6303.14
6303.14
4505.44
4505.44
4505.44
4505.44
4505.44
4505.44
4178.90
4178.90
4267.07
4267.07
5838.22
5838.22
739.79
739.79
2773.91
2773.91
2773.91
2773.91
1570.04
1570.04
1991.56
1991.56
1991.56
1991.56
5705.95
5705.95
6291.56
6291.56
187.19
187.19
413.32
413.32
3455.71
3455.71
3455.71
3455.71
6189.21
6189.21
404.94
404.94
6670.00
6670.00
3491.34
3491.34
2384.16
2384.16
865.48
865.48
1878.21
1878.21
1822.75
1822.75
203.95
203.95
2124.77
2124.77
2124.77
2124.77
2124.77
2124.77
2124.77
2124.77
2124.77
2124.77
302.35
302.35
789.44
789.44
866.68
866.68
942.61
942.61
942.61
