# 1Hz Kbps trace generated by import_real_world_traces.py
572.89
1561.01
1561.01
3697.51
3697.51
1148.22
1148.22
17.02
17.02
95.75
95.75
5339.46
5339.46
150.82
150.82
1466.97
1466.97
10.54
10.54
2580.40
2580.40
4372.92
4372.92
156.06
156.06
5665.17
5665.17
118.03
118.03
118.03
40.88
16.98
16.98
13.56
13.56
16.99
16.99
128.47
128.47
3800.03
3800.03
10.00
10.00
152.51
152.51
840.07
840.07
22.00
22.00
783.99
783.99
17.76
17.76
24.84
24.84
24.28
24.28
20.28
20.28
4809.50
4809.50
49.46
49.46
333.41
333.41
333.41
60.88
116.31
116.31
27.50
27.50
68.55
68.55
133.80
133.80
3592.05
3592.05
812.54
812.54
2588.62
2588.62
39.81
39.81
575.48
575.48
13.24
13.24
700.56
700.56
47.74
47.74
33.39
33.39
12.64
12.64
12.64
19.28
19.28
672.51
672.51
10.40
10.40
10.00
10.00
388.93
388.93
406.49
2224.52
2224.52
3160.07
3160.07
777.86
777.86
1337.16
1337.16
27.96
27.96
116.92
116.92
27.49
27.49
840.58
840.58
23.74
23.74
52.26
52.26
144.50
144.50
277.68
277.68
3924.09
3924.09
3924.09
3924.09
26.04
26.04
40.39
40.39
155.10
155.10
889.25
889.25
1480.97
1480.97
198.89
198.89
27.00
27.00
409.71
409.71
41.14
41.14
3409.97
3409.97
3421.57
3421.57
10.34
10.34
737.82
737.82
12.46
12.46
28.18
28.18
10.57
10.57
10.57
11.44
11.44
11.44
11.44
555.07
555.07
10.00
89.28
29.48
41.72
41.72
127.27
127.27
40.26
40.26
40.26
1935.64
1935.64
346.12
45.39
45.39
66.11
66.11
24.93
24.93
3107.21
3107.21
2927.78
2927.78
18.45
18.45
53.90
53.90
35.04
35.04
10.00
10.00
19.57
19.57
17.50
17.50
562.41
562.41
305.70
305.70
407.82
407.82
462.55
462.55
1335.09
1335.09
10.73
10.73
3140.34
3140.34
17.21
17.21
2821.01
2821.01
2471.71
2471.71
2801.11
2801.11
30.19
30.19
34.21
34.21
10.00
10.00
588.76
588.76
3738.32
3738.32
3738.32
2556.83
3473.75
3473.75
10.00
10.00
15.36
15.36
5546.13
5546.13
824.98
824.98
10.00
10.00
50.81
50.81
19.26
19.26
17.36
17.36
5391.67
5391.67
863.63
863.63
478.53
478.53
56.34
56.34
32.71
32.71
80.79
80.79
164.27
164.27
30.21
30.21
312.45
312.45
776.86
776.86
98.68
98.68
98.68
12.36
833.38
833.38
322.49
322.49
48.08
48.08
48.08
10.00
10.00
10.00
13.94
13.94
350.37
90.29
90.29
18.62
18.62
63.15
941.04
941.04
941.04
2358.76
2358.76
934.21
259.12
259.12
3597.57
3597.57
3597.57
355.79
59.86
59.86
1863.26
1863.26
1863.26
17.03
4615.11
4615.11
2071.24
2071.24
2071.24
2897.67
772.43
772.43
3655.44
3655.44
3655.44
4469.45
3393.81
3393.81
3393.81
10.00
2134.54
2134.54
3718.75
3718.75
3718.75
15.16
15.16
56.20
56.20
1604.32
1604.32
2574.62
2574.62
39.28
2854.89
2854.89
2854.89
2236.36
2236.36
2236.36
3054.95
3054.95
3054.95
47.38
5385.83
5385.83
93.84
93.84
93.84
1773.63
3526.44
3526.44
10.21
10.21
10.21
16.83
16.83
351.08
516.32
516.32
516.32
29.23
2226.47
2226.47
4598.11
4598.11
4598.11
714.84
2201.67
2201.67
2201.67
3595.59
3595.59
3595.59
33.42
33.42
33.42
3319.28
3319.28
743.74
77.95
77.95
77.95
2778.01
2778.01
21.45
21.45
201.06
201.06
15.70
15.70
1787.79
3216.86
3216.86
3216.86
4345.56
4345.56
2889.97
2207.23
2207.23
2207.23
12.17
12.17
4969.74
5020.03
5020.03
5020.03
3999.41
3999.41
3999.41
16.18
16.18
16.18
2192.61
2192.61
5827.26
847.86
847.86
847.86
10.00
930.49
930.49
5472.03
5472.03
5472.03
5472.03
5472.03
3050.76
112.19
112.19
112.19
10.00
10.00
48.88
5626.04
5626.04
5626.04
16.90
16.90
10.00
10.00
28.80
28.80
2824.12
2824.12
771.66
29.59
29.59
29.59
10.00
10.00
649.90
649.90
5868.53
5868.53
64.56
64.56
2529.91
2529.91
673.61
673.61
10.00
10.00
154.56
154.56
780.61
780.61
15.20
15.20
771.82
771.82
1990.59
1990.59
26.61
26.61
17.23
17.23
1524.51
1524.51
385.22
385.22
3191.59
3191.59
2576.43
2576.43
2920.53
2920.53
402.03
402.03
2203.73
2203.73
1983.58
1983.58
29.30
29.30
3531.95
3531.95
1609.97
1609.97
568.77
568.77
993.16
993.16
769.85
80.48
80.48
80.48
628.62
628.62
55.73
55.73
247.41
247.41
23.40
23.40
32.26
32.26
36.29
36.29
10.00
10.00
428.17
428.17
4094.00
4094.00
3732.64
3732.64
742.15
742.15
1239.86
1239.86
49.34
49.34
1181.05
1181.05
36.08
36.08
16.55
16.55
301.94
301.94
4099.62
4099.62
771.54
771.54
1628.79
1628.79
2882.71
2882.71
432.88
432.88
2628.52
2628.52
2628.52
2628.52
3756.28
3756.28
1125.92
1125.92
2380.80
2380.80
10.00
10.00
3248.47
3248.47
3024.02
3024.02
12.45
12.45
1533.21
1533.21
1533.21
1533.21
1533.21
1533.21
3769.72
3769.72
10.00
10.00
375.75
375.75
10.00
10.00
3706.15
3706.15
3803.01
3803.01
1051.25
1051.25
2243.86
2243.86
2243.86
2243.86
989.28
989.28
2143.20
2143.20
49.92
49.92
647.19
647.19
1148.39
1148.39
2798.11
2798.11
1553.17
1553.17
1072.04
1072.04
782.02
782.02
1886.40
1886.40
3437.16
3437.16
3249.05
3249.05
3249.05
3249.05
387.36
387.36
2084.54
2084.54
763.64
763.64
3896.20
3896.20
3096.91
3096.91
17.15
17.15
3401.75
3401.75
2821.75
2821.75
1814.11
1814.11
1021.23
1021.23
1553.50
1553.50
248.50
