# 1Hz Kbps trace generated by import_real_world_traces.py
640.86
1840.64
1074.66
4350.10
4350.10
60.49
60.49
5167.79
5167.79
117.73
117.73
1355.63
1355.63
1392.28
1392.28
220.14
220.14
2608.94
2608.94
134.74
134.74
5078.88
5078.88
4818.31
4818.31
5655.90
5655.90
940.17
940.17
5415.21
5415.21
6422.61
6422.61
4447.98
4447.98
4447.98
4447.98
4447.98
4447.98
5682.70
5682.70
5682.70
5682.70
6202.55
6202.55
6349.16
6349.16
233.65
233.65
70.42
70.42
1193.68
1193.68
5501.26
5501.26
941.85
941.85
2945.45
2945.45
85.67
85.67
17.11
17.11
6115.72
6115.72
5052.69
5052.69
5434.17
5434.17
1436.51
1436.51
58.45
58.45
1002.01
1002.01
999.15
999.15
31.91
31.91
1164.91
1164.91
104.41
104.41
4605.68
4605.68
20.46
20.46
4984.15
4984.15
994.11
994.11
1025.17
1025.17
5903.77
5903.77
5729.75
5729.75
5729.75
5729.75
5729.75
5729.75
4899.16
4899.16
4899.16
4899.16
4870.18
4870.18
5380.61
5380.61
5471.20
5471.20
5685.29
5685.29
956.75
956.75
5557.46
5557.46
3728.79
3728.79
104.53
104.53
5319.52
5319.52
4452.32
4452.32
104.23
104.23
5632.34
5632.34
2155.10
2155.10
4959.59
4959.59
20.13
20.13
5423.80
5423.80
4364.22
4364.22
4236.17
4236.17
5629.54
5629.54
5311.45
5311.45
1523.39
1523.39
5520.85
5520.85
5295.22
5295.22
3319.59
3319.59
5503.42
5503.42
5791.13
5791.13
350.44
350.44
137.88
137.88
17.30
17.30
4843.91
4843.91
4740.65
4740.65
2042.15
2042.15
370.11
370.11
5677.00
5677.00
5735.10
5735.10
5024.61
5024.61
1161.47
1161.47
813.55
813.55
5583.27
5583.27
10.00
10.00
38.54
38.54
5874.85
5874.85
13.68
13.68
357.07
357.07
10.00
10.00
992.47
992.47
6115.27
6115.27
2691.35
2691.35
4785.10
4785.10
3930.31
3930.31
38.56
38.56
229.23
229.23
965.04
965.04
3176.00
3176.00
5564.70
5564.70
193.86
193.86
1615.28
1615.28
5969.14
5969.14
2896.06
2896.06
1976.25
1976.25
5324.98
5324.98
5330.10
5330.10
63.69
63.69
5883.46
5883.46
5633.90
5633.90
6200.21
6200.21
5282.03
5282.03
624.82
624.82
2467.01
2467.01
14.05
14.05
5059.03
5059.03
1638.12
1638.12
5676.79
5676.79
2304.74
2304.74
2894.34
2894.34
3099.82
3099.82
979.43
979.43
334.15
334.15
73.82
73.82
3664.15
3664.15
736.85
736.85
5034.53
5034.53
748.31
748.31
947.98
947.98
94.26
94.26
6021.80
6021.80
2013.17
2013.17
76.20
76.20
5410.40
5410.40
5883.99
5883.99
5759.99
5759.99
23.93
23.93
3521.92
3521.92
5750.78
5750.78
143.57
143.57
5188.33
5188.33
2006.32
2006.32
5164.52
5164.52
1372.50
1372.50
3271.78
3271.78
1236.10
1236.10
1615.42
1615.42
5211.21
5211.21
55.87
55.87
5559.37
5559.37
964.37
964.37
2537.63
2537.63
929.27
929.27
929.27
780.62
30.15
30.15
2757.24
2757.24
1324.57
1324.57
2442.44
2442.44
3289.28
3289.28
881.70
881.70
2429.83
2429.83
38.66
38.66
1318.31
1318.31
3927.98
3927.98
931.93
931.93
10.00
10.00
579.04
579.04
3669.37
3669.37
3039.15
3039.15
5722.84
5722.84
10.67
10.67
5677.38
5677.38
4673.16
4673.16
5446.91
5446.91
5086.40
5086.40
5086.40
5086.40
18.26
18.26
823.61
823.61
4577.95
4577.95
50.60
50.60
19.86
19.86
4511.41
4511.41
5381.31
5381.31
5234.80
5234.80
759.18
759.18
5623.02
5623.02
5655.75
5655.75
4055.28
4055.28
5125.62
5125.62
5077.14
5077.14
4571.72
4571.72
27.98
27.98
915.50
915.50
4759.73
4759.73
4377.78
4377.78
4570.52
4570.52
2407.74
2407.74
5087.57
5087.57
5146.45
5146.45
4950.36
4950.36
4828.60
4828.60
2814.57
2814.57
5153.05
5153.05
953.79
953.79
79.56
79.56
5241.00
5241.00
5765.50
5765.50
15.22
15.22
617.96
617.96
5075.04
5075.04
5378.92
5378.92
5367.33
5367.33
5169.99
5169.99
34.24
34.24
3741.36
3741.36
5770.04
5770.04
5210.25
5210.25
2067.52
2067.52
5297.95
5297.95
3216.70
3216.70
5128.37
5128.37
5460.59
5460.59
28.80
28.80
5161.89
5161.89
4852.26
4852.26
5245.23
5245.23
2769.81
2769.81
3520.55
3520.55
3520.55
4824.89
4824.89
4709.34
4709.34
5107.05
5107.05
116.14
116.14
49.68
49.68
632.97
632.97
595.32
595.32
1239.77
1239.77
911.83
911.83
536.74
536.74
847.26
847.26
35.98
35.98
16.03
16.03
2964.47
2964.47
4817.31
4817.31
26.55
26.55
79.65
79.65
722.02
722.02
514.77
514.77
5994.86
5994.86
11.80
11.80
211.49
211.49
859.56
859.56
1697.92
1697.92
4806.84
4806.84
989.85
989.85
97.97
97.97
928.51
928.51
467.90
467.90
24.80
24.80
4950.30
4950.30
2222.62
2222.62
5862.68
5862.68
5787.46
5787.46
950.30
950.30
5738.24
5738.24
2130.57
2130.57
973.53
973.53
52.24
52.24
4815.13
4815.13
5077.29
5077.29
2775.06
2775.06
330.86
330.86
3356.28
3356.28
5560.20
5560.20
5473.17
5473.17
931.39
931.39
5698.55
5698.55
4610.78
4610.78
952.76
952.76
3812.82
3812.82
871.94
871.94
1483.64
1483.64
5928.56
5928.56
3270.02
3270.02
4785.41
4785.41
5038.48
5038.48
3929.91
3929.91
941.12
941.12
5110.54
5110.54
4105.55
4105.55
15.73
15.73
2207.80
2207.80
965.35
965.35
4963.43
4963.43
385.13
385.13
6155.10
6155.10
6359.48
6359.48
994.70
994.70
144.47
144.47
3141.29
3141.29
98.83
98.83
60.61
60.61
1400.37
1400.37
3595.92
3595.92
4813.93
4813.93
1909.64
1909.64
4961.84
4961.84
72.42
72.42
4275.61
4275.61
5845.58
5845.58
5915.21
5915.21
5433.31
5433.31
186.43
186.43
58.51
58.51
852.09
852.09
3380.43
3380.43
920.82
920.82
96.67
96.67
41.09
41.09
33.04
33.04
5219.72
5219.72
40.13
40.13
1636.75
1636.75
4640.92
4640.92
2037.34
2037.34
53.24
53.24
19.58
19.58
10.95
10.95
890.98
890.98
1997.48
1997.48
5841.74
5841.74
733.04
733.04
3135.77
3135.77
1331.37
1331.37
1504.91
1504.91
6003.59
6003.59
3374.73
3374.73
2689.98
2689.98
4240.10
4240.10
5378.03
5378.03
5244.34
5244.34
5576.99
5576.99
4688.37
4688.37
5241.58
5241.58
5302.30
5302.30
5166.15
5166.15
4979.38
4979.38
4841.73
4841.73
3394.51
3394.51
2724.82
2724.82
68.61
68.61
3141.98
3141.98
29.91
29.91
5099.21
5099.21
4977.64
4977.64
128.57
128.57
4673.93
4673.93
48.22
48.22
77.34
77.34
103.02
103.02
5692.22
5692.22
5989.19
5989.19
1039.37
1039.37
4384.90
4384.90
5185.75
5185.75
5108.36
5108.36
80.43
80.43
4372.27
4372.27
146.43
146.43
5577.12
5577.12
27.24
27.24
61.72
61.72
13.17
13.17
5510.18
5510.18
900.80
900.80
2142.73
2142.73
44.94
44.94
77.01
77.01
2847.49
2847.49
4224.95
4224.95
3783.37
3783.37
5547.02
5547.02
1116.61
1116.61
949.72
949.72
12.56
12.56
270.72
270.72
5585.67
5585.67
5207.92
5207.92
154.59
154.59
2777.27
2777.27
1963.10
1963.10
1606.33
1606.33
5050.22
5050.22
59.19
59.19
10.00
10.00
5690.31
5690.31
5907.70
5907.70
5439.64
5439.64
5209.88
5209.88
5847.04
5847.04
1143.06
1143.06
4687.67
4687.67
4079.40
4079.40
709.00
709.00
155.19
155.19
3308.06
3308.06
25.34
25.34
5059.27
5059.27
38.78
38.78
53.86
53.86
6125.34
6125.34
5515.62
5515.62
5186.35
5186.35
2735.79
2735.79
47.62
47.62
898.10
898.10
155.70
155.70
31.57
31.57
297.60
297.60
4206.11
4206.11
1652.76
1652.76
278.16
278.16
20.66
20.66
4869.67
4869.67
704.46
704.46
212.59
212.59
134.24
134.24
65.41
65.41
4742.68
4742.68
3578.40
3578.40
23.32
23.32
5343.50
5343.50
59.27
59.27
2999.52
2999.52
2007.87
2007.87
59.86
59.86
963.25
963.25
160.93
160.93
166.98
166.98
166.98
10.44
27.21
27.21
2002.74
2002.74
2374.20
2374.20
2389.00
2389.00
4944.96
4944.96
180.53
180.53
2560.90
2560.90
4837.77
4837.77
1305.98
1305.98
4624.05
4624.05
4624.05
4624.05
4624.05
4624.05
4624.05
4624.05
4624.05
4624.05
4624.05
4624.05
4624.05
4624.05
4624.05
4808.72
4808.72
4808.72
4808.72
4808.72
4808.72
4808.72
2288.68
2288.68
2288.68
2288.68
4239.47
4239.47
2848.77
2848.77
1677.87
1677.87
4600.98
4600.98
2908.94
2908.94
4680.83
4680.83
5158.86
5158.86
5158.86
5158.86
5063.48
5063.48
912.74
912.74
894.18
894.18
894.18
897.82
897.82
5251.80
5251.80
5397.55
5397.55
635.89
635.89
1528.24
1528.24
1528.24
958.32
958.32
2417.10
2417.10
5287.27
5287.27
5194.33
5194.33
4562.34
4562.34
4562.34
4562.34
2347.77
2347.77
5334.66
5334.66
5334.66
5334.66
5334.66
4581.42
4581.42
4821.07
4821.07
5045.67
5045.67
5016.70
5016.70
67.60
67.60
5370.85
5370.85
5155.01
5155.01
79.42
79.42
79.42
5477.63
5477.63
5477.63
5477.63
5477.63
5477.63
4862.91
4862.91
4862.91
491.53
491.53
5307.80
5307.80
1056.73
1056.73
1056.73
3762.17
3762.17
3762.17
5812.79
20.71
20.71
5452.19
5452.19
4936.80
4936.80
4936.80
45.87
45.87
4859.38
4859.38
5647.22
5647.22
5771.32
5771.32
2678.30
2678.30
2862.92
2862.92
2862.92
2862.92
2862.92
2862.92
2862.92
2862.92
2862.92
20.38
20.38
20.38
20.38
898.20
1057.52
1580.63
1580.63
2337.97
2337.97
2262.96
2262.96
47.45
47.45
2223.70
2223.70
1128.03
1128.03
1128.03
3488.94
3488.94
2312.70
2312.70
2590.24
2590.24
372.54
372.54
4121.24
4121.24
928.35
928.35
5364.30
5364.30
1857.44
1857.44
5720.04
5720.04
26.16
26.16
21.24
21.24
5505.14
5505.14
5651.54
5651.54
6112.90
6112.90
5622.72
5622.72
5697.40
5697.40
1844.01
1844.01
3182.67
3182.67
3182.67
1307.44
1307.44
1307.44
953.08
953.08
4042.00
4042.00
140.74
140.74
30.73
30.73
3445.18
3445.18
3179.09
3179.09
2315.41
2315.41
1061.26
1061.26
21.03
21.03
647.80
647.80
4849.30
4849.30
1135.68
1135.68
516.08
516.08
165.86
165.86
739.35
739.35
739.35
890.65
890.65
38.67
4869.21
4869.21
4869.21
5296.60
5296.60
5825.50
5825.50
4687.90
4687.90
368.79
368.79
39.63
39.63
5397.04
5397.04
4160.55
4160.55
5825.47
5825.47
6161.25
6161.25
1072.85
1072.85
6017.86
6017.86
3605.62
3605.62
5255.91
5255.91
5400.60
5400.60
5774.38
5774.38
5301.14
5301.14
116.69
116.69
3510.19
3510.19
5187.01
5187.01
4979.98
4979.98
2857.00
2857.00
2378.28
2378.28
5699.28
5699.28
1853.06
1853.06
235.32
235.32
3104.49
3104.49
5472.46
5472.46
6219.38
6219.38
5563.22
5563.22
5894.44
5894.44
5464.64
5464.64
129.47
129.47
3717.92
3717.92
4812.45
4812.45
5087.36
5087.36
5087.36
195.93
195.93
108.59
5173.66
5173.66
1436.20
1436.20
57.48
57.48
5284.68
5284.68
49.05
49.05
4966.47
4966.47
4966.47
4966.47
459.28
459.28
5409.60
5409.60
61.42
61.42
2286.55
2286.55
196.79
196.79
4756.12
4756.12
978.85
978.85
2889.34
2889.34
5138.46
5138.46
39.19
39.19
2339.74
2339.74
2339.74
2339.74
2339.74
2339.74
957.07
957.07
4903.66
4903.66
4721.70
4721.70
4881.32
4881.32
5121.15
5121.15
5311.77
5311.77
5553.25
5553.25
3990.39
3990.39
3990.39
3990.39
801.83
801.83
5672.61
5672.61
5225.00
5225.00
949.25
949.25
5243.01
5243.01
5320.38
5320.38
5320.38
5320.38
5262.35
5262.35
5435.91
5435.91
5359.44
5359.44
5512.34
5512.34
5854.68
5854.68
1744.43
1744.43
5376.69
5376.69
5376.69
5376.69
5970.39
5970.39
5970.39
5970.39
925.96
925.96
27.68
27.68
4588.52
4588.52
5095.21
5095.21
5095.21
5095.21
15.90
15.90
163.13
163.13
2179.05
2179.05
213.94
213.94
2670.03
2670.03
5103.09
5103.09
4629.30
4629.30
969.12
969.12
1873.22
1873.22
897.56
897.56
936.88
936.88
2374.90
2374.90
990.12
990.12
231.41
231.41
13.05
13.05
296.30
296.30
1408.38
1408.38
5648.43
5648.43
5137.03
5137.03
960.27
960.27
4819.82
4819.82
1453.11
1453.11
5344.05
5344.05
4429.32
4429.32
46.85
46.85
4848.36
4848.36
2150.97
2150.97
5161.41
5161.41
4867.22
4867.22
5998.72
5998.72
1660.33
1660.33
933.50
933.50
849.22
849.22
15.63
15.63
5251.32
5251.32
4540.59
4540.59
5559.63
5559.63
5622.75
5622.75
5767.72
5767.72
5642.38
5642.38
5180.25
5180.25
5802.95
5802.95
5471.33
5471.33
3676.40
3676.40
5746.71
5746.71
103.79
103.79
4746.76
4746.76
5533.57
5533.57
45.29
45.29
144.89
144.89
54.89
54.89
2836.28
2836.28
85.35
85.35
4119.43
4119.43
3853.36
3853.36
57.16
57.16
3204.77
3204.77
105.17
105.17
5454.59
5454.59
5105.24
5105.24
5827.40
5827.40
622.93
622.93
5567.67
5567.67
3973.11
3973.11
4519.38
4519.38
4927.74
4927.74
5192.59
5192.59
944.64
944.64
4793.53
4793.53
5550.34
5550.34
98.74
98.74
5067.19
5067.19
4902.28
4902.28
5211.15
5211.15
5092.74
5092.74
4603.61
4603.61
5677.41
5677.41
4454.78
4454.78
14.68
14.68
6121.74
6121.74
5415.63
5415.63
5073.36
5073.36
322.70
322.70
275.25
275.25
5280.07
5280.07
15.56
15.56
25.83
25.83
15.63
15.63
138.22
138.22
949.71
949.71
63.74
63.74
4887.67
4887.67
5610.65
5610.65
5461.99
5461.99
20.11
20.11
1416.02
1416.02
1893.60
1893.60
5926.21
5926.21
5651.19
5651.19
5366.83
5366.83
5637.18
5637.18
5258.91
5258.91
5525.06
5525.06
5488.57
5488.57
5434.75
5434.75
1258.47
1258.47
6110.14
6110.14
79.35
79.35
5431.61
5431.61
3315.14
3315.14
5538.67
5538.67
5327.36
5327.36
2787.32
2787.32
5628.95
5628.95
24.46
24.46
5619.30
5619.30
5644.07
5644.07
5675.35
5675.35
5643.88
5643.88
5707.60
5707.60
5599.25
5599.25
4969.82
4969.82
965.10
965.10
569.91
569.91
25.99
25.99
4595.99
4595.99
1198.07
1198.07
5899.39
5899.39
1837.74
1837.74
5686.95
5686.95
2987.99
2987.99
4116.61
4116.61
998.18
998.18
5688.06
5688.06
5844.03
5844.03
5304.44
5304.44
5750.11
5750.11
2492.46
2492.46
4701.00
4701.00
5804.87
5804.87
5473.77
5473.77
4941.95
4941.95
5117.69
5117.69
5358.16
5358.16
5670.39
5670.39
5003.25
5003.25
5122.62
5122.62
5697.59
5697.59
202.44
202.44
987.42
987.42
5772.81
5772.81
1902.64
1902.64
47.85
47.85
5702.70
5702.70
5339.63
5339.63
177.33
177.33
45.20
45.20
5203.92
5203.92
5427.44
5427.44
44.02
44.02
5551.46
5551.46
5648.67
5648.67
5777.22
5777.22
5676.48
5676.48
5837.95
5837.95
5394.66
5394.66
5413.29
5413.29
5639.34
5639.34
5472.93
5472.93
5375.44
5375.44
5963.16
5963.16
5852.17
5852.17
5852.17
5852.17
5419.10
5419.10
5011.04
5011.04
5079.08
5079.08
4172.15
4172.15
5089.61
5089.61
5708.80
5708.80
4735.46
4735.46
5684.60
5684.60
5340.24
5340.24
5525.84
5525.84
6075.51
6075.51
5554.44
5554.44
5902.18
5902.18
4712.71
4712.71
4712.71
4712.71
4712.71
4712.71
4712.71
4712.71
4712.71
4712.71
4712.71
4712.71
4712.71
4712.71
4712.71
4712.71
4712.71
