# 1Hz Kbps trace generated by import_real_world_traces.py
706.19
1484.78
1484.78
47.78
47.78
238.15
238.15
1210.58
1210.58
1210.58
1210.58
1210.58
1210.58
1210.58
1210.58
1210.58
1210.58
1210.58
1210.58
1210.58
1210.58
1210.58
1210.58
1210.58
1210.58
1210.58
1210.58
1210.58
1210.58
1210.58
1210.58
1210.58
1210.58
1210.58
1210.58
1210.58
1210.58
1210.58
1210.58
1210.58
1210.58
1210.58
1210.58
1210.58
1210.58
1210.58
1210.58
1210.58
1210.58
1210.58
1210.58
1210.58
1210.58
1210.58
1210.58
1210.58
1210.58
1210.58
1210.58
1210.58
1210.58
1210.58
1210.58
1210.58
1210.58
1210.58
1210.58
1210.58
1210.58
1210.58
1210.58
1210.58
1210.58
135.81
135.81
135.81
208.02
259.87
259.87
381.90
381.90
21.04
21.04
438.33
438.33
438.33
438.33
422.28
422.28
174.97
174.97
411.97
411.97
77.03
77.03
83.62
83.62
207.95
207.95
173.68
173.68
382.46
382.46
483.50
483.50
91.73
91.73
582.76
582.76
582.76
582.76
582.76
582.76
582.76
651.33
651.33
651.33
667.47
667.47
667.47
667.47
667.47
667.47
667.47
694.57
694.57
694.57
694.57
694.57
694.57
694.57
758.88
758.88
775.45
775.45
816.73
816.73
816.73
62.71
418.42
418.42
857.61
857.61
857.61
857.61
290.06
290.06
290.06
695.80
695.80
695.80
902.51
902.51
902.51
902.51
713.59
713.59
713.59
713.59
713.59
713.59
713.59
932.19
932.19
932.19
932.19
729.30
729.30
729.30
729.30
729.30
729.30
831.98
831.98
831.98
831.98
811.57
811.57
811.57
811.57
816.71
816.71
816.71
816.71
816.71
816.71
899.89
899.89
899.89
899.89
138.38
138.38
497.44
497.44
497.44
497.44
936.37
936.37
936.37
936.37
1037.58
1037.58
44.65
44.65
111.06
111.06
414.61
414.61
414.61
414.61
991.69
991.69
227.33
227.33
903.44
903.44
903.44
903.44
138.05
138.05
1218.64
1218.64
1218.64
1218.64
1218.64
1218.64
1218.64
1218.64
51.87
51.87
1347.88
1347.88
1347.88
1347.88
674.73
674.73
1225.13
1225.13
1398.25
1398.25
1398.25
1398.25
1398.25
1398.25
1447.05
1447.05
1447.05
1447.05
65.17
65.17
508.89
508.89
674.32
674.32
674.32
674.32
674.32
674.32
1693.54
1693.54
1693.54
1693.54
187.21
187.21
521.47
521.47
521.47
521.47
862.53
862.53
862.53
862.53
862.53
862.53
862.53
862.53
862.53
862.53
862.53
862.53
862.53
862.53
862.53
862.53
862.53
862.53
862.53
862.53
862.53
862.53
862.53
862.53
1827.34
1827.34
1827.34
1827.34
1827.34
1827.34
1827.34
1827.34
1827.34
1827.34
1827.34
1827.34
1827.34
1827.34
1827.34
1827.34
1827.34
1827.34
1827.34
1827.34
1827.34
1827.34
1827.34
1827.34
1827.34
1827.34
1827.34
1827.34
1827.34
1827.34
1827.34
1827.34
137.31
137.31
130.33
130.33
33.58
33.58
120.89
120.89
120.89
120.89
120.89
90.87
212.09
212.09
288.67
288.67
316.61
316.61
384.59
384.59
85.16
85.16
87.87
87.87
127.62
127.62
127.62
250.63
250.93
250.93
589.77
589.77
589.77
589.77
625.62
625.62
625.62
625.62
691.40
691.40
691.40
691.40
764.21
764.21
810.03
810.03
696.03
696.03
732.21
732.21
732.21
732.21
732.21
732.21
753.12
753.12
753.12
753.12
725.59
725.59
725.59
725.59
725.59
70.83
162.15
162.15
325.65
325.65
152.72
152.72
291.53
291.53
265.08
265.08
387.76
387.76
108.57
108.57
849.86
849.86
150.64
150.64
819.35
819.35
819.35
819.35
819.35
819.35
958.85
958.85
958.85
958.85
957.54
957.54
957.54
957.54
519.61
519.61
519.61
519.61
519.61
519.61
137.27
137.27
215.78
215.78
215.78
166.03
216.19
216.19
216.19
250.02
250.02
319.01
319.01
319.01
319.01
434.02
434.02
515.65
515.65
652.62
652.62
46.79
46.79
746.32
746.32
646.68
646.68
667.61
667.61
676.00
676.00
676.00
757.56
757.56
757.56
934.34
934.34
228.33
228.33
964.70
964.70
1136.26
1136.26
133.03
133.03
131.95
131.95
362.96
362.96
939.29
939.29
939.29
939.29
1121.28
1121.28
1121.28
1121.28
1134.35
1134.35
823.19
823.19
1446.09
1446.09
1446.09
1446.09
1446.09
1446.09
1446.09
1446.09
1446.09
1446.09
1446.09
1446.09
111.45
111.45
273.60
273.60
663.73
663.73
663.73
663.73
663.73
663.73
663.73
663.73
663.73
663.73
663.73
663.73
663.73
663.73
663.73
663.73
663.73
663.73
663.73
663.73
664.45
664.45
664.45
664.45
664.45
664.45
123.93
123.93
762.94
762.94
762.94
762.94
597.57
597.57
162.66
162.66
248.06
248.06
861.18
861.18
861.18
861.18
1120.98
1120.98
1120.98
1120.98
1120.98
1120.98
1120.98
1120.98
1120.98
1120.98
1120.98
1120.98
1120.98
1120.98
1120.98
1120.98
1120.98
1120.98
1120.98
1120.98
1120.98
1120.98
1120.98
1120.98
1120.98
1120.98
1293.80
1293.80
1293.80
1293.80
111.19
111.19
110.04
110.04
122.51
122.51
176.26
176.26
158.43
158.43
10.00
10.00
51.35
51.35
180.22
180.22
66.34
66.34
157.14
157.14
262.15
262.15
70.09
70.09
60.08
60.08
49.99
49.99
246.91
246.91
348.09
348.09
492.60
492.60
442.47
442.47
442.47
442.47
634.60
634.60
634.60
634.60
634.60
634.60
582.28
582.28
582.28
582.28
571.53
571.53
571.53
571.53
622.52
622.52
291.65
291.65
619.69
619.69
750.25
750.25
750.25
750.25
310.55
310.55
382.90
382.90
76.88
76.88
272.96
272.96
272.96
272.96
732.56
732.56
732.56
732.56
690.31
690.31
40.28
40.28
216.75
216.75
780.07
780.07
780.07
780.07
784.81
784.81
784.81
784.81
784.81
784.81
829.84
829.84
10.83
10.83
31.11
31.11
10.00
10.00
839.98
839.98
839.98
839.98
62.86
62.86
923.70
923.70
923.70
923.70
116.11
116.11
184.44
184.44
367.12
367.12
334.95
334.95
334.95
334.95
146.17
146.17
294.75
294.75
294.75
72.27
369.88
369.88
314.45
314.45
468.76
468.76
517.89
517.89
127.88
127.88
42.57
42.57
612.87
612.87
667.16
667.16
667.16
667.16
118.26
118.26
362.29
362.29
109.63
109.63
357.99
357.99
652.35
652.35
562.11
562.11
562.11
562.11
38.23
38.23
38.23
291.19
760.80
760.80
760.80
760.80
760.80
760.80
301.62
301.62
301.62
301.62
225.58
225.58
225.58
235.07
616.35
616.35
616.35
119.64
290.20
290.20
779.86
779.86
779.86
143.45
764.79
764.79
764.79
764.79
764.79
764.79
790.32
790.32
586.19
586.19
372.91
372.91
837.75
837.75
837.75
837.75
878.25
878.25
878.25
878.25
834.93
834.93
834.93
834.93
713.25
713.25
713.25
713.25
19.10
19.10
1028.00
1028.00
1028.00
1028.00
935.25
935.25
935.25
935.25
278.89
278.89
951.63
951.63
951.63
951.63
52.50
52.50
472.00
472.00
872.14
872.14
872.14
872.14
872.14
872.14
960.29
960.29
960.29
960.29
960.29
960.29
10.00
10.00
10.00
180.31
349.19
349.19
349.19
349.19
897.29
897.29
897.29
897.29
11.82
11.82
418.29
418.29
418.29
774.42
774.42
774.42
849.86
849.86
849.86
850.86
850.86
10.00
10.00
111.13
111.13
589.49
589.49
48.30
48.30
832.58
832.58
123.76
747.54
747.54
747.54
34.64
34.64
477.95
477.95
117.36
117.36
384.74
384.74
69.23
69.23
122.14
122.14
248.46
248.46
56.95
56.95
293.21
293.21
206.27
206.27
22.28
22.28
385.05
385.05
358.56
358.56
65.43
65.43
157.55
157.55
210.14
210.14
295.84
295.84
24.37
24.37
24.37
92.24
106.83
106.83
96.27
96.27
104.56
104.56
62.98
62.98
186.71
186.71
115.19
115.19
197.48
197.48
205.73
205.73
198.72
198.72
310.66
310.66
310.66
310.66
310.66
310.66
398.28
398.28
398.28
398.28
451.03
451.03
451.03
451.03
86.99
86.99
235.41
235.41
43.61
43.61
673.24
673.24
644.63
644.63
589.59
589.59
589.59
589.59
628.67
628.67
215.81
215.81
657.27
657.27
793.05
793.05
793.05
793.05
772.29
772.29
818.89
818.89
791.82
791.82
805.81
805.81
805.81
805.81
854.60
854.60
854.60
854.60
854.60
854.60
723.46
723.46
723.46
723.46
908.62
908.62
398.88
398.88
764.59
764.59
764.59
764.59
764.59
764.59
837.00
837.00
850.69
850.69
942.53
942.53
942.53
942.53
880.04
880.04
78.13
78.13
960.72
960.72
168.61
168.61
472.34
472.34
916.93
916.93
916.93
916.93
156.61
156.61
940.54
940.54
940.54
940.54
870.36
870.36
870.36
870.36
870.36
870.36
28.99
28.99
281.51
281.51
37.87
37.87
281.31
281.31
795.69
795.69
795.69
795.69
795.69
795.69
795.69
795.69
795.69
795.69
218.96
218.96
275.27
275.27
275.27
275.27
992.18
992.18
992.18
992.18
995.91
995.91
995.91
995.91
995.91
995.91
42.32
42.32
327.33
327.33
983.59
983.59
983.59
983.59
268.70
268.70
268.70
306.09
306.09
306.09
306.09
1024.26
1024.26
30.79
30.79
122.65
122.65
122.65
122.65
983.98
983.98
983.98
983.98
983.98
983.98
946.33
946.33
946.33
946.33
1027.32
1027.32
1027.32
1027.32
1027.32
1027.32
369.48
369.48
369.48
369.48
983.24
983.24
983.24
983.24
901.78
901.78
901.78
901.78
901.78
901.78
851.12
851.12
851.12
851.12
937.34
937.34
937.34
937.34
937.34
937.34
1071.03
1071.03
1071.03
1071.03
1024.65
1024.65
1031.40
1031.40
1106.54
1106.54
1106.54
1106.54
128.48
128.48
955.87
955.87
955.87
955.87
131.60
131.60
145.47
145.47
921.03
921.03
921.03
921.03
921.03
921.03
1009.49
1009.49
1009.49
1009.49
121.29
121.29
259.92
259.92
259.92
259.92
955.43
955.43
955.43
955.43
72.24
72.24
10.00
10.00
344.56
344.56
344.56
344.56
344.56
344.56
151.26
151.26
151.26
255.78
59.43
59.43
59.43
97.88
745.16
745.16
400.65
400.65
352.89
352.89
116.67
116.67
286.80
286.80
1002.98
1002.98
1002.98
1002.98
1002.98
1002.98
113.54
113.54
519.29
519.29
1031.19
1031.19
1031.19
1031.19
1031.19
1031.19
1031.19
1031.19
1031.19
1031.19
1031.19
1031.19
1031.19
1031.19
1031.19
1031.19
1136.45
1136.45
1136.45
1136.45
342.12
342.12
459.74
459.74
1715.45
1715.45
1715.45
1715.45
1715.45
1715.45
1776.82
1776.82
1776.82
1776.82
1776.82
1776.82
1776.82
1776.82
1776.82
1776.82
1776.82
1776.82
1776.82
1776.82
368.12
368.12
368.12
368.12
66.06
66.06
130.14
130.14
364.41
364.41
437.57
437.57
178.93
178.93
40.26
40.26
361.07
361.07
361.07
161.31
604.84
604.84
604.84
604.84
87.14
87.14
140.44
140.44
140.44
550.23
550.23
550.23
550.23
147.13
147.13
61.64
61.64
41.72
41.72
498.42
498.42
498.42
498.42
146.80
146.80
204.62
204.62
744.97
744.97
772.13
772.13
57.63
57.63
30.77
30.77
304.66
304.66
10.00
10.00
822.33
822.33
510.80
510.80
793.75
793.75
612.33
612.33
218.05
218.05
218.05
218.05
316.55
316.55
13.16
13.16
99.29
99.29
760.31
760.31
760.31
760.31
760.31
760.31
735.14
735.14
576.66
576.66
867.23
867.23
814.45
842.85
842.85
842.85
809.92
809.92
39.38
39.38
900.15
900.15
900.15
900.15
779.65
779.65
779.65
779.65
779.65
779.65
903.01
903.01
903.01
903.01
836.92
836.92
836.92
836.92
836.92
836.92
861.75
861.75
861.75
861.75
149.29
149.29
192.31
192.31
94.34
94.34
306.34
306.34
40.52
40.52
241.23
241.23
59.22
59.22
147.95
147.95
281.08
281.08
165.52
165.52
208.61
208.61
149.66
149.66
289.21
289.21
262.38
262.38
343.32
343.32
418.18
418.18
360.89
360.89
546.73
546.73
480.92
480.92
595.94
595.94
595.94
595.94
202.84
202.84
658.82
658.82
658.82
658.82
222.09
222.09
677.56
677.56
12.60
12.60
129.47
129.47
444.09
444.09
161.37
161.37
161.37
161.37
186.22
186.22
71.00
71.00
305.15
305.15
328.18
328.18
341.64
341.64
77.60
77.60
265.87
265.87
657.81
657.81
714.12
714.12
117.33
117.33
65.15
65.15
65.15
65.15
724.31
724.31
724.31
724.31
763.03
763.03
763.03
763.03
763.03
763.03
864.53
864.53
864.53
864.53
886.67
886.67
886.67
886.67
886.67
886.67
876.70
876.70
876.70
876.70
1007.56
1007.56
1007.56
1007.56
992.53
992.53
992.53
992.53
992.53
992.53
979.84
979.84
979.84
979.84
714.83
714.83
714.83
714.83
714.83
714.83
831.20
831.20
831.20
831.20
987.55
987.55
987.55
987.55
987.55
987.55
1040.07
1040.07
901.60
901.60
1039.77
1039.77
1039.77
1039.77
966.50
966.50
966.50
966.50
997.35
997.35
997.35
997.35
997.35
997.35
997.35
1033.18
1033.18
1033.18
38.96
38.96
332.09
332.09
332.09
332.09
956.99
956.99
956.99
956.99
1008.72
1008.72
1008.72
1008.72
1008.72
1008.72
1008.72
1008.72
1008.72
1008.72
1020.40
1020.40
1020.40
1020.40
1030.28
1030.28
1030.28
1030.28
1030.28
1030.28
961.37
961.37
961.37
961.37
985.55
985.55
985.55
985.55
745.26
745.26
745.26
745.26
745.26
745.26
999.07
999.07
999.07
999.07
89.92
89.92
370.27
370.27
433.26
433.26
911.44
911.44
911.44
911.44
976.52
976.52
976.52
976.52
976.52
976.52
901.84
901.84
901.84
901.84
54.61
54.61
265.32
265.32
208.96
208.96
257.50
257.50
375.34
375.34
309.46
309.46
309.46
315.97
367.40
367.40
367.81
367.81
373.26
373.26
491.77
491.77
491.77
491.77
529.59
529.59
512.40
512.40
576.23
576.23
576.23
576.23
576.23
551.64
551.64
746.38
31.64
31.64
796.12
796.12
1062.00
1062.00
841.51
841.51
841.51
841.51
83.01
83.01
1057.89
1057.89
1057.89
1057.89
975.64
975.64
975.64
975.64
975.64
975.64
968.43
968.43
968.43
968.43
968.43
968.43
968.43
968.43
1044.36
1044.36
1044.36
1044.36
1044.36
1044.36
851.17
851.17
22.25
22.25
927.66
927.66
927.66
927.66
927.66
927.66
927.66
1003.66
1003.66
1003.66
977.10
977.10
977.10
977.10
1007.75
1007.75
1007.75
1007.75
10.00
10.00
1036.77
1036.77
1036.77
1036.77
1033.58
1033.58
1033.58
1033.58
1033.58
1033.58
1033.58
1154.74
1154.74
1154.74
1154.74
980.24
980.24
55.95
1099.11
1099.11
1099.11
1099.11
1099.11
1099.11
1099.11
90.58
90.58
176.45
176.45
151.07
151.07
331.57
331.57
331.57
331.57
591.59
591.59
591.59
591.59
854.77
854.77
854.77
854.77
856.08
856.08
856.08
856.08
856.08
856.08
244.33
244.33
244.33
244.33
17.86
17.86
175.19
175.19
189.22
189.22
1108.53
1108.53
127.94
127.94
610.02
610.02
178.90
178.90
105.36
105.36
153.93
153.93
472.60
472.60
1062.42
1062.42
1062.42
1062.42
1063.98
1063.98
124.76
124.76
402.98
402.98
1138.60
1138.60
1138.60
1138.60
1141.29
1141.29
59.20
59.20
1123.40
1123.40
1123.40
1123.40
988.67
988.67
1180.31
1180.31
1156.93
1156.93
1147.56
1147.56
1147.56
1147.56
1147.56
1147.56
110.13
110.13
532.26
532.26
593.05
593.05
593.05
593.05
1101.38
1101.38
37.33
37.33
261.81
261.81
193.87
193.87
268.23
268.23
1102.67
1102.67
1102.67
1102.67
1102.67
1102.67
12.82
12.82
323.86
323.86
626.51
626.51
626.51
626.51
626.51
626.51
626.51
626.51
626.51
626.51
626.51
626.51
626.51
626.51
631.63
631.63
631.63
631.63
631.63
631.63
1107.74
1107.74
1107.74
1107.74
1121.38
1121.38
1121.38
1121.38
1160.66
1160.66
1160.66
1160.66
1160.66
1160.66
21.30
21.30
346.93
346.93
57.63
57.63
265.50
265.50
107.84
107.84
462.19
462.19
462.19
462.19
1108.71
1108.71
1108.71
1108.71
1001.71
1001.71
1001.71
1001.71
1001.71
1001.71
1120.79
1120.79
1120.79
1120.79
967.03
967.03
967.03
967.03
967.03
967.03
1154.03
1154.03
1154.03
1154.03
1154.03
1154.03
1154.03
1154.03
911.28
911.28
34.93
34.93
400.09
400.09
400.09
658.36
658.36
658.36
64.89
64.89
204.97
204.97
266.98
266.98
241.54
241.54
237.97
237.97
395.26
395.26
390.93
390.93
194.21
194.21
194.21
204.99
249.72
249.72
66.41
66.41
224.72
224.72
466.31
466.31
466.31
466.31
466.31
466.31
640.15
640.15
640.15
640.15
611.26
611.26
611.26
611.26
53.64
53.64
186.69
186.69
336.09
336.09
593.89
593.89
593.89
593.89
282.77
282.77
282.77
282.77
282.77
282.77
746.10
746.10
1187.51
1187.51
906.57
906.57
906.57
906.57
906.57
906.57
2163.54
2163.54
749.97
749.97
3275.41
3275.41
3275.41
3275.41
3275.41
3275.41
3275.41
3275.41
3275.41
3275.41
3275.41
3275.41
3275.41
3275.41
3275.41
3275.41
3275.41
3275.41
2395.78
2395.78
1315.91
1315.91
2998.03
2998.03
3152.91
3152.91
3278.89
3278.89
3278.89
3278.89
3278.89
3278.89
3278.89
3278.89
3278.89
3278.89
3278.89
3278.89
3278.89
3278.89
3278.89
3278.89
3278.89
3278.89
3278.89
3278.89
3278.89
3278.89
3278.89
3278.89
3278.89
3278.89
3278.89
3278.89
3278.89
3278.89
3278.89
3278.89
3278.89
3278.89
3278.89
3278.89
3278.89
3278.89
3278.89
3278.89
3278.89
3278.89
68.47
68.47
67.66
67.66
162.56
162.56
379.74
379.74
577.01
577.01
577.01
577.01
577.01
577.01
87.16
87.16
721.25
721.25
786.48
786.48
786.48
786.48
786.48
820.60
820.60
820.60
820.60
820.60
820.60
816.59
816.59
816.59
816.59
747.36
747.36
747.36
908.10
908.10
908.10
908.10
908.10
908.10
908.10
156.44
156.44
234.00
234.00
880.82
880.82
10.56
10.56
194.78
194.78
218.12
218.12
389.18
389.18
817.06
817.06
817.06
964.56
964.56
964.56
964.56
964.56
964.56
964.56
918.42
918.42
918.42
918.42
941.67
941.67
145.89
145.89
407.04
407.04
824.96
824.96
824.96
824.96
846.75
846.75
846.75
846.75
850.96
850.96
850.96
850.96
850.96
850.96
777.25
777.25
13.71
13.71
918.19
918.19
65.30
65.30
467.37
467.37
123.39
123.39
227.32
227.32
923.15
923.15
923.15
923.15
193.74
193.74
197.39
197.39
237.54
237.54
795.44
795.44
795.44
795.44
930.23
930.23
930.23
930.23
857.72
857.72
199.62
199.62
170.19
170.19
640.14
640.14
640.14
640.14
640.14
640.14
290.37
290.37
843.98
843.98
849.59
849.59
139.16
139.16
1028.24
1028.24
13.05
13.05
360.86
360.86
1095.53
1095.53
70.78
70.78
1054.66
1054.66
1054.66
1054.66
1061.17
1061.17
1061.17
1061.17
1061.17
1061.17
152.00
152.00
319.84
319.84
922.45
922.45
922.45
922.45
922.45
922.45
922.45
922.45
22.99
22.99
906.90
906.90
906.90
906.90
890.11
890.11
890.11
890.11
890.11
890.11
890.11
890.11
890.11
890.11
818.21
818.21
818.21
818.21
818.21
818.21
865.70
865.70
865.70
865.70
843.97
843.97
843.97
843.97
1167.07
1167.07
1878.18
1878.18
1878.18
1878.18
1878.18
158.02
459.20
459.20
123.30
123.30
331.94
331.94
331.94
331.94
969.12
969.12
969.12
969.12
66.82
66.82
114.18
114.18
139.53
139.53
134.78
134.78
83.61
83.61
64.93
64.93
95.70
95.70
334.90
334.90
334.90
334.90
174.36
174.36
217.94
217.94
84.52
84.52
391.84
391.84
391.84
391.84
41.54
41.54
235.75
235.75
296.22
296.22
589.41
589.41
589.41
589.41
589.41
609.26
56.70
56.70
683.18
683.18
778.10
778.10
778.10
778.10
778.10
827.65
827.65
827.65
760.67
760.67
760.67
779.64
779.64
779.64
794.18
794.18
794.18
794.18
896.91
896.91
896.91
896.91
857.98
857.98
857.98
857.98
857.98
857.98
829.68
829.68
829.68
829.68
171.98
171.98
171.98
171.98
171.98
171.98
904.43
904.43
904.43
904.43
969.87
969.87
969.87
969.87
969.87
73.22
866.57
866.57
1000.02
1000.02
1080.26
1080.26
1080.26
1080.26
1020.54
1020.54
1020.54
1020.54
786.46
786.46
1114.65
1114.65
1114.65
1114.65
140.55
140.55
280.58
280.58
1080.22
1080.22
1080.22
1033.78
1033.78
1033.78
1033.78
11.85
515.85
515.85
216.75
216.75
216.75
216.75
333.91
333.91
1070.36
1070.36
2203.29
2203.29
2203.29
2203.29
229.39
229.39
10.00
10.00
852.92
852.92
852.92
2471.92
2471.92
3088.92
3088.92
1488.69
1488.69
1488.69
1488.69
1488.69
1488.69
1538.80
1538.80
1538.80
1538.80
1538.80
1538.80
1538.80
1538.80
1538.80
1538.80
1538.80
1538.80
1538.80
1538.80
1538.80
1538.80
1538.80
1538.80
1538.80
1538.80
1538.80
1538.80
3319.25
3319.25
3319.25
3319.25
247.20
247.20
3405.38
3405.38
3405.38
3405.38
3405.38
3405.38
3405.38
3405.38
53.10
53.10
162.20
162.20
886.79
886.79
1715.19
1715.19
1715.19
1715.19
1715.19
1715.19
1715.19
1715.19
1715.19
1715.19
1715.19
1715.19
200.97
200.97
349.11
349.11
337.29
337.29
400.41
400.41
400.41
400.41
71.34
71.34
103.50
103.50
379.75
379.75
621.51
621.51
637.60
637.60
637.60
49.22
207.68
207.68
539.34
539.34
635.11
635.11
771.31
771.31
856.06
856.06
856.06
920.12
136.06
136.06
449.82
449.82
297.12
297.12
1050.67
1050.67
62.38
62.38
61.23
61.23
532.88
532.88
1076.71
1076.71
1076.71
1076.71
112.10
112.10
112.10
112.10
303.86
303.86
611.51
611.51
611.51
611.51
1018.12
1018.12
1018.12
1018.12
1018.12
1018.12
979.38
979.38
979.38
979.38
1074.49
1074.49
1074.49
1074.49
1060.29
1060.29
1079.57
1079.57
10.00
10.00
32.76
32.76
536.30
536.30
1124.95
1124.95
1124.95
1124.95
208.30
208.30
208.30
109.70
525.77
525.77
148.12
148.12
169.03
169.03
169.03
11.66
659.63
659.63
659.63
659.63
659.63
1166.77
1088.70
1088.70
612.27
612.27
1300.57
1300.57
1300.57
1300.57
714.01
714.01
1265.69
1265.69
10.00
10.00
10.00
10.00
1450.86
1450.86
1450.86
1450.86
1450.86
1450.86
662.18
662.18
662.18
662.18
187.89
187.89
318.94
318.94
401.36
401.36
489.77
489.77
489.77
489.77
621.22
621.22
597.35
597.35
632.66
632.66
632.66
632.66
632.66
632.66
111.05
111.05
700.10
700.10
813.17
813.17
813.17
919.46
638.48
638.48
1000.07
1000.07
1000.07
1000.07
1000.07
1000.07
1000.07
1000.07
1000.07
1000.07
1000.07
1000.07
1000.07
38.09
38.09
59.02
59.02
76.83
76.83
143.18
143.18
103.42
103.42
178.41
178.41
288.40
288.40
288.40
288.40
313.23
313.23
313.23
313.23
479.58
479.58
479.58
479.58
479.58
479.58
644.70
644.70
644.70
644.70
620.99
620.99
620.99
620.99
188.93
188.93
188.93
223.55
309.43
309.43
10.00
10.00
11.03
11.03
118.08
118.08
171.02
171.02
189.70
189.70
836.77
836.77
836.77
836.77
854.26
854.26
854.26
854.26
811.47
811.47
811.47
811.47
854.59
854.59
854.59
175.45
295.95
295.95
869.25
869.25
869.25
869.25
869.25
869.25
869.25
895.88
895.88
895.88
864.50
864.50
864.50
864.50
864.50
864.50
897.70
897.70
897.70
897.70
73.47
73.47
10.54
10.54
10.54
864.89
864.89
864.89
864.89
864.89
864.89
890.62
890.62
890.62
958.59
958.59
958.59
958.59
958.59
958.59
958.59
958.59
958.59
958.59
263.94
263.94
359.69
359.69
359.69
720.32
720.32
720.32
124.51
124.51
699.48
699.48
699.48
699.48
741.36
741.36
741.36
741.36
741.36
741.36
134.57
134.57
151.80
151.80
628.62
628.62
628.62
628.62
780.33
780.33
780.33
780.33
42.70
42.70
66.81
66.81
68.60
68.60
107.34
107.34
975.64
975.64
550.40
550.40
550.40
550.40
550.40
550.40
558.21
558.21
558.21
558.21
943.21
943.21
943.21
114.29
448.73
448.73
926.88
926.88
76.90
76.90
1010.30
1010.30
1010.30
10.00
121.22
121.22
197.75
197.75
379.24
379.24
906.03
906.03
906.03
906.03
75.56
75.56
255.13
255.13
418.36
418.36
1042.93
1042.93
998.21
998.21
171.66
171.66
1141.97
1141.97
1066.78
1066.78
1066.78
1066.78
1066.78
1066.78
188.46
188.46
10.00
10.00
1036.90
1036.90
1036.90
1036.90
1036.90
1036.90
210.16
210.16
304.29
304.29
304.29
850.89
850.89
850.89
850.89
1030.24
21.79
21.79
40.20
40.20
40.20
984.90
984.90
984.90
185.73
185.73
862.26
862.26
862.26
862.26
988.69
988.69
988.69
988.69
988.69
834.45
834.45
834.45
782.60
782.60
782.60
782.60
782.60
782.60
782.60
876.67
114.20
114.20
1121.64
1121.64
1121.64
1121.64
1250.43
1250.43
1250.43
1250.43
1372.22
1372.22
1372.22
764.48
764.48
1189.79
1189.79
655.33
655.33
655.33
655.33
655.33
655.33
656.33
656.33
656.33
656.33
1349.08
1349.08
1178.04
1178.04
1178.04
1178.04
1178.04
1178.04
1178.04
1178.04
1178.04
325.10
1149.12
1149.12
2942.58
2942.58
2942.58
2942.58
46.17
46.17
1160.61
1160.61
1160.61
1160.61
969.08
969.08
969.08
969.08
969.08
969.08
969.08
969.08
969.08
969.08
969.08
969.08
969.08
969.08
969.08
969.08
969.08
969.08
969.08
969.08
969.08
969.08
3925.19
3925.19
3925.19
3925.19
3925.19
3925.19
3925.19
3925.19
3925.19
3925.19
3925.19
3925.19
3925.19
3925.19
3925.19
3925.19
3925.19
3925.19
3925.19
3925.19
3978.43
3978.43
4341.22
4341.22
49.07
49.07
996.54
996.54
121.98
121.98
803.32
803.32
10.00
10.00
663.25
663.25
39.73
39.73
109.34
109.34
17.57
17.57
301.88
301.88
10.00
10.00
154.93
154.93
166.01
166.01
442.50
442.50
511.99
511.99
51.10
51.10
51.10
44.15
330.92
330.92
669.50
669.50
720.94
720.94
760.94
760.94
866.13
866.13
150.44
150.44
974.99
974.99
974.99
974.99
999.21
999.21
96.13
96.13
548.13
548.13
1239.43
1239.43
1239.43
1239.43
1150.96
1150.96
1150.96
1150.96
1098.13
1098.13
1098.13
1098.13
1133.00
1133.00
1133.00
959.55
959.55
959.55
1088.21
1088.21
1088.21
1088.21
1088.21
1088.21
1256.41
1256.41
1163.22
1163.22
1302.84
1302.84
1302.84
1302.84
1302.84
1302.84
1302.84
1302.84
1302.84
1302.84
69.35
69.35
78.11
78.11
93.84
93.84
177.58
177.58
32.44
32.44
218.57
218.57
225.97
225.97
285.72
285.72
349.07
349.07
349.07
244.73
495.10
495.10
472.96
472.96
472.96
590.78
51.16
51.16
330.87
330.87
78.36
78.36
622.36
622.36
404.50
404.50
616.06
616.06
271.70
271.70
564.25
564.25
226.82
226.82
672.96
672.96
571.34
571.34
74.79
74.79
161.16
161.16
699.28
699.28
676.56
676.56
222.30
222.30
243.64
243.64
232.82
232.82
866.86
866.86
1038.54
1038.54
1095.39
1095.39
230.56
230.56
80.63
80.63
1146.23
1146.23
1256.38
1256.38
35.04
35.04
641.61
641.61
641.61
687.73
1610.87
1610.87
1610.87
1610.87
19.09
19.09
335.10
335.10
696.14
696.14
696.14
696.14
696.14
696.14
696.14
696.17
696.17
696.17
696.17
1862.30
1862.30
963.03
963.03
963.03
963.03
397.04
397.04
10.00
10.00
887.64
887.64
1339.46
1339.46
1339.46
1339.46
1339.46
1339.46
1339.46
1339.46
1339.46
1339.46
1339.46
1339.46
175.77
175.77
175.77
622.24
622.24
622.24
622.24
622.24
622.24
622.24
823.46
823.46
823.46
823.46
823.46
823.46
823.46
823.46
823.46
823.46
34.88
34.88
35.33
35.33
41.05
41.05
57.78
57.78
80.74
80.74
216.69
216.69
234.89
234.89
89.06
89.06
149.69
149.69
238.64
238.64
330.93
330.93
330.93
342.30
320.97
320.97
411.38
411.38
402.70
402.70
399.71
399.71
525.07
525.07
525.07
525.07
525.07
525.07
689.90
689.90
791.75
791.75
904.80
904.80
933.52
933.52
105.06
105.06
317.22
317.22
317.22
317.22
557.44
557.44
557.44
557.44
557.44
557.44
995.43
995.43
995.43
995.43
19.22
19.22
170.50
170.50
849.61
849.61
849.61
849.61
849.61
849.61
78.01
78.01
163.16
163.16
39.22
39.22
1322.41
1322.41
550.95
550.95
550.95
550.95
550.95
550.95
807.22
807.22
807.22
807.22
807.22
807.22
807.22
807.22
807.22
807.22
849.52
849.52
849.52
849.52
849.52
849.52
849.52
849.52
14.38
14.38
14.38
39.23
39.23
116.47
343.81
343.81
129.53
129.53
504.92
504.92
30.94
30.94
486.64
486.64
653.52
653.52
92.61
92.61
92.61
685.93
186.10
186.10
783.22
783.22
754.35
754.35
754.35
754.35
754.35
754.35
754.35
754.35
57.45
57.45
361.54
361.54
361.54
361.54
80.35
80.35
10.00
10.00
818.33
818.33
818.33
818.33
876.75
876.75
780.54
780.54
75.07
75.07
239.62
239.62
11.77
11.77
146.01
146.01
44.39
44.39
253.49
253.49
386.29
386.29
429.07
429.07
473.47
473.47
473.47
473.47
473.47
473.47
625.61
625.61
625.61
625.61
520.89
520.89
520.89
520.89
188.47
188.47
637.04
637.04
637.04
637.04
651.93
651.93
651.93
651.93
606.41
606.41
606.41
606.41
587.86
587.86
587.86
587.86
587.86
587.86
101.80
101.80
443.04
443.04
734.54
734.54
734.54
734.54
140.51
140.51
861.63
861.63
899.48
899.48
898.41
898.41
1081.60
1081.60
1081.60
1081.60
968.36
968.36
1035.81
1035.81
1081.65
1081.65
1081.65
1081.65
1081.65
1081.65
1081.65
1081.65
1081.65
1081.65
237.66
237.66
371.01
371.01
136.10
136.10
195.22
195.22
443.44
443.44
443.44
669.68
620.99
620.99
723.98
723.98
723.98
723.98
770.21
770.21
859.35
859.35
859.35
25.73
317.80
317.80
317.80
317.80
908.67
908.67
908.67
908.67
902.88
902.88
10.00
10.00
29.18
29.18
169.69
169.69
169.69
169.69
832.65
832.65
910.43
910.43
953.00
953.00
878.25
878.25
1106.75
1106.75
234.93
234.93
546.80
546.80
1049.71
1049.71
1049.71
1049.71
1049.71
1049.71
1146.81
1146.81
1146.81
1146.81
1146.81
754.33
754.33
754.33
754.33
754.33
784.83
784.83
784.83
784.83
784.83
784.83
784.83
784.83
1120.65
1120.65
1120.65
1120.65
1120.65
1120.65
1194.19
1194.19
1194.19
1194.19
1079.55
1079.55
1079.55
1079.55
1079.55
1079.55
1313.66
1313.66
1313.66
1313.66
1313.66
1313.66
1313.66
1313.66
118.80
118.80
272.03
272.03
272.03
272.03
638.51
638.51
638.51
638.51
639.97
639.97
639.97
77.25
77.25
116.37
116.37
233.07
233.07
233.07
233.07
206.22
206.22
144.39
144.39
361.16
361.16
10.00
10.00
245.00
245.00
562.94
562.94
29.75
29.75
637.69
637.69
796.38
777.21
777.21
777.21
777.21
777.21
777.21
777.21
582.12
582.12
582.12
582.12
878.04
878.04
819.58
819.58
706.58
706.58
583.00
583.00
583.00
583.00
723.47
723.47
17.32
864.32
864.32
864.32
864.32
864.32
864.32
864.32
864.32
864.32
59.67
59.67
571.15
571.15
571.15
571.15
571.15
571.15
1027.68
1027.68
1027.68
1027.68
954.17
954.17
954.17
954.17
992.98
992.98
992.98
992.98
992.98
992.98
854.68
854.68
189.09
189.09
949.75
949.75
949.75
949.75
41.10
41.10
933.28
933.28
146.64
146.64
957.41
957.41
957.41
957.41
957.41
957.41
957.41
957.41
957.41
957.41
930.44
930.44
930.44
930.44
1020.92
1020.92
1020.92
1020.92
1020.92
1020.92
999.84
999.84
1167.05
1167.05
1137.11
1137.11
16.14
16.14
74.47
74.47
292.64
292.64
1151.85
1151.85
1087.48
1087.48
1087.48
1087.48
1087.48
1087.48
1106.35
1106.35
1265.43
1265.43
299.40
299.40
299.40
299.40
622.96
622.96
1131.83
1131.83
1131.83
1131.83
1131.83
1131.83
1107.08
1107.08
1107.08
1107.08
1107.08
1107.08
1107.08
1107.08
1107.08
1107.08
1107.08
1107.08
1098.69
1098.69
1098.69
1098.69
1098.69
1098.69
1098.69
1098.69
1098.69
1098.69
51.30
51.30
553.78
553.78
563.40
563.40
563.40
563.40
180.92
180.92
493.25
493.25
532.72
532.72
1079.85
1079.85
115.06
115.06
1107.15
1107.15
1107.15
1107.15
1064.09
1064.09
1064.09
1064.09
1064.09
1064.09
173.80
173.80
206.40
206.40
575.80
575.80
575.80
575.80
575.80
575.80
38.28
38.28
71.05
71.05
1080.68
1080.68
1080.68
1080.68
1080.68
89.50
568.95
568.95
568.95
568.95
1109.25
1109.25
1109.25
1109.25
123.95
123.95
123.95
123.95
387.40
387.40
1212.20
1212.20
1212.20
1212.20
1212.20
1212.20
1212.20
1212.20
1212.20
1212.20
1204.05
1204.05
1204.05
1204.05
70.16
70.16
579.52
579.52
674.92
674.92
29.33
29.33
1606.69
1606.69
1606.69
764.99
44.91
44.91
346.93
346.93
917.57
917.57
805.84
805.84
509.86
509.86
1378.72
1378.72
3467.80
3467.80
3467.80
3467.80
3467.80
3467.80
3467.80
3467.80
3467.80
3467.80
3467.80
3467.80
3467.80
3467.80
3467.80
3467.80
3467.80
3467.80
3467.80
3467.80
3467.80
3467.80
3320.74
3320.74
4094.59
4094.59
4094.59
4094.59
4094.59
4094.59
4094.59
4094.59
4094.59
4094.59
4094.59
4094.59
4094.59
4094.59
4094.59
4094.59
4094.59
4094.59
4065.43
4065.43
3667.53
3667.53
3667.53
3667.53
3667.53
3667.53
3667.53
3667.53
3667.53
3667.53
3667.53
3667.53
3667.53
3667.53
3667.53
3667.53
10.00
10.00
10.00
91.74
177.69
177.69
105.64
105.64
105.64
89.69
294.69
294.69
443.54
443.54
49.70
49.70
49.70
551.57
551.57
546.80
689.99
689.99
689.99
760.14
760.14
760.14
760.14
761.98
761.98
761.98
761.98
703.25
703.25
703.25
703.25
703.25
703.25
625.59
625.59
625.59
625.59
645.53
645.53
645.53
645.53
13.29
13.29
416.27
416.27
434.70
434.70
125.01
125.01
85.96
85.96
195.48
195.48
282.44
282.44
308.38
308.38
182.26
182.26
614.85
614.85
729.48
729.48
789.74
789.74
805.48
805.48
428.88
428.88
774.57
774.57
860.84
860.84
591.54
591.54
931.60
931.60
237.57
237.57
129.27
129.27
843.49
843.49
126.60
126.60
837.08
837.08
837.08
837.08
913.60
913.60
913.60
913.60
913.60
913.60
951.70
951.70
56.69
56.69
914.51
914.51
914.51
914.51
1060.06
1060.06
1136.02
1136.02
1136.02
1136.02
1075.95
1075.95
1075.95
1075.95
1075.95
1075.95
1075.95
1075.95
1075.95
1075.95
1099.41
1099.41
1099.41
1099.41
153.48
153.48
308.42
308.42
159.52
159.52
517.72
517.72
517.72
517.72
1048.49
1048.49
1048.49
1048.49
902.93
902.93
902.93
902.93
902.93
902.93
929.50
929.50
929.50
929.50
922.24
922.24
922.24
922.24
922.24
922.24
839.92
839.92
182.24
182.24
686.80
686.80
686.80
686.80
686.80
686.80
305.68
305.68
1180.50
1180.50
10.00
10.00
964.72
964.72
836.79
836.79
103.72
103.72
301.03
301.03
129.79
129.79
887.34
887.34
10.00
10.00
498.41
498.41
38.88
38.88
416.99
416.99
416.99
416.99
1009.15
1009.15
70.72
70.72
1008.32
1008.32
123.82
123.82
1005.72
1005.72
1066.42
1066.42
1208.22
1208.22
167.90
167.90
1417.84
1417.84
1386.01
1386.01
1386.01
1386.01
1386.01
1386.01
1386.01
1386.01
1386.01
1386.01
1386.01
1386.01
1386.01
1386.01
1386.01
1386.01
128.62
128.62
128.62
128.62
308.29
308.29
307.25
307.25
390.67
390.67
413.50
413.50
413.50
413.50
10.00
10.00
501.16
501.16
501.16
235.00
235.00
235.00
431.91
431.91
590.06
590.06
590.06
590.06
130.00
130.00
331.88
331.88
718.87
718.87
54.14
54.14
331.48
331.48
519.92
519.92
753.30
753.30
723.67
723.67
723.67
723.67
723.67
723.67
749.82
749.82
749.82
749.82
76.78
76.78
471.95
471.95
530.38
530.38
530.38
530.38
364.76
364.76
914.45
914.45
938.00
938.00
938.00
60.49
1153.82
1153.82
1118.31
1118.31
1118.31
1118.31
1121.51
1121.51
275.95
275.95
1100.56
1100.56
1100.56
1100.56
1100.56
1100.56
1100.56
1100.56
1100.56
1100.56
1100.56
1100.56
1100.56
1100.56
1100.56
1100.56
1100.56
1100.56
1100.56
1100.56
1272.85
1272.85
1272.85
1272.85
1272.85
1272.85
1272.85
1272.85
1272.85
1272.85
1272.85
1272.85
1272.85
1272.85
75.87
75.87
75.87
201.11
89.64
89.64
89.64
25.88
67.73
67.73
67.73
131.86
346.65
346.65
163.55
163.55
111.78
111.78
111.78
87.30
59.49
59.49
406.36
406.36
165.25
165.25
476.07
476.07
491.00
491.00
183.15
183.15
517.00
517.00
226.79
226.79
330.80
330.80
564.64
564.64
668.53
668.53
713.40
713.40
732.02
732.02
669.38
669.38
127.89
127.89
737.11
737.11
737.11
737.11
801.95
801.95
801.95
151.20
295.23
295.23
808.75
808.75
808.75
808.75
167.63
167.63
366.09
366.09
20.40
20.40
20.40
761.52
872.77
872.77
844.11
844.11
890.18
890.18
890.18
890.18
317.18
317.18
432.77
432.77
700.08
700.08
700.08
50.41
977.69
977.69
977.69
116.29
426.10
426.10
931.76
931.76
931.76
931.76
112.62
112.62
347.74
347.74
347.74
347.74
347.74
1068.88
1068.88
1068.88
1068.88
1047.84
1047.84
1047.84
89.90
89.90
89.90
89.90
89.90
285.44
285.44
1018.77
1018.77
1018.77
1018.77
177.85
177.85
335.51
335.51
814.48
814.48
814.48
814.48
814.48
814.48
1008.36
1008.36
1008.36
1008.36
996.78
996.78
996.78
996.78
996.78
996.78
1001.62
1001.62
1001.62
1001.62
912.35
912.35
912.35
817.29
817.29
817.29
817.29
817.29
817.29
817.29
173.80
173.80
38.14
38.14
70.11
70.11
403.31
403.31
403.31
403.31
964.70
964.70
13.04
13.04
789.93
789.93
789.93
894.27
894.27
894.27
45.86
45.86
46.74
46.74
102.30
102.30
227.58
227.58
161.42
161.42
161.42
161.42
161.42
161.42
106.35
106.35
197.82
197.82
296.02
296.02
332.07
332.07
451.45
451.45
33.53
33.53
423.65
423.65
499.50
499.50
499.50
499.50
514.61
514.61
514.61
514.61
534.54
534.54
597.88
597.88
597.88
597.88
642.98
642.98
669.84
669.84
800.37
800.37
405.65
405.65
707.29
707.29
152.32
152.32
785.29
785.29
173.44
173.44
1027.75
1027.75
1069.96
1069.96
261.19
261.19
261.19
261.19
1098.57
1098.57
1098.57
1098.57
926.30
926.30
144.59
144.59
577.52
577.52
987.69
987.69
987.69
987.69
1022.41
1022.41
1022.41
1022.41
1022.41
1022.41
960.46
960.46
1099.89
1099.89
1080.97
1080.97
1080.97
1080.97
973.62
973.62
973.62
973.62
973.62
973.62
865.78
865.78
865.78
865.78
151.34
151.34
1150.78
1150.78
1150.78
1150.78
653.89
653.89
653.89
653.89
12.50
12.50
525.28
525.28
1223.84
1223.84
1223.84
1223.84
1223.84
1223.84
34.89
34.89
1148.90
1148.90
2298.70
2298.70
2042.50
2042.50
2042.50
2042.50
943.63
943.63
4021.57
4021.57
4578.32
4578.32
4578.32
4578.32
4578.32
4578.32
5464.74
5464.74
5464.74
5464.74
5464.74
5464.74
5464.74
5464.74
5464.74
5464.74
5464.74
5464.74
5464.74
5777.87
5777.87
5777.87
5777.87
5777.87
5777.87
5777.87
5777.87
5777.87
5777.87
4672.84
5640.37
5640.37
393.21
393.21
1040.09
1040.09
1435.02
1435.02
2103.03
2103.03
2103.03
10.35
2681.65
2681.65
6033.59
6033.59
5704.61
5704.61
5704.61
5704.61
5704.61
5704.61
5704.61
5704.61
5704.61
5704.61
5704.61
5704.61
5704.61
5704.61
5704.61
5704.61
5704.61
5704.61
6794.25
6794.25
6810.50
6810.50
6810.50
5918.12
5918.12
5918.12
5918.12
5918.12
5918.12
5918.12
5918.12
5918.12
1099.28
