# 1Hz Kbps trace generated by import_real_world_traces.py
2715.66
2795.09
2795.09
2795.09
2795.09
2795.09
2795.09
2795.09
2795.09
2795.09
2795.09
2795.09
2795.09
2795.09
2795.09
2795.09
2795.09
2795.09
2795.09
2795.09
2795.09
2795.09
2795.09
4435.14
4435.14
4435.14
4435.14
2304.95
2304.95
3180.40
3180.40
3180.40
3180.40
3180.40
3180.40
3180.40
3180.40
140.99
140.99
2805.22
2805.22
2302.31
2302.31
1653.66
1653.66
1653.66
1653.66
1653.66
1653.66
1653.66
1653.66
1769.95
1769.95
1769.95
1769.95
117.80
117.80
1103.23
1869.91
1869.91
1810.18
1810.18
1810.18
921.71
1180.71
1064.11
1064.11
1863.57
1863.57
2496.65
2496.65
1274.75
1274.75
1274.75
1274.75
1274.75
1274.75
660.95
558.01
558.01
558.01
558.01
558.01
763.38
763.38
681.86
681.86
681.86
698.46
698.46
698.46
698.46
698.46
698.46
698.46
698.46
379.35
379.35
439.49
439.49
563.17
883.49
883.49
743.54
477.01
1037.83
1242.71
1344.47
1344.47
1161.97
1161.97
1035.50
1035.50
141.42
141.42
1499.69
1499.69
1561.32
1561.32
1381.20
