# 1Hz Kbps trace generated by import_real_world_traces.py
75.15
47.90
115.29
100.23
100.23
10.51
403.43
403.43
1490.22
1490.22
1490.22
1380.25
1380.25
1420.00
1420.00
1500.00
1739.15
1761.93
1624.57
1624.57
936.28
1734.32
1734.32
1681.62
1681.62
1478.32
1478.32
996.41
996.41
105.06
105.06
105.06
1242.95
1242.95
1242.95
177.86
177.86
177.86
32.24
32.24
32.24
1097.06
1097.06
1097.06
70.72
70.72
70.72
1456.02
1454.10
1454.10
1454.10
1478.99
1478.99
19.03
19.03
812.24
1314.05
760.05
72.47
72.47
1475.26
1479.19
1479.19
1440.34
1440.34
1440.34
1440.34
1769.25
1769.25
1457.56
1542.24
234.68
585.89
585.89
347.53
347.53
202.16
202.16
202.16
202.16
1512.09
1512.09
1433.35
1356.11
1415.09
1461.16
1461.16
1371.44
1371.44
1371.44
1307.90
1307.90
1307.90
1307.90
1458.95
1458.95
1458.95
1458.95
1458.95
1458.95
559.70
559.70
559.70
559.70
1403.94
58.40
1388.17
1421.74
1421.74
1366.62
1420.83
1420.83
1075.70
1075.70
1075.70
1281.21
1281.21
1281.21
10.00
10.00
84.94
1329.90
1329.90
1302.74
1302.74
1302.74
256.87
256.87
99.08
99.08
499.04
1120.91
1120.91
1120.91
1349.86
1349.86
1222.77
1222.77
1222.77
361.38
1390.06
1500.43
1500.43
1471.47
1471.47
1427.30
1427.30
1427.30
1162.76
1438.79
1438.79
1277.03
1277.03
333.47
333.47
1048.69
1048.69
21.60
21.60
1442.97
1442.97
1398.02
1398.02
1269.58
1269.58
1269.58
1457.49
1457.49
1326.60
1326.60
383.46
383.46
764.88
1417.31
122.62
533.05
533.05
1008.81
1008.81
1008.81
1008.81
1030.59
1030.59
1030.59
1357.71
1357.71
1261.57
1261.57
1261.57
1190.44
1190.44
1508.46
1347.01
1342.13
65.03
1415.66
1415.66
1449.85
1441.40
1441.40
1374.53
1374.53
1374.53
1352.97
1352.97
1352.97
1417.49
1417.49
1057.43
1057.43
118.85
118.85
556.48
556.48
454.45
454.45
454.45
113.37
113.37
1271.85
1271.85
1362.04
1362.04
1454.46
1454.46
1245.48
1245.48
440.05
440.05
23.92
23.92
1535.18
1535.18
1336.76
1336.76
1336.76
1336.76
1019.82
1019.82
1019.82
662.60
798.99
798.99
469.67
450.69
450.69
50.16
50.16
334.30
155.02
155.02
155.02
1536.52
1536.52
166.06
166.06
166.06
485.27
485.27
1130.83
69.89
382.68
1629.22
1629.22
1629.22
775.21
775.21
775.21
775.21
1679.95
1679.95
1679.95
348.37
348.37
348.37
348.37
1400.00
1673.47
1399.72
1642.17
1577.54
68.95
68.95
85.36
1731.81
1806.14
1585.74
1585.74
1585.74
537.57
537.57
1608.38
1608.38
1608.38
388.91
388.91
388.91
40.76
40.76
10.00
10.00
10.00
1704.20
1704.20
1704.20
129.43
129.43
1149.70
446.31
446.31
1496.06
1496.06
1640.60
1692.12
1747.79
1749.45
1587.72
1586.42
1561.67
1561.67
1638.61
1638.61
1609.90
1609.90
1561.28
1561.28
380.43
380.43
342.72
342.72
342.72
851.34
851.34
851.34
44.48
44.48
1415.62
748.37
748.37
31.50
31.50
552.04
552.04
1120.11
1120.11
1120.11
724.45
724.45
724.45
724.45
724.45
755.13
755.13
1126.02
1126.02
1008.96
1008.96
41.67
1647.82
1647.82
501.24
501.24
501.24
1452.13
1452.13
1461.62
1461.62
1461.62
306.34
306.34
306.34
114.93
114.93
157.06
1580.60
1580.60
1580.60
85.33
85.33
85.33
22.23
45.80
389.19
389.19
1712.87
1712.87
1712.87
1603.48
1603.48
627.57
627.57
627.57
627.57
1809.81
191.49
1720.96
1490.56
797.89
1597.24
1597.24
1793.19
1793.19
1038.77
1038.77
1633.59
1633.59
1145.90
1145.90
1660.21
1660.21
1324.81
1324.81
699.76
699.76
1532.08
1532.08
1320.67
1320.67
756.05
756.05
615.85
615.85
12.94
12.94
1305.07
1305.07
1541.33
1541.33
1448.53
1448.53
968.16
968.16
1528.18
1528.18
1459.72
1459.72
1310.76
1310.76
1374.92
1374.92
1316.22
1316.22
1581.54
1581.54
1281.61
1281.61
1444.36
1444.36
1444.36
1368.57
1168.87
1168.87
1445.13
1445.13
1502.68
1502.68
1215.99
1215.99
1262.82
1262.82
1381.38
1381.38
1671.95
1671.95
1481.61
1481.61
1485.76
1485.76
1180.97
1180.97
756.11
756.11
1375.74
1375.74
17.72
17.72
1524.19
1524.19
1608.09
1608.09
479.03
479.03
651.29
651.29
634.74
634.74
1420.62
1420.62
1624.99
1624.99
1892.10
1892.10
1417.48
1417.48
1562.21
1562.21
1667.07
1667.07
760.57
760.57
1680.45
1680.45
1680.45
1680.45
608.86
608.86
608.86
608.86
608.86
608.86
843.90
843.90
843.90
1143.17
1143.17
320.05
54.12
54.12
1280.13
1280.13
1515.77
1515.77
913.92
913.92
63.17
63.17
390.93
390.93
390.93
1170.39
1177.99
1177.99
1177.99
1224.91
1224.91
108.31
108.31
1233.06
1233.06
1191.25
1191.25
1191.25
1191.25
574.41
574.41
574.41
574.41
1169.28
1169.28
1169.28
1169.28
165.28
165.28
165.28
19.92
19.92
19.92
327.89
484.72
1274.30
1274.30
1274.30
716.48
716.48
1246.02
1246.02
1192.25
1192.25
1185.05
1185.05
1125.53
1125.53
10.00
716.21
1096.58
1096.58
1376.59
1176.17
1176.17
535.90
1213.78
1213.67
1213.67
1212.87
1299.25
1299.25
1242.45
1242.45
1242.45
1093.98
1093.98
1093.98
1203.54
1203.54
1203.54
966.42
966.42
966.42
68.70
68.70
68.70
30.09
30.09
30.09
422.88
422.88
365.86
365.86
1131.44
1131.44
1131.44
814.52
814.52
814.52
1232.92
1270.18
1266.49
1269.27
1188.07
1301.44
1301.44
895.16
895.16
895.16
1256.00
1256.00
1294.03
1187.14
1187.14
880.85
880.85
880.85
663.96
663.96
663.96
663.96
1228.49
1228.49
407.81
407.81
407.81
407.81
1258.62
1258.62
523.61
523.61
523.61
281.19
1101.48
675.85
306.32
31.45
31.45
39.91
39.91
752.78
752.78
752.78
752.78
297.18
297.18
297.18
297.18
274.08
274.08
13.98
13.98
13.98
1239.33
1298.57
1159.14
908.73
908.73
1109.06
1272.13
1184.35
1184.35
1062.01
1062.01
448.66
448.66
448.66
55.35
55.35
269.06
269.06
1205.12
1205.12
451.77
451.77
1162.37
1162.37
1162.37
1141.80
1141.80
1318.64
1318.64
1161.94
1161.94
1253.59
1253.59
542.86
542.86
222.23
222.23
222.23
11.57
683.32
790.04
790.04
48.74
48.74
1252.89
1239.48
1108.19
1108.19
1108.19
650.14
50.94
50.94
1246.72
1246.72
1246.72
1246.72
83.82
83.82
350.19
350.19
1179.75
692.33
692.33
692.33
692.33
873.82
873.82
873.82
199.39
1339.77
167.55
167.55
167.55
167.55
167.55
107.26
77.84
77.84
1174.11
556.76
556.76
556.76
556.76
556.76
556.76
865.80
865.80
13.39
13.39
1021.28
802.62
83.06
1321.33
1242.89
1242.89
1242.89
1348.07
1348.07
1348.07
174.65
174.65
1074.27
1074.27
1182.97
1182.97
394.88
1055.35
1055.35
394.78
394.78
103.00
103.00
783.01
783.01
1049.25
1049.25
1049.25
1049.25
1241.35
1241.35
1352.48
1352.48
690.34
391.88
770.81
770.81
10.00
10.00
1087.69
1087.69
1136.19
1136.19
1136.19
1226.30
1226.30
1226.30
1131.09
1117.42
1117.42
517.19
500.56
500.56
1131.15
620.64
398.85
398.85
10.00
10.00
110.28
110.28
325.84
325.84
325.84
325.84
325.84
325.84
215.85
215.85
1125.20
1125.20
1299.16
1179.02
1179.02
1179.02
1222.73
1222.73
1222.73
1370.10
1333.74
1203.37
332.45
332.45
1311.56
1258.97
1258.97
1361.83
1361.83
134.38
41.90
1326.05
1326.05
1305.77
1166.24
1166.24
1227.54
1062.42
1062.42
602.42
602.42
1200.38
1483.15
1483.15
1564.54
1564.54
1564.54
997.77
1528.60
1599.88
1599.88
1167.04
1167.04
10.83
10.83
1434.30
1434.30
223.74
223.74
1496.39
1496.39
1425.97
1425.97
672.23
672.23
1292.90
1292.90
1327.93
1327.93
1327.93
1305.18
89.53
89.53
89.53
1401.32
1401.32
1401.32
1401.32
10.00
10.00
1489.45
688.48
688.48
34.12
34.12
251.81
251.81
251.81
251.81
29.55
29.55
29.55
1483.92
1483.92
362.63
362.63
1492.16
1492.16
1204.31
1204.31
1525.83
