# 1Hz Kbps trace generated by import_real_world_traces.py
3169.93
1454.80
1454.80
4596.44
4596.44
5514.57
5514.57
5098.33
5098.33
5328.47
5328.47
5865.35
5865.35
7211.81
7211.81
8778.56
8778.56
8272.05
8272.05
1987.23
1987.23
1246.56
1246.56
1064.92
1064.92
793.74
793.74
1384.72
1384.72
2502.32
2502.32
2418.09
2418.09
2897.11
2897.11
26.49
26.49
2035.78
2035.78
755.34
755.34
2787.08
2787.08
4155.60
4155.60
4423.79
4423.79
6212.77
6212.77
5832.81
5832.81
1957.61
1957.61
6067.60
6067.60
4476.98
4476.98
2364.24
2364.24
2625.69
2625.69
6017.77
6017.77
3114.27
3114.27
3367.81
3367.81
4124.48
4124.48
6806.53
6806.53
5605.57
5605.57
4529.91
4529.91
7168.98
7168.98
6833.01
6833.01
5888.18
5888.18
5888.18
5888.18
5888.18
5888.18
5888.18
5888.18
5768.18
5768.18
5263.17
5263.17
5025.46
5025.46
5614.53
5614.53
336.18
336.18
3935.74
3935.74
6055.88
6055.88
6240.43
6240.43
3755.48
3755.48
1574.03
1574.03
674.30
674.30
3371.94
3371.94
5968.19
5968.19
5921.90
5921.90
4874.27
4874.27
5298.84
5298.84
5124.33
5124.33
4005.87
4005.87
3711.10
3711.10
1338.52
1338.52
480.81
480.81
339.47
339.47
4445.56
4445.56
3817.36
3817.36
2039.38
2039.38
2393.31
2393.31
1865.60
1865.60
518.37
518.37
4878.62
4878.62
3855.43
3855.43
3360.94
3360.94
4840.46
4840.46
5522.09
5522.09
5071.96
5071.96
4098.43
4098.43
6669.76
6669.76
2582.03
2582.03
40.70
40.70
655.48
655.48
43.51
43.51
4663.63
4663.63
1625.70
1625.70
4652.62
4652.62
43.84
43.84
3206.56
3206.56
2427.09
2427.09
3465.95
3465.95
2905.28
2905.28
2547.76
2547.76
2547.76
2547.76
2993.17
2993.17
3354.98
3354.98
3668.42
3668.42
3301.57
3301.57
3304.73
3304.73
3648.15
3648.15
3509.01
3509.01
4017.80
4017.80
4419.62
4419.62
750.38
750.38
2781.39
2781.39
4765.29
4765.29
1559.26
1559.26
3889.16
3889.16
3516.80
3516.80
27.85
27.85
1583.17
1583.17
1063.95
1063.95
2061.26
2061.26
238.47
238.47
1935.62
1935.62
36.92
36.92
777.35
777.35
142.36
142.36
3777.18
3777.18
3225.52
3225.52
1622.22
1622.22
4315.50
4315.50
2641.89
2641.89
3208.41
3208.41
4734.42
4734.42
4785.99
4785.99
4900.46
4900.46
3720.79
3720.79
4716.47
4716.47
3395.41
3395.41
805.94
805.94
454.64
454.64
1761.37
1761.37
1860.19
1860.19
2312.26
2312.26
2267.72
2267.72
3314.41
3314.41
92.55
92.55
132.85
132.85
2045.87
2045.87
2045.87
2045.87
1271.30
1271.30
1788.60
1788.60
1025.75
1025.75
2432.54
2432.54
3781.54
3781.54
3101.89
3101.89
3754.28
3754.28
4794.24
4794.24
4215.70
4215.70
4215.70
4215.70
4215.70
4215.70
4267.03
4267.03
814.12
814.12
238.14
238.14
1935.31
1935.31
1633.83
1633.83
2237.44
2237.44
2429.95
2429.95
2393.21
2393.21
205.07
205.07
1418.60
1418.60
2550.79
2550.79
3238.39
3238.39
2685.69
2685.69
3721.64
3721.64
4619.09
4619.09
4778.83
4778.83
3045.58
3045.58
4889.55
4889.55
4566.51
4566.51
4229.90
4229.90
675.42
675.42
1226.74
1226.74
700.95
700.95
1670.58
1670.58
4586.25
4586.25
5335.97
5335.97
3408.48
3408.48
4745.60
4745.60
5096.61
5096.61
4807.76
4807.76
5304.55
5304.55
4215.73
4215.73
5098.15
5098.15
5004.74
5004.74
5515.89
5515.89
517.01
517.01
494.15
494.15
1120.05
1120.05
1750.54
1750.54
1800.20
1800.20
2451.34
2451.34
2525.18
2525.18
1532.52
1532.52
4746.04
4746.04
6537.98
6537.98
5239.49
5239.49
5770.62
5770.62
1920.36
1920.36
7299.82
7299.82
3603.85
3603.85
5920.30
5920.30
4668.23
4668.23
337.27
337.27
5842.78
5842.78
5842.78
5842.78
5829.87
5829.87
6817.64
6817.64
4940.72
4940.72
5570.22
5570.22
5760.41
5760.41
4545.89
4545.89
7324.20
7324.20
7324.20
7324.20
5862.17
5862.17
7058.95
7058.95
7058.95
7058.95
7058.95
7058.95
7143.55
7143.55
5844.43
5844.43
20.10
20.10
6198.27
6198.27
5412.75
5412.75
6936.17
6936.17
5638.04
5638.04
5638.04
5638.04
6485.31
6485.31
5816.73
5816.73
5816.73
5816.73
5816.73
5816.73
6309.35
6309.35
4599.55
4599.55
3686.66
3686.66
3472.93
3472.93
4357.60
4357.60
5879.45
5879.45
5622.57
5622.57
5228.57
5228.57
5322.53
5322.53
3592.09
3592.09
7067.32
7067.32
4736.04
4736.04
5132.22
5132.22
1514.87
1514.87
7237.69
7237.69
7635.15
7635.15
8253.06
8253.06
7597.52
7597.52
10709.20
10709.20
3918.35
3918.35
6333.97
6333.97
6333.97
6333.97
6333.97
6333.97
1089.49
1089.49
4878.31
4878.31
3541.27
3541.27
4109.49
4109.49
6599.11
6599.11
1747.70
1747.70
2199.53
2199.53
2449.34
2449.34
2449.34
2449.34
2449.34
2449.34
2449.34
2449.34
2449.34
2449.34
3079.68
3079.68
6283.80
6283.80
2593.89
2593.89
1579.29
1579.29
4072.11
4072.11
4356.70
4356.70
841.20
841.20
1055.38
1055.38
1821.69
1821.69
138.89
138.89
418.94
418.94
1365.36
1365.36
157.69
157.69
2679.94
2679.94
4141.94
4141.94
6863.04
6863.04
6795.06
6795.06
6935.69
6935.69
7531.67
7531.67
4662.01
4662.01
2191.77
2191.77
1692.41
1692.41
2002.49
2002.49
1693.77
1693.77
3070.03
3070.03
3538.63
3538.63
3479.90
3479.90
4559.80
4559.80
1609.47
1609.47
76.99
76.99
2062.33
2062.33
4401.38
4401.38
122.21
122.21
134.30
134.30
1389.64
1389.64
3178.85
3178.85
3178.85
3977.59
2887.59
2887.59
2887.59
3676.98
2643.95
2643.95
2643.95
4270.66
4270.66
4991.33
4991.33
4987.69
4987.69
2598.59
2598.59
4568.77
4568.77
3686.74
3686.74
1653.12
1653.12
221.41
221.41
2793.84
2793.84
3162.11
3162.11
1408.97
1408.97
1093.74
1093.74
2293.36
2293.36
1136.49
1136.49
10.00
10.00
41.71
41.71
1354.97
1354.97
1593.36
1593.36
3585.23
3585.23
5597.35
5597.35
3198.35
3198.35
3440.69
3440.69
1150.39
1150.39
4152.60
4152.60
4152.60
4152.60
1744.17
1744.17
6324.85
6324.85
895.44
895.44
646.81
646.81
3606.95
3606.95
1144.30
1144.30
3434.71
3434.71
4330.65
4330.65
3877.68
3877.68
4459.45
4459.45
67.94
67.94
3005.40
3005.40
834.44
834.44
3131.03
3131.03
1034.68
1034.68
4262.38
4262.38
4305.23
4305.23
614.78
614.78
2794.09
2794.09
110.15
110.15
359.82
359.82
231.60
231.60
1455.42
1455.42
767.90
767.90
156.84
156.84
386.91
386.91
46.52
46.52
1570.17
1570.17
68.62
68.62
2092.30
2092.30
3536.38
3536.38
25.95
25.95
2298.45
2298.45
2094.53
2094.53
162.69
162.69
898.88
898.88
1885.60
1885.60
3065.95
3065.95
4035.60
4035.60
1774.99
1774.99
577.49
577.49
4696.98
4696.98
3264.81
3264.81
1658.64
1658.64
4989.56
4989.56
4112.31
4112.31
3939.40
3939.40
5990.66
5990.66
4866.67
4866.67
4809.19
4809.19
4464.09
4464.09
4270.42
4270.42
3380.41
3380.41
44.28
44.28
753.33
753.33
3576.62
3576.62
1191.25
1191.25
1186.85
1186.85
6665.65
6665.65
5882.52
5882.52
4187.22
4187.22
152.35
152.35
384.26
384.26
449.07
449.07
134.08
134.08
308.96
308.96
388.93
388.93
1507.85
1507.85
2510.46
2510.46
3353.11
3353.11
3121.83
3121.83
3393.92
3393.92
2935.68
2935.68
2856.91
2856.91
4177.09
4177.09
4307.82
4307.82
776.37
776.37
3473.20
3473.20
4878.76
4878.76
4518.54
4518.54
3987.10
3987.10
4360.59
4360.59
1138.05
1138.05
1558.59
1558.59
6764.35
6764.35
4147.78
4147.78
218.03
218.03
1095.77
1095.77
50.75
50.75
7094.41
7094.41
261.45
261.45
5087.58
5087.58
2367.46
2367.46
3270.45
3270.45
4299.00
4299.00
3572.74
3572.74
3174.07
3174.07
3659.62
3659.62
3217.78
3217.78
1129.12
1129.12
1675.48
1675.48
4712.12
4712.12
5106.09
5106.09
2063.79
2063.79
4976.19
4976.19
303.53
303.53
1704.63
1704.63
3419.13
3419.13
447.78
447.78
4302.77
4302.77
1515.80
1515.80
5673.79
5673.79
3765.24
3765.24
1794.78
1794.78
5625.33
5625.33
4706.65
4706.65
3855.07
3855.07
2716.80
2716.80
6582.29
6582.29
2200.82
2200.82
456.11
456.11
2643.82
2643.82
2801.09
2801.09
827.00
827.00
667.91
667.91
2943.94
2943.94
2154.35
2154.35
3690.61
3690.61
3690.52
3690.52
1514.37
1514.37
2040.18
2040.18
814.59
814.59
6468.50
6468.50
5556.00
5556.00
5205.05
5205.05
6694.42
6694.42
175.35
175.35
4315.13
4315.13
6171.01
6171.01
3919.49
3919.49
3841.27
3841.27
1808.03
1808.03
274.80
274.80
530.94
530.94
333.44
333.44
3995.68
3995.68
1572.17
1572.17
4051.58
4051.58
4542.63
4542.63
5977.84
5977.84
5675.12
5675.12
4891.94
4891.94
5856.75
5856.75
7173.57
7173.57
138.28
138.28
6704.14
6704.14
6875.02
6875.02
2135.21
2135.21
6749.87
6749.87
8101.43
8101.43
8101.43
8101.43
8101.43
8101.43
4364.92
4364.92
7510.68
7510.68
3639.83
3639.83
194.28
194.28
609.51
609.51
3933.16
3933.16
4337.12
4337.12
4882.94
4882.94
5149.23
5149.23
2622.12
2622.12
2859.81
2859.81
7233.94
7233.94
7609.42
7609.42
7538.03
7538.03
8208.01
8208.01
9021.19
9021.19
43.52
43.52
1040.07
1040.07
3839.92
3839.92
5596.34
5596.34
5596.34
5596.34
5596.34
5596.34
9195.46
9195.46
5673.10
5673.10
5673.10
5673.10
5673.10
5673.10
5673.10
5673.10
5673.10
5673.10
22.89
22.89
1134.13
1134.13
1489.56
1489.56
1489.56
1489.56
1364.11
1364.11
1287.15
1287.15
1956.07
1956.07
2787.73
2787.73
5877.52
5877.52
7872.59
7872.59
4768.63
4768.63
5566.09
5566.09
4425.96
4425.96
6237.83
6237.83
7581.13
7581.13
5919.46
5919.46
3907.75
3907.75
6823.24
6823.24
7179.19
7179.19
9167.26
9167.26
6295.11
6295.11
7131.61
7131.61
3396.53
3396.53
5684.67
5684.67
2960.52
2960.52
7305.04
7305.04
1583.58
1583.58
6489.16
6489.16
44.99
44.99
5873.87
5873.87
4464.29
4464.29
7281.71
7281.71
6907.59
6907.59
7575.98
7575.98
2365.03
2365.03
598.83
598.83
8585.15
8585.15
6163.59
6163.59
2075.36
2075.36
8129.91
8129.91
668.34
668.34
861.36
861.36
367.12
367.12
2336.34
2336.34
435.01
435.01
3965.65
3965.65
2760.13
2760.13
3213.02
3213.02
2924.62
2924.62
3366.43
3366.43
5493.46
5493.46
3969.81
3969.81
7560.90
7560.90
8175.95
8175.95
5944.48
5944.48
8427.25
8427.25
8427.25
8427.25
1991.07
1991.07
7278.36
7278.36
1824.96
1824.96
8648.01
8648.01
8192.75
8192.75
1482.62
1482.62
3119.42
3119.42
3959.17
3959.17
3836.31
3836.31
2744.19
2744.19
1571.61
1571.61
1515.12
1515.12
1792.43
1792.43
95.27
95.27
1840.12
1840.12
837.90
837.90
264.85
264.85
1217.36
1217.36
3466.18
3466.18
178.30
178.30
3986.84
3986.84
2796.99
2796.99
4697.77
4697.77
4581.21
4581.21
2071.28
2071.28
3219.90
3219.90
1517.02
1517.02
2046.12
2046.12
2605.43
2605.43
941.68
941.68
5156.43
5156.43
1641.19
1641.19
10.00
10.00
4092.24
4092.24
346.47
346.47
3702.34
3702.34
4326.27
4326.27
4401.24
4401.24
3189.45
3189.45
1598.39
1598.39
1330.35
1330.35
2124.92
2124.92
3506.77
3506.77
1573.71
1573.71
906.89
906.89
47.81
47.81
1385.28
1385.28
81.18
81.18
223.47
223.47
762.82
762.82
981.97
981.97
3175.93
3175.93
2683.42
2683.42
2742.06
2742.06
5353.32
5353.32
5322.30
5322.30
5422.49
5422.49
5422.49
5422.49
2007.64
2007.64
3305.59
3305.59
537.00
537.00
4521.52
4521.52
5764.56
5764.56
5153.31
5153.31
2391.95
2391.95
5089.00
5089.00
542.56
542.56
1915.64
1915.64
2816.47
2816.47
956.40
956.40
97.17
97.17
10.00
10.00
1661.73
1661.73
2339.68
2339.68
2460.39
2460.39
2989.09
2989.09
3178.08
3178.08
1750.03
1750.03
3376.95
3376.95
3320.97
3320.97
392.91
392.91
528.51
528.51
66.00
66.00
228.67
228.67
1631.55
1631.55
1760.60
1760.60
1993.00
1993.00
1801.87
1801.87
1388.41
1388.41
340.73
340.73
2521.73
2521.73
1317.52
1317.52
990.76
990.76
2649.66
2649.66
2712.98
2712.98
3050.44
3050.44
3238.88
3238.88
2708.43
2708.43
376.56
376.56
2183.00
2183.00
1087.04
1087.04
1492.79
1492.79
119.60
119.60
1666.46
1666.46
2599.33
2599.33
5422.18
5422.18
4067.66
4067.66
4400.48
4400.48
1496.12
1496.12
5770.40
5770.40
574.55
574.55
1059.62
1059.62
1253.78
1253.78
2469.62
2469.62
2824.54
2824.54
3377.05
3377.05
3867.73
3867.73
3118.45
3118.45
3393.14
3393.14
4304.63
4304.63
3773.66
3773.66
3590.93
3590.93
211.23
211.23
273.51
273.51
116.65
116.65
1805.24
1805.24
2836.94
2836.94
10.00
10.00
2073.55
2073.55
10.00
10.00
2973.86
2973.86
4006.79
4006.79
3438.72
3438.72
740.86
740.86
2724.24
2724.24
5611.14
5611.14
1172.45
1172.45
74.84
74.84
5368.40
5368.40
4951.08
4951.08
5126.61
5126.61
655.66
655.66
213.73
213.73
214.49
214.49
61.18
61.18
82.57
82.57
346.48
346.48
531.49
531.49
1249.54
1249.54
1608.44
1608.44
1083.17
1083.17
3261.69
3261.69
1855.15
1855.15
4177.69
4177.69
4179.41
4179.41
3996.99
3996.99
3393.26
3393.26
5663.64
5663.64
5663.64
5663.64
5740.72
5740.72
5856.82
5856.82
4789.41
4789.41
5724.06
5724.06
4541.21
4541.21
6021.55
6021.55
5684.22
5684.22
2680.66
2680.66
5618.09
5618.09
5995.97
5995.97
7471.07
7471.07
6684.08
6684.08
5765.75
5765.75
6583.13
6583.13
6404.77
6404.77
6951.03
6951.03
6112.23
6112.23
8427.24
8427.24
2108.42
2108.42
1384.36
1384.36
6546.55
6546.55
1701.92
1701.92
4379.36
4379.36
50.82
50.82
4992.97
4992.97
5469.25
5469.25
9569.02
9569.02
9033.88
9033.88
2153.20
2153.20
9350.63
9350.63
1109.15
1109.15
2292.35
2292.35
8002.63
8002.63
2853.41
2853.41
10786.82
10786.82
5754.88
5754.88
4321.44
4321.44
5387.10
5387.10
1259.71
