# 1Hz Kbps trace generated by import_real_world_traces.py
1558.28
2592.40
2363.32
4369.84
4369.84
7974.47
7974.47
9606.13
9606.13
2161.31
2161.31
7047.74
7047.74
751.35
751.35
10.00
10.00
10.00
10.00
175.21
5582.89
8147.13
8147.13
7444.43
7444.43
3368.31
3368.31
10309.39
10309.39
6999.68
6999.68
7906.68
7906.68
10255.52
10255.52
4970.17
4970.17
267.84
267.84
1037.51
1037.51
1738.64
1738.64
40.37
40.37
2650.75
2650.75
14482.30
14482.30
12399.42
12399.42
14411.99
14411.99
166.53
166.53
1293.54
1293.54
157.77
157.77
90.24
90.24
494.32
494.32
6159.08
6159.08
226.45
226.45
155.64
155.64
580.43
580.43
30.93
30.93
225.43
225.43
279.39
279.39
18092.20
18092.20
102.33
102.33
2229.19
2229.19
17341.32
17341.32
27.81
27.81
131.15
131.15
284.92
284.92
747.70
747.70
591.07
591.07
1964.19
1964.19
165.99
165.99
313.71
313.71
69.56
69.56
143.21
143.21
10.00
10.00
10.00
10.00
179.47
