# 1Hz Kbps trace generated by import_real_world_traces.py
1101.39
1761.54
2717.66
301.48
2156.93
1260.48
1260.48
1346.24
1346.24
327.68
327.68
950.64
950.64
1529.81
1529.81
920.10
920.10
3110.54
3110.54
138.10
138.10
10.00
10.00
13.74
13.74
87.70
87.70
134.24
134.24
3572.95
3572.95
958.57
958.57
2978.01
2978.01
945.86
945.86
139.38
139.38
1270.27
1270.27
2517.78
2517.78
22.12
22.12
16.38
16.38
3718.40
3718.40
2944.65
2944.65
1006.67
1006.67
71.04
71.04
3118.02
3118.02
3210.05
3210.05
29.08
29.08
29.08
2940.52
2940.52
217.58
217.58
392.84
392.84
48.62
48.62
948.08
948.08
3183.02
3183.02
275.64
275.64
109.24
109.24
497.61
497.61
3291.88
3291.88
465.47
465.47
3398.84
3398.84
3221.92
3221.92
3009.73
3009.73
3498.94
3498.94
3313.55
3313.55
2858.61
2858.61
2853.95
2853.95
85.93
85.93
1883.10
1883.10
10.00
10.00
77.59
77.59
3002.38
3002.38
13.30
13.30
3563.93
3563.93
820.53
820.53
22.09
22.09
3712.09
3712.09
949.32
949.32
671.34
671.34
3585.85
3585.85
3136.71
3136.71
545.64
545.64
1161.71
1161.71
702.29
702.29
14.60
14.60
305.95
305.95
530.28
530.28
16.49
16.49
124.12
124.12
916.22
916.22
602.45
602.45
1732.57
1732.57
530.66
530.66
647.24
647.24
2470.00
2470.00
2658.82
2658.82
109.37
109.37
235.45
235.45
2869.44
2869.44
3345.78
3345.78
23.14
23.14
46.16
46.16
53.69
53.69
529.42
529.42
95.91
95.91
56.20
56.20
13.26
13.26
104.62
14.64
14.64
230.22
230.22
380.40
380.40
310.27
310.27
3093.09
3093.09
1252.98
1252.98
30.83
30.83
3364.85
3364.85
3168.23
3168.23
22.65
22.65
24.23
24.23
932.56
932.56
960.66
960.66
928.20
928.20
70.86
70.86
349.35
349.35
3759.17
3759.17
929.05
929.05
115.04
115.04
1234.14
1234.14
1215.19
1215.19
1215.19
1036.30
1044.78
1044.78
2686.22
2686.22
2428.04
2428.04
304.23
304.23
977.88
977.88
110.22
110.22
14.84
14.84
22.59
22.59
1768.64
1768.64
194.37
194.37
327.19
327.19
207.59
207.59
2640.42
2640.42
3621.69
3621.69
22.83
22.83
2645.51
2645.51
3447.34
3447.34
680.04
680.04
680.04
3378.52
3378.52
233.67
233.67
1892.95
1892.95
199.18
199.18
1068.77
1068.77
3399.18
3399.18
2929.80
2929.80
17.05
17.05
3336.49
3336.49
1645.87
1645.87
3503.04
3503.04
113.83
113.83
355.55
355.55
964.84
964.84
1330.25
1330.25
3597.56
3597.56
1526.99
1526.99
3299.36
3299.36
3440.67
3440.67
3440.36
3440.36
3077.74
3077.74
3311.62
3311.62
3073.67
3073.67
2714.13
2714.13
2945.59
2945.59
2021.42
2021.42
615.92
615.92
2242.38
2242.38
3281.28
3281.28
66.74
66.74
925.21
925.21
2927.79
2927.79
2339.10
2339.10
3357.19
3357.19
1150.15
1150.15
3085.95
3085.95
1326.26
1326.26
46.45
46.45
46.45
22.25
2775.43
2775.43
2775.43
3134.65
3134.65
3092.34
3092.34
967.77
967.77
3117.66
3117.66
1563.69
1563.69
245.44
245.44
2987.82
2987.82
3404.81
3404.81
2841.81
2841.81
114.05
114.05
2953.50
947.72
947.72
947.72
2483.66
2483.66
3431.97
3431.97
3206.88
3206.88
3772.80
3244.68
3244.68
3244.68
3483.22
3483.22
3593.65
3593.65
3312.41
3312.41
3404.30
3404.30
3258.86
3258.86
3604.40
3251.16
3251.16
3251.16
2253.59
2253.59
2428.80
2428.80
990.36
990.36
769.86
769.86
3010.71
3010.71
2864.10
2864.10
23.13
23.13
3260.73
3260.73
3670.16
3670.16
3501.70
3501.70
3501.24
3760.86
3760.86
3760.86
3556.69
3556.69
11.87
11.87
3373.49
3373.49
25.21
25.21
1219.51
1219.51
1134.04
1134.04
17.07
17.07
296.08
296.08
3541.74
3541.74
3467.63
3467.63
3018.58
3018.58
1885.06
1885.06
3546.46
3546.46
3633.73
3633.73
69.09
69.09
3896.55
3896.55
3271.77
3271.77
465.47
465.47
3606.84
3606.84
3410.23
62.87
62.87
62.87
992.89
992.89
2453.98
2453.98
2919.80
2919.80
1172.67
1172.67
17.20
17.20
14.98
14.98
1502.06
1502.06
13.42
13.42
1684.95
1684.95
3626.56
3626.56
1782.01
1782.01
1114.86
1114.86
85.67
85.67
1971.18
1971.18
3395.17
3395.17
3493.30
3493.30
3339.74
3339.74
2860.30
2860.30
3003.53
3003.53
3471.29
3471.29
2150.28
2150.28
1509.46
1509.46
800.83
800.83
1236.62
1236.62
742.53
742.53
3469.55
3469.55
1545.07
1545.07
1545.07
1545.07
1545.07
1545.07
1545.07
1545.07
1545.07
1545.07
1545.07
1545.07
1545.07
1545.07
1545.07
1545.07
1545.07
1545.07
1545.07
1179.34
3349.43
93.70
93.70
2211.18
2211.18
15.97
15.97
1873.65
1873.65
40.73
40.73
98.80
98.80
676.26
676.26
351.55
351.55
3570.36
3570.36
2570.17
2570.17
15.87
15.87
30.05
30.05
3800.67
3800.67
299.97
299.97
3332.63
3332.63
3128.79
3128.79
702.36
702.36
1014.12
1014.12
2433.41
2433.41
22.79
22.79
3396.60
3396.60
1676.95
1676.95
34.23
34.23
1361.00
1361.00
3368.44
3368.44
3192.63
3192.63
66.32
66.32
4129.46
4129.46
4129.46
4129.46
15.81
15.81
1256.14
1256.14
3285.90
3285.90
3285.90
3285.90
3363.16
3363.16
3299.24
3299.24
3201.27
3201.27
3648.82
3648.82
163.59
163.59
369.66
369.66
369.66
369.66
369.66
369.66
369.66
369.66
369.66
369.66
369.66
369.66
946.49
3489.53
3489.53
3489.53
3489.53
3489.53
3489.53
3489.53
3489.53
3489.53
3489.53
3489.53
3489.53
3489.53
3489.53
3489.53
3489.53
3489.53
3489.53
3489.53
3489.53
3489.53
3489.53
3489.53
3489.53
3489.53
3489.53
3489.53
3489.53
3489.53
3489.53
3489.53
3489.53
3489.53
3489.53
3489.53
3489.53
3489.53
3489.53
3489.53
3489.53
3489.53
3489.53
3489.53
3489.53
3489.53
3489.53
3489.53
3489.53
3489.53
3489.53
3489.53
3489.53
3489.53
3489.53
3489.53
3489.53
3489.53
3489.53
3489.53
1515.91
