# 1Hz Kbps trace generated by import_real_world_traces.py
178.94
253.21
470.23
470.23
482.26
482.26
482.26
482.26
482.26
482.26
482.26
482.26
830.60
830.60
830.60
830.60
774.08
774.08
22.21
22.21
168.20
168.20
792.87
792.87
792.87
792.87
807.45
807.45
807.45
807.45
698.57
698.57
698.57
698.57
698.57
698.57
841.38
841.38
841.38
841.38
681.38
681.38
681.38
681.38
681.38
681.38
647.46
647.46
647.46
647.46
820.10
820.10
820.10
820.10
785.36
785.36
785.36
785.36
785.36
785.36
148.84
148.84
232.27
232.27
760.50
760.50
257.99
257.99
98.95
98.95
703.41
703.41
703.41
703.41
675.08
675.08
675.08
675.08
617.31
617.31
617.31
617.31
617.31
617.31
735.40
735.40
735.40
735.40
330.68
330.68
61.98
61.98
275.63
275.63
691.20
691.20
691.20
691.20
395.84
395.84
395.84
395.84
208.11
208.11
208.11
208.11
208.11
208.11
415.44
415.44
415.44
415.44
752.42
752.42
752.42
752.42
752.42
752.42
127.26
127.26
272.63
272.63
609.92
609.92
609.92
609.92
600.46
600.46
600.46
600.46
600.46
600.46
96.17
96.17
38.66
38.66
769.09
769.09
769.09
769.09
769.09
769.09
11.69
11.69
376.13
376.13
607.07
607.07
607.07
607.07
210.46
210.46
210.46
210.46
279.87
279.87
783.57
783.57
783.57
783.57
584.28
584.28
584.28
584.28
218.39
218.39
557.32
557.32
557.32
557.32
363.15
363.15
363.15
363.15
21.83
21.83
199.55
199.55
221.25
221.25
765.95
765.95
60.77
60.77
793.78
793.78
793.78
793.78
398.80
398.80
233.46
233.46
233.46
233.46
621.95
621.95
621.95
621.95
728.64
728.64
728.64
728.64
728.64
728.64
524.94
524.94
266.53
266.53
809.30
809.30
809.30
809.30
456.83
456.83
456.83
456.83
456.83
456.83
597.47
597.47
597.47
597.47
706.10
706.10
706.10
706.10
706.10
706.10
57.35
57.35
321.56
321.56
701.54
701.54
701.54
701.54
695.78
695.78
695.78
695.78
695.78
695.78
695.78
695.78
695.78
695.78
734.94
734.94
734.94
734.94
734.94
734.94
706.78
706.78
706.78
706.78
755.58
755.58
755.58
755.58
845.24
845.24
845.24
845.24
845.24
845.24
809.26
809.26
809.26
809.26
891.94
891.94
891.94
891.94
891.94
891.94
724.10
724.10
724.10
724.10
925.99
925.99
925.99
925.99
925.99
925.99
925.99
925.99
925.99
925.99
303.83
303.83
362.01
362.01
935.59
935.59
935.59
935.59
935.59
935.59
817.53
817.53
817.53
817.53
124.25
124.25
397.86
397.86
692.73
692.73
692.73
692.73
692.73
692.73
692.43
692.43
180.38
180.38
685.73
685.73
797.70
797.70
973.46
973.46
637.63
637.63
1363.14
1363.14
441.92
441.92
1291.57
1291.57
930.85
930.85
55.70
55.70
1272.23
1272.23
179.16
179.16
895.24
895.24
895.24
895.24
895.24
895.24
895.24
895.24
895.24
895.24
895.24
895.24
895.24
895.24
895.24
895.24
895.24
895.24
895.24
895.24
895.24
895.24
895.24
895.24
895.24
895.24
895.24
895.24
895.24
895.24
895.24
895.24
90.15
90.15
112.40
112.40
331.39
331.39
331.39
331.39
415.92
415.92
377.73
377.73
342.22
342.22
456.35
456.35
479.75
479.75
518.22
518.22
518.22
518.22
518.22
518.22
497.00
497.00
65.44
65.44
536.46
536.46
536.46
536.46
438.65
438.65
596.33
596.33
596.33
596.33
737.72
737.72
737.72
737.72
810.83
810.83
810.83
810.83
810.83
810.83
810.83
614.14
614.14
614.14
614.14
192.79
192.79
357.74
357.74
357.74
87.70
79.84
171.35
171.35
217.38
217.38
199.77
199.77
163.44
163.44
12.20
12.20
148.49
148.49
366.09
366.09
141.99
141.99
24.36
24.36
287.53
287.53
287.53
249.44
50.92
50.92
359.58
359.58
512.77
512.77
512.77
512.77
151.47
151.47
18.63
18.63
253.00
253.00
427.18
427.18
426.70
426.70
18.19
18.19
20.71
20.71
683.72
683.72
683.72
683.72
683.72
683.72
21.55
21.55
288.58
288.58
584.95
584.95
584.95
584.95
584.95
584.95
781.17
781.17
781.17
781.17
619.31
619.31
619.31
619.31
779.81
779.81
779.81
779.81
17.75
17.75
842.49
842.49
842.49
842.49
907.63
907.63
907.63
907.63
907.63
907.63
645.41
645.41
645.41
645.41
816.78
816.78
816.78
816.78
868.47
868.47
868.47
868.47
868.47
868.47
963.52
963.52
963.52
963.52
957.32
957.32
957.32
957.32
20.06
20.06
914.72
914.72
914.72
914.72
11.66
11.66
16.63
16.63
599.48
599.48
599.48
599.48
599.48
599.48
1036.64
1036.64
1036.64
1036.64
18.69
18.69
232.16
232.16
232.16
232.16
1001.44
1001.44
1001.44
1001.44
455.06
455.06
455.06
455.06
236.39
236.39
242.12
242.12
242.12
242.12
838.69
838.69
838.69
838.69
723.89
723.89
723.89
723.89
723.89
723.89
798.65
798.65
16.07
16.07
738.51
738.51
738.51
738.51
874.92
874.92
874.92
874.92
874.92
874.92
931.27
931.27
31.19
31.19
853.62
853.62
853.62
853.62
853.62
853.62
885.36
885.36
885.36
885.36
929.53
929.53
929.53
929.53
494.55
494.55
494.55
494.55
494.55
494.55
956.43
956.43
956.43
956.43
906.69
906.69
906.69
906.69
906.69
906.69
94.18
94.18
555.53
555.53
541.53
541.53
541.53
541.53
832.96
832.96
832.96
832.96
832.96
832.96
1017.74
1017.74
1017.74
1017.74
882.01
882.01
882.01
882.01
882.01
882.01
605.33
605.33
605.33
605.33
713.89
713.89
713.89
713.89
1080.13
1080.13
1080.13
1080.13
1080.13
1080.13
1109.98
1109.98
1109.98
1109.98
758.17
758.17
758.17
758.17
1124.47
1124.47
1124.47
1124.47
1124.47
1124.47
1106.15
1106.15
1283.58
1283.58
1233.16
1233.16
1233.16
1233.16
1233.16
1233.16
1233.16
1233.16
1233.16
1233.16
999.09
999.09
1054.22
1054.22
1198.78
1198.78
1198.78
1198.78
1198.78
1198.78
1101.85
1101.85
1101.85
1101.85
871.60
871.60
871.60
871.60
871.60
871.60
1193.15
1193.15
1193.15
1193.15
1193.15
1193.15
1193.15
1193.15
1042.60
1042.60
1042.60
1042.60
1042.60
1042.60
1042.60
1042.60
1042.60
1042.60
1042.60
1042.60
1042.60
1042.60
1042.60
1042.60
64.22
64.22
112.99
112.99
57.03
57.03
182.61
182.61
305.04
305.04
403.03
403.03
403.03
403.03
279.28
279.28
405.01
405.01
540.32
540.32
540.32
540.32
540.32
540.32
598.46
598.46
598.46
598.46
203.89
203.89
236.55
236.55
685.77
685.77
613.24
613.24
613.24
613.24
800.09
800.09
800.09
800.09
623.37
623.37
623.37
623.37
884.20
884.20
1220.13
1220.13
1369.93
1369.93
1359.17
1359.17
2061.36
2061.36
3110.74
3110.74
3110.74
3110.74
3110.74
3110.74
812.54
812.54
3519.11
3519.11
1569.54
1569.54
1569.54
1569.54
4240.53
4240.53
4162.84
4162.84
1626.31
1626.31
1646.52
1646.52
1646.52
1646.52
1646.52
1646.52
4297.12
4297.12
98.73
98.73
5140.09
5140.09
5140.09
5140.09
5140.09
5140.09
3684.23
3684.23
4104.13
4104.13
5656.11
5656.11
5656.11
5656.11
5656.11
5656.11
6030.93
6030.93
5181.28
5181.28
5835.96
5835.96
6501.26
6501.26
1045.53
1045.53
5949.98
5949.98
5949.98
5949.98
5949.98
5949.98
5971.65
5971.65
35.03
35.03
2841.40
2841.40
2841.40
2841.40
2841.40
2841.40
5754.47
5754.47
5754.47
