# 1Hz Kbps trace generated by import_real_world_traces.py
430.40
430.40
483.50
483.50
483.50
162.59
593.81
593.81
215.67
215.67
536.50
376.76
753.38
591.40
591.40
215.29
214.83
214.83
993.97
993.97
1719.97
1719.97
1342.49
1342.49
214.94
214.94
1734.04
1734.04
269.06
269.06
215.26
215.26
657.92
657.92
215.60
215.60
53.98
53.98
53.98
53.98
53.98
53.98
53.98
53.98
53.98
53.98
53.98
53.98
53.98
53.98
53.98
215.42
537.49
758.73
805.90
910.70
946.22
937.19
937.19
1121.79
1121.79
1171.21
1171.21
215.79
215.79
242.18
1384.45
1384.45
215.22
215.22
607.88
607.88
213.90
213.90
107.35
107.35
577.82
577.82
268.68
268.68
161.34
161.34
215.55
215.55
376.84
376.84
215.68
215.68
539.10
539.10
429.69
429.69
431.27
431.27
656.07
656.07
215.62
215.62
215.62
753.30
215.14
215.14
107.50
107.50
645.78
645.78
215.26
215.26
54.09
54.09
1125.88
1125.88
322.82
322.82
914.15
914.15
1128.68
1128.68
215.38
215.38
215.40
215.40
538.50
538.50
269.48
269.48
431.17
431.17
607.46
607.46
485.08
485.08
484.37
484.37
484.37
215.41
215.41
269.02
269.02
377.71
377.71
377.71
53.98
53.98
53.98
591.03
591.03
628.18
628.18
53.90
214.62
537.12
537.12
537.12
268.60
268.60
268.60
215.14
215.14
215.14
621.76
621.76
621.76
589.68
376.70
430.60
647.72
647.72
214.90
268.83
268.83
160.88
160.88
215.93
215.93
214.67
214.67
645.90
376.85
376.85
215.00
215.00
215.28
215.28
1240.27
1240.27
1237.27
1237.27
645.43
645.43
322.52
322.52
322.52
322.52
203.12
203.12
699.68
107.63
107.63
955.49
955.49
161.44
269.46
269.46
53.90
53.90
902.44
902.44
1236.18
1236.18
430.19
430.19
1267.88
1267.88
1185.75
1185.75
1185.75
1131.12
1131.12
1131.12
107.63
107.63
645.85
161.40
161.40
161.40
591.24
