# 1Hz Kbps trace generated by import_real_world_traces.py
1201.90
1214.89
1214.89
1214.89
1214.89
1457.73
1457.73
1457.73
1457.73
1239.33
1239.33
1239.33
1239.33
1239.33
1239.33
1490.07
1490.07
1490.07
1490.07
1550.95
1550.95
1550.95
1550.95
1639.30
1639.30
1639.30
1639.30
1639.30
1639.30
1527.19
1527.19
1527.19
1527.19
1736.74
1736.74
1736.74
1736.74
1736.74
1736.74
1679.36
1679.36
1679.36
1679.36
1766.57
1766.57
1766.57
1766.57
2025.40
2025.40
2025.40
2025.40
2025.40
2025.40
1687.81
1687.81
1687.81
1687.81
1835.35
1835.35
1835.35
1835.35
1835.35
1835.35
1947.52
1947.52
1786.17
1786.17
1416.51
1416.51
1419.05
1419.05
1667.54
1667.54
1667.54
1667.54
1667.54
1667.54
1836.22
1836.22
1836.22
1836.22
1757.85
1757.85
1715.88
1715.88
1715.88
1715.88
1640.86
1640.86
1640.86
1640.86
1638.44
1638.44
1638.44
1638.44
1805.73
1805.73
1805.73
1805.73
1673.62
1673.62
1602.90
1602.90
1602.90
1602.90
1631.65
1631.65
1780.59
1780.59
1782.49
1782.49
1564.36
1564.36
1080.47
1080.47
1866.03
1866.03
1979.64
1979.64
2048.77
2048.77
2040.62
2040.62
2040.62
2040.62
2059.34
2059.34
1747.50
1747.50
1747.50
1747.50
1747.50
1747.50
2143.54
2143.54
1795.39
1795.39
1795.39
1795.39
1795.39
1795.39
1795.39
1795.39
1815.39
1815.39
1815.39
1815.39
1815.39
1815.39
2015.22
2015.22
1783.82
1783.82
1971.93
1971.93
1621.42
1621.42
2147.01
2147.01
1777.73
1777.73
1777.73
1777.73
2060.41
2060.41
2060.41
2060.41
1988.84
1988.84
1988.84
1988.84
1988.84
1988.84
1988.84
1988.84
1988.84
1988.84
2016.44
2016.44
2016.44
2016.44
2016.44
2016.44
1554.42
1554.42
1554.42
1554.42
1554.42
1554.42
1554.42
1554.42
1554.42
1554.42
1554.42
1554.42
1554.42
1554.42
1554.42
1554.42
1554.42
1554.42
1554.42
1554.42
1554.42
1554.42
1815.65
1815.65
1815.65
1815.65
1815.65
1815.65
1815.65
1815.65
1815.65
1815.65
2047.38
2047.38
2047.38
2047.38
2047.38
2047.38
2047.38
2047.38
2047.38
2047.38
2011.68
2011.68
2011.68
2011.68
2049.57
2049.57
2049.57
2049.57
2049.57
2049.57
2083.75
2083.75
2083.75
2083.75
2073.57
2073.57
2073.57
2073.57
2073.57
2073.57
1986.63
1986.63
1986.63
1986.63
1740.02
1740.02
1740.02
1740.02
1848.04
1848.04
1848.04
1848.04
1848.04
1848.04
1944.79
1944.79
1944.79
1944.79
1944.79
1944.79
1944.79
1944.79
1944.79
1944.79
1856.46
1856.46
1856.46
1856.46
1769.83
1769.83
1769.83
1769.83
1769.83
1769.83
1769.83
1769.83
1769.83
1769.83
1769.83
1769.83
1769.83
1769.83
1769.83
1769.83
1769.83
1769.83
1769.83
1769.83
1769.83
1769.83
1769.83
1769.83
1769.83
1769.83
1769.83
1769.83
1769.83
1769.83
1769.83
1769.83
1769.83
1769.83
1769.83
1769.83
1769.83
1769.83
1769.83
1769.83
1769.83
1769.83
1769.83
1769.83
1769.83
1769.83
1769.83
1769.83
1769.83
1769.83
1769.83
1769.83
1769.83
1769.83
1769.83
1769.83
1769.83
1769.83
1769.83
1769.83
1769.83
1769.83
10.00
