# 1Hz Kbps trace generated by import_real_world_traces.py
532.72
528.57
486.33
515.85
515.85
549.48
549.48
269.22
269.22
523.49
523.49
551.38
551.38
424.23
424.23
516.76
516.76
516.76
21.84
21.84
506.13
506.13
497.25
497.25
522.12
522.12
524.12
524.12
524.12
233.11
233.11
518.58
518.58
327.58
327.58
551.84
551.84
502.98
502.98
502.98
524.34
524.34
524.34
524.34
543.45
543.45
527.34
527.34
29.21
104.59
531.62
531.62
531.62
531.62
531.62
279.20
279.20
530.80
248.02
492.27
492.27
426.55
426.55
426.55
426.55
490.13
490.13
530.29
530.29
530.29
513.02
429.34
429.34
429.34
429.34
494.82
494.82
494.82
465.79
465.79
525.31
525.31
470.66
470.66
17.16
17.16
17.16
489.68
511.03
511.03
489.30
489.30
432.02
432.02
481.74
538.87
456.68
456.68
519.59
519.59
469.81
469.81
469.81
461.78
461.78
174.87
174.87
174.87
174.87
174.87
53.64
361.51
136.33
136.33
136.33
520.52
508.68
508.68
504.71
500.13
500.13
507.85
507.85
527.24
527.24
527.24
455.81
519.54
550.78
550.78
268.01
268.01
268.01
268.01
506.84
506.84
532.22
532.22
532.22
532.22
477.56
497.17
514.58
514.58
13.88
13.88
517.95
517.95
21.61
21.61
546.52
546.52
534.99
534.99
140.22
140.22
140.22
542.12
542.12
35.22
35.22
35.22
486.84
447.69
447.69
529.39
529.39
538.73
49.90
49.90
517.97
517.97
511.93
511.93
516.54
516.54
121.61
121.61
529.35
529.35
495.28
495.28
476.17
476.17
511.58
511.58
540.59
540.59
511.01
511.01
351.80
351.80
522.87
522.87
544.80
544.80
459.26
459.26
251.13
251.13
548.14
548.14
31.86
31.86
318.55
