# 1Hz Kbps trace generated by import_real_world_traces.py
30.49
1429.10
723.35
1471.34
1471.34
1618.76
359.61
359.61
1620.33
1153.11
1811.26
1730.41
1871.66
1781.82
1521.75
1521.75
1937.31
1658.60
1658.60
1246.47
1246.47
1246.47
1410.00
1410.00
1924.96
1924.96
1534.41
1534.41
1277.98
563.33
1070.16
1070.16
1630.89
1546.17
1546.17
1211.45
1211.45
138.50
1336.86
1336.86
1725.98
1725.98
729.13
729.13
1880.29
1880.29
1521.23
1521.23
75.84
75.84
1378.18
1378.18
1278.68
1278.68
1327.16
1327.16
1327.16
1170.23
1712.79
1712.79
1592.70
1592.70
1357.78
1357.78
1143.95
1143.95
636.71
636.71
885.37
885.37
1669.44
1669.44
1991.17
1991.17
2016.34
2016.34
1871.49
1871.49
10.00
10.00
1562.46
1562.46
1718.25
1718.25
1526.60
1526.60
1822.68
1822.68
1687.49
1687.49
253.28
253.28
1186.52
1186.52
1549.99
1549.99
1899.64
1899.64
1506.31
1506.31
92.76
92.76
969.54
969.54
1755.74
1755.74
1810.41
1810.41
1962.41
1962.41
1645.58
1645.58
1492.37
1492.37
1331.29
1331.29
1331.29
1925.14
1925.14
1809.30
1335.38
1335.38
1574.74
1574.74
1825.67
1825.67
1825.67
1825.67
750.65
750.65
750.65
1630.13
1630.13
1838.14
1838.14
15.73
15.73
1610.77
1610.77
616.29
616.29
1417.29
1913.56
1913.56
1440.74
1440.74
1528.65
1528.65
1435.09
1435.09
1385.06
1385.06
1385.06
1426.90
1426.90
900.04
900.04
900.04
1464.57
1464.57
1319.13
1319.13
1058.66
1058.66
1831.79
1831.79
2227.38
2227.38
1468.91
1468.91
1382.82
1382.82
1678.98
1678.98
1721.00
1721.00
1477.51
1477.51
1641.13
1641.13
1420.25
1420.25
1826.34
1826.34
1934.82
1934.82
2023.30
2023.30
1721.52
1721.52
1970.40
1970.40
1921.85
1921.85
559.28
559.28
559.28
559.28
967.89
967.89
1899.31
1899.31
1616.32
1616.32
1890.47
1890.47
1886.14
1886.14
1846.76
1846.76
1846.76
1846.76
477.24
477.24
918.62
918.62
918.62
918.62
1928.15
1928.15
1909.70
1909.70
1743.18
1743.18
1304.99
1304.99
1773.00
1773.00
1049.87
1049.87
1901.60
1901.60
1983.31
1983.31
1618.35
1618.35
1910.65
1910.65
1791.37
1791.37
1791.37
1063.21
1063.21
1188.11
1188.11
1781.45
401.65
401.65
399.07
399.07
992.96
992.96
1461.65
1461.65
1461.65
1606.80
1606.80
1450.24
1450.24
1939.61
1939.61
1892.87
1743.88
1743.88
1889.69
1889.69
1889.69
1678.24
1590.59
1590.59
1624.68
1624.68
1075.53
1075.53
629.83
629.83
1511.96
1511.96
1511.96
1322.96
938.73
938.73
1065.23
1065.23
950.96
950.96
1052.14
1052.14
965.71
965.71
1968.93
1968.93
1877.56
1877.56
1610.22
1610.22
1610.22
1459.56
1459.56
1679.68
1679.68
1412.30
1692.76
1692.76
1509.31
1509.31
1706.07
1706.07
1305.96
1305.96
179.31
179.31
2024.60
2024.60
294.96
294.96
1399.17
1399.17
1399.17
1589.02
15.86
15.86
1746.45
1746.45
1803.09
1803.09
1611.57
1611.57
540.62
540.62
617.35
617.35
617.35
466.84
466.84
466.84
478.40
478.40
478.40
602.28
602.28
602.28
668.27
668.27
668.27
870.75
261.05
261.05
261.05
1618.75
1618.75
234.86
234.86
134.49
134.49
1799.51
1799.51
148.21
148.21
148.21
1532.05
1532.05
1532.05
1532.05
1532.05
880.88
880.88
880.88
880.88
1095.90
1095.90
832.17
938.92
1201.29
1284.80
1497.50
1298.19
1298.19
886.62
886.62
1255.07
1255.07
1414.52
1414.52
1288.56
1288.56
1378.85
1378.85
1378.85
1378.85
1378.85
1349.65
1450.53
1450.53
1450.53
889.33
889.33
1421.45
1421.45
1056.85
1056.85
1163.90
1163.90
717.13
717.13
891.24
891.24
885.00
885.00
1013.60
1013.60
925.72
925.72
776.90
776.90
119.09
119.09
791.71
791.71
693.42
693.42
1428.83
1428.83
1752.68
1752.68
1059.94
1059.94
1002.10
1002.10
1591.47
1591.47
1134.85
1134.85
1574.58
1574.58
1010.97
1010.97
1163.10
1163.10
760.91
760.91
356.75
356.75
1201.85
1201.85
724.34
724.34
904.49
904.49
904.49
904.49
904.49
904.49
697.48
697.48
1353.89
1353.89
1021.33
1021.33
816.04
816.04
722.63
722.63
687.62
687.62
950.59
950.59
586.63
586.63
1214.73
1214.73
1066.99
1066.99
1511.76
1511.76
1527.93
1527.93
1465.96
1465.96
127.18
127.18
1474.24
1474.24
1474.24
1474.24
1040.49
1040.49
1378.46
1378.46
1912.98
1912.98
1922.80
1922.80
1190.47
1190.47
1103.03
1103.03
1118.41
1118.41
1645.70
1645.70
1959.26
1959.26
1811.60
1811.60
2238.99
2238.99
1419.38
1419.38
1415.63
1415.63
1434.30
1434.30
963.89
963.89
1408.08
1408.08
839.79
839.79
567.26
567.26
1454.76
1454.76
634.29
634.29
1199.34
1199.34
280.27
280.27
900.76
900.76
760.04
760.04
760.04
728.68
728.68
728.68
728.68
728.68
575.52
575.52
575.52
575.52
894.58
894.58
894.58
642.80
642.80
802.29
802.29
802.29
994.39
994.39
994.39
994.39
1240.10
807.45
807.45
549.13
549.13
549.13
1078.74
1078.74
794.92
794.92
860.38
751.62
1241.19
1527.65
1527.65
1527.65
531.50
531.50
531.50
531.50
619.75
356.95
356.95
356.95
390.99
390.99
799.31
799.31
380.33
380.33
585.11
585.11
514.50
514.50
514.50
646.94
295.91
295.91
315.38
315.38
620.89
620.89
10.00
622.98
622.98
622.98
196.38
196.38
252.97
642.14
571.64
571.64
487.62
487.62
487.62
487.62
487.62
487.62
269.80
269.80
437.67
52.28
365.83
530.77
530.77
833.06
833.06
833.06
833.06
176.57
176.57
176.57
278.46
278.46
537.47
497.05
497.05
625.19
809.46
809.46
857.20
857.20
857.20
1223.72
1223.72
432.84
432.84
944.21
944.21
944.21
779.38
779.38
779.38
779.38
681.84
681.84
681.84
681.84
557.54
779.18
1290.30
