# 1Hz Kbps trace generated by import_real_world_traces.py
488.85
1098.70
804.73
723.65
2154.85
166.11
565.83
2170.64
2170.64
1601.95
1601.95
2158.96
2158.96
916.71
916.71
348.70
348.70
207.13
207.13
1759.99
1759.99
1558.79
1558.79
1796.86
1796.86
2034.62
2034.62
2157.39
2157.39
1840.81
1840.81
2048.20
2048.20
2092.81
2092.81
1697.11
1697.11
135.83
135.83
1343.46
1343.46
1741.96
1741.96
90.90
90.90
754.79
754.79
269.83
269.83
1580.40
1580.40
1992.37
1992.37
596.30
596.30
596.30
870.41
1588.62
1588.62
1626.13
1626.13
941.50
941.50
127.27
127.27
1368.93
1368.93
1849.84
1849.84
1810.79
1810.79
759.50
759.50
276.03
276.03
568.79
568.79
2405.35
2405.35
2130.41
2130.41
459.36
459.36
1219.61
1219.61
41.32
41.32
2025.22
2025.22
295.04
295.04
183.14
183.14
1302.14
1302.14
28.47
28.47
1759.62
1759.62
1699.51
1699.51
1606.02
1606.02
1440.36
1440.36
576.37
576.37
2106.37
2106.37
2447.78
2447.78
1398.35
1398.35
289.07
289.07
1754.33
1754.33
1273.44
1273.44
244.81
244.81
1801.31
1801.31
2258.88
2258.88
2032.55
2032.55
2135.06
2135.06
858.06
858.06
915.77
