# 1Hz Kbps trace generated by import_real_world_traces.py
1198.48
3016.15
4706.60
4706.60
956.25
956.25
1220.24
1220.24
1220.24
1220.24
1220.24
1220.24
1220.24
1220.24
1220.24
1220.24
1220.24
1220.24
1220.24
1220.24
2993.89
2993.89
3110.13
3110.13
3363.12
3363.12
3363.12
3363.12
3363.12
3363.12
3363.12
3363.12
3363.12
3363.12
3363.12
3363.12
3363.12
3363.12
3363.12
3363.12
3363.12
3363.12
3363.12
3363.12
6090.41
6090.41
1007.57
1007.57
39.37
39.37
929.51
929.51
1200.46
1200.46
1200.46
1200.46
1200.46
1200.46
1200.46
1200.46
1200.46
1200.46
1200.46
1200.46
1200.46
1200.46
1200.46
1200.46
1200.46
1200.46
1259.09
1259.09
1259.09
1259.09
3154.95
3154.95
3154.95
3154.95
3154.95
3154.95
3154.95
3154.95
3154.95
3154.95
3154.95
3154.95
3154.95
3154.95
3154.95
3154.95
3154.95
3154.95
4720.58
4720.58
1030.97
1030.97
5216.93
5216.93
3748.31
3748.31
820.80
820.80
913.69
913.69
1256.63
1256.63
1256.63
1256.63
1256.63
1256.63
443.00
443.00
950.99
950.99
16.77
16.77
17.72
17.72
2811.30
2811.30
2811.30
2811.30
39.49
39.49
296.89
296.89
938.95
938.95
938.95
938.95
938.95
938.95
938.95
938.95
938.95
938.95
2223.78
2223.78
2729.43
2729.43
2729.43
2729.43
2729.43
2729.43
647.94
647.94
599.15
599.15
798.90
798.90
837.62
837.62
957.37
957.37
911.59
911.59
617.42
617.42
1340.13
1340.13
1733.65
1733.65
102.18
102.18
322.78
322.78
714.82
714.82
714.82
714.82
714.82
714.82
714.82
714.82
730.60
730.60
730.60
730.60
299.45
299.45
333.85
333.85
312.75
312.75
438.06
438.06
100.92
100.92
147.86
147.86
361.91
361.91
361.91
361.91
389.72
389.72
389.72
389.72
331.74
331.74
331.74
331.74
487.18
487.18
551.68
551.68
561.91
561.91
594.52
594.52
594.52
594.52
594.52
594.52
569.10
569.10
569.10
569.10
664.59
664.59
664.59
664.59
692.10
692.10
692.10
692.10
692.10
692.10
708.44
708.44
919.28
919.28
120.89
120.89
187.19
187.19
187.19
187.19
738.47
738.47
738.47
738.47
868.01
868.01
868.01
868.01
853.02
853.02
853.02
853.02
853.02
853.02
812.10
812.10
812.10
812.10
829.03
829.03
829.03
829.03
829.03
829.03
10.00
10.00
259.62
259.62
905.15
905.15
905.15
905.15
926.41
926.41
926.41
926.41
926.41
926.41
831.09
831.09
831.09
831.09
901.00
901.00
901.00
901.00
901.00
901.00
813.45
813.45
813.45
813.45
834.07
834.07
834.07
834.07
849.41
849.41
849.41
849.41
849.41
849.41
885.21
885.21
885.21
885.21
715.90
715.90
715.90
715.90
1368.79
1368.79
40.56
40.56
450.59
450.59
650.70
650.70
650.70
650.70
650.70
650.70
311.22
311.22
312.50
312.50
1037.44
1037.44
1296.24
1296.24
1755.62
1755.62
1755.62
1755.62
1914.11
1914.11
1914.11
1914.11
1914.11
1914.11
2673.61
2673.61
1349.33
1349.33
2214.19
2214.19
2214.19
2214.19
2214.19
2214.19
2214.19
2214.19
2214.19
2214.19
2214.19
2214.19
2214.19
2214.19
2214.19
2214.19
2214.19
2214.19
2982.52
2982.52
2982.52
2982.52
2982.52
2982.52
2982.52
2982.52
2982.52
2982.52
2982.52
2982.52
399.69
399.69
399.69
399.69
529.35
529.35
759.12
759.12
1491.93
1491.93
1917.15
1917.15
1244.82
1244.82
1244.82
1244.82
1244.82
1244.82
1244.82
1244.82
1244.82
1244.82
1244.82
1244.82
1244.82
1244.82
3018.95
3018.95
3018.95
3018.95
3018.95
3018.95
3018.95
3018.95
1135.51
1135.51
1135.51
1135.51
1135.51
1135.51
1135.51
1135.51
1135.51
1135.51
2662.99
2662.99
2222.51
2222.51
2222.51
2222.51
2222.51
2222.51
368.69
368.69
1100.68
1100.68
1100.68
1100.68
1100.68
1100.68
1100.68
1100.68
1100.68
1100.68
1100.68
1100.68
1100.68
1100.68
497.58
497.58
532.30
532.30
566.47
566.47
566.47
566.47
505.89
505.89
606.07
606.07
660.05
660.05
660.05
660.05
660.05
660.05
707.48
707.48
707.48
707.48
578.47
578.47
578.47
578.47
578.47
578.47
756.68
756.68
756.68
756.68
680.42
680.42
692.13
692.13
353.00
353.00
370.51
370.51
874.56
874.56
184.41
184.41
471.92
471.92
718.77
718.77
718.77
718.77
796.17
796.17
949.79
949.79
909.79
909.79
933.64
933.64
933.64
933.64
882.15
882.15
882.15
882.15
882.15
882.15
882.15
882.15
882.15
882.15
882.15
882.15
882.15
882.15
882.15
882.15
882.15
882.15
882.15
882.15
753.17
753.17
753.17
753.17
753.17
753.17
753.17
753.17
753.17
753.17
873.96
873.96
873.96
873.96
841.64
841.64
854.33
854.33
854.33
854.33
834.75
834.75
1126.88
1126.88
1007.17
1007.17
1007.17
1007.17
1007.17
1007.17
1007.17
1007.17
1007.17
1007.17
1007.17
1007.17
1007.17
1007.17
1007.17
1007.17
1007.17
1007.17
1007.17
1007.17
738.94
738.94
738.94
738.94
182.83
182.83
194.00
194.00
677.95
677.95
677.95
677.95
677.95
677.95
135.51
135.51
363.51
363.51
602.67
602.67
602.67
602.67
602.67
602.67
1008.10
1008.10
1227.98
1227.98
1227.98
1227.98
1227.98
1227.98
1227.98
1227.98
1227.98
1227.98
1227.98
1227.98
1227.98
1227.98
1227.98
1227.98
1227.98
1227.98
1227.98
1227.98
1227.98
1227.98
233.36
233.36
233.36
233.36
270.53
270.53
285.89
285.89
361.96
361.96
312.92
312.92
312.92
312.92
323.17
323.17
377.11
377.11
257.46
257.46
257.46
257.46
257.46
257.46
527.74
527.74
527.74
527.74
470.26
470.26
470.26
470.26
581.35
581.35
581.35
581.35
581.35
581.35
604.52
604.52
604.52
604.52
473.98
473.98
473.98
473.98
473.98
473.98
537.45
537.45
537.45
537.45
654.44
654.44
654.44
654.44
654.44
367.85
367.85
367.85
367.85
367.85
748.06
748.06
748.06
748.06
644.59
644.59
644.59
644.59
644.59
644.59
759.40
759.40
759.40
759.40
699.26
699.26
699.26
699.26
797.73
797.73
797.73
797.73
797.73
862.52
805.80
805.80
805.80
805.80
849.29
849.29
849.29
849.29
849.29
849.29
892.50
892.50
892.50
892.50
857.28
857.28
857.28
857.28
857.28
857.28
857.28
857.28
857.28
857.28
809.16
809.16
809.16
60.21
498.64
498.64
498.64
498.64
498.64
498.64
1111.88
1111.88
1111.88
1111.88
1111.88
1111.88
1111.88
1111.88
1111.88
1111.88
1111.88
1111.88
1111.88
1111.88
1111.88
1111.88
1111.88
1111.88
1111.88
1111.88
1111.88
1111.88
1111.88
1111.88
818.47
818.47
660.48
660.48
660.48
660.48
660.48
660.48
660.48
660.48
660.48
660.48
596.70
596.70
736.48
736.48
736.48
736.48
736.48
736.48
736.48
736.48
1242.27
1242.27
1242.27
1437.09
1437.09
1437.09
1437.09
1437.09
1437.09
1437.09
1437.09
1437.09
1437.09
1437.09
1437.09
1437.09
1437.09
1437.09
1437.09
1437.09
1437.09
1437.09
1437.09
1437.09
1311.23
1311.23
1311.23
920.91
920.91
10.00
623.50
623.50
193.74
193.74
193.74
596.15
596.15
596.15
596.15
596.15
596.15
624.77
624.77
624.77
624.77
624.77
624.77
624.77
624.77
624.77
696.91
696.91
696.91
696.91
696.91
696.91
696.91
696.91
696.91
696.91
696.91
696.91
696.91
696.91
696.91
696.91
696.91
696.91
696.91
696.91
696.91
696.91
696.91
696.91
1330.67
1330.67
1330.67
1330.67
1330.67
1330.67
1330.67
1330.67
1330.67
1330.67
1330.67
1330.67
1330.67
1330.67
1330.67
1330.67
1330.67
1330.67
1330.67
1330.67
1330.67
1330.67
1330.67
1330.67
1238.73
1238.73
1238.73
1238.73
1238.73
1238.73
1238.73
1238.73
1238.73
1238.73
1238.73
1238.73
1238.73
1238.73
1238.73
1238.73
1238.73
1238.73
1238.73
1238.73
1238.73
1238.73
1238.73
1238.73
900.86
900.86
900.86
900.86
793.50
793.50
793.50
793.50
693.08
693.08
693.08
693.08
693.08
693.08
817.50
817.50
817.50
817.50
768.01
768.01
768.01
768.01
768.01
768.29
768.29
768.29
768.29
768.29
768.29
644.89
644.89
644.89
644.89
609.16
609.16
609.16
609.16
780.66
780.66
124.02
124.02
777.59
777.59
824.20
824.20
824.20
824.20
813.07
813.07
813.07
813.07
813.07
813.07
833.30
833.30
325.73
325.73
775.62
775.62
775.62
775.62
13.60
13.60
680.45
680.45
680.45
680.45
154.24
154.24
429.61
429.61
647.78
647.78
647.78
647.78
729.65
729.65
656.53
656.53
826.66
826.66
730.00
730.00
826.68
826.68
826.68
826.68
775.60
775.60
775.60
775.60
740.46
740.46
740.46
740.46
662.24
662.24
662.24
662.24
662.24
662.24
671.32
671.32
671.32
671.32
671.32
671.32
671.32
671.32
64.76
64.76
822.07
822.07
822.07
822.07
776.42
776.42
776.42
776.42
751.55
751.55
715.13
715.13
233.13
233.13
766.44
766.44
766.44
766.44
725.46
725.46
349.43
349.43
10.00
10.00
104.39
104.39
292.01
292.01
718.90
718.90
718.90
718.90
729.54
729.54
729.54
729.54
729.54
729.54
729.54
729.54
729.54
729.54
692.68
692.68
692.68
692.68
692.68
692.68
824.01
824.01
824.01
824.01
859.78
859.78
859.78
859.78
841.19
841.19
841.19
841.19
841.19
841.19
841.19
841.19
841.19
841.19
762.95
762.95
762.95
762.95
762.95
762.95
778.15
778.15
778.15
778.15
749.85
749.85
749.85
749.85
749.85
749.85
749.85
749.85
749.85
749.85
749.85
749.85
888.95
888.95
773.01
773.01
939.74
939.74
939.74
939.74
924.36
924.36
924.36
924.36
832.36
832.36
832.36
832.36
883.28
883.28
883.28
883.28
883.28
883.28
609.18
609.18
609.18
609.18
794.18
794.18
901.66
901.66
1103.31
1103.31
1073.75
1073.75
1073.75
1073.75
1073.75
1073.75
1073.75
1073.75
1073.75
1073.75
1073.75
1073.75
1073.75
1073.75
1073.75
1073.75
1073.75
1073.75
1073.75
1073.75
1073.75
1073.75
554.17
554.17
465.72
465.72
465.72
465.72
501.27
501.27
501.27
501.27
572.39
572.39
572.39
572.39
572.39
572.39
594.37
594.37
594.37
594.37
583.42
583.42
799.74
799.74
869.78
869.78
1026.91
1026.91
1026.91
1026.91
762.89
762.89
762.89
762.89
803.63
803.63
803.63
803.63
803.63
803.63
855.04
855.04
855.04
855.04
882.36
882.36
882.36
882.36
868.66
868.66
868.66
868.66
862.69
862.69
868.20
868.20
1039.69
1039.69
695.21
695.21
695.21
695.21
695.21
695.21
695.21
695.21
695.21
695.21
941.83
941.83
941.83
941.83
900.59
900.59
900.59
900.59
900.59
900.59
885.90
885.90
885.90
885.90
891.20
891.20
891.20
891.20
891.20
891.20
891.20
891.20
891.20
891.20
13.62
13.62
93.12
93.12
901.08
901.08
291.82
291.82
372.75
372.75
780.06
780.06
780.06
780.06
780.06
780.06
780.06
780.06
780.06
780.06
713.96
713.96
107.77
107.77
719.42
719.42
719.42
719.42
809.92
809.92
809.92
809.92
809.92
809.92
809.92
809.92
809.92
809.92
688.75
688.75
688.75
688.75
688.75
688.75
810.05
810.05
810.05
810.05
840.67
840.67
840.67
840.67
564.10
564.10
564.10
564.10
564.10
564.10
720.36
720.36
720.36
720.36
886.50
886.50
886.50
886.50
886.50
886.50
811.91
811.91
811.91
811.91
856.19
856.19
856.19
856.19
871.10
871.10
871.10
871.10
871.10
871.10
580.26
580.26
580.26
580.26
814.00
814.00
814.00
814.00
814.00
814.00
814.00
814.00
814.00
814.00
800.67
800.67
800.67
800.67
733.92
733.92
733.92
733.92
733.92
733.92
778.89
778.89
778.89
778.89
346.49
346.49
346.49
346.49
346.49
346.49
924.96
924.96
924.96
924.96
875.56
875.56
936.63
936.63
819.42
819.42
819.42
819.42
819.42
819.42
139.86
139.86
271.32
271.32
761.93
761.93
761.93
761.93
761.93
761.93
918.19
918.19
918.19
918.19
670.41
670.41
670.41
670.41
917.44
917.44
917.44
917.44
917.44
917.44
779.38
779.38
779.38
779.38
785.58
785.58
785.58
785.58
785.58
785.58
786.46
786.46
786.46
786.46
831.61
831.61
831.61
831.61
780.01
780.01
306.07
306.07
894.02
894.02
882.31
882.31
909.95
909.95
868.55
868.55
868.55
868.55
868.55
868.55
716.56
716.56
716.56
716.56
809.84
809.84
809.84
809.84
839.05
839.05
839.05
839.05
839.05
839.05
706.94
706.94
706.94
706.94
752.70
752.70
752.70
752.70
752.70
752.70
806.38
806.38
806.38
806.38
662.82
662.82
662.82
662.82
902.62
902.62
956.64
956.64
1158.76
1158.76
1158.76
1158.76
1158.76
1158.76
1158.76
1158.76
961.98
961.98
1103.64
1103.64
1103.64
1103.64
1103.64
1103.64
1319.51
1319.51
1013.00
1013.00
124.30
124.30
153.93
153.93
324.33
324.33
499.63
499.63
499.63
499.63
590.88
590.88
590.88
590.88
590.88
590.88
626.78
626.78
626.78
626.78
606.43
606.43
606.43
606.43
469.42
469.42
40.98
40.98
332.18
332.18
241.51
241.51
611.69
611.69
598.11
598.11
598.11
598.11
598.11
598.11
151.53
151.53
234.33
234.33
494.58
494.58
494.58
494.58
634.66
634.66
634.66
634.66
634.66
634.66
675.33
675.33
675.33
675.33
651.34
651.34
651.34
651.34
651.34
651.34
679.71
679.71
679.71
679.71
672.48
672.48
672.48
672.48
667.19
667.19
667.19
667.19
667.19
667.19
596.77
596.77
596.77
596.77
722.82
722.82
722.82
722.82
722.82
722.82
816.51
816.51
816.51
816.51
765.05
765.05
765.05
765.05
310.16
310.16
464.80
464.80
464.80
464.80
97.23
97.23
348.26
348.26
777.34
777.34
777.34
777.34
777.34
777.34
846.78
846.78
846.78
846.78
830.25
830.25
488.38
488.38
881.09
881.09
881.09
881.09
881.09
881.09
881.09
881.09
881.09
881.09
881.09
881.09
881.09
881.09
881.09
881.09
839.73
839.73
971.34
971.34
865.66
865.66
865.66
865.66
865.66
865.66
865.66
865.66
865.66
865.66
865.66
865.66
865.66
865.66
865.66
865.66
865.66
865.66
865.66
865.66
1214.43
1214.43
1214.43
1214.43
1214.43
1214.43
1214.43
1214.43
1214.43
1214.43
1214.43
1214.43
931.61
931.61
1278.22
1278.22
1278.22
1278.22
1278.22
1278.22
1045.24
1045.24
1045.24
1045.24
1311.72
1311.72
1449.23
1449.23
1449.23
1449.23
1449.23
1449.23
647.64
647.64
647.64
647.64
647.64
647.64
657.44
657.44
657.44
657.44
662.08
662.08
662.08
662.08
662.08
662.08
662.08
662.08
662.08
662.08
662.08
662.08
662.08
662.08
662.08
662.08
662.08
662.08
662.08
662.08
293.13
293.13
310.44
310.44
392.00
392.00
471.64
471.64
531.07
531.07
596.57
596.57
473.40
473.40
710.70
710.70
710.70
647.57
685.97
685.97
79.58
79.58
388.15
388.15
550.06
550.06
550.06
550.06
789.90
789.90
789.90
789.90
742.90
742.90
742.90
742.90
742.90
742.90
742.90
671.72
671.72
671.72
661.76
661.76
661.76
661.76
661.76
661.76
791.43
791.43
705.11
705.11
754.29
754.29
754.29
754.29
796.43
796.43
796.43
796.43
796.43
796.43
796.43
456.62
456.62
456.62
766.19
766.19
766.19
766.19
766.19
766.19
864.71
864.71
864.71
864.71
785.32
785.32
711.55
711.55
813.19
813.19
813.19
836.14
869.43
869.43
782.84
782.84
782.84
912.62
750.55
750.55
750.55
750.55
959.64
959.64
959.64
959.64
959.64
959.64
959.64
848.46
848.46
848.46
791.05
791.05
791.05
791.05
791.05
791.05
742.76
742.76
742.76
742.76
742.76
653.02
653.02
653.02
653.02
653.02
653.02
653.02
653.02
653.02
653.02
653.02
653.02
653.02
653.02
653.02
653.02
653.02
653.02
653.02
848.48
848.48
848.48
848.48
848.48
848.48
910.21
910.21
910.21
910.21
910.21
910.21
910.21
910.21
868.39
868.39
868.39
868.39
748.02
748.02
851.34
851.34
830.00
830.00
907.57
907.57
820.99
820.99
820.99
615.59
615.59
615.59
10.00
10.00
583.97
583.97
583.97
583.97
610.77
610.77
279.91
279.91
279.91
243.66
298.82
298.82
341.33
341.33
434.65
434.65
434.65
434.65
196.92
196.92
196.92
196.92
430.14
430.14
518.26
518.26
568.98
568.98
565.52
565.52
565.52
565.52
555.01
555.01
555.01
555.01
555.01
555.01
590.90
590.90
590.90
575.11
575.11
577.04
799.00
799.00
799.00
748.30
748.30
748.30
748.30
748.30
748.30
759.40
759.40
759.40
759.40
698.71
698.71
698.71
698.71
698.71
698.71
850.63
850.63
850.63
850.63
864.75
864.75
864.75
864.75
716.17
716.17
716.17
716.17
716.17
716.17
825.83
825.83
825.83
825.83
802.35
802.35
802.35
802.35
802.35
802.35
590.13
590.13
590.13
590.13
826.05
826.05
826.05
826.05
826.05
826.05
890.08
890.08
890.08
890.08
876.78
876.78
876.78
876.78
613.64
613.64
613.64
613.64
613.64
613.64
613.64
613.64
613.64
613.64
824.87
824.87
824.87
824.87
949.50
949.50
949.50
949.50
949.50
949.50
763.01
763.01
763.01
763.01
788.72
788.72
788.72
788.72
788.72
788.72
692.00
692.00
692.00
692.00
823.22
823.22
823.22
823.22
823.22
823.22
365.07
365.07
1078.43
1078.43
859.75
859.75
859.75
859.75
823.58
823.58
823.58
823.58
823.58
823.58
823.58
823.58
289.55
289.55
528.86
528.86
528.86
528.86
785.39
785.39
785.39
785.39
785.39
785.39
727.11
727.11
727.11
727.11
727.11
727.11
727.11
727.11
727.11
727.11
780.44
780.44
780.44
780.44
777.27
777.27
777.27
777.27
777.27
777.27
859.25
859.25
859.25
859.25
784.55
784.55
784.55
784.55
785.70
785.70
785.70
785.70
785.70
785.70
696.56
696.56
696.56
696.56
843.42
843.42
843.42
843.42
843.42
843.42
723.07
723.07
908.74
908.74
885.39
885.39
885.39
885.39
886.17
886.17
748.27
748.27
879.51
879.51
852.05
852.05
852.05
852.05
845.90
845.90
965.39
965.39
863.80
863.80
863.80
863.80
863.80
863.80
801.63
801.63
801.63
801.63
799.97
799.97
799.97
799.97
650.45
650.45
650.45
650.45
650.45
650.45
650.45
650.45
650.45
650.45
650.45
650.45
650.45
650.45
650.45
650.45
650.45
650.45
650.45
650.45
608.54
608.54
608.54
608.54
608.54
608.54
385.35
385.35
385.35
385.35
608.06
608.06
608.06
608.06
576.32
576.32
213.11
213.11
213.11
213.11
650.67
650.67
650.67
650.67
595.65
595.65
595.65
595.65
595.65
595.65
635.68
635.68
635.68
635.68
708.42
708.42
708.42
708.42
703.93
703.93
703.93
703.93
703.93
703.93
650.63
650.63
650.63
650.63
713.80
713.80
713.80
713.80
713.80
713.80
693.43
693.43
693.43
693.43
490.06
490.06
490.06
490.06
749.00
749.00
749.00
749.00
749.00
749.00
853.10
853.10
853.10
853.10
737.07
737.07
538.37
538.37
538.37
538.37
745.36
745.36
745.36
745.36
717.63
717.63
717.63
717.63
747.94
747.94
747.94
747.94
747.94
747.94
817.17
817.17
817.17
817.17
682.96
682.96
886.66
886.66
886.66
886.66
626.45
626.45
626.45
626.45
622.56
622.56
622.56
622.56
736.11
736.11
736.11
736.11
736.11
736.11
889.07
889.07
889.07
889.07
410.89
410.89
410.89
410.89
410.89
410.89
697.21
697.21
697.21
697.21
626.51
626.51
626.51
626.51
837.79
837.79
837.79
837.79
837.79
837.79
733.60
733.60
733.60
733.60
798.85
798.85
791.01
791.01
791.01
791.01
614.20
614.20
787.87
787.87
776.59
776.59
940.30
940.30
819.12
819.12
819.12
819.12
819.12
819.12
772.58
772.58
772.58
772.58
738.62
738.62
738.62
738.62
738.62
738.62
993.03
993.03
993.03
993.03
993.03
993.03
993.03
993.03
993.03
993.03
993.03
993.03
993.03
993.03
993.03
993.03
993.03
993.03
1097.93
1097.93
1207.29
1207.29
1207.29
1207.29
89.07
89.07
399.74
399.74
564.27
564.27
564.27
564.27
588.33
588.33
588.33
588.33
588.33
588.33
596.38
596.38
596.38
596.38
599.07
599.07
599.07
599.07
599.07
599.07
1010.00
1010.00
1010.00
1010.00
1010.00
1010.00
1010.00
1010.00
599.54
599.54
599.54
599.54
599.54
599.54
599.54
599.54
599.54
599.54
426.92
426.92
510.65
510.65
438.92
438.92
352.71
352.71
579.74
579.74
600.12
600.12
600.12
600.12
608.92
608.92
698.26
698.26
625.21
625.21
687.04
687.04
687.04
687.04
606.79
606.79
606.79
606.79
683.18
683.18
683.18
683.18
683.18
683.18
730.19
730.19
730.19
730.19
745.95
745.95
745.95
745.95
745.95
745.95
702.90
702.90
702.90
702.90
761.59
761.59
761.59
761.59
702.13
702.13
702.13
702.13
702.13
702.13
662.12
662.12
662.12
662.12
754.29
754.29
754.29
754.29
754.29
754.29
805.51
805.51
775.36
775.36
385.10
385.10
423.73
423.73
696.94
696.94
687.57
687.57
771.91
771.91
801.43
801.43
801.43
801.43
801.43
801.43
801.43
801.43
801.43
801.43
761.77
761.77
738.43
738.43
724.36
724.36
724.36
724.36
403.73
403.73
403.73
403.73
403.73
403.73
803.67
803.67
803.67
803.67
803.67
803.67
803.67
803.67
803.67
803.67
829.64
829.64
105.74
105.74
709.45
709.45
709.45
709.45
766.30
766.30
766.30
766.30
766.30
766.30
766.30
766.30
766.30
766.30
116.81
116.81
526.10
526.10
745.90
745.90
919.53
919.53
919.53
919.53
922.42
922.42
688.82
688.82
794.62
794.62
794.62
794.62
794.62
794.62
794.62
794.62
794.62
794.62
718.62
718.62
718.62
718.62
718.62
718.62
812.44
812.44
812.44
812.44
849.75
849.75
849.75
849.75
765.51
765.51
765.51
765.51
765.51
765.51
801.42
801.42
801.42
801.42
858.37
858.37
858.37
858.37
858.37
858.37
858.37
858.37
858.37
858.37
762.91
762.91
762.91
762.91
615.38
615.38
615.38
615.38
615.38
615.38
826.35
826.35
826.35
826.35
816.79
816.79
816.79
816.79
816.79
816.79
807.36
807.36
807.36
807.36
776.19
776.19
772.29
772.29
817.39
817.39
817.39
817.39
817.39
817.39
817.39
817.39
817.39
817.39
817.39
817.39
817.39
817.39
817.39
817.39
817.39
817.39
817.39
817.39
817.39
817.39
817.39
817.39
16.53
16.53
136.28
136.28
376.48
376.48
544.17
544.17
585.93
585.93
381.71
381.71
381.71
381.71
381.71
381.71
475.88
475.88
340.58
340.58
549.55
549.55
543.36
543.36
543.36
574.15
574.15
574.15
574.15
574.15
606.65
606.65
725.10
725.10
694.15
694.15
694.15
694.15
694.15
694.15
753.88
753.88
753.88
753.88
663.59
663.59
663.59
663.59
1183.61
1183.61
1791.12
1791.12
1791.12
1791.12
1791.12
1791.12
1791.12
1791.12
1791.12
1791.12
1791.12
1791.12
1791.12
1791.12
1791.12
1791.12
1791.12
1791.12
1791.12
1791.12
1791.12
1791.12
1791.12
1791.12
1791.12
1791.12
1791.12
1791.12
1791.12
1791.12
1791.12
1791.12
1791.12
1791.12
1791.12
1791.12
1791.12
1791.12
1781.89
1781.89
1781.89
1781.89
1781.89
1781.89
1781.89
1781.89
1781.89
1781.89
1781.89
1781.89
1781.89
1781.89
1781.89
1781.89
1781.89
1781.89
1781.89
1781.89
1781.89
1781.89
1781.89
1781.89
142.13
142.13
119.77
119.77
213.84
213.84
213.84
301.05
501.04
501.04
501.04
103.85
564.44
564.44
564.44
506.98
506.98
506.98
506.98
670.75
807.32
807.32
807.32
807.32
852.49
852.49
852.49
852.49
852.49
838.44
838.44
838.44
819.12
819.12
819.12
819.12
819.12
819.12
819.12
833.27
833.27
833.27
833.27
797.37
797.37
797.37
797.37
797.37
797.37
954.77
954.77
954.77
954.77
929.46
929.46
867.13
867.13
990.62
990.62
990.62
990.62
990.62
990.62
916.89
916.89
916.89
916.89
900.72
900.72
900.72
900.72
900.72
1129.92
1129.92
1129.92
1129.92
958.29
958.29
958.29
958.29
958.29
958.29
958.29
958.29
958.29
958.29
958.29
958.29
958.29
958.29
958.29
958.29
958.29
958.29
958.29
958.29
958.29
932.10
932.10
932.10
712.47
712.47
712.47
712.47
495.36
495.36
495.36
495.36
495.36
495.36
495.36
870.21
870.21
870.21
802.20
802.20
802.20
802.20
802.20
802.20
802.20
932.48
932.48
932.48
932.48
932.48
932.48
932.48
932.48
901.68
827.50
827.50
827.50
827.50
827.50
827.50
827.50
827.50
523.58
523.58
523.58
523.58
718.96
718.96
600.02
600.02
600.02
600.02
794.32
794.32
794.32
794.32
667.53
667.53
814.63
814.63
814.63
814.63
872.05
872.05
872.05
872.05
741.86
741.86
939.11
939.11
939.11
939.11
939.11
807.29
807.29
807.29
783.03
783.03
783.03
783.03
782.52
782.52
782.52
782.52
782.52
782.52
782.52
838.56
838.56
838.56
838.56
819.84
819.84
819.84
819.84
832.24
832.24
832.24
832.24
832.24
832.24
828.50
828.50
828.50
828.50
389.30
389.30
389.30
389.30
389.30
389.30
793.54
793.54
793.54
793.54
884.10
884.10
884.10
884.10
815.30
815.30
815.30
815.30
815.30
815.30
765.19
765.19
765.19
765.19
765.19
765.19
765.19
765.19
765.19
765.19
765.19
765.19
474.16
474.16
809.14
809.14
809.14
809.14
647.74
647.74
899.12
899.12
899.12
899.12
785.60
785.60
785.60
785.60
855.53
855.53
855.53
855.53
855.53
855.53
891.03
891.03
891.03
891.03
746.35
746.35
746.35
746.35
703.35
703.35
703.35
703.35
703.35
703.35
881.99
881.99
881.99
881.99
881.99
881.99
881.99
881.99
881.99
881.99
847.19
847.19
847.19
847.19
843.82
843.82
686.08
686.08
716.75
716.75
716.75
716.75
716.75
716.75
894.58
894.58
894.58
894.58
839.12
839.12
839.12
839.12
128.17
128.17
871.81
871.81
906.01
906.01
698.11
698.11
504.77
504.77
711.35
711.35
711.35
711.35
711.35
711.35
835.20
835.20
835.20
835.20
835.20
835.20
835.20
835.20
835.20
835.20
841.72
841.72
841.72
841.72
827.64
827.64
827.64
827.64
1048.91
1048.91
1048.91
1048.91
1048.91
1048.91
1048.91
1048.91
1048.91
1048.91
1048.91
1048.91
1048.91
1048.91
1048.91
1048.91
1048.91
1048.91
1048.91
1048.91
1048.91
1048.91
1048.91
1048.91
1048.91
1048.91
1048.91
1048.91
1048.91
1048.91
1048.91
1048.91
1048.91
1048.91
1048.91
1048.91
1048.91
1048.91
1048.91
1048.91
1040.90
1040.90
1040.90
1040.90
895.16
895.16
895.16
895.16
895.16
895.16
895.16
895.16
895.16
895.16
895.16
895.16
895.16
895.16
895.16
895.16
895.16
895.16
895.16
895.16
895.16
895.16
895.16
895.16
843.54
843.54
843.54
843.54
898.24
898.24
898.24
898.24
1121.82
1121.82
1121.82
1121.82
1121.82
1121.82
1121.82
1121.82
1121.82
1121.82
1121.82
1121.82
1121.82
1121.82
1121.82
1121.82
869.48
869.48
869.48
869.48
869.48
869.48
869.48
869.48
869.48
869.48
869.48
869.48
869.48
869.48
869.48
869.48
869.48
869.48
751.48
751.48
751.48
751.48
751.48
751.48
751.48
751.48
751.48
751.48
962.50
962.50
962.50
962.50
962.50
962.50
914.96
914.96
914.96
914.96
926.90
926.90
926.90
926.90
855.34
855.34
855.34
855.34
855.34
855.34
863.39
863.39
863.39
863.39
855.32
855.32
855.32
855.32
855.32
855.32
864.51
864.51
864.51
864.51
864.51
864.51
864.51
864.51
790.51
790.51
790.51
790.51
790.51
790.51
820.41
820.41
820.41
820.41
786.31
786.31
786.31
786.31
786.31
786.31
833.05
833.05
833.05
833.05
838.29
838.29
838.29
838.29
838.29
838.29
838.29
838.29
838.29
838.29
846.28
846.28
846.28
846.28
866.15
866.15
866.15
866.15
121.72
121.72
844.50
844.50
844.50
844.50
695.31
695.31
695.31
695.31
798.02
798.02
798.02
798.02
1033.10
1033.10
1065.59
1065.59
1065.59
1065.59
573.06
573.06
573.06
573.06
573.06
573.06
595.69
595.69
661.21
661.21
672.26
672.26
164.19
164.19
749.91
749.91
749.91
749.91
749.91
749.91
695.38
695.38
620.00
620.00
677.31
677.31
706.79
706.79
726.00
726.00
590.66
590.66
590.66
590.66
295.21
295.21
805.00
805.00
682.18
682.18
682.18
682.18
682.18
682.18
252.67
252.67
456.94
456.94
646.56
646.56
646.56
646.56
646.56
646.56
646.56
646.56
646.56
646.56
683.30
683.30
683.30
683.30
660.07
660.07
660.07
660.07
660.07
660.07
724.70
724.70
724.70
724.70
604.63
604.63
604.63
604.63
604.63
604.63
604.63
604.63
604.63
604.63
659.64
659.64
659.64
659.64
655.36
655.36
655.36
655.36
655.36
655.36
701.45
701.45
701.45
701.45
681.72
681.72
681.72
681.72
681.72
681.72
766.06
766.06
766.06
766.06
802.98
802.98
802.98
802.98
740.13
740.13
740.13
740.13
740.13
740.13
685.89
685.89
685.89
685.89
697.31
697.31
697.31
697.31
697.31
697.31
789.55
789.55
789.55
789.55
789.55
789.55
789.55
789.55
326.88
326.88
807.55
807.55
819.93
819.93
707.61
707.61
707.61
707.61
751.94
751.94
751.94
751.94
751.94
751.94
832.17
832.17
832.17
832.17
615.16
615.16
615.16
615.16
535.19
535.19
390.04
390.04
390.04
390.04
797.56
797.56
797.56
797.56
787.44
787.44
787.44
787.44
675.20
675.20
657.27
657.27
657.27
657.27
791.95
791.95
791.95
791.95
653.86
653.86
653.86
653.86
653.86
653.86
836.53
836.53
836.53
836.53
860.54
860.54
860.54
860.54
860.54
860.54
620.75
620.75
871.57
871.57
854.07
854.07
854.07
854.07
854.07
854.07
854.07
854.07
599.63
599.63
810.87
810.87
748.00
748.00
778.06
778.06
778.06
778.06
778.06
778.06
876.37
876.37
876.37
876.37
689.78
689.78
728.75
728.75
867.15
867.15
867.15
867.15
867.15
867.15
933.06
933.06
933.06
933.06
933.06
933.06
87.05
87.05
456.06
456.06
966.36
966.36
966.36
966.36
860.62
860.62
860.62
860.62
757.11
757.11
757.11
757.11
757.11
757.11
757.32
757.32
757.32
757.32
885.43
885.43
885.43
885.43
885.43
885.43
730.82
730.82
730.82
730.82
765.66
765.66
643.06
643.06
815.03
815.03
954.89
954.89
958.56
958.56
808.07
808.07
928.76
928.76
788.30
788.30
964.89
964.89
964.89
964.89
822.29
822.29
993.99
993.99
1026.26
1026.26
1026.26
1026.26
916.02
916.02
916.02
916.02
1076.15
1076.15
877.72
877.72
877.72
877.72
965.98
965.98
965.98
965.98
965.98
965.98
1172.59
1172.59
1172.59
1172.59
749.47
749.47
749.47
749.47
749.47
749.47
1179.12
1179.12
1179.12
1179.12
1179.12
1179.12
1179.12
1179.12
1179.12
1179.12
1179.12
1179.12
116.61
116.61
1087.05
1087.05
1087.05
1087.05
1087.05
1087.05
1087.05
1087.05
1087.05
1087.05
1087.05
1087.05
1087.05
1087.05
1087.05
1087.05
1087.05
1087.05
1087.05
1087.05
1087.05
1087.05
1087.05
1087.05
1087.05
1087.05
1087.05
1087.05
1087.05
1087.05
1060.42
1060.42
1060.42
1060.42
1060.42
1060.42
1060.42
1060.42
1060.42
1138.20
1138.20
1112.29
1112.29
1112.29
1112.29
1112.29
1165.62
1165.62
1096.44
1096.44
1096.44
1096.44
1096.44
1096.44
1096.44
1096.44
1096.44
1096.44
1096.44
1096.44
1096.44
1096.44
1096.44
1096.44
1096.44
1096.44
1096.44
1096.44
1096.44
1096.44
1096.44
1096.44
1096.44
1096.44
1096.44
1096.44
1096.44
1096.44
1096.44
1096.44
1096.44
1096.44
1096.44
1096.44
1096.44
1096.44
1096.44
1096.44
1096.44
1096.44
1096.44
1295.17
1295.17
1295.17
1295.17
1295.17
1295.17
1295.17
1295.17
1295.17
1111.68
1111.68
1111.68
1111.68
1111.68
1111.68
1111.68
1111.68
1111.68
1111.68
1111.68
1111.68
1111.68
1111.68
1111.68
1111.68
1111.68
1111.68
1111.68
1111.68
144.04
144.04
113.56
113.56
113.56
337.28
348.27
348.27
345.46
345.46
345.46
345.46
345.46
519.65
492.84
492.84
492.84
492.84
492.84
543.20
543.20
543.20
554.97
554.97
840.90
840.90
840.90
840.90
660.69
660.69
660.69
660.69
674.74
674.74
1055.66
1055.66
1055.66
950.35
922.23
922.23
1264.97
1264.97
1264.97
1264.97
1264.97
1264.97
1264.97
1264.97
1264.97
1264.97
1264.97
1264.97
1264.97
1264.97
1264.97
1264.97
1264.97
1264.97
1264.97
1264.97
1264.97
1260.50
1355.54
1355.54
1355.54
1355.54
1355.54
1355.54
1355.54
1355.54
1355.54
1355.54
1355.54
1355.54
1355.54
1355.54
1355.54
1355.54
1355.54
1355.54
1355.54
1355.54
1355.54
1355.54
1355.54
1355.54
1355.54
1355.54
1355.54
1355.54
1355.54
1355.54
1355.54
1355.54
1355.54
1355.54
1355.54
1355.54
1355.54
1355.54
1355.54
1355.54
1355.54
1355.54
1355.54
1355.54
1355.54
1355.54
1355.54
1355.54
1355.54
1355.54
1355.54
1355.54
1355.54
1355.54
1355.54
1355.54
1355.54
1355.54
1355.54
1355.54
1355.54
1355.54
1355.54
1355.54
1355.54
1355.54
1355.54
1355.54
1355.54
1355.54
1355.54
1355.54
61.27
61.27
129.10
129.10
233.35
233.35
186.47
186.47
186.47
305.53
306.66
306.66
19.58
19.58
470.03
470.03
441.59
441.59
441.59
555.35
555.35
575.46
558.58
558.58
558.58
663.87
663.87
663.87
663.87
674.46
674.46
674.46
674.46
659.29
659.29
659.29
659.29
659.29
720.08
720.08
720.08
720.08
720.08
771.75
771.75
662.66
662.66
662.66
662.66
890.29
890.29
890.29
890.29
869.24
869.24
869.24
869.24
731.13
731.13
731.13
731.13
731.13
731.13
703.90
703.90
703.90
703.90
785.72
785.72
785.72
785.72
858.00
858.00
858.00
858.00
858.00
858.00
814.45
814.45
814.45
814.45
741.21
741.21
741.21
741.21
741.21
741.21
595.21
595.21
595.21
595.21
784.04
784.04
784.04
784.04
784.04
784.04
795.66
795.66
795.66
795.66
802.75
802.75
802.75
802.75
784.87
784.87
784.87
784.87
784.87
784.87
773.01
773.01
773.01
773.01
779.07
779.07
779.07
779.07
697.98
697.98
697.98
697.98
697.98
697.98
835.72
835.72
835.72
835.72
825.74
825.74
825.74
825.74
825.74
825.74
825.74
825.74
825.74
825.74
749.24
749.24
749.24
749.24
837.48
837.48
837.48
837.48
837.48
837.48
816.53
816.53
816.53
816.53
837.81
837.81
837.81
837.81
837.81
837.81
841.62
841.62
841.62
841.62
784.75
784.75
784.75
784.75
820.19
820.19
820.19
820.19
820.19
820.19
935.71
935.71
935.71
935.71
827.74
827.74
827.74
827.74
827.74
827.74
858.31
858.31
858.31
858.31
827.76
827.76
827.76
827.76
804.04
804.04
404.27
404.27
404.27
404.27
731.00
731.00
731.00
731.00
767.01
767.01
767.01
767.01
767.01
767.01
543.79
543.79
543.79
543.79
833.82
833.82
833.82
833.82
833.82
833.82
833.82
833.82
833.82
833.82
874.22
874.22
874.22
874.22
909.55
909.55
61.62
61.62
225.98
225.98
825.69
825.69
88.98
88.98
796.27
796.27
796.27
796.27
796.27
796.27
908.00
908.00
908.00
908.00
865.25
865.25
865.25
865.25
899.42
899.42
899.42
899.42
899.42
899.42
815.74
815.74
815.74
815.74
813.75
813.75
813.75
813.75
813.75
813.75
813.75
813.75
813.75
813.75
813.75
813.75
813.75
813.75
884.35
884.35
884.35
884.35
884.35
884.35
821.85
821.85
821.85
821.85
821.85
821.85
821.85
821.85
838.96
838.96
717.30
717.30
1002.19
1002.19
855.28
855.28
855.28
855.28
855.28
855.28
855.28
855.28
855.28
855.28
919.17
919.17
919.17
919.17
794.94
794.94
794.94
794.94
850.63
850.63
850.63
850.63
850.63
850.63
897.12
897.12
897.12
897.12
903.58
903.58
903.58
903.58
903.58
903.58
829.38
829.38
829.38
829.38
858.82
858.82
858.82
858.82
896.06
896.06
896.06
896.06
896.06
896.06
882.69
882.69
882.69
882.69
726.45
726.45
726.45
726.45
726.45
726.45
910.40
910.40
910.40
910.40
578.18
578.18
578.18
578.18
795.77
795.77
795.77
795.77
795.77
795.77
793.59
793.59
793.59
793.59
788.11
788.11
788.11
788.11
788.11
788.11
814.67
814.67
814.67
814.67
814.67
814.67
814.67
814.67
672.21
672.21
672.21
672.21
672.21
672.21
750.35
750.35
750.35
750.35
720.91
720.91
720.91
720.91
764.56
764.56
824.03
824.03
824.03
824.03
846.98
846.98
846.98
846.98
795.94
795.94
256.06
256.06
256.06
256.06
784.14
784.14
784.14
784.14
666.09
666.09
666.09
666.09
666.09
666.09
938.90
938.90
938.90
938.90
766.44
766.44
249.58
249.58
512.21
512.21
512.21
512.21
512.21
512.21
837.73
837.73
837.73
837.73
870.38
870.38
870.38
870.38
870.38
870.38
954.97
954.97
954.97
954.97
573.70
573.70
804.95
804.95
878.16
878.16
878.16
878.16
878.16
878.16
781.52
781.52
186.89
186.89
823.26
823.26
823.26
823.26
823.26
823.26
1020.28
1020.28
1020.28
1020.28
1020.28
1020.28
1020.28
1020.28
1020.28
1020.28
1020.28
1020.28
1020.28
1020.28
856.46
856.46
856.46
856.46
733.70
733.70
905.16
905.16
905.16
905.16
1148.13
1148.13
1148.13
1148.13
1148.13
1148.13
1148.13
1148.13
1148.13
1148.13
1148.13
1148.13
1148.13
1148.13
1148.13
1148.13
1148.13
1148.13
1148.13
1148.13
1148.13
1148.13
1148.13
1148.13
525.73
525.73
525.73
525.73
831.42
831.42
831.42
831.42
860.81
860.81
115.43
115.43
402.04
402.04
200.36
200.36
362.38
362.38
479.87
479.87
479.87
479.87
282.80
282.80
282.80
282.80
282.80
282.80
13.22
13.22
265.69
265.69
785.45
785.45
785.45
785.45
785.45
785.45
819.07
819.07
819.07
819.07
703.90
703.90
743.14
743.14
743.14
743.14
743.14
743.14
743.14
743.14
811.49
811.49
811.49
811.49
787.11
787.11
787.11
787.11
787.11
787.11
776.80
776.80
776.80
776.80
781.07
781.07
781.07
781.07
818.23
818.23
818.23
818.23
818.23
818.23
802.81
802.81
802.81
802.81
815.23
815.23
812.87
812.87
812.87
812.87
792.02
792.02
792.02
792.02
805.08
805.08
805.08
805.08
819.13
819.13
548.60
548.60
548.60
548.60
829.77
829.77
829.77
829.77
787.49
787.49
809.79
809.79
809.79
809.79
198.82
198.82
930.30
930.30
842.84
842.84
842.84
842.84
925.41
925.41
925.41
925.41
925.41
925.41
644.78
644.78
644.78
644.78
888.66
888.66
888.66
888.66
888.66
888.66
821.76
821.76
821.76
821.76
821.76
821.76
821.76
821.76
871.91
871.91
871.91
871.91
871.91
871.91
624.77
624.77
853.16
853.16
744.04
744.04
687.69
687.69
742.38
742.38
234.82
234.82
985.13
985.13
870.66
870.66
779.32
779.32
955.95
955.95
955.95
955.95
955.95
955.95
964.11
964.11
965.24
965.24
965.24
965.24
965.24
965.24
965.24
965.24
167.26
167.26
270.77
270.77
880.73
880.73
880.73
880.73
706.57
706.57
706.57
706.57
829.83
829.83
837.24
837.24
837.24
837.24
670.99
670.99
670.99
670.99
873.60
873.60
765.74
765.74
765.74
765.74
581.40
581.40
885.33
885.33
655.02
655.02
655.02
655.02
655.02
655.02
763.26
763.26
763.26
763.26
832.94
832.94
832.94
832.94
929.84
929.84
809.61
809.61
809.61
809.61
834.74
834.74
834.74
834.74
691.67
691.67
691.67
691.67
691.67
691.67
865.05
865.05
865.05
865.05
865.05
865.05
865.05
865.05
865.05
865.05
817.40
817.40
817.40
817.40
781.82
781.82
781.82
781.82
781.82
852.86
852.86
852.86
852.86
852.86
852.86
927.02
927.02
927.02
803.39
803.39
803.39
803.39
803.39
803.39
892.65
892.65
892.65
892.65
892.65
770.33
770.33
770.33
822.98
822.98
822.98
822.98
822.98
924.42
924.42
743.70
743.70
743.70
829.72
829.72
829.72
829.72
829.72
829.72
829.72
829.72
829.72
829.72
845.42
845.42
845.42
845.42
845.42
772.07
772.07
772.07
707.66
707.66
707.66
823.09
823.09
823.09
823.09
475.19
475.19
475.19
475.19
475.19
475.19
957.08
957.08
957.08
957.08
957.08
957.08
957.08
957.08
833.73
833.73
833.73
833.73
833.73
879.73
879.73
879.73
879.73
879.73
879.73
879.73
879.73
879.73
995.82
862.16
862.16
862.16
862.16
862.16
862.16
862.16
862.16
862.16
862.16
862.16
862.16
76.22
76.22
882.07
882.07
882.07
882.07
928.37
928.37
928.37
928.37
928.37
928.37
1062.82
1062.82
1062.82
1062.82
1062.82
741.98
1026.78
1026.78
1026.78
929.05
929.05
929.05
929.05
929.05
929.05
882.76
882.76
882.76
882.76
840.09
840.09
840.09
840.09
840.09
840.09
1091.28
1091.28
1091.28
1091.28
1091.28
1091.28
1091.28
1091.28
773.29
773.29
773.29
773.29
773.29
842.05
842.05
842.05
842.05
744.73
744.73
744.73
744.73
744.73
744.73
984.65
984.65
984.65
984.65
984.65
984.65
984.65
984.65
593.59
593.59
593.59
593.59
593.59
593.59
593.59
811.54
811.54
811.54
811.54
804.88
804.88
804.88
804.88
804.88
979.64
979.64
979.64
979.64
979.64
827.94
827.94
827.94
774.49
774.49
774.49
774.49
713.46
713.46
759.04
759.04
1059.47
1059.47
1059.47
1059.47
1059.47
1059.47
1059.47
1059.47
846.74
846.74
846.74
846.74
846.74
846.74
774.36
774.36
774.36
571.71
571.71
571.71
571.71
571.71
579.44
579.44
579.44
579.44
589.14
589.14
589.14
589.14
97.80
97.80
97.80
262.81
262.81
233.69
272.58
272.58
332.86
332.86
332.86
471.93
396.43
396.43
396.43
396.43
396.43
385.29
385.29
385.29
385.29
520.07
520.07
545.73
545.73
545.73
545.73
663.80
663.80
467.77
467.77
653.20
653.20
653.20
653.20
698.17
698.17
698.17
698.17
698.17
698.17
713.20
713.20
713.20
713.20
642.59
642.59
772.55
772.55
708.07
708.07
467.22
467.22
467.22
467.22
736.00
736.00
736.00
736.00
634.04
634.04
634.04
634.04
634.04
634.04
746.44
746.44
746.44
746.44
867.66
867.66
867.66
867.66
867.66
867.66
867.66
867.66
867.66
867.66
841.64
841.64
841.64
841.64
238.48
238.48
238.48
238.48
249.50
249.50
708.36
708.36
708.36
708.36
767.42
767.42
204.15
204.15
756.75
756.75
121.41
121.41
167.25
167.25
736.28
736.28
736.28
736.28
777.20
777.20
777.20
777.20
777.20
777.20
800.51
800.51
800.51
800.51
609.05
609.05
609.05
