# 1Hz Kbps trace generated by import_real_world_traces.py
879.50
457.62
1023.09
1625.51
1670.02
1670.02
1968.24
1968.24
1978.00
1978.00
1733.49
1733.49
10.41
10.41
13.67
13.67
2029.33
2029.33
2106.59
2106.59
2210.52
2210.52
1891.18
1891.18
10.00
10.00
951.36
951.36
2367.78
2367.78
310.83
310.83
164.15
164.15
1298.19
1298.19
205.36
205.36
798.80
798.80
1026.11
1026.11
1171.71
1171.71
1165.04
1165.04
1041.55
1041.55
1317.11
1317.11
1241.68
1241.68
1765.95
1765.95
1842.33
1842.33
1800.43
1800.43
2122.44
2122.44
2165.17
2165.17
2105.16
2105.16
2136.91
2136.91
1769.48
1769.48
1458.02
1458.02
2047.09
2047.09
2352.67
2352.67
1598.43
1598.43
2993.59
2993.59
2507.30
2507.30
4227.52
4227.52
3305.02
3305.02
4239.03
4239.03
3036.94
3036.94
3036.94
3036.94
1603.44
3098.67
3239.32
3239.32
2777.88
2777.88
32.98
32.98
706.74
706.74
618.39
618.39
243.90
243.90
310.49
310.49
2382.49
2382.49
38.14
38.14
211.13
211.13
30.00
30.00
20.00
20.00
881.05
881.05
1129.71
1129.71
31.68
31.68
834.14
834.14
1170.93
1170.93
326.86
326.86
361.77
361.77
684.35
684.35
1533.20
1533.20
10.00
10.00
1233.10
1233.10
1832.88
1832.88
1144.05
1144.05
1825.25
1825.25
1962.03
1962.03
833.76
833.76
1577.13
1577.13
268.90
268.90
89.87
89.87
16.89
16.89
148.97
148.97
702.57
702.57
1242.55
1242.55
1235.37
1235.37
1718.10
1718.10
1244.41
1244.41
2194.04
2194.04
1942.04
1942.04
2090.82
2090.82
1901.73
