# 1Hz Kbps trace generated by import_real_world_traces.py
397.45
373.44
413.50
409.36
374.44
386.78
386.78
300.38
300.38
416.54
416.54
346.91
323.02
352.31
352.31
415.60
401.03
401.03
313.07
338.62
372.65
354.86
354.86
417.40
417.40
433.13
433.13
348.40
348.40
358.16
358.16
370.61
370.61
441.40
441.40
351.80
351.80
341.48
341.48
341.48
295.03
308.79
308.79
412.27
412.27
412.27
295.91
392.51
392.51
402.05
402.05
384.53
384.53
419.62
419.62
398.53
398.53
381.87
381.87
269.42
269.42
322.89
322.89
383.97
383.97
360.31
360.31
384.04
384.04
377.12
377.12
378.38
378.38
395.83
395.83
311.47
311.47
378.64
378.64
322.86
322.86
357.24
357.24
407.67
407.67
354.49
354.49
481.89
481.89
329.63
329.63
421.49
421.49
311.82
311.82
408.79
408.79
409.25
409.25
331.91
331.91
416.16
416.16
415.64
415.64
416.77
416.77
429.86
429.86
349.61
349.61
402.52
402.52
405.68
405.68
417.71
417.71
317.03
317.03
317.03
405.17
418.39
418.39
398.90
398.90
329.63
329.63
327.04
327.04
392.48
392.48
327.56
327.56
369.26
369.26
324.31
324.31
434.74
434.74
454.33
454.33
296.16
296.16
415.71
415.71
346.38
346.38
386.05
386.05
351.73
351.73
340.79
340.79
409.47
409.47
434.82
434.82
348.60
348.60
339.09
339.09
391.32
391.32
433.27
433.27
289.14
289.14
394.80
394.80
390.96
390.96
302.13
302.13
403.10
403.10
315.73
315.73
363.33
363.33
433.58
433.58
421.86
421.86
411.94
411.94
404.48
404.48
404.48
414.50
414.50
310.72
310.72
410.08
410.08
323.77
433.89
433.89
375.32
375.32
299.53
299.53
408.88
408.88
442.54
442.54
312.22
312.22
438.54
438.54
365.97
365.97
328.92
328.92
333.32
333.32
366.67
366.67
366.67
305.76
305.76
410.07
410.07
411.57
326.48
326.48
326.48
403.81
403.81
403.81
403.81
403.81
429.38
429.38
429.38
415.85
415.85
415.85
415.85
377.91
377.91
341.02
434.26
331.66
345.53
345.53
382.40
382.40
362.91
362.91
342.24
271.91
271.91
343.75
371.93
371.93
412.88
412.88
331.85
331.85
420.74
420.74
197.28
197.28
197.28
215.47
215.47
146.50
242.26
242.26
258.59
258.59
262.88
262.88
355.80
355.80
321.56
321.56
325.63
325.63
424.36
424.36
336.35
336.35
428.19
428.19
410.84
410.84
356.51
356.51
337.01
337.01
419.35
419.35
336.45
336.45
341.46
341.46
340.93
340.93
363.52
363.52
428.57
428.57
375.22
375.22
354.53
354.53
426.93
426.93
312.62
312.62
410.78
410.78
367.91
367.91
350.27
350.27
435.50
435.50
455.85
455.85
353.52
353.52
353.52
353.52
368.10
368.10
294.92
294.92
296.54
296.54
291.96
291.96
356.23
356.23
361.91
361.91
299.76
299.76
332.04
332.04
323.33
323.33
339.39
339.39
352.12
352.12
352.12
352.12
348.68
348.68
378.34
378.34
421.12
421.12
383.91
383.91
323.49
323.49
390.12
390.12
465.97
465.97
334.98
334.98
403.29
403.29
305.81
305.81
361.17
361.17
412.59
412.59
361.81
361.81
330.12
330.12
386.44
386.44
370.21
370.21
328.69
328.69
336.75
336.75
372.26
372.26
359.00
359.00
427.42
427.42
288.38
288.38
264.63
264.63
362.70
362.70
312.90
312.90
392.92
392.92
365.90
365.90
159.11
159.11
352.21
352.21
387.01
387.01
376.21
376.21
348.27
348.27
302.58
302.58
310.40
310.40
310.40
408.42
408.42
383.41
383.41
423.25
341.00
341.00
209.80
209.80
209.80
365.85
365.85
423.18
423.18
409.44
409.44
333.36
416.93
416.93
421.10
421.10
421.10
408.65
370.98
370.98
319.16
319.16
387.00
387.00
387.00
359.21
359.21
416.70
416.70
416.70
370.06
370.06
370.06
421.29
372.07
372.07
427.89
427.89
417.70
417.70
404.89
404.89
356.70
356.70
410.24
410.24
378.47
378.47
432.50
432.50
412.06
412.06
339.68
339.68
480.59
480.59
434.19
434.19
326.10
326.10
352.88
352.88
364.04
364.04
420.13
420.13
418.83
418.83
412.18
412.18
350.68
350.68
319.61
319.61
357.99
357.99
375.87
375.87
322.07
322.07
430.05
430.05
302.36
302.36
381.48
381.48
381.48
383.04
383.04
383.04
409.89
366.33
366.33
415.90
415.90
380.76
437.09
437.09
366.43
366.43
331.91
331.91
331.91
295.79
295.79
341.14
358.15
358.15
447.97
447.97
330.77
330.77
327.12
327.12
332.32
332.32
332.32
340.84
403.30
403.30
408.07
408.07
383.03
383.03
345.71
345.71
371.99
371.99
316.71
316.71
326.91
326.91
487.30
487.30
306.37
306.37
330.21
330.21
420.17
420.17
317.78
317.78
347.88
347.88
425.75
425.75
363.76
363.76
363.76
298.91
401.46
401.46
381.74
381.74
363.83
363.83
283.60
283.60
380.83
380.83
442.97
442.97
369.01
369.01
348.85
348.85
350.00
350.00
420.40
420.40
316.97
316.97
398.82
398.82
373.98
373.98
375.56
375.56
413.94
413.94
354.84
354.84
379.02
379.02
367.73
367.73
417.60
417.60
394.35
394.35
400.53
400.53
425.34
425.34
336.38
336.38
343.93
343.93
373.70
373.70
416.68
416.68
307.80
307.80
341.71
341.71
332.73
332.73
413.65
413.65
313.36
313.36
410.98
410.98
338.64
338.64
443.44
443.44
268.35
268.35
341.06
341.06
362.79
362.79
356.87
356.87
329.50
329.50
349.58
349.58
358.29
358.29
403.49
403.49
337.32
337.32
318.42
318.42
322.13
322.13
387.85
387.85
371.31
371.31
390.28
390.28
324.74
324.74
309.45
309.45
424.37
424.37
381.36
381.36
340.42
340.42
327.05
327.05
354.20
354.20
370.50
370.50
393.78
393.78
405.65
405.65
349.79
349.79
317.13
317.13
355.78
355.78
281.68
281.68
419.95
419.95
358.09
358.09
424.57
424.57
382.14
382.14
438.84
438.84
343.30
343.30
372.42
372.42
311.96
311.96
361.99
361.99
355.31
355.31
215.56
215.56
373.17
373.17
528.25
528.25
338.27
338.27
415.76
415.76
327.07
327.07
386.84
386.84
489.81
489.81
368.46
368.46
350.44
350.44
343.25
343.25
374.55
374.55
285.06
285.06
364.64
364.64
372.71
372.71
333.14
333.14
341.89
341.89
364.25
364.25
361.11
361.11
285.95
285.95
378.08
378.08
359.14
359.14
332.68
332.68
315.58
315.58
295.60
295.60
372.10
372.10
393.54
393.54
349.27
349.27
363.73
363.73
425.85
425.85
420.74
420.74
405.39
405.39
370.73
370.73
421.24
421.24
323.92
323.92
405.66
405.66
361.08
361.08
424.50
424.50
291.44
291.44
309.92
309.92
335.79
335.79
341.70
341.70
432.98
432.98
432.98
442.50
311.67
311.67
322.36
322.36
371.54
371.54
371.40
371.40
369.62
