# 1Hz Kbps trace generated by import_real_world_traces.py
688.89
714.79
2048.59
1125.06
1125.06
1125.06
1155.17
1155.17
998.63
998.63
998.63
1246.96
1343.25
1343.25
20.06
20.06
1010.08
1010.08
1503.91
1503.91
341.88
341.88
1861.53
1861.53
244.21
244.21
959.20
959.20
817.38
817.38
1178.87
1178.87
484.91
655.03
655.03
792.01
792.01
619.36
619.36
954.34
954.34
658.08
658.08
1119.66
1119.66
51.91
51.91
1282.93
1282.93
1330.85
1330.85
649.34
649.34
649.34
852.48
852.48
852.48
1440.95
1440.95
328.17
328.17
328.17
382.16
382.16
909.99
909.99
909.99
1163.33
1163.33
1037.18
1676.49
38.76
1217.64
518.05
518.05
260.90
260.90
26.84
26.84
2181.93
2181.93
1016.71
1016.71
1732.43
1732.43
1732.43
1060.40
1060.40
1302.66
1302.66
1540.90
1540.90
1016.61
1020.28
1020.28
1128.57
1128.57
1128.57
1076.62
1129.77
1129.77
1931.14
1931.14
1882.75
1882.75
1882.75
430.40
430.40
83.46
83.46
83.46
443.45
185.53
185.53
457.02
457.02
1004.85
1004.85
1004.85
1574.37
1259.30
1874.88
1874.88
2992.03
2992.03
3852.69
3852.69
4241.15
4241.15
4453.13
4453.13
5347.64
5347.64
3546.76
3546.76
3628.91
3628.91
1454.74
1454.74
3890.38
3890.38
4796.67
4796.67
2696.62
2696.62
3690.30
3690.30
2998.43
2998.43
3745.74
3745.74
575.93
575.93
4506.65
4506.65
4340.41
4340.41
599.04
599.04
3822.44
3822.44
2622.62
2622.62
2901.40
2901.40
4708.84
4708.84
533.79
533.79
4182.25
4182.25
4244.59
4244.59
3685.87
3685.87
4497.29
4497.29
3615.46
3615.46
3615.46
3615.46
3615.46
3615.46
3579.92
3579.92
4149.14
4149.14
3123.46
3123.46
28.46
28.46
3838.06
3838.06
4237.82
4237.82
4736.67
4736.67
4102.06
4102.06
3681.91
3681.91
3883.34
3883.34
3452.16
3452.16
4636.09
4636.09
2291.61
2291.61
4653.27
4653.27
4301.57
4301.57
4920.16
4920.16
5236.99
5236.99
4263.59
4263.59
4126.88
4126.88
3300.77
3300.77
4923.92
4923.92
3850.57
3850.57
3413.32
3413.32
3413.32
3413.32
3413.32
3413.32
3840.52
3840.52
1534.15
1534.15
5654.80
5654.80
5654.80
5654.80
5654.80
5654.80
4606.13
4606.13
3466.23
3466.23
3466.23
3466.23
45.69
45.69
4742.23
4742.23
65.90
65.90
786.99
786.99
158.47
158.47
1408.33
1408.33
4103.01
4103.01
5272.02
5272.02
5580.14
5580.14
278.74
278.74
1546.91
1546.91
3610.82
3610.82
39.77
39.77
138.78
138.78
5121.77
5121.77
431.17
431.17
228.60
228.60
1491.57
1491.57
3207.59
3207.59
1870.86
1870.86
4362.90
4362.90
1810.78
1810.78
1810.78
4402.01
4402.01
884.10
884.10
165.80
165.80
329.43
329.43
500.11
500.11
1347.35
1347.35
1442.80
1442.80
987.22
987.22
928.26
928.26
18.26
18.26
16.37
16.37
278.88
278.88
72.64
72.64
1597.87
1597.87
112.15
112.15
869.59
869.59
1069.70
1069.70
2217.75
2217.75
1325.66
1325.66
1130.30
1130.30
1439.34
1439.34
1186.42
1186.42
1193.26
1193.26
908.92
908.92
784.74
784.74
750.90
750.90
1715.86
1715.86
819.14
819.14
1182.22
1182.22
1436.16
1436.16
1249.45
1249.45
424.12
424.12
1187.43
1187.43
1312.02
1312.02
333.79
333.79
440.71
440.71
949.26
949.26
1692.31
1692.31
1758.82
1758.82
1159.40
1159.40
1075.98
1075.98
864.04
864.04
102.31
102.31
978.23
978.23
874.20
874.20
1555.65
1555.65
1394.11
1394.11
980.46
980.46
1153.63
1153.63
1821.36
1821.36
569.67
569.67
1131.95
1131.95
782.43
782.43
512.54
512.54
919.74
919.74
916.65
916.65
709.64
709.64
696.79
696.79
963.37
963.37
446.72
446.72
446.72
335.46
2009.91
2009.91
2606.43
2606.43
2606.43
2606.43
2846.68
2846.68
3045.34
3045.34
3862.80
3862.80
1504.74
1504.74
3850.87
3850.87
4094.43
4094.43
3881.39
3881.39
4664.72
4664.72
4732.17
4732.17
4398.89
4398.89
4392.30
4392.30
1047.88
1047.88
4772.63
4772.63
1229.27
1229.27
1229.27
1229.27
1482.45
1482.45
4346.91
4346.91
4539.63
4539.63
4983.08
4983.08
4677.99
4677.99
4311.21
4311.21
4602.70
4602.70
3863.54
3863.54
4138.93
4138.93
3750.70
3750.70
2839.12
2839.12
4246.34
4246.34
5359.42
5359.42
4300.32
4300.32
3848.59
3848.59
4008.69
4008.69
3962.40
3962.40
4998.54
4998.54
4767.24
4767.24
4925.12
4925.12
1999.03
1999.03
4227.58
4227.58
5097.50
5097.50
4278.53
4278.53
4830.19
4830.19
2084.41
2084.41
2364.71
2364.71
5126.79
5126.79
3842.95
3842.95
2673.32
2673.32
4765.50
4765.50
271.88
271.88
2583.16
2583.16
4195.61
4195.61
2601.86
2601.86
385.52
385.52
542.97
542.97
1720.35
1720.35
1413.54
1413.54
1632.91
1632.91
13.37
13.37
721.71
721.71
24.07
24.07
814.61
814.61
28.05
28.05
88.98
88.98
88.98
1345.62
1051.83
1051.83
1344.25
1344.25
1008.85
1008.85
957.92
957.92
759.95
759.95
759.95
603.10
811.36
811.36
1283.93
1283.93
1253.90
1253.90
77.37
77.37
10.00
10.00
128.20
128.20
128.20
80.32
80.32
80.32
1032.81
1032.81
1677.96
1677.96
1677.96
10.73
299.29
242.35
242.35
258.39
258.39
258.39
1173.10
1173.10
1173.10
1517.06
1517.06
1517.06
694.63
694.63
285.63
1048.92
1048.92
111.51
111.51
590.56
590.56
871.46
871.46
813.63
813.63
1308.19
740.49
294.49
294.49
99.20
99.20
99.20
99.20
102.09
102.09
102.09
581.84
581.84
581.84
919.71
919.71
919.71
416.79
416.79
1173.07
431.81
451.44
451.44
451.44
41.34
41.34
41.34
1043.29
1246.64
786.47
786.47
786.47
602.27
602.27
827.21
827.21
91.30
91.30
91.30
91.30
1321.96
1321.96
1321.96
327.79
327.79
441.20
441.20
516.96
516.96
486.81
461.78
77.14
745.71
745.71
143.56
143.56
55.71
548.63
548.63
841.35
841.35
841.35
54.34
54.34
54.34
62.20
831.36
831.36
765.48
765.48
765.48
435.19
435.19
435.19
860.74
860.74
860.74
74.83
74.83
240.69
596.41
596.41
843.77
843.77
843.77
660.11
660.11
1801.17
1801.17
991.17
991.17
993.40
993.40
993.40
993.40
1102.03
1277.28
1277.28
194.05
194.05
42.09
42.09
1130.54
1130.54
1462.96
1462.96
1462.96
1462.96
788.72
788.72
1103.58
1257.83
1399.32
1399.32
1285.89
1285.89
1169.64
1169.64
747.92
747.92
581.84
581.84
581.84
750.77
750.77
750.77
750.77
55.50
55.50
55.50
147.76
341.83
341.83
1004.64
1004.64
688.84
688.84
566.14
566.14
727.18
727.18
1497.57
1497.57
1119.56
1119.56
949.81
949.81
171.94
386.78
386.78
1721.98
1721.98
1390.81
1713.04
1713.04
1713.04
826.43
826.43
1057.40
1057.40
992.47
992.47
1231.53
1231.53
773.61
773.61
665.50
665.50
1566.12
1566.12
967.15
967.15
1076.45
1076.45
403.07
403.07
1350.44
1350.44
2349.10
2349.10
4041.19
4041.19
3543.25
3543.25
4876.75
4876.75
2386.57
2386.57
791.92
791.92
3530.63
3530.63
1488.25
1488.25
5333.74
5333.74
2920.42
2920.42
3309.40
3309.40
4150.85
4150.85
3882.98
3882.98
3909.77
3909.77
938.22
938.22
3041.39
3041.39
3283.62
3283.62
4519.90
4519.90
88.64
88.64
1799.23
1799.23
2260.04
2260.04
3546.97
3546.97
3546.97
3546.97
20.26
20.26
1611.83
1611.83
352.92
352.92
4827.71
4827.71
2949.78
2949.78
2806.21
2806.21
1745.20
1745.20
2934.39
2934.39
4092.21
4092.21
2658.99
2658.99
5208.88
5208.88
3331.22
3331.22
282.79
282.79
3727.90
3727.90
2664.20
2664.20
4234.31
4234.31
4234.31
4234.31
4435.16
4435.16
3105.67
3105.67
4578.77
4578.77
4448.71
4448.71
4586.41
4586.41
4586.41
4586.41
3887.11
3887.11
3331.15
3331.15
4105.44
4105.44
3484.02
3484.02
4493.11
4493.11
2064.64
2064.64
4754.20
4754.20
2136.59
2136.59
4585.60
4585.60
4292.09
4292.09
3111.53
3111.53
607.77
607.77
116.94
116.94
601.29
601.29
1585.55
1585.55
1256.12
1256.12
339.08
339.08
4562.57
4562.57
1249.60
1249.60
1745.95
1745.95
51.18
51.18
3814.62
3814.62
1116.70
1116.70
4531.25
4531.25
81.41
81.41
3472.67
3472.67
4130.59
4130.59
4123.48
4123.48
61.18
61.18
61.18
91.12
319.45
319.45
72.63
72.63
775.75
775.75
53.23
53.23
70.02
70.02
496.56
496.56
496.56
471.50
471.50
471.50
218.49
218.49
49.35
861.06
861.06
861.06
31.85
31.85
31.85
475.73
475.73
475.73
10.00
10.00
17.24
50.34
50.34
518.92
518.92
61.40
61.40
61.40
769.27
769.27
1146.32
1146.32
593.92
593.92
593.92
585.46
1317.91
1745.84
1293.01
1221.45
172.00
172.00
793.55
793.55
927.97
927.97
1356.63
1356.63
834.21
834.21
1146.53
1146.53
507.13
507.13
1154.36
1154.36
1154.36
952.24
952.24
952.24
1293.34
1293.34
443.51
443.51
148.59
148.59
1589.10
1589.10
13.55
13.55
90.43
90.43
10.00
10.00
253.02
253.02
73.01
73.01
73.01
1054.06
1054.06
1085.69
1085.69
1085.69
609.70
1732.06
1097.75
1097.75
588.96
588.96
1077.01
1077.01
38.27
38.27
163.44
163.44
1157.00
1157.00
1157.00
1092.35
1092.35
911.94
911.94
911.94
206.56
206.56
178.71
28.59
28.59
612.55
612.55
17.91
17.91
17.91
679.90
679.90
43.54
43.54
363.29
363.29
514.72
1543.23
1543.23
1657.63
1657.63
149.40
235.61
235.61
67.08
67.08
1243.59
1243.59
278.25
278.25
30.65
30.65
963.11
963.11
963.11
18.94
18.94
477.31
477.31
1278.28
1278.28
673.49
1452.92
1452.92
298.03
298.03
1007.10
1007.10
1324.02
1324.02
1270.36
1270.36
523.97
523.97
185.71
185.71
101.43
101.43
492.24
492.24
434.95
434.95
186.14
186.14
31.02
31.02
31.02
31.02
827.99
827.99
827.99
750.91
750.91
1323.85
1323.85
63.16
121.34
44.18
44.18
323.23
323.23
323.23
323.23
926.88
926.88
980.52
980.52
1180.60
1180.60
986.08
986.08
986.08
782.27
782.27
782.27
782.27
263.80
362.14
724.84
724.84
1083.31
679.45
679.45
350.87
350.87
375.49
375.49
375.49
375.49
10.00
1031.83
1031.83
1031.83
425.11
425.11
425.11
650.87
1038.88
1038.88
183.46
102.40
102.40
102.40
977.33
977.33
977.33
748.14
748.14
561.89
561.89
191.93
191.93
191.93
564.14
564.14
903.05
177.51
196.08
196.08
100.28
100.28
1033.87
1033.87
238.68
238.68
1404.53
180.92
180.92
910.14
910.14
910.14
1235.84
1235.84
1583.81
1207.37
1207.37
1124.28
1124.28
1054.90
1054.90
1016.37
1016.37
1082.33
1082.33
1227.56
1227.56
1080.93
1080.93
1389.79
1389.79
713.61
713.61
1380.15
1380.15
1214.21
1214.21
427.36
427.36
1113.88
1113.88
1555.41
1555.41
1762.98
1762.98
830.16
830.16
437.64
437.64
34.90
34.90
1248.41
1248.41
1248.41
975.26
975.26
975.26
255.77
255.77
248.95
248.95
248.95
85.43
195.04
41.15
41.15
41.15
924.09
924.09
924.09
924.09
294.75
294.75
647.38
431.16
431.16
431.16
10.00
43.73
1812.76
1812.76
10.65
10.65
10.65
17.14
17.14
17.14
17.14
19.12
19.12
491.62
1393.41
150.49
970.74
970.74
329.43
329.43
84.26
84.26
126.94
126.94
126.94
23.52
23.52
23.52
978.42
978.42
978.42
978.42
925.15
925.15
45.59
45.59
45.59
858.40
18.99
18.99
1425.10
1425.10
10.00
1032.75
1032.75
1032.75
786.43
786.43
786.43
786.43
138.74
270.53
270.53
1325.84
343.14
1451.99
1451.99
71.36
67.49
30.46
30.46
30.46
30.46
930.25
930.25
639.77
639.77
639.77
15.23
15.23
15.23
407.65
1370.64
1370.64
1370.64
688.50
476.22
736.49
736.49
278.29
278.29
307.50
307.50
1061.36
912.13
1418.88
47.56
47.56
890.77
890.77
98.35
98.35
98.35
58.86
58.86
58.86
83.09
83.09
83.09
27.93
27.93
549.51
549.51
368.31
368.31
318.04
990.95
990.95
1371.52
1371.52
658.13
658.13
110.34
110.34
18.59
18.59
60.74
60.74
60.74
653.87
653.87
653.87
58.49
58.49
58.49
58.49
258.90
258.90
1060.85
1060.85
1060.85
101.64
101.64
86.87
1246.93
191.57
191.57
191.57
317.05
317.05
1287.70
1287.70
1016.91
1016.91
112.12
112.12
112.12
66.07
66.07
96.75
692.37
1167.14
24.80
162.25
162.25
693.21
693.21
693.21
932.25
932.25
932.25
40.70
40.70
508.35
220.07
220.07
220.07
889.31
889.31
889.31
889.31
61.92
61.92
61.92
1040.31
1040.31
1068.32
1068.32
10.00
10.00
10.00
71.84
38.39
71.76
53.39
53.39
53.39
467.23
467.23
467.23
767.98
767.98
194.06
194.06
832.83
832.83
490.61
490.61
66.31
616.43
308.31
308.31
1049.09
1049.09
1127.69
1127.69
776.43
776.43
34.75
34.75
34.75
1427.50
979.49
1027.33
1027.33
1080.85
1080.85
605.44
825.35
825.35
825.35
1158.58
1158.58
141.79
141.79
1514.58
1514.58
592.29
1577.05
1577.05
1577.05
1577.05
1203.20
1203.20
1203.20
1406.34
1406.34
1151.03
1151.03
1006.51
1006.51
665.77
665.77
20.79
20.79
20.79
509.23
509.23
1349.41
1349.41
1349.41
1087.47
1087.47
1304.32
1304.32
1315.90
1315.90
1042.73
1042.73
1042.73
1298.85
1298.85
981.16
1293.45
1293.45
946.15
1112.00
1112.00
1432.45
1164.82
1164.82
1078.72
1078.72
1552.46
1552.46
1014.28
1014.28
829.34
829.34
1305.68
1305.68
935.57
935.57
1056.85
1056.85
34.77
34.77
34.77
653.81
653.81
653.81
666.56
666.56
666.56
1278.32
926.67
926.67
592.46
935.79
935.79
1251.79
206.45
206.45
206.45
345.24
345.24
17.01
17.01
214.13
214.13
54.27
54.27
36.38
36.38
1349.97
1349.97
1310.25
1310.25
1316.71
34.61
34.61
32.54
32.54
752.94
752.94
604.64
604.64
1466.80
1466.80
1112.50
1112.50
93.65
93.65
197.71
197.71
957.90
957.90
49.33
49.33
49.33
49.33
1086.74
1086.74
1086.74
1394.09
1394.09
1394.09
1160.88
1160.88
791.40
270.06
270.06
31.94
31.94
31.94
1143.65
1143.65
1243.75
1243.75
1295.40
14.84
14.84
726.71
351.74
351.74
389.20
389.20
389.20
802.11
1050.53
1050.53
440.99
440.99
440.99
440.99
938.84
938.84
595.23
42.77
42.77
31.97
1634.82
1634.82
1634.82
1311.63
1311.63
1511.17
1511.17
913.29
1405.89
30.79
1132.80
1132.80
1184.13
1184.13
667.70
667.70
1172.13
1172.13
290.28
290.28
1657.45
1657.45
1249.58
1249.58
898.62
898.62
1094.25
1094.25
1042.37
1042.37
873.57
873.57
159.48
159.48
66.36
66.36
66.36
799.32
799.32
246.56
246.56
246.56
916.64
916.64
916.64
467.44
467.44
609.15
609.15
609.15
187.70
187.70
82.68
82.68
1550.78
1550.78
1016.32
1016.32
1290.91
534.82
1571.64
1571.64
1160.29
509.42
1386.70
1386.70
604.86
604.86
11.67
11.67
408.95
408.95
65.86
65.86
1085.74
1085.74
1085.74
527.77
527.77
1267.06
1267.06
833.48
1411.82
1411.82
1316.29
1316.29
40.49
40.49
1368.45
1368.45
169.39
169.39
112.07
112.07
1075.49
1075.49
159.43
159.43
534.41
534.41
1399.91
1399.91
416.10
416.10
416.10
1132.85
1132.85
338.76
338.76
1121.30
1121.30
1121.30
1121.30
329.98
1432.78
689.45
689.45
1152.19
1152.19
849.37
950.45
950.45
950.45
1232.13
1232.13
631.01
631.01
1353.87
1353.87
1240.26
1657.83
1657.83
1299.60
1299.60
829.68
829.68
39.56
39.56
1302.56
1302.56
978.62
978.62
761.90
761.90
93.50
93.50
1278.00
1278.00
142.59
142.59
142.59
1065.97
1130.97
1130.97
981.97
981.97
326.78
326.78
1140.58
1140.58
989.41
989.41
684.14
684.14
1126.95
1126.95
1352.90
1352.90
983.75
983.75
121.63
121.63
41.42
41.42
1157.60
1157.60
1379.44
1379.44
199.66
199.66
199.66
720.21
1042.79
1042.79
1042.79
1138.47
1138.47
1138.47
1000.13
1000.13
339.38
339.38
162.04
162.04
162.04
618.48
618.48
618.48
16.42
16.42
16.42
43.55
43.55
43.55
324.06
324.06
655.65
409.41
1249.90
1486.49
1486.49
38.34
1242.41
1242.41
87.34
87.34
1145.88
1145.88
1211.73
1211.73
1211.73
980.49
980.49
980.49
1173.40
1173.40
1470.30
1470.30
593.08
593.08
593.08
1406.64
1210.28
1424.49
661.92
661.92
1095.90
1095.90
274.31
274.31
94.45
94.45
693.16
693.16
693.16
693.16
1411.50
1411.50
236.62
236.62
236.62
14.62
10.00
10.00
1466.37
656.99
656.99
656.99
656.99
1019.91
1019.91
1424.54
1424.54
1485.53
1485.53
1175.96
12.01
12.01
12.01
10.00
10.00
178.12
111.35
143.45
143.45
264.40
264.40
264.40
126.91
126.91
126.91
785.68
1129.83
1129.83
1129.83
716.86
716.86
17.56
17.56
1099.69
1099.69
1082.45
1082.45
457.94
457.94
501.98
501.98
282.03
282.03
373.08
637.06
637.06
637.06
1088.35
1088.35
1088.35
414.51
414.51
414.51
414.51
1041.99
1041.99
1363.71
1363.71
418.43
1243.22
1340.90
1318.59
1021.33
1021.33
1666.08
1666.08
537.39
537.39
98.39
98.39
440.17
440.17
21.49
21.49
1103.03
1103.03
1210.03
1210.03
1055.62
1055.62
426.99
426.99
845.68
845.68
1237.67
1237.67
1237.67
342.82
342.82
342.82
874.58
874.58
874.58
50.45
50.45
874.77
1120.37
1334.00
1334.00
467.75
467.75
1235.52
1235.52
1118.79
1118.79
909.37
1010.84
1010.84
1401.52
1401.52
942.95
942.95
654.80
654.80
654.80
654.80
654.80
524.96
524.96
524.96
524.96
1293.71
1293.71
875.31
795.27
795.27
795.27
1065.46
1065.46
875.19
875.19
1495.92
1126.40
1126.40
1236.31
1236.31
1668.17
1668.17
1253.42
1253.42
581.67
581.67
1639.94
1639.94
1482.60
1482.60
1665.52
1665.52
1446.72
1446.72
749.93
749.93
1144.41
1144.41
749.52
749.52
1765.28
1765.28
1547.83
1547.83
1400.00
1400.00
1554.72
1554.72
1465.14
1465.14
1314.09
1314.09
1023.89
1023.89
1410.00
1410.00
1800.02
1800.02
1603.43
1603.43
1519.90
1519.90
1610.54
1610.54
1564.64
1564.64
1412.06
1412.06
1232.55
1232.55
153.78
153.78
914.83
914.83
1376.92
1376.92
1585.89
1585.89
1287.08
1287.08
1171.88
1171.88
1616.28
1616.28
1463.97
1463.97
1671.26
1671.26
1671.26
1671.26
1196.37
1196.37
24.01
24.01
1613.84
1613.84
1500.66
1500.66
1268.88
1268.88
726.08
726.08
1152.57
1152.57
1076.00
1076.00
1603.95
1603.95
836.40
836.40
1631.82
1631.82
1220.59
1220.59
1400.62
1400.62
1214.24
1214.24
1571.74
1571.74
1554.44
1554.44
328.34
328.34
43.90
43.90
372.47
372.47
372.47
441.00
441.00
441.00
1188.21
1134.50
76.76
76.76
27.32
27.32
603.15
603.15
603.15
42.53
42.53
42.53
203.36
38.72
420.83
420.83
234.58
234.58
234.58
1245.07
1245.07
1245.07
108.11
108.11
108.11
108.11
92.45
92.45
92.45
278.81
278.81
165.51
165.51
165.51
763.72
763.72
187.82
10.00
1054.38
1204.86
1204.86
1265.57
1265.57
1488.87
1488.87
1488.87
1031.29
1031.29
1434.90
1428.29
1352.33
1124.08
1124.08
294.91
294.91
739.07
739.07
810.01
810.01
810.01
1192.34
1192.34
1192.34
52.29
52.29
51.66
51.66
45.58
786.66
786.66
786.66
1213.23
1213.23
1213.23
27.67
27.67
313.76
75.35
75.35
75.35
75.35
206.27
206.27
928.98
928.98
928.98
1487.52
1487.52
1264.56
1264.56
708.86
1370.40
753.77
753.77
128.57
105.88
105.88
105.88
637.21
216.99
216.99
218.58
218.58
218.58
218.58
1248.37
1248.37
1248.37
1220.89
801.70
801.70
801.70
760.69
30.10
30.10
30.10
462.61
818.92
818.92
702.10
702.10
702.10
87.38
290.22
290.22
290.22
290.22
208.40
208.40
1062.49
687.11
218.72
218.72
10.00
10.00
898.91
898.91
898.91
454.08
454.08
327.62
327.62
327.62
532.43
532.43
738.44
33.07
33.07
167.80
167.80
10.00
10.00
10.00
669.17
669.17
669.17
879.39
879.39
1514.81
1514.81
1514.81
1482.63
1482.63
943.66
943.66
1579.97
1360.01
1189.30
563.22
306.59
306.59
1402.71
1402.71
156.25
156.25
109.73
109.73
409.99
409.99
409.99
364.80
364.80
364.80
348.78
1457.37
256.27
256.27
256.27
70.22
70.22
70.22
404.29
404.29
404.29
94.71
94.71
1385.31
28.89
28.89
28.89
28.89
13.54
1230.74
62.11
1248.50
1277.23
1277.23
1314.30
1314.30
534.72
534.72
1141.41
1141.41
1367.95
1367.95
605.06
605.06
216.82
216.82
121.56
121.56
219.47
219.47
219.47
219.47
219.47
364.68
364.68
305.91
1242.82
1242.82
430.98
430.98
430.98
1044.35
1649.08
1469.31
1469.31
1469.31
235.76
235.76
36.30
36.30
36.30
36.30
1013.21
1013.21
1013.21
1013.21
1083.31
1083.31
1196.82
1196.82
1372.47
1280.33
1280.33
17.41
138.95
138.95
50.47
73.58
73.58
73.58
553.28
553.28
553.28
110.78
110.78
10.00
10.00
10.00
294.11
192.79
192.79
429.79
429.79
539.23
539.23
859.63
859.63
859.63
111.36
111.36
111.36
792.87
657.17
1108.10
1108.10
1108.10
1108.10
12.32
12.32
12.32
1062.70
1062.70
1062.70
1185.43
1185.43
1185.43
976.33
1514.29
1514.29
425.86
67.50
182.28
1044.40
30.25
30.25
33.12
33.12
915.77
915.77
915.77
909.47
909.47
909.47
1127.79
1127.79
1127.79
1231.57
1231.57
10.97
20.45
145.88
369.29
369.29
1388.70
1388.70
1388.70
407.95
407.95
407.95
1279.97
1279.97
1020.74
1020.74
1020.74
1269.57
822.25
1092.10
1092.10
1092.10
40.61
40.61
549.83
549.83
549.83
729.13
729.13
729.13
1403.71
1403.71
1520.73
1520.73
1520.73
218.80
218.80
218.80
1330.56
286.78
286.78
286.78
798.41
798.41
798.41
1165.70
1165.70
1165.70
1282.53
1179.53
1316.78
1600.27
1600.27
1253.70
1253.70
276.39
276.39
443.62
443.62
650.12
650.12
1167.59
1167.59
417.96
417.96
1113.28
1113.28
264.36
264.36
26.65
26.65
26.65
94.05
94.05
94.05
1015.61
1015.61
1015.61
392.46
392.46
392.46
900.31
596.41
596.41
596.41
1044.97
1044.97
1044.97
35.68
16.13
16.13
490.52
490.52
1327.50
1327.50
1024.30
1024.30
1024.30
23.55
23.55
1473.88
1473.88
1625.82
1625.82
601.96
601.96
1525.41
1525.41
270.51
24.80
24.80
1079.59
1079.59
10.00
10.00
309.23
309.23
1326.48
1326.48
1504.75
1504.75
1504.75
677.16
677.16
345.99
345.99
107.43
107.43
107.43
715.05
715.05
370.94
370.94
370.94
15.66
15.66
1223.77
1223.77
1223.77
701.84
701.84
37.48
1459.35
102.38
102.38
472.44
472.44
61.64
61.64
1278.23
1278.23
1278.23
64.20
64.20
45.17
45.17
929.35
1254.47
1254.47
1254.47
1536.44
1536.44
1536.44
623.31
623.31
485.57
49.03
46.50
1269.80
1269.80
300.79
300.79
138.77
138.77
735.10
735.10
107.33
107.33
107.33
107.33
10.00
10.00
10.00
16.23
65.16
65.16
222.20
626.82
356.02
356.02
356.02
356.02
356.02
151.04
151.04
17.85
15.17
215.82
215.82
215.82
48.89
48.89
22.65
22.65
176.69
176.69
119.22
119.22
119.22
10.00
10.00
10.00
44.31
848.86
848.86
25.25
25.25
25.25
1060.45
1313.72
1313.72
367.41
1338.96
1338.96
821.89
821.89
883.49
883.49
883.49
883.49
266.47
266.47
729.10
998.86
998.86
998.86
376.73
376.73
376.73
376.73
1037.89
1037.89
237.97
1140.64
22.14
22.14
1480.61
1480.61
1344.72
1344.72
1459.81
969.27
969.27
1324.82
1324.82
1555.42
1555.42
1493.38
1493.38
1595.16
1595.16
1595.16
1158.13
1561.03
1561.03
133.09
133.09
36.69
36.69
422.22
422.22
940.43
940.43
962.57
962.57
679.70
679.70
1377.13
1377.13
1095.15
1095.15
1095.15
828.60
828.60
828.60
990.38
68.15
68.15
1211.95
1211.95
1293.51
1293.51
1293.51
1016.12
297.02
297.02
41.43
597.90
597.90
85.61
85.61
101.31
101.31
183.74
183.74
1389.89
1389.89
552.03
552.03
923.04
923.04
350.06
350.06
350.06
413.77
413.77
413.77
679.91
10.00
10.00
338.33
338.33
338.33
338.33
988.32
1259.06
1259.06
1259.06
1259.06
1342.22
1342.22
360.66
1126.18
38.12
38.12
242.19
242.19
1427.25
1427.25
528.08
528.08
528.08
1122.56
1122.56
1122.56
746.89
746.89
746.89
172.25
1317.52
1317.52
385.69
385.69
54.04
132.60
132.60
980.02
980.02
980.02
271.65
