# 1Hz Kbps trace generated by import_real_world_traces.py
2514.15
1499.48
396.74
1232.19
1232.19
121.38
121.38
1287.11
1287.11
2961.22
2961.22
314.50
314.50
6197.83
6197.83
3729.06
3729.06
1070.50
1070.50
1274.61
1274.61
953.98
953.98
6870.05
6870.05
6421.33
6421.33
2643.92
2643.92
359.81
359.81
1559.68
1559.68
10.00
10.00
714.91
714.91
406.90
406.90
3449.08
3449.08
5637.09
5637.09
819.65
819.65
5113.28
5113.28
518.17
518.17
12.92
12.92
6568.13
6568.13
5777.46
5777.46
927.63
927.63
6818.94
6818.94
683.56
683.56
6264.55
6264.55
4713.64
4713.64
19.04
19.04
427.66
427.66
926.99
926.99
2643.40
2643.40
567.20
567.20
680.67
680.67
5433.18
5433.18
943.48
943.48
2046.40
2046.40
3255.86
3255.86
2598.68
2598.68
5391.41
5391.41
6388.68
6388.68
6715.23
6715.23
667.19
667.19
379.27
379.27
326.22
326.22
19.83
19.83
506.08
506.08
1849.53
1849.53
6022.22
6022.22
6551.48
6551.48
362.13
362.13
369.16
369.16
7115.89
7115.89
185.17
