# 1Hz Kbps trace generated by import_real_world_traces.py
928.90
544.48
723.12
1218.40
1218.40
1050.91
1050.91
1050.96
1050.96
1457.45
1457.45
1337.77
1337.77
1219.69
1219.69
1617.45
1617.45
1796.93
1796.93
2096.11
2096.11
2098.74
2098.74
2041.28
2041.28
2554.22
2554.22
2472.35
2472.35
3139.39
3139.39
2719.41
2719.41
798.49
798.49
3428.88
3428.88
3428.88
3428.88
2838.09
2838.09
2838.09
2838.09
3092.47
3092.47
3081.34
3081.34
3081.34
3081.34
3081.34
3081.34
3081.34
3682.04
3682.04
861.74
861.74
2985.72
2985.72
2985.72
2985.72
1765.75
1765.75
3077.36
3077.36
112.01
112.01
917.29
917.29
3206.93
3206.93
3206.93
3206.93
3206.93
3206.93
2827.86
2827.86
955.18
955.18
790.56
790.56
531.58
531.58
19.56
19.56
830.83
830.83
1954.18
1954.18
2541.89
2541.89
447.45
447.45
3286.23
3286.23
3118.44
3118.44
1834.31
1834.31
10.58
10.58
458.50
458.50
42.61
42.61
2361.60
2361.60
2594.92
2594.92
560.44
560.44
719.82
719.82
856.40
856.40
1481.24
1481.24
2270.58
2270.58
137.00
137.00
2781.87
2781.87
2403.53
2403.53
19.96
19.96
3034.44
3034.44
56.12
56.12
431.10
431.10
1405.04
1405.04
419.59
419.59
2277.99
2277.99
402.32
402.32
2450.53
2450.53
564.51
564.51
713.42
713.42
107.00
107.00
2399.39
2399.39
272.21
272.21
2453.39
2453.39
779.02
779.02
1410.63
1410.63
11.77
11.77
2021.86
2021.86
2724.33
2724.33
3293.20
3293.20
3665.06
3665.06
351.78
351.78
109.21
109.21
325.59
325.59
282.74
282.74
1382.23
1382.23
2457.75
2457.75
2257.33
2257.33
19.29
19.29
2356.67
2356.67
1793.99
1793.99
2472.55
2472.55
2061.00
2061.00
13.76
13.76
2711.68
2711.68
10.00
10.00
104.99
104.99
10.00
10.00
10.00
10.00
71.17
71.17
2391.80
2391.80
2391.80
2391.80
596.14
596.14
2232.38
2232.38
683.17
683.17
683.17
683.17
2319.41
2319.41
10.59
10.59
529.56
529.56
2523.81
2523.81
2523.81
2523.81
12.94
12.94
115.34
115.34
10.00
10.00
1142.84
1142.84
2406.97
2406.97
17.40
17.40
10.00
10.00
33.34
33.34
10.00
10.00
1134.08
1134.08
1134.08
1134.08
431.27
431.27
28.39
28.39
15.72
15.72
82.72
82.72
423.44
423.44
900.81
900.81
32.52
32.52
35.71
35.71
2258.13
2258.13
13.56
13.56
55.51
55.51
62.26
62.26
10.00
10.00
26.79
26.79
10.00
10.00
28.14
28.14
566.81
566.81
1258.72
1258.72
169.52
169.52
635.56
635.56
620.87
620.87
31.43
31.43
889.83
889.83
12.46
12.46
10.00
10.00
80.96
80.96
491.22
491.22
10.00
10.00
392.08
392.08
260.95
260.95
697.81
697.81
10.00
10.00
10.00
10.00
10.00
10.00
127.87
127.87
25.79
25.79
499.38
499.38
23.38
23.38
659.26
659.26
235.60
235.60
1886.47
1886.47
456.80
456.80
26.63
26.63
65.58
65.58
2043.71
2043.71
2579.39
2579.39
44.46
44.46
224.42
224.42
10.00
10.00
1852.71
1852.71
436.21
436.21
1102.63
1102.63
421.88
421.88
43.26
43.26
232.98
232.98
2249.82
2249.82
1501.46
1501.46
428.76
428.76
48.23
48.23
795.13
795.13
50.59
50.59
50.59
88.38
88.38
638.10
638.10
935.08
935.08
415.99
415.99
534.86
534.86
1149.35
1149.35
390.03
390.03
28.95
28.95
1855.98
1855.98
35.24
35.24
795.05
795.05
956.56
956.56
1959.59
1959.59
2093.67
2093.67
2253.42
2253.42
424.68
424.68
10.00
10.00
1868.67
1868.67
1770.99
1770.99
10.00
10.00
10.38
10.38
2179.32
2179.32
521.98
521.98
1926.74
1926.74
10.00
10.00
507.63
507.63
1636.13
1636.13
501.77
501.77
109.47
109.47
977.51
977.51
2185.54
2185.54
1710.70
1710.70
1977.17
1977.17
601.85
601.85
1972.40
1972.40
2456.39
2456.39
14.67
14.67
2514.23
2514.23
44.91
44.91
579.20
579.20
10.00
10.00
10.00
10.00
431.41
431.41
2134.18
2134.18
10.00
10.00
2509.46
2509.46
1815.62
1815.62
1725.27
1725.27
820.24
820.24
2293.78
2293.78
44.87
44.87
431.92
431.92
2218.68
2218.68
1300.75
1300.75
1369.73
1369.73
1501.74
1501.74
605.87
605.87
1715.40
1715.40
2458.60
2458.60
420.68
420.68
2178.11
2178.11
2332.21
2332.21
2393.56
2393.56
2231.18
2231.18
1433.76
1433.76
23.40
23.40
2495.13
2495.13
1008.60
1008.60
13.02
13.02
23.50
23.50
1247.13
1247.13
658.25
658.25
171.74
171.74
409.05
409.05
10.00
10.00
424.46
424.46
1193.13
1193.13
2005.43
2005.43
2971.03
2971.03
2346.72
2346.72
29.46
29.46
2706.99
2706.99
407.52
407.52
2163.49
2163.49
2066.88
2066.88
499.27
499.27
2252.15
2252.15
1108.80
1108.80
2972.32
2972.32
11.72
11.72
2075.09
2075.09
2110.86
2110.86
26.74
26.74
2115.93
2115.93
2061.84
2061.84
2517.73
2517.73
2192.33
2192.33
449.52
449.52
2016.25
2016.25
469.58
469.58
1859.76
1859.76
2323.18
2323.18
35.15
35.15
2118.16
2118.16
2155.42
2155.42
2839.74
2839.74
2501.25
2501.25
100.28
100.28
2719.17
2719.17
19.87
19.87
48.60
48.60
1057.35
1057.35
864.35
864.35
2687.96
2687.96
44.05
44.05
612.88
612.88
14.66
14.66
2153.16
2153.16
2408.82
2408.82
1369.43
1369.43
1553.09
1553.09
2667.13
2667.13
10.00
10.00
443.28
443.28
691.37
691.37
999.20
999.20
1827.94
1827.94
2899.50
2899.50
469.01
469.01
1226.90
1226.90
2561.55
2561.55
2613.43
2613.43
105.52
105.52
31.76
31.76
2105.63
2105.63
1533.30
1533.30
967.42
967.42
1458.89
1458.89
2530.49
2530.49
2170.63
2170.63
433.72
433.72
1815.73
1815.73
555.30
555.30
887.17
887.17
10.00
10.00
180.76
180.76
115.59
115.59
35.47
35.47
31.40
31.40
20.54
20.54
33.71
33.71
159.40
159.40
10.00
10.00
65.38
65.38
421.26
421.26
16.20
16.20
88.23
88.23
15.81
15.81
910.67
910.67
407.75
407.75
2097.73
2097.73
1331.22
1331.22
23.12
23.12
63.62
63.62
27.93
27.93
330.26
330.26
422.80
422.80
2081.18
2081.18
14.88
14.88
1294.84
1294.84
23.86
23.86
1548.80
1548.80
1365.01
1365.01
387.93
387.93
10.00
10.00
2120.18
2120.18
2227.97
2227.97
1997.07
1997.07
432.35
432.35
1204.16
1204.16
10.00
10.00
36.13
36.13
602.30
602.30
420.92
420.92
2076.30
2076.30
347.59
347.59
2325.61
2325.61
1792.65
1792.65
534.25
534.25
1420.08
1420.08
10.00
10.00
1227.74
1227.74
2061.18
2061.18
10.00
10.00
2276.17
2276.17
14.97
14.97
2117.92
2117.92
35.10
35.10
94.88
94.88
2721.42
2721.42
436.16
436.16
2550.38
2550.38
2629.00
2629.00
2634.30
2634.30
2415.62
2415.62
2655.38
2655.38
1589.30
1589.30
1589.30
1589.30
2679.63
2679.63
2693.60
2693.60
2200.67
2200.67
2855.66
2855.66
3225.46
3225.46
2444.57
2444.57
10.00
10.00
1286.63
1286.63
2904.20
2904.20
2663.01
2663.01
2501.50
2501.50
421.71
421.71
2345.97
2345.97
239.21
239.21
2673.24
2673.24
373.66
373.66
486.60
486.60
3243.09
3243.09
1351.55
1351.55
130.78
130.78
18.05
18.05
22.40
22.40
3185.56
3185.56
1847.85
1847.85
2781.37
2781.37
92.52
92.52
2363.49
2363.49
2286.55
2286.55
441.77
441.77
3078.62
3078.62
2652.20
2652.20
2277.24
2277.24
193.35
193.35
786.20
786.20
2573.05
2573.05
13.19
13.19
2522.24
2522.24
2943.67
2943.67
1638.48
1638.48
1770.64
1770.64
434.34
434.34
2376.48
2376.48
385.05
385.05
2684.57
2684.57
2992.82
2992.82
3285.02
3285.02
25.80
25.80
804.75
804.75
187.15
187.15
1370.58
1370.58
2879.68
2879.68
92.66
92.66
2425.77
2425.77
2425.77
2425.77
769.43
769.43
2414.70
2414.70
2205.94
2205.94
2568.45
2568.45
2725.97
2725.97
1441.33
1441.33
10.00
10.00
1495.04
1495.04
3284.15
3284.15
3017.88
3017.88
2343.83
2343.83
3527.66
3527.66
2795.48
2795.48
3047.45
3047.45
3469.99
3469.99
3469.99
3469.99
1427.07
1427.07
2959.45
2959.45
431.84
431.84
2972.81
2972.81
2741.28
2741.28
3212.70
3212.70
2164.41
2164.41
1456.21
1456.21
445.76
445.76
1711.93
1711.93
3127.54
3127.54
2854.68
2854.68
3394.93
3394.93
10.00
10.00
2728.24
2728.24
2728.24
2728.24
234.13
234.13
1248.07
1248.07
3093.80
3093.80
2985.72
2985.72
2637.86
2637.86
3159.99
3159.99
1315.91
1315.91
1315.91
1315.91
1315.91
1315.91
17.87
17.87
634.12
634.12
3319.46
3319.46
2772.99
2772.99
11.90
11.90
3591.28
3591.28
1383.40
1383.40
1383.40
1383.40
50.16
50.16
1246.17
1246.17
45.63
45.63
2389.45
2389.45
927.63
927.63
2309.47
2309.47
2195.52
2195.52
2195.52
2195.52
182.78
182.78
10.00
10.00
2590.67
2590.67
430.75
430.75
2672.98
2672.98
10.00
10.00
2161.65
2161.65
10.00
10.00
13.89
13.89
2589.53
2589.53
1705.93
1705.93
282.99
282.99
1338.11
1338.11
2602.11
2602.11
1579.94
1579.94
10.00
10.00
2663.06
2663.06
2663.06
2663.06
10.00
10.00
651.75
651.75
2839.61
2839.61
2359.01
2359.01
2528.08
2528.08
2272.39
2272.39
13.36
13.36
2952.57
2952.57
2779.77
2779.77
2677.66
2677.66
2951.35
2951.35
2653.91
2653.91
2336.47
2336.47
2953.89
2953.89
2745.60
2745.60
3064.74
3064.74
412.77
412.77
3143.70
3143.70
1932.91
1932.91
2891.47
2891.47
2781.07
2781.07
2844.25
2844.25
3781.85
3781.85
271.49
271.49
2091.84
2091.84
2091.84
2091.84
2091.84
2091.84
2886.50
2886.50
2199.09
2199.09
2687.40
2687.40
2435.16
2435.16
483.59
483.59
2488.98
2488.98
1955.87
1955.87
2407.66
2407.66
2596.40
2596.40
2596.40
2596.40
65.06
65.06
1807.06
1807.06
1807.06
1807.06
2434.56
2434.56
2488.10
2488.10
2488.10
2488.10
2260.57
2260.57
10.00
10.00
474.77
474.77
1369.34
1369.34
2333.49
2333.49
10.00
10.00
2229.11
2229.11
3009.37
3009.37
3059.89
3059.89
412.56
412.56
34.93
34.93
1182.82
1182.82
10.00
10.00
1299.98
1299.98
3066.14
3066.14
182.51
182.51
13.09
13.09
2945.36
2945.36
2141.69
2141.69
2251.46
2251.46
2251.46
2251.46
2251.46
2251.46
2794.39
2794.39
2673.09
2673.09
2724.80
2724.80
2336.80
2336.80
21.81
21.81
1147.54
1147.54
1147.54
1147.54
1147.54
1147.54
1192.43
1192.43
1261.25
1261.25
1261.25
1261.25
1261.25
1261.25
1261.25
1261.25
1055.63
1055.63
1081.18
1081.18
1229.71
1229.71
1313.45
1313.45
362.65
362.65
1876.72
1876.72
1813.06
1813.06
1813.06
1813.06
465.20
465.20
1765.72
1765.72
2146.71
2146.71
2146.71
2146.71
1811.91
1811.91
2196.70
2196.70
2007.24
2007.24
2007.24
2007.24
2304.96
2304.96
2345.31
2345.31
2499.55
2499.55
10.00
10.00
925.18
925.18
2482.40
2482.40
2482.40
2482.40
1600.10
1600.10
1323.70
1323.70
12.54
12.54
2874.96
2874.96
2437.15
2437.15
13.43
13.43
382.67
382.67
941.49
941.49
1395.69
1395.69
2275.40
2275.40
1537.97
1537.97
2262.85
2262.85
1349.41
1349.41
2510.10
2510.10
2076.79
2076.79
10.00
10.00
440.56
440.56
279.75
279.75
10.00
10.00
2055.73
2055.73
2020.25
2020.25
2020.25
2020.25
13.71
13.71
1113.34
1113.34
116.53
116.53
1281.40
1281.40
10.00
10.00
57.98
57.98
413.43
413.43
17.18
17.18
2730.74
2730.74
2686.54
2686.54
832.78
832.78
832.78
832.78
2404.73
2404.73
2404.73
2404.73
2404.73
2404.73
1724.58
1724.58
2490.20
2490.20
2399.21
2399.21
3005.40
3005.40
2974.94
2974.94
2476.47
2476.47
10.00
10.00
2928.83
2928.83
2420.99
2420.99
2459.33
2459.33
449.50
449.50
10.00
10.00
2434.00
2434.00
26.95
26.95
3065.67
3065.67
437.33
437.33
2930.09
2930.09
2820.08
2820.08
2820.08
2820.08
2820.08
2820.08
2453.24
2453.24
2453.24
2453.24
2231.85
2231.85
1226.04
1226.04
427.99
427.99
10.00
10.00
347.72
347.72
347.72
765.76
765.76
765.76
765.76
709.87
709.87
2541.50
2541.50
2525.21
2525.21
1090.98
1090.98
2078.32
2078.32
2678.91
2678.91
1018.19
1018.19
1084.97
1084.97
2687.35
2687.35
2687.35
2687.35
439.58
439.58
3040.24
3040.24
3040.24
3040.24
474.86
474.86
1037.59
1037.59
444.01
444.01
929.44
929.44
1333.79
1333.79
1312.48
1312.48
1312.48
1312.48
10.00
10.00
2006.69
2006.69
2103.20
2103.20
3037.58
3037.58
2053.52
2053.52
1205.69
1205.69
10.00
10.00
2592.66
2592.66
2196.66
2196.66
469.25
469.25
2440.40
2440.40
2586.70
2586.70
2023.75
2023.75
181.91
181.91
420.85
420.85
107.02
107.02
871.73
871.73
990.79
990.79
10.00
10.00
10.00
10.00
44.32
44.32
10.00
10.00
15.73
15.73
2068.87
2068.87
2726.74
2726.74
1837.77
1837.77
1586.95
1586.95
13.58
13.58
2512.17
2512.17
689.16
689.16
2268.10
2268.10
17.89
17.89
57.36
57.36
307.08
307.08
36.21
36.21
1660.26
1660.26
24.45
24.45
26.41
26.41
586.68
586.68
1532.84
1532.84
426.72
426.72
1135.85
1135.85
1774.39
1774.39
939.75
939.75
1689.88
1689.88
2164.61
2164.61
502.81
502.81
2355.80
2355.80
33.09
33.09
10.97
10.97
1107.47
1107.47
51.89
51.89
395.55
395.55
34.93
34.93
1040.75
1040.75
465.62
465.62
2285.04
2285.04
2183.64
2183.64
735.90
735.90
65.99
65.99
162.34
162.34
13.13
13.13
25.27
25.27
1071.16
1071.16
1071.16
1071.16
34.28
34.28
863.91
863.91
143.43
143.43
1278.50
1278.50
1995.29
1995.29
62.40
62.40
983.26
983.26
42.25
42.25
34.46
34.46
27.62
27.62
298.58
298.58
2053.72
2053.72
1906.46
1906.46
2423.33
2423.33
785.98
785.98
1075.94
1075.94
444.31
444.31
1417.41
1417.41
339.91
339.91
425.34
425.34
1992.90
1992.90
10.00
10.00
14.42
14.42
431.02
431.02
114.17
114.17
143.47
143.47
484.29
484.29
53.60
53.60
176.24
176.24
999.72
999.72
405.68
405.68
62.42
62.42
2054.67
2054.67
284.78
284.78
188.11
188.11
10.00
10.00
300.34
300.34
2115.58
2115.58
34.43
34.43
53.99
53.99
527.25
527.25
35.18
35.18
412.30
412.30
1842.00
1842.00
65.03
65.03
58.78
58.78
29.36
29.36
57.09
57.09
94.91
94.91
15.28
15.28
10.00
10.00
2002.80
2002.80
15.53
15.53
1136.51
1136.51
1024.52
1024.52
31.71
31.71
27.53
27.53
10.00
10.00
13.37
13.37
1060.55
1060.55
10.00
10.00
2258.36
2258.36
10.00
10.00
201.38
201.38
1336.88
1336.88
45.28
45.28
127.83
127.83
84.25
84.25
12.18
12.18
981.60
981.60
619.87
619.87
1731.43
1731.43
1302.36
1302.36
179.57
179.57
1020.50
1020.50
2351.19
2351.19
13.13
13.13
80.72
80.72
1967.34
1967.34
2128.89
2128.89
1588.33
1588.33
1844.76
1844.76
1907.85
1907.85
2284.27
2284.27
289.64
289.64
10.00
10.00
856.61
856.61
2634.33
2634.33
982.91
982.91
127.79
127.79
1915.45
1915.45
2321.07
2321.07
1506.78
1506.78
2267.74
2267.74
1924.22
1924.22
1842.64
1842.64
10.00
10.00
30.31
30.31
405.25
405.25
421.38
421.38
13.83
13.83
2702.84
2702.84
2702.84
2702.84
992.69
992.69
1201.82
1201.82
724.65
724.65
1083.18
1083.18
2429.86
2429.86
2206.39
2206.39
19.91
19.91
192.67
192.67
2349.28
2349.28
1390.99
1390.99
14.22
14.22
1466.79
1466.79
1466.79
1466.79
2394.18
2394.18
2394.18
2394.18
10.00
10.00
426.09
426.09
41.72
41.72
227.03
227.03
1662.71
1662.71
13.78
13.78
1016.38
1016.38
2086.77
2086.77
2151.10
2151.10
1947.57
1947.57
2200.03
2200.03
530.92
530.92
2531.16
2531.16
2287.07
2287.07
2537.18
2537.18
2537.18
2537.18
496.64
496.64
2542.78
2542.78
537.34
537.34
40.36
40.36
417.76
417.76
14.00
14.00
638.64
638.64
494.20
494.20
52.62
52.62
2080.80
2080.80
2151.73
2151.73
2258.03
2258.03
2325.47
2325.47
1891.76
1891.76
1600.99
