# 1Hz Kbps trace generated by import_real_world_traces.py
711.79
711.79
1176.41
1176.41
1115.11
1115.11
1281.34
1281.34
1282.42
1278.30
1278.30
1278.30
1287.85
1287.85
1280.12
1280.12
1274.70
1274.70
1286.44
1286.44
1278.82
1278.82
1269.47
1269.47
1515.76
1515.76
1281.30
1281.30
892.73
892.73
1287.32
1287.32
1266.84
1266.84
1257.45
1257.45
1077.28
1077.28
1145.73
1145.73
1274.76
1274.76
1304.55
1304.55
1232.37
1232.37
1297.91
1297.91
1269.61
1269.61
114.84
114.84
1271.24
1271.24
1275.53
1275.53
1049.68
1049.68
1260.01
1260.01
1265.85
1265.85
1261.90
1261.90
1260.56
1260.56
1244.72
1244.72
1247.72
1247.72
1271.73
1271.73
1285.66
1285.66
1281.56
1281.56
1325.09
1325.09
1291.18
1291.18
1275.74
1275.74
1283.38
1283.38
1279.88
1279.88
1489.81
1489.81
1282.70
1282.70
1297.88
1297.88
1221.72
1221.72
1267.93
1267.93
1729.10
1729.10
1268.22
1268.22
1276.15
1276.15
1242.78
1242.78
1259.47
1259.47
1568.11
1568.11
1154.59
1154.59
1281.53
1281.53
1136.06
1136.06
1296.18
1296.18
1281.75
1281.75
1242.93
1242.93
1526.39
1526.39
1243.55
1243.55
1263.37
1263.37
1290.34
1290.34
1248.48
1248.48
934.69
934.69
1287.30
1287.30
1272.47
1272.47
1131.94
1131.94
1289.69
1289.69
1256.64
1256.64
1286.60
1286.60
1280.87
1280.87
1276.12
1276.12
1287.98
1287.98
1266.38
1266.38
1267.64
1267.64
1279.92
1279.92
1241.44
1241.44
1223.31
1223.31
1252.26
1252.26
1434.07
1434.07
1541.29
1541.29
1651.45
1651.45
1563.60
1563.60
1558.28
1558.28
1632.86
1632.86
1706.30
1706.30
1404.44
1404.44
1596.00
1596.00
1522.18
1522.18
1295.23
1295.23
1283.17
1283.17
2478.57
2478.57
802.93
802.93
1575.74
1575.74
1540.20
1540.20
698.50
698.50
854.54
854.54
879.08
879.08
1103.37
1103.37
1278.81
1278.81
954.07
954.07
1299.75
1299.75
1209.84
1209.84
19.74
19.74
854.66
854.66
1285.03
1285.03
1226.19
1226.19
1287.17
1287.17
1284.10
1284.10
1196.75
1196.75
1307.32
1307.32
1262.90
1262.90
1140.71
1140.71
1304.60
1304.60
1276.19
1276.19
1260.26
1260.26
934.78
934.78
1292.02
1292.02
1282.56
1282.56
1301.73
1301.73
1283.51
1283.51
1248.62
1248.62
1278.17
1278.17
1286.73
1286.73
1286.73
1081.12
1011.67
1011.67
983.74
983.74
1087.18
1087.18
1269.03
1269.03
1272.54
1272.54
1257.17
1257.17
1283.87
1283.87
1265.26
1265.26
1267.91
1267.91
1280.10
1280.10
1138.29
1138.29
1275.55
1275.55
1214.37
1214.37
1272.61
1272.61
1338.26
1338.26
1279.10
1279.10
19.66
19.66
1090.41
1090.41
1278.51
1278.51
876.72
876.72
1280.34
1280.34
1835.35
1835.35
1275.25
1275.25
881.71
881.71
878.69
878.69
943.97
943.97
1292.64
1292.64
1278.47
1278.47
73.51
73.51
1246.49
1246.49
1276.74
1276.74
1292.25
1292.25
1236.47
1236.47
1283.35
1283.35
1297.37
1297.37
1242.09
1242.09
1272.92
1272.92
1266.25
1266.25
1246.23
1246.23
1261.17
1261.17
1240.43
1240.43
1230.12
1230.12
1277.05
1277.05
1281.33
1281.33
1229.90
1229.90
1301.33
