# 1Hz Kbps trace generated by import_real_world_traces.py
510.08
605.92
1028.06
1028.06
1393.70
36.85
36.85
149.93
149.93
10.00
10.00
127.73
127.73
144.26
144.26
27.14
27.14
177.20
177.20
16.95
16.95
26.82
26.82
202.45
202.45
228.38
228.38
609.58
609.58
190.70
190.70
2035.40
2035.40
12.73
12.73
2104.55
2104.55
23.89
23.89
1311.48
1311.48
2633.40
2633.40
2309.64
2309.64
21.78
21.78
1294.77
1294.77
3362.58
3362.58
648.68
648.68
2041.19
2041.19
458.34
458.34
1551.89
1551.89
1551.89
1551.89
1064.64
1064.64
3654.11
3654.11
29.55
29.55
298.63
298.63
239.58
239.58
3571.63
3571.63
3571.63
3571.63
23.03
23.03
1128.39
1128.39
20.14
20.14
256.06
256.06
85.28
85.28
994.24
994.24
61.08
61.08
149.22
149.22
159.09
159.09
1190.10
1190.10
12.62
12.62
1793.90
1793.90
61.15
61.15
3341.51
3341.51
647.21
647.21
3431.43
3431.43
43.72
43.72
722.42
722.42
2941.28
2941.28
3004.33
3004.33
1670.67
1670.67
190.84
190.84
139.39
139.39
220.53
220.53
19.78
19.78
234.02
234.02
709.44
709.44
1679.76
1679.76
4398.58
4398.58
4062.25
4062.25
11.74
11.74
762.88
762.88
762.88
762.88
3557.56
3557.56
3810.70
3810.70
3968.76
3968.76
3884.18
3884.18
3884.18
3884.18
4160.16
4160.16
4439.09
4439.09
3506.02
3506.02
3779.31
3779.31
3779.31
3779.31
2615.82
2615.82
10.00
10.00
45.99
45.99
304.79
304.79
103.74
103.74
1320.03
1320.03
2373.61
2373.61
540.46
540.46
1583.30
1583.30
1806.68
1806.68
2129.86
2129.86
1540.94
1540.94
774.27
774.27
1993.00
1993.00
2533.44
2533.44
3120.49
3120.49
2443.52
2443.52
3973.75
3973.75
54.86
54.86
2294.30
2294.30
92.67
92.67
71.98
71.98
99.75
99.75
1964.23
