# 1Hz Kbps trace generated by import_real_world_traces.py
357.80
486.62
486.62
169.71
110.77
323.74
356.08
478.95
478.95
329.62
899.50
1069.96
910.05
910.05
786.51
786.51
1182.59
1182.59
1062.17
1062.17
1309.75
1309.75
1255.49
1255.49
1255.49
142.21
142.21
1305.57
1328.13
1328.13
1091.06
1091.06
1103.70
1103.70
1486.58
1486.58
726.53
726.53
1318.26
1318.26
1165.26
1165.26
64.56
64.56
436.10
436.10
1278.38
1278.38
88.89
88.89
88.89
88.89
80.87
80.87
292.00
292.00
1377.51
1377.51
904.42
904.42
1378.25
1378.25
1378.25
1378.25
1378.25
449.03
368.90
561.70
561.70
561.70
561.70
561.70
632.98
632.98
632.98
632.98
632.98
632.98
369.53
369.53
640.25
793.82
793.82
1169.31
1169.31
279.65
279.65
576.98
576.98
546.14
546.14
52.20
52.20
149.90
149.90
149.90
149.90
229.51
413.78
413.78
784.06
288.82
755.29
755.29
734.55
734.55
734.55
539.26
539.26
437.56
437.56
437.56
364.25
364.25
50.88
706.37
706.37
427.68
427.68
40.28
40.28
771.28
771.28
771.28
948.86
854.03
854.03
1096.53
1096.53
1096.53
648.14
648.14
29.94
29.94
29.94
156.72
156.72
156.72
166.93
166.93
166.93
166.93
117.61
117.61
51.75
51.75
406.58
406.58
406.58
132.72
132.72
352.08
352.08
84.04
84.04
11.17
535.31
872.78
516.00
516.00
811.08
811.08
478.54
478.54
399.33
608.64
866.88
866.88
866.88
866.88
301.64
301.64
114.70
114.70
546.43
763.64
763.64
415.81
415.81
415.81
66.07
66.07
66.07
37.69
801.02
726.35
856.50
856.50
530.11
530.11
437.26
437.26
148.88
148.88
148.88
548.60
548.60
548.60
88.92
731.20
731.20
356.15
439.91
171.52
171.52
607.47
607.47
607.47
607.47
132.68
132.68
132.68
285.45
611.04
635.21
635.21
149.90
231.64
231.64
117.46
117.46
117.46
78.52
78.52
78.52
286.75
286.75
875.27
875.27
589.60
1099.29
994.96
994.96
994.96
250.28
31.53
868.45
868.45
109.75
109.75
445.10
445.10
445.10
196.81
196.81
196.81
196.81
501.67
501.67
501.67
501.67
617.65
617.65
617.65
73.49
477.66
185.39
185.39
859.55
859.55
761.90
761.90
761.90
761.90
761.90
761.90
761.90
761.90
761.90
761.90
761.90
761.90
761.90
761.90
761.90
761.90
761.90
761.90
761.90
761.90
761.90
761.90
761.90
761.90
761.90
761.90
921.40
662.43
408.10
958.45
723.94
717.88
1310.38
71.71
71.71
653.25
653.25
653.25
653.25
295.37
52.63
52.63
139.95
139.95
105.48
105.48
105.48
1226.25
1226.25
10.08
10.08
10.08
123.64
123.64
123.64
570.21
570.21
116.41
116.41
314.02
314.02
314.02
59.16
59.16
59.16
491.82
678.35
803.27
803.27
803.27
131.52
131.52
114.30
389.29
389.29
389.29
239.02
239.02
909.90
19.49
19.49
19.49
779.45
779.45
645.02
1280.22
1280.22
1060.64
776.43
776.43
776.43
201.90
201.90
201.90
201.90
510.77
510.77
205.26
205.26
128.04
128.04
128.04
600.59
704.71
704.71
954.15
1320.32
1320.32
378.06
378.06
72.49
680.73
680.73
104.39
104.39
104.39
1110.79
1110.79
881.39
881.39
881.39
158.72
554.99
554.99
554.99
151.44
151.44
248.17
322.94
322.94
197.88
862.68
862.68
911.24
911.24
521.09
521.09
555.83
916.43
916.43
916.43
916.43
916.43
916.43
916.43
916.43
916.43
904.78
904.78
194.09
279.64
279.64
817.60
1162.20
1162.20
293.61
293.61
293.61
71.17
71.17
71.17
291.44
291.44
582.99
582.99
219.11
219.11
240.00
240.00
354.82
354.82
386.62
386.62
1043.30
541.00
581.93
1972.15
1972.15
45.28
45.28
45.28
465.26
465.26
465.26
333.82
1564.16
1564.16
2061.64
1831.81
712.95
1074.94
1074.94
1074.94
1074.94
1074.94
1074.94
1610.91
1610.91
1610.91
1610.91
474.74
474.74
877.54
877.54
1102.75
1102.75
1102.75
1102.75
1102.75
1102.75
1020.69
1020.69
170.86
170.86
1373.32
1373.32
459.47
459.47
915.19
915.19
1260.76
1260.76
1260.76
1260.76
1260.76
1260.76
1260.76
1260.76
1614.74
1614.74
1944.63
1944.63
157.04
157.04
650.79
650.79
214.95
214.95
1503.98
1503.98
1331.53
1331.53
332.92
332.92
1319.90
1319.90
826.56
826.56
798.92
798.92
798.92
798.92
1339.26
1339.26
1628.48
1628.48
2127.21
2127.21
550.79
550.79
1734.38
1734.38
1142.22
1142.22
2702.52
2702.52
2253.62
2253.62
568.77
568.77
58.07
58.07
532.60
532.60
839.85
839.85
83.77
83.77
1357.58
1357.58
70.66
70.66
70.66
613.81
613.81
613.81
613.81
613.81
613.81
17.73
17.73
17.73
17.73
17.73
98.58
791.56
236.70
236.70
236.70
1049.36
1049.36
600.36
600.36
252.38
66.20
815.32
815.32
815.32
815.32
815.32
116.75
844.25
625.58
625.58
625.58
258.45
258.45
308.78
308.78
308.78
166.27
166.27
322.39
322.39
561.46
561.46
607.66
607.66
607.66
167.23
167.23
115.25
115.25
165.73
165.73
254.51
254.51
708.58
373.04
373.04
759.77
759.77
205.77
205.77
205.77
89.19
89.19
232.66
232.66
232.66
626.08
622.07
622.07
622.07
56.12
56.12
56.12
482.53
482.53
561.70
251.70
251.70
117.17
117.17
117.17
606.32
601.39
880.16
880.16
880.16
799.54
799.54
240.97
240.97
43.97
43.97
226.06
226.06
230.17
230.17
230.17
230.17
230.17
745.30
745.30
745.30
745.30
281.15
281.15
233.58
397.68
397.68
662.38
662.38
662.38
85.33
85.33
179.39
49.22
49.22
49.22
292.83
939.21
828.51
432.86
92.43
92.43
92.43
92.43
226.31
226.31
173.13
396.31
396.31
537.98
537.98
98.02
98.02
98.02
98.02
98.02
368.38
368.38
190.77
140.27
458.89
458.89
10.00
10.00
153.84
153.84
108.24
1076.48
1076.48
641.92
641.92
1123.03
562.47
562.47
562.47
346.45
346.45
929.23
1408.41
1408.41
953.18
953.18
1171.36
1171.36
1171.36
789.90
789.90
789.90
220.18
220.18
220.18
335.79
167.15
1335.59
1409.86
1793.55
1389.22
1253.69
1253.69
532.91
532.91
169.55
169.55
371.58
371.58
338.06
338.06
859.81
859.81
636.08
636.08
1080.07
1080.07
837.45
837.45
197.75
197.75
902.39
902.39
1293.58
1293.58
715.96
715.96
741.47
741.47
371.76
371.76
347.50
347.50
205.57
205.57
45.67
45.67
205.42
205.42
205.42
779.48
1044.37
1044.37
1233.82
1233.82
29.18
29.18
1060.83
1060.83
754.60
754.60
296.16
296.16
296.16
503.93
1358.40
1358.40
1198.61
1198.61
67.47
67.47
165.30
165.30
1368.64
1368.64
557.05
557.05
1314.48
1314.48
680.47
680.47
680.47
633.94
633.94
1301.03
1301.03
154.34
154.34
983.48
1551.59
1551.59
1063.31
1063.31
1027.05
1027.05
10.00
10.00
143.70
143.70
1055.24
1055.24
238.93
238.93
901.87
901.87
257.01
257.01
662.19
662.19
728.38
728.38
729.75
729.75
729.75
10.00
61.90
61.90
61.90
61.90
342.79
1251.21
165.23
165.23
471.79
471.79
306.17
306.17
820.48
820.48
295.44
295.44
108.08
108.08
1425.22
1425.22
1425.22
1425.22
255.24
255.24
1317.22
1317.22
902.41
902.41
1113.07
1113.07
406.23
406.23
791.56
791.56
710.12
710.12
710.12
710.12
710.12
710.12
1274.66
1274.66
477.28
477.28
580.68
580.68
1348.32
1348.32
1848.47
1848.47
111.84
111.84
1871.71
1871.71
1127.32
1127.32
1766.08
1766.08
66.64
66.64
601.37
601.37
286.26
286.26
166.48
166.48
166.48
166.48
415.06
415.06
642.66
1002.64
1002.64
133.07
1277.58
1277.58
725.82
725.82
451.23
451.23
451.23
111.04
111.04
111.04
113.84
113.84
113.84
126.28
126.28
1088.65
1088.65
1088.65
1088.65
10.00
10.00
10.00
288.62
288.62
749.18
802.07
802.07
927.80
10.00
10.00
909.58
909.58
137.96
111.43
111.43
82.47
82.47
462.32
372.29
1015.97
1015.97
380.11
955.20
955.20
396.61
396.61
260.58
260.58
1153.70
1153.70
1650.18
1650.18
419.49
419.49
689.81
689.81
288.84
288.84
658.77
658.77
132.32
132.32
275.04
275.04
275.04
296.76
296.76
296.76
46.50
46.50
46.50
51.98
51.98
51.98
499.00
499.00
499.00
38.73
38.73
38.73
38.73
139.10
511.60
511.60
511.60
511.60
511.60
21.01
21.01
144.01
686.17
386.85
280.19
280.19
280.19
37.62
37.62
95.02
132.06
132.06
132.06
93.28
95.71
549.65
549.65
441.79
441.79
383.73
383.73
383.73
383.73
204.75
204.75
204.75
426.09
426.09
472.14
472.14
472.14
84.99
84.99
165.37
165.37
620.24
620.24
55.02
859.86
859.86
54.31
54.31
688.28
688.28
1136.46
1136.46
17.25
17.25
24.62
24.62
477.69
477.69
477.69
477.69
30.04
30.04
94.66
94.66
340.95
340.95
340.95
340.95
86.13
86.13
86.13
86.13
86.13
62.67
62.67
62.67
138.25
138.25
138.25
316.46
316.46
316.46
245.22
245.22
272.63
667.89
667.89
667.89
147.00
147.00
147.00
74.27
74.27
298.64
