# 1Hz Kbps trace generated by import_real_world_traces.py
1656.50
248.08
1780.58
2266.91
2266.91
966.25
966.25
4237.08
4237.08
252.59
252.59
168.69
168.69
318.66
318.66
65.43
65.43
367.84
367.84
950.63
950.63
25.86
25.86
19.94
19.94
996.01
996.01
164.82
164.82
1009.56
1009.56
70.72
70.72
954.85
954.85
162.64
162.64
192.04
192.04
57.46
57.46
10.00
10.00
873.02
873.02
121.45
121.45
15.01
15.01
10.00
10.00
182.36
182.36
980.92
980.92
14.46
14.46
537.53
537.53
514.75
514.75
46.40
46.40
18.69
18.69
26.04
26.04
999.50
999.50
17.38
17.38
342.75
342.75
117.74
117.74
224.35
224.35
51.18
51.18
25.90
25.90
2844.14
2844.14
64.70
64.70
6029.49
6029.49
968.06
968.06
11851.34
11851.34
960.32
960.32
4187.24
4187.24
3010.18
3010.18
424.18
424.18
193.07
193.07
437.04
437.04
343.50
343.50
19.01
19.01
105.16
105.16
4609.75
4609.75
40.93
40.93
52.81
52.81
977.01
977.01
150.95
150.95
395.84
395.84
57.40
57.40
149.20
149.20
19.24
19.24
66.12
66.12
1018.10
1018.10
9353.30
9353.30
215.75
215.75
985.33
985.33
14826.66
14826.66
62.63
62.63
354.88
354.88
305.70
305.70
18.60
18.60
13651.02
13651.02
74.72
74.72
13290.58
13290.58
16.09
16.09
17.27
17.27
11751.25
11751.25
17.83
17.83
3758.62
3758.62
24.21
24.21
228.86
228.86
21.39
21.39
483.50
483.50
178.87
178.87
74.18
74.18
98.96
98.96
1017.96
1017.96
14.56
14.56
2053.04
2053.04
12.70
12.70
6962.01
6962.01
6962.01
6962.01
6962.01
6962.01
6962.01
6962.01
6962.01
6962.01
6962.01
6962.01
6962.01
6962.01
6962.01
6962.01
26.83
26.83
639.31
639.31
784.57
784.57
1403.80
1403.80
1985.73
1985.73
2908.89
2908.89
246.59
246.59
1366.04
1366.04
1149.34
1149.34
4186.17
4186.17
44.49
44.49
84.13
84.13
890.87
890.87
835.23
835.23
118.58
118.58
45.97
45.97
21.53
21.53
5621.63
5621.63
107.68
107.68
53.00
53.00
2398.76
2398.76
8132.36
8132.36
91.83
91.83
132.19
132.19
968.96
968.96
275.19
275.19
16.33
16.33
6686.59
6686.59
9999.14
9999.14
116.66
116.66
42.88
42.88
248.01
248.01
488.75
488.75
12.55
12.55
644.77
644.77
35.74
35.74
550.98
550.98
8999.75
8999.75
73.92
73.92
10.00
10.00
457.34
457.34
9947.16
9947.16
14067.31
14067.31
902.74
902.74
614.54
614.54
277.88
277.88
18.26
18.26
12582.83
12582.83
1030.55
1030.55
47.26
47.26
16249.42
16249.42
32.14
32.14
166.17
166.17
34.52
34.52
71.23
71.23
59.66
59.66
72.99
72.99
1818.12
1818.12
1018.31
1018.31
321.29
321.29
111.79
111.79
13.72
13.72
15026.70
15026.70
58.26
58.26
522.86
522.86
990.89
990.89
369.92
369.92
15.91
15.91
191.37
191.37
535.40
535.40
18.46
18.46
108.99
108.99
65.42
65.42
219.09
219.09
10.00
10.00
98.26
98.26
666.67
666.67
526.93
526.93
332.15
332.15
11693.81
11693.81
12432.08
12432.08
11788.78
11788.78
215.38
215.38
10983.83
10983.83
1067.02
1067.02
5607.23
5607.23
5607.23
5607.23
5607.23
5607.23
60.68
60.68
110.03
110.03
4779.86
4779.86
27.27
27.27
19.56
19.56
8499.32
8499.32
8439.55
8439.55
8579.96
8579.96
1041.22
1041.22
102.43
102.43
120.00
120.00
120.00
15.18
15.18
104.66
28.68
28.68
243.68
243.68
3227.14
3227.14
27.51
27.51
930.81
930.81
4002.39
4002.39
37.26
37.26
65.27
65.27
8736.40
8736.40
162.42
162.42
18.95
18.95
9211.84
9211.84
8843.28
8843.28
9238.09
9238.09
64.79
64.79
8410.69
8410.69
736.33
736.33
999.79
999.79
13.53
13.53
43.15
43.15
10926.76
10926.76
93.99
93.99
143.43
143.43
53.55
53.55
4521.84
4521.84
10473.44
10473.44
36.66
36.66
1241.49
1241.49
130.70
130.70
44.01
44.01
1023.40
1023.40
1023.40
60.44
60.44
1690.00
1690.00
10993.14
10993.14
1037.33
1037.33
8519.97
8519.97
951.97
951.97
962.50
1061.61
1061.61
1061.61
14.09
14.09
245.40
245.40
18.59
18.59
6807.87
6807.87
8785.44
8785.44
10633.94
10633.94
2345.10
2345.10
1636.46
1636.46
81.60
81.60
3351.45
3351.45
149.65
149.65
1076.40
1076.40
146.38
146.38
58.15
58.15
1011.07
1011.07
9601.60
9601.60
61.23
61.23
17.64
17.64
201.27
201.27
96.41
96.41
243.50
243.50
864.32
864.32
3037.75
1312.78
1312.78
1312.78
3695.10
3695.10
148.88
148.88
19.74
19.74
1854.03
1854.03
952.80
952.80
1211.06
1211.06
1343.30
1343.30
7214.22
7214.22
3398.62
3398.62
20.10
20.10
1087.64
949.98
949.98
949.98
637.36
637.36
388.85
388.85
1001.77
1001.77
170.06
170.06
109.36
109.36
63.80
63.80
84.64
84.64
229.34
229.34
197.58
197.58
996.70
996.70
9844.41
9844.41
10.70
10.70
15.38
15.38
15.60
15.60
1052.42
1052.42
38.37
38.37
980.37
980.37
11927.35
11927.35
11927.35
11927.35
2523.69
2523.69
93.29
93.29
964.62
964.62
31.57
31.57
963.31
963.31
224.13
224.13
562.05
562.05
18.90
18.90
10147.40
10147.40
987.48
987.48
6434.29
6434.29
11114.26
11114.26
516.10
516.10
226.41
226.41
10.00
10.00
43.74
43.74
969.41
969.41
351.67
351.67
7478.62
7478.62
19.06
19.06
91.96
91.96
1027.72
1027.72
1027.72
1027.72
41.31
41.31
19.08
19.08
43.67
43.67
990.67
990.67
3834.66
3834.66
139.18
139.18
287.29
287.29
190.91
190.91
6529.72
6529.72
16.21
16.21
951.66
951.66
121.22
121.22
186.78
186.78
6951.57
6951.57
15.18
15.18
1764.64
1764.64
3198.78
3198.78
2331.32
2331.32
4862.22
4862.22
8290.57
8290.57
1822.59
1822.59
3030.68
3030.68
9428.13
9428.13
9428.13
9428.13
9428.13
9428.13
10127.00
10127.00
14.78
14.78
9874.20
9874.20
8449.34
8449.34
6919.71
6919.71
74.15
74.15
9394.18
9394.18
9424.43
9424.43
2242.08
2242.08
10044.38
10044.38
10610.92
10610.92
8309.25
8309.25
10352.33
10352.33
10352.33
10352.33
977.81
977.81
10219.30
10219.30
10219.30
10219.30
10219.30
10219.30
10219.30
10219.30
10219.30
10219.30
12057.24
12057.24
4665.34
4665.34
6476.14
6476.14
10630.08
10630.08
10630.08
10630.08
10630.08
10630.08
10630.08
10630.08
10779.57
10779.57
10779.57
10779.57
2750.48
2750.48
11779.00
11779.00
10996.76
10996.76
10996.76
10996.76
10996.76
10996.76
10996.76
10996.76
99.12
99.12
5960.29
5960.29
5960.29
5960.29
5960.29
5960.29
5960.29
5960.29
5960.29
5960.29
10241.50
10241.50
10241.50
10241.50
10241.50
10241.50
10103.59
10103.59
8969.18
8969.18
1113.98
1113.98
1163.44
1163.44
1163.44
1163.44
10446.83
10446.83
10342.26
10342.26
10342.26
10342.26
5934.95
5934.95
9832.64
9832.64
1814.34
1814.34
11139.24
11139.24
128.07
128.07
11001.67
11001.67
11001.67
11001.67
11405.86
11405.86
846.62
846.62
9411.50
9411.50
11295.24
11295.24
11295.24
11295.24
11295.24
11295.24
10070.06
10070.06
13.41
13.41
106.81
106.81
193.36
193.36
1165.71
1165.71
15.13
15.13
4658.66
4658.66
784.71
784.71
3073.51
3073.51
5020.46
5020.46
84.90
84.90
10201.69
10201.69
2842.03
2842.03
204.02
204.02
723.35
723.35
13.10
13.10
18.19
18.19
1948.76
1948.76
757.97
757.97
894.38
894.38
3839.94
3839.94
713.87
713.87
40.39
40.39
46.76
46.76
5913.76
5913.76
92.67
92.67
7591.52
7591.52
7591.52
7591.52
7591.52
7591.52
6694.73
6694.73
996.77
996.77
1846.57
1846.57
6265.81
6265.81
985.06
985.06
4398.53
4398.53
4398.53
4398.53
1997.14
1997.14
209.15
209.15
70.66
70.66
10810.07
10810.07
9745.74
9745.74
20.19
20.19
942.22
942.22
10968.65
10968.65
11830.39
11830.39
11830.39
11830.39
11830.39
11830.39
9685.62
9685.62
10813.41
10813.41
2486.97
2486.97
18.49
18.49
10926.28
10926.28
10926.28
10926.28
10244.14
10244.14
950.84
950.84
803.11
803.11
373.67
373.67
987.40
987.40
6797.75
6797.75
16.41
16.41
3957.53
3957.53
9523.26
9523.26
9523.26
9523.26
4394.98
4394.98
6286.41
6286.41
11441.40
11441.40
12818.78
12818.78
11048.11
11048.11
358.16
358.16
27.34
27.34
11449.70
11449.70
984.53
984.53
984.53
984.53
42.57
42.57
10199.61
10199.61
11762.00
11762.00
40.45
40.45
9170.58
9170.58
11932.59
11932.59
11932.59
11932.59
6159.84
6159.84
10987.62
10987.62
3544.12
3544.12
6016.11
6016.11
12489.25
12489.25
10584.33
10584.33
17.50
17.50
233.91
233.91
947.76
947.76
11674.14
11674.14
10266.08
10266.08
10266.08
10266.08
11163.70
11163.70
11163.70
11163.70
11163.70
11163.70
10775.51
10775.51
10775.51
10775.51
10775.51
10775.51
328.91
328.91
5665.94
5665.94
5665.94
5665.94
5665.94
5665.94
5665.94
5665.94
5665.94
5665.94
9667.13
9667.13
9667.13
9667.13
9667.13
9667.13
10784.07
10784.07
11799.54
11799.54
11799.54
11799.54
11027.73
11027.73
44.13
44.13
5576.85
5576.85
3797.73
3797.73
991.92
991.92
11928.80
11928.80
146.21
146.21
10008.46
10008.46
10008.46
10008.46
48.16
48.16
145.12
145.12
58.77
58.77
91.49
91.49
101.56
101.56
828.41
828.41
32.65
32.65
1020.70
1020.70
37.91
37.91
47.98
47.98
937.08
937.08
129.70
129.70
1027.47
1027.47
9269.68
9269.68
65.32
65.32
8177.09
8177.09
43.49
43.49
1772.62
1772.62
236.88
236.88
971.17
971.17
192.13
192.13
45.72
45.72
19.04
19.04
10842.12
10842.12
937.67
937.67
5707.71
5707.71
82.55
82.55
3678.75
3678.75
100.18
100.18
381.28
381.28
7650.79
7650.79
80.20
80.20
95.54
95.54
58.96
58.96
125.89
125.89
30.23
30.23
871.25
871.25
74.95
74.95
16.26
16.26
5888.97
5888.97
51.30
51.30
981.03
981.03
83.39
83.39
1066.90
1066.90
104.56
104.56
11338.77
11338.77
1042.80
1042.80
256.27
256.27
56.00
56.00
350.01
350.01
116.90
116.90
10.00
10.00
10898.03
10898.03
985.38
985.38
56.76
56.76
1040.77
1040.77
159.64
159.64
14.71
14.71
75.20
75.20
183.36
183.36
945.05
945.05
10.00
10.00
376.72
376.72
51.59
51.59
20.01
20.01
739.45
739.45
59.49
59.49
971.92
971.92
14.55
14.55
49.41
49.41
132.73
132.73
31.37
31.37
981.77
981.77
76.78
76.78
15.24
15.24
137.26
137.26
14.26
14.26
62.71
62.71
14.68
14.68
19.95
19.95
112.73
112.73
10465.39
10465.39
10683.32
10683.32
169.23
169.23
1047.32
1047.32
14.10
14.10
2351.03
2351.03
120.47
120.47
379.83
379.83
18.69
18.69
377.12
377.12
955.25
955.25
82.79
82.79
4759.05
4759.05
18.72
18.72
2212.32
2212.32
1024.56
1024.56
119.16
119.16
1052.53
1052.53
665.26
665.26
98.95
98.95
1066.26
1066.26
46.96
46.96
980.97
980.97
2173.70
2173.70
16.24
16.24
38.10
38.10
13.07
13.07
19.61
19.61
10.00
10.00
1003.44
1003.44
349.47
349.47
41.91
41.91
151.35
151.35
312.61
312.61
1011.64
1011.64
14.84
14.84
195.86
195.86
18.46
18.46
1865.19
1865.19
10.00
10.00
5352.22
5352.22
10680.22
10680.22
11015.11
11015.11
11015.11
11015.11
1014.33
1014.33
4936.74
4936.74
1010.57
1010.57
4789.38
4789.38
291.97
291.97
958.80
958.80
4503.34
4503.34
4503.34
4503.34
4503.34
4503.34
973.62
973.62
11722.83
11722.83
78.23
78.23
13291.42
13291.42
12332.49
12332.49
12332.49
12332.49
12332.49
12332.49
14808.74
14808.74
2893.60
2893.60
890.91
890.91
1894.57
1894.57
12461.01
12461.01
9452.40
9452.40
9452.40
9452.40
11408.50
11408.50
109.86
109.86
5154.05
5154.05
10990.27
10990.27
379.67
379.67
2565.88
2565.88
8912.54
8912.54
8912.54
8912.54
8912.54
8912.54
8912.54
8912.54
7417.20
7417.20
418.25
418.25
1820.84
1820.84
19.42
19.42
1538.53
1538.53
1064.09
1064.09
2375.49
2375.49
1922.77
1922.77
3190.58
3190.58
6037.07
6037.07
10994.77
10994.77
10994.77
10994.77
10994.77
10994.77
10994.77
10994.77
10994.77
10994.77
10994.77
10994.77
10994.77
10994.77
10994.77
10994.77
10994.77
10994.77
10994.77
10994.77
10994.77
10994.77
10994.77
10994.77
10255.83
10255.83
10623.62
10623.62
10623.62
10623.62
10578.95
10578.95
11.69
11.69
10256.08
10256.08
9674.18
9674.18
9674.18
9674.18
75.20
75.20
9721.35
9721.35
19.10
19.10
1804.18
1804.18
1058.61
1058.61
173.12
173.12
2303.84
2303.84
3475.46
3475.46
6165.47
6165.47
1328.65
1328.65
5524.53
5524.53
997.96
997.96
4842.27
4842.27
4842.27
142.21
11.89
11.89
5130.40
5130.40
5677.74
5677.74
5677.74
1622.18
1622.18
907.17
907.17
6138.53
6138.53
5491.01
5491.01
179.54
179.54
18.77
18.77
15.17
15.17
40.84
40.84
4170.81
4170.81
13.39
13.39
14.18
14.18
966.82
966.82
950.50
950.50
39.86
39.86
562.99
562.99
19.91
19.91
1011.68
1011.68
51.12
51.12
108.03
108.03
15.44
15.44
16.04
16.04
104.93
104.93
105.21
105.21
18.22
18.22
1282.48
1282.48
1012.41
1012.41
32.84
32.84
3628.06
3628.06
7409.28
7409.28
11918.09
11918.09
11918.09
11918.09
11918.09
11918.09
11918.09
11918.09
11052.92
11052.92
10468.72
10468.72
10937.15
10937.15
67.80
67.80
1040.52
1040.52
14.32
14.32
127.68
127.68
18.40
18.40
6704.73
6704.73
6704.73
6704.73
6704.73
6704.73
11290.82
11290.82
2849.33
2849.33
5487.49
5487.49
16.76
16.76
101.48
101.48
92.79
92.79
400.44
400.44
14.69
14.69
714.80
714.80
11327.11
11327.11
9723.62
9723.62
9723.62
9723.62
61.04
61.04
65.71
65.71
25.52
25.52
1395.62
1395.62
15.24
15.24
3006.71
3006.71
10287.54
10287.54
4303.00
4303.00
18.85
18.85
1835.93
1835.93
980.75
980.75
4304.28
4304.28
2134.87
2134.87
54.67
54.67
236.66
236.66
4741.97
4741.97
11469.57
11469.57
4941.17
4941.17
1207.58
1207.58
12163.16
12163.16
19.17
19.17
534.63
534.63
966.68
966.68
31.87
31.87
105.17
105.17
116.92
116.92
10.48
10.48
947.01
947.01
12626.43
12626.43
9388.45
9388.45
5380.32
5380.32
3426.87
3426.87
9147.49
9147.49
24.47
24.47
934.96
934.96
12716.68
12716.68
11131.11
11131.11
685.56
685.56
144.14
144.14
58.76
58.76
703.25
703.25
999.79
999.79
108.98
108.98
29.16
29.16
60.55
60.55
61.16
61.16
1028.60
1028.60
498.98
498.98
203.28
203.28
314.09
314.09
4279.89
4279.89
1017.92
1017.92
4703.57
4703.57
4703.57
4703.57
9802.01
9802.01
9270.35
9270.35
18.39
18.39
68.71
68.71
10281.90
10281.90
153.13
153.13
22.78
22.78
107.77
107.77
295.41
295.41
2277.01
2277.01
29.28
29.28
998.27
998.27
158.19
158.19
2021.72
2021.72
18.70
18.70
276.12
276.12
1033.31
1033.31
8335.26
8335.26
1183.99
1183.99
66.73
66.73
5085.46
5085.46
19.83
19.83
14.08
14.08
961.48
961.48
54.19
54.19
541.11
541.11
19.29
19.29
59.18
59.18
960.90
960.90
112.68
112.68
1034.51
1034.51
11207.01
11207.01
11724.88
11724.88
11479.92
11479.92
11606.66
11606.66
10587.89
10587.89
10825.36
10825.36
35.87
35.87
563.46
563.46
8328.13
8328.13
1021.20
1021.20
142.13
142.13
10765.73
10765.73
10765.73
10765.73
10765.73
10765.73
1022.26
1022.26
10583.73
10583.73
55.61
55.61
145.62
145.62
314.64
314.64
200.91
200.91
79.36
79.36
37.22
37.22
4350.18
4350.18
949.35
949.35
20.02
20.02
13.77
13.77
959.08
959.08
2965.36
2965.36
965.37
965.37
93.45
93.45
460.91
460.91
615.24
615.24
72.99
72.99
1013.82
1013.82
322.00
322.00
954.80
954.80
10033.79
10033.79
44.29
44.29
19.76
19.76
740.79
740.79
1012.14
1012.14
17.75
17.75
361.18
361.18
19.64
19.64
159.38
159.38
971.61
971.61
138.16
138.16
3018.69
3018.69
10703.52
10703.52
7178.39
7178.39
14.28
14.28
87.22
87.22
103.50
103.50
156.84
156.84
3762.25
3762.25
9878.40
9878.40
7742.53
7742.53
97.20
97.20
46.63
46.63
30.64
30.64
86.78
86.78
297.87
297.87
117.77
117.77
349.85
349.85
929.17
929.17
262.83
262.83
7548.33
7548.33
2912.78
2912.78
16.68
16.68
1077.56
1077.56
204.09
204.09
5899.36
5899.36
5899.36
5899.36
143.55
143.55
8903.24
8903.24
16.54
16.54
1040.27
1040.27
76.83
76.83
14.34
14.34
14.14
14.14
168.21
168.21
835.07
835.07
138.15
138.15
1389.05
1389.05
10611.34
10611.34
23.52
23.52
1012.72
1012.72
96.70
96.70
1035.08
1035.08
10.00
10.00
23.54
23.54
14.69
14.69
58.89
58.89
75.69
75.69
146.07
146.07
967.43
967.43
10.00
10.00
10.00
10.00
637.62
637.62
15.09
15.09
978.74
978.74
418.12
418.12
280.01
280.01
121.50
121.50
158.05
158.05
991.90
991.90
1229.14
1229.14
17.92
17.92
53.37
53.37
115.16
115.16
1028.06
1028.06
473.46
473.46
41.95
41.95
55.34
55.34
69.14
69.14
69.14
69.14
69.14
1190.16
1190.16
14.57
14.57
15.25
10.00
12.08
40.09
40.09
57.20
57.20
57.20
10.00
10.00
13.71
13.71
13.71
13.71
132.91
132.91
106.06
1922.95
20.08
20.43
20.43
1085.43
1085.43
3582.57
3582.57
26.74
26.74
982.43
982.43
5176.47
5176.47
154.11
154.11
64.51
64.51
8011.33
8011.33
8697.01
8697.01
2890.70
2890.70
8652.74
8652.74
78.82
78.82
954.70
954.70
3918.72
3918.72
97.53
97.53
39.81
39.81
13.84
13.84
18.83
18.83
99.09
99.09
5407.77
5407.77
11309.28
11309.28
10824.65
10824.65
16.77
16.77
57.14
57.14
10.00
10.00
583.90
583.90
974.05
974.05
211.83
211.83
3803.34
3803.34
290.58
290.58
222.05
222.05
3870.82
3870.82
4400.27
4400.27
976.30
976.30
209.15
209.15
30.45
30.45
1047.83
1047.83
5711.37
5711.37
1039.10
1039.10
1118.97
1118.97
14.82
14.82
20.17
20.17
17.23
17.23
1287.49
1287.49
53.01
53.01
2467.17
2467.17
12117.82
12117.82
11622.68
11622.68
1041.39
1041.39
443.59
443.59
54.89
54.89
13.59
13.59
1559.97
1559.97
60.21
60.21
32.98
32.98
1025.31
1025.31
170.99
170.99
978.84
978.84
15.27
15.27
4806.33
4806.33
955.24
955.24
120.72
120.72
1046.86
1046.86
743.89
743.89
11316.89
11316.89
19.06
19.06
62.06
62.06
80.79
80.79
48.06
48.06
984.39
984.39
425.36
425.36
12.93
12.93
21.45
21.45
270.51
270.51
39.86
39.86
199.13
199.13
9282.50
9282.50
20.00
20.00
10.00
10.00
3662.91
3662.91
9354.58
9354.58
96.74
96.74
183.38
183.38
90.91
90.91
7356.34
7356.34
30.99
30.99
950.20
950.20
258.53
258.53
1252.66
1252.66
689.58
689.58
165.10
165.10
2249.41
2249.41
18.95
18.95
999.11
999.11
76.74
76.74
3029.91
3029.91
972.43
972.43
77.99
77.99
12765.56
12765.56
59.59
59.59
105.97
105.97
18.48
18.48
62.19
62.19
82.41
82.41
13.56
13.56
9894.35
9894.35
77.49
77.49
15.88
15.88
260.77
260.77
14.27
14.27
1047.26
1047.26
265.34
265.34
20.03
20.03
221.05
221.05
4670.83
4670.83
4236.57
4236.57
15.10
15.10
1062.05
1062.05
92.18
92.18
58.46
58.46
12056.70
12056.70
4253.96
4253.96
10983.20
10983.20
141.07
141.07
119.47
119.47
11866.46
11866.46
7193.20
7193.20
985.34
985.34
13.41
13.41
997.51
997.51
148.07
148.07
8156.04
8156.04
11160.50
11160.50
8857.42
8857.42
2414.97
2414.97
5098.29
5098.29
1298.54
1298.54
69.57
69.57
16.44
16.44
11214.85
11214.85
277.90
277.90
129.13
129.13
305.93
305.93
126.36
126.36
1486.93
1486.93
3744.56
3744.56
49.03
49.03
155.31
155.31
243.64
243.64
520.38
520.38
5877.71
5877.71
983.98
983.98
14.56
14.56
1034.52
1034.52
3325.91
3325.91
12914.87
12914.87
3399.93
3399.93
192.51
192.51
1054.44
1054.44
9894.12
9894.12
111.36
111.36
212.94
212.94
3227.35
3227.35
68.13
68.13
258.27
258.27
3388.97
3388.97
219.38
219.38
2601.82
2601.82
999.11
999.11
6210.89
6210.89
1086.48
1086.48
26.83
26.83
14.30
14.30
10024.09
10024.09
153.76
153.76
8471.78
8471.78
5535.10
5535.10
12360.05
12360.05
6126.69
6126.69
778.20
778.20
293.18
293.18
109.64
109.64
966.39
966.39
2542.69
2542.69
3439.13
3439.13
98.48
98.48
291.31
291.31
41.56
41.56
64.27
64.27
19.72
19.72
19.72
19.72
20.16
20.16
3309.17
263.23
1950.40
1950.40
1917.20
1917.20
2172.64
2172.64
94.02
94.02
96.31
96.31
186.98
186.98
71.54
71.54
95.61
95.61
79.76
79.76
18.67
18.67
3548.88
3548.88
6690.20
6690.20
6604.68
6604.68
28.27
28.27
5405.66
5405.66
5828.45
5828.45
140.61
140.61
76.64
76.64
73.24
73.24
595.11
595.11
1017.48
1017.48
19.95
19.95
14.73
14.73
10.00
10.00
15.60
15.60
109.27
109.27
139.31
139.31
996.89
996.89
56.97
56.97
642.45
642.45
43.50
43.50
28.98
28.98
7607.14
7607.14
1479.35
1479.35
24.88
24.88
10.00
10.00
45.68
45.68
45.68
27.60
27.60
134.63
134.63
939.75
939.75
139.73
139.73
52.91
52.91
18.70
18.70
1361.34
1361.34
6503.29
6503.29
2004.85
2004.85
77.53
77.53
18.80
18.80
7134.73
7134.73
5285.32
5285.32
10.00
4285.64
4285.64
4285.64
1880.90
1880.90
6332.66
6332.66
4712.17
4712.17
10315.65
10315.65
10594.20
10594.20
10912.67
10912.67
55.48
55.48
7641.19
7641.19
48.47
48.47
10112.75
10112.75
92.69
977.62
977.62
977.62
11086.45
11086.45
27.96
27.96
18.38
18.38
8919.36
8919.36
25.03
25.03
1246.71
1246.71
3416.81
3416.81
67.42
67.42
435.89
435.89
991.21
991.21
86.39
1033.41
1033.41
1033.41
11679.90
11679.90
11679.90
11679.90
1010.03
1010.03
1159.38
1159.38
1032.80
1032.80
4657.30
4657.30
4657.30
4657.30
1968.05
1968.05
4758.31
4758.31
1067.00
1067.00
344.44
344.44
10.00
10.00
4677.85
4677.85
14515.80
14515.80
2366.10
2366.10
71.58
71.58
1002.06
1002.06
7029.56
7029.56
14170.15
14170.15
19.87
19.87
6091.52
6091.52
6091.52
6091.52
6091.52
6091.52
590.10
590.10
3529.79
3529.79
3529.79
3529.79
8996.44
8996.44
50.56
50.56
9079.50
9079.50
8628.30
8628.30
8949.68
8949.68
8949.68
8949.68
8949.68
8949.68
8949.68
8949.68
8949.68
8949.68
8064.36
8064.36
8496.14
8496.14
89.90
89.90
9571.18
9571.18
8193.09
8193.09
8193.09
8193.09
9456.98
9456.98
8009.69
8009.69
8009.69
8009.69
9406.41
9406.41
10215.42
10215.42
1269.03
1269.03
9505.93
9505.93
9505.93
9505.93
9505.93
9505.93
9505.93
9505.93
9505.93
9505.93
5549.33
5549.33
9484.19
9484.19
36.53
36.53
5119.15
5119.15
9370.22
9370.22
9768.67
9768.67
9908.73
9908.73
8895.87
8895.87
10934.57
10934.57
9470.72
9470.72
10604.20
10604.20
10024.10
10024.10
10830.72
10830.72
6986.26
6986.26
807.25
807.25
19.84
19.84
2196.22
2196.22
1385.61
1385.61
14.07
14.07
987.75
987.75
3908.49
3908.49
106.29
106.29
959.21
959.21
378.88
378.88
942.42
942.42
344.63
344.63
49.34
49.34
1470.39
1470.39
2291.74
2291.74
970.70
970.70
10.00
10.00
958.32
958.32
10.00
10.00
14.53
14.53
10.00
10.00
226.91
226.91
1125.93
1125.93
134.17
134.17
941.80
941.80
98.74
98.74
174.14
174.14
14.64
14.64
10.00
10.00
980.86
980.86
20.07
20.07
26.16
26.16
6886.07
6886.07
11022.49
11022.49
42.94
42.94
45.63
45.63
5336.39
5336.39
195.74
195.74
242.11
242.11
18.11
18.11
10.00
10.00
67.84
67.84
150.48
150.48
15.64
15.64
978.82
978.82
64.61
64.61
12.75
12.75
60.52
60.52
406.27
406.27
47.34
47.34
7703.89
7703.89
1031.37
1031.37
2000.00
2000.00
4943.53
4943.53
10328.88
10328.88
382.44
382.44
16.98
16.98
7069.75
7069.75
992.06
992.06
563.09
563.09
5059.09
5059.09
3599.09
3599.09
756.82
756.82
1056.19
1056.19
5012.43
5012.43
1041.32
1041.32
24.61
24.61
45.25
45.25
131.88
131.88
115.53
115.53
939.20
939.20
118.16
118.16
965.03
965.03
2393.31
2393.31
154.89
154.89
34.58
34.58
14.78
14.78
1302.78
1302.78
137.37
137.37
4462.55
4462.55
1028.24
1028.24
11.71
11.71
10.00
10.00
307.05
307.05
34.43
34.43
13.25
13.25
12.15
12.15
965.22
965.22
11.76
11.76
998.21
998.21
9759.16
9759.16
9248.74
9248.74
1034.33
1034.33
104.36
104.36
1060.97
1060.97
67.81
67.81
1000.68
1000.68
659.39
659.39
73.68
73.68
10.00
10.00
95.82
95.82
50.40
50.40
179.77
179.77
4333.00
4333.00
17.77
17.77
14.85
14.85
977.36
977.36
14.40
14.40
1013.07
1013.07
11747.36
11747.36
11982.65
11982.65
2019.44
2019.44
6233.36
6233.36
938.13
938.13
148.64
148.64
1443.82
1443.82
54.46
54.46
11.69
11.69
22.76
22.76
22.76
11.47
11.47
11.47
20.30
20.30
20.30
526.96
85.13
1312.49
10.50
10.50
27.78
27.78
2970.47
2970.47
99.73
99.73
14.41
14.41
40.01
40.01
35.27
35.27
110.02
110.02
35.94
35.94
112.99
112.99
21.68
21.68
43.06
43.06
201.99
201.99
956.47
956.47
134.11
134.11
42.02
42.02
31.54
31.54
89.77
89.77
16.87
16.87
20.42
20.42
17.84
17.84
14.57
14.57
300.69
300.69
19.12
19.12
15.14
15.14
982.70
982.70
100.72
100.72
206.76
206.76
665.55
665.55
875.05
875.05
998.68
998.68
16.25
16.25
7151.50
7151.50
1920.02
1920.02
5093.38
5093.38
11.98
11.98
117.94
117.94
1019.88
1019.88
20.17
20.17
14.14
14.14
5221.50
5221.50
859.07
859.07
217.46
217.46
163.41
163.41
1002.19
1002.19
3944.68
3944.68
109.26
109.26
591.08
591.08
353.24
353.24
1069.83
1069.83
401.62
401.62
106.72
106.72
5365.10
5365.10
113.72
113.72
847.77
847.77
191.29
191.29
142.39
142.39
42.13
42.13
122.44
122.44
197.00
197.00
234.44
234.44
25.33
25.33
187.97
187.97
86.77
86.77
109.16
109.16
104.15
104.15
978.33
978.33
28.32
28.32
11010.67
11010.67
179.78
179.78
5506.46
5506.46
1021.10
1021.10
23.50
23.50
11764.35
11764.35
11553.65
11553.65
15.27
15.27
1959.25
1959.25
177.21
177.21
14.96
14.96
13.21
13.21
265.74
265.74
62.08
62.08
4094.65
4094.65
3061.14
3061.14
1054.09
1054.09
997.94
997.94
10.00
10.00
1766.20
1766.20
14.23
14.23
383.36
383.36
992.79
992.79
1171.69
1171.69
973.30
973.30
14.48
14.48
136.94
136.94
19.20
19.20
8080.19
8080.19
2721.62
2721.62
1881.27
1881.27
204.01
204.01
15.01
15.01
19.85
19.85
743.73
743.73
4870.32
4870.32
463.69
463.69
123.97
123.97
24.13
24.13
1163.55
1163.55
428.22
428.22
979.30
979.30
7765.83
7765.83
30.58
30.58
6573.16
6573.16
5317.35
5317.35
11743.61
11743.61
1559.29
1559.29
85.15
85.15
264.17
264.17
437.16
437.16
486.23
486.23
335.12
335.12
967.24
967.24
5969.85
5969.85
17328.47
17328.47
10384.58
10384.58
456.60
456.60
991.29
991.29
19.66
19.66
18.28
18.28
59.80
59.80
55.54
55.54
40.28
40.28
20.64
20.64
967.06
967.06
5598.89
5598.89
15.49
15.49
1304.55
1304.55
1108.82
1108.82
44.23
44.23
352.15
352.15
1012.68
1012.68
10.00
10.00
2869.42
2869.42
18.86
18.86
10.00
10.00
94.65
94.65
12.80
12.80
26.47
26.47
26.49
26.49
13.92
13.92
2058.61
2058.61
10.00
10.00
61.47
