# 1Hz Kbps trace generated by import_real_world_traces.py
624.76
823.62
1339.15
1276.64
23.66
777.61
777.61
929.57
975.38
975.38
873.07
1045.36
1045.36
1041.47
1218.73
735.44
616.54
616.54
555.49
555.49
528.24
528.24
1290.31
1290.31
484.31
484.31
484.31
484.31
1106.01
1106.01
254.88
254.88
179.35
179.35
690.19
690.19
421.99
421.99
668.74
668.74
901.41
901.41
954.00
954.00
1102.39
1102.39
585.03
585.03
1164.77
1164.77
1163.21
1163.21
1164.79
1164.79
1125.72
1125.72
1195.58
1195.58
1112.75
1112.75
1192.64
1192.64
1141.41
1141.41
1253.59
1253.59
1240.38
1240.38
1186.21
1186.21
1200.66
1200.66
1167.96
1167.96
1272.34
1272.34
1184.81
1184.81
1135.42
1135.42
1105.63
1105.63
1137.61
1137.61
46.24
46.24
1208.97
1208.97
1097.22
1097.22
1058.65
1058.65
1185.80
1185.80
661.65
661.65
903.64
903.64
1160.87
1160.87
581.10
581.10
1210.02
1210.02
1144.00
1144.00
1063.31
1063.31
1103.30
1103.30
1069.40
1069.40
1011.25
1011.25
662.73
662.73
1121.05
1121.05
1219.55
1219.55
999.91
999.91
1155.20
1155.20
267.18
267.18
1112.66
1112.66
1265.44
1265.44
162.89
162.89
692.93
692.93
1022.78
1022.78
1176.67
1176.67
1295.71
1295.71
156.68
156.68
268.12
268.12
1289.13
1289.13
642.48
642.48
1226.57
1226.57
640.98
640.98
1159.51
1159.51
1176.13
1176.13
1009.82
1009.82
1175.91
1175.91
579.76
579.76
1139.51
1139.51
295.36
295.36
1280.38
1280.38
1217.51
1217.51
11.74
11.74
1269.04
1269.04
1269.04
1269.04
1269.04
1269.04
1150.63
1150.63
623.85
623.85
994.65
994.65
1176.04
1176.04
1177.09
1177.09
563.83
563.83
10.00
10.00
1496.59
1496.59
2973.20
2973.20
1181.21
1181.21
1189.20
1189.20
1191.22
1191.22
1172.02
1172.02
1183.88
1183.88
31.62
31.62
1054.75
1054.75
1190.51
1190.51
10.00
10.00
1209.73
1209.73
93.53
93.53
630.80
630.80
12.92
12.92
166.62
166.62
399.06
399.06
22.04
22.04
12.97
12.97
173.63
173.63
613.67
613.67
486.00
486.00
29.80
29.80
627.73
627.73
706.77
706.77
828.35
828.35
161.32
161.32
176.78
176.78
25.99
25.99
417.91
