# 1Hz Kbps trace generated by import_real_world_traces.py
1188.72
773.23
773.23
1233.24
1233.24
1233.24
1233.24
1333.95
1333.95
1333.95
1333.95
1333.95
1333.95
1392.10
1392.10
1392.10
1392.10
1167.80
1167.80
24.58
24.58
456.95
456.95
108.84
108.84
1238.18
1238.18
1304.04
1304.04
1304.04
1304.04
721.74
721.74
861.80
861.80
861.80
861.80
1214.40
1214.40
1195.53
1195.53
1119.86
1119.86
1119.86
1119.86
1281.38
1281.38
1281.38
1281.38
1281.38
1281.38
1305.46
1305.46
1305.46
1305.46
955.84
955.84
1291.27
1291.27
1282.63
1282.63
254.98
254.98
918.99
918.99
877.58
877.58
906.96
906.96
1104.71
1104.71
1125.71
1125.71
1125.71
1125.71
1244.82
1244.82
988.48
988.48
1137.00
1137.00
1304.03
1304.03
493.34
493.34
922.70
922.70
93.09
93.09
1062.15
1062.15
1318.02
1318.02
1365.00
1365.00
1365.00
1365.00
367.24
367.24
771.19
771.19
717.49
717.49
1394.82
1394.82
1394.82
1394.82
1394.82
1394.82
1133.21
1133.21
1133.21
1133.21
1204.29
1204.29
1204.29
1204.29
1192.16
1192.16
1192.16
1192.16
1192.18
1192.18
700.63
700.63
700.63
700.63
1108.00
1108.00
931.95
931.95
1180.03
1180.03
1056.76
1056.76
561.06
561.06
1222.96
1222.96
85.35
85.35
1096.41
1096.41
535.61
535.61
309.38
309.38
871.26
871.26
871.26
871.26
1286.39
1286.39
1286.39
1286.39
1286.39
1286.39
146.49
146.49
521.53
521.53
1033.80
1033.80
308.61
308.61
1550.96
1550.96
1795.04
1795.04
1739.88
1739.88
1217.26
1217.26
1217.26
1217.26
1880.76
1880.76
1880.76
1880.76
1016.04
1016.04
1016.04
1016.04
1016.04
1016.04
1332.87
1332.87
1332.87
1332.87
1741.49
1741.49
300.96
300.96
772.18
772.18
1984.03
1984.03
1382.63
1382.63
1017.94
1017.94
1017.94
1017.94
1991.42
1991.42
1991.42
1991.42
82.02
82.02
818.03
818.03
1057.60
1057.60
1225.91
1225.91
331.72
331.72
982.26
982.26
773.38
773.38
1452.67
1452.67
1519.97
1519.97
1614.98
1614.98
1585.76
1585.76
1487.12
1487.12
1564.35
1564.35
1482.70
1482.70
1329.03
1329.03
990.51
990.51
993.41
993.41
1341.32
1341.32
1064.71
1064.71
1064.71
1064.71
1064.71
849.26
849.26
849.26
418.91
418.91
1152.58
1152.58
1152.58
1152.58
1100.86
1100.86
931.93
931.93
931.93
850.64
850.64
850.64
1377.13
1377.13
910.21
910.21
1247.02
1247.02
1363.29
1363.29
1363.29
1363.29
254.75
254.75
279.62
279.62
1305.80
1305.80
1055.68
1055.68
1055.68
1055.68
1465.95
1465.95
1465.95
1465.95
1465.95
1465.95
1645.48
1645.48
1645.48
1645.48
1663.66
1663.66
1663.66
1663.66
781.85
781.85
781.85
781.85
781.85
781.85
1198.02
1198.02
1198.02
1198.02
1289.72
1289.72
1261.37
1261.37
93.40
93.40
1582.83
1582.83
1734.90
1734.90
1093.29
1093.29
135.48
135.48
1396.56
1396.56
1438.88
1438.88
1438.88
1438.88
1015.16
1015.16
1015.16
1015.16
1282.30
1282.30
1282.30
1282.30
1282.30
1282.30
1262.26
1262.26
744.46
744.46
1374.72
1374.72
515.27
515.27
1477.14
1477.14
1477.14
1477.14
72.57
72.57
689.86
689.86
235.24
235.24
1328.98
1328.98
903.09
903.09
1173.36
1173.36
1397.90
1397.90
1012.52
1012.52
1238.64
1238.64
1404.17
1404.17
1308.57
1308.57
1258.33
1258.33
1278.78
1278.78
1351.89
1351.89
1116.67
1116.67
529.07
529.07
806.62
806.62
702.71
702.71
1038.12
1038.12
1348.59
1348.59
1512.11
1512.11
1267.54
1267.54
1536.27
1536.27
65.34
65.34
642.18
642.18
898.22
898.22
898.22
898.22
1021.74
1021.74
1021.74
1021.74
1021.74
1021.74
929.03
929.03
929.03
929.03
1550.94
1550.94
1550.94
1550.94
1550.94
1060.38
1060.38
1060.38
1060.38
1060.38
1372.05
1372.05
1372.05
991.48
991.48
1552.93
1552.93
1015.25
636.44
636.44
1346.33
1346.33
1158.31
1158.31
977.09
977.09
1226.83
1226.83
1226.83
942.81
942.81
1422.08
1338.82
1338.82
1575.19
1575.19
1522.09
1522.09
1522.09
1676.38
1676.38
1676.38
1676.38
1913.69
1913.69
682.87
964.16
964.16
158.77
158.77
158.77
1033.60
1605.15
1605.15
1107.79
1107.79
1107.79
1571.74
1288.26
1288.26
1288.26
1686.20
1686.20
1197.03
1197.03
1291.60
1291.60
1743.21
1743.21
1511.98
1549.99
1549.99
1242.96
1242.96
1047.32
1047.32
921.55
921.55
1222.53
1222.53
1222.53
1207.95
1207.95
1229.77
1229.77
1772.58
1772.58
1021.26
1021.26
1021.26
1021.26
1021.26
1418.74
1418.74
1418.74
1418.74
1143.97
1143.97
1143.97
1143.97
775.94
775.94
775.94
775.94
1411.10
1411.10
662.91
662.91
1374.70
1374.70
1193.34
1193.34
1193.34
1193.34
1193.34
1193.34
1347.38
1347.38
1347.38
1347.38
1347.38
1311.27
1311.27
1311.27
1216.22
1216.22
1216.22
1216.22
1216.22
1216.22
966.14
966.14
966.14
60.56
60.56
1583.94
1583.94
1583.94
1583.94
1583.94
1583.94
901.07
901.07
901.07
606.60
606.60
606.60
606.60
606.60
988.44
988.44
988.44
988.44
988.44
988.44
729.47
729.47
729.47
1066.13
1066.13
1322.12
1322.12
1322.12
1013.28
1013.28
1218.51
1218.51
803.57
803.57
1163.17
1163.17
1163.17
1163.17
1104.65
1104.65
1104.65
1104.65
1104.65
1104.65
1083.46
1083.46
1083.46
1083.46
1101.71
1101.71
449.75
449.75
842.07
842.07
1280.22
1280.22
1280.22
1280.22
1243.61
1267.34
1267.34
1267.34
370.78
370.78
773.26
773.26
776.16
776.16
1210.05
1210.05
594.17
594.17
610.99
610.99
610.99
610.99
1080.42
1080.42
344.05
344.05
832.75
832.75
1185.13
1185.13
1460.65
1460.65
840.02
840.02
1393.86
1393.86
1513.57
1513.57
1763.62
1763.62
1678.12
1678.12
1617.36
1617.36
1037.83
1037.83
1492.32
1492.32
788.87
788.87
1084.67
1084.67
1347.44
1347.44
739.29
739.29
65.90
65.90
1503.45
1503.45
1494.00
1494.00
49.65
49.65
989.14
989.14
958.17
958.17
2052.82
2052.82
1703.68
1703.68
1659.25
1659.25
578.03
578.03
2169.78
2169.78
1822.60
1822.60
248.13
248.13
2297.63
2297.63
2297.63
2297.63
981.03
981.03
981.03
981.03
119.95
119.95
457.57
457.57
1330.55
1330.55
1330.55
1330.55
1330.55
1330.55
1529.78
1529.78
1529.78
1529.78
127.94
127.94
1386.01
1386.01
1386.01
1386.01
1698.45
1698.45
810.77
810.77
1241.29
1241.29
997.09
997.09
15.38
15.38
677.89
677.89
1286.82
1286.82
1349.03
1349.03
833.29
833.29
874.82
874.82
101.06
101.06
1353.73
1353.73
598.94
598.94
598.94
598.94
1447.47
1447.47
1447.47
1447.47
1265.36
1265.36
1151.62
1151.62
1441.19
1441.19
1266.39
1266.39
1266.39
1266.39
964.20
964.20
964.20
964.20
485.84
485.84
1469.14
1469.14
1418.93
1418.93
964.63
964.63
1344.29
1344.29
902.61
902.61
885.33
885.33
867.92
867.92
1305.02
1305.02
1305.02
1305.02
1047.14
