# 1Hz Kbps trace generated by import_real_world_traces.py
2050.16
1763.69
2390.08
1838.60
1838.60
843.96
843.96
185.95
185.95
875.57
875.57
889.14
889.14
297.17
297.17
926.94
926.94
1465.21
1465.21
1465.21
1998.70
1998.70
1074.79
1074.79
1955.53
1955.53
1907.47
1907.47
10.00
10.00
2099.22
2099.22
2090.20
2090.20
919.75
919.75
1827.42
1827.42
996.38
996.38
101.54
101.54
888.21
888.21
1876.21
1876.21
2260.83
2260.83
1451.61
1451.61
2226.28
2226.28
2103.40
2103.40
874.10
874.10
590.47
590.47
1272.06
1272.06
2657.40
2657.40
10.00
10.00
3405.20
3405.20
2777.15
2777.15
3084.91
3084.91
1375.94
1375.94
1110.27
1110.27
1204.92
1204.92
2318.67
2318.67
1848.79
1848.79
1175.81
1175.81
3389.04
3389.04
2052.07
2052.07
698.50
698.50
2584.87
2584.87
1189.01
1189.01
1129.78
1129.78
92.93
92.93
131.97
131.97
3189.07
3189.07
1676.11
1676.11
2875.73
2875.73
2065.03
2065.03
2048.60
2048.60
2302.06
2302.06
1519.64
1519.64
1219.13
1219.13
934.81
934.81
1728.46
1728.46
310.33
310.33
826.44
826.44
199.85
199.85
10.00
10.00
1047.74
1047.74
1104.35
1104.35
1226.81
1226.81
1073.24
1073.24
2003.15
2003.15
821.02
821.02
1094.81
1094.81
1600.24
1600.24
2013.79
2013.79
26.62
26.62
1886.03
1886.03
1936.12
1936.12
1320.14
1320.14
1073.88
1073.88
2305.73
2305.73
1468.53
1468.53
1634.13
1634.13
803.11
803.11
2193.87
2193.87
1535.96
1535.96
571.07
571.07
467.94
467.94
101.14
101.14
1344.38
1344.38
79.45
79.45
1471.94
1471.94
1230.53
1230.53
2586.38
2586.38
2483.66
2483.66
1547.26
1547.26
1234.73
1234.73
65.32
65.32
2454.45
2454.45
1450.28
1450.28
2326.18
2326.18
2702.49
2702.49
1041.64
1041.64
2196.13
2196.13
1090.65
1090.65
133.91
133.91
177.84
177.84
686.82
686.82
590.26
590.26
989.89
989.89
45.78
45.78
1663.17
1663.17
420.38
420.38
196.75
196.75
2475.95
2475.95
573.56
573.56
937.08
937.08
174.77
174.77
401.98
401.98
46.04
46.04
610.91
610.91
1500.68
1500.68
1068.13
1068.13
1911.90
1911.90
1164.50
1164.50
1340.65
1340.65
1737.77
1737.77
2866.05
2866.05
2957.64
2957.64
1721.72
1721.72
145.41
145.41
1559.22
1559.22
2172.79
2172.79
1613.26
1613.26
1520.39
1520.39
2096.25
2096.25
1549.90
1549.90
979.46
979.46
1966.40
1966.40
1491.30
1491.30
2448.95
2448.95
1254.69
1254.69
1839.62
1839.62
2547.89
2547.89
905.79
905.79
1409.63
1409.63
2215.95
2215.95
1401.19
1401.19
2448.41
2448.41
120.43
120.43
753.54
753.54
1945.69
1945.69
1194.75
1194.75
1388.43
1388.43
1285.03
1285.03
22.10
22.10
810.61
810.61
2723.61
2723.61
1619.85
1619.85
317.56
317.56
2677.10
2677.10
2208.62
2208.62
1269.85
1269.85
2588.06
2588.06
1613.87
1613.87
1091.85
1091.85
1912.98
1912.98
3317.24
3317.24
951.63
951.63
1275.64
1275.64
2314.33
2314.33
3129.75
3129.75
641.97
641.97
2168.40
2168.40
1214.27
1214.27
1088.22
1088.22
2101.78
2101.78
1801.73
1801.73
1975.82
1975.82
390.01
390.01
1799.66
1799.66
750.53
750.53
1565.40
1565.40
1459.35
1459.35
1584.59
1584.59
2236.24
2236.24
947.46
947.46
709.98
709.98
2653.66
