# 1Hz Kbps trace generated by import_real_world_traces.py
132.99
219.15
264.90
261.46
261.46
10.00
179.57
244.94
238.04
238.04
139.34
139.34
139.34
139.34
156.21
156.21
156.21
123.30
123.30
191.72
259.54
272.96
272.96
20.97
303.74
303.74
431.60
431.60
499.80
499.80
522.97
522.97
620.88
620.88
889.62
889.62
658.22
658.22
920.15
920.15
920.15
684.56
684.56
951.36
1468.81
1468.81
109.36
109.36
109.36
1426.02
1426.02
1266.47
1266.47
726.04
751.31
751.31
1546.03
1546.03
1934.52
1934.52
1464.87
1464.87
2235.28
2235.28
170.81
170.81
15.24
15.24
15.24
15.24
119.71
119.71
1063.61
1063.61
659.30
1108.87
1520.61
1520.61
1800.66
1800.66
2105.47
2105.47
1502.90
1502.90
1835.01
1835.01
1441.31
1441.31
1441.31
1011.76
759.53
759.53
59.64
59.64
1137.72
1137.72
2391.95
2391.95
2285.93
2285.93
2285.93
2285.93
62.86
62.86
62.86
628.78
1469.41
2630.40
2630.40
961.85
961.85
961.85
122.16
