# 1Hz Kbps trace generated by import_real_world_traces.py
3691.49
3619.77
3718.07
3689.62
3711.71
3546.61
3546.61
3610.87
3610.87
3750.03
3750.03
1554.19
1554.19
3153.59
3153.59
3730.29
3730.29
3168.20
3168.20
487.88
487.88
3710.85
3710.85
3209.69
3209.69
3741.29
3741.29
3207.99
3207.99
3707.95
3707.95
3689.62
3689.62
3376.69
3376.69
3729.09
3729.09
1760.80
1760.80
3712.96
3712.96
3627.53
3627.53
3726.10
3726.10
3446.02
3446.02
3725.73
3725.73
3769.24
3769.24
3393.36
3393.36
3075.91
3075.91
3713.02
3713.02
3752.48
3752.48
3000.89
3000.89
3631.57
3631.57
2532.12
2532.12
3510.80
3510.80
3611.38
3611.38
2612.17
2612.17
3733.83
3733.83
3299.07
3299.07
3421.91
3421.91
3364.96
3364.96
3661.26
3661.26
3721.16
3721.16
3579.73
3579.73
3490.62
3490.62
3539.96
3539.96
1127.93
1127.93
3438.81
3438.81
3321.96
3321.96
1102.18
1102.18
3317.55
3317.55
2495.43
2495.43
1476.52
1476.52
2821.85
2821.85
3734.98
3734.98
3764.55
3764.55
3764.55
3764.55
3764.55
3764.55
3764.55
3764.55
3764.55
3764.55
3764.55
3764.55
3764.55
3764.55
3764.55
3764.55
3764.55
3764.55
3764.55
3764.55
360.73
360.73
1762.96
1762.96
3109.28
3109.28
3287.81
3287.81
3663.36
3663.36
3749.25
3749.25
1671.51
1671.51
3281.61
3281.61
3336.76
3336.76
3362.78
3362.78
3286.98
3286.98
165.90
165.90
1488.03
1488.03
3727.34
3727.34
2574.39
2574.39
3343.26
3343.26
3255.03
3255.03
3462.53
3462.53
1063.00
1063.00
1430.90
1430.90
3692.15
3692.15
3512.03
3512.03
3715.20
3715.20
3437.14
3437.14
1046.03
1046.03
3759.65
3759.65
3152.71
3152.71
3689.20
3689.20
3711.43
3711.43
1445.74
1445.74
3189.83
3189.83
3246.13
3246.13
3190.89
3190.89
1485.90
1485.90
2969.59
2969.59
3714.31
3714.31
3493.53
3493.53
3710.34
3710.34
1097.19
1097.19
3715.48
3715.48
1882.42
1882.42
3733.71
3733.71
844.36
844.36
3671.33
3671.33
3464.89
3464.89
3312.36
3312.36
3399.71
3399.71
3660.88
3660.88
3760.33
3760.33
3022.85
3022.85
3674.55
3674.55
3074.66
3074.66
3713.77
3713.77
3658.82
3658.82
3764.60
3764.60
3446.07
3446.07
3465.39
3465.39
3533.99
3533.99
615.00
615.00
1483.98
1483.98
3751.72
3751.72
3728.61
3728.61
3728.61
3728.61
3610.84
3610.84
84.31
84.31
3554.35
3554.35
3472.89
3472.89
3472.89
3472.89
3472.89
3472.89
3416.74
3416.74
3711.01
3711.01
3271.59
3271.59
3717.77
3717.77
3740.91
3740.91
3269.08
3269.08
3748.67
3748.67
3764.55
3764.55
3765.23
3765.23
3482.48
3482.48
3765.31
3765.31
2838.93
2838.93
3550.42
3550.42
3550.42
3550.42
3550.42
3550.42
3788.32
3788.32
3372.97
3372.97
1843.87
1843.87
3419.21
3419.21
3541.41
3541.41
3639.61
3639.61
3770.70
3770.70
3745.03
3745.03
3355.31
3355.31
3670.47
3670.47
3745.39
3745.39
3564.05
3564.05
3529.65
3529.65
3056.95
3056.95
3539.86
3539.86
3605.76
3605.76
3413.78
3413.78
3712.92
3712.92
3419.57
3419.57
3310.85
3310.85
3310.85
3310.85
3310.85
3310.85
3589.14
3589.14
3764.47
3764.47
3691.65
3691.65
3581.26
3581.26
317.89
317.89
3370.88
3370.88
2919.59
2919.59
3637.98
3637.98
3752.91
3752.91
3646.52
3646.52
2903.45
2903.45
3732.92
3732.92
2873.59
2873.59
3717.24
3717.24
3703.28
3703.28
3747.80
3747.80
3715.25
3715.25
2838.83
2838.83
3735.95
3735.95
3076.49
3076.49
3730.78
3730.78
3715.09
3715.09
954.74
954.74
3354.48
3354.48
3793.83
3793.83
3765.85
3765.85
3765.85
3765.85
3689.36
3689.36
3689.36
3689.36
3581.60
3581.60
3745.56
3745.56
3787.50
3787.50
3684.18
3684.18
3693.12
3693.12
2986.80
2986.80
3691.91
3691.91
3766.24
3766.24
3766.24
3766.24
3766.24
3766.24
3729.13
3729.13
3316.22
3316.22
3685.85
3685.85
3685.85
3685.85
3112.99
3112.99
3708.34
3708.34
3720.50
3720.50
3791.12
3791.12
3663.86
3663.86
3374.73
3374.73
3742.43
3742.43
3767.11
3767.11
3400.83
3400.83
3372.49
3372.49
3664.65
3664.65
3420.20
3420.20
3755.98
3755.98
3587.12
3587.12
3587.12
3587.12
3717.24
3717.24
3591.01
3591.01
3591.01
3591.01
3591.01
3591.01
3537.70
3537.70
3483.51
3483.51
3490.95
3490.95
3711.55
3711.55
3757.39
3757.39
3561.85
3561.85
3561.85
3561.85
3561.85
3561.85
3561.85
3561.85
3709.34
3709.34
3375.26
3375.26
3746.23
3746.23
3746.23
3746.23
3754.12
3754.12
3510.23
3510.23
3482.62
3482.62
3392.08
3392.08
3333.26
3333.26
3658.97
3658.97
3739.34
3739.34
3390.15
3390.15
3422.59
3422.59
3724.37
3724.37
3724.37
3724.37
3724.37
3724.37
3506.49
3506.49
3715.42
3715.42
3552.66
3552.66
3552.66
3552.66
3607.43
3607.43
3537.37
3537.37
3612.80
3612.80
3730.82
3730.82
3691.86
3691.86
3718.20
3718.20
3268.57
3268.57
3658.63
3658.63
3358.53
3358.53
3710.02
3710.02
3721.95
3721.95
3171.40
3171.40
3579.05
3579.05
1059.30
1059.30
3549.49
3549.49
3766.95
3766.95
3513.31
3513.31
2918.28
2918.28
3597.46
3597.46
3670.83
3670.83
3744.16
3744.16
3569.19
3569.19
3767.96
3767.96
939.74
939.74
3759.89
3759.89
3558.04
3558.04
3694.81
3694.81
3149.40
3149.40
882.85
882.85
3744.59
3744.59
3744.59
3744.59
3744.59
3744.59
3744.59
3744.59
3744.59
3744.59
3744.59
3744.59
3744.59
3744.59
3744.59
3744.59
811.98
811.98
3688.63
3688.63
3691.35
3691.35
3323.59
3323.59
3743.74
3743.74
3417.73
3417.73
3628.99
3628.99
3628.94
3628.94
3609.54
3609.54
3150.06
3150.06
897.41
897.41
3025.07
3025.07
3701.04
3701.04
3610.68
3610.68
255.02
255.02
3252.02
3252.02
3690.12
3690.12
3131.71
3131.71
3695.82
3695.82
3733.23
3733.23
3406.60
3406.60
3766.78
3766.78
3662.38
3662.38
3313.62
3313.62
3271.43
3271.43
3588.55
3588.55
3373.72
3373.72
3782.18
3782.18
3760.62
3760.62
3188.95
3188.95
3685.28
3685.28
3701.99
3701.99
3614.04
3614.04
3724.37
3724.37
1163.69
1163.69
1742.51
1742.51
3713.87
3713.87
3627.68
3627.68
1222.43
1222.43
3309.65
3309.65
3168.80
3168.80
3114.49
3114.49
3768.62
3768.62
3484.66
3484.66
3721.32
3721.32
3693.04
3693.04
3752.21
3752.21
3529.65
3529.65
3682.42
3682.42
3662.58
3662.58
3692.18
3692.18
3687.38
3687.38
3270.48
3270.48
3789.51
3789.51
3658.97
3658.97
3221.77
3221.77
3352.14
3352.14
3770.33
3770.33
3510.51
3510.51
3191.80
3191.80
3536.42
3536.42
3716.10
3716.10
3310.82
3310.82
3310.82
3713.39
3713.39
3765.20
3765.20
3786.07
3786.07
3658.77
3658.77
3374.07
3374.07
3766.86
3766.86
3679.88
3679.88
3356.35
3356.35
3348.07
3348.07
3206.76
3206.76
3770.49
3770.49
3683.20
3683.20
1485.46
1485.46
3101.84
3101.84
3691.56
3691.56
3692.33
3692.33
2936.28
2936.28
3444.01
3444.01
3701.15
3701.15
3147.46
3147.46
3630.96
3630.96
3561.94
3561.94
3560.19
3560.19
3713.82
3713.82
3443.86
3443.86
3695.66
3695.66
3246.01
3246.01
3693.12
3693.12
3680.40
3680.40
3577.28
3577.28
1170.17
1170.17
2818.46
2818.46
3193.22
3193.22
1640.51
1640.51
3723.83
3723.83
1655.06
1655.06
393.29
393.29
3681.28
3681.28
3453.50
3453.50
3692.55
3692.55
3129.61
3129.61
1415.05
1415.05
121.74
121.74
3090.83
3090.83
3045.70
3045.70
3207.67
3207.67
3585.53
3585.53
503.62
503.62
3288.68
3288.68
2856.41
2856.41
3597.09
3597.09
3626.62
3626.62
928.77
928.77
3693.55
3693.55
778.39
778.39
2168.32
2168.32
3312.94
3312.94
3705.49
3705.49
3597.23
3597.23
3739.20
3739.20
3650.23
3650.23
1492.41
1492.41
2604.48
2604.48
1470.24
1470.24
3301.92
3301.92
3688.21
3688.21
2926.56
2926.56
3190.62
3190.62
3132.40
3132.40
3721.04
3721.04
42.07
42.07
1035.66
1035.66
892.88
892.88
3333.76
3333.76
1171.56
1171.56
3528.26
3528.26
3329.04
3329.04
3733.13
3733.13
3249.09
3249.09
3364.17
3364.17
117.98
117.98
876.39
876.39
1653.61
1653.61
3689.78
3689.78
3649.90
3649.90
2999.87
2999.87
2752.80
2752.80
3291.97
3291.97
2876.85
2876.85
3583.31
3583.31
1679.65
1679.65
3721.84
3721.84
2837.43
2837.43
3728.95
3728.95
1227.93
1227.93
3703.28
3703.28
3535.76
3535.76
3741.46
3741.46
3685.07
3685.07
2872.28
2872.28
3152.40
3152.40
3165.18
3165.18
3611.54
3611.54
892.46
892.46
3682.36
3682.36
3668.96
3668.96
3682.15
3682.15
3628.19
3628.19
3233.93
3233.93
3189.55
3189.55
3701.36
3701.36
3639.25
3639.25
3018.53
3018.53
3623.81
3623.81
3291.47
3291.47
3074.75
3074.75
631.55
631.55
3207.00
3207.00
3510.61
3510.61
3246.45
3246.45
3523.56
3523.56
3748.44
3748.44
3289.10
3289.10
3189.59
3189.59
3228.80
3228.80
3710.27
3710.27
2873.57
2873.57
3722.81
3722.81
3003.59
3003.59
3628.13
3628.13
3608.15
3608.15
3082.26
3082.26
3531.84
3531.84
3711.06
3711.06
3375.16
3375.16
3765.94
3765.94
3670.83
3670.83
3744.44
3744.44
3309.65
3309.65
3743.24
3743.24
3215.87
3215.87
3132.61
3132.61
3691.02
3691.02
3154.08
3154.08
3289.57
3289.57
3733.25
3733.25
1329.22
1329.22
145.04
145.04
2883.62
2883.62
3695.65
3695.65
3748.65
3748.65
3742.91
3742.91
3510.03
3510.03
2312.88
2312.88
3539.69
3539.69
3714.19
3714.19
3465.76
3465.76
3734.74
3734.74
3783.55
3783.55
3743.84
3743.84
3714.67
3714.67
3719.63
3719.63
3490.01
3490.01
3766.95
3766.95
3779.83
3779.83
3779.83
3779.83
467.91
467.91
3691.45
3691.45
3208.31
3208.31
1027.58
1027.58
3602.98
3602.98
3733.82
3733.82
3715.58
3715.58
3639.46
3639.46
3691.86
3691.86
3675.58
3675.58
3541.27
3541.27
3440.62
3440.62
3701.13
3701.13
3701.13
3701.13
3711.75
3711.75
3711.75
3711.75
3468.01
3468.01
2214.71
2214.71
3719.88
3719.88
1774.45
1774.45
3166.60
3166.60
3329.51
3329.51
3743.78
3743.78
3743.78
3743.78
3681.02
3681.02
3348.54
3348.54
3313.79
3313.79
3734.94
3734.94
3578.80
3578.80
3433.13
3433.13
3492.51
3492.51
3719.59
3719.59
3719.59
3719.59
1250.55
1250.55
1721.61
1721.61
3765.49
3765.49
3691.86
3691.86
3693.34
3693.34
3754.90
3754.90
3670.54
3670.54
3670.54
3670.54
3437.64
3437.64
3332.88
3332.88
3533.61
3533.61
3662.12
3662.12
3705.72
3705.72
3635.86
3635.86
3714.19
3714.19
3734.36
3734.36
3714.30
3714.30
3745.79
3745.79
3745.79
3745.79
3755.76
3755.76
3702.91
3702.91
3494.37
3494.37
827.21
827.21
3356.57
3356.57
3429.56
3429.56
3461.38
3461.38
3257.32
3257.32
3692.40
3692.40
3651.14
3651.14
3353.22
3353.22
3648.65
3648.65
892.28
892.28
3713.71
3713.71
3733.13
3733.13
3715.96
3715.96
3153.46
3153.46
3504.05
3504.05
1025.24
1025.24
2779.69
2779.69
2839.71
2839.71
3024.69
3024.69
3681.07
3681.07
3735.58
3735.58
3712.39
3712.39
3172.85
3172.85
3746.40
3746.40
3638.69
3638.69
2178.61
2178.61
3115.84
3115.84
3169.42
3169.42
3384.07
3384.07
3744.33
3744.33
3334.40
3334.40
3711.53
3711.53
3373.95
3373.95
1973.17
1973.17
2921.43
2921.43
3590.43
3590.43
3719.22
3719.22
3151.02
3151.02
2636.02
2636.02
3247.02
3247.02
1119.29
1119.29
2871.61
2871.61
3731.32
3731.32
3660.78
3660.78
2208.96
2208.96
3394.86
3394.86
3417.91
3417.91
3787.17
3787.17
3589.22
3589.22
3397.03
3397.03
3693.60
3693.60
3729.40
3729.40
892.96
892.96
3249.13
3249.13
1699.19
1699.19
3609.40
3609.40
1367.19
1367.19
893.62
893.62
1200.07
1200.07
3734.78
3734.78
3661.04
3661.04
1336.55
1336.55
1175.72
1175.72
3360.68
3360.68
3192.63
3192.63
3361.15
3361.15
3713.66
3713.66
3731.10
3731.10
3252.61
3252.61
3741.57
3741.57
3093.49
3093.49
2985.77
2985.77
3639.41
3639.41
3744.11
3744.11
3646.25
3646.25
3729.58
3729.58
3731.90
3731.90
2583.36
2583.36
2929.47
2929.47
3625.70
3625.70
2842.11
2842.11
3695.34
3695.34
2792.80
2792.80
3558.62
3558.62
3732.76
3732.76
3119.78
3119.78
2888.84
2888.84
3688.86
3688.86
3641.69
3641.69
189.91
189.91
3692.03
3692.03
3734.46
3734.46
3714.14
3714.14
2937.47
2937.47
496.75
496.75
3699.52
3699.52
3608.48
3608.48
3682.32
3682.32
1574.88
1574.88
3657.85
3657.85
3756.93
3756.93
3150.90
3150.90
3392.92
3392.92
148.52
148.52
1869.54
1869.54
3021.17
3021.17
3596.78
3596.78
3717.43
3717.43
1034.02
1034.02
3374.99
3374.99
3446.77
3446.77
3359.97
3359.97
3718.66
3718.66
3166.21
3166.21
3663.34
3663.34
3560.38
3560.38
3271.35
3271.35
3679.11
3679.11
3275.77
3275.77
3231.64
3231.64
2706.43
2706.43
3736.41
3736.41
3764.47
3764.47
163.39
163.39
3780.53
3780.53
3436.87
3436.87
3671.79
3671.79
3096.17
3096.17
3177.20
3177.20
3714.99
3714.99
3092.82
3092.82
1773.88
1773.88
1632.04
1632.04
3657.53
3657.53
1104.01
1104.01
3079.98
3079.98
2874.35
2874.35
2954.81
2954.81
3650.03
3650.03
3729.51
3729.51
3558.38
3558.38
3721.69
3721.69
3642.55
3642.55
3005.06
3005.06
3478.01
3478.01
214.14
214.14
3704.83
3704.83
3465.49
3465.49
3419.80
3419.80
3694.23
3694.23
3719.33
3719.33
3619.37
3619.37
1881.29
1881.29
897.87
897.87
3693.35
3693.35
3716.69
3716.69
3620.85
3620.85
3699.20
3699.20
3710.53
3710.53
3097.33
3097.33
3745.61
3745.61
3709.40
3709.40
230.78
230.78
702.38
702.38
1102.01
1102.01
3718.44
3718.44
3313.37
3313.37
357.57
357.57
3628.45
3628.45
2111.48
2111.48
3099.01
3099.01
3131.31
3131.31
2990.23
2990.23
2990.23
2625.87
2625.87
3608.43
3608.43
2513.23
2513.23
2069.52
2069.52
3147.21
3147.21
780.22
780.22
3401.41
3401.41
1108.80
1108.80
299.98
299.98
3817.24
3817.24
70.85
70.85
3248.20
3248.20
3764.49
3764.49
3177.82
3177.82
1528.93
1528.93
3219.19
3219.19
1031.06
1031.06
3265.28
3265.28
3679.54
3679.54
3020.61
3020.61
3679.16
3679.16
3717.43
3717.43
3682.06
3682.06
2734.14
2734.14
3080.32
3080.32
3715.45
3715.45
3766.40
3766.40
3416.83
3416.83
3208.82
3208.82
3732.38
3732.38
1238.15
1238.15
2971.73
2971.73
1147.57
1147.57
3703.03
3703.03
3039.59
3039.59
3737.13
3737.13
3745.30
3745.30
463.92
463.92
3745.45
3745.45
3012.24
3012.24
523.30
523.30
3314.90
3314.90
656.28
656.28
2293.64
2293.64
1944.03
1944.03
3612.75
3612.75
3603.88
3603.88
3707.89
3707.89
1580.37
1580.37
3193.79
3193.79
3682.99
3682.99
3710.32
3710.32
3114.15
3114.15
3048.05
3048.05
3715.09
3715.09
2906.44
2906.44
3499.78
3499.78
1536.26
1536.26
354.54
354.54
882.34
882.34
324.93
324.93
2970.88
2970.88
3539.47
3539.47
3696.34
3696.34
1663.50
1663.50
3736.67
3736.67
3247.47
3247.47
3531.46
3531.46
3261.58
3261.58
3311.59
3311.59
3737.56
3737.56
3377.01
3377.01
3177.67
3177.67
3740.71
3740.71
3714.88
3714.88
3719.86
3719.86
3206.64
3206.64
2969.39
2969.39
3735.53
3735.53
3638.94
3638.94
105.22
105.22
3760.95
3760.95
3756.52
3756.52
3463.45
3463.45
3184.25
3184.25
2922.70
2922.70
3580.72
3580.72
3091.90
3091.90
1925.76
1925.76
3779.12
3779.12
3742.05
3742.05
3114.08
3114.08
3112.10
3112.10
1779.82
1779.82
1479.91
1479.91
3732.27
3732.27
3729.82
3729.82
3449.35
3449.35
3727.24
3727.24
3465.21
3465.21
3512.32
3512.32
3771.43
3771.43
3493.29
3493.29
1646.41
1646.41
3729.24
3729.24
3398.90
3398.90
3588.92
3588.92
3762.36
3762.36
3762.36
3762.36
3763.23
3763.23
3688.12
3688.12
3714.25
3714.25
3560.38
3560.38
3763.25
3763.25
3790.57
3790.57
3400.65
3400.65
3710.16
3710.16
3710.16
3710.16
3333.54
3333.54
3693.87
3693.87
3608.53
3608.53
3758.90
3758.90
3765.36
3765.36
3558.92
3558.92
3418.18
3418.18
3465.16
3465.16
3751.50
3751.50
3683.03
3683.03
3742.16
3742.16
3187.55
3187.55
3714.40
3714.40
3717.54
3717.54
3462.67
3462.67
3576.50
3576.50
3640.02
3640.02
3640.02
3640.02
3797.79
3797.79
3719.77
3719.77
3539.81
3539.81
3768.37
3768.37
3449.39
3449.39
3553.33
3553.33
3488.17
3488.17
1275.62
1275.62
3691.06
3691.06
3672.31
3672.31
3672.31
3672.31
3284.98
3284.98
3418.09
3418.09
3693.07
3693.07
3340.65
3340.65
3725.67
3725.67
2631.31
2631.31
205.40
205.40
3331.34
3331.34
2445.19
2445.19
3714.93
3714.93
3760.68
3760.68
3765.91
3765.91
3765.91
3765.91
3284.01
3284.01
573.30
573.30
2297.33
2297.33
2297.33
1565.39
3275.05
3275.05
3560.43
3560.43
1003.48
1003.48
3709.37
3709.37
3696.07
3696.07
3762.26
3762.26
3668.55
3668.55
3720.88
3720.88
3710.74
3710.74
3719.19
3719.19
3660.49
3660.49
2284.93
2284.93
3735.74
3735.74
3569.00
3569.00
3714.46
3714.46
3111.21
3111.21
2972.16
2972.16
3247.92
3247.92
1135.28
1135.28
3105.98
3105.98
3613.01
3613.01
1597.22
1597.22
10.00
10.00
3055.80
3055.80
2968.92
2968.92
3661.24
3661.24
3028.73
3028.73
3578.95
3578.95
3413.93
3413.93
3698.67
3698.67
638.22
638.22
3745.39
3745.39
3292.60
3292.60
3348.54
3348.54
3727.35
3727.35
3431.99
3431.99
520.28
520.28
3514.51
3514.51
2646.40
2646.40
3760.01
3760.01
3715.84
3715.84
1192.56
1192.56
3595.58
3595.58
3131.75
3131.75
3728.64
3728.64
3717.99
3717.99
2720.13
2720.13
3731.45
3731.45
2853.60
2853.60
3611.79
3611.79
3746.72
3746.72
3629.90
3629.90
3093.04
3093.04
3732.54
3732.54
3537.44
3537.44
3248.12
3248.12
3439.08
3439.08
3472.62
3472.62
1927.37
1927.37
3445.78
3445.78
3710.09
3710.09
3723.18
3723.18
3690.67
3690.67
3672.38
3672.38
169.96
169.96
1540.54
1540.54
3063.04
3063.04
3377.09
3377.09
3754.85
3754.85
3748.60
3748.60
3330.91
3330.91
3607.88
3607.88
3752.48
3752.48
3715.36
3715.36
3677.50
3677.50
2834.60
2834.60
3692.77
3692.77
3739.09
3739.09
3766.51
3766.51
3250.30
3250.30
441.78
441.78
588.97
588.97
1567.88
1567.88
3185.80
3185.80
785.64
785.64
3639.20
3639.20
3619.46
3619.46
3730.65
3730.65
3819.93
3819.93
3739.64
3739.64
841.88
841.88
1315.78
1315.78
2826.99
2826.99
3134.92
3134.92
3690.35
3690.35
3780.03
3780.03
3133.84
3133.84
3528.65
3528.65
3672.03
3672.03
3627.58
3627.58
1409.69
1409.69
3732.43
3732.43
3756.68
3756.68
2858.33
2858.33
3732.54
3732.54
2840.28
2840.28
3776.61
3776.61
478.86
478.86
2954.31
2954.31
3558.87
3558.87
495.38
495.38
3680.37
3680.37
3290.93
3290.93
3747.34
3747.34
3211.59
3211.59
3717.86
3717.86
3680.04
3680.04
659.28
659.28
3272.86
3272.86
3060.75
3060.75
3730.18
3730.18
1398.27
1398.27
3724.26
3724.26
2200.95
2200.95
3464.79
3464.79
3206.96
3206.96
3739.45
3739.45
3789.36
3789.36
3756.96
3756.96
2867.62
2867.62
3615.17
3615.17
3423.84
3423.84
3283.58
3283.58
3738.02
3738.02
3723.08
3723.08
3748.73
3748.73
3791.12
3791.12
882.79
882.79
3738.36
3738.36
3038.01
3038.01
3768.18
3768.18
3715.16
3715.16
3658.36
3658.36
3725.34
3725.34
3767.15
3767.15
3650.30
3650.30
866.71
866.71
3462.81
3462.81
3478.25
3478.25
3711.38
3711.38
3538.60
3538.60
3201.51
3201.51
3639.05
3639.05
1872.26
1872.26
3734.68
3734.68
3418.53
3418.53
3394.11
3394.11
3794.78
3794.78
1243.75
1243.75
3668.49
3668.49
3681.99
3681.99
192.93
192.93
1067.94
1067.94
1484.36
1484.36
1219.69
1219.69
2787.90
2787.90
2342.44
2342.44
981.12
981.12
514.15
514.15
3543.93
3543.93
3789.91
3789.91
1369.91
1369.91
556.80
556.80
3760.72
3760.72
3329.42
3329.42
1461.37
1461.37
3660.55
3660.55
3642.64
3642.64
3382.41
3382.41
708.93
708.93
3392.22
3392.22
3734.83
3734.83
3728.49
3728.49
3756.54
3756.54
3420.47
3420.47
3463.91
3463.91
3721.41
3721.41
3721.41
3721.41
3721.41
3721.41
3721.41
3721.41
3721.41
3721.41
3721.41
3721.41
3721.41
3721.41
2052.98
2052.98
3684.48
3684.48
3456.07
3456.07
3456.07
3456.07
3715.09
3715.09
3587.07
3587.07
3174.32
3174.32
1497.63
1497.63
3248.61
3248.61
3735.32
3735.32
3737.94
3737.94
1873.52
1873.52
3743.89
3743.89
3743.89
3743.89
3578.07
3578.07
3512.27
3512.27
3759.92
3759.92
3562.24
3562.24
3562.24
3562.24
3562.24
3562.24
3697.79
3697.79
3739.45
3739.45
3380.81
3380.81
3659.95
3659.95
3723.99
3723.99
3734.35
3734.35
3765.20
3765.20
3377.53
3377.53
3758.09
3758.09
3710.96
3710.96
3697.25
3697.25
3465.30
3465.30
3438.72
3438.72
3339.73
3339.73
3719.33
3719.33
3417.63
3417.63
3712.43
3712.43
1531.20
1531.20
3393.55
3393.55
3472.84
3472.84
3462.53
3462.53
3712.45
3712.45
3541.03
3541.03
3735.37
3735.37
3719.39
3719.39
3421.60
3421.60
3741.73
3741.73
3741.73
3741.73
3764.22
3764.22
3650.92
3650.92
3764.71
3764.71
2159.45
2159.45
3255.52
3255.52
3278.54
3278.54
3756.03
3756.03
3513.74
3513.74
3675.43
3675.43
3742.21
3742.21
3128.82
3128.82
3764.07
3764.07
3248.53
3248.53
3006.18
3006.18
3486.61
3486.61
3655.33
3655.33
890.70
890.70
3023.43
3023.43
3024.33
3024.33
3658.10
3658.10
3710.21
3710.21
3454.87
3454.87
2983.60
2983.60
1166.14
1166.14
3746.06
3746.06
2917.59
2917.59
128.38
128.38
3758.98
3758.98
3757.07
3757.07
3748.74
3748.74
3723.82
3723.82
3738.72
3738.72
3729.34
3729.34
3708.63
3708.63
3755.33
3755.33
3296.61
3296.61
3589.12
3589.12
3080.03
3080.03
227.07
227.07
3465.44
3465.44
3270.97
3270.97
3538.26
3538.26
3766.62
3766.62
3714.14
3714.14
3768.69
3768.69
3295.83
3295.83
3373.98
3373.98
3059.11
3059.11
3711.38
3711.38
84.39
84.39
3534.18
3534.18
1493.98
1493.98
3289.37
3289.37
3169.72
3169.72
3096.61
3096.61
256.13
256.13
3374.03
3374.03
3687.59
3687.59
2650.51
2650.51
3714.99
3714.99
3691.45
3691.45
3730.04
3730.04
3673.11
3673.11
3190.50
3190.50
3786.51
3786.51
3778.36
3778.36
2956.30
2956.30
3576.45
3576.45
3108.45
3108.45
916.18
916.18
3757.49
3757.49
3719.43
3719.43
3680.05
3680.05
3708.31
3708.31
3609.98
3609.98
3729.86
3729.86
3764.64
3764.64
3400.74
3400.74
3567.37
3567.37
3609.68
3609.68
3562.09
3562.09
3562.09
3562.09
3733.77
3733.77
3465.35
3465.35
3436.96
3436.96
3577.77
3577.77
910.38
910.38
3781.75
3781.75
3784.26
3784.26
3485.96
3485.96
3490.90
3490.90
3722.43
3722.43
3722.43
3722.43
3653.04
3653.04
3660.21
3660.21
3202.54
3202.54
3058.16
3058.16
3485.75
3485.75
3639.20
3639.20
3744.16
3744.16
3374.58
3374.58
3786.32
3786.32
3786.32
3786.32
3535.49
3535.49
3147.82
3147.82
3717.27
3717.27
274.85
274.85
2824.75
2824.75
3011.89
3011.89
3713.82
3713.82
3454.65
3454.65
1768.19
1768.19
3746.17
3746.17
3160.72
3160.72
2855.69
2855.69
3746.01
3746.01
2995.78
2995.78
2995.78
2995.78
3693.92
3693.92
1794.82
1794.82
3290.93
3290.93
3290.93
3748.04
3748.04
3715.61
3715.61
3420.74
3420.74
3420.74
3420.74
3510.73
3510.73
3512.36
3512.36
3636.50
3636.50
3212.51
3212.51
3212.51
3212.51
3539.96
3714.19
3714.19
3714.19
3769.19
3769.19
3490.81
3490.81
3557.26
3557.26
3207.20
3207.20
3207.20
3207.20
3207.20
3207.20
3207.20
3207.20
3753.88
3753.88
3753.88
3753.88
3768.91
3768.91
3475.32
3492.84
3492.84
3492.84
3492.84
3492.84
3492.84
3492.84
3492.84
3492.84
191.60
191.60
3506.45
3506.45
3608.23
3608.23
3608.23
3608.23
3682.63
3682.63
3710.07
3710.07
3694.18
3694.18
3400.11
3706.28
3706.28
3706.28
3378.47
3378.47
3356.35
3356.35
3576.71
3576.71
2871.93
2871.93
2793.13
2793.13
3356.79
3356.79
3743.38
3743.38
951.34
951.34
3171.23
3171.23
1293.62
1293.62
3686.80
2405.64
2405.64
2405.64
3056.84
3056.84
3094.47
3094.47
683.21
683.21
996.86
996.86
3662.43
3662.43
2017.90
2017.90
3267.74
3267.74
3676.98
3676.98
3130.93
3130.93
3639.46
3639.46
3723.83
3723.83
3652.62
3652.62
1772.10
1772.10
3764.27
3764.27
3710.96
3710.96
677.32
677.32
105.47
105.47
3710.81
3710.81
3037.55
3037.55
3591.91
3591.91
2938.03
2938.03
1044.82
1044.82
3692.28
3692.28
901.07
901.07
3769.90
3769.90
466.94
466.94
3638.28
3638.28
105.23
105.23
3230.94
3230.94
2596.89
2596.89
3271.30
3271.30
3628.92
3628.92
3130.55
3130.55
3400.16
3400.16
1844.82
1844.82
3766.95
3766.95
3688.14
3688.14
3698.88
3698.88
3738.34
3738.34
2019.18
2019.18
3005.48
3005.48
3437.79
3437.79
862.31
862.31
3727.03
3727.03
2809.30
2809.30
3618.40
3618.40
3687.37
3687.37
1198.35
1198.35
3013.29
3013.29
3013.29
3713.01
3343.77
3343.77
3093.00
3093.00
3703.50
3703.50
3784.97
3784.97
3733.61
3733.61
3743.45
3743.45
3557.17
3557.17
3785.58
3785.58
3726.33
3726.33
3322.61
3322.61
3445.67
3445.67
3400.20
3400.20
3530.70
3530.70
3752.80
3752.80
3742.91
3742.91
3742.91
3742.91
3694.71
3694.71
3493.12
3493.12
3690.41
3690.41
3440.76
3440.76
3491.04
3491.04
3763.66
3763.66
3798.92
3798.92
3765.18
3765.18
3487.89
3487.89
3732.38
3732.38
1796.17
1796.17
3665.82
3665.82
3291.07
3291.07
3697.11
3697.11
3258.40
3258.40
3100.04
3100.04
3098.13
3098.13
3659.44
3659.44
3231.59
3231.59
3332.02
3332.02
3640.22
3640.22
3024.03
3024.03
326.03
326.03
3226.59
3226.59
3315.28
3315.28
3327.33
3327.33
3683.32
3683.32
3764.04
3764.04
3611.69
3611.69
3611.69
3611.69
3611.69
3611.69
3768.64
3768.64
3708.70
3708.70
3555.56
3555.56
3510.21
3510.21
3510.21
3510.21
2157.93
2157.93
3379.78
3379.78
3658.51
3658.51
3658.51
3658.51
3658.51
3658.51
3339.48
3339.48
3392.48
3392.48
3569.74
3569.74
3578.91
3578.91
3729.74
3729.74
3729.74
3729.74
3740.44
3740.44
3766.67
3766.67
3445.59
3445.59
3681.23
3681.23
3752.76
3752.76
3691.90
3691.90
3358.85
3358.85
3459.81
3459.81
3722.54
3722.54
3641.35
3641.35
3694.50
3694.50
3650.16
3650.16
3588.37
3588.37
3758.25
3758.25
3667.29
3667.29
3337.89
3337.89
3689.62
3689.62
3314.81
3314.81
3544.77
3544.77
3679.05
3679.05
3561.25
3561.25
3744.27
3744.27
444.07
444.07
3712.76
3712.76
3713.71
3713.71
3192.27
3192.27
3604.73
3604.73
3229.41
3229.41
29.02
29.02
3691.96
3691.96
3764.62
3764.62
3746.82
3746.82
3132.29
3132.29
3710.30
3710.30
3701.99
3701.99
3549.63
3549.63
3681.28
3681.28
3711.53
3711.53
3750.91
3750.91
3660.78
3660.78
3354.13
3354.13
3693.66
3693.66
405.08
405.08
3081.22
3081.22
3637.32
3637.32
3676.72
3676.72
3661.60
3661.60
3693.09
3693.09
3662.82
3662.82
3234.51
3234.51
3704.13
3704.13
2906.86
2906.86
2219.69
2219.69
3025.11
3025.11
785.08
785.08
1529.13
1529.13
2952.83
2952.83
1869.28
1869.28
1494.62
1494.62
3738.88
3738.88
3708.87
3708.87
3711.96
3711.96
3311.97
3311.97
3194.84
3194.84
2510.42
2510.42
3137.69
3137.69
3596.82
3596.82
3006.38
3006.38
3733.24
3733.24
3693.86
3693.86
166.05
166.05
3663.72
3663.72
3636.65
3636.65
1421.80
1421.80
3300.75
3300.75
3196.40
3196.40
3338.23
3338.23
3113.62
3113.62
2922.48
2922.48
3695.57
3695.57
3429.68
3429.68
3736.30
3736.30
3273.00
3273.00
3704.98
3704.98
3742.27
3742.27
3280.87
3280.87
3702.33
3702.33
3201.64
3201.64
3599.11
3599.11
3760.36
3760.36
3172.06
3172.06
810.99
810.99
3358.32
3358.32
3730.73
3730.73
3734.95
3734.95
3640.12
3640.12
2271.48
2271.48
3558.34
3558.34
2989.46
2989.46
168.29
168.29
3764.60
3764.60
3234.83
3234.83
3193.12
3193.12
3021.90
3021.90
3190.16
3190.16
3735.26
3735.26
2552.62
2552.62
1476.47
1476.47
106.79
106.79
900.11
900.11
2955.42
2955.42
1882.88
1882.88
488.63
488.63
444.35
444.35
1893.41
1893.41
126.26
126.26
1578.79
1578.79
3711.17
3711.17
3522.85
3522.85
1072.07
1072.07
3416.78
3416.78
1769.83
1769.83
3712.71
3712.71
3714.62
3714.62
3688.91
3688.91
3289.72
3289.72
1798.20
1798.20
1223.97
1223.97
3125.90
3125.90
297.91
297.91
3684.50
3684.50
3745.74
3745.74
3690.77
3690.77
3584.30
3584.30
2254.69
2254.69
3145.77
3145.77
2568.42
2568.42
3705.59
3705.59
2938.11
2938.11
3714.56
3714.56
1553.54
1553.54
3625.13
3625.13
3659.38
3659.38
3522.78
3522.78
3637.15
3637.15
3728.77
3728.77
1472.10
1472.10
3729.93
3729.93
1069.86
1069.86
2781.52
2781.52
3763.07
3763.07
2815.71
2815.71
3321.45
3321.45
3695.24
3695.24
3334.38
3334.38
3695.55
3695.55
3230.01
3230.01
2823.78
2823.78
2102.95
2102.95
918.19
918.19
3637.36
3637.36
3689.20
3689.20
3640.28
3640.28
3464.12
3464.12
1250.74
1250.74
141.26
141.26
1315.98
1315.98
1747.78
1747.78
336.89
336.89
1258.23
1258.23
3704.98
3704.98
3303.33
3303.33
1679.55
1679.55
2983.44
2983.44
1905.53
1905.53
3707.46
3707.46
567.97
567.97
2218.42
2218.42
387.23
387.23
3692.97
3692.97
3342.89
3342.89
3681.96
3681.96
3714.09
3714.09
3274.76
3274.76
1879.16
1879.16
3698.01
3698.01
3662.84
3662.84
282.12
282.12
3233.08
3233.08
3679.99
3679.99
3765.02
3765.02
1409.89
1409.89
668.14
668.14
892.55
892.55
1669.49
1669.49
1669.49
170.56
170.56
170.56
2092.70
2092.70
1169.92
1169.92
3730.82
3730.82
3329.68
3329.68
2723.04
2723.04
3155.13
3155.13
3155.13
3155.13
3321.32
3321.32
264.26
264.26
70.02
70.02
147.14
147.14
988.35
988.35
626.43
626.43
1031.74
1031.74
234.99
234.99
1299.80
1299.80
52.18
52.18
213.28
213.28
315.66
315.66
512.25
512.25
105.21
105.21
272.75
272.75
1230.98
1230.98
1230.98
1392.50
1596.50
1596.50
3048.64
3048.64
3048.64
1095.98
348.25
348.25
3284.08
3284.08
2572.81
2572.81
197.29
197.29
499.71
499.71
3758.17
3758.17
3568.14
3568.14
3661.14
3661.14
3723.99
3723.99
3530.75
3530.75
3657.02
3657.02
2156.81
2156.81
3438.18
3438.18
3692.29
3692.29
3673.90
3673.90
3151.40
3151.40
2875.66
2875.66
3736.51
3736.51
2752.15
2752.15
3734.15
3734.15
657.08
657.08
309.86
309.86
3532.61
3532.61
2691.11
2691.11
899.30
899.30
3249.83
3249.83
3558.43
3558.43
3608.03
3608.03
3790.96
3790.96
2730.98
2730.98
1179.05
1179.05
2629.20
2629.20
3280.82
3280.82
2308.73
2308.73
2874.67
2874.67
2148.59
2148.59
1000.87
1000.87
1000.87
1315.01
1329.67
1329.67
1329.67
3369.10
1049.68
1049.68
1049.68
1494.95
3631.61
3631.61
3631.61
3631.61
752.09
752.09
466.60
466.60
21.06
21.06
316.28
316.28
1084.28
1084.28
1120.85
1120.85
905.30
905.30
3214.59
3214.59
3764.76
3764.76
3378.63
3378.63
3329.85
3329.85
3770.33
3770.33
232.34
232.34
1785.01
1785.01
1273.42
1273.42
1273.42
973.31
973.31
973.31
1871.27
1871.27
1871.27
1871.27
1091.18
1091.18
3019.02
1524.89
1524.89
3110.24
3110.24
3573.13
3573.13
3573.13
3692.56
3692.56
3599.19
3599.19
3672.01
3672.01
3563.24
3563.24
3189.87
3189.87
23.39
23.39
367.92
367.92
1161.85
1161.85
1153.80
1153.80
1222.22
1222.22
2900.99
2900.99
3576.71
3576.71
1652.41
1652.41
1652.41
959.22
959.22
3375.65
3375.65
3331.85
3331.85
3307.31
3307.31
3413.26
3413.26
1651.91
1651.91
3703.44
3703.44
3658.77
3658.77
3225.11
3225.11
3190.58
3190.58
3734.61
3734.61
3668.54
3668.54
122.17
122.17
3610.53
3610.53
3690.67
3690.67
3610.84
3610.84
1269.09
1269.09
3427.75
3427.75
3376.66
3376.66
2694.77
2694.77
3681.07
3681.07
3691.59
3691.59
3689.25
3689.25
3523.93
3523.93
3747.36
3747.36
3771.21
3771.21
3444.24
3444.24
3696.54
3696.54
3713.71
3713.71
3765.20
3765.20
3702.90
3702.90
245.84
245.84
3178.43
3178.43
3465.16
3465.16
3007.13
3007.13
3635.69
3635.69
3037.87
3037.87
3766.40
3766.40
901.29
901.29
2956.63
2956.63
3626.84
3626.84
3222.49
3222.49
3222.49
3222.49
2344.45
2344.45
3307.85
3307.85
3451.53
3451.53
3819.71
3819.71
3712.34
3712.34
3427.04
3427.04
128.28
128.28
3690.46
3690.46
501.91
501.91
2122.40
2122.40
3679.71
3679.71
433.86
433.86
433.86
263.15
2820.41
2820.41
892.20
892.20
3113.55
3113.55
2723.16
2723.16
1671.22
1671.22
3453.21
3453.21
1202.82
1202.82
3715.14
3715.14
1298.09
1298.09
2567.44
2567.44
3621.68
3621.68
3650.99
3650.99
3407.18
3407.18
3701.76
3701.76
3474.61
3474.61
3100.83
3100.83
3339.28
3339.28
3247.59
3247.59
3250.19
3250.19
3724.80
3724.80
1053.59
1053.59
3698.25
3698.25
3308.24
3308.24
3662.64
3662.64
3680.95
3680.95
3726.26
3726.26
3102.01
3102.01
3428.96
3428.96
3648.70
3648.70
3699.47
3699.47
3353.22
3353.22
3331.79
3331.79
3533.09
3533.09
1539.24
1539.24
3587.73
3587.73
2424.52
2424.52
3155.34
3155.34
3718.12
3718.12
3290.20
3290.20
1572.46
1572.46
3639.25
3639.25
3190.07
3190.07
3254.12
3254.12
3662.30
3662.30
3601.22
3601.22
3538.65
3538.65
3660.99
3660.99
1368.37
1368.37
3747.62
3747.62
1675.23
1675.23
3757.09
3757.09
3675.07
3675.07
3293.15
3293.15
3367.17
3367.17
265.48
265.48
3734.42
3734.42
3012.23
3012.23
3753.09
3753.09
1695.44
1695.44
3710.87
3710.87
3332.50
3332.50
3735.63
3735.63
3401.63
3401.63
3739.13
3739.13
509.24
509.24
588.23
588.23
3511.46
3511.46
1554.78
1554.78
3702.69
3702.69
3059.06
3059.06
3114.41
3114.41
1218.40
1218.40
3666.00
3666.00
3431.24
3431.24
3418.17
3418.17
3418.17
3418.17
562.95
562.95
3683.28
3683.28
3682.08
3682.08
3783.22
3783.22
3518.13
3518.13
3570.02
3570.02
3765.05
3765.05
3766.95
3766.95
355.05
355.05
899.17
899.17
3332.02
3332.02
3722.86
3722.86
3121.49
3121.49
3676.63
3676.63
3676.63
3676.63
3716.55
3716.55
3716.55
3716.55
3691.40
3691.40
3765.20
3765.20
3510.61
3510.61
3510.61
3510.61
3731.78
3731.78
3679.26
3679.26
3607.43
3607.43
3607.43
3607.43
3668.94
3668.94
3691.81
3691.81
3609.38
3609.38
3682.11
3682.11
3334.42
3334.42
3757.52
3757.52
3757.52
3757.52
3464.84
3464.84
3466.22
3466.22
3556.69
3556.69
3767.00
3767.00
3650.73
3650.73
3711.01
3711.01
3734.36
3734.36
3721.84
3721.84
3721.84
3721.84
3529.03
3529.03
3519.74
3519.74
3783.34
3783.34
3638.59
3638.59
3271.55
3271.55
3716.16
3716.16
3465.44
3465.44
3465.44
3465.44
3735.53
3735.53
3679.75
3679.75
3432.39
3432.39
3715.84
3715.84
3619.93
3619.93
3619.93
3619.93
3658.87
3658.87
3745.56
3745.56
590.62
590.62
633.74
633.74
3670.28
3670.28
3601.57
3601.57
244.72
244.72
3766.95
3766.95
3665.89
3665.89
3435.38
3435.38
3710.32
3710.32
3444.70
3444.70
3571.34
3571.34
3520.70
