# 1Hz Kbps trace generated by import_real_world_traces.py
184.07
487.65
487.65
736.26
736.26
1117.38
1117.38
1117.38
712.17
712.17
1032.57
1032.57
1412.16
1412.16
1412.16
1412.16
1412.16
1412.16
1412.16
1412.16
1412.16
1412.16
1412.16
1412.16
1412.16
1412.16
38.03
38.03
46.43
46.43
203.93
203.93
280.17
280.17
477.26
477.26
599.91
599.91
533.86
533.86
855.46
855.46
794.59
794.59
970.92
970.92
970.92
970.92
970.92
970.92
872.34
872.34
872.34
872.34
883.28
883.28
883.28
883.28
929.42
929.42
929.42
929.42
929.42
929.42
929.42
929.42
929.42
929.42
720.38
720.38
720.38
720.38
720.38
720.38
947.63
947.63
947.63
947.63
891.99
891.99
891.99
891.99
875.58
875.58
1441.43
1441.43
1993.62
1993.62
1533.32
1533.32
1533.32
