# 1Hz Kbps trace generated by import_real_world_traces.py
325.07
453.02
279.93
432.00
432.00
491.65
491.65
491.65
491.65
549.57
549.57
347.84
347.84
484.11
484.11
533.85
533.85
533.85
533.85
343.96
343.96
114.97
114.97
534.01
534.01
577.21
577.21
577.21
577.21
577.21
10.00
338.70
338.70
314.46
314.46
256.26
256.26
256.26
256.26
200.39
200.39
234.14
234.14
212.00
212.00
240.71
240.71
281.45
281.45
302.55
302.55
327.60
327.60
333.48
333.48
411.34
411.34
411.34
224.34
312.74
312.74
366.42
366.42
333.47
333.47
310.82
310.82
384.26
384.26
231.63
231.63
368.48
368.48
612.33
612.33
831.65
831.65
564.36
564.36
44.30
44.30
652.83
652.83
460.04
460.04
460.04
578.74
401.64
401.64
10.00
10.00
149.05
149.05
530.69
530.69
577.07
577.07
489.69
489.69
489.69
166.19
166.19
390.08
390.08
361.44
361.44
349.22
462.68
462.68
520.74
520.74
520.74
378.54
378.54
10.00
10.00
182.19
182.19
182.19
199.92
199.92
220.15
207.90
207.90
215.07
215.07
462.26
462.26
202.89
202.89
350.36
350.36
193.70
193.70
251.31
251.31
337.77
337.77
15.45
367.07
367.07
367.07
130.60
130.60
415.27
415.27
521.17
521.17
172.52
172.52
268.61
268.61
490.06
490.06
10.00
364.54
364.54
364.54
24.31
24.31
77.24
77.24
665.96
665.96
379.65
379.65
148.80
148.80
474.26
474.26
102.01
102.01
449.87
449.87
328.74
328.74
276.50
276.50
236.32
236.32
10.00
10.00
523.87
523.87
350.20
350.20
408.97
408.97
67.86
67.86
10.00
10.00
425.54
425.54
356.61
356.61
53.38
53.38
10.00
10.00
464.39
464.39
487.81
487.81
17.30
17.30
17.30
241.99
186.78
186.78
71.01
71.01
423.45
423.45
321.01
321.01
363.30
363.30
333.92
333.92
37.49
37.49
277.54
277.54
269.58
269.58
192.37
192.37
220.07
220.07
291.85
291.85
236.95
236.95
243.60
243.60
380.33
380.33
482.09
482.09
575.19
575.19
803.03
803.03
602.64
602.64
37.62
37.62
10.00
10.00
341.25
341.25
488.99
488.99
435.67
435.67
330.87
330.87
473.83
473.83
433.16
433.16
298.14
298.14
411.26
411.26
493.95
493.95
569.69
569.69
333.73
333.73
1165.37
1165.37
541.62
541.62
10.00
10.00
1190.83
1190.83
1348.56
1348.56
93.25
93.25
488.88
488.88
488.88
488.88
488.88
613.32
384.35
477.67
477.67
579.12
331.46
331.46
130.66
130.66
507.61
507.61
699.88
699.88
699.88
656.69
656.69
652.72
652.72
652.72
53.03
68.88
68.88
523.99
234.25
234.25
178.03
178.03
487.79
487.79
476.84
476.84
476.84
590.23
544.30
544.30
150.57
150.57
384.13
384.13
384.13
571.04
572.26
572.26
581.56
581.56
511.94
511.94
257.62
257.62
598.19
598.19
407.24
407.24
684.01
684.01
463.83
463.83
453.90
453.90
270.20
270.20
393.86
393.86
440.68
440.68
553.47
553.47
483.65
483.65
331.52
331.52
144.41
144.41
144.41
261.85
261.85
285.79
246.74
246.74
202.39
202.39
245.56
245.56
354.20
354.20
580.65
580.65
23.73
23.73
578.99
578.99
427.11
427.11
272.03
272.03
204.54
204.54
204.54
230.50
227.01
227.01
240.29
240.29
276.28
276.28
355.10
355.10
175.14
175.14
416.73
416.73
421.28
421.28
422.74
422.74
582.50
582.50
317.98
317.98
317.98
317.98
14.98
14.98
285.27
285.27
356.22
416.98
261.83
261.83
247.78
247.78
259.50
259.50
243.81
243.81
395.20
395.20
117.10
117.10
472.35
472.35
582.56
582.56
377.56
377.56
377.56
172.35
272.42
272.42
240.53
240.53
655.77
655.77
409.15
409.15
484.78
484.78
563.09
563.09
422.59
422.59
594.87
594.87
356.71
356.71
138.00
138.00
138.00
45.08
45.08
45.08
513.19
471.62
397.79
397.79
393.52
393.52
378.04
378.04
321.03
321.03
316.62
316.62
310.78
310.78
509.24
509.24
10.00
10.00
240.10
240.10
287.62
287.62
315.32
315.32
310.57
310.57
423.26
423.26
265.52
265.52
443.92
443.92
228.08
228.08
519.92
519.92
327.49
327.49
282.31
282.31
300.95
300.95
208.92
208.92
283.53
283.53
283.53
283.53
187.96
185.47
185.47
185.47
200.53
212.15
202.83
202.83
212.10
212.10
15.89
15.89
15.89
257.68
232.07
232.07
233.21
233.21
217.35
217.35
10.00
10.00
190.63
190.63
119.84
119.84
226.95
226.95
240.78
240.78
207.45
207.45
273.30
273.30
364.44
364.44
446.31
446.31
232.17
232.17
215.35
215.35
259.26
259.26
259.26
17.68
17.68
244.84
271.45
271.45
30.84
30.84
261.09
261.09
286.47
286.47
180.23
180.23
180.23
289.40
269.71
269.71
243.21
243.21
399.03
399.03
362.95
362.95
510.99
510.99
524.85
524.85
473.13
473.13
10.00
10.00
21.10
21.10
194.09
194.09
372.74
372.74
10.00
10.00
10.00
10.00
10.00
465.30
687.56
687.56
666.78
666.78
943.82
943.82
943.82
182.34
182.34
27.81
27.81
27.81
338.97
338.97
283.84
637.90
425.44
425.44
578.63
578.63
27.42
27.42
22.54
22.54
89.92
89.92
419.94
419.94
482.09
482.09
660.46
660.46
223.79
223.79
45.92
45.92
1130.96
1130.96
568.29
568.29
1292.10
1292.10
19.55
19.55
631.75
631.75
347.15
347.15
415.10
415.10
135.52
135.52
774.14
774.14
20.82
20.82
62.39
62.39
62.39
81.82
81.82
311.43
313.42
313.42
376.64
376.64
577.47
577.47
570.00
