# 1Hz Kbps trace generated by import_real_world_traces.py
554.66
364.31
4255.02
4153.36
4433.84
4553.28
4553.28
1883.69
1883.69
976.28
976.28
4461.88
4461.88
347.38
347.38
438.86
438.86
3654.04
3654.04
86.98
86.98
1748.44
1748.44
927.35
927.35
15.01
15.01
5728.77
5728.77
58.00
58.00
145.09
145.09
26.63
26.63
487.11
487.11
700.88
700.88
10.00
10.00
1018.94
1018.94
53.68
53.68
5231.24
5231.24
4743.54
4743.54
4743.54
4743.54
827.52
827.52
1831.45
1831.45
17.86
17.86
842.50
842.50
29.82
29.82
227.72
227.72
490.72
490.72
52.75
52.75
52.75
212.68
212.68
10.00
10.00
237.46
27.12
27.12
792.97
792.97
90.14
90.14
328.06
328.06
1048.76
1048.76
5023.49
5023.49
111.20
111.20
265.05
265.05
211.10
211.10
211.10
171.53
171.53
22.66
22.66
22.66
10.00
10.00
57.92
57.92
111.69
48.29
48.29
27.47
27.47
54.80
54.80
2577.67
2577.67
791.23
791.23
2102.70
2102.70
95.15
95.15
205.05
205.05
57.40
57.40
72.21
72.21
56.19
56.19
858.74
858.74
72.14
72.14
2112.30
2112.30
5035.19
5035.19
54.49
54.49
5454.32
5454.32
4195.42
4195.42
4303.00
4303.00
102.03
102.03
10.88
10.88
4783.59
4783.59
35.11
35.11
17.41
17.41
118.01
118.01
10.00
10.00
53.67
53.67
39.38
39.38
13.69
13.69
21.54
21.54
42.79
42.79
92.17
92.17
29.42
29.42
16.65
16.65
72.50
72.50
54.36
54.36
56.64
56.64
56.14
56.14
3005.25
3005.25
46.33
46.33
414.40
414.40
245.75
245.75
22.43
22.43
1953.12
1953.12
2446.04
2446.04
13.69
13.69
163.09
163.09
163.09
269.36
12.76
12.76
1229.51
1229.51
53.54
53.54
204.47
204.47
18.82
18.82
243.24
243.24
24.12
24.12
116.13
116.13
41.34
41.34
19.21
19.21
101.98
101.98
12.27
12.27
100.20
100.20
70.26
70.26
22.45
22.45
75.83
75.83
2374.58
2374.58
49.55
49.55
83.16
83.16
37.97
37.97
61.25
61.25
1857.40
1857.40
540.70
540.70
44.41
44.41
183.54
183.54
167.32
167.32
1010.49
1010.49
23.46
23.46
884.39
884.39
98.39
98.39
3055.53
3055.53
58.68
58.68
5817.15
5817.15
838.88
838.88
3067.83
3067.83
66.85
66.85
14.10
14.10
195.75
195.75
31.12
31.12
11.27
11.27
1628.90
1628.90
1761.26
1761.26
237.54
237.54
1668.74
1668.74
2343.62
2343.62
28.00
28.00
4433.81
4433.81
862.21
862.21
76.05
76.05
4355.67
4355.67
5120.18
5120.18
199.66
199.66
618.31
618.31
1678.78
1678.78
3196.03
3196.03
4028.73
4028.73
3572.86
3572.86
2319.53
2319.53
4607.99
4607.99
4503.79
4503.79
15.51
15.51
44.02
44.02
3194.39
3194.39
85.81
85.81
809.92
809.92
81.94
81.94
2031.98
2031.98
798.94
798.94
339.25
339.25
34.57
34.57
50.08
50.08
10.00
10.00
433.16
433.16
61.16
61.16
1550.27
1550.27
18.26
18.26
1463.60
1463.60
30.27
30.27
756.08
756.08
90.63
90.63
34.42
34.42
24.18
24.18
90.41
90.41
3498.29
3498.29
2990.56
2990.56
115.60
115.60
142.09
142.09
477.14
477.14
4557.77
4557.77
5384.43
5384.43
2606.95
2606.95
4296.15
4296.15
4296.15
4296.15
5675.91
5675.91
63.48
63.48
4762.91
4762.91
10.96
10.96
1985.35
1985.35
477.68
477.68
4665.74
4665.74
4665.74
4665.74
5020.55
5020.55
5200.81
5200.81
5429.40
5429.40
5012.49
5012.49
4815.76
4815.76
4815.76
4815.76
20.19
20.19
2241.92
2241.92
3615.28
3615.28
3923.74
3923.74
3923.74
3923.74
3923.74
3923.74
3923.74
3923.74
4693.68
4693.68
3611.39
3611.39
3611.39
3611.39
3611.39
3611.39
4387.67
4387.67
4387.67
4387.67
4387.67
4387.67
4064.29
4064.29
4064.29
4064.29
3230.72
3230.72
1519.88
1519.88
4193.13
4193.13
2734.38
2734.38
10.00
10.00
2774.40
2774.40
2829.62
2829.62
3116.25
3116.25
2298.20
2298.20
2725.84
2725.84
2553.23
2553.23
282.90
282.90
20.47
20.47
631.88
631.88
1174.50
1174.50
2378.88
2378.88
2378.88
2378.88
1699.15
1699.15
4290.70
4290.70
10.00
10.00
1791.82
1791.82
718.86
718.86
843.13
843.13
1081.88
1081.88
377.19
377.19
859.35
859.35
2738.14
2738.14
4391.56
4391.56
4391.56
4391.56
4031.20
4031.20
4109.83
4109.83
2890.91
2890.91
4559.32
4559.32
125.16
125.16
1512.34
1512.34
1512.34
1512.34
3585.46
3585.46
898.18
898.18
68.57
68.57
1508.14
1508.14
1291.53
1291.53
41.83
41.83
1565.59
1565.59
4857.26
4857.26
4857.26
4857.26
4857.26
4857.26
75.98
75.98
67.18
67.18
89.22
89.22
856.70
856.70
94.54
94.54
575.67
575.67
233.34
233.34
93.77
93.77
265.38
265.38
224.78
224.78
520.87
520.87
28.02
28.02
13.43
13.43
10.00
10.00
14.25
14.25
17.51
17.51
13.63
13.63
921.92
921.92
1242.11
1242.11
400.27
400.27
787.01
787.01
5238.91
5238.91
800.68
800.68
3754.44
3754.44
4686.29
4686.29
25.03
25.03
420.96
420.96
847.41
847.41
1653.73
1653.73
701.19
701.19
13.76
13.76
1792.22
1792.22
18.65
18.65
10.42
10.42
2553.20
2553.20
2010.12
2010.12
804.86
804.86
14.00
14.00
46.13
46.13
829.28
829.28
176.54
176.54
795.49
795.49
23.04
23.04
28.88
28.88
382.30
382.30
4313.87
4313.87
4108.40
4108.40
12.36
12.36
456.26
456.26
1202.72
1202.72
3583.75
3583.75
854.38
854.38
10.00
10.00
871.98
871.98
104.55
104.55
106.12
106.12
10.00
10.00
154.82
154.82
993.14
993.14
59.72
59.72
890.75
890.75
795.63
795.63
3509.76
3509.76
872.19
872.19
757.59
757.59
388.24
388.24
269.31
269.31
10.00
10.00
184.35
184.35
453.55
453.55
310.38
310.38
77.83
77.83
792.15
792.15
13.77
13.77
27.71
27.71
18.37
18.37
14.85
14.85
2824.31
2824.31
2704.24
2704.24
152.24
152.24
4966.18
4966.18
23.71
23.71
4512.54
4512.54
4267.28
4267.28
4319.98
4319.98
4713.03
4713.03
57.48
57.48
18.62
18.62
23.56
23.56
197.92
197.92
56.89
56.89
189.99
189.99
17.96
17.96
54.23
54.23
18.59
18.59
12.80
12.80
716.30
716.30
716.30
65.59
65.59
65.59
65.59
65.59
218.50
218.50
218.50
913.19
913.19
558.59
3136.32
2476.62
53.47
53.47
218.18
218.18
12.49
12.49
11.51
11.51
491.70
491.70
87.92
87.92
973.09
973.09
135.21
135.21
242.13
242.13
618.00
618.00
1071.27
1071.27
126.60
126.60
344.19
344.19
22.46
22.46
74.84
74.84
821.03
821.03
682.96
682.96
10.00
10.00
33.49
33.49
25.54
25.54
10.00
10.00
863.15
863.15
13.53
13.53
147.74
147.74
891.94
891.94
40.96
40.96
788.92
788.92
3216.05
3216.05
3216.05
3216.05
4331.66
4331.66
4331.66
4331.66
10.00
10.00
483.17
483.17
910.40
910.40
4428.10
4428.10
38.48
38.48
545.70
545.70
19.51
19.51
24.50
24.50
38.05
38.05
3791.10
3791.10
4187.90
4187.90
4187.90
4187.90
3961.44
3961.44
5003.52
5003.52
5003.52
5003.52
2938.45
2938.45
2996.22
2996.22
590.48
590.48
10.00
10.00
1664.17
1664.17
1521.94
1521.94
2639.19
2639.19
3142.66
3142.66
5050.11
5050.11
5050.11
5050.11
5050.11
5050.11
5050.11
5050.11
5050.11
5050.11
5176.13
5176.13
5426.60
5426.60
27.77
27.77
4038.95
4038.95
4038.95
4038.95
4038.95
4038.95
4038.95
4038.95
3363.40
3363.40
2958.19
2958.19
2236.91
2236.91
3825.74
3825.74
3592.38
