# 1Hz Kbps trace generated by import_real_world_traces.py
741.60
1134.23
1625.06
1625.06
1625.06
915.30
915.30
915.30
915.30
915.30
915.30
915.30
915.30
915.30
915.30
1651.26
1651.26
1501.48
1501.48
1544.93
1544.93
1544.93
1544.93
1544.93
1544.93
1544.93
1544.93
1544.93
1544.93
1544.93
1544.93
1544.93
1544.93
1544.93
1544.93
1544.93
1544.93
1544.93
1544.93
1544.93
1544.93
1544.93
1544.93
1544.93
1544.93
17.09
17.09
145.34
145.34
202.48
202.48
259.34
259.34
238.42
238.42
311.70
311.70
353.52
353.52
425.85
425.85
523.85
523.85
596.32
596.32
728.99
728.99
822.67
822.67
822.67
822.67
886.25
886.25
886.25
886.25
886.25
886.25
886.25
886.25
886.25
886.25
813.94
813.94
852.80
852.80
852.80
852.80
852.80
852.80
852.80
852.80
931.31
931.31
931.31
931.31
1069.23
1069.23
1069.23
1069.23
1069.23
1069.23
1069.23
1069.23
1069.23
1069.23
1008.25
1008.25
1008.25
1008.25
1044.75
1044.75
1029.61
1029.61
1012.09
1012.09
1093.26
1093.26
1093.26
1093.26
1086.34
1086.34
1086.34
1086.34
1086.34
1086.34
1276.22
1276.22
1459.61
1459.61
1767.93
1767.93
1767.93
1767.93
1767.93
1767.93
1767.93
1767.93
1767.93
1767.93
1650.22
1650.22
1650.22
1650.22
1650.22
1650.22
1650.22
1650.22
1650.22
1650.22
1650.22
1650.22
1650.22
1650.22
1650.22
1650.22
1650.22
1650.22
1650.22
1650.22
1650.22
1650.22
1650.22
1650.22
1650.22
1650.22
1650.22
1650.22
1650.22
1650.22
1650.22
1650.22
1650.22
1650.22
1650.22
1650.22
66.66
66.66
247.02
247.02
315.30
315.30
399.77
399.77
422.72
422.72
579.72
579.72
485.01
485.01
551.08
551.08
804.91
804.91
837.32
837.32
704.91
704.91
704.91
704.91
704.91
704.91
884.57
884.57
812.15
812.15
207.56
207.56
416.49
416.49
451.61
451.61
851.98
851.98
851.98
851.98
851.98
851.98
851.98
851.98
871.64
871.64
871.64
871.64
871.64
871.64
854.64
854.64
763.04
763.04
964.28
964.28
964.28
964.28
951.44
951.44
951.44
951.44
951.44
951.44
951.44
951.44
915.22
915.22
942.15
942.15
949.03
949.03
949.03
949.03
770.07
770.07
770.07
770.07
1059.70
1059.70
1059.70
1059.70
963.41
963.41
963.41
963.41
963.41
963.41
14.36
14.36
775.41
775.41
756.62
756.62
685.17
685.17
2207.28
2207.28
2207.28
2207.28
2207.28
2207.28
2207.28
2207.28
2207.28
2207.28
2207.28
2207.28
2207.28
2207.28
2207.28
2207.28
2207.28
2207.28
2207.28
2207.28
2207.28
2207.28
2207.28
2207.28
2207.28
2207.28
2207.28
2207.28
2207.28
2207.28
138.92
138.92
152.47
