# 1Hz Kbps trace generated by import_real_world_traces.py
4645.68
1687.76
4278.30
1473.12
885.16
505.35
505.35
2482.37
2482.37
641.37
641.37
5597.05
5597.05
473.12
473.12
19.85
19.85
485.70
485.70
707.43
707.43
1861.19
1861.19
615.51
615.51
3239.92
3239.92
210.74
210.74
64.20
64.20
42.92
42.92
640.19
640.19
12.71
12.71
189.77
189.77
25.73
25.73
1970.79
1970.79
2866.22
2866.22
16.43
16.43
716.40
716.40
1081.93
1081.93
225.60
225.60
33.44
33.44
233.52
233.52
600.87
600.87
10.00
10.00
92.26
92.26
10.00
10.00
57.79
57.79
714.03
714.03
97.14
97.14
711.03
711.03
318.95
318.95
83.95
83.95
29.20
29.20
13.92
13.92
641.73
641.73
3084.12
3084.12
3084.12
