# 1Hz Kbps trace generated by import_real_world_traces.py
431.63
353.74
713.93
525.10
10.00
10.00
686.86
645.42
571.26
571.26
571.26
17.91
17.91
17.91
106.69
539.23
539.23
706.26
706.26
706.26
117.44
117.44
278.99
278.99
278.99
349.07
349.07
349.07
349.07
349.07
349.07
349.07
523.04
523.04
523.04
74.87
190.79
190.79
190.79
21.66
806.31
824.81
824.81
362.79
706.31
39.88
847.93
847.93
847.93
847.93
239.62
239.62
239.62
863.59
863.59
864.94
864.94
775.56
775.56
46.32
46.32
904.25
904.25
904.25
904.25
473.00
473.00
473.00
473.00
546.60
546.60
1093.22
1050.11
1050.11
365.64
365.64
340.86
340.86
371.62
371.62
1034.82
1574.29
361.99
1104.81
347.68
347.68
296.08
296.08
31.61
31.61
575.32
575.32
1144.23
1144.23
1066.55
1066.55
1072.48
1072.48
1099.84
1099.84
686.52
686.52
1156.31
1156.31
828.33
828.33
1267.34
1267.34
885.70
885.70
1292.25
1292.25
1109.64
1109.64
875.84
875.84
1030.00
1030.00
1520.62
1520.62
1249.28
1249.28
862.13
862.13
1228.71
1228.71
1228.71
311.80
311.80
311.80
479.90
479.90
260.08
260.08
1236.53
1236.53
998.97
998.97
964.08
964.08
964.08
964.08
800.99
800.99
861.63
861.63
861.63
798.80
798.80
594.64
594.64
594.64
594.64
10.00
10.00
10.00
10.00
10.00
10.00
10.00
358.60
358.60
264.93
264.93
364.60
391.73
429.81
429.81
114.31
508.17
801.32
933.57
863.99
863.99
979.35
979.35
979.35
117.36
117.36
117.36
465.42
465.42
532.28
528.92
528.92
557.46
394.71
625.17
625.17
527.30
527.30
659.66
659.66
677.05
557.89
557.89
557.89
547.12
547.12
421.19
421.19
421.19
644.56
968.15
968.15
231.49
231.49
406.28
406.28
174.50
174.50
174.50
174.50
23.63
23.63
23.63
23.63
144.02
144.02
382.44
382.44
21.82
21.82
376.02
376.02
1039.62
1044.06
1044.06
125.91
125.91
242.94
910.77
910.77
534.04
534.04
1067.61
1067.61
1067.61
1060.30
791.19
711.75
711.75
1747.38
1747.38
1747.38
472.87
472.87
778.17
778.17
778.17
710.07
710.07
710.07
512.04
928.66
928.66
248.99
248.99
248.99
248.99
1064.02
1064.02
246.36
1192.20
735.22
679.37
679.37
1121.70
852.59
680.91
680.91
749.87
749.87
749.87
272.00
272.00
105.02
105.02
456.99
456.99
456.99
240.08
240.08
213.43
599.89
599.89
599.89
587.45
587.45
528.59
528.59
753.26
753.26
753.26
886.68
886.68
982.77
982.77
913.84
1361.42
1361.42
49.65
857.78
857.78
857.78
857.78
857.78
159.15
159.15
159.15
168.73
656.05
656.05
327.87
327.87
327.87
327.87
327.87
327.87
120.67
128.48
251.03
251.03
251.03
708.89
708.89
708.89
89.62
89.62
240.51
150.37
150.37
132.85
132.85
109.05
46.96
46.96
133.20
138.64
138.64
149.50
21.35
221.16
221.16
509.87
13.17
13.17
52.27
52.27
52.27
52.27
65.95
65.95
65.95
274.19
274.19
104.11
255.50
255.50
646.30
646.30
923.10
1097.63
1097.63
1246.08
1550.74
1550.74
1550.74
10.00
146.06
146.06
161.47
161.47
374.60
374.60
157.53
157.53
157.53
1056.02
1056.02
542.96
542.96
542.96
542.96
542.96
38.33
38.33
38.33
500.83
500.83
446.97
599.97
599.97
599.97
188.69
188.69
277.30
277.30
277.30
103.80
31.85
31.85
31.85
169.98
449.09
449.09
18.48
18.48
18.48
18.48
94.58
1045.04
715.99
715.99
414.01
414.01
50.29
50.29
592.65
592.65
435.58
435.58
225.86
225.86
225.86
10.00
10.00
52.24
52.24
1327.46
1819.84
1819.84
800.48
800.48
147.34
147.34
684.38
684.38
741.96
741.96
947.32
947.32
947.32
558.50
546.75
546.75
354.78
354.78
354.78
195.09
914.84
914.84
531.06
531.06
476.37
476.37
476.37
372.56
372.56
372.56
611.33
611.33
611.33
933.79
1120.93
1047.47
1047.47
1472.01
41.45
41.45
216.37
216.37
391.60
391.60
391.60
805.20
805.20
805.20
685.35
685.35
968.23
1534.23
1534.23
429.85
429.85
680.00
680.00
680.00
757.12
757.12
691.63
691.63
853.20
853.20
723.37
723.37
918.57
918.57
167.67
167.67
263.12
263.12
203.23
203.23
688.60
688.60
688.60
981.31
981.31
728.16
1284.77
1284.77
800.45
800.45
652.04
652.04
957.06
957.06
957.06
957.06
900.33
1229.19
1187.14
1457.89
761.42
761.42
403.33
403.33
1412.21
1412.21
1396.86
1396.86
16.03
16.03
847.33
847.33
11.02
11.02
1262.73
1262.73
246.91
246.91
272.26
272.26
231.90
231.90
231.90
177.21
177.21
177.21
10.70
504.23
681.68
681.68
33.45
33.45
963.56
963.56
1234.68
1234.68
10.00
10.00
366.77
366.77
912.37
912.37
979.97
979.97
1744.14
1744.14
135.50
135.50
595.96
595.96
595.96
595.96
898.36
898.36
898.36
62.41
62.41
1368.48
1368.48
887.05
1626.52
1626.52
1626.52
711.55
711.55
624.33
723.48
723.48
391.54
391.54
1548.75
1548.75
1470.92
1470.92
1450.38
1450.38
2111.32
2111.32
2111.32
1507.88
1507.88
2291.60
2291.60
660.80
660.80
1153.39
1153.39
1249.58
116.67
116.67
116.67
1054.42
1054.42
1054.42
1054.42
2640.89
2640.89
2640.89
78.50
78.50
78.50
78.50
78.50
994.95
994.95
994.95
252.16
252.16
252.16
830.08
830.08
830.08
857.01
857.33
938.12
927.42
1001.31
1001.31
1001.31
883.12
883.12
874.76
874.76
1143.35
1143.35
1143.35
533.82
533.82
128.12
128.12
1257.32
1257.32
997.39
997.39
1358.49
1358.49
1358.49
1358.49
711.97
711.97
460.95
460.95
460.95
460.95
226.26
226.26
226.26
765.06
765.06
765.06
765.06
765.06
2389.22
2389.22
2389.22
184.64
184.64
184.64
734.69
734.69
935.52
935.52
531.04
531.04
166.45
166.45
1543.40
1543.40
291.06
291.06
291.06
958.15
958.15
142.46
142.46
158.06
158.06
893.76
915.35
915.35
1259.28
1387.09
1387.09
956.17
956.17
956.17
956.17
783.19
783.19
737.53
737.53
915.61
915.61
1111.16
802.11
802.11
802.11
883.89
883.89
883.89
717.46
717.46
939.69
939.69
763.53
763.53
1409.08
910.39
910.39
800.69
800.69
800.69
800.69
254.73
254.73
1109.31
1682.94
1682.94
255.33
255.33
720.22
720.22
961.76
961.76
969.01
969.01
846.69
846.69
325.78
325.78
297.08
297.08
1380.59
1380.59
421.71
421.71
535.17
436.87
436.87
228.63
228.63
63.31
63.31
63.31
40.80
40.80
38.13
1739.51
1739.51
1188.05
688.31
688.31
50.27
50.27
50.27
972.08
792.68
792.68
792.68
722.93
722.93
722.93
722.93
102.54
102.54
200.48
200.48
10.00
10.00
329.28
35.46
35.46
70.92
70.92
665.62
665.62
665.62
64.62
163.92
163.92
163.92
163.92
163.92
163.92
163.92
163.92
163.92
163.92
10.00
10.00
10.00
10.00
46.87
129.26
129.26
23.80
429.99
484.47
528.65
347.98
519.34
545.82
684.42
684.42
470.14
540.38
540.38
540.38
711.08
711.08
711.08
712.64
712.64
83.58
544.28
544.28
544.28
936.20
932.43
46.38
46.38
46.38
590.38
590.38
1595.41
1810.31
1810.31
164.09
164.09
1069.11
1069.10
1069.10
827.39
827.39
1062.10
1062.10
584.40
584.40
584.40
584.40
94.65
94.65
1017.10
1017.10
152.96
152.96
1314.19
1314.19
906.75
906.75
906.75
953.46
953.46
953.46
943.17
943.17
1143.53
1143.53
950.39
740.00
740.00
919.73
919.73
919.73
925.69
941.21
941.21
945.73
945.73
1617.53
1617.53
1617.53
916.08
916.08
581.12
581.12
520.20
520.20
520.20
1096.44
1096.44
1450.77
1450.77
227.72
227.72
227.72
763.67
763.67
950.56
950.56
950.56
950.56
950.56
950.56
950.56
950.56
133.20
41.54
790.61
790.61
100.67
76.13
76.13
818.16
867.14
867.14
684.84
684.84
901.87
901.87
419.46
915.38
915.38
915.38
915.38
338.27
338.27
616.31
616.31
903.60
1192.50
1192.50
871.57
991.82
991.82
1757.99
1757.99
1757.99
678.31
678.31
902.58
902.58
902.58
902.58
947.96
947.96
947.96
895.41
416.98
416.98
575.33
575.33
1185.82
240.46
240.46
240.46
563.90
563.90
567.62
567.62
615.77
615.77
700.52
700.52
700.52
705.46
705.46
298.32
298.32
521.71
958.38
958.38
958.38
1309.46
1309.46
173.90
173.90
1402.79
1402.79
677.58
677.58
644.34
644.34
710.45
710.45
910.42
910.42
797.37
797.37
1205.76
1205.76
1205.76
1205.76
55.36
55.36
55.36
55.36
10.00
506.77
506.77
200.97
448.30
761.40
761.40
761.40
761.40
761.40
316.86
316.86
316.86
316.86
316.86
316.86
316.86
316.86
316.86
316.86
369.37
663.19
710.34
926.60
573.83
573.83
573.83
145.49
