# 1Hz Kbps trace generated by import_real_world_traces.py
500.62
410.25
101.30
1333.06
1323.69
642.42
642.42
335.86
335.86
340.75
340.75
375.10
375.10
41.20
41.20
2148.60
2148.60
1569.97
1569.97
123.20
123.20
77.62
77.62
249.51
249.51
153.84
153.84
153.84
221.20
727.12
727.12
505.95
505.95
121.62
121.62
1491.14
1491.14
223.77
223.77
1381.97
1381.97
241.25
241.25
6173.01
6173.01
103.84
103.84
488.31
488.31
3069.00
3069.00
221.87
221.87
577.03
577.03
124.04
124.04
1023.88
1023.88
1061.48
1061.48
114.06
114.06
913.68
913.68
267.64
267.64
4318.64
4318.64
1071.22
1071.22
857.06
857.06
657.81
657.81
472.35
472.35
486.25
486.25
2536.73
2536.73
2536.73
4928.83
4825.47
4825.47
1839.46
1839.46
136.11
136.11
5223.44
5223.44
182.68
182.68
7231.62
7231.62
8508.23
8508.23
8144.42
8144.42
2902.36
2902.36
1015.13
1015.13
4183.50
4183.50
349.77
349.77
164.96
164.96
3496.79
3496.79
196.15
196.15
990.09
990.09
325.06
325.06
350.21
350.21
673.44
673.44
142.04
142.04
363.99
363.99
321.41
321.41
4268.53
4268.53
4268.53
4268.53
4268.53
4268.53
180.50
180.50
1379.94
1379.94
241.26
241.26
83.14
83.14
83.14
896.80
1465.77
1465.77
4044.90
4044.90
763.62
763.62
197.92
197.92
1724.72
1724.72
466.17
466.17
3698.79
3698.79
826.29
826.29
929.62
929.62
929.62
1910.00
213.44
213.44
213.44
488.63
2602.47
2602.47
262.95
262.95
262.95
590.40
590.40
79.18
78.91
78.91
785.09
785.09
58.61
58.61
78.08
78.08
486.71
486.71
486.71
1290.05
809.68
809.68
380.38
380.38
554.09
554.09
554.09
277.23
277.23
2445.60
2445.60
60.23
60.23
20.69
20.69
12.51
12.51
2900.15
2900.15
339.42
339.42
138.82
138.82
3320.05
3320.05
276.78
276.78
4401.03
4401.03
181.13
181.13
19.91
19.91
3048.83
3048.83
2844.84
2844.84
101.44
101.44
947.98
947.98
390.60
390.60
182.74
182.74
19.74
19.74
1458.13
1458.13
900.99
900.99
2522.12
2522.12
907.92
907.92
41.02
41.02
322.49
322.49
118.43
118.43
568.65
568.65
516.74
516.74
4408.85
4408.85
20.63
20.63
4319.74
4319.74
93.26
93.26
3445.87
3445.87
2971.81
2971.81
3245.30
3245.30
41.09
41.09
144.30
144.30
100.25
100.25
613.59
613.59
935.18
935.18
160.00
160.00
19.73
19.73
25.95
25.95
611.93
611.93
10.00
10.00
724.84
724.84
876.58
876.58
370.80
370.80
1956.28
1956.28
4051.83
4051.83
158.66
158.66
20.33
20.33
1760.87
1760.87
2526.05
2526.05
3927.20
3927.20
4409.77
4409.77
95.05
95.05
2260.86
2260.86
202.51
202.51
558.89
558.89
759.07
759.07
956.26
956.26
271.22
271.22
2782.55
2782.55
3936.05
3936.05
6835.96
6835.96
242.83
242.83
5321.72
5321.72
161.78
161.78
2919.72
2919.72
989.78
989.78
6050.39
6050.39
6258.08
6258.08
976.58
976.58
431.09
431.09
114.25
114.25
581.52
