# 1Hz Kbps trace generated by import_real_world_traces.py
3834.52
4778.73
4778.73
6417.33
6417.33
5706.22
5706.22
2127.14
2127.14
449.96
449.96
89.01
89.01
289.38
289.38
287.62
287.62
133.35
133.35
10.00
10.00
5088.12
5088.12
1467.71
1467.71
1561.23
1561.23
3810.66
3810.66
3810.66
3810.66
1886.44
1886.44
120.97
120.97
2936.89
2936.89
6610.80
6610.80
157.91
157.91
50.53
50.53
3958.45
3958.45
2833.26
2833.26
2651.76
2651.76
426.62
426.62
1249.52
1249.52
6279.98
6279.98
6279.98
6279.98
1499.29
1499.29
2247.68
2247.68
4563.22
4563.22
6183.63
6183.63
4711.45
4711.45
1267.46
1267.46
2178.95
2178.95
2178.95
2178.95
68.20
68.20
460.56
460.56
90.57
90.57
90.57
90.57
90.57
90.57
90.57
90.57
90.57
90.57
90.57
116.20
116.20
10.00
83.24
83.24
26.73
21.04
21.04
39.30
76.61
25.13
330.81
330.81
1444.07
1444.07
827.77
827.77
32.40
32.40
3347.41
3347.41
26.08
26.08
3799.21
3799.21
2511.18
2511.18
3816.87
3816.87
1027.28
1027.28
209.47
209.47
2178.68
2178.68
2178.68
2178.68
2733.52
2733.52
1902.94
1902.94
3228.98
3228.98
3379.00
3379.00
3345.18
3345.18
2425.77
2425.77
843.33
843.33
273.09
273.09
1811.15
1811.15
114.29
114.29
2690.04
2690.04
42.49
42.49
95.33
95.33
660.40
660.40
495.28
495.28
1639.11
1639.11
908.00
908.00
2196.11
2196.11
819.13
819.13
33.43
33.43
1581.23
1581.23
64.06
64.06
832.06
832.06
169.17
169.17
2060.73
2060.73
99.62
99.62
329.64
329.64
329.64
329.64
329.64
329.64
329.64
329.64
16.60
20.28
20.28
92.90
189.75
189.75
189.75
10.00
442.29
611.86
852.72
852.72
1450.76
1450.76
1610.34
1610.34
1671.86
1671.86
1137.87
1137.87
2017.73
2017.73
3788.34
3788.34
501.64
501.64
2659.23
2659.23
4343.36
4343.36
78.19
78.19
4542.54
4542.54
3191.68
3191.68
5889.55
5889.55
5929.69
5929.69
3837.82
3837.82
6249.69
6249.69
4470.91
4470.91
5841.94
5841.94
540.88
540.88
7593.53
7593.53
4188.30
4188.30
6394.69
6394.69
4182.09
4182.09
3690.51
3690.51
378.97
378.97
3726.51
3726.51
5938.67
5938.67
6283.94
6283.94
6565.79
6565.79
6115.76
6115.76
6115.76
323.43
71.75
71.75
494.39
494.39
230.11
230.11
230.11
126.94
126.94
126.94
126.94
126.94
465.53
274.60
1704.00
1704.00
1572.46
1572.46
768.90
768.90
1577.63
1577.63
1567.45
1567.45
736.62
736.62
447.83
447.83
1186.73
1186.73
32.58
32.58
10.00
10.00
217.12
217.12
259.92
259.92
398.58
398.58
102.47
102.47
407.79
407.79
651.85
651.85
253.85
253.85
1553.43
1553.43
343.28
343.28
2526.77
2526.77
2969.95
2969.95
734.12
734.12
903.46
903.46
1085.88
1085.88
680.80
680.80
2261.73
2261.73
2477.07
2477.07
5045.09
5045.09
2889.91
2889.91
2994.88
2994.88
663.26
663.26
222.03
222.03
222.03
222.03
222.01
222.01
222.01
22.91
22.91
22.91
22.91
22.91
565.26
709.75
328.45
450.93
123.96
475.04
475.04
732.71
1462.47
1462.47
139.10
139.10
52.47
52.47
856.06
856.06
856.06
856.06
163.60
163.60
1318.44
1318.44
262.66
262.66
216.06
216.06
1498.53
1498.53
50.51
50.51
1605.80
1605.80
145.60
145.60
18.97
18.97
240.50
240.50
109.05
109.05
3341.96
3341.96
332.94
332.94
67.18
67.18
3207.49
3207.49
109.87
109.87
193.05
193.05
1574.97
1574.97
58.39
58.39
2678.24
2678.24
1865.11
1865.11
1770.57
1770.57
1758.26
1758.26
2386.81
2386.81
2962.28
2962.28
2850.86
2850.86
1835.39
1835.39
48.06
48.06
1086.61
1086.61
2929.48
2929.48
1009.81
1009.81
1479.45
1479.45
1790.25
1790.25
2662.76
2662.76
1280.49
1280.49
177.77
177.77
2767.02
2767.02
10.00
10.00
647.49
647.49
182.30
182.30
606.11
606.11
1791.22
1791.22
1136.22
1136.22
3223.71
3223.71
3655.67
3655.67
3847.15
3847.15
433.25
433.25
433.25
42.25
42.25
42.25
48.42
48.42
48.42
48.42
283.68
1930.25
3040.80
3040.80
3216.79
3216.79
2710.32
2710.32
4306.36
4306.36
93.32
93.32
415.08
415.08
24.19
24.19
85.14
85.14
77.39
77.39
1257.92
1257.92
4749.28
4749.28
1911.57
1911.57
6195.54
6195.54
2910.01
2910.01
6290.02
6290.02
6290.02
287.33
149.96
149.96
212.41
212.41
212.41
247.15
247.15
40.44
40.44
40.44
440.45
440.45
440.45
270.24
177.30
128.23
128.23
128.23
260.21
260.21
154.59
154.59
154.59
235.02
348.94
348.94
348.94
348.05
517.05
297.37
297.37
109.59
866.58
866.58
65.97
65.97
81.48
81.48
382.09
382.09
545.29
545.29
974.54
974.54
137.71
137.71
274.26
274.26
120.55
120.55
126.34
126.34
227.43
227.43
271.95
271.95
271.95
271.95
271.95
271.95
184.02
184.02
150.15
150.15
323.24
323.24
55.49
200.19
200.19
415.49
415.49
28.93
28.93
28.93
342.69
342.69
86.71
86.71
86.71
237.64
237.64
237.64
453.03
425.25
338.93
444.06
444.06
479.38
479.38
48.78
48.78
48.78
48.78
550.56
550.56
550.56
1228.72
1228.72
1228.72
1228.72
206.00
206.00
206.00
206.00
699.83
524.98
339.34
339.34
133.36
133.36
133.36
180.79
94.85
174.72
682.94
682.94
682.94
237.92
237.92
487.66
598.08
723.67
723.67
723.67
723.67
723.67
19.27
19.27
19.27
19.27
81.39
81.39
164.64
164.64
192.66
121.57
121.57
231.25
231.25
525.08
525.08
1471.84
1471.84
122.88
122.88
276.85
276.85
218.01
218.01
555.02
555.02
144.93
144.93
592.77
592.77
1367.82
1367.82
1367.82
1367.82
108.74
65.69
621.54
621.54
445.68
445.68
164.19
164.19
171.53
171.53
976.70
976.70
269.24
269.24
1000.28
1000.28
2114.32
2114.32
2287.86
2287.86
139.00
139.00
1824.96
1824.96
885.77
885.77
2703.55
2703.55
2921.24
2921.24
2938.51
2938.51
1071.08
1071.08
2388.24
2388.24
1987.24
1987.24
375.77
375.77
10.00
10.00
51.56
51.56
311.78
311.78
1196.41
1196.41
129.85
129.85
348.78
348.78
646.11
646.11
17.14
17.14
226.26
226.26
159.41
159.41
230.42
230.42
230.42
358.59
358.59
673.77
679.18
679.18
275.77
275.77
275.77
10.00
10.00
10.00
10.00
10.00
10.00
10.00
10.00
124.02
124.02
130.02
211.90
211.90
283.80
283.86
283.86
168.62
33.53
33.53
33.53
33.53
102.04
183.54
183.54
183.54
37.28
70.63
98.76
98.76
100.89
100.89
163.61
163.61
150.72
150.72
191.86
191.86
188.29
188.29
1277.08
1277.08
966.44
966.44
730.97
730.97
2122.76
2122.76
381.49
381.49
656.48
656.48
253.69
253.69
1010.67
1010.67
141.50
141.50
586.58
586.58
51.02
51.02
2063.28
2063.28
2075.38
2075.38
2140.19
2140.19
30.02
