# 1Hz Kbps trace generated by import_real_world_traces.py
3167.86
3759.56
3759.56
3180.86
3180.86
1861.79
1861.79
1167.23
1167.23
3357.40
3357.40
203.45
203.45
3558.89
3558.89
2269.46
2269.46
1756.03
1756.03
3635.78
3635.78
3770.61
3770.61
1612.54
1612.54
2137.34
2137.34
1592.72
1592.72
821.31
821.31
2898.94
2898.94
2709.20
2709.20
3174.13
3174.13
421.94
421.94
884.88
884.88
3197.32
3197.32
36.25
36.25
3572.65
3572.65
141.74
141.74
910.06
910.06
3707.97
3707.97
3465.94
3465.94
3189.49
3189.49
3913.45
3913.45
168.54
168.54
3324.87
3324.87
894.57
894.57
2376.37
2376.37
2034.39
2034.39
3279.65
3279.65
621.91
621.91
1507.96
1507.96
3341.04
3341.04
895.79
895.79
3665.76
3665.76
593.33
593.33
2962.80
2962.80
843.02
843.02
1628.33
1628.33
533.78
533.78
3105.77
3105.77
3575.98
3575.98
350.96
350.96
3123.11
3123.11
3675.84
3675.84
3376.24
3376.24
56.78
56.78
3660.79
3660.79
3088.33
3088.33
3230.90
3230.90
3758.80
3758.80
169.18
169.18
619.37
619.37
3521.16
3521.16
3687.67
3687.67
3764.96
3764.96
374.91
374.91
3328.55
3328.55
3683.67
3683.67
3491.02
3491.02
3640.72
3640.72
3683.02
3683.02
2890.42
2890.42
3693.84
3693.84
2766.20
2766.20
416.09
416.09
416.09
746.34
914.42
914.42
3688.52
3688.52
2659.97
2659.97
635.30
635.30
2939.18
2939.18
3655.35
3655.35
3655.35
2564.02
895.01
895.01
3004.01
3004.01
341.73
341.73
1484.68
1484.68
2653.64
2653.64
875.80
875.80
875.80
2262.64
908.29
908.29
331.13
331.13
2292.64
2292.64
3208.62
3208.62
90.33
90.33
2857.44
2857.44
2857.44
490.38
3063.86
3063.86
195.16
195.16
195.16
3226.60
3568.76
3568.76
2721.00
2721.00
2721.00
3208.13
24.45
24.45
475.40
475.40
2575.20
2575.20
822.05
822.05
1566.38
1566.38
2782.43
2782.43
3083.40
3083.40
144.63
144.63
98.99
98.99
98.99
2471.22
3608.21
3608.21
4155.42
4155.42
4155.42
162.19
1953.28
1953.28
3348.62
3348.62
3376.06
3376.06
3376.06
3525.75
237.15
237.15
3333.30
3333.30
3333.30
3735.02
3735.02
3731.32
1138.93
1138.93
1138.93
349.95
349.95
913.66
1793.06
1793.06
3258.30
3258.30
3258.30
3695.69
522.18
522.18
2444.30
2444.30
2444.30
3643.45
904.95
904.95
159.21
159.21
159.21
2083.96
2083.96
383.11
383.11
982.88
851.66
851.66
851.66
1964.49
3178.28
3178.28
3367.30
3367.30
3367.30
12.91
12.91
923.13
923.13
488.89
1270.74
1270.74
1270.74
3435.98
3435.98
2953.91
1832.70
1832.70
1832.70
1905.14
1905.14
3484.02
2639.67
2639.67
2639.67
708.57
708.57
216.76
106.69
106.69
106.69
878.44
878.44
1856.73
886.86
886.86
2054.12
