# 1Hz Kbps trace generated by import_real_world_traces.py
874.80
874.80
120.84
619.80
619.80
619.80
174.67
575.87
575.87
14.27
1244.37
1244.37
880.57
1458.92
335.54
667.48
590.84
2845.72
2845.72
1551.13
1551.13
16.14
16.14
1093.92
1093.92
620.29
620.29
2998.38
2998.38
40.22
40.22
2530.45
2530.45
363.85
363.85
623.25
623.25
623.25
176.03
1784.32
1784.32
58.82
58.82
1255.35
1255.35
627.14
627.14
40.05
40.05
548.99
548.99
2924.16
2924.16
1104.67
1104.67
2990.78
2990.78
112.84
112.84
2708.87
2708.87
143.49
143.49
143.49
1069.74
1069.74
12.81
2169.79
2169.79
2441.90
2441.90
10.00
10.00
776.35
776.35
776.35
1376.93
2728.96
2728.96
2563.32
2563.32
2003.50
2003.50
23.98
23.98
62.23
62.23
723.29
723.29
3059.66
3059.66
85.89
85.89
74.58
74.58
130.96
130.96
1009.47
1009.47
1466.22
1466.22
1496.76
1496.76
17.37
17.37
979.01
979.01
2664.72
2664.72
280.91
280.91
20.38
20.38
16.96
16.96
22.53
22.53
979.72
