# 1Hz Kbps trace generated by import_real_world_traces.py
763.89
1488.41
1488.41
1641.27
2057.67
1747.57
1964.58
2212.10
2364.81
1192.56
1192.56
2526.17
2526.17
1464.94
1464.94
1464.94
1328.54
1328.54
38.61
38.61
38.61
1606.16
1680.57
1680.57
1554.96
1554.96
1006.87
1006.87
644.89
644.89
1301.83
1301.83
1694.71
1694.71
1694.71
1000.88
1837.25
1837.25
1118.98
34.67
34.67
589.54
589.54
142.54
142.54
1028.16
1028.16
265.89
265.89
391.35
391.35
1146.09
1146.09
1715.03
1715.03
76.45
76.45
1611.60
1611.60
1611.60
1611.60
36.70
36.70
758.03
758.03
758.03
32.76
32.76
499.98
499.98
499.98
499.98
213.73
213.73
422.21
422.21
422.21
590.83
590.83
333.40
333.40
1578.74
1578.74
678.00
678.00
1254.51
1254.51
1502.63
1038.59
1421.96
1983.98
1396.09
834.45
10.00
10.00
1805.30
1805.30
757.34
757.34
1074.34
1074.34
1054.91
1054.91
942.39
942.39
550.90
550.90
1828.99
1828.99
1425.08
1425.08
1332.95
1332.95
1157.58
1157.58
1368.86
1368.86
2022.84
2022.84
1075.69
1075.69
2058.85
2058.85
2038.20
2038.20
1374.34
1374.34
470.41
470.41
1545.94
1545.94
200.03
200.03
1691.85
1691.85
1691.85
2023.17
2023.17
477.09
477.09
477.09
1113.32
1113.32
46.73
46.73
1029.49
408.73
408.73
1835.50
1835.50
1882.13
1721.14
1721.14
1721.14
675.81
675.81
675.81
10.56
10.56
10.56
440.01
440.01
603.60
603.60
634.95
333.08
333.08
1110.77
1110.77
1110.77
887.91
887.91
887.91
313.84
313.84
313.84
1426.33
1426.33
1426.33
198.26
1685.85
1685.85
148.27
770.74
770.74
770.74
415.01
1196.19
1196.19
1616.53
1616.53
651.89
651.89
10.00
10.00
906.08
906.08
1677.58
1677.58
2126.41
2126.41
1655.67
1482.59
1482.59
1472.64
1472.64
1130.63
1130.63
1644.59
1644.59
643.29
643.29
1345.72
1345.72
886.54
886.54
35.48
35.48
12.73
12.73
559.37
559.37
1307.93
1307.93
1524.69
1524.69
724.76
724.76
97.34
97.34
97.34
16.86
16.86
16.86
577.76
577.76
577.76
1786.34
1786.34
1786.34
1786.34
502.69
1863.81
1863.81
1863.81
1214.85
1214.85
687.66
687.66
1673.01
337.00
337.00
915.19
220.49
220.49
461.77
461.77
461.77
15.99
15.99
15.99
15.99
938.58
938.58
1711.33
1711.33
1541.90
1541.90
1541.90
927.22
927.22
927.22
1627.19
1627.19
1519.74
1519.74
1343.04
1343.04
1343.04
22.98
22.98
865.90
865.90
865.90
19.25
1693.55
1693.55
752.70
752.70
849.33
849.33
849.33
182.21
182.21
182.21
1003.17
1003.17
1003.17
690.47
747.31
747.31
747.31
1291.73
1291.73
90.45
90.45
159.71
955.84
466.59
466.59
1378.35
1565.04
1128.07
1128.07
1030.39
1030.39
1867.91
1954.45
1123.05
1632.80
1046.25
449.72
1781.01
1781.01
524.32
524.32
1915.00
1915.00
1572.24
1572.24
928.79
928.79
1475.18
1475.18
1375.96
1375.96
878.67
878.67
1936.72
1936.72
27.30
27.30
467.10
467.10
1653.83
1653.83
1406.19
1406.19
1546.54
1546.54
2007.42
2007.42
1688.67
1688.67
1688.67
1688.67
1776.27
1776.27
1776.27
1776.27
1776.27
1776.27
1776.27
1776.27
1776.27
1776.27
1884.25
1884.25
1884.25
1884.25
1194.83
1194.83
1486.23
1486.23
1726.45
1726.45
1830.06
1830.06
1581.08
1581.08
855.97
855.97
1455.07
1455.07
15.50
15.50
1285.08
1285.08
1833.37
1833.37
1733.70
1733.70
1298.88
1298.88
1485.71
1485.71
1101.86
1101.86
2046.02
2046.02
1563.47
1563.47
1764.89
1764.89
1148.96
1148.96
1339.16
1339.16
1645.83
1645.83
1221.12
1221.12
844.60
844.60
1324.34
1324.34
1598.10
1598.10
1042.80
1042.80
1044.80
1044.80
1076.09
1076.09
874.71
874.71
1129.03
1129.03
1301.58
1301.58
872.85
872.85
1139.59
1139.59
899.16
899.16
899.16
1284.86
1284.86
734.03
734.03
734.03
537.69
537.69
455.34
455.34
817.53
817.53
606.01
1486.08
1486.08
512.06
512.06
1123.82
1123.82
1385.47
1385.47
1515.08
1453.08
1453.08
1062.64
1062.64
1411.40
1411.40
1572.79
1572.79
1683.43
1683.43
1715.32
1715.32
989.92
989.92
1051.16
1051.16
1346.62
1346.62
1013.43
1013.43
1062.20
1062.20
1686.92
1686.92
448.63
448.63
1661.76
1661.76
46.30
46.30
2159.55
2159.55
102.34
102.34
321.67
321.67
321.67
1641.61
1641.61
2011.15
2011.15
1094.89
1094.89
1146.98
1146.98
489.35
489.35
1302.02
252.65
252.65
1664.71
1664.71
1844.10
1844.10
676.83
676.83
985.69
985.69
732.65
732.65
732.65
2110.30
2110.30
28.74
28.74
751.93
751.93
1145.84
1145.84
1145.84
15.41
15.41
15.41
1966.77
1966.77
313.59
313.59
313.59
376.22
376.22
1323.42
1323.42
1504.93
1504.93
234.71
234.71
991.43
991.43
889.59
889.59
889.59
889.59
889.59
889.59
1283.22
1283.22
1489.19
1489.19
1163.09
1163.09
1294.32
1294.32
1044.86
1044.86
1320.69
1320.69
1320.69
1320.69
1384.22
1384.22
1422.01
1422.01
1358.82
1358.82
1238.46
1238.46
1400.59
1400.59
806.66
806.66
1234.74
1234.74
1208.20
1208.20
1504.14
1504.14
1079.77
1079.77
1798.02
1798.02
891.34
891.34
194.11
194.11
1127.08
1127.08
1622.02
1622.02
1622.02
1622.02
1591.19
1591.19
1343.98
1343.98
2110.37
2110.37
2142.70
2142.70
1997.25
1997.25
2023.65
2023.65
1341.44
1341.44
1646.60
1646.60
2037.02
2037.02
1682.01
1682.01
1469.07
1469.07
1477.78
1477.78
1477.78
1477.78
1477.78
1477.78
1074.49
1074.49
269.86
269.86
1240.94
1240.94
1239.26
1239.26
1522.02
1522.02
1640.10
1640.10
1058.87
1058.87
785.47
785.47
1633.06
1633.06
694.28
694.28
1644.99
1644.99
1644.99
1644.99
1494.73
1494.73
1371.45
1371.45
1636.41
1636.41
1636.41
1636.41
137.88
137.88
552.26
552.26
1919.58
1919.58
2219.94
2219.94
292.59
292.59
1902.84
1902.84
2230.46
2230.46
1969.81
1969.81
385.56
385.56
1857.12
1857.12
11.83
11.83
42.19
42.19
1603.98
1603.98
1226.81
1226.81
1445.46
1445.46
1479.21
1479.21
1479.21
1479.21
1479.21
1184.46
1184.46
614.38
614.38
1047.76
1475.69
1370.61
1592.40
1592.40
1350.83
1350.83
1297.96
1297.96
275.86
275.86
1035.41
1035.41
1035.41
803.56
803.56
288.73
1176.76
1176.76
612.90
612.90
404.92
404.92
404.92
1612.61
1612.61
1612.61
167.47
167.47
167.47
167.47
275.27
10.00
10.00
961.93
961.93
10.00
10.00
10.00
10.00
121.29
121.29
121.29
646.49
646.49
646.49
646.49
444.77
444.77
649.29
649.29
631.06
631.06
130.61
130.61
130.61
10.00
407.83
407.83
299.83
299.83
648.19
648.19
501.39
501.39
120.61
120.61
120.61
461.69
461.69
421.10
548.70
548.70
812.68
812.68
154.51
154.51
154.51
415.25
415.25
55.26
55.26
55.26
559.98
394.82
618.31
618.31
648.99
648.99
450.56
450.56
405.51
405.51
620.36
620.36
48.94
642.38
389.85
389.85
428.14
428.14
209.25
209.25
286.25
286.25
286.25
286.25
286.25
229.47
10.00
10.00
356.18
1089.77
1289.05
323.37
323.37
1529.46
757.75
1070.30
1070.30
421.61
421.61
421.61
1618.65
1618.65
10.00
10.00
10.00
1287.15
1287.15
1287.15
1595.57
1595.57
857.88
857.88
18.33
18.33
375.89
375.89
375.89
326.27
326.27
326.27
47.47
1068.70
1068.70
1290.89
1290.89
1290.89
737.21
737.21
17.46
11.58
166.45
166.45
166.45
190.47
190.47
1629.01
1629.01
1629.01
97.46
97.46
143.68
143.68
143.68
1086.00
1086.00
1086.00
1069.77
94.04
94.04
54.46
409.85
409.85
25.99
25.99
22.26
22.26
22.26
796.81
796.81
796.81
501.65
501.65
128.13
128.13
282.77
779.66
175.62
175.62
175.62
261.07
141.45
141.45
141.45
159.19
159.19
157.37
157.37
666.44
666.44
832.72
832.72
312.00
312.00
1408.00
1113.41
1113.41
1475.10
1346.50
1346.50
1141.00
1141.00
808.61
1637.43
1289.69
1289.69
1433.70
1616.35
1616.35
270.88
270.88
1657.83
1657.83
1657.83
46.58
15.37
15.37
15.37
371.14
371.14
1185.27
1185.27
1614.18
1614.18
61.71
61.71
1443.71
1443.71
1673.42
1153.43
1153.43
1131.80
1131.80
1979.98
1979.98
566.88
566.88
37.92
37.92
796.66
796.66
796.66
21.09
21.09
710.89
118.64
118.64
118.64
673.28
673.28
673.28
1712.38
1712.38
715.17
715.17
203.78
203.78
783.60
1269.72
10.00
10.00
10.00
10.00
915.56
915.56
915.56
1770.46
1447.17
1408.75
1677.85
1677.85
10.00
10.00
367.97
367.97
1110.99
1110.99
1110.99
977.42
977.42
668.80
668.80
668.80
792.92
435.93
435.93
10.00
10.00
10.00
280.23
280.23
47.31
47.31
47.31
312.26
312.26
312.26
1342.45
1342.45
970.85
970.85
1312.93
1374.24
1374.24
1372.47
1372.47
868.00
316.93
316.93
944.54
944.54
1475.83
1812.96
672.22
672.22
387.41
387.41
285.94
285.94
407.09
407.09
100.28
100.28
1544.75
1544.75
1544.75
1617.04
1617.04
63.28
1119.94
1119.94
408.56
408.56
1729.27
1729.27
1381.52
1381.52
1775.54
1775.54
23.43
23.43
333.47
333.47
642.28
642.28
642.28
1213.49
767.65
767.65
667.64
667.64
1369.20
1369.20
1369.20
16.46
16.46
16.46
595.25
595.25
1302.01
1733.40
1733.40
1377.50
1914.79
1914.79
553.91
553.91
2122.53
2122.53
1253.80
1253.80
1593.91
1593.91
958.29
958.29
1475.32
1475.32
798.28
798.28
2026.82
2026.82
2093.19
2093.19
1710.86
1710.86
1710.86
1623.56
2134.09
2134.09
1007.30
1007.30
1910.68
1910.68
1287.25
1287.25
1059.32
1059.32
1319.63
1319.63
94.73
94.73
795.12
795.12
1377.56
1377.56
30.88
30.88
1862.08
1862.08
635.04
635.04
343.74
343.74
1831.34
1831.34
1947.33
1947.33
1491.75
1491.75
1049.68
1049.68
579.68
579.68
514.70
514.70
1443.21
1443.21
1443.21
297.46
2052.43
2052.43
1668.60
1668.60
1875.76
1875.76
1624.10
1624.10
1624.10
1849.69
1896.18
1896.18
1896.18
1654.89
1654.89
191.27
191.27
1264.26
1664.89
1664.89
1664.89
111.56
111.56
1694.55
1694.55
1655.25
1655.25
152.68
152.68
1238.94
1238.94
1758.43
1758.43
1419.49
1419.49
796.54
796.54
16.66
16.66
796.91
796.91
23.38
23.38
394.56
394.56
1698.40
1698.40
1722.36
1722.36
678.43
616.86
616.86
616.86
40.38
40.38
20.98
20.98
347.62
347.62
347.62
424.21
424.21
1689.42
1689.42
1689.42
1811.42
1811.42
1661.15
1225.95
1225.95
1225.95
1745.30
1745.30
1376.80
391.36
391.36
391.36
901.16
901.16
406.58
406.58
406.58
228.62
228.62
1377.75
1377.75
1377.75
364.47
364.47
954.22
1515.95
1515.95
89.62
89.62
191.59
191.59
191.59
691.31
691.31
691.31
691.31
294.79
294.79
1760.81
1760.81
37.24
37.24
40.08
40.08
40.08
40.08
32.15
32.87
165.14
165.14
165.14
165.14
37.78
37.78
411.02
411.02
411.02
411.02
10.00
10.00
921.06
211.00
98.97
1457.39
1457.39
1457.39
505.01
505.01
505.01
505.01
161.88
161.88
391.96
1994.63
1994.63
1590.31
1217.04
1217.04
424.03
424.03
607.85
607.85
65.02
571.96
571.96
1664.84
1664.84
1664.84
372.31
372.31
372.31
462.75
