# 1Hz Kbps trace generated by import_real_world_traces.py
106.49
106.49
174.10
172.99
160.67
170.35
380.14
380.14
506.03
952.66
1112.52
1112.52
1582.46
1126.91
2136.39
2136.39
836.44
836.44
836.44
10.00
574.42
574.42
574.42
574.42
574.42
574.42
37.31
37.31
37.31
85.88
85.88
85.88
85.88
212.37
212.37
212.37
14.71
1351.17
693.28
355.13
355.13
355.13
308.80
660.42
660.42
661.13
860.39
484.18
1092.89
1092.89
1314.12
1314.12
41.18
41.18
417.48
417.48
233.33
233.33
190.99
190.99
108.13
108.13
1422.40
1422.40
1970.89
1970.89
204.97
204.97
689.57
689.57
296.92
296.92
730.02
730.02
284.62
284.62
943.38
943.38
1390.20
1390.20
1163.39
1163.39
10.00
10.00
952.88
952.88
1419.69
1419.69
2630.26
2630.26
106.27
106.27
869.60
869.60
931.04
931.04
2033.72
2033.72
2278.48
2278.48
296.42
296.42
2224.71
2224.71
3015.93
3015.93
3015.93
3015.93
862.50
862.50
13.56
13.56
1619.11
1619.11
127.55
127.55
1342.04
1342.04
869.99
869.99
788.95
788.95
1896.98
1896.98
10.00
10.00
2490.82
2490.82
2502.07
2502.07
2786.04
2786.04
3086.08
3086.08
253.27
253.27
32.38
32.38
2907.59
2907.59
3018.73
3018.73
10.00
10.00
10.00
1645.12
10.00
10.00
1096.07
1096.07
2511.30
2511.30
2700.14
2700.14
4155.62
4155.62
3438.09
3438.09
3438.09
223.26
223.26
223.26
30.64
4544.05
4544.05
873.99
873.99
873.99
755.21
1422.86
1422.86
2811.87
2811.87
50.00
50.00
50.00
609.81
1659.56
1659.56
2890.69
2890.69
1858.49
1858.49
426.81
426.81
3546.16
3546.16
3546.16
3546.16
871.66
871.66
871.66
871.66
17.72
2174.69
372.40
372.40
1822.59
1822.59
885.45
885.45
10.00
10.00
1801.57
1801.57
1807.19
1807.19
2673.57
2673.57
2211.63
2211.63
1635.66
1635.66
15.21
15.21
604.42
604.42
1015.87
1015.87
1524.39
1524.39
125.58
125.58
13.09
13.09
31.45
31.45
1922.77
1922.77
10.00
10.00
2380.64
2380.64
2739.47
2739.47
1931.01
1931.01
98.67
98.67
196.05
196.05
2393.33
2393.33
322.17
322.17
2351.16
2351.16
2506.24
2506.24
2366.10
2366.10
47.30
47.30
1314.73
1314.73
13.75
13.75
1076.26
1076.26
1900.20
1900.20
1900.20
1900.20
3791.23
3791.23
2977.87
2977.87
281.31
281.31
2885.44
2885.44
2073.72
2073.72
4379.83
4379.83
12.13
12.13
6133.55
6133.55
677.96
677.96
5492.21
5492.21
4684.10
4684.10
10.00
10.00
2070.23
2070.23
56.84
56.84
1993.59
1993.59
10.00
10.00
1106.25
1106.25
2298.53
2298.53
2298.53
2298.53
2298.53
2298.53
16.03
16.03
231.02
231.02
231.02
381.41
381.41
403.59
1041.24
1041.24
15.24
15.24
1364.45
1364.45
887.97
887.97
843.49
843.49
1332.44
1332.44
18.93
18.93
28.33
28.33
1314.40
1314.40
1891.16
1891.16
2359.27
2359.27
289.23
289.23
318.16
318.16
567.59
567.59
14.22
14.22
14.22
14.22
10.00
811.61
811.61
500.60
500.60
794.48
794.48
17.34
1902.26
1902.26
1888.13
1888.13
3039.55
3039.55
3039.55
828.41
50.28
50.28
50.28
873.40
873.40
2159.73
2159.73
2159.73
2159.73
2159.73
22.35
22.35
22.35
22.35
156.62
156.62
156.62
211.95
211.95
298.32
298.32
180.13
180.13
33.91
33.91
242.94
1164.22
1164.22
1446.75
1183.19
771.64
1668.99
1221.24
1935.19
1935.19
2405.43
2405.43
2405.43
2405.43
88.59
2160.54
2313.99
2313.99
1969.27
1969.27
310.39
310.39
695.04
695.04
1750.13
1750.13
1851.11
1851.11
1851.11
200.92
200.92
286.11
1873.62
1873.62
3062.83
3062.83
1195.12
1195.12
2260.60
2260.60
2260.60
10.00
10.07
10.07
579.46
579.46
1497.09
1497.09
1263.23
1263.23
1360.79
1360.79
1360.79
278.44
40.52
40.52
2308.53
2308.53
2121.71
2121.71
830.89
830.89
2214.39
2214.39
547.54
547.54
964.17
964.17
1754.10
1754.10
1595.97
1595.97
1595.97
12.85
12.85
425.37
1390.27
1390.27
1108.92
1108.92
1507.15
1507.15
1858.76
1858.76
1934.74
1934.74
1940.87
1940.87
1764.58
1764.58
229.12
229.12
1253.74
1253.74
442.95
442.95
26.64
26.64
766.41
766.41
10.00
10.00
10.00
10.00
306.64
306.64
1360.74
1360.74
1333.04
1333.04
219.97
219.97
864.18
864.18
3123.30
3123.30
157.03
157.03
3384.35
3384.35
4412.01
4412.01
16.59
16.59
1810.62
1810.62
75.72
75.72
983.33
983.33
3076.74
3076.74
533.09
533.09
2611.41
2611.41
3042.39
3042.39
1128.74
1128.74
607.59
607.59
378.07
378.07
1600.07
1600.07
1897.77
1897.77
518.74
518.74
53.25
53.25
1749.04
1749.04
2073.34
2073.34
56.98
56.98
1777.06
1777.06
10.00
10.00
3086.54
3086.54
329.69
329.69
1342.34
1342.34
555.08
555.08
220.93
220.93
1063.85
1063.85
730.07
730.07
422.93
422.93
28.99
28.99
10.00
10.00
385.70
385.70
858.20
858.20
321.78
321.78
20.00
20.00
487.54
487.54
988.57
988.57
18.23
18.23
2661.61
2661.61
277.56
277.56
314.48
314.48
1224.81
1224.81
279.13
279.13
1584.84
1584.84
1541.67
1541.67
2221.61
2221.61
2310.85
2310.85
5097.72
5097.72
10.00
10.00
1813.55
1813.55
11.83
11.83
1540.65
1540.65
852.11
852.11
852.11
11.36
11.36
30.48
41.83
41.83
76.10
76.10
64.69
64.69
937.83
937.83
3105.47
3105.47
13.74
13.74
10.00
10.00
442.58
442.58
1931.40
1931.40
2763.48
2763.48
2763.48
53.46
53.46
19.36
16.72
16.72
2402.72
2402.72
33.41
33.41
1738.70
1738.70
2361.98
2361.98
10.00
10.00
1240.79
1240.79
160.88
160.88
2124.44
2124.44
10.00
10.00
428.37
428.37
1956.96
1956.96
15.10
15.10
2797.54
2797.54
2797.54
39.73
1114.80
1114.80
907.09
907.09
1903.42
1903.42
492.72
492.72
2880.58
2880.58
2638.20
2638.20
2608.57
2608.57
2608.57
54.85
2366.29
2366.29
2366.29
11.60
1874.08
1874.08
1873.61
1873.61
1491.09
1491.09
2676.10
2676.10
1431.55
1431.55
3067.28
3067.28
3335.55
3335.55
567.70
567.70
893.91
893.91
3351.13
3351.13
849.94
849.94
849.94
119.37
1620.90
1620.90
2855.60
2855.60
839.84
839.84
1878.19
1878.19
2991.99
2991.99
2622.42
2622.42
1964.61
1964.61
1964.61
1964.61
75.00
75.00
75.00
53.06
53.06
926.85
1722.98
1908.43
977.00
977.00
977.00
129.56
129.56
129.56
129.56
223.56
223.56
1985.14
10.00
10.00
1058.56
1058.56
2572.56
2572.56
2572.56
10.00
10.00
1168.67
1551.29
1551.29
2096.65
2096.65
1216.29
1216.29
462.17
462.17
99.03
99.03
2383.93
2383.93
185.02
185.02
457.91
457.91
457.91
457.91
387.18
387.18
277.88
277.88
277.88
277.88
277.88
277.88
277.88
218.15
218.15
333.09
333.09
333.09
49.75
49.75
10.00
358.63
1484.17
406.35
406.35
1262.21
1355.85
2550.15
3446.12
3446.12
3646.68
3646.68
3646.68
72.40
2250.02
2250.02
3007.18
3007.18
1830.21
1830.21
1830.21
1300.45
1300.45
4520.39
4520.39
3785.93
3785.93
877.75
877.75
827.41
827.41
1268.45
1268.45
1382.92
1382.92
196.24
196.24
680.06
680.06
1509.41
1509.41
1392.18
1392.18
10.00
10.00
422.16
422.16
19.94
19.94
2129.49
2129.49
13.12
13.12
60.69
60.69
2589.98
2589.98
2517.86
2517.86
578.00
578.00
12.04
12.04
1134.02
1134.02
1032.48
1032.48
2652.28
2652.28
2930.04
2930.04
3691.98
3691.98
3839.87
3839.87
15.29
15.29
15.29
10.80
10.00
10.00
1466.70
1466.70
10.00
10.00
1184.75
1184.75
585.87
585.87
1690.33
1690.33
2534.48
2534.48
810.47
810.47
1520.92
1520.92
948.23
948.23
10.37
10.37
71.21
71.21
10.06
10.06
3225.84
3225.84
2038.49
2038.49
22.67
22.67
340.08
340.08
50.80
50.80
3663.42
3663.42
1151.83
1151.83
726.82
726.82
735.34
735.34
1089.82
1089.82
213.42
213.42
2058.38
2058.38
2268.68
2268.68
2740.31
2740.31
478.39
478.39
221.05
221.05
939.13
939.13
1439.69
1439.69
1942.60
1942.60
1875.64
1875.64
1844.28
1844.28
2468.42
2468.42
119.65
119.65
186.08
186.08
10.00
10.00
2928.96
2928.96
590.10
590.10
106.12
106.12
106.12
347.61
1042.52
1042.52
2206.89
2206.89
13.36
13.36
590.81
590.81
2123.21
2123.21
1535.73
1535.73
2458.51
2458.51
2677.35
2677.35
1177.03
1177.03
79.85
79.85
1295.34
1295.34
991.60
991.60
1302.05
1302.05
1076.09
1076.09
606.45
606.45
1551.60
1551.60
37.26
37.26
710.13
710.13
2097.87
2097.87
1501.54
1501.54
2705.93
2705.93
2790.34
2790.34
3042.86
3042.86
3090.77
3090.77
10.00
10.00
457.99
457.99
1047.31
1047.31
854.15
854.15
531.41
531.41
452.88
452.88
1312.64
1312.64
2174.75
2174.75
4399.38
4399.38
4569.39
4569.39
4892.06
4892.06
2180.60
2180.60
903.79
903.79
33.25
33.25
1215.42
1215.42
88.46
88.46
3831.96
3831.96
3831.96
3831.96
4508.16
4508.16
517.86
517.86
4105.26
4105.26
4642.67
4642.67
677.10
677.10
4352.66
4352.66
104.31
104.31
2038.38
2038.38
2009.25
2009.25
2963.90
2963.90
145.07
145.07
4384.31
4384.31
4160.26
4160.26
3342.03
3342.03
173.43
173.43
1480.20
1480.20
2284.51
2284.51
10.00
10.00
222.59
222.59
1502.99
1502.99
114.80
114.80
117.29
117.29
506.64
506.64
40.32
40.32
3254.28
3254.28
3807.93
3807.93
682.10
682.10
187.33
187.33
180.73
180.73
4064.60
4064.60
222.16
222.16
177.03
177.03
78.20
78.20
1220.87
1220.87
711.12
711.12
1617.02
1617.02
1774.09
1774.09
2402.56
2402.56
99.13
99.13
1340.48
1340.48
1152.14
1152.14
2544.85
2544.85
416.17
416.17
980.90
980.90
1373.50
1373.50
22.09
22.09
144.79
144.79
1561.79
1561.79
16.35
16.35
4261.24
4261.24
4131.11
4131.11
14.16
14.16
2238.32
2238.32
498.54
498.54
10.00
10.00
4611.17
4611.17
180.74
180.74
1004.63
1004.63
3633.33
3633.33
1038.66
1038.66
1508.96
1508.96
4486.88
4486.88
1228.32
1228.32
10.00
10.00
1127.87
1127.87
32.13
32.13
28.11
28.11
2168.76
2168.76
19.74
19.74
3618.70
3618.70
3682.80
3682.80
496.71
496.71
3374.18
3374.18
4519.40
4519.40
1154.21
1154.21
5120.31
5120.31
1406.11
1406.11
77.47
77.47
2884.94
2884.94
21.05
21.05
3536.73
3536.73
4568.40
4568.40
27.95
27.95
3629.41
3629.41
5279.07
5279.07
4352.20
4352.20
996.50
996.50
453.51
453.51
4474.86
4474.86
3632.82
3632.82
4143.35
4143.35
4894.97
4894.97
3654.75
3654.75
1503.96
1503.96
4115.31
4115.31
968.57
968.57
968.57
151.27
1246.97
1246.97
18.40
18.40
4255.52
4255.52
5058.02
5058.02
4446.78
4446.78
5176.81
5176.81
847.80
847.80
992.76
992.76
2805.19
2805.19
2813.35
2813.35
2913.95
2913.95
2620.74
2620.74
4594.20
4594.20
4790.14
4790.14
4912.64
4912.64
4084.49
4084.49
5425.93
5425.93
5689.06
5689.06
1280.50
1280.50
1391.03
1391.03
92.80
92.80
335.02
335.02
1435.43
1435.43
1488.19
1488.19
156.91
156.91
10.00
10.00
178.23
178.23
41.89
41.89
41.89
22.06
621.75
621.75
53.57
53.57
178.29
178.29
1775.06
1775.06
531.94
531.94
34.01
34.01
745.86
745.86
86.44
86.44
86.44
86.44
86.44
37.81
37.81
37.81
37.81
37.81
118.14
118.14
944.87
341.03
341.03
215.49
43.68
43.68
372.20
372.20
372.20
132.05
132.05
132.05
132.05
132.05
132.05
132.05
39.90
39.90
39.90
39.90
39.90
39.90
39.90
376.62
390.32
52.40
43.81
43.81
43.81
43.81
13.32
94.44
94.44
10.00
10.00
10.00
74.51
108.31
108.31
80.22
109.71
71.79
104.91
104.91
87.17
87.17
87.17
87.17
49.88
49.88
49.88
10.00
10.00
197.89
188.25
188.25
218.37
218.37
53.67
49.81
215.17
215.17
13.74
13.74
175.11
175.11
101.93
101.93
118.00
118.00
118.00
105.52
105.52
105.52
32.02
32.02
32.02
32.02
32.02
29.51
29.51
113.13
113.13
351.71
501.81
1074.89
586.49
586.49
98.86
605.15
605.15
1199.92
1199.92
1190.00
1190.00
10.00
10.00
56.98
56.98
2344.53
2344.53
25.67
25.67
51.07
51.07
858.72
858.72
921.40
921.40
881.40
881.40
101.05
101.05
1288.80
1288.80
71.88
71.88
11.68
11.68
3131.90
3131.90
11.71
11.71
17.34
17.34
3091.18
3091.18
4779.53
4779.53
1138.47
1138.47
1529.36
1529.36
5329.94
5329.94
211.16
211.16
1688.69
1688.69
2717.48
2717.48
2477.02
2477.02
3858.72
3858.72
417.31
417.31
4305.07
4305.07
4662.48
4662.48
1645.41
1645.41
4720.08
4720.08
2414.97
2414.97
10.00
10.00
505.45
505.45
24.40
24.40
2500.17
2500.17
3718.52
3718.52
10.00
10.00
2587.62
2587.62
12.54
12.54
4129.50
4129.50
707.34
707.34
449.14
449.14
2876.51
2876.51
3856.77
3856.77
22.00
22.00
4975.69
4975.69
22.60
22.60
41.12
41.12
4127.76
4127.76
3833.14
3833.14
3155.75
3155.75
3413.86
3413.86
3344.80
3344.80
4443.14
4443.14
3856.01
3856.01
10.00
10.00
2077.56
2077.56
4198.59
4198.59
3418.23
3418.23
4519.97
4519.97
18.18
18.18
3141.39
3141.39
3164.66
3164.66
3190.42
3190.42
2041.97
2041.97
5071.18
5071.18
864.22
864.22
5175.47
5175.47
702.21
702.21
2373.48
2373.48
2151.67
2151.67
2151.67
62.40
62.40
62.40
726.93
726.93
726.93
75.60
584.52
584.52
1114.91
1559.89
184.26
184.26
2696.85
2696.85
231.09
231.09
1519.90
1519.90
1672.33
1672.33
10.00
10.00
1041.62
1041.62
15.38
15.38
1227.03
1227.03
2857.03
2857.03
2710.82
2710.82
1122.00
1122.00
1301.29
1301.29
563.80
563.80
10.00
10.00
2329.40
2329.40
2283.17
2283.17
2232.84
2232.84
74.50
74.50
3209.02
3209.02
1256.27
1256.27
2102.86
2102.86
2616.91
2616.91
1700.32
1700.32
2224.01
2224.01
318.61
318.61
1789.59
1789.59
2270.39
2270.39
3775.40
3775.40
220.65
220.65
220.65
870.13
870.13
388.25
388.25
388.25
49.90
49.90
49.90
49.90
49.90
551.11
551.11
551.11
551.11
382.47
382.47
285.47
285.47
755.23
1333.70
942.78
2046.68
1140.26
1214.92
1214.92
1105.27
1105.27
1849.26
1849.26
10.00
10.00
222.41
222.41
572.49
572.49
3212.38
3212.38
2752.46
2752.46
868.85
868.85
3243.01
3243.01
4114.35
4114.35
978.47
978.47
2709.05
2709.05
2672.27
2672.27
4402.84
4402.84
4571.30
4571.30
3853.75
3853.75
1395.19
1395.19
4983.17
4983.17
2085.00
2085.00
13.69
13.69
10.00
10.00
3339.67
3339.67
23.56
23.56
3761.56
3761.56
4553.13
4553.13
3168.16
