# 1Hz Kbps trace generated by import_real_world_traces.py
422.66
1131.28
1249.75
743.56
743.56
743.56
2261.68
2261.68
2261.68
542.32
542.32
1282.58
1282.58
1282.58
1282.58
402.23
402.23
3091.09
3091.09
3091.09
84.17
84.17
667.26
667.26
667.26
667.26
880.87
880.87
880.87
1416.80
1416.80
3137.55
3137.55
3137.55
10.00
10.00
876.98
876.98
1176.02
1176.02
1176.02
2591.81
2591.81
3739.89
3739.89
2851.00
2851.00
128.59
128.59
1105.27
1105.27
1105.27
442.89
442.89
153.56
153.56
739.41
739.41
739.41
739.41
549.84
549.84
12.44
12.44
12.44
384.48
384.48
241.15
241.15
433.10
433.10
1547.67
1547.67
1547.67
1830.46
1830.46
528.39
528.39
11.32
11.32
29.57
29.57
312.07
312.07
71.09
71.09
10.00
10.00
498.44
498.44
10.00
10.00
1380.94
1380.94
14.18
14.18
57.26
57.26
10.00
10.00
1013.00
1013.00
1013.00
1013.00
10.30
10.30
1294.16
1294.16
10.00
10.00
13.37
13.37
557.16
557.16
1166.24
1166.24
1118.58
1118.58
952.00
952.00
1222.64
1222.64
1095.65
1095.65
10.00
10.00
545.53
545.53
545.53
761.58
761.58
761.58
761.58
761.58
761.58
761.58
761.58
1536.54
1536.54
16.88
16.88
1602.00
1602.00
1185.37
1185.37
15.52
15.52
1340.15
1340.15
1373.33
1373.33
24.38
24.38
10.00
10.00
1649.75
1649.75
1777.59
1777.59
1798.17
1798.17
1798.17
18.18
1280.51
1280.51
1698.65
1698.65
432.14
432.14
32.45
32.45
143.30
143.30
60.55
60.55
1101.89
1101.89
1101.89
464.93
464.93
25.96
25.96
426.34
426.34
27.56
27.56
3072.57
3072.57
127.19
127.19
3612.46
3612.46
11.08
11.08
30.07
30.07
810.89
810.89
25.34
25.34
1173.33
1173.33
2424.55
2424.55
10.00
10.00
10.00
10.00
201.52
201.52
1051.86
1051.86
10.00
10.00
10.00
10.00
12.39
12.39
563.92
563.92
229.12
229.12
1104.24
1104.24
274.40
274.40
637.34
637.34
1944.17
1944.17
614.50
614.50
96.22
96.22
319.49
319.49
2095.56
2095.56
2095.56
1072.71
10.00
10.00
10.00
2165.22
523.27
523.27
695.86
695.86
2700.42
2700.42
429.16
429.16
429.16
2275.02
2275.02
446.97
446.97
2281.22
2281.22
337.94
337.94
29.65
29.65
1178.01
1178.01
383.68
383.68
50.14
50.14
534.56
534.56
1641.98
1641.98
392.53
392.53
1675.52
1675.52
528.17
528.17
10.00
10.00
1072.09
1072.09
11.38
11.38
834.75
834.75
809.41
809.41
449.09
449.09
286.01
286.01
3297.38
3297.38
20.23
20.23
20.23
2522.47
2522.47
949.84
949.84
136.98
136.98
488.60
488.60
1859.85
1859.85
1279.61
1279.61
27.09
27.09
844.15
844.15
10.00
10.00
505.08
505.08
412.63
412.63
1746.06
1746.06
2079.82
2079.82
2079.82
2079.82
723.07
723.07
1327.62
1327.62
1327.62
287.10
287.10
1802.42
1802.42
121.71
121.71
495.66
495.66
495.66
10.00
10.00
10.00
27.58
27.58
10.00
10.00
352.08
352.08
715.43
715.43
1120.74
1120.74
1120.74
1120.74
1027.12
1027.12
1890.23
1890.23
1890.23
1890.23
1890.23
459.79
459.79
1678.34
1678.34
752.67
752.67
15.50
15.50
15.50
10.00
10.00
14.36
14.36
939.58
939.58
29.55
29.55
941.73
941.73
169.47
169.47
10.00
10.00
216.86
216.86
415.55
415.55
1347.45
1347.45
825.92
825.92
10.00
10.00
966.26
966.26
1061.34
1061.34
1061.34
72.98
72.98
1184.93
1184.93
772.79
772.79
609.09
609.09
609.09
10.00
10.00
921.68
921.68
10.00
10.00
621.47
621.47
621.47
557.00
557.00
552.46
552.46
715.45
715.45
538.56
538.56
1480.12
1480.12
1377.18
1377.18
1377.18
1274.80
1274.80
10.00
10.00
1051.05
1051.05
1035.06
1035.06
1035.06
1101.46
1101.46
112.17
112.17
112.17
1651.69
1651.69
2338.65
2338.65
1848.90
1848.90
18.23
18.23
474.17
474.17
474.17
1794.81
1794.81
336.45
