# 1Hz Kbps trace generated by import_real_world_traces.py
797.74
482.12
1085.52
1120.77
1520.12
1498.49
1498.49
10.00
10.00
1085.30
1085.30
431.41
431.41
28.75
28.75
1268.27
1268.27
1512.71
1512.71
631.75
631.75
2092.37
2092.37
10.00
10.00
373.88
373.88
1132.74
1132.74
1729.04
1729.04
588.30
588.30
582.90
582.90
111.00
111.00
674.73
674.73
1146.78
1146.78
948.70
948.70
635.44
635.44
635.44
242.76
702.68
702.68
559.71
559.71
218.22
218.22
1286.68
1286.68
684.83
684.83
993.51
993.51
1250.40
1250.40
570.14
570.14
1274.11
1274.11
1274.11
1274.11
1274.11
364.72
364.72
80.89
503.61
320.76
509.60
509.60
175.15
175.15
582.75
582.75
60.52
60.52
630.55
630.55
631.49
631.49
467.38
467.38
471.32
471.32
273.89
273.89
850.27
850.27
801.39
801.39
1034.89
1034.89
926.77
926.77
1038.51
1038.51
1469.22
1469.22
1070.51
1070.51
31.80
31.80
1686.07
1686.07
1280.52
1280.52
949.87
949.87
1984.93
1984.93
1984.93
1984.93
453.84
453.84
989.23
989.23
1109.13
1109.13
2528.37
2528.37
1590.31
1590.31
1590.31
379.15
10.00
10.00
627.77
627.77
997.73
997.73
226.81
226.81
1122.34
1122.34
776.60
776.60
1091.06
1091.06
912.45
912.45
1727.87
1727.87
1727.87
218.32
218.32
546.18
546.18
1161.29
1161.29
1161.29
117.89
117.89
396.00
10.00
653.80
653.80
653.80
117.20
1034.52
1034.52
971.91
971.91
1024.94
1024.94
1024.94
238.75
238.75
991.74
256.78
256.78
123.26
123.26
225.37
225.37
225.37
225.37
707.87
707.87
1301.54
1082.83
1059.48
1059.48
1059.48
261.05
571.04
571.04
585.91
585.91
224.45
224.45
55.31
55.31
55.31
55.31
26.02
26.02
26.02
189.60
189.60
289.70
368.54
368.54
361.51
361.51
361.51
107.03
585.05
585.05
620.67
620.67
568.18
568.18
568.18
550.38
270.74
270.74
632.73
632.73
632.73
352.92
352.92
73.29
874.34
874.34
13.78
13.78
334.93
334.93
334.93
10.59
10.59
10.59
133.05
305.79
1126.75
1126.75
974.41
974.41
974.41
336.64
336.64
748.20
10.00
10.00
725.74
725.74
1041.16
1041.16
1041.16
32.92
431.60
431.60
836.53
836.53
1102.00
1102.00
1224.44
1224.44
1224.44
1128.26
1160.40
1160.40
1160.40
58.40
58.40
65.78
65.78
1143.80
1143.80
319.59
376.56
376.56
376.56
973.18
762.39
762.39
766.31
766.31
16.78
16.78
16.78
188.64
188.64
91.84
10.00
10.00
973.34
973.34
583.57
583.57
583.57
647.23
1390.24
1390.24
1390.24
1390.24
916.74
779.59
453.67
453.67
879.57
879.57
57.01
57.01
421.67
421.67
421.67
47.19
47.19
847.87
847.87
847.87
175.14
42.01
42.01
696.43
696.43
1055.24
830.07
830.07
830.07
770.61
165.19
165.19
1011.77
1011.77
1011.77
701.01
701.01
300.55
300.55
10.00
10.00
545.96
545.96
1793.45
695.53
695.53
695.53
695.53
481.88
93.26
93.26
767.22
645.19
645.19
1161.91
1161.91
683.97
683.97
408.13
408.13
408.13
408.13
586.40
478.90
478.90
291.16
369.06
369.06
683.93
683.93
683.93
473.73
186.12
186.12
124.33
124.33
895.86
895.86
914.96
914.96
914.96
914.96
277.01
277.01
69.29
69.29
288.94
538.84
53.63
53.63
53.63
39.79
297.09
297.09
297.09
262.90
262.90
523.45
523.45
294.57
108.17
108.17
108.17
569.12
569.12
393.23
393.23
641.72
641.72
315.78
315.78
325.40
325.40
325.40
10.00
858.12
858.12
505.49
505.49
603.55
603.55
171.05
171.05
171.05
34.56
735.64
735.64
523.09
523.09
164.28
164.28
814.39
814.39
279.43
279.43
696.10
696.10
469.02
469.02
491.85
491.85
521.57
521.57
588.45
588.45
308.79
308.79
39.92
39.92
65.05
65.05
282.82
282.82
401.05
401.05
401.05
10.00
10.00
691.32
10.00
10.00
10.00
10.00
147.23
889.77
325.23
325.23
94.84
94.84
710.12
710.12
162.02
162.02
162.02
162.02
192.32
192.32
192.32
192.32
10.00
62.83
125.81
