# 1Hz Kbps trace generated by import_real_world_traces.py
364.91
487.39
473.31
278.56
167.60
558.80
558.80
126.20
126.20
641.46
55.07
500.96
1167.89
1167.89
824.93
417.15
417.15
1392.88
1392.88
26.76
26.76
808.61
808.61
1696.54
1696.54
191.74
191.74
590.28
590.28
235.88
235.88
235.88
235.88
134.43
134.43
1242.80
84.52
84.52
84.52
1191.88
1191.88
1191.88
285.81
285.81
1061.82
1061.82
550.57
550.57
550.57
959.54
959.54
90.50
90.50
90.50
1000.70
1000.70
53.71
53.71
53.71
53.71
718.48
718.48
563.05
563.05
883.57
227.82
1104.35
1104.35
1021.47
1021.47
69.22
69.22
894.95
894.95
1006.63
1006.63
1006.63
349.82
408.07
784.69
784.69
784.69
784.69
416.61
416.61
416.61
416.61
50.67
50.67
256.96
256.96
1643.14
1643.14
1643.14
857.20
802.93
802.93
611.99
611.99
1285.50
1285.50
1285.50
703.73
941.60
974.56
974.56
800.57
901.44
584.59
846.83
846.83
846.83
793.27
793.27
793.27
61.14
61.14
155.05
155.05
155.05
155.05
644.50
921.15
1042.28
1042.28
1042.28
1042.28
762.28
762.28
84.94
33.59
33.59
1163.24
1163.24
1163.24
160.25
160.25
160.25
193.00
193.00
193.00
87.38
641.05
641.05
641.05
1320.69
23.55
1651.30
2798.60
2798.60
461.53
1122.69
1122.69
772.39
772.39
1151.93
1151.93
1151.93
144.13
144.13
663.80
663.80
663.80
340.90
340.90
573.55
573.55
573.55
772.35
772.35
837.27
847.30
847.30
847.30
847.30
847.30
193.06
193.06
27.77
27.77
172.02
172.02
172.02
797.22
797.22
797.22
889.38
526.84
149.16
149.16
149.16
966.18
1106.96
1106.96
641.95
641.95
1101.83
1101.83
17.83
17.83
262.59
262.59
476.25
62.62
62.62
180.38
180.38
180.38
10.00
10.00
10.00
623.72
458.50
357.19
376.08
376.08
376.08
662.65
662.65
753.93
753.93
914.90
914.90
828.96
1668.86
998.08
1011.54
1011.54
780.76
10.00
10.00
188.60
188.60
188.60
3160.55
3298.49
3298.49
2084.89
2084.89
3047.38
3047.38
3047.38
3274.81
66.33
66.33
2808.12
2808.12
2808.12
1355.13
1355.13
224.06
2724.11
