# 1Hz Kbps trace generated by import_real_world_traces.py
1438.21
1637.38
2579.85
2579.85
3890.18
3890.18
2994.92
2994.92
383.32
383.32
2636.74
2636.74
1075.06
1075.06
2872.40
2872.40
4073.49
4073.49
961.89
961.89
961.89
4993.01
4993.01
214.95
214.95
214.95
5438.82
4703.00
4703.00
4703.00
3156.13
3156.13
3339.61
3339.61
3569.76
3569.76
820.44
820.44
4677.41
4677.41
5183.09
5183.09
4756.59
4756.59
4980.81
4980.81
4764.23
4764.23
4052.32
4052.32
4076.96
4076.96
4076.96
4076.96
4604.55
4604.55
3649.35
3649.35
1015.76
1015.76
5497.56
5497.56
2087.76
2087.76
3564.42
3564.42
4169.40
4169.40
4267.15
4267.15
4061.87
4061.87
2815.03
2815.03
3512.51
3512.51
5083.24
5083.24
3637.96
3637.96
3438.05
3438.05
1476.52
1476.52
678.76
678.76
981.85
981.85
4006.71
4006.71
3869.81
3869.81
3869.81
3869.81
3869.81
3869.81
3869.81
3869.81
3869.81
3869.81
3869.81
3869.81
3869.81
3869.81
3869.81
3869.81
3869.81
3869.81
3869.81
3869.81
3869.81
3869.81
2718.11
2718.11
3321.23
3321.23
1598.17
1598.17
1598.17
3437.59
3437.59
2438.59
2438.59
1919.31
1919.31
1919.31
1919.31
4182.63
4182.63
837.55
837.55
1545.74
1545.74
3223.34
3223.34
2907.15
