# 1Hz Kbps trace generated by import_real_world_traces.py
1661.02
3677.36
4612.95
2905.28
1732.13
3598.75
3598.75
3598.75
4233.66
4233.66
463.32
463.32
6931.91
6931.91
5523.39
5523.39
2598.44
2598.44
2598.44
2598.44
6480.98
6480.98
1318.85
1318.85
187.19
187.19
2803.84
2803.84
1242.92
1242.92
433.99
433.99
4662.01
4662.01
1231.86
1231.86
120.40
120.40
1543.18
1543.18
2091.41
2091.41
683.41
683.41
6471.25
6471.25
358.53
358.53
3602.02
3602.02
2820.97
2820.97
1609.73
1609.73
33.58
33.58
850.31
850.31
966.08
966.08
3884.07
3884.07
4586.33
4586.33
991.97
991.97
2270.46
2270.46
2301.46
2301.46
1628.18
1628.18
4179.40
4179.40
5913.41
5913.41
979.56
979.56
2124.73
2124.73
2897.29
2897.29
879.57
879.57
204.52
204.52
1948.01
1948.01
2337.04
2337.04
1017.20
1017.20
20.25
20.25
272.79
272.79
474.14
474.14
1254.79
1254.79
1822.01
1822.01
61.41
61.41
3385.19
3385.19
1854.27
1854.27
328.39
328.39
10.00
10.00
17.64
17.64
338.33
338.33
975.57
975.57
5551.57
5551.57
98.74
98.74
20.51
20.51
13.04
13.04
47.05
47.05
640.71
640.71
650.61
650.61
239.16
239.16
20.69
20.69
508.29
508.29
10.31
10.31
80.92
80.92
628.49
628.49
96.47
96.47
998.16
998.16
765.06
765.06
895.84
895.84
722.27
722.27
5998.00
5998.00
2153.86
2153.86
534.15
534.15
1197.80
1197.80
3607.50
3607.50
1356.63
1356.63
4789.88
4789.88
784.60
784.60
1391.84
1391.84
2607.10
2607.10
104.18
104.18
324.59
324.59
1972.51
1972.51
84.94
84.94
3916.48
3916.48
4212.40
4212.40
685.94
685.94
939.70
939.70
375.27
375.27
3047.91
3047.91
954.44
954.44
224.84
224.84
999.67
999.67
3918.58
3918.58
969.11
969.11
1456.18
1456.18
13.41
13.41
3077.16
3077.16
4462.19
4462.19
1099.45
1099.45
771.69
771.69
1779.83
1779.83
40.76
40.76
36.38
36.38
969.35
969.35
6423.52
6423.52
5876.88
5876.88
5342.70
5342.70
4841.62
4841.62
319.64
319.64
805.25
805.25
1280.57
1280.57
1868.37
1868.37
2216.36
2216.36
1007.47
1007.47
4617.41
4617.41
1236.75
1236.75
4039.83
4039.83
1322.46
1322.46
3096.91
3096.91
1532.01
1532.01
581.49
581.49
1490.22
1490.22
18.33
18.33
1613.61
1613.61
909.66
909.66
3688.69
3688.69
3668.67
3668.67
19.86
19.86
683.67
683.67
925.67
925.67
4060.37
4060.37
14.85
14.85
10.00
10.00
135.88
135.88
39.24
39.24
123.84
123.84
1600.09
1600.09
3859.91
3859.91
1577.58
1577.58
989.13
989.13
4280.03
4280.03
981.40
981.40
182.41
182.41
1044.63
1044.63
4582.34
4582.34
95.92
95.92
983.76
983.76
40.91
40.91
11.61
11.61
40.93
40.93
917.56
917.56
5400.43
5400.43
135.53
135.53
10.00
10.00
10.00
10.00
10.00
299.94
158.69
158.69
2382.15
2382.15
1015.00
1015.00
5531.18
5531.18
97.96
97.96
2368.06
2368.06
920.36
920.36
1956.97
1956.97
511.85
511.85
972.66
972.66
886.97
886.97
186.81
186.81
20.46
20.46
41.52
41.52
224.15
224.15
1862.02
1862.02
14.04
14.04
349.84
349.84
10.00
10.00
1905.18
1905.18
1134.23
1134.23
867.90
867.90
371.13
371.13
3377.48
3377.48
1701.13
1701.13
568.90
568.90
598.62
598.62
3324.18
3324.18
12.08
12.08
1404.51
1404.51
1704.22
1704.22
971.76
971.76
5135.15
5135.15
2988.69
2988.69
1461.88
1461.88
673.39
673.39
123.82
123.82
521.45
521.45
100.59
100.59
10.00
10.00
1068.36
1068.36
4287.49
4287.49
1522.92
1522.92
3193.28
3193.28
792.65
792.65
988.64
988.64
4552.95
4552.95
3943.37
3943.37
952.89
952.89
3415.72
3415.72
2653.70
2653.70
3161.69
3161.69
875.91
875.91
5440.42
5440.42
1830.72
1830.72
1456.56
1456.56
585.87
585.87
3106.81
3106.81
1911.98
1911.98
817.43
817.43
18.82
18.82
4267.69
4267.69
958.98
958.98
38.21
38.21
706.93
706.93
351.47
351.47
436.51
436.51
725.47
725.47
3762.20
3762.20
2495.52
2495.52
2409.92
2409.92
4807.27
4807.27
1434.93
1434.93
5152.37
5152.37
970.52
970.52
1777.02
1777.02
878.37
878.37
3347.69
3347.69
1685.52
1685.52
40.93
40.93
6227.28
6227.28
3855.01
3855.01
15.40
15.40
2021.30
2021.30
18.67
18.67
3405.79
3405.79
2175.44
2175.44
2190.74
2190.74
2385.64
2385.64
6438.35
6438.35
942.82
942.82
2847.66
2847.66
1571.66
1571.66
953.02
953.02
232.60
232.60
1623.28
1623.28
2890.28
2890.28
1437.23
1437.23
5027.25
5027.25
375.91
375.91
941.36
941.36
713.49
713.49
1020.95
1020.95
4826.96
4826.96
5281.06
5281.06
2217.10
2217.10
60.19
60.19
2335.70
2335.70
1263.23
1263.23
1158.38
1158.38
968.75
968.75
139.75
139.75
2639.05
2639.05
6279.70
6279.70
1903.82
1903.82
6169.86
6169.86
3531.75
3531.75
1347.17
1347.17
173.33
173.33
624.92
624.92
4162.13
4162.13
2845.08
2845.08
347.88
347.88
1078.26
1078.26
597.60
597.60
215.24
215.24
927.29
927.29
458.80
458.80
274.73
274.73
4800.65
4800.65
5474.93
5474.93
3722.47
3722.47
1442.62
1442.62
826.60
826.60
848.74
848.74
1049.61
1049.61
380.62
380.62
41.30
41.30
1120.68
1120.68
2904.55
2904.55
870.12
870.12
796.09
796.09
4038.73
4038.73
139.66
139.66
923.17
923.17
5038.30
5038.30
1914.21
1914.21
319.48
319.48
428.88
428.88
428.88
124.79
69.90
69.90
825.66
825.66
4382.71
4382.71
164.86
164.86
28.62
28.62
3719.62
3719.62
798.45
798.45
3489.89
3489.89
5908.38
5908.38
1353.51
1353.51
32.07
32.07
65.09
65.09
1334.87
1334.87
986.60
986.60
2005.91
2005.91
3518.01
3518.01
3540.32
3540.32
3540.32
3540.32
2054.08
2054.08
1230.22
1230.22
1309.53
1309.53
5942.14
5942.14
1964.07
1964.07
16.09
16.09
3193.43
3193.43
1856.12
1856.12
3444.55
3444.55
3444.55
3444.55
3894.22
3894.22
4916.57
4916.57
1503.95
1503.95
1218.51
1218.51
2502.39
2502.39
121.61
121.61
6773.46
6773.46
4964.83
4964.83
5320.10
5320.10
6805.76
6805.76
510.80
510.80
1666.57
1666.57
2974.81
2974.81
6558.00
6558.00
1061.67
1061.67
1305.41
1305.41
6947.64
6947.64
6947.64
6947.64
3408.34
3408.34
3408.34
3408.34
3408.34
3408.34
3408.34
3408.34
4685.99
4685.99
6569.93
6569.93
5873.14
5873.14
3990.65
3990.65
3961.86
3961.86
1444.75
1444.75
5186.76
5186.76
5186.76
5186.76
5186.76
5186.76
1248.55
1248.55
3318.50
3318.50
4883.85
4883.85
4883.85
4883.85
972.81
972.81
6676.51
6676.51
4370.60
4370.60
6942.29
6942.29
5391.80
5391.80
4023.15
4023.15
4023.15
4023.15
5334.72
5334.72
1981.31
1981.31
3838.08
3838.08
3838.08
3838.08
4806.60
4806.60
4913.64
4913.64
354.46
354.46
3472.76
3472.76
7259.61
7259.61
5004.89
5004.89
5004.89
5004.89
5004.89
5004.89
919.37
919.37
1786.08
1786.08
1576.06
1576.06
2249.12
2249.12
6997.01
6997.01
6225.00
6225.00
4155.21
4155.21
755.02
755.02
1211.83
1211.83
39.82
39.82
4339.15
4339.15
4445.06
4445.06
6505.96
6505.96
3852.78
3852.78
379.38
379.38
19.21
19.21
15.08
15.08
3287.48
3287.48
2517.54
2517.54
3072.73
3072.73
2586.08
2586.08
1344.89
1344.89
1211.10
1211.10
5024.49
5024.49
3324.39
3324.39
3920.95
3920.95
126.99
126.99
421.82
421.82
3302.01
3302.01
1642.70
1642.70
3474.24
3474.24
78.58
78.58
168.78
168.78
656.32
656.32
509.28
509.28
583.45
583.45
593.39
593.39
613.14
613.14
4375.44
4375.44
2808.38
2808.38
4974.24
4974.24
959.27
959.27
3805.95
3805.95
3601.86
3601.86
1226.56
1226.56
109.33
109.33
4937.79
4937.79
79.69
79.69
4315.52
4315.52
4752.34
4752.34
4461.10
4461.10
2768.76
2768.76
5154.98
5154.98
1262.81
1262.81
840.09
840.09
38.59
38.59
663.77
663.77
2042.30
2042.30
2793.25
2793.25
2793.25
3769.56
4540.37
4540.37
4356.07
4356.07
324.10
324.10
286.18
286.18
279.33
279.33
1058.85
1058.85
1344.83
1344.83
3946.54
3946.54
1234.32
1234.32
1344.11
1344.11
1717.26
1717.26
40.88
40.88
3264.40
3264.40
2556.55
2556.55
1750.32
1750.32
2842.35
2842.35
3351.27
3351.27
937.94
937.94
21.26
21.26
3403.44
3403.44
69.56
69.56
3101.57
3101.57
512.22
512.22
512.22
20.55
939.42
939.42
939.42
644.77
644.77
2027.26
2027.26
439.51
13.06
13.06
13.06
1826.68
1826.68
6829.20
6829.20
928.37
928.37
14.55
14.55
979.74
979.74
6035.75
6035.75
2810.22
2810.22
3393.06
3393.06
675.05
675.05
21.44
21.44
6878.81
6878.81
13.61
13.61
10.00
10.00
4441.80
4441.80
544.32
544.32
185.90
185.90
2708.94
2708.94
5008.72
5008.72
5555.41
5555.41
1988.93
1988.93
1886.99
56.59
56.59
56.59
47.18
47.18
6081.25
6081.25
577.50
577.50
1760.74
1760.74
4493.49
4493.49
2080.03
2080.03
139.20
139.20
2440.36
2440.36
10.00
10.00
969.19
969.19
2289.70
2289.70
1142.52
1142.52
1343.08
1343.08
1001.20
1001.20
126.31
126.31
78.68
78.68
995.82
995.82
171.93
171.93
1304.52
1304.52
2696.68
2696.68
787.79
787.79
1547.66
1547.66
4608.99
4608.99
4607.97
4607.97
1415.37
1415.37
4694.90
4694.90
1918.36
1918.36
6265.62
6265.62
1580.30
1580.30
3656.76
3656.76
724.07
724.07
156.86
156.86
2794.38
2794.38
4683.31
4683.31
888.49
888.49
3458.73
3458.73
3472.83
3472.83
3349.43
3349.43
4708.94
4708.94
3756.35
3756.35
4428.90
4428.90
761.20
761.20
3410.16
3410.16
3410.16
3410.16
2470.05
2470.05
955.96
955.96
4864.16
4864.16
4864.16
4864.16
964.06
964.06
5651.26
5651.26
5013.26
5013.26
1139.56
1139.56
924.92
924.92
4895.44
4895.44
4895.44
4895.44
2992.39
2992.39
1595.39
1595.39
924.37
924.37
5668.75
5668.75
3388.86
3388.86
3490.81
3490.81
3909.18
3909.18
3417.58
3417.58
3417.58
3417.58
3436.43
3436.43
769.65
769.65
2988.16
2988.16
5085.19
5085.19
229.86
229.86
3331.72
3331.72
72.60
72.60
1100.74
1100.74
3160.85
3160.85
5805.60
5805.60
5805.60
5805.60
5805.60
5805.60
2246.11
2246.11
5373.09
5373.09
3706.03
3706.03
3718.53
3718.53
4220.98
4220.98
1958.74
1958.74
6520.74
6520.74
6520.74
6520.74
6520.74
6520.74
5422.65
5422.65
4002.08
4002.08
265.48
265.48
913.10
913.10
1952.08
1952.08
2890.10
2890.10
961.50
961.50
5582.11
5582.11
2045.27
2045.27
2806.28
2806.28
2328.62
2328.62
3694.02
3694.02
6841.56
6841.56
3409.57
3409.57
4485.54
4485.54
2348.31
2348.31
4288.83
4288.83
2393.47
2393.47
2364.67
2364.67
664.04
664.04
2099.28
2099.28
106.01
106.01
559.12
559.12
77.58
77.58
445.74
445.74
20.43
20.43
4639.51
4639.51
61.55
61.55
104.38
104.38
14.50
14.50
4035.81
4035.81
413.64
413.64
1246.77
1246.77
4688.21
4688.21
2112.01
2112.01
719.89
719.89
936.46
936.46
995.43
995.43
2184.96
2184.96
932.75
932.75
14.32
14.32
40.85
40.85
2904.86
2904.86
796.82
796.82
956.75
956.75
5396.29
5396.29
967.03
967.03
2421.32
2421.32
63.53
63.53
101.66
101.66
13.34
13.34
165.01
165.01
165.01
57.01
57.01
636.00
1885.16
1885.16
3563.63
3563.63
5126.20
5126.20
4266.18
4266.18
970.38
970.38
82.86
82.86
3027.65
3027.65
76.72
76.72
1292.33
1292.33
986.11
986.11
4837.53
4837.53
2512.79
2512.79
2621.18
2621.18
1538.95
1538.95
752.24
752.24
1244.93
1244.93
1282.75
1282.75
4716.14
4716.14
284.75
284.75
275.66
275.66
219.59
219.59
2165.41
2165.41
3952.88
3952.88
5151.14
5151.14
1669.66
1669.66
3037.66
3037.66
927.15
927.15
2856.60
2856.60
50.40
50.40
5502.90
5502.90
32.33
32.33
1415.89
1415.89
41.87
41.87
867.81
867.81
927.42
927.42
3276.08
3276.08
76.58
76.58
5814.10
5814.10
633.91
633.91
2868.12
2868.12
3434.44
3434.44
10.00
10.00
64.67
64.67
151.05
151.05
393.66
393.66
574.30
574.30
2213.14
2213.14
2007.18
2007.18
1440.75
1440.75
495.21
495.21
1262.12
1262.12
1652.24
1652.24
310.19
310.19
228.24
228.24
20.80
20.80
1660.02
1660.02
617.22
617.22
226.04
226.04
10.00
10.00
2536.65
2536.65
35.26
35.26
695.02
695.02
1430.81
1430.81
709.66
709.66
269.82
269.82
34.39
34.39
10.00
10.00
952.64
952.64
1469.16
1469.16
1672.01
1672.01
1862.99
1862.99
1813.61
1813.61
3589.41
3589.41
3153.41
3153.41
4339.66
4339.66
574.32
574.32
1284.43
1284.43
120.43
120.43
5495.09
5495.09
6431.94
6431.94
764.17
764.17
941.38
941.38
445.35
445.35
831.69
831.69
61.28
61.28
20.72
20.72
60.97
60.97
6105.82
6105.82
5884.94
5884.94
5884.94
5884.94
96.48
96.48
3783.38
3783.38
296.73
296.73
296.73
451.83
451.83
1924.24
1924.24
1633.58
327.26
327.26
27.26
27.26
1190.47
1190.47
2393.71
2393.71
958.43
958.43
258.65
258.65
3366.61
3366.61
2491.76
2491.76
1049.65
1049.65
734.97
734.97
14.20
14.20
537.77
537.77
1321.41
1321.41
1792.34
1792.34
66.23
66.23
408.78
408.78
905.72
905.72
302.49
302.49
6527.16
6527.16
4197.23
4197.23
292.37
292.37
292.47
292.47
1044.33
1044.33
904.09
904.09
980.15
980.15
1536.28
1536.28
416.16
416.16
54.48
54.48
2047.20
2047.20
2553.41
2553.41
128.73
128.73
20.48
20.48
71.92
71.92
1534.23
1534.23
425.58
425.58
3970.18
3970.18
20.59
20.59
5757.56
5757.56
887.17
887.17
201.15
201.15
686.35
686.35
1599.91
1599.91
75.85
75.85
10.00
10.00
4193.79
4193.79
40.84
40.84
60.49
60.49
968.25
968.25
192.06
192.06
1859.61
1859.61
2384.97
2384.97
2211.51
2211.51
925.80
925.80
14.29
14.29
10.00
10.00
71.73
71.73
928.95
928.95
321.22
321.22
3386.51
3386.51
6303.07
6303.07
2264.11
2264.11
947.41
947.41
959.41
959.41
271.91
271.91
972.49
972.49
156.58
156.58
13.71
13.71
2789.57
2789.57
4616.14
4616.14
2743.40
2743.40
13.13
13.13
1715.35
1715.35
2223.04
2223.04
1012.51
1012.51
1886.47
1886.47
13.46
13.46
938.94
938.94
377.56
377.56
4293.34
4293.34
1463.41
1463.41
387.80
387.80
5312.02
5312.02
6484.80
6484.80
6484.80
6484.80
6152.68
6152.68
6152.68
6152.68
1035.42
1035.42
3073.08
3073.08
3073.08
3073.08
1911.89
1911.89
6750.18
6750.18
1073.02
1073.02
185.68
185.68
4419.50
4419.50
5389.27
5389.27
5389.27
5389.27
3066.20
3066.20
2944.68
2944.68
2731.98
2731.98
32.72
32.72
123.07
123.07
1204.69
1204.69
14.71
14.71
2129.65
2129.65
1616.38
1616.38
971.64
971.64
728.24
728.24
960.67
960.67
887.18
887.18
2176.74
2176.74
2176.74
2176.74
3192.62
3192.62
3192.62
3192.62
418.41
418.41
119.40
119.40
19.24
19.24
5049.77
5049.77
4388.27
4388.27
4227.89
4227.89
884.38
884.38
723.35
723.35
13.55
13.55
5442.16
5442.16
78.48
78.48
39.90
39.90
3344.77
3344.77
6213.79
6213.79
2392.69
2392.69
5041.29
5041.29
3158.58
3158.58
474.83
474.83
2737.52
2737.52
2102.22
2102.22
5997.47
5997.47
871.46
871.46
668.93
668.93
6666.02
6666.02
6623.86
6623.86
5653.22
5653.22
4490.49
4490.49
2641.02
2641.02
4788.94
4788.94
1905.13
1905.13
1891.30
1891.30
1891.30
1891.30
2137.08
2137.08
2089.72
2089.72
2766.73
2766.73
2766.73
2766.73
6447.35
6447.35
780.81
780.81
3749.68
3749.68
6670.45
6670.45
6670.45
6670.45
6670.45
6670.45
6670.45
6670.45
1558.21
1558.21
13.55
13.55
4873.36
4873.36
3861.15
3861.15
2791.27
2791.27
6629.50
6629.50
4299.89
4299.89
56.78
56.78
2245.89
2245.89
60.49
60.49
201.48
201.48
75.58
75.58
14.48
14.48
353.56
353.56
949.80
949.80
4932.90
4932.90
5084.50
5084.50
6236.74
6236.74
5557.45
5557.45
3283.38
3283.38
1682.81
1682.81
254.23
254.23
14.41
14.41
1156.13
1156.13
1642.65
1642.65
6501.93
6501.93
926.24
926.24
3847.07
3847.07
1070.18
1070.18
3465.31
3465.31
3090.29
3090.29
388.78
388.78
2271.09
2271.09
2032.73
2032.73
11.81
11.81
5489.62
5489.62
113.42
113.42
81.25
81.25
3670.42
3670.42
1855.34
1855.34
4517.31
4517.31
78.54
78.54
23.87
23.87
5208.99
5208.99
59.01
59.01
601.96
601.96
19.78
19.78
772.30
772.30
636.06
636.06
207.37
207.37
495.52
495.52
627.77
627.77
1198.72
1198.72
145.94
145.94
4841.97
4841.97
1375.85
1375.85
277.42
277.42
58.86
58.86
54.02
54.02
918.56
918.56
14.72
14.72
14.72
3718.61
3450.58
3450.58
989.95
989.95
429.70
429.70
225.40
225.40
147.06
147.06
77.17
77.17
526.72
526.72
3556.05
3556.05
4695.67
4695.67
17.22
17.22
60.95
60.95
263.73
263.73
316.74
316.74
785.81
785.81
1064.41
1064.41
913.33
913.33
4992.52
4992.52
4071.95
4071.95
3725.11
3725.11
2969.95
2969.95
3996.09
3996.09
40.39
40.39
40.39
582.59
13.64
13.64
101.28
101.28
101.28
397.45
191.55
191.55
191.55
1356.11
5391.08
5391.08
5391.08
4100.18
4100.18
1491.31
1491.31
464.68
464.68
56.65
19.78
19.78
19.78
560.57
560.57
1494.97
1494.97
446.17
446.17
2207.29
2207.29
3054.79
3054.79
5524.97
5524.97
3882.80
3882.80
5945.06
5945.06
611.97
611.97
766.95
766.95
766.95
88.06
88.06
88.06
43.16
43.16
95.33
95.33
1247.86
1247.86
2226.08
2226.08
1869.98
1869.98
373.62
373.62
145.52
145.52
41.09
41.09
226.16
226.16
129.12
129.12
4584.04
4584.04
1260.72
1260.72
4732.25
4732.25
6289.04
6289.04
1714.66
1714.66
3078.92
3078.92
1146.46
1146.46
1525.77
1525.77
483.87
483.87
227.51
227.51
39.86
39.86
2103.91
2103.91
433.53
433.53
903.42
903.42
3696.39
3696.39
698.75
698.75
1528.65
1528.65
2265.06
2265.06
5106.28
5106.28
4932.96
4932.96
4338.41
4338.41
3957.31
3957.31
3848.55
3848.55
5884.31
5884.31
1507.38
1507.38
971.35
971.35
3129.09
3129.09
2960.06
2960.06
3082.54
3082.54
4986.51
4986.51
964.80
964.80
1223.32
1223.32
1531.33
1531.33
1629.65
1629.65
75.88
75.88
367.28
367.28
286.29
286.29
880.88
880.88
1240.63
1240.63
3681.81
3681.81
4115.52
4115.52
959.03
959.03
1177.95
1177.95
3043.93
3043.93
725.30
725.30
252.22
252.22
64.95
64.95
4285.95
4285.95
10.89
10.89
2041.75
2041.75
6408.68
6408.68
105.21
105.21
10.00
10.00
373.41
373.41
202.87
202.87
75.74
75.74
468.33
468.33
15.21
15.21
776.38
776.38
3744.54
3744.54
13.99
13.99
4475.68
4475.68
2963.05
2963.05
13.73
13.73
3441.55
3441.55
6520.35
6520.35
2977.91
2977.91
3021.54
3021.54
2382.71
2382.71
1354.39
1354.39
108.81
108.81
3672.61
3672.61
4474.45
4474.45
1113.82
1113.82
4942.98
4942.98
2293.57
2293.57
2801.45
2801.45
3030.60
3030.60
972.59
972.59
346.41
346.41
1331.28
1331.28
2272.80
2272.80
6151.55
6151.55
5490.25
5490.25
2939.73
2939.73
970.57
970.57
3270.39
3270.39
13.69
13.69
4285.13
4285.13
98.28
98.28
615.08
615.08
1331.13
1331.13
6805.33
6805.33
6805.33
6805.33
160.70
160.70
19.68
19.68
3542.15
3542.15
820.28
820.28
4216.03
4216.03
13.92
13.92
1233.33
1233.33
2017.83
2017.83
4295.86
4295.86
96.06
96.06
970.24
970.24
1527.12
1527.12
10.00
10.00
6017.23
6017.23
4552.10
4552.10
2722.85
2722.85
5841.34
5841.34
412.91
412.91
2646.29
2646.29
6063.30
6063.30
5523.94
5523.94
2621.41
2621.41
1639.22
1639.22
714.27
714.27
1050.87
1050.87
19.67
19.67
163.38
163.38
1790.43
1790.43
1771.01
1771.01
13.05
13.05
1790.48
1790.48
1790.48
1790.48
998.38
998.38
187.47
187.47
938.41
938.41
1655.92
1655.92
972.66
972.66
18.47
18.47
4580.68
4580.68
17.11
17.11
17.11
21.06
21.06
310.51
2753.81
2753.81
116.86
116.86
967.58
967.58
1961.73
1961.73
984.03
984.03
3236.54
3236.54
1875.42
1875.42
5367.71
5367.71
13.31
13.31
1149.11
1149.11
14.00
14.00
29.06
29.06
14.38
14.38
485.62
485.62
21.44
21.44
86.83
86.83
951.85
951.85
1952.47
1952.47
3110.78
3110.78
1444.57
1444.57
15.07
15.07
935.66
935.66
135.34
135.34
601.23
601.23
13.44
13.44
13.63
13.63
1479.38
1479.38
302.70
302.70
973.74
973.74
424.93
424.93
42.34
42.34
21.33
21.33
2559.73
2559.73
852.13
852.13
1744.90
1744.90
4305.41
4305.41
75.19
75.19
31.94
31.94
227.07
227.07
125.16
125.16
870.55
870.55
26.10
26.10
1921.79
1921.79
62.91
62.91
47.36
47.36
954.25
954.25
123.52
123.52
970.74
970.74
3292.00
3292.00
3292.00
3292.00
6962.20
6962.20
1790.21
1790.21
1324.93
1324.93
1324.93
1324.93
202.83
202.83
6370.26
6370.26
2987.43
2987.43
4600.30
4600.30
302.38
302.38
2202.09
2202.09
4028.69
4028.69
16.11
16.11
1935.96
1935.96
1935.96
1935.96
904.22
904.22
224.30
224.30
6444.01
6444.01
6444.01
6444.01
2141.41
2141.41
6833.41
6833.41
6833.41
6833.41
5506.75
5506.75
144.97
144.97
690.33
690.33
869.95
869.95
1935.28
1935.28
4578.03
4578.03
4846.49
4846.49
4784.12
4784.12
2947.37
2947.37
6087.28
6087.28
893.94
893.94
5390.19
5390.19
1415.93
1415.93
4622.74
4622.74
4622.74
4622.74
5469.13
5469.13
5365.91
5365.91
1211.10
1211.10
6771.85
6771.85
230.55
230.55
6695.48
6695.48
6684.82
6684.82
3480.25
3480.25
102.72
102.72
3593.71
3593.71
70.70
70.70
256.61
256.61
973.65
973.65
6905.62
6905.62
6905.62
6905.62
6905.62
6905.62
6905.62
6905.62
6905.62
6905.62
869.71
869.71
3116.32
3116.32
3116.32
3116.32
3116.32
3116.32
3116.32
3116.32
1851.79
1851.79
2044.05
2044.05
1976.75
1976.75
5636.68
5636.68
5636.68
5636.68
5636.68
5636.68
557.56
557.56
3142.67
3142.67
3142.67
3142.67
2458.13
2458.13
822.59
822.59
3610.82
3610.82
5425.32
5425.32
5425.32
5425.32
5425.32
5425.32
1656.59
1656.59
12.76
12.76
6153.90
6153.90
2741.47
2741.47
2039.01
2039.01
1791.11
1791.11
6506.51
6506.51
978.32
978.32
5130.68
5130.68
722.93
722.93
3235.54
3235.54
1776.83
1776.83
972.77
972.77
1219.15
1219.15
373.72
373.72
63.26
63.26
474.45
474.45
937.24
937.24
36.17
36.17
18.36
18.36
145.39
145.39
13.94
13.94
5317.74
5317.74
1354.80
1354.80
3788.29
3788.29
56.30
56.30
13.61
13.61
216.11
216.11
6288.99
6288.99
972.14
972.14
1317.74
1317.74
938.38
938.38
373.12
373.12
60.81
60.81
21.33
21.33
1365.02
1365.02
435.71
435.71
1500.99
1500.99
342.04
342.04
342.04
11.98
11.98
18.91
18.91
178.31
13.57
13.57
70.72
70.72
61.36
61.36
2377.98
2377.98
1269.32
1269.32
1295.02
1295.02
6079.68
6079.68
1635.67
1635.67
14.34
14.34
85.44
85.44
2577.39
2577.39
153.12
153.12
12.01
12.01
1541.12
1541.12
52.17
52.17
3311.07
3311.07
955.76
955.76
3773.92
3773.92
968.17
968.17
14.19
14.19
98.08
98.08
91.32
91.32
222.28
222.28
2380.01
2380.01
135.86
135.86
1271.98
1271.98
408.05
408.05
14.40
14.40
1109.45
1109.45
127.42
127.42
907.05
907.05
6366.72
6366.72
255.87
255.87
4148.72
4148.72
14.39
14.39
73.28
73.28
525.58
525.58
149.04
149.04
149.04
149.04
107.95
107.95
107.95
750.82
104.47
62.24
4145.87
4145.87
1929.95
1929.95
1335.79
1335.79
297.83
297.83
3739.41
3739.41
959.83
959.83
792.26
792.26
824.34
824.34
3358.43
3358.43
1273.84
1273.84
44.19
44.19
154.11
154.11
988.03
988.03
99.23
99.23
99.23
99.23
10.00
10.00
10.00
10.00
10.00
480.37
480.37
480.37
2356.81
203.61
203.61
61.95
2938.29
82.18
67.25
67.25
55.18
55.18
55.18
37.82
37.82
37.82
83.55
83.55
103.70
103.70
89.84
89.84
21.59
21.59
4619.12
4619.12
954.14
954.14
1436.36
1436.36
354.48
354.48
1941.74
1941.74
3111.52
3111.52
18.92
18.92
761.80
761.80
15.12
15.12
209.18
209.18
498.79
498.79
21.25
21.25
31.26
31.26
1398.63
1398.63
116.74
116.74
102.88
102.88
76.07
76.07
348.37
348.37
76.85
76.85
75.98
75.98
75.98
309.63
369.14
369.14
405.46
405.46
405.46
243.78
243.78
243.78
63.23
63.23
21.22
27.86
274.79
274.79
79.97
79.97
145.84
145.84
44.47
44.47
5713.65
5713.65
992.67
992.67
516.19
516.19
61.44
61.44
958.47
958.47
149.46
149.46
44.01
44.01
61.60
61.60
5924.73
5924.73
43.51
43.51
109.17
109.17
363.43
363.43
12.13
12.13
74.43
74.43
74.43
74.43
41.02
41.02
1118.22
248.25
2512.72
2512.72
2512.72
85.20
85.20
85.20
16.10
16.10
26.61
26.61
26.61
26.61
19.88
19.88
19.88
359.09
359.09
359.09
359.09
2335.16
2335.16
42.19
2874.60
2290.05
2675.22
2675.22
3433.41
3433.41
14.22
14.22
2084.44
2084.44
1438.20
1438.20
3830.23
3830.23
85.49
85.49
25.37
25.37
28.96
28.96
83.40
83.40
443.99
443.99
443.99
762.04
762.04
10.00
45.71
45.71
42.28
42.28
29.23
29.23
14.05
14.05
78.23
78.23
19.04
19.04
212.87
212.87
51.70
51.70
42.47
42.47
719.14
719.14
719.14
17.94
17.94
17.94
29.62
53.14
10.00
10.00
1896.17
1896.17
2981.92
2981.92
197.64
197.64
197.64
96.42
179.77
179.77
58.14
58.14
58.14
62.91
71.61
71.61
2253.12
2253.12
2253.12
105.80
105.80
1005.67
1005.67
162.61
162.61
92.64
92.64
1496.21
1496.21
1496.21
132.36
132.36
132.36
136.76
136.76
13.75
13.75
10.00
881.85
1653.87
1653.87
3589.43
3589.43
1856.93
1856.93
3915.16
3915.16
1887.96
1887.96
1281.78
1281.78
201.68
201.68
3372.44
3372.44
40.59
40.59
10.00
10.00
10.00
10.00
254.64
254.64
254.64
299.64
299.64
299.64
299.64
226.31
226.31
226.31
108.50
108.50
729.51
729.51
729.51
16.01
16.01
477.23
477.23
14.78
14.78
176.52
63.60
295.44
1452.89
1452.89
506.51
506.51
31.89
31.89
98.58
98.58
10.21
10.21
187.18
187.18
1150.50
1150.50
14.53
14.53
123.21
123.21
22.85
22.85
14.35
14.35
881.62
881.62
387.03
387.03
48.56
48.56
2550.42
2550.42
14.33
14.33
1516.50
1516.50
1516.50
305.17
305.17
305.17
305.17
85.57
85.57
85.57
287.49
287.49
13.61
61.60
2619.42
811.21
117.42
117.42
2272.22
2272.22
83.56
83.56
1475.68
1475.68
1213.27
1213.27
721.37
721.37
861.48
861.48
553.26
553.26
17.16
17.16
16.98
16.98
716.53
716.53
47.87
47.87
81.65
81.65
81.65
10.00
10.00
10.00
526.87
526.87
2233.60
2233.60
2233.60
80.26
80.26
80.26
44.66
44.66
44.66
18.84
56.24
56.24
780.69
780.69
938.70
938.70
3515.17
3515.17
1637.87
1637.87
2368.45
2368.45
2368.45
2368.45
1522.45
1522.45
400.64
400.64
2526.03
2526.03
225.97
225.97
2828.74
2828.74
2843.09
2843.09
1975.44
1975.44
940.41
940.41
3829.02
3829.02
3253.97
3253.97
3253.97
3253.97
3253.97
3253.97
3253.97
3253.97
2782.44
2782.44
3828.72
3828.72
57.69
57.69
1596.66
1596.66
937.97
937.97
1929.88
1929.88
2157.99
2157.99
4223.18
4223.18
4311.24
4311.24
3032.94
3032.94
122.15
122.15
3472.62
3472.62
582.48
582.48
168.75
168.75
880.88
880.88
3473.46
3473.46
67.18
67.18
1860.94
1860.94
4059.50
4059.50
4059.50
4059.50
310.10
310.10
899.89
899.89
3649.27
3649.27
939.16
939.16
725.64
725.64
3003.07
3003.07
1608.36
1608.36
2830.27
2830.27
293.03
293.03
2852.38
2852.38
3796.59
3796.59
3894.67
3894.67
2527.65
2527.65
1275.29
1275.29
3696.86
3696.86
3696.86
3696.86
6564.37
6564.37
4124.54
4124.54
345.50
345.50
1115.97
1115.97
3507.69
3507.69
3507.69
3507.69
1298.10
1298.10
2971.30
2971.30
1402.35
1402.35
6162.79
6162.79
6162.79
6162.79
511.40
511.40
3423.62
3423.62
3197.55
3197.55
6615.55
6615.55
5198.55
5198.55
5198.55
5198.55
5198.55
5198.55
5198.55
5198.55
5660.70
5660.70
16.50
16.50
1261.22
1261.22
10.00
10.00
67.39
67.39
1958.73
1958.73
103.55
103.55
2137.66
2137.66
29.52
29.52
10.00
10.00
79.72
79.72
162.08
162.08
53.18
53.18
88.04
88.04
88.85
88.85
158.06
158.06
56.12
56.12
51.20
51.20
929.94
929.94
1378.43
1378.43
4513.25
4513.25
6089.88
6089.88
4640.36
4640.36
4640.36
4640.36
4640.36
4640.36
4640.36
4640.36
4640.36
4640.36
6457.23
6457.23
3007.81
3007.81
1921.65
1921.65
1441.80
1441.80
4040.07
4040.07
15.70
15.70
4286.26
4286.26
59.68
59.68
5021.01
5021.01
130.75
130.75
129.29
129.29
1662.87
1662.87
1084.51
1084.51
3840.56
3840.56
95.99
95.99
2879.86
2879.86
978.94
978.94
13.31
13.31
15.59
15.59
4407.03
4407.03
987.94
987.94
169.62
169.62
64.95
64.95
532.71
532.71
699.16
699.16
4250.21
4250.21
402.02
402.02
3954.96
3954.96
646.46
646.46
1573.40
1573.40
457.99
457.99
3034.86
3034.86
70.91
70.91
102.58
102.58
3104.03
3104.03
145.84
145.84
81.78
81.78
66.12
66.12
47.37
47.37
899.95
899.95
3893.17
3893.17
1428.84
1428.84
114.84
114.84
14.52
14.52
6441.14
6441.14
70.05
70.05
553.27
553.27
40.93
40.93
13.93
13.93
909.11
909.11
3402.74
3402.74
170.81
170.81
170.81
170.81
56.97
56.97
242.13
242.13
227.78
31.27
31.27
170.17
170.17
86.22
1052.95
1052.95
10.00
10.00
2702.46
2702.46
76.16
76.16
13.68
13.68
6577.09
6577.09
395.48
395.48
251.00
251.00
4383.54
4383.54
1698.68
1698.68
3534.45
3534.45
467.99
467.99
2504.91
2504.91
1812.87
1812.87
2154.40
2154.40
4892.93
4892.93
3094.83
3094.83
1048.93
1048.93
86.91
86.91
643.14
643.14
5960.84
5960.84
68.88
68.88
923.56
923.56
5174.30
5174.30
960.26
960.26
1994.88
1994.88
5344.06
5344.06
228.00
228.00
1236.99
1236.99
17.74
17.74
87.50
87.50
1458.56
1458.56
18.98
18.98
20.46
20.46
10.00
10.00
3720.97
3720.97
855.79
855.79
62.83
62.83
140.55
140.55
4452.68
4452.68
10.00
10.00
981.47
981.47
2214.27
2214.27
2473.91
2473.91
37.96
37.96
10.00
10.00
372.10
372.10
10.28
10.28
45.31
45.31
83.83
83.83
4394.08
4394.08
960.02
960.02
190.88
190.88
24.93
24.93
6826.47
6826.47
6193.34
6193.34
6900.12
6900.12
6997.38
6997.38
1301.27
1301.27
5107.51
5107.51
940.07
940.07
7031.99
7031.99
1600.03
1600.03
1418.72
1418.72
456.50
456.50
1458.48
1458.48
3166.49
3166.49
3166.49
3166.49
3166.49
3166.49
2384.14
2384.14
968.72
968.72
4979.37
4979.37
4996.80
4996.80
14.77
14.77
4140.99
4140.99
997.35
997.35
1761.77
1761.77
4450.01
4450.01
6234.76
6234.76
1134.40
1134.40
3407.65
3407.65
514.25
514.25
1598.25
1598.25
4192.17
4192.17
1177.96
1177.96
3562.95
3562.95
177.98
177.98
987.33
987.33
188.16
188.16
3768.29
3768.29
3048.10
3048.10
3048.10
3048.10
2769.45
2769.45
2755.54
2755.54
5396.75
5396.75
4338.95
4338.95
971.01
971.01
3123.04
3123.04
3123.04
3123.04
968.11
968.11
3044.79
3044.79
3986.52
3986.52
1811.08
1811.08
982.37
982.37
11.59
11.59
232.18
232.18
968.63
968.63
584.64
584.64
941.42
941.42
21.28
21.28
2606.25
2606.25
138.09
138.09
219.34
219.34
988.57
988.57
29.82
29.82
112.78
112.78
1896.99
1896.99
2729.82
2729.82
1009.29
1009.29
1807.61
1807.61
593.98
593.98
14.03
14.03
5793.99
5793.99
28.95
28.95
1148.81
1148.81
939.42
939.42
2235.66
2235.66
6108.78
6108.78
228.27
228.27
4397.05
4397.05
4397.05
4696.05
4519.47
4519.47
882.14
882.14
2579.80
2579.80
302.04
302.04
67.31
67.31
125.00
125.00
926.51
926.51
600.31
600.31
13.89
13.89
57.02
57.02
948.13
948.13
773.24
773.24
85.92
85.92
972.34
972.34
2522.67
2522.67
3932.96
3932.96
684.45
684.45
414.22
414.22
2592.79
2592.79
2753.38
2753.38
749.27
749.27
2318.14
2318.14
111.75
111.75
10.00
10.00
3855.20
3855.20
882.40
882.40
10.00
10.00
20.81
20.81
499.12
499.12
1060.53
1060.53
14.50
14.50
755.06
755.06
10.00
10.00
10.00
55.28
55.28
55.28
55.28
55.28
41.29
41.29
41.29
106.18
993.40
1836.28
965.97
965.97
5167.20
5167.20
2716.30
2716.30
933.35
933.35
12.96
12.96
21.14
21.14
44.05
44.05
667.42
667.42
667.42
93.99
93.99
119.41
30.48
30.48
12.56
12.56
1426.56
1426.56
84.52
84.52
182.11
182.11
4262.39
4262.39
4396.43
4396.43
1017.77
1017.77
210.24
210.24
99.18
99.18
62.80
62.80
145.36
145.36
823.62
823.62
59.26
59.26
2695.83
2695.83
136.45
136.45
14.70
14.70
141.92
141.92
141.92
15.07
15.07
15.07
15.07
75.07
75.07
75.07
75.07
75.07
10.00
10.00
27.45
27.45
41.27
55.70
55.70
1190.70
125.35
2812.99
2881.01
2881.01
447.21
447.21
289.31
289.31
3250.63
3250.63
4853.37
4853.37
3287.69
3287.69
834.18
834.18
1040.08
1040.08
59.67
59.67
2697.92
2697.92
208.56
208.56
2038.38
2038.38
82.28
82.28
923.05
923.05
2675.15
2675.15
109.57
109.57
2411.37
2411.37
1412.51
1412.51
60.57
60.57
1457.85
1457.85
5187.20
5187.20
708.18
708.18
84.13
84.13
84.13
52.83
744.19
744.19
45.99
45.99
469.53
469.53
6371.14
6371.14
2676.85
2676.85
590.87
590.87
68.43
68.43
68.43
136.70
136.70
992.82
2496.24
2496.24
3391.39
3391.39
3391.39
19.70
328.93
328.93
508.10
508.10
164.45
164.45
245.60
245.60
442.19
442.19
82.57
82.57
16.13
16.13
40.82
40.82
40.92
40.92
108.75
108.75
56.06
56.06
161.13
161.13
1270.94
1270.94
1270.94
828.79
118.81
118.81
239.67
239.67
239.67
3238.96
14.09
14.09
3110.97
3110.97
3110.97
2440.15
2440.15
936.82
936.82
5783.95
20.71
20.71
20.71
83.77
83.77
83.77
62.48
426.56
426.56
894.73
894.73
879.33
879.33
180.22
180.22
204.26
204.26
3797.98
3797.98
184.85
184.85
332.93
332.93
332.93
10.00
10.00
10.00
10.00
10.00
10.00
10.00
128.59
128.59
128.59
2919.32
684.90
3506.05
954.19
954.19
726.13
726.13
2704.18
2704.18
2639.35
2639.35
17.16
17.16
12.96
12.96
13.37
13.37
244.43
244.43
575.86
575.86
1488.13
1488.13
3961.99
3961.99
620.78
620.78
1824.94
1824.94
2262.43
2262.43
1615.43
1615.43
81.46
81.46
60.22
60.22
96.57
96.57
1011.46
1011.46
210.13
210.13
15.57
15.57
969.70
969.70
2879.95
2879.95
945.46
945.46
123.69
123.69
26.92
26.92
172.75
172.75
1515.51
1515.51
925.87
925.87
5522.42
5522.42
1071.58
1071.58
1367.99
1367.99
1062.38
1062.38
944.10
944.10
2277.65
2277.65
2500.86
2500.86
5404.01
5404.01
2904.74
2904.74
17.59
17.59
17.59
103.07
103.07
103.07
103.07
103.07
103.07
149.03
149.03
149.03
428.28
428.28
4247.72
449.74
1717.93
1685.57
1967.19
1967.19
6503.88
6503.88
17.08
17.08
4582.47
4582.47
2206.42
2206.42
735.98
735.98
14.21
14.21
102.29
102.29
40.64
40.64
37.55
37.55
2184.82
2184.82
825.93
825.93
903.93
903.93
226.59
226.59
164.54
164.54
958.89
958.89
862.73
862.73
971.63
971.63
4487.38
4487.38
93.24
93.24
86.79
86.79
1660.56
1660.56
6996.03
6996.03
833.05
833.05
941.70
941.70
3079.70
3079.70
82.22
82.22
283.88
283.88
283.88
45.54
367.20
367.20
20.84
20.84
1245.44
1245.44
1837.97
1837.97
260.38
260.38
260.38
52.02
52.02
52.02
68.27
68.27
1328.70
156.61
1462.29
1462.29
2020.01
2020.01
209.27
209.27
4784.90
4784.90
2984.47
2984.47
164.54
164.54
1620.68
1620.68
13.51
13.51
1276.51
1276.51
2844.66
2844.66
3369.24
3369.24
3516.69
3516.69
3516.69
3516.69
2636.88
2636.88
3369.91
3369.91
1226.03
1226.03
95.24
95.24
15.39
15.39
66.63
66.63
42.98
42.98
3952.05
3952.05
892.01
892.01
3029.24
3029.24
5038.04
5038.04
1011.39
1011.39
41.34
41.34
20.47
20.47
2746.26
2746.26
10.00
10.00
3115.73
3115.73
3115.73
3115.73
2902.23
2902.23
974.83
974.83
1367.17
1367.17
2607.29
2607.29
3610.81
3610.81
1505.97
1505.97
18.59
18.59
2754.01
2754.01
2472.63
2472.63
2741.47
2741.47
5673.73
5673.73
7004.71
7004.71
2580.57
2580.57
6715.31
6715.31
6715.31
6715.31
4977.94
4977.94
79.36
79.36
42.12
42.12
2857.67
2857.67
3227.22
3227.22
1006.94
1006.94
68.03
68.03
1591.33
1591.33
5803.61
5803.61
2954.19
2954.19
3690.00
3690.00
16.08
16.08
1886.56
1886.56
2167.37
2167.37
3942.40
3942.40
3942.40
3942.40
739.14
739.14
5009.65
5009.65
5009.65
5009.65
2852.32
2852.32
4721.63
4721.63
4625.56
4625.56
4625.56
4625.56
5110.17
5110.17
6097.98
6097.98
3242.92
3242.92
1295.56
1295.56
1221.90
1221.90
3781.28
3781.28
6490.14
6490.14
4268.76
4268.76
5481.56
5481.56
4206.49
4206.49
6909.60
6909.60
3079.14
3079.14
14.15
14.15
20.81
20.81
2357.54
2357.54
12.99
12.99
66.28
66.28
16.17
16.17
40.03
40.03
1581.13
1581.13
43.76
43.76
1929.56
1929.56
386.24
386.24
144.31
144.31
28.85
28.85
16.46
16.46
13.00
13.00
114.84
114.84
118.99
118.99
1873.17
1873.17
61.96
61.96
14.74
14.74
20.86
20.86
20.86
13.67
13.67
119.07
119.07
60.87
60.87
60.87
10.00
10.00
31.99
31.99
84.45
84.45
68.41
68.41
1255.28
29.31
1132.61
1132.61
641.97
641.97
3219.30
3219.30
91.87
91.87
3031.99
3031.99
53.32
53.32
3934.18
3934.18
305.30
305.30
305.30
305.30
305.30
173.27
173.27
173.27
173.27
16.65
16.65
42.08
42.08
42.08
81.82
81.82
81.82
42.46
42.46
42.46
3177.60
3177.60
3177.60
329.35
329.35
329.35
42.24
31.89
31.89
2583.07
1536.97
1101.94
1954.92
3498.47
3313.59
3313.59
13.04
13.04
1185.70
1185.70
273.99
273.99
12.84
12.84
752.02
752.02
28.24
28.24
28.24
905.62
4565.17
4565.17
3583.33
3583.33
590.94
590.94
4536.63
4536.63
278.21
278.21
278.21
14.61
14.61
14.61
152.52
152.52
152.52
176.96
85.64
675.67
3304.09
3304.09
977.38
977.38
3802.47
3802.47
811.78
811.78
1627.05
1627.05
5804.90
5804.90
6045.08
6045.08
6473.33
6473.33
973.03
973.03
1332.09
1332.09
5115.60
5115.60
4713.28
4713.28
102.12
102.12
10.00
10.00
115.99
115.99
202.28
202.28
10.00
10.00
232.94
232.94
3038.91
3038.91
127.13
127.13
1835.02
1835.02
409.94
409.94
124.55
124.55
6658.07
6658.07
2804.93
2804.93
17.93
17.93
29.09
29.09
13.56
13.56
864.22
864.22
13.71
13.71
13.71
337.51
337.51
337.51
337.51
49.42
49.42
49.42
105.77
105.77
309.00
431.56
431.56
431.56
114.99
50.04
1269.38
1269.38
442.00
442.00
5098.81
5098.81
5073.93
5073.93
852.21
852.21
505.82
505.82
978.59
978.59
2015.04
2015.04
13.86
13.86
2163.99
2163.99
351.83
351.83
1557.41
1557.41
593.69
593.69
2811.96
2811.96
1808.62
1808.62
6580.64
6580.64
69.66
69.66
2132.67
2132.67
969.05
969.05
90.62
90.62
5225.74
5225.74
1238.83
1238.83
720.97
720.97
2810.53
2810.53
2810.53
1583.82
1824.89
1824.89
13.20
13.20
6800.69
6800.69
5859.02
5859.02
3578.40
3578.40
3578.40
3578.40
43.79
43.79
2674.27
2674.27
804.05
804.05
13.60
13.60
3691.20
3691.20
554.36
554.36
207.05
207.05
4238.50
4238.50
3879.70
3879.70
971.12
971.12
5476.46
5476.46
3004.10
3004.10
3004.10
3004.10
2670.04
2670.04
2485.11
2485.11
2485.11
2485.11
6783.54
6783.54
3013.34
3013.34
5056.13
5056.13
6266.74
6266.74
5713.02
5713.02
6926.91
6926.91
4056.02
4056.02
3793.08
3793.08
3844.94
3844.94
333.35
333.35
3375.07
3375.07
4654.10
4654.10
975.79
975.79
3316.22
3316.22
3316.22
3316.22
3316.22
3316.22
428.62
428.62
552.95
552.95
608.92
608.92
5760.86
5760.86
906.20
906.20
4301.58
4301.58
2857.68
2857.68
4725.29
4725.29
971.55
971.55
84.20
84.20
414.45
414.45
65.91
65.91
2419.29
2419.29
1744.50
1744.50
53.05
53.05
1624.40
1624.40
54.19
54.19
10.24
10.24
60.74
60.74
943.16
943.16
74.23
74.23
16.78
16.78
967.77
967.77
375.73
375.73
375.73
13.57
5075.65
5075.65
13.20
13.20
1037.83
1037.83
4251.61
4251.61
5858.36
5858.36
3322.74
3322.74
698.64
698.64
1126.14
1126.14
1280.59
1280.59
1586.33
1586.33
328.03
328.03
127.81
127.81
729.74
729.74
2765.04
2765.04
24.73
24.73
702.62
702.62
104.87
104.87
32.97
32.97
4425.34
4425.34
904.15
904.15
3262.15
3262.15
985.41
985.41
1491.60
1491.60
998.49
998.49
113.64
113.64
10.00
10.00
962.69
962.69
2565.26
2565.26
229.86
229.86
632.48
632.48
112.75
112.75
112.75
174.51
174.51
174.51
174.51
14.57
14.57
897.38
897.38
364.07
3185.24
3185.24
2562.95
2562.95
5152.61
5152.61
5031.55
5031.55
499.72
499.72
5511.88
5511.88
2130.37
2130.37
3755.85
3755.85
39.03
39.03
4465.16
4465.16
922.16
922.16
2442.60
2442.60
43.60
43.60
2207.35
2207.35
42.03
42.03
3221.77
3221.77
47.92
47.92
2575.55
2575.55
811.32
811.32
599.54
599.54
13.71
13.71
775.60
775.60
74.89
74.89
1609.51
1609.51
95.21
95.21
20.99
20.99
936.43
936.43
1664.23
1664.23
52.55
52.55
161.91
161.91
127.28
127.28
52.11
52.11
13.83
13.83
13.83
184.13
184.13
116.89
116.89
30.69
1954.56
1954.56
563.84
563.84
818.68
818.68
420.03
420.03
49.96
49.96
4804.49
4804.49
1670.19
1670.19
3962.30
3962.30
63.89
63.89
989.25
989.25
75.70
75.70
137.05
137.05
13.93
13.93
75.33
75.33
1218.49
1218.49
268.15
268.15
105.07
105.07
16.47
16.47
439.25
439.25
5189.89
5189.89
3281.24
3281.24
5501.98
5501.98
4425.01
4425.01
11.03
11.03
3404.11
3404.11
14.44
14.44
942.58
942.58
942.58
167.32
1049.86
1049.86
10.00
10.00
1560.59
1560.59
83.90
83.90
18.64
18.64
1466.81
1466.81
53.02
53.02
53.02
3511.82
2852.12
2852.12
1780.39
1780.39
856.48
856.48
729.86
729.86
121.85
121.85
121.85
932.21
227.92
227.92
227.92
1490.72
1490.72
6858.77
6858.77
964.23
964.23
964.23
964.23
1408.36
1408.36
4929.49
4929.49
2605.16
2605.16
24.57
24.57
413.20
413.20
1684.12
1684.12
64.40
64.40
52.17
52.17
1197.40
1197.40
2130.63
2130.63
3420.96
3420.96
2137.97
2137.97
99.83
99.83
576.24
576.24
445.44
10.00
10.00
10.00
377.99
377.99
1155.71
1155.71
20.83
20.83
85.01
85.01
76.78
76.78
14.79
14.79
458.96
458.96
1510.16
1510.16
57.92
57.92
2371.38
2371.38
1992.22
1992.22
1049.95
1049.95
87.54
87.54
5840.48
5840.48
290.39
290.39
2851.04
2851.04
103.36
103.36
13.32
13.32
30.61
30.61
80.62
80.62
2683.39
2683.39
52.67
52.67
1353.20
1353.20
1138.04
1138.04
35.24
35.24
16.43
16.43
282.87
282.87
960.29
960.29
449.36
449.36
6468.63
6468.63
946.77
946.77
4955.32
4955.32
3289.31
3289.31
2940.25
2940.25
70.78
70.78
971.10
971.10
225.16
225.16
959.24
959.24
83.20
83.20
83.20
136.54
136.54
16.67
91.67
91.67
14.88
14.88
61.54
61.54
3674.18
3674.18
17.96
17.96
4853.46
4853.46
6625.49
6625.49
401.16
401.16
1521.64
1521.64
26.73
26.73
53.47
53.47
1008.10
1008.10
4639.47
4639.47
868.98
868.98
3262.87
3262.87
394.92
394.92
3483.94
3483.94
1412.39
1412.39
945.87
945.87
13.77
13.77
1964.17
1964.17
21.20
21.20
40.26
40.26
3012.53
3012.53
5974.38
5974.38
5974.38
5974.38
4637.18
4637.18
269.36
269.36
3379.20
3379.20
542.60
542.60
43.03
43.03
184.87
184.87
1198.41
1198.41
412.35
412.35
272.38
272.38
144.57
144.57
50.08
50.08
970.49
970.49
74.27
74.27
79.12
79.12
202.13
202.13
5771.62
5771.62
145.79
145.79
1114.88
1114.88
139.15
139.15
14.32
14.32
72.22
72.22
3823.53
3823.53
5373.72
5373.72
3884.66
3884.66
25.20
25.20
600.60
600.60
1061.37
1061.37
4492.95
4492.95
935.12
935.12
281.10
281.10
1239.64
1239.64
187.34
187.34
13.62
13.62
18.33
18.33
24.56
24.56
3958.20
3958.20
2831.37
2831.37
2147.66
2147.66
1625.80
1625.80
1625.80
1625.80
1639.85
1639.85
12.62
12.62
3253.35
3253.35
51.27
51.27
2554.25
2554.25
19.15
19.15
1950.07
1950.07
907.95
907.95
20.40
20.40
2434.63
2434.63
48.05
48.05
683.83
683.83
1208.12
1208.12
1480.38
1480.38
2874.76
2874.76
57.38
57.38
2339.72
2339.72
3231.13
3231.13
5689.88
5689.88
826.89
826.89
10.00
10.00
1646.13
1646.13
10.00
10.00
1634.87
1634.87
867.48
867.48
13.97
13.97
3864.67
3864.67
2490.34
2490.34
10.00
10.00
452.63
452.63
3541.32
3541.32
995.20
995.20
6881.73
6881.73
507.88
507.88
80.58
80.58
62.04
62.04
646.74
646.74
3142.95
3142.95
6674.98
6674.98
1927.35
1927.35
1927.35
1927.35
1927.35
1927.35
113.01
113.01
2278.21
2278.21
4230.58
4230.58
13.69
13.69
129.18
129.18
5443.67
5443.67
967.70
967.70
2910.79
2910.79
1742.38
1742.38
28.70
28.70
372.75
372.75
2905.63
2905.63
3505.86
3505.86
934.98
934.98
5462.86
5462.86
147.53
147.53
5289.67
5289.67
1640.91
1640.91
5664.34
5664.34
403.81
403.81
968.86
968.86
1845.39
1845.39
57.72
57.72
884.62
884.62
4902.15
4902.15
1406.15
1406.15
139.72
139.72
186.08
186.08
143.82
143.82
128.30
128.30
76.31
76.31
607.40
607.40
730.07
730.07
1024.29
1024.29
5679.84
5679.84
861.28
861.28
6747.36
6747.36
2479.08
2479.08
4719.76
4719.76
1919.73
1919.73
18.40
18.40
2227.69
2227.69
790.42
790.42
7457.77
7457.77
7457.77
7457.77
1734.77
1734.77
1415.42
1415.42
459.18
459.18
67.02
67.02
149.08
149.08
31.35
31.35
2295.07
2295.07
47.21
47.21
255.21
255.21
43.56
43.56
840.52
840.52
2418.75
2418.75
584.88
584.88
121.52
121.52
5286.49
5286.49
285.48
285.48
985.88
985.88
290.96
290.96
100.52
100.52
59.90
59.90
49.76
49.76
3281.92
3281.92
921.11
921.11
1190.08
1190.08
37.11
37.11
728.19
728.19
5126.07
5126.07
81.84
81.84
938.42
938.42
13.57
13.57
97.70
97.70
12.11
12.11
1191.25
1191.25
826.54
826.54
109.40
109.40
2065.72
2065.72
66.41
66.41
92.63
92.63
239.62
239.62
936.07
936.07
21.29
21.29
24.40
24.40
191.84
191.84
140.16
140.16
23.42
23.42
28.76
28.76
28.76
369.55
369.55
143.44
58.72
58.72
2320.64
2320.64
3653.71
3653.71
3653.71
3653.71
4625.18
4625.18
4625.18
4625.18
4182.30
4182.30
3883.67
3883.67
3306.65
3306.65
141.30
141.30
836.76
836.76
974.11
974.11
2491.66
2491.66
227.12
227.12
3656.57
3656.57
119.82
119.82
934.62
934.62
13.49
13.49
989.57
989.57
59.47
59.47
243.87
243.87
86.35
86.35
1288.04
1288.04
967.10
967.10
27.90
27.90
60.46
60.46
1069.32
1069.32
2396.07
2396.07
4065.24
4065.24
2058.23
2058.23
513.79
513.79
2607.72
2607.72
293.60
293.60
3015.63
3015.63
14.02
14.02
988.04
988.04
2570.80
2570.80
6903.91
6903.91
18.38
18.38
1698.13
1698.13
2324.34
2324.34
14.77
14.77
978.67
978.67
550.95
550.95
5134.49
5134.49
972.92
972.92
543.31
543.31
6845.39
6845.39
4131.64
4131.64
314.11
314.11
6126.94
6126.94
203.44
203.44
4482.33
4482.33
583.32
583.32
4139.13
4139.13
5546.88
5546.88
13.75
13.75
2928.61
2928.61
5379.05
5379.05
43.17
43.17
758.33
758.33
1058.33
1058.33
2639.50
2639.50
584.20
584.20
1974.07
1974.07
2913.84
2913.84
940.84
940.84
340.88
340.88
66.63
66.63
940.71
940.71
2752.36
2752.36
4190.74
4190.74
972.62
972.62
866.48
866.48
1545.81
1545.81
1207.81
1207.81
968.22
968.22
1051.39
1051.39
6957.24
6957.24
2780.53
2780.53
61.39
61.39
1903.48
1903.48
57.03
57.03
112.83
112.83
10.00
10.00
10.00
10.00
2695.64
2695.64
443.52
443.52
926.89
926.89
36.82
36.82
964.05
964.05
151.10
151.10
226.48
226.48
189.55
189.55
122.77
122.77
2726.90
2726.90
2808.61
2808.61
1379.78
1379.78
1742.34
1742.34
1243.87
1243.87
999.91
999.91
2794.42
2794.42
25.45
25.45
82.96
82.96
14.29
14.29
2067.61
2067.61
4172.04
4172.04
6191.50
6191.50
1744.63
1744.63
1606.20
1606.20
6903.36
6903.36
85.62
85.62
901.86
901.86
2379.87
2379.87
1004.33
1004.33
694.19
694.19
884.98
884.98
971.14
971.14
2069.17
2069.17
5378.43
5378.43
5378.43
5378.43
1431.06
1431.06
2476.06
2476.06
6096.93
6096.93
6096.93
6096.93
6096.93
6096.93
6972.19
6972.19
52.12
52.12
70.68
70.68
167.00
167.00
841.81
841.81
1886.86
1886.86
106.41
106.41
100.10
100.10
20.32
20.32
14.79
14.79
870.62
870.62
255.25
255.25
33.31
33.31
2990.59
2990.59
36.33
36.33
1000.74
1000.74
10.00
10.00
10.00
139.60
13.94
13.94
33.77
33.77
372.56
372.56
37.11
37.11
2352.57
2352.57
7032.30
7032.30
6798.30
6798.30
5593.13
5593.13
4813.58
4813.58
4102.93
4102.93
62.70
62.70
3614.97
3614.97
520.56
520.56
558.56
558.56
6957.19
6957.19
14.52
14.52
2408.65
2408.65
282.69
282.69
941.78
941.78
5334.34
5334.34
472.28
472.28
947.90
947.90
2840.48
2840.48
2840.48
2840.48
3994.44
3994.44
14.12
14.12
3215.63
3215.63
30.62
30.62
7067.65
7067.65
7067.65
7067.65
974.65
974.65
2579.52
2579.52
2579.52
307.13
6052.40
6052.40
6052.40
6052.40
6052.40
6052.40
6052.40
6052.40
7021.45
7021.45
14.05
14.05
1101.46
1101.46
80.70
80.70
15.06
15.06
31.02
31.02
892.47
892.47
120.60
120.60
13.35
13.35
49.78
49.78
4581.60
4581.60
4096.34
4096.34
653.79
653.79
550.33
550.33
1188.14
1188.14
1188.14
1188.14
5702.37
5702.37
3876.97
3876.97
16.10
16.10
406.53
406.53
1726.84
1726.84
570.83
570.83
4546.73
4546.73
4546.73
4546.73
2769.80
2769.80
6681.59
6681.59
7030.28
7030.28
2074.40
2074.40
3983.73
3983.73
1200.29
1200.29
1163.01
1163.01
6803.80
6803.80
11.32
11.32
2565.08
2565.08
755.29
755.29
1466.73
1466.73
2916.83
2916.83
15.21
15.21
111.27
111.27
2419.65
2419.65
6973.45
6973.45
895.48
895.48
1832.38
1832.38
122.25
122.25
132.96
132.96
132.96
2732.75
4410.80
4410.80
1881.24
1881.24
3739.49
3739.49
1582.87
1582.87
1582.87
1066.36
1066.36
1066.36
2200.29
2200.29
2200.29
2200.29
4410.34
4410.34
4410.34
2134.28
2134.28
895.90
895.90
1697.30
1697.30
878.63
878.63
1334.64
972.42
972.42
972.42
400.95
400.95
3025.68
3025.68
416.52
416.52
196.35
196.35
15.17
15.17
14.15
14.15
1435.98
1435.98
2669.87
2669.87
1062.03
1062.03
934.33
934.33
2585.67
904.50
904.50
904.50
2472.18
2472.18
1002.12
1002.12
3208.64
3208.64
958.40
958.40
3498.42
3498.42
4259.38
4259.38
2014.35
2014.35
1665.20
1665.20
6223.58
6223.58
6223.58
6223.58
1443.62
2991.56
2991.56
2991.56
2991.56
2991.56
2991.56
2991.56
648.36
648.36
3866.97
3866.97
4383.55
4383.55
6071.85
6071.85
553.53
553.53
2744.12
2744.12
3267.73
3267.73
970.41
970.41
759.60
759.60
2390.05
2390.05
4769.04
4769.04
714.41
714.41
6671.51
6671.51
527.19
527.19
2078.71
2078.71
3441.21
3441.21
4934.96
4934.96
62.13
62.13
4674.60
4674.60
6554.39
6554.39
58.45
58.45
889.75
889.75
421.44
421.44
1028.50
1028.50
255.45
255.45
290.10
290.10
91.09
91.09
88.86
88.86
120.25
120.25
3274.46
3274.46
3407.60
3407.60
2068.26
2068.26
85.91
85.91
1638.25
1638.25
1704.21
1704.21
2848.26
2848.26
1040.18
1040.18
13.00
13.00
456.54
456.54
14.65
14.65
69.86
69.86
3664.57
3664.57
20.20
20.20
4149.60
4149.60
1339.64
1339.64
5703.39
5703.39
6476.24
6476.24
130.76
130.76
1839.62
1839.62
3371.03
3371.03
46.43
46.43
10.84
10.84
113.23
113.23
69.04
69.04
51.94
51.94
3430.30
3430.30
60.46
60.46
2547.73
2547.73
1451.73
1451.73
14.05
14.05
14.05
10.00
10.00
10.00
14.22
606.37
606.37
10.00
73.59
73.59
18.83
18.83
4118.02
4118.02
2144.98
2144.98
120.95
120.95
924.64
924.64
126.58
126.58
55.86
55.86
17.74
17.74
20.94
20.94
42.14
42.14
1424.44
1424.44
5471.72
5471.72
96.22
96.22
785.50
785.50
50.02
50.02
1329.05
1329.05
3815.70
3815.70
13.62
13.62
1110.03
1110.03
2674.32
2674.32
44.42
44.42
975.00
975.00
67.54
67.54
167.44
167.44
28.53
28.53
16.43
16.43
298.47
298.47
206.17
206.17
76.94
76.94
142.61
142.61
374.14
374.14
5381.32
5381.32
721.41
721.41
989.85
989.85
167.95
167.95
1292.24
1292.24
163.66
163.66
292.30
292.30
5055.38
5055.38
42.34
42.34
27.41
27.41
2336.77
2336.77
44.76
44.76
45.96
45.96
41.76
41.76
18.26
18.26
181.00
181.00
65.45
65.45
37.84
37.84
65.81
65.81
20.75
20.75
66.59
66.59
1085.45
1085.45
4317.96
4317.96
188.38
188.38
17.07
17.07
2142.34
2142.34
20.25
20.25
1733.65
1733.65
598.52
598.52
2390.30
2390.30
291.76
291.76
2775.86
2775.86
3002.33
3002.33
3002.33
3002.33
3002.33
3002.33
3002.33
3002.33
3317.31
3317.31
3317.31
3317.31
3317.31
3317.31
3317.31
3317.31
1863.62
1863.62
5950.59
5950.59
13.65
13.65
747.39
747.39
1573.98
1573.98
4444.44
4444.44
2092.87
2092.87
801.38
801.38
3912.47
3912.47
1796.43
1796.43
986.85
986.85
1474.73
1474.73
960.90
960.90
15.93
15.93
321.28
321.28
136.78
136.78
622.15
622.15
1312.93
1312.93
29.43
29.43
4589.84
4589.84
1864.87
1864.87
693.24
693.24
46.16
46.16
2707.23
2707.23
10.00
10.00
3395.96
3395.96
2941.38
2941.38
2040.85
2040.85
71.49
71.49
72.01
72.01
114.42
114.42
64.04
64.04
273.39
273.39
73.01
73.01
25.77
25.77
806.73
806.73
975.07
975.07
101.99
101.99
175.91
175.91
175.91
175.91
14.20
14.20
14.20
14.20
13.19
13.19
27.88
53.25
3131.70
3131.70
1959.03
1959.03
3846.61
3846.61
13.65
13.65
1279.72
1279.72
14.72
14.72
2500.28
2500.28
294.76
294.76
77.44
77.44
74.30
74.30
13.11
13.11
21.27
21.27
21.29
21.29
14.10
14.10
172.27
172.27
14.06
14.06
197.03
197.03
1186.52
1186.52
845.62
845.62
18.37
18.37
174.88
174.88
1125.07
1125.07
39.07
39.07
45.54
45.54
373.12
373.12
2256.50
2256.50
42.40
42.40
1996.27
1996.27
1546.18
1546.18
108.99
108.99
2469.02
2469.02
33.07
33.07
2009.20
2009.20
701.81
701.81
1323.91
1323.91
1451.03
1451.03
3028.05
3028.05
3385.10
3385.10
1953.73
1953.73
306.86
306.86
2164.61
2164.61
966.71
966.71
54.33
54.33
44.86
44.86
862.52
862.52
1884.63
1884.63
231.48
231.48
2520.24
2520.24
50.05
50.05
85.90
85.90
999.85
999.85
29.60
29.60
17.64
17.64
772.23
772.23
116.54
116.54
127.08
127.08
39.24
39.24
901.05
901.05
1314.92
1314.92
14.08
14.08
5543.99
5543.99
2304.70
2304.70
4513.95
4513.95
267.97
267.97
957.71
957.71
254.69
254.69
1863.23
1863.23
246.09
246.09
89.02
89.02
906.59
906.59
2606.53
2606.53
54.82
54.82
584.05
584.05
4662.63
4662.63
891.52
891.52
330.71
330.71
976.45
976.45
1722.78
1722.78
57.92
57.92
17.75
17.75
19.75
19.75
21.84
21.84
173.70
173.70
13.98
13.98
4305.48
4305.48
13.68
13.68
372.72
372.72
301.46
301.46
2606.28
2606.28
140.47
140.47
71.11
71.11
74.70
74.70
1267.44
1267.44
940.91
940.91
867.50
867.50
339.45
339.45
176.88
176.88
114.36
114.36
2895.58
2895.58
5869.64
5869.64
939.60
939.60
3385.55
3385.55
102.68
102.68
922.99
922.99
205.82
205.82
163.90
163.90
13.69
13.69
47.18
47.18
33.22
33.22
56.15
56.15
615.99
615.99
1535.95
1535.95
1535.95
1535.95
6876.50
6876.50
171.74
171.74
953.22
953.22
5269.39
5269.39
1794.75
1794.75
15.34
15.34
15.34
12.68
1245.80
1245.80
1792.45
1792.45
1828.28
1828.28
46.52
46.52
928.27
928.27
3312.88
3312.88
699.62
699.62
699.62
699.62
13.55
13.55
3338.36
3338.36
2777.54
2777.54
12.01
12.01
710.82
710.82
57.57
57.57
1708.47
1708.47
4059.53
4059.53
972.99
972.99
5761.16
5761.16
4911.71
4911.71
17.89
17.89
7119.05
7119.05
1116.92
1116.92
15.69
15.69
4051.79
4051.79
1140.09
1140.09
6970.55
6970.55
2549.16
2549.16
2549.16
2549.16
2549.16
2549.16
2549.16
2549.16
3018.17
3018.17
4578.77
4578.77
4578.77
4578.77
4682.13
4682.13
4028.15
4028.15
4028.15
4028.15
2078.68
2078.68
5585.19
5585.19
936.63
936.63
1180.89
1180.89
5353.01
5353.01
14.01
14.01
3665.25
3665.25
4660.82
4660.82
4660.82
4660.82
4660.82
4660.82
244.28
244.28
941.75
941.75
1750.92
1750.92
6165.20
6165.20
55.80
55.80
3010.87
3010.87
2609.86
2609.86
3152.85
3152.85
13.96
13.96
2913.28
2913.28
708.84
708.84
1128.49
1128.49
10.72
10.72
938.03
938.03
56.88
56.88
2151.22
2151.22
2151.22
39.78
87.12
87.12
76.68
76.68
59.61
59.61
3270.89
3270.89
26.79
26.79
14.32
14.32
859.42
859.42
3680.93
3680.93
1889.00
1889.00
2155.20
2155.20
4327.29
4327.29
144.44
144.44
96.45
96.45
845.12
845.12
6935.41
6935.41
4777.54
4777.54
3975.10
3975.10
5952.81
5952.81
970.08
970.08
5466.65
5466.65
1233.37
1233.37
1261.67
1261.67
2889.33
2889.33
1989.48
1989.48
5706.09
5706.09
971.23
971.23
27.47
27.47
79.13
79.13
23.56
23.56
14.24
14.24
917.80
917.80
1680.97
1680.97
6710.22
6710.22
4293.35
4293.35
4080.68
4080.68
4713.97
4713.97
2445.98
2445.98
961.60
961.60
2796.29
2796.29
52.94
52.94
3836.57
3836.57
1753.04
1753.04
974.25
974.25
777.32
777.32
5363.42
5363.42
2629.22
2629.22
10.00
10.00
72.74
72.74
1322.24
1322.24
1322.24
5371.01
474.69
474.69
1563.97
1563.97
549.12
549.12
549.12
21.35
21.35
701.03
102.17
102.17
14.63
14.63
32.91
32.91
4137.35
4137.35
893.18
893.18
86.14
86.14
5636.56
5636.56
598.69
598.69
4649.12
4649.12
10.00
10.00
795.56
795.56
4639.42
4639.42
1777.49
1777.49
3086.29
3086.29
1050.64
1050.64
5387.93
5387.93
1777.98
1777.98
2242.39
2242.39
955.08
955.08
2125.38
2125.38
266.88
266.88
2017.78
2017.78
2395.43
2395.43
3013.11
3013.11
364.75
364.75
1307.13
1307.13
6362.93
6362.93
314.38
314.38
937.90
937.90
2584.60
2584.60
2584.60
2584.60
2584.60
2584.60
5372.27
5372.27
5593.63
5593.63
3292.45
3292.45
3047.38
3047.38
2609.77
2609.77
945.83
945.83
1018.91
1018.91
1472.55
1472.55
902.92
902.92
3054.26
3054.26
3054.26
3054.26
811.01
811.01
811.01
5166.10
5166.10
17.70
819.43
819.43
819.43
707.29
2548.43
2548.43
2548.43
1830.13
1830.13
14.81
14.81
3130.21
3130.21
4593.88
4593.88
4593.88
4593.88
2055.73
2055.73
4382.57
4382.57
6603.50
6603.50
2631.94
2631.94
4576.31
4576.31
4376.96
4376.96
81.85
81.85
769.31
769.31
91.44
91.44
4756.74
4756.74
16.43
16.43
3219.06
3219.06
951.25
951.25
14.31
14.31
62.13
62.13
557.06
557.06
1519.52
1519.52
4192.66
4192.66
351.82
351.82
937.98
937.98
711.10
711.10
13.29
13.29
1090.29
1090.29
938.95
938.95
3189.04
3189.04
2907.83
2907.83
2853.29
2853.29
15.42
15.42
12.98
12.98
4722.59
4722.59
304.74
304.74
894.75
894.75
1164.20
1164.20
1323.54
1323.54
4381.91
4381.91
15.10
15.10
1428.50
1428.50
13.87
13.87
206.42
206.42
15.64
15.64
84.25
84.25
84.25
73.92
73.92
13.30
4216.40
4216.40
2151.71
2151.71
76.86
76.86
515.15
515.15
3017.52
3017.52
840.35
840.35
2454.77
2454.77
4204.99
4204.99
633.62
633.62
527.75
527.75
81.79
81.79
1817.00
1817.00
962.48
962.48
1015.96
1015.96
68.20
68.20
26.43
26.43
72.29
72.29
57.47
57.47
319.83
319.83
3723.31
3723.31
4038.33
4038.33
4428.90
4428.90
47.30
47.30
224.68
224.68
76.97
76.97
51.71
51.71
4191.00
4191.00
2633.86
2633.86
97.84
97.84
3397.66
3397.66
2583.15
2583.15
21.44
21.44
64.28
64.28
1191.21
1191.21
94.34
94.34
1061.51
1061.51
4303.26
4303.26
1290.08
1290.08
4604.99
4604.99
2829.98
2829.98
2378.75
2378.75
49.31
49.31
49.31
23.80
23.80
23.80
23.80
142.11
142.11
37.99
2121.49
2121.49
2725.84
2725.84
2332.38
2332.38
34.36
34.36
13.97
13.97
51.49
51.49
235.55
235.55
23.34
23.34
894.62
894.62
95.38
95.38
4743.83
4743.83
150.63
150.63
1568.26
1568.26
153.50
153.50
32.53
32.53
14.62
14.62
72.31
72.31
45.16
45.16
1277.77
1277.77
2612.33
2612.33
4175.44
4175.44
1588.66
1588.66
2256.12
2256.12
552.27
552.27
39.22
39.22
60.30
60.30
43.18
43.18
14.84
14.84
300.18
300.18
71.77
71.77
123.68
123.68
133.49
133.49
133.49
10.00
176.32
176.32
176.32
72.48
151.87
151.87
79.35
79.35
13.58
13.58
2666.03
2666.03
2702.04
2702.04
73.39
73.39
2190.56
2190.56
1208.41
1208.41
18.20
18.20
42.49
42.49
1636.16
1636.16
42.79
42.79
5336.81
5336.81
235.27
235.27
1310.53
1310.53
3742.94
3742.94
4862.11
4862.11
224.40
224.40
795.09
795.09
1141.41
1141.41
218.82
218.82
99.46
99.46
932.51
932.51
21.14
21.14
13.53
13.53
31.29
31.29
2935.68
2935.68
894.37
894.37
2023.06
2023.06
108.85
108.85
1554.45
1554.45
13.98
13.98
2591.38
2591.38
12.50
12.50
455.09
455.09
1151.89
1151.89
15.65
15.65
246.74
246.74
10.87
10.87
650.12
650.12
5469.85
5469.85
3119.75
3119.75
18.34
18.34
1441.79
1441.79
28.17
28.17
2821.58
2821.58
3526.33
3526.33
13.44
13.44
39.42
39.42
993.58
993.58
26.31
26.31
1781.94
1781.94
2039.92
2039.92
175.79
175.79
17.93
17.93
1563.09
1563.09
934.15
934.15
926.58
926.58
972.89
972.89
1177.58
1177.58
3059.03
3059.03
65.22
65.22
222.62
222.62
26.54
26.54
2961.12
2961.12
2425.53
2425.53
18.41
18.41
2402.01
2402.01
981.95
981.95
505.83
505.83
11.90
11.90
359.31
359.31
152.90
152.90
4803.44
4803.44
2931.44
2931.44
2469.18
2469.18
4428.35
4428.35
145.39
145.39
145.39
587.64
587.64
14.25
14.25
55.95
55.95
13.66
13.66
13.66
191.60
191.60
191.60
10.00
60.74
758.93
1059.87
1059.87
44.35
44.35
12.62
12.62
1586.79
1586.79
46.66
46.66
108.50
108.50
52.35
52.35
2394.97
2394.97
969.67
969.67
4064.68
4064.68
5201.64
5201.64
1590.90
1590.90
3374.59
3374.59
5297.10
5297.10
65.69
65.69
137.53
137.53
5100.44
5100.44
101.46
101.46
110.42
110.42
652.01
652.01
4358.24
4358.24
5911.57
5911.57
175.98
175.98
2906.40
2906.40
3543.16
3543.16
938.92
938.92
53.98
53.98
98.68
98.68
4789.44
4789.44
2303.80
2303.80
904.46
904.46
3305.40
3305.40
3305.40
3305.40
253.86
253.86
30.71
30.71
328.85
328.85
968.05
968.05
946.59
946.59
276.44
276.44
3337.21
3337.21
3337.21
3337.21
3337.21
3337.21
2261.32
2261.32
6714.94
6714.94
988.05
988.05
102.98
102.98
3738.65
3738.65
6454.12
6454.12
5504.88
5504.88
937.94
937.94
3020.91
3020.91
316.08
316.08
243.24
243.24
20.60
20.60
14.04
14.04
83.72
83.72
969.14
969.14
926.44
926.44
5251.37
5251.37
5251.37
5251.37
5251.37
5251.37
3637.37
3637.37
4936.14
4936.14
967.52
967.52
1881.11
1881.11
3318.04
3318.04
3318.04
3318.04
2452.68
2452.68
3323.31
3323.31
40.82
40.82
6462.44
6462.44
6462.44
6462.44
6462.44
6462.44
1848.74
1848.74
2662.02
2662.02
967.85
967.85
2824.37
2824.37
5209.25
5209.25
5209.25
5209.25
2469.76
2469.76
4292.50
4292.50
1260.84
1260.84
6151.61
6151.61
7085.99
7085.99
57.71
57.71
2158.92
2158.92
3187.60
3187.60
59.02
59.02
958.66
958.66
3337.16
3337.16
110.28
110.28
10.00
10.00
15.11
15.11
190.91
190.91
127.73
127.73
20.94
20.94
31.97
31.97
10.00
10.00
10.00
205.68
205.68
205.68
17.76
17.76
17.76
152.71
152.71
601.53
601.53
3347.08
4098.26
4098.26
1584.07
1584.07
4872.07
4872.07
5216.72
5216.72
5322.11
5322.11
104.34
104.34
60.41
60.41
639.64
639.64
351.65
351.65
3040.78
3040.78
1676.81
1676.81
231.63
231.63
2280.85
2280.85
388.82
388.82
33.62
33.62
19.50
19.50
1022.84
1022.84
118.58
118.58
63.06
63.06
177.04
177.04
330.61
330.61
4024.73
4024.73
16.12
16.12
16.12
114.16
114.16
114.16
191.05
595.18
595.18
299.31
39.31
39.31
2954.36
2954.36
14.52
14.52
93.08
93.08
43.73
43.73
179.60
179.60
118.83
118.83
51.49
51.49
95.55
95.55
963.67
963.67
162.23
162.23
3186.44
3186.44
66.47
66.47
50.63
50.63
50.63
28.36
14.54
14.54
3243.71
3243.71
61.12
61.12
1007.91
1007.91
930.91
930.91
47.41
47.41
908.81
908.81
1404.03
1404.03
657.39
657.39
3416.84
3416.84
201.36
201.36
2000.99
2000.99
1656.65
1656.65
936.58
936.58
3476.25
3476.25
877.88
877.88
45.20
45.20
1303.11
1303.11
1094.67
1094.67
4538.44
4538.44
5984.71
5984.71
2653.31
2653.31
4038.89
4038.89
970.88
970.88
20.39
20.39
4448.91
4448.91
10.00
10.00
16.10
16.10
1663.89
1663.89
784.14
784.14
987.21
987.21
841.78
841.78
40.83
40.83
176.72
176.72
13.72
13.72
1113.15
1113.15
13.99
13.99
13.99
29.80
29.80
99.34
30.15
30.15
123.83
123.83
820.77
820.77
87.83
87.83
62.37
62.37
165.45
165.45
654.32
654.32
747.56
747.56
798.70
798.70
4860.71
4860.71
15.61
15.61
1437.28
1437.28
1437.28
1437.28
51.47
51.47
51.47
123.54
310.04
310.04
138.84
138.84
1314.30
1314.30
5830.51
5830.51
23.14
23.14
2428.45
2428.45
5077.45
5077.45
608.09
608.09
2567.55
2567.55
24.32
24.32
1837.29
1837.29
1247.70
1247.70
59.48
59.48
30.45
30.45
1124.00
1124.00
40.87
40.87
453.19
453.19
937.52
937.52
14.83
14.83
10.00
10.00
14.96
14.96
3454.00
3454.00
3454.00
3540.01
14.40
14.40
965.75
965.75
1171.49
1171.49
16.20
16.20
4679.37
4679.37
6971.05
6971.05
14.42
14.42
219.55
219.55
91.67
91.67
714.00
714.00
10.00
10.00
15.23
15.23
39.66
39.66
39.66
39.66
45.19
45.19
45.19
45.19
39.30
39.30
21.03
4124.17
529.60
529.60
190.88
190.88
910.29
910.29
1724.30
1724.30
3409.64
3409.64
1980.13
1980.13
1562.20
1562.20
1939.15
1939.15
3046.19
3046.19
3656.09
3656.09
1618.63
1618.63
844.01
844.01
731.62
731.62
56.02
56.02
752.47
752.47
6217.75
6217.75
4742.91
4742.91
5672.98
5672.98
610.99
610.99
4584.57
4584.57
842.46
842.46
499.61
499.61
2802.74
2802.74
12.28
12.28
2499.94
2499.94
475.39
475.39
3293.53
3293.53
5218.69
5218.69
16.14
16.14
965.88
965.88
3708.71
3708.71
5089.58
5089.58
6701.29
6701.29
6701.29
6701.29
6360.56
6360.56
6360.56
6360.56
6831.65
6831.65
6831.65
876.15
4181.28
4181.28
3637.09
3637.09
3637.09
473.89
918.62
918.62
918.62
2609.71
2609.71
2156.27
2156.27
183.01
183.01
970.94
970.94
4100.76
4100.76
14.38
14.38
864.08
864.08
3912.08
3912.08
1098.02
1098.02
2333.69
2333.69
27.34
27.34
6138.37
6138.37
2210.33
2210.33
1790.25
1790.25
3460.33
3460.33
698.71
698.71
1454.72
1454.72
1998.86
1998.86
2859.01
2859.01
2190.67
2190.67
4451.71
4451.71
2208.72
2208.72
14.59
14.59
17.53
17.53
59.59
59.59
92.65
92.65
176.73
851.56
851.56
851.56
255.17
255.17
3101.47
3101.47
1019.95
1019.95
10.00
10.00
25.06
25.06
138.61
138.61
78.01
78.01
22.67
22.67
58.15
58.15
142.97
142.97
147.28
147.28
871.11
871.11
462.10
462.10
828.46
828.46
14.42
14.42
82.48
82.48
82.48
324.68
324.68
29.91
11.99
11.99
282.68
282.68
338.24
338.24
320.52
320.52
233.97
233.97
913.79
913.79
100.65
100.65
14.40
14.40
486.16
486.16
711.90
711.90
131.69
131.69
409.25
409.25
1188.87
1188.87
40.80
40.80
3433.96
3433.96
3433.96
3433.96
5275.89
5275.89
5275.89
5275.89
47.22
47.22
11.97
11.97
1996.16
1996.16
1075.26
1075.26
956.07
956.07
34.71
34.71
2832.73
2832.73
4536.66
4536.66
2099.10
2099.10
47.11
47.11
1045.68
1045.68
11.20
11.20
28.01
28.01
863.84
863.84
2191.66
2191.66
233.87
233.87
476.52
476.52
654.25
654.25
26.76
26.76
10.00
10.00
82.55
82.55
2677.68
2677.68
3168.85
3168.85
3065.08
3065.08
4719.03
4719.03
2883.13
2883.13
69.97
69.97
2048.30
2048.30
990.03
990.03
1544.15
1544.15
4775.78
4775.78
1218.83
1218.83
65.22
65.22
845.69
845.69
4203.57
4203.57
1793.00
1793.00
116.63
116.63
14.37
14.37
17.11
17.11
100.89
100.89
64.44
64.44
43.35
43.35
42.36
42.36
61.62
61.62
87.92
87.92
873.50
873.50
2984.66
2984.66
10.00
10.00
1129.53
1129.53
80.45
80.45
21.01
21.01
3023.56
3023.56
76.89
76.89
55.51
55.51
135.05
135.05
2727.79
2727.79
4148.66
4148.66
111.00
111.00
587.20
587.20
587.20
30.37
30.37
13.95
13.95
42.55
289.41
289.41
1169.70
1169.70
33.63
33.63
14.90
14.90
947.99
947.99
491.49
491.49
24.19
24.19
24.19
246.20
246.20
27.75
810.20
810.20
56.88
56.88
4083.46
4083.46
48.94
48.94
614.60
614.60
15.41
15.41
4654.98
4654.98
19.34
19.34
10.00
10.00
706.43
706.43
1602.69
1602.69
46.79
46.79
879.55
879.55
2622.04
2622.04
2622.04
2622.04
696.88
696.88
21.25
21.25
4691.80
4691.80
2531.72
2531.72
3012.68
3012.68
3601.90
3601.90
2328.10
2328.10
1804.73
1804.73
4736.39
4736.39
1537.20
1537.20
1285.92
1285.92
291.88
291.88
4022.62
4022.62
1257.82
1257.82
2975.57
2975.57
836.15
836.15
4741.47
4741.47
3593.74
3593.74
14.24
14.24
984.73
984.73
47.79
47.79
868.88
868.88
103.08
103.08
12.65
12.65
1044.20
1044.20
3806.94
3806.94
1980.97
1980.97
5941.24
5941.24
1961.26
1961.26
74.66
74.66
12.06
12.06
50.68
50.68
2177.94
2177.94
2177.94
2177.94
1872.67
1872.67
1872.56
1872.56
1946.01
1946.01
3258.05
3258.05
4087.32
4087.32
4087.32
4087.32
10.00
10.00
60.93
60.93
2862.31
2862.31
2862.31
2862.31
738.78
738.78
1076.54
1076.54
2386.19
2386.19
2908.04
2908.04
2908.04
2908.04
5872.29
5872.29
5872.29
5872.29
5872.29
5872.29
3306.66
3306.66
31.75
31.75
14.58
14.58
1593.53
1593.53
1593.53
1593.53
1562.70
1562.70
5414.31
5414.31
4059.93
4059.93
2376.51
2376.51
4303.88
4303.88
1084.60
1084.60
937.08
937.08
3433.89
3433.89
3019.43
3019.43
3008.53
3008.53
4718.35
4718.35
2965.24
2965.24
1460.07
1460.07
79.03
79.03
557.41
557.41
4781.71
4781.71
2653.51
2653.51
2944.98
2944.98
57.85
57.85
2387.37
2387.37
509.17
509.17
508.65
508.65
14.87
14.87
1212.85
1212.85
898.47
898.47
42.29
42.29
4043.60
4043.60
1063.04
1063.04
2411.21
2411.21
1939.56
1939.56
4530.19
4530.19
276.15
276.15
10.00
10.00
10.00
42.66
42.66
42.66
16.88
16.88
16.88
143.42
143.42
49.76
2082.20
2082.20
1826.21
1826.21
24.99
24.99
700.19
700.19
605.33
605.33
72.56
72.56
38.24
38.24
139.95
139.95
1831.25
1831.25
63.04
63.04
936.53
936.53
1862.45
1862.45
288.23
288.23
168.14
168.14
307.01
307.01
106.16
106.16
3390.05
3390.05
12.65
12.65
30.20
30.20
1026.03
1026.03
1055.70
1055.70
1055.70
1055.70
45.65
45.65
45.65
45.65
45.65
435.38
435.38
384.34
384.34
1094.25
1976.59
1976.59
3437.51
3437.51
696.26
696.26
28.20
28.20
23.46
23.46
15.05
15.05
1313.56
1313.56
1109.47
1109.47
83.60
83.60
46.31
46.31
3047.55
3047.55
5462.84
5462.84
284.37
284.37
2336.78
2336.78
4474.36
4474.36
553.67
553.67
51.12
51.12
39.34
39.34
116.18
116.18
63.13
63.13
676.18
676.18
7005.98
7005.98
29.15
29.15
137.34
137.34
32.96
32.96
215.39
215.39
255.16
255.16
2024.25
2024.25
179.81
179.81
994.49
994.49
49.25
49.25
940.32
940.32
796.43
796.43
1673.19
1673.19
2413.07
2413.07
3754.15
3754.15
1930.63
1930.63
2215.54
2215.54
14.48
14.48
3976.20
3976.20
2602.22
2602.22
260.56
260.56
10.00
10.00
10.00
10.00
28.18
28.18
479.61
479.61
14.01
14.01
177.76
177.76
66.47
66.47
1957.22
1957.22
2960.18
2960.18
5131.20
5131.20
21.91
21.91
371.85
371.85
1741.69
1741.69
1832.13
1832.13
511.79
511.79
2475.16
2475.16
2878.26
2878.26
27.53
27.53
3974.20
3974.20
3597.91
3597.91
1331.26
1331.26
470.15
470.15
470.15
470.15
1080.69
1080.69
3059.18
3059.18
194.03
194.03
13.99
13.99
223.23
223.23
94.40
94.40
206.15
206.15
116.04
116.04
12.53
12.53
76.18
76.18
68.87
68.87
701.29
701.29
753.52
753.52
11.20
11.20
761.22
761.22
53.12
53.12
2662.10
2662.10
2324.58
2324.58
2326.60
2326.60
2326.60
2326.60
645.30
645.30
4494.26
4494.26
4965.14
4965.14
3452.66
3452.66
1723.64
1723.64
88.29
88.29
1057.81
1057.81
1555.80
1555.80
1555.80
1555.80
4428.30
4428.30
3237.11
3237.11
879.17
879.17
2116.33
2116.33
778.94
778.94
6798.49
6798.49
957.05
957.05
739.21
739.21
2480.36
2480.36
5030.35
5030.35
3126.05
3126.05
955.62
955.62
2248.26
2248.26
950.43
950.43
4271.35
4271.35
1355.86
1355.86
752.51
752.51
1231.56
1231.56
59.37
59.37
805.13
805.13
174.00
174.00
2750.03
2750.03
10.00
10.00
2767.49
2767.49
26.53
26.53
3745.57
3745.57
782.13
782.13
40.86
40.86
2026.79
2026.79
29.24
29.24
4881.21
4881.21
968.66
968.66
3033.75
3033.75
699.14
699.14
775.89
775.89
960.37
960.37
611.29
611.29
107.53
107.53
3886.57
3886.57
140.28
140.28
140.28
2860.35
2673.28
2673.28
225.40
225.40
185.00
185.00
26.55
26.55
672.90
672.90
3776.13
3776.13
912.33
912.33
386.81
386.81
13.96
13.96
73.90
73.90
3357.87
3357.87
935.88
935.88
2588.41
2588.41
119.48
119.48
80.04
80.04
565.34
565.34
1308.66
1308.66
519.51
519.51
29.86
29.86
29.86
83.64
83.64
83.64
295.29
295.29
10.00
27.95
27.95
2379.23
68.69
68.69
13.34
13.34
21.21
21.21
15.72
15.72
308.33
308.33
1371.16
1371.16
925.86
925.86
81.60
81.60
3514.21
3514.21
677.55
677.55
142.35
142.35
1804.74
1804.74
292.54
292.54
292.54
32.05
32.05
32.05
32.05
32.05
51.09
51.09
51.09
76.88
32.33
527.54
1341.06
1341.06
524.34
524.34
2035.13
2035.13
1520.03
1520.03
1756.83
1756.83
28.59
28.59
40.30
40.30
40.30
21.47
282.20
282.20
792.49
792.49
6774.95
6774.95
6774.95
6774.95
3403.34
3403.34
4096.52
4096.52
4025.01
4025.01
3304.39
3304.39
3679.09
3679.09
114.17
114.17
14.83
14.83
941.01
941.01
81.90
81.90
749.30
749.30
1599.07
1599.07
3582.98
3582.98
2361.13
2361.13
25.08
25.08
20.99
20.99
5128.38
5128.38
4053.57
4053.57
2430.00
2430.00
221.09
221.09
5888.81
5888.81
5888.81
5888.81
1817.22
1817.22
3281.01
3281.01
3281.01
3281.01
483.38
483.38
3034.98
3034.98
6193.93
6193.93
249.16
249.16
3078.77
3078.77
4905.50
4905.50
62.34
62.34
4634.64
4634.64
6026.63
6026.63
6026.63
6026.63
6026.63
2232.82
3437.45
3437.45
533.41
533.41
533.41
3412.82
3412.82
73.47
73.47
2878.83
2878.83
4135.77
4135.77
1305.78
1305.78
862.36
862.36
207.40
207.40
629.60
629.60
789.75
789.75
622.01
622.01
902.60
902.60
902.60
902.60
12.66
12.66
5174.94
5174.94
837.01
837.01
6688.73
6688.73
3899.92
3899.92
4858.83
4858.83
794.30
794.30
794.30
794.30
3591.30
3591.30
53.48
53.48
89.11
89.11
597.72
597.72
356.72
356.72
35.06
35.06
163.90
163.90
28.61
28.61
383.88
383.88
233.70
233.70
45.67
45.67
11.55
11.55
1502.67
1502.67
868.41
868.41
699.60
699.60
2690.19
2690.19
3458.92
3458.92
13.45
13.45
5142.86
5142.86
1022.10
1022.10
43.67
43.67
5481.62
5481.62
13.78
13.78
1320.44
1320.44
178.12
178.12
60.87
60.87
670.43
670.43
213.70
213.70
29.82
29.82
178.42
178.42
12.99
12.99
664.45
664.45
223.80
223.80
2877.58
2877.58
10.00
10.00
37.31
37.31
46.03
46.03
206.27
206.27
71.55
71.55
30.39
30.39
1285.96
1285.96
4386.68
4386.68
2010.77
2010.77
2663.67
2663.67
716.24
716.24
13.81
13.81
209.86
209.86
4106.17
4106.17
110.65
110.65
91.37
91.37
64.12
64.12
3659.79
3659.79
3909.30
3909.30
20.67
20.67
134.53
134.53
2457.28
2457.28
1934.15
1934.15
189.60
189.60
58.15
58.15
2248.99
2248.99
2858.60
2858.60
2687.89
2687.89
4282.85
4282.85
11.64
11.64
31.58
31.58
40.36
40.36
89.99
89.99
74.04
74.04
35.43
35.43
124.54
124.54
124.54
21.41
21.41
21.41
21.41
94.18
94.18
94.18
193.14
193.14
193.14
149.80
149.80
149.80
166.32
166.32
1537.32
1537.32
765.83
2469.75
1551.62
1551.62
770.63
770.63
4963.86
4963.86
3689.14
3689.14
327.10
327.10
379.21
379.21
36.13
36.13
900.87
900.87
13.24
13.24
107.59
107.59
451.00
451.00
2419.89
2419.89
53.37
53.37
53.37
128.23
13.35
13.35
14.16
14.16
222.40
222.40
221.68
221.68
124.33
124.33
274.80
274.80
640.28
640.28
58.29
58.29
47.10
47.10
899.48
899.48
4056.73
4056.73
906.82
906.82
14.54
14.54
1581.57
1581.57
957.18
957.18
14.48
14.48
37.36
37.36
45.79
45.79
2377.98
2377.98
225.62
225.62
1862.58
1862.58
2547.01
2547.01
143.18
143.18
940.00
940.00
196.18
196.18
10.00
10.00
592.12
592.12
2106.17
2106.17
4768.40
4768.40
3788.78
3788.78
1010.25
1010.25
35.54
35.54
1940.84
1940.84
791.30
791.30
578.69
578.69
5518.70
5518.70
2343.35
2343.35
148.64
148.64
1582.92
1582.92
109.04
109.04
573.43
573.43
261.61
261.61
1791.09
1791.09
1817.91
1817.91
2220.55
2220.55
3555.20
3555.20
1029.92
1029.92
937.60
937.60
5948.64
5948.64
3929.49
3929.49
2577.28
2577.28
144.76
144.76
6227.92
6227.92
3289.28
3289.28
15.18
15.18
4788.20
4788.20
4788.20
4788.20
4788.20
4788.20
3219.38
3219.38
4326.16
4326.16
3022.47
3022.47
3684.00
3684.00
3684.00
3684.00
1605.07
1605.07
4914.09
4914.09
1792.83
1792.83
4878.50
4878.50
132.91
132.91
3955.94
3955.94
1316.72
1316.72
2348.41
2348.41
985.08
985.08
3260.97
3260.97
3260.97
3260.97
3260.97
3260.97
3260.97
3260.97
6258.63
6258.63
4001.41
4001.41
12.93
12.93
4814.34
4814.34
2640.20
2640.20
967.77
967.77
3259.29
3259.29
2880.66
2880.66
5424.75
5424.75
2160.12
2160.12
2082.38
2082.38
4010.35
4010.35
2637.07
2637.07
3115.84
3115.84
11.82
11.82
2037.81
2037.81
3666.33
3666.33
3554.89
3554.89
2458.32
2458.32
5460.20
5460.20
76.58
76.58
5691.33
5691.33
695.93
695.93
3808.53
3808.53
1821.06
1821.06
2189.97
2189.97
3213.43
3213.43
3415.55
3415.55
3866.41
3866.41
637.77
637.77
186.12
186.12
2588.29
2588.29
3696.09
3696.09
13.33
13.33
1045.73
1045.73
1138.38
1138.38
952.60
952.60
2053.00
2053.00
299.35
299.35
4560.35
4560.35
3098.20
3098.20
1261.79
1261.79
3725.96
3725.96
2426.79
2426.79
942.89
942.89
1493.02
1493.02
896.13
896.13
3315.99
3315.99
2966.62
2966.62
3470.83
3470.83
18.48
18.48
18.48
51.80
51.80
37.54
42.37
42.37
1877.73
1877.73
4479.70
4479.70
1111.19
1111.19
888.86
888.86
623.85
623.85
1374.00
1374.00
1187.22
1187.22
35.25
35.25
3583.64
3583.64
2622.75
2622.75
169.59
169.59
4319.92
4319.92
1076.04
1076.04
2918.78
2918.78
327.04
327.04
16.56
16.56
1564.13
1564.13
1269.61
1269.61
2053.15
2053.15
21.04
21.04
247.54
247.54
3161.62
3161.62
174.61
174.61
17.42
17.42
5012.74
5012.74
36.59
36.59
10.00
10.00
1476.99
1476.99
213.59
213.59
34.35
34.35
390.91
390.91
11.38
11.38
36.60
36.60
2240.35
2240.35
251.80
251.80
3605.22
3605.22
788.93
788.93
936.53
936.53
13.55
13.55
3222.70
3222.70
15.36
15.36
6331.62
6331.62
2241.66
2241.66
394.08
394.08
598.14
598.14
1538.66
1538.66
1078.66
1078.66
88.11
88.11
664.61
664.61
477.35
477.35
3485.10
3485.10
60.63
60.63
18.61
18.61
2786.97
2786.97
3138.92
3138.92
3693.69
3693.69
63.54
63.54
1463.25
1463.25
1620.00
1620.00
380.28
380.28
1468.53
1468.53
17.25
17.25
12.67
12.67
12.67
12.67
30.40
30.40
30.40
2425.75
200.06
283.92
572.64
572.64
131.29
131.29
578.55
578.55
1775.26
1775.26
872.67
872.67
3436.18
3436.18
4535.75
4535.75
4535.75
36.20
391.71
391.71
59.14
59.14
78.17
78.17
40.80
40.80
40.80
13.89
207.43
207.43
920.73
920.73
780.74
780.74
2669.92
2669.92
96.69
96.69
934.94
934.94
2421.47
2421.47
92.11
92.11
6060.80
6060.80
6356.95
6356.95
5480.01
5480.01
534.81
534.81
524.10
524.10
4162.11
4162.11
407.75
407.75
26.85
26.85
26.85
130.00
130.00
353.43
353.43
353.43
13.33
13.33
1440.59
1440.59
652.43
652.43
4219.74
4219.74
3668.01
3668.01
3184.45
3184.45
2567.69
2567.69
2567.69
23.62
23.62
23.62
23.62
64.62
64.62
45.91
221.22
221.22
3163.47
3163.47
3254.88
3254.88
4841.84
4841.84
18.47
18.47
13.51
13.51
969.02
969.02
2371.48
2371.48
3701.82
3701.82
12.97
12.97
3332.66
3332.66
871.92
871.92
92.05
92.05
123.10
123.10
923.66
923.66
30.39
30.39
1472.37
1472.37
3280.16
3280.16
1619.40
1619.40
131.84
131.84
95.30
95.30
95.30
83.54
70.38
70.38
36.29
36.29
820.94
820.94
82.71
82.71
41.88
41.88
306.33
306.33
884.13
884.13
4480.50
4480.50
44.49
44.49
65.29
65.29
63.01
63.01
506.07
506.07
506.07
545.84
11.11
11.11
2564.60
2564.60
55.37
55.37
2092.98
2092.98
14.37
14.37
12.73
12.73
189.81
189.81
919.59
919.59
365.81
365.81
200.52
200.52
444.86
444.86
2979.88
2979.88
696.84
696.84
4594.74
4594.74
12.09
12.09
12.90
12.90
12.60
12.60
21.32
21.32
1774.71
1774.71
879.45
879.45
1762.37
1762.37
100.70
100.70
100.70
4047.17
1982.07
1982.07
5717.62
5717.62
4629.53
4629.53
890.94
890.94
4528.60
4528.60
2442.02
2442.02
99.17
99.17
99.17
3292.34
56.65
56.65
56.65
10.00
225.35
225.35
161.94
161.94
86.06
86.06
82.26
82.26
119.56
119.56
85.23
85.23
257.20
257.20
6014.96
6014.96
963.69
963.69
4675.78
4675.78
998.27
998.27
96.30
96.30
97.04
97.04
97.04
29.00
113.35
113.35
386.31
386.31
845.42
845.42
11.11
11.11
855.63
855.63
1107.06
1107.06
1301.65
1301.65
640.07
640.07
10.00
10.00
126.86
126.86
28.61
28.61
2258.83
2258.83
2264.15
2264.15
5574.45
5574.45
6176.62
6176.62
3962.51
3962.51
65.45
65.45
1873.64
1873.64
266.20
266.20
796.62
796.62
969.35
969.35
699.94
699.94
3374.03
3374.03
6605.68
6605.68
6605.68
324.41
324.41
3372.30
2707.97
2707.97
1170.06
1170.06
140.94
140.94
140.94
498.63
498.63
217.86
69.34
69.34
44.45
44.45
583.54
583.54
3536.22
3536.22
3731.28
3731.28
302.75
302.75
941.31
941.31
45.89
45.89
45.89
38.00
38.00
180.48
180.48
50.51
50.51
50.51
40.74
40.74
70.95
2979.32
1178.74
1178.74
1194.32
1194.32
1963.48
1963.48
910.54
910.54
909.83
909.83
1872.09
1872.09
2951.04
2951.04
1668.04
1668.04
911.05
911.05
1706.99
1706.99
3232.89
3232.89
177.99
177.99
10.00
10.00
1046.50
1046.50
10.00
10.00
1524.28
1524.28
3349.52
3349.52
25.49
25.49
918.97
918.97
24.96
24.96
24.96
35.20
35.20
190.61
190.61
39.66
10.00
10.00
24.73
24.73
24.73
1147.56
1147.56
1905.00
1905.00
122.97
122.97
920.58
920.58
331.01
331.01
733.56
733.56
2202.16
2202.16
1968.90
1968.90
14.46
14.46
146.28
146.28
277.59
277.59
472.22
472.22
2087.76
2087.76
555.18
555.18
121.32
121.32
863.70
863.70
1413.29
1413.29
698.74
698.74
52.60
52.60
197.39
197.39
5250.76
5250.76
3572.01
3572.01
795.52
795.52
1681.27
1681.27
143.80
143.80
17.93
17.93
841.65
841.65
1275.36
1275.36
4696.16
4696.16
2633.61
2633.61
1541.24
1541.24
5777.60
5777.60
1570.94
1570.94
2023.50
2023.50
252.78
252.78
118.75
118.75
70.88
70.88
3733.32
3733.32
12.72
12.72
1008.56
1008.56
289.80
289.80
6945.86
6945.86
849.90
849.90
2154.61
2154.61
2042.23
2042.23
10.00
10.00
1006.88
1006.88
575.42
575.42
3669.63
3669.63
1310.83
1310.83
82.01
82.01
922.84
922.84
90.09
90.09
725.50
725.50
13.82
13.82
2314.73
2314.73
704.55
704.55
179.17
179.17
59.17
59.17
28.99
28.99
1203.97
1203.97
78.23
78.23
92.44
92.44
831.98
831.98
54.20
54.20
316.29
316.29
14.31
14.31
3023.96
3023.96
475.86
475.86
13.68
13.68
4312.34
4312.34
4312.34
4312.34
4312.34
4312.34
18.67
18.67
4086.09
4086.09
4086.09
4086.09
4086.09
4086.09
4086.09
4086.09
4086.09
4086.09
4086.09
4086.09
1115.40
1115.40
3433.78
3433.78
832.72
832.72
5442.92
5442.92
2507.77
2507.77
4435.42
4435.42
4865.71
4865.71
779.95
779.95
43.04
43.04
674.97
674.97
206.83
206.83
13.29
13.29
20.72
20.72
109.71
109.71
193.84
193.84
71.84
71.84
3856.14
3856.14
3802.67
3802.67
81.38
81.38
684.02
684.02
2998.67
2998.67
58.06
58.06
14.44
14.44
2270.33
2270.33
4970.70
4970.70
918.89
918.89
1052.42
1052.42
71.67
71.67
1653.67
1653.67
190.02
190.02
61.84
61.84
624.42
624.42
824.51
824.51
1502.79
1502.79
349.19
349.19
2285.11
2285.11
2928.91
2928.91
5208.11
5208.11
926.63
926.63
36.62
36.62
40.27
40.27
21.24
21.24
1380.75
1380.75
338.32
338.32
2926.81
2926.81
1502.64
1502.64
4798.30
4798.30
61.32
61.32
779.19
779.19
283.18
283.18
346.26
346.26
141.83
141.83
14.37
14.37
40.91
40.91
47.27
47.27
86.71
86.71
1282.96
1282.96
1024.87
1024.87
1308.48
1308.48
1776.61
1776.61
13.32
13.32
506.79
506.79
2141.78
2141.78
1526.47
1526.47
545.74
545.74
225.27
225.27
57.48
57.48
1408.81
1408.81
3793.75
3793.75
1864.61
1864.61
1725.42
1725.42
27.11
27.11
486.20
486.20
56.13
56.13
163.05
163.05
2160.38
2160.38
3023.39
3023.39
2732.99
2732.99
11.58
11.58
2746.41
2746.41
1438.66
1438.66
2679.44
2679.44
1495.27
1495.27
2727.30
2727.30
3519.66
3519.66
1125.19
1125.19
1125.19
63.12
63.12
142.55
2223.93
2223.93
1456.85
1456.85
81.95
81.95
2220.25
2220.25
11.46
11.46
1224.38
1224.38
49.12
49.12
396.71
396.71
83.14
83.14
83.14
10.00
10.00
258.44
40.98
40.98
55.49
55.49
30.36
30.36
1009.09
1009.09
191.45
191.45
3075.01
3075.01
925.91
925.91
4162.19
4162.19
322.69
322.69
36.84
36.84
602.81
602.81
700.72
700.72
2605.51
2605.51
1539.90
1539.90
2594.17
2594.17
65.22
65.22
19.61
19.61
40.93
40.93
109.17
109.17
59.15
59.15
11.56
11.56
2912.46
2912.46
1170.71
1170.71
880.99
880.99
4565.36
4565.36
836.07
836.07
2502.86
2502.86
4331.64
4331.64
188.04
188.04
36.61
36.61
3031.83
3031.83
1561.47
1561.47
28.35
28.35
5145.53
5145.53
5564.34
5564.34
21.28
21.28
3538.41
3538.41
799.43
799.43
218.32
218.32
218.32
10.00
10.00
725.81
1829.60
1829.60
883.40
883.40
13.40
13.40
2289.34
2289.34
2262.07
2262.07
313.70
313.70
3390.78
3390.78
154.78
154.78
69.84
69.84
69.84
69.84
101.84
101.84
1224.86
341.52
51.36
51.36
5341.03
5341.03
3131.28
3131.28
1349.84
1349.84
812.78
812.78
181.30
181.30
246.09
246.09
20.78
20.78
880.97
880.97
2528.22
2528.22
1426.72
1426.72
3940.23
3940.23
65.89
65.89
938.06
938.06
3903.31
3903.31
135.53
135.53
19.27
19.27
2952.09
2952.09
2768.75
2768.75
111.02
111.02
755.12
755.12
200.70
200.70
2712.24
2712.24
21.43
21.43
674.30
674.30
45.31
45.31
420.63
420.63
14.87
14.87
1663.45
1663.45
75.99
75.99
2363.54
2363.54
280.15
280.15
40.31
40.31
530.36
530.36
14.48
14.48
68.50
68.50
1781.27
1781.27
899.74
899.74
2009.37
2009.37
29.65
29.65
922.60
922.60
2192.21
2192.21
10.00
10.00
1066.43
1066.43
207.55
207.55
136.07
136.07
510.99
510.99
12.62
12.62
13.61
13.61
2972.63
2972.63
43.38
43.38
1288.33
1288.33
231.82
231.82
1266.37
1266.37
378.73
378.73
14.64
14.64
1109.15
1109.15
1464.87
1464.87
146.00
146.00
3501.90
3501.90
158.38
158.38
918.09
918.09
918.09
918.09
2123.09
2123.09
20.18
20.18
1405.94
1405.94
451.57
451.57
255.21
255.21
1991.91
1991.91
13.77
13.77
13.99
13.99
2058.41
2058.41
1159.66
1159.66
4512.66
4512.66
3276.61
3276.61
28.89
28.89
1444.40
1444.40
48.54
48.54
919.31
919.31
2448.51
2448.51
1623.31
1623.31
1234.13
1234.13
1695.23
1695.23
4403.63
4403.63
1941.40
1941.40
5303.54
5303.54
4172.47
4172.47
2454.10
2454.10
5971.33
5971.33
5971.33
5971.33
3470.78
3470.78
3809.58
3809.58
4305.71
4305.71
4305.71
4305.71
102.99
102.99
3378.18
3378.18
1087.65
1087.65
5026.68
5026.68
2622.84
2622.84
567.89
567.89
1349.36
1349.36
3584.24
3584.24
810.58
810.58
551.73
551.73
2775.99
2775.99
2775.99
2775.99
2775.99
2775.99
2217.94
2217.94
1989.94
1989.94
3301.60
3301.60
2023.76
2023.76
2790.19
2790.19
4328.82
4328.82
3008.78
3008.78
3545.11
3545.11
3136.41
3136.41
3905.33
3905.33
338.21
338.21
58.26
58.26
37.15
37.15
1827.72
1827.72
1221.00
1221.00
11.63
11.63
3074.60
3074.60
2507.48
2507.48
16.11
16.11
2384.05
2384.05
2567.45
2567.45
3623.48
3623.48
2492.25
2492.25
2492.25
2492.25
2492.25
2492.25
2461.07
2461.07
5124.83
5124.83
563.68
563.68
1187.87
1187.87
1187.87
1187.87
2703.88
2703.88
3035.96
3035.96
3035.96
3035.96
1880.05
1880.05
1507.58
1507.58
356.17
356.17
1520.43
1520.43
291.61
291.61
699.69
699.69
4296.66
4296.66
2416.29
2416.29
3175.88
3175.88
3127.13
3127.13
732.62
732.62
262.34
262.34
2683.18
2683.18
3254.54
3254.54
3259.47
3259.47
1354.81
1354.81
5136.24
5136.24
17.23
17.23
81.97
81.97
5673.73
5673.73
1134.16
1134.16
102.56
102.56
43.24
43.24
4602.96
4602.96
795.67
795.67
2153.62
2153.62
13.97
13.97
21.36
21.36
998.23
998.23
5626.28
5626.28
5626.28
5626.28
2011.66
2011.66
2573.63
2573.63
2573.63
2491.11
700.31
700.31
706.07
706.07
751.36
751.36
627.95
627.95
41.83
41.83
4700.58
4700.58
4700.58
4700.58
4700.58
4700.58
2019.73
2019.73
4511.29
4511.29
558.27
558.27
16.13
16.13
3619.86
3619.86
901.47
901.47
2952.36
2952.36
2234.80
2234.80
127.31
127.31
923.70
923.70
2915.00
2915.00
810.50
810.50
51.02
51.02
3679.43
3679.43
311.06
311.06
662.96
662.96
5539.51
5539.51
75.09
75.09
921.23
921.23
5709.08
5709.08
1564.73
1564.73
76.44
76.44
75.83
75.83
4018.00
4018.00
922.44
922.44
846.62
846.62
103.59
103.59
1251.33
1251.33
55.71
55.71
1797.11
1797.11
36.48
36.48
1436.30
1436.30
174.79
174.79
3096.64
3096.64
47.65
47.65
2531.32
2531.32
2232.10
2232.10
455.95
455.95
1964.13
1964.13
30.85
30.85
1963.01
1963.01
253.41
253.41
2916.70
2916.70
2916.70
2916.70
2916.70
2916.70
1960.80
1960.80
1960.80
1916.27
469.19
469.19
5609.44
5609.44
3393.60
3393.60
4444.44
4444.44
49.36
49.36
14.13
14.13
4108.51
4108.51
6439.97
6439.97
3486.25
3486.25
4112.29
4112.29
4112.29
4112.29
4112.29
4112.29
4112.29
4112.29
12.79
12.79
716.08
716.08
1115.90
1115.90
582.96
582.96
2469.14
2469.14
3124.99
3124.99
1118.38
1118.38
2400.07
2400.07
1617.47
1617.47
3380.98
3380.98
675.21
675.21
2942.99
2942.99
2942.99
2942.99
6746.20
6746.20
5300.05
5300.05
1841.20
1841.20
1841.20
2865.53
2865.53
52.60
1038.26
1038.26
1038.26
32.61
2449.79
2449.79
2449.79
5284.34
5284.34
13.29
13.29
1814.13
1814.13
2482.75
2482.75
1919.93
1919.93
2171.39
2171.39
11.78
11.78
4807.63
4807.63
70.78
70.78
796.53
796.53
5299.90
5299.90
20.69
20.69
2008.87
2008.87
2351.40
2351.40
3166.30
3166.30
38.89
38.89
919.34
919.34
143.00
143.00
2087.10
2087.10
116.51
116.51
3224.97
3224.97
3223.60
3223.60
14.50
14.50
264.42
264.42
1346.33
1346.33
5123.42
5123.42
20.79
20.79
211.37
211.37
963.57
963.57
2785.89
2785.89
4122.05
4122.05
3819.57
3819.57
2820.50
2820.50
38.05
38.05
4352.57
4352.57
3062.70
3062.70
275.62
275.62
78.89
78.89
835.75
835.75
70.56
70.56
109.42
109.42
99.88
99.88
4181.95
4181.95
4453.62
4453.62
721.23
721.23
335.67
335.67
21.42
21.42
61.87
61.87
10.00
10.00
776.98
776.98
12.43
12.43
872.89
872.89
11.26
11.26
2841.18
2841.18
764.40
764.40
18.26
18.26
1538.25
1538.25
56.71
56.71
490.47
490.47
632.94
632.94
46.04
46.04
3849.67
3849.67
209.80
209.80
20.53
20.53
937.86
937.86
2686.91
2686.91
999.90
999.90
84.92
84.92
56.44
56.44
37.91
37.91
25.89
25.89
621.67
621.67
60.75
60.75
38.61
38.61
86.90
86.90
2313.44
2313.44
919.58
919.58
63.04
63.04
750.12
750.12
986.39
986.39
4588.49
4588.49
10.00
10.00
288.85
288.85
806.32
806.32
107.25
107.25
134.04
134.04
202.85
202.85
364.91
364.91
21.11
21.11
13.24
13.24
422.34
422.34
20.64
20.64
1260.97
1260.97
1641.25
1641.25
86.75
86.75
10.00
10.00
43.97
43.97
36.69
36.69
308.74
308.74
187.24
187.24
24.13
24.13
2195.25
2195.25
927.91
927.91
18.17
18.17
23.60
23.60
140.87
140.87
36.65
36.65
39.14
39.14
11.41
11.41
1119.47
1119.47
1323.58
1323.58
3948.04
3948.04
15.30
15.30
220.47
220.47
60.57
60.57
579.42
579.42
98.57
98.57
236.44
236.44
52.84
52.84
1052.92
1052.92
36.01
36.01
12.58
12.58
80.31
80.31
468.77
468.77
697.07
697.07
103.58
103.58
1538.81
1538.81
832.17
832.17
1564.94
1564.94
4522.42
4522.42
5696.44
5696.44
351.36
351.36
5096.46
5096.46
1105.10
1105.10
3736.85
3736.85
3594.79
3594.79
698.83
698.83
257.82
257.82
575.71
575.71
937.01
937.01
5078.40
5078.40
5078.40
5078.40
5078.40
5078.40
1609.63
1609.63
4721.02
4721.02
38.46
38.46
87.91
87.91
409.13
409.13
1313.06
1313.06
868.18
868.18
864.84
864.84
2233.67
2233.67
2290.04
2290.04
967.88
967.88
14.10
14.10
4097.20
4097.20
1039.33
1039.33
1808.09
1808.09
80.88
80.88
14.79
14.79
942.37
942.37
4568.32
4568.32
41.54
41.54
4640.39
4640.39
4640.39
4640.39
4640.39
4640.39
2786.62
2786.62
932.07
932.07
3531.41
3531.41
536.08
536.08
20.41
20.41
54.87
54.87
2024.63
2024.63
2024.63
2024.63
4954.00
4954.00
4954.00
4954.00
4085.21
4085.21
2767.18
2767.18
4650.20
4650.20
4650.20
4650.20
5200.52
5200.52
3536.41
3536.41
3536.41
3536.41
2211.57
2211.57
5494.06
5494.06
1984.54
1984.54
362.37
362.37
3437.04
3437.04
3437.04
3437.04
3400.15
3400.15
4495.42
4495.42
1586.05
1586.05
3740.69
3740.69
2842.64
2842.64
4260.26
4260.26
4878.49
4878.49
2813.48
2813.48
15.21
15.21
2574.42
2574.42
4392.36
4392.36
5177.27
5177.27
74.39
74.39
165.53
165.53
937.46
937.46
1572.20
1572.20
109.41
109.41
908.67
908.67
266.60
266.60
1518.14
1518.14
1741.48
1741.48
4116.83
4116.83
2554.06
2554.06
12.92
12.92
3003.83
3003.83
365.06
365.06
46.70
46.70
1868.26
1868.26
2639.79
2639.79
1802.48
1802.48
37.03
37.03
961.21
961.21
30.17
30.17
169.08
169.08
18.38
18.38
2298.20
2298.20
511.25
511.25
459.51
459.51
55.90
55.90
14.73
14.73
2390.48
2390.48
3362.71
3362.71
409.67
409.67
1874.48
1874.48
539.58
539.58
253.23
253.23
60.20
60.20
250.37
250.37
1859.13
1859.13
10.00
10.00
11.47
11.47
16.27
16.27
84.51
84.51
19.79
19.79
1695.72
1695.72
2139.47
2139.47
5030.34
5030.34
1211.68
1211.68
532.19
532.19
1838.49
1838.49
19.57
19.57
1577.46
1577.46
683.07
683.07
44.15
44.15
54.52
54.52
390.07
390.07
2539.44
2539.44
661.68
661.68
26.65
26.65
1325.85
1325.85
1287.24
1287.24
745.22
745.22
349.24
349.24
647.94
647.94
280.58
280.58
280.58
12.34
41.05
41.05
256.66
256.66
1941.63
1941.63
1900.21
1900.21
18.11
18.11
894.41
894.41
1197.01
1197.01
13.29
13.29
4938.95
4938.95
270.05
270.05
51.69
51.69
88.56
88.56
13.00
13.00
1723.86
1723.86
1454.03
1454.03
1713.01
1713.01
160.09
160.09
889.80
889.80
2672.06
2672.06
1242.84
1242.84
61.50
61.50
3735.51
3735.51
938.60
938.60
2577.41
2577.41
1298.06
1298.06
5112.33
5112.33
1040.94
1040.94
2238.55
2238.55
87.21
87.21
885.96
885.96
40.33
40.33
240.06
240.06
19.84
19.84
3817.46
3817.46
697.69
697.69
2793.55
2793.55
14.74
14.74
56.04
56.04
3184.08
3184.08
4042.21
4042.21
211.51
211.51
1193.07
1193.07
12.09
12.09
1742.94
1742.94
1742.94
20.70
194.96
194.96
43.36
43.36
1474.67
1474.67
2024.09
2024.09
142.90
142.90
12.60
12.60
68.00
68.00
169.73
169.73
251.73
251.73
88.71
88.71
794.67
794.67
4667.76
4667.76
4837.30
4837.30
4837.30
4837.30
1983.52
1983.52
841.87
841.87
2716.54
2716.54
387.83
387.83
842.84
842.84
2836.09
2836.09
846.22
846.22
13.19
13.19
646.61
646.61
13.07
13.07
15.66
15.66
12.69
12.69
3341.46
3341.46
1303.51
1303.51
5301.94
5301.94
10.00
10.00
933.13
933.13
635.84
635.84
3841.38
3841.38
85.30
85.30
94.39
94.39
1363.80
1363.80
213.82
213.82
14.83
14.83
1789.38
1789.38
13.65
13.65
15.64
15.64
204.92
204.92
2388.07
2388.07
295.64
295.64
967.90
967.90
14.10
14.10
926.49
926.49
1358.79
1358.79
35.14
35.14
2473.23
2473.23
3137.90
3137.90
1690.53
1690.53
2027.81
2027.81
298.83
298.83
3186.15
3186.15
64.58
64.58
963.18
963.18
963.18
214.24
4908.12
4908.12
2612.01
2612.01
1870.24
1870.24
2283.14
2283.14
4807.16
4807.16
417.62
417.62
2143.20
2143.20
167.98
167.98
391.26
391.26
10.00
10.00
62.35
62.35
23.72
23.72
165.39
165.39
110.11
110.11
1395.76
1395.76
1594.85
1594.85
726.67
726.67
1490.94
1490.94
1490.94
470.27
470.27
46.55
40.26
40.26
328.62
328.62
84.60
84.60
23.10
23.10
1555.04
1555.04
40.26
40.26
562.86
562.86
1050.25
1050.25
2612.08
2612.08
138.12
138.12
1981.32
1981.32
20.72
20.72
10.00
10.00
211.02
211.02
2413.58
2413.58
2390.28
2390.28
226.13
226.13
13.57
13.57
14.35
14.35
3032.04
3032.04
35.97
35.97
11.70
11.70
973.61
973.61
1089.60
1089.60
2567.77
2567.77
712.35
712.35
712.35
33.29
33.29
33.29
33.29
14.43
14.43
115.04
115.04
148.62
168.40
289.77
828.07
828.07
15.80
15.80
12.92
12.92
43.20
43.20
5274.60
5274.60
168.48
168.48
5500.74
5500.74
47.16
47.16
12.66
12.66
48.76
48.76
26.93
26.93
666.29
666.29
3251.13
3251.13
980.68
980.68
86.63
86.63
53.12
53.12
53.92
53.92
114.76
114.76
912.03
912.03
698.87
698.87
3546.52
3546.52
1994.24
1994.24
3316.89
3316.89
330.87
330.87
73.97
73.97
382.69
382.69
382.69
27.04
27.04
10.00
423.51
423.51
210.26
210.26
22.04
22.04
98.65
98.65
3898.04
3898.04
132.26
132.26
2975.61
2975.61
1804.37
1804.37
11.52
11.52
173.90
173.90
1146.33
1146.33
697.35
697.35
19.37
19.37
31.69
31.69
42.71
42.71
538.37
538.37
113.81
113.81
35.88
35.88
32.42
32.42
32.42
2513.99
2513.99
166.78
166.78
61.30
61.30
61.30
279.46
279.46
279.46
30.36
30.36
414.99
139.96
1367.11
1367.11
462.89
462.89
462.89
20.80
20.80
20.80
20.80
10.59
10.59
10.59
19.79
19.79
19.79
308.22
308.22
308.22
254.53
254.53
308.14
2794.86
2794.86
2218.75
1516.53
1516.53
147.68
448.34
515.98
159.96
159.96
5680.41
5680.41
933.28
933.28
14.68
14.68
284.12
284.12
2389.13
2389.13
2511.24
2511.24
2511.24
1015.69
50.59
50.59
1446.47
1446.47
1446.47
5315.91
5315.91
199.47
199.47
789.62
789.62
50.53
50.53
21.21
21.21
408.13
918.57
918.57
918.57
11.78
11.78
12.75
12.75
27.13
27.13
2779.57
2779.57
608.22
608.22
13.38
13.38
2329.31
2329.31
905.49
905.49
1634.81
1634.81
3626.55
3626.55
88.83
88.83
17.59
17.59
2559.65
2559.65
61.63
61.63
1773.66
1773.66
5770.15
5770.15
6873.36
6873.36
2776.12
2776.12
400.85
400.85
1516.63
1516.63
162.06
162.06
1913.78
1913.78
124.61
871.93
871.93
871.93
230.36
230.36
55.46
55.46
869.55
869.55
5677.78
5677.78
930.83
930.83
1291.02
1291.02
1091.25
1091.25
82.75
82.75
874.47
874.47
50.14
50.14
37.31
818.71
818.71
818.71
32.95
32.95
139.59
139.59
1722.28
1722.28
128.11
128.11
795.63
795.63
1768.95
1768.95
102.49
102.49
2142.61
2142.61
6184.42
6184.42
3373.49
3373.49
13.29
13.29
12.89
12.89
84.18
84.18
54.41
54.41
11.58
11.58
483.68
483.68
150.67
150.67
33.63
33.63
12.77
12.77
28.81
28.81
974.84
974.84
1155.14
1155.14
69.99
69.99
722.06
722.06
98.38
98.38
444.03
444.03
283.54
283.54
12.51
12.51
45.53
45.53
129.14
129.14
40.83
40.83
2026.29
2026.29
80.48
80.48
39.77
39.77
30.12
30.12
10.00
10.00
4230.01
4230.01
1604.25
1604.25
1735.91
1735.91
3061.91
3061.91
812.21
812.21
5363.80
5363.80
6769.58
6769.58
1410.17
1410.17
2975.42
2975.42
2101.22
2101.22
393.57
393.57
813.27
813.27
117.30
117.30
568.93
568.93
122.79
122.79
34.81
34.81
266.94
266.94
12.97
12.97
3556.28
3556.28
1368.51
1368.51
12.55
12.55
1922.32
1922.32
339.21
339.21
943.79
943.79
63.29
63.29
156.63
156.63
489.26
489.26
3331.89
3331.89
1954.12
1954.12
64.01
64.01
2302.40
2302.40
1584.60
1584.60
24.68
24.68
369.43
369.43
86.15
86.15
104.57
104.57
86.59
86.59
1198.77
1198.77
51.84
51.84
4975.43
4975.43
1346.87
1346.87
798.83
798.83
4368.18
4368.18
35.86
35.86
309.97
309.97
2092.26
2092.26
14.02
14.02
1366.50
1366.50
2290.80
2290.80
219.69
219.69
3550.69
3550.69
10.00
10.00
1967.31
1967.31
10.38
10.38
1898.15
1898.15
114.47
114.47
2366.45
2366.45
1413.69
1413.69
1348.86
1348.86
31.40
31.40
1910.74
1910.74
96.42
96.42
4435.27
4435.27
1675.10
1675.10
5049.49
5049.49
689.91
689.91
3384.12
3384.12
85.26
85.26
4799.67
4799.67
1512.12
1512.12
1377.52
1377.52
995.79
995.79
1938.54
1938.54
3389.64
3389.64
19.24
19.24
2448.23
2448.23
1257.18
1257.18
5040.33
5040.33
1061.49
1061.49
1201.01
1201.01
1530.54
1530.54
1802.12
1802.12
3072.56
3072.56
976.45
976.45
61.60
61.60
1921.85
1921.85
44.71
44.71
161.73
161.73
37.75
37.75
45.68
45.68
28.95
28.95
3882.78
3882.78
2140.53
2140.53
86.76
86.76
28.39
28.39
74.79
74.79
74.79
183.44
183.44
193.28
1685.42
1685.42
62.62
62.62
1012.33
1012.33
71.79
71.79
625.37
625.37
2647.70
2647.70
854.61
854.61
2336.94
2336.94
3911.43
3911.43
14.98
14.98
2169.60
2169.60
462.24
462.24
11.41
11.41
155.91
155.91
892.59
892.59
1478.09
1478.09
2045.04
2045.04
3238.17
3238.17
652.21
652.21
606.78
606.78
13.58
13.58
27.99
27.99
52.81
52.81
13.77
13.77
23.14
23.14
217.29
217.29
217.29
480.55
480.55
38.92
2042.28
2042.28
29.86
29.86
664.36
664.36
3798.77
3798.77
1585.08
1585.08
976.33
976.33
2946.10
2946.10
84.65
84.65
2497.58
2497.58
21.26
21.26
21.26
111.89
111.89
111.89
111.89
2332.42
2332.42
782.08
1761.15
75.06
2349.21
2349.21
2885.02
2885.02
2268.01
2268.01
168.92
168.92
2908.74
2908.74
2842.54
2842.54
29.29
29.29
696.25
696.25
1471.37
1471.37
786.63
786.63
2474.04
2474.04
23.24
23.24
5277.15
5277.15
3903.90
3903.90
4061.08
4061.08
2953.56
2953.56
4752.25
4752.25
5438.63
5438.63
3986.74
3986.74
4148.26
4148.26
1361.23
1361.23
34.70
34.70
2808.42
2808.42
803.45
803.45
102.91
102.91
1549.16
1549.16
77.34
77.34
69.63
69.63
289.32
289.32
870.29
870.29
2766.96
2766.96
70.17
70.17
48.66
48.66
196.84
196.84
14.68
14.68
5095.97
5095.97
4527.77
4527.77
4527.77
4527.77
2739.95
2739.95
5111.19
5111.19
5111.19
5111.19
3729.62
3729.62
1534.44
1534.44
1091.79
1091.79
3994.25
3994.25
4545.42
4545.42
1592.96
1592.96
1799.71
1799.71
13.03
13.03
1068.52
1068.52
3956.92
3956.92
3139.26
3139.26
3148.40
3148.40
795.14
795.14
1089.68
1089.68
1089.68
1089.68
5032.01
5032.01
1429.47
1429.47
3209.05
3209.05
3209.05
3209.05
1852.81
1852.81
4253.28
4253.28
1414.85
1414.85
2433.24
2433.24
3693.98
3693.98
964.38
964.38
964.38
964.38
1569.72
1569.72
1569.72
1569.72
3731.20
3731.20
565.24
565.24
393.91
393.91
954.69
954.69
4723.32
4723.32
4723.32
4723.32
1362.74
1362.74
2520.19
2520.19
1854.06
1854.06
2005.83
2005.83
977.67
977.67
4323.56
4323.56
1104.10
1104.10
14.40
14.40
3080.37
3080.37
5467.90
5467.90
5467.90
5467.90
5250.54
5250.54
3467.48
3467.48
5414.44
5414.44
3978.08
3978.08
1304.01
1304.01
833.49
833.49
4629.47
4629.47
3688.32
3688.32
3860.55
3860.55
4735.85
4735.85
4523.98
4523.98
3296.91
3296.91
2866.63
2866.63
5296.80
5296.80
6435.39
6435.39
4150.52
4150.52
4150.52
4150.52
3800.95
3800.95
559.57
559.57
774.52
774.52
780.27
780.27
53.19
53.19
13.37
13.37
322.57
322.57
926.14
926.14
2437.16
2437.16
205.81
205.81
310.44
310.44
278.24
278.24
1153.75
1153.75
171.30
171.30
10.00
10.00
76.54
76.54
140.76
140.76
276.21
276.21
276.21
13.61
13.61
77.14
1201.14
1201.14
10.00
10.00
40.78
40.78
1979.28
1979.28
300.62
300.62
106.00
106.00
637.77
637.77
20.67
20.67
92.48
92.48
191.15
191.15
52.30
52.30
1110.71
1110.71
4678.47
4678.47
22.05
22.05
209.89
209.89
111.64
111.64
2666.67
2666.67
31.55
31.55
31.55
99.11
99.11
246.24
13.63
13.63
226.01
226.01
10.00
10.00
47.30
47.30
47.30
47.30
19.88
19.88
19.88
19.88
697.96
697.96
697.96
21.00
1495.32
1495.32
846.52
846.52
88.83
88.83
13.76
13.76
18.88
18.88
2265.14
2265.14
232.03
232.03
819.07
819.07
623.09
623.09
210.79
210.79
89.92
89.92
67.04
67.04
708.40
708.40
5558.15
5558.15
13.35
13.35
659.04
659.04
659.04
424.70
424.70
424.70
11.31
1721.97
101.26
101.26
921.53
921.53
2300.14
2300.14
73.62
73.62
158.45
158.45
115.54
115.54
774.49
774.49
13.94
13.94
2043.12
2043.12
2716.51
2716.51
4861.57
4861.57
4861.57
209.83
209.83
10.00
10.00
10.00
10.00
41.81
41.81
41.81
40.86
40.86
40.86
1497.31
2004.16
2004.16
3307.92
3307.92
40.56
40.56
2273.97
2273.97
2887.23
2887.23
1079.01
1079.01
1768.01
1768.01
53.22
53.22
164.32
164.32
2101.15
2101.15
3842.79
3842.79
543.20
543.20
377.97
377.97
57.49
57.49
106.75
106.75
16.55
16.55
664.13
664.13
28.53
28.53
102.92
102.92
1613.02
1613.02
58.46
58.46
62.73
62.73
2417.94
2417.94
1928.51
1928.51
4090.62
4090.62
1919.99
1919.99
4364.79
4364.79
4121.15
4121.15
160.81
160.81
160.81
160.81
72.67
72.67
72.67
72.67
72.67
72.67
61.58
61.58
61.58
61.58
26.63
26.63
26.63
301.92
301.92
1787.46
1787.46
1624.85
1067.65
1067.65
104.16
104.16
104.16
104.16
10.00
10.00
79.63
79.63
298.93
298.93
176.80
3173.13
134.94
134.94
118.65
118.65
662.81
662.81
16.53
16.53
14.34
14.34
152.35
152.35
219.05
219.05
890.00
890.00
890.00
277.79
277.79
294.82
294.82
63.59
63.59
21.42
816.94
816.94
13.38
13.38
904.76
904.76
2365.43
2365.43
2365.43
977.77
1198.75
1198.75
197.11
197.11
80.39
80.39
1006.98
1006.98
656.16
656.16
12.96
12.96
40.72
40.72
2444.53
2444.53
190.88
190.88
4254.67
4254.67
3326.68
3326.68
3326.68
129.53
21.25
21.25
405.37
405.37
876.19
876.19
1452.37
1452.37
1305.90
1305.90
14.38
14.38
26.01
26.01
2568.76
2568.76
804.59
804.59
253.10
253.10
48.68
48.68
1469.84
1469.84
109.19
109.19
14.48
14.48
119.47
119.47
558.32
558.32
558.32
50.48
50.48
15.66
11.50
11.50
11.50
70.14
70.14
40.56
40.56
21.89
21.89
2363.76
2363.76
112.33
112.33
2726.51
2726.51
783.44
783.44
3090.55
3090.55
10.00
10.00
2380.61
2380.61
4957.60
4957.60
88.49
88.49
3538.18
3538.18
2947.68
2947.68
3414.61
3414.61
2583.90
2583.90
1179.42
1179.42
113.40
113.40
3395.57
3395.57
104.59
104.59
41.96
41.96
156.65
156.65
21.18
21.18
146.80
146.80
1498.61
1498.61
380.68
380.68
160.90
160.90
11.89
11.89
2047.75
2047.75
97.99
97.99
837.22
837.22
20.99
20.99
20.99
11.75
35.55
35.55
109.04
109.04
558.09
558.09
85.50
85.50
42.48
42.48
872.26
872.26
4579.30
4579.30
10.00
10.00
11.76
11.76
221.36
221.36
3264.22
3264.22
49.91
49.91
903.46
903.46
2013.22
2013.22
1466.60
1466.60
10.00
10.00
2873.32
2873.32
1213.87
1213.87
2387.97
2387.97
92.65
92.65
10.00
10.00
358.77
358.77
129.87
129.87
2958.26
2958.26
25.36
25.36
40.27
40.27
1563.91
1563.91
732.88
732.88
1530.04
1530.04
2960.95
2960.95
20.90
20.90
145.82
145.82
10.00
10.00
1967.52
1967.52
677.30
677.30
99.21
99.21
4853.36
4853.36
240.25
240.25
789.88
789.88
789.88
34.54
40.76
40.76
44.98
44.98
77.69
77.69
102.49
102.49
1247.38
1247.38
12.62
12.62
97.16
97.16
13.42
13.42
29.84
29.84
63.53
63.53
33.03
33.03
10.00
10.00
10.00
10.00
10.00
10.90
10.90
10.00
128.21
128.21
211.54
211.54
211.54
12.47
89.19
89.19
75.89
75.89
634.60
634.60
44.21
44.21
125.10
125.10
18.18
18.18
119.44
119.44
857.91
857.91
3708.82
3708.82
46.14
46.14
748.67
748.67
47.22
47.22
67.17
67.17
3149.38
3149.38
680.70
680.70
10.00
10.00
13.45
13.45
688.44
688.44
960.31
960.31
857.80
857.80
4370.48
4370.48
2272.59
2272.59
1352.84
1352.84
2942.03
2942.03
947.98
947.98
14.32
14.32
938.24
938.24
3916.29
3916.29
3188.25
3188.25
2738.02
2738.02
272.70
272.70
849.88
849.88
2019.05
2019.05
2727.24
2727.24
1286.30
1286.30
1004.56
1004.56
3719.75
3719.75
43.26
43.26
46.48
46.48
13.93
13.93
3626.37
3626.37
2275.14
2275.14
5277.16
5277.16
1087.65
1087.65
1873.56
1873.56
500.28
500.28
1609.61
1609.61
2441.99
2441.99
109.36
109.36
67.76
67.76
339.45
339.45
79.45
79.45
40.93
40.93
121.45
121.45
66.71
66.71
1122.60
1122.60
1601.29
1601.29
903.66
903.66
1121.03
1121.03
3876.00
3876.00
813.29
813.29
1396.63
1396.63
14.11
14.11
212.14
212.14
2234.71
2234.71
175.10
175.10
10.00
10.00
874.58
874.58
14.30
14.30
46.03
46.03
12.92
12.92
225.68
225.68
569.44
569.44
352.32
352.32
745.86
745.86
2400.83
2400.83
60.39
60.39
1325.50
1325.50
39.87
39.87
10.00
10.00
12.20
12.20
13.70
13.70
266.62
266.62
1360.34
1360.34
206.72
206.72
502.19
502.19
45.34
45.34
1996.99
1996.99
2773.73
2773.73
1041.95
1041.95
10.00
10.00
124.16
124.16
63.03
63.03
39.55
39.55
576.59
576.59
607.82
607.82
73.57
73.57
135.66
135.66
2707.47
2707.47
422.07
422.07
2520.88
2520.88
2393.47
2393.47
98.63
98.63
3862.97
3862.97
1895.22
1895.22
41.06
41.06
2065.15
2065.15
2397.35
2397.35
3433.88
3433.88
587.70
587.70
1824.62
