# 1Hz Kbps trace generated by import_real_world_traces.py
1397.03
1702.39
1655.08
2284.93
1867.36
1867.36
3090.94
3090.94
31.03
31.03
1787.50
1787.50
4063.86
4063.86
1341.42
1341.42
1762.95
1762.95
4105.48
4105.48
465.07
465.07
909.78
909.78
1399.54
1399.54
2334.77
2334.77
4076.44
4076.44
990.76
990.76
14.61
14.61
1142.70
1142.70
10.00
10.00
414.55
414.55
414.55
4266.06
4266.06
10.00
10.00
631.23
631.23
900.24
900.24
589.49
589.49
975.53
975.53
4089.44
4089.44
2336.14
2336.14
4356.28
4356.28
1270.39
1270.39
904.72
904.72
266.75
266.75
553.80
553.80
22.11
22.11
1468.34
1468.34
3469.95
3469.95
172.08
172.08
956.10
956.10
4246.11
4246.11
58.33
58.33
16.33
16.33
987.46
987.46
15.49
15.49
337.88
337.88
14.60
14.60
378.23
378.23
1801.75
1801.75
3961.31
3961.31
4062.85
4062.85
883.67
883.67
1022.56
1022.56
13.67
13.67
897.34
897.34
1091.99
1091.99
38.84
38.84
4110.47
4110.47
1255.38
1255.38
227.25
227.25
611.30
611.30
4207.60
4207.60
991.19
991.19
896.44
896.44
3684.89
3684.89
15.71
15.71
45.68
45.68
45.68
1435.79
1435.79
914.76
914.76
4191.10
4191.10
1740.68
1740.68
62.07
62.07
100.54
100.54
2845.97
2845.97
1079.49
1079.49
4389.95
4389.95
20.57
20.57
40.30
40.30
2214.86
2214.86
580.00
580.00
1503.27
1503.27
4025.13
4025.13
4386.85
4386.85
2548.48
2548.48
23.67
23.67
4055.57
4055.57
2991.24
2991.24
959.69
959.69
1294.13
1294.13
75.63
75.63
4123.25
4123.25
4304.86
4304.86
4004.76
4004.76
4046.99
4046.99
3455.16
3455.16
3488.52
3488.52
4455.88
4455.88
4385.79
4385.79
3325.37
3325.37
15.33
15.33
99.15
99.15
3776.28
3776.28
13.27
13.27
84.97
84.97
891.24
891.24
100.92
100.92
27.45
27.45
4342.84
4342.84
3300.27
3300.27
4054.72
4054.72
14.31
14.31
4199.18
4199.18
3929.84
3929.84
4116.75
4116.75
21.57
21.57
3053.98
3053.98
4166.72
4166.72
281.45
281.45
4109.70
4109.70
10.00
10.00
4179.89
4179.89
3222.59
3222.59
2259.31
2259.31
2823.77
2823.77
4083.25
4083.25
3025.91
3025.91
3504.10
3504.10
2842.78
2842.78
4226.61
4226.61
1793.00
1793.00
3364.41
3364.41
14.00
14.00
704.90
704.90
893.38
893.38
3989.93
3989.93
900.47
900.47
2000.89
2000.89
1620.20
1620.20
1930.85
1930.85
1493.84
1493.84
1150.89
1150.89
3790.77
3790.77
4422.14
4422.14
936.35
936.35
4776.82
4776.82
1550.45
1550.45
201.78
201.78
1063.18
1063.18
1963.57
1963.57
28.21
28.21
349.62
349.62
214.36
214.36
872.50
872.50
121.21
121.21
39.26
39.26
1762.66
1762.66
943.00
943.00
25.20
25.20
115.69
115.69
3703.74
3703.74
117.65
117.65
29.26
29.26
63.26
63.26
3965.45
3965.45
3965.45
3965.45
3961.02
3961.02
53.86
53.86
324.31
324.31
981.21
981.21
3586.95
3586.95
46.60
46.60
29.10
29.10
53.97
53.97
1235.78
1235.78
40.15
40.15
4173.12
4173.12
4072.47
4072.47
4021.61
4021.61
989.30
989.30
3740.13
3740.13
4605.11
4605.11
962.00
962.00
138.32
138.32
64.20
64.20
780.94
780.94
409.59
409.59
43.42
43.42
3954.60
3954.60
2721.52
2721.52
13.87
13.87
2006.73
2006.73
3331.17
3331.17
4255.64
4255.64
1614.99
1614.99
168.10
168.10
915.83
915.83
166.60
166.60
3988.36
3988.36
1798.97
1798.97
46.24
46.24
965.71
965.71
14.14
14.14
167.14
167.14
51.95
51.95
66.44
66.44
1110.17
1110.17
165.01
165.01
4130.08
4130.08
10.00
10.00
99.97
99.97
68.52
68.52
79.23
79.23
1172.69
1172.69
193.77
193.77
33.13
33.13
204.66
204.66
1696.47
1696.47
1108.79
1108.79
3680.00
3680.00
860.73
860.73
25.84
25.84
4398.08
4398.08
3670.10
3670.10
4122.73
4122.73
40.34
40.34
1709.73
1709.73
3750.05
3750.05
1277.28
1277.28
4053.62
4053.62
215.97
215.97
231.29
231.29
996.73
996.73
3789.31
3789.31
107.14
107.14
10.00
10.00
4470.30
4470.30
13.33
13.33
707.96
707.96
900.85
900.85
3834.91
3834.91
1787.45
1787.45
829.07
829.07
49.55
49.55
14.62
14.62
13.95
13.95
833.01
833.01
43.02
43.02
1337.16
1337.16
869.07
869.07
869.07
869.07
1822.60
1822.60
30.22
30.22
403.61
403.61
797.10
797.10
1401.88
1401.88
885.52
885.52
4444.94
4444.94
170.73
170.73
170.73
4220.51
4220.51
4436.54
4436.54
918.31
918.31
3934.61
3934.61
3752.38
3752.38
122.22
122.22
43.82
43.82
968.99
968.99
386.27
386.27
975.21
975.21
4168.69
4168.69
4183.52
4183.52
3658.39
3658.39
691.82
691.82
903.35
903.35
4071.16
4071.16
2026.06
2026.06
1689.94
1689.94
1196.17
1196.17
1497.20
1497.20
3136.02
3136.02
4371.57
4371.57
3921.09
3921.09
4198.66
4198.66
4275.63
4275.63
3991.26
3991.26
4133.61
4133.61
4098.31
4098.31
78.06
78.06
4163.72
4163.72
20.54
20.54
4098.04
4098.04
232.18
232.18
4353.10
4353.10
340.42
340.42
16.14
16.14
237.03
237.03
13.76
13.76
912.53
912.53
163.04
163.04
43.81
43.81
2613.13
2613.13
308.86
308.86
386.14
386.14
285.57
285.57
27.88
27.88
572.02
572.02
36.22
36.22
108.00
108.00
21.94
21.94
29.70
29.70
14.67
14.67
55.76
55.76
829.69
829.69
1752.50
1752.50
2509.81
2509.81
3394.05
3394.05
1000.83
1000.83
1472.52
1472.52
1999.46
1999.46
76.04
76.04
474.41
474.41
47.00
47.00
3676.41
3676.41
11.67
11.67
3879.30
3879.30
53.84
53.84
12.17
12.17
11.44
11.44
10.00
10.00
33.87
33.87
99.49
99.49
409.86
409.86
195.64
195.64
13.43
13.43
4364.67
4364.67
1950.12
1950.12
13.85
13.85
4021.62
4021.62
1675.21
1675.21
3382.45
3382.45
938.88
938.88
4144.69
4144.69
3582.03
3582.03
3944.30
3944.30
14.35
14.35
4680.09
4680.09
2952.27
2952.27
4084.71
4084.71
4447.47
4447.47
2564.98
2564.98
4340.08
4340.08
4058.35
4058.35
4036.26
4036.26
72.59
72.59
15.46
15.46
105.31
105.31
4171.69
4171.69
1405.04
1405.04
1971.96
1971.96
29.62
29.62
4678.51
4678.51
226.37
226.37
3631.73
3631.73
82.27
82.27
2536.19
2536.19
126.09
126.09
896.93
896.93
3294.39
3294.39
24.99
24.99
2623.09
2623.09
3796.96
3796.96
110.88
110.88
2484.99
2484.99
4018.12
4018.12
4337.58
4337.58
15.83
15.83
3680.02
3680.02
3927.54
3927.54
4109.47
4109.47
14.47
14.47
195.05
195.05
4202.79
4202.79
184.56
184.56
44.81
44.81
164.46
164.46
12.51
12.51
61.60
61.60
58.50
58.50
988.01
988.01
4139.62
4139.62
13.61
13.61
3995.14
3995.14
20.39
20.39
3679.17
3679.17
4048.01
4048.01
911.77
911.77
3904.77
3904.77
1748.79
1748.79
2841.27
2841.27
2726.08
2726.08
982.42
982.42
4299.43
4299.43
56.04
56.04
492.71
492.71
25.70
25.70
37.14
37.14
25.16
25.16
25.16
13.84
13.84
13.84
32.40
32.40
536.41
536.41
3227.21
3227.21
273.99
273.99
4056.56
4056.56
3237.25
3237.25
4103.04
4103.04
4103.04
4103.04
4171.32
4171.32
3942.91
3942.91
39.53
39.53
3950.34
3950.34
2463.93
2463.93
1922.92
1922.92
2364.08
2364.08
3220.48
3220.48
4286.50
4286.50
1761.24
1761.24
12.24
12.24
14.92
14.92
4067.37
4067.37
2360.09
2360.09
75.98
75.98
992.56
992.56
1156.15
1156.15
133.62
133.62
3321.39
3321.39
295.53
295.53
14.32
14.32
1140.66
1140.66
77.10
77.10
83.71
83.71
35.30
35.30
75.04
75.04
2972.82
2972.82
17.47
17.47
4102.55
4102.55
2297.01
2297.01
13.16
13.16
4067.11
4067.11
42.76
42.76
4245.40
4245.40
15.06
15.06
86.60
86.60
400.33
400.33
15.88
15.88
15.02
15.02
807.53
807.53
397.76
397.76
4083.76
4083.76
3146.50
3146.50
4360.48
4360.48
3952.68
3952.68
2702.57
2702.57
4076.11
4076.11
4115.68
4115.68
4039.17
4039.17
4147.49
4147.49
3978.14
3978.14
3993.20
3993.20
4051.82
4051.82
4064.83
4064.83
14.87
14.87
3976.81
3976.81
4354.23
4354.23
3428.72
3428.72
4186.62
4186.62
3741.91
3741.91
4099.09
4099.09
2460.92
2460.92
4256.18
4256.18
4070.76
4070.76
38.82
38.82
1566.52
1566.52
32.55
32.55
4406.19
4406.19
3715.84
3715.84
722.65
722.65
14.69
14.69
768.70
768.70
2146.78
2146.78
601.29
601.29
14.33
14.33
30.67
30.67
367.81
367.81
1843.27
1843.27
67.33
67.33
1277.05
1277.05
1186.23
1186.23
939.94
939.94
14.58
14.58
74.13
74.13
15.68
15.68
1859.33
1859.33
3140.10
3140.10
953.88
953.88
1078.48
1078.48
4310.71
4310.71
4288.25
4288.25
2553.99
2553.99
3896.91
3896.91
4016.13
4016.13
4242.03
4242.03
3883.28
3883.28
3917.26
3917.26
3993.93
3993.93
4042.63
4042.63
3557.04
3557.04
3230.81
3230.81
3230.81
578.22
578.22
3463.28
3463.28
3463.28
3463.28
3463.28
3463.28
4031.53
4031.53
3993.31
3993.31
3391.86
3391.86
4242.24
4242.24
3368.38
3368.38
3893.29
3893.29
3988.42
3988.42
3893.66
3893.66
4033.33
4033.33
4211.39
4211.39
3950.51
3950.51
4697.10
4697.10
3771.61
3771.61
753.20
753.20
29.85
29.85
24.52
24.52
380.85
380.85
15.11
15.11
3959.25
3959.25
3899.04
3899.04
20.62
20.62
232.56
232.56
454.41
454.41
80.62
80.62
59.08
59.08
917.00
917.00
84.18
84.18
1675.46
1675.46
3473.27
3473.27
4101.23
4101.23
4196.77
4196.77
2170.49
2170.49
3935.39
3935.39
3023.28
3023.28
755.96
755.96
1014.66
1014.66
3859.60
3859.60
3859.60
946.44
315.02
315.02
327.72
327.72
43.63
43.63
12.81
12.81
922.84
922.84
74.09
74.09
4230.86
4230.86
4306.37
4306.37
672.41
672.41
1760.77
1760.77
71.91
71.91
28.28
28.28
1094.18
1094.18
3842.17
3842.17
1610.48
1610.48
12.87
12.87
923.49
923.49
3013.80
3013.80
1730.27
1730.27
14.80
14.80
29.43
29.43
3978.51
3978.51
2434.39
2434.39
42.80
42.80
123.47
123.47
620.51
620.51
2943.47
2943.47
154.14
154.14
921.30
921.30
86.03
86.03
54.34
54.34
21.80
21.80
21.80
12.59
12.59
973.86
973.86
60.16
60.16
963.48
963.48
2254.76
2254.76
31.17
31.17
674.12
674.12
4342.91
4342.91
996.03
996.03
161.57
161.57
44.57
44.57
1570.50
1570.50
56.45
56.45
236.56
236.56
84.93
84.93
119.30
119.30
72.30
72.30
236.34
236.34
34.79
34.79
23.69
23.69
79.90
79.90
61.04
61.04
68.58
68.58
4415.73
4415.73
14.13
14.13
74.67
74.67
133.66
133.66
917.55
917.55
157.62
157.62
109.81
109.81
214.08
214.08
11.95
11.95
21.97
21.97
3227.32
3227.32
851.61
851.61
35.69
35.69
10.00
10.00
833.54
833.54
4420.55
4420.55
911.55
911.55
3911.11
3911.11
3121.03
3121.03
4241.05
4241.05
1717.91
1717.91
4415.44
4415.44
318.49
318.49
3487.00
3487.00
58.07
58.07
1549.45
1549.45
1725.27
1725.27
123.49
123.49
15.36
15.36
522.97
522.97
171.26
171.26
151.51
151.51
134.36
134.36
930.88
930.88
1724.64
1724.64
3107.34
3107.34
3107.34
3356.65
3356.65
26.21
26.21
26.21
11.22
11.22
176.67
176.67
30.73
30.73
3247.15
3247.15
282.98
282.98
192.45
192.45
160.79
160.79
59.45
59.45
336.53
336.53
12.27
12.27
65.68
65.68
120.64
120.64
989.24
989.24
15.27
15.27
12.76
12.76
1276.24
1276.24
10.00
10.00
15.95
15.95
291.91
291.91
956.44
956.44
345.98
345.98
19.55
19.55
98.85
98.85
140.34
140.34
23.57
23.57
104.95
104.95
10.00
10.00
13.03
13.03
217.18
217.18
118.77
118.77
253.69
253.69
888.91
888.91
3666.79
3666.79
890.31
890.31
36.29
36.29
2931.98
2931.98
3237.94
3237.94
3315.94
3315.94
3700.55
3700.55
3873.80
3873.80
40.45
40.45
777.69
777.69
779.12
779.12
3661.52
3661.52
3797.69
3797.69
945.10
945.10
2658.64
2658.64
3352.43
3352.43
3571.84
3571.84
3571.84
3571.84
3387.82
3387.82
61.59
61.59
3941.50
3941.50
4287.67
4287.67
791.34
791.34
967.45
967.45
3891.78
3891.78
4162.98
4162.98
2795.69
2795.69
1617.15
1617.15
4354.26
4354.26
3236.66
3236.66
3820.09
3820.09
4052.40
4052.40
3863.58
3863.58
1912.71
1912.71
3910.26
3910.26
3907.63
3907.63
3577.88
3577.88
3877.15
3877.15
3896.88
3896.88
3820.39
3820.39
4116.56
4116.56
3724.01
3724.01
16.03
16.03
39.86
39.86
3364.68
3364.68
3470.18
3470.18
3062.32
3062.32
905.14
905.14
542.10
542.10
4430.19
4430.19
3853.78
3853.78
3941.38
3941.38
4053.09
4053.09
4231.96
4231.96
4012.46
4012.46
4000.88
4000.88
4000.88
4000.88
4000.88
4000.88
405.51
405.51
4287.66
4287.66
4287.66
4287.66
4287.66
4287.66
3570.52
3570.52
866.31
866.31
33.06
33.06
1745.33
1745.33
16.25
16.25
4354.30
4354.30
3176.35
3176.35
3867.37
3867.37
4487.82
4487.82
3854.67
3854.67
4560.63
4560.63
3015.68
3015.68
39.96
39.96
39.96
4329.80
4329.80
4329.80
2933.36
2933.36
21.68
21.68
3634.35
3634.35
3850.86
3850.86
3723.58
3723.58
3635.10
3635.10
357.79
357.79
3044.10
3044.10
1288.30
1288.30
41.89
41.89
3755.77
3755.77
1795.57
1795.57
4110.18
4110.18
4467.47
4467.47
38.38
38.38
129.53
129.53
56.65
56.65
455.02
455.02
48.07
48.07
919.92
919.92
62.89
62.89
925.49
925.49
3970.45
3970.45
4113.04
4113.04
1940.23
1940.23
3622.76
3622.76
890.83
890.83
46.62
46.62
910.96
910.96
169.06
169.06
60.03
60.03
13.56
13.56
14.51
14.51
903.36
903.36
62.42
62.42
14.68
14.68
212.93
212.93
13.40
13.40
976.39
976.39
1413.99
1413.99
910.34
910.34
287.56
287.56
3170.02
3170.02
1239.71
1239.71
39.72
39.72
921.47
921.47
2165.74
2165.74
570.60
570.60
195.85
195.85
376.13
376.13
959.84
959.84
3472.57
3472.57
1028.18
1028.18
4100.50
4100.50
30.27
30.27
31.48
31.48
372.72
372.72
15.01
15.01
4302.02
4302.02
3874.66
3874.66
4087.07
4087.07
3609.96
3609.96
956.47
956.47
4177.34
4177.34
628.10
628.10
109.21
109.21
52.18
52.18
1196.20
1196.20
1495.62
1495.62
16.55
16.55
479.25
479.25
1682.77
1682.77
2658.78
2658.78
4366.57
4366.57
581.07
581.07
239.30
239.30
908.02
908.02
76.39
76.39
31.42
31.42
1084.89
1084.89
13.93
13.93
883.99
883.99
299.23
299.23
146.77
146.77
438.00
438.00
53.24
53.24
37.42
37.42
58.88
58.88
25.04
25.04
25.04
25.04
403.62
403.62
195.26
195.26
14.55
14.55
1250.88
1250.88
1250.88
1115.04
1115.04
1115.04
3076.22
3076.22
3076.22
3076.22
40.43
40.43
162.15
162.15
162.15
162.15
162.15
511.62
511.62
511.62
511.62
511.62
511.62
511.62
511.62
511.62
511.62
511.62
516.31
516.31
516.31
2045.55
2045.55
3461.30
1747.78
1747.78
15.02
15.02
44.44
44.44
573.04
573.04
1498.27
1498.27
2806.92
2806.92
57.15
57.15
4206.62
4206.62
41.10
41.10
921.26
921.26
105.50
105.50
838.85
838.85
163.64
163.64
109.18
109.18
28.88
28.88
4206.44
4206.44
3849.61
3849.61
4146.70
4146.70
1828.45
1828.45
394.18
394.18
3822.98
3822.98
3848.26
3848.26
2965.15
2965.15
3961.24
3961.24
3082.52
3082.52
4257.82
4257.82
37.38
37.38
4420.09
4420.09
40.61
40.61
4341.03
4341.03
19.65
19.65
4515.83
4515.83
14.38
14.38
4152.88
4152.88
843.93
843.93
871.76
871.76
346.62
346.62
4490.40
4490.40
2222.18
2222.18
3467.31
3467.31
4450.44
4450.44
4221.42
4221.42
4188.19
4188.19
1165.00
1165.00
1165.00
2314.89
2314.89
4012.74
4012.74
3643.19
3643.19
27.90
27.90
682.11
682.11
3893.68
3893.68
1312.82
1312.82
3978.58
3978.58
925.12
925.12
3797.27
3797.27
3672.98
3672.98
472.96
472.96
222.68
222.68
929.78
929.78
285.15
285.15
3325.16
3325.16
3786.93
3786.93
108.67
108.67
1197.41
1197.41
14.53
14.53
892.35
892.35
364.25
364.25
2885.01
2885.01
2415.94
2415.94
4260.37
4260.37
31.86
31.86
67.38
67.38
953.49
953.49
130.27
130.27
1493.93
1493.93
1493.93
1493.93
2647.47
2647.47
15.22
15.22
452.41
452.41
101.81
101.81
201.45
201.45
13.31
13.31
948.63
948.63
41.46
41.46
10.00
10.00
157.87
157.87
4350.66
4350.66
290.38
290.38
126.86
126.86
15.28
15.28
12.83
12.83
27.34
27.34
1092.98
1092.98
35.67
35.67
28.05
28.05
157.39
157.39
918.89
918.89
141.38
141.38
15.00
15.00
2965.03
2965.03
3464.86
3464.86
874.08
874.08
643.25
643.25
3830.05
3830.05
74.93
74.93
1156.67
1156.67
15.06
15.06
102.86
102.86
453.30
453.30
3535.97
3535.97
2170.94
2170.94
39.30
39.30
403.03
403.03
2117.77
2117.77
4205.78
4205.78
3918.81
3918.81
29.10
29.10
2506.36
2506.36
948.28
948.28
18.30
18.30
1495.15
1495.15
3575.57
3575.57
71.59
71.59
920.42
920.42
3226.06
3226.06
2992.26
2992.26
964.73
964.73
1982.53
1982.53
2273.55
2273.55
839.74
839.74
65.72
65.72
65.72
1820.13
1820.13
3324.80
3324.80
220.13
220.13
220.13
36.93
36.93
207.71
207.71
59.42
59.42
74.17
74.17
98.63
98.63
52.45
52.45
563.37
563.37
96.77
96.77
975.38
975.38
646.15
646.15
12.82
12.82
82.82
82.82
79.97
79.97
4095.72
4095.72
156.67
156.67
890.70
890.70
41.13
41.13
3768.75
3768.75
76.77
76.77
4150.95
4150.95
927.67
927.67
3952.85
3952.85
4060.11
4060.11
4391.27
4391.27
4221.84
4221.84
1126.80
1126.80
3459.34
3459.34
4159.84
4159.84
4251.07
4251.07
28.96
28.96
17.86
17.86
3908.80
3908.80
4264.68
4264.68
478.48
478.48
4239.93
4239.93
20.73
20.73
4737.46
4737.46
960.06
960.06
4254.57
4254.57
3393.79
3393.79
1171.45
1171.45
3554.68
3554.68
2185.91
2185.91
128.79
128.79
3753.59
3753.59
3913.42
3913.42
3837.07
3837.07
108.41
108.41
150.78
150.78
3906.87
3906.87
4251.77
4251.77
4251.77
4296.73
4296.73
1243.87
1243.87
3336.51
3336.51
57.09
57.09
651.28
651.28
651.28
886.19
1703.40
1703.40
1703.40
28.33
28.33
3435.84
3435.84
200.52
200.52
29.02
29.02
470.34
470.34
123.90
123.90
10.00
10.00
25.46
25.46
178.91
178.91
151.85
151.85
49.12
49.12
2407.30
2407.30
1058.11
1058.11
13.54
13.54
141.77
141.77
3436.46
3436.46
59.38
59.38
862.75
862.75
117.04
117.04
912.28
912.28
43.01
43.01
169.71
169.71
13.99
13.99
199.07
199.07
14.13
14.13
69.03
69.03
39.76
39.76
121.71
121.71
165.71
165.71
3729.18
3729.18
3960.16
3960.16
3983.20
3983.20
12.85
12.85
4418.53
4418.53
910.91
910.91
22.61
22.61
924.31
924.31
4107.45
4107.45
11.04
11.04
21.93
21.93
104.56
104.56
881.55
881.55
2299.28
2299.28
2299.28
844.30
844.30
1641.35
1641.35
3453.41
3453.41
85.31
85.31
242.42
242.42
887.75
887.75
133.35
133.35
1545.26
1545.26
676.89
676.89
43.08
43.08
876.34
876.34
60.57
60.57
45.55
45.55
132.18
132.18
2550.29
2550.29
31.28
31.28
740.11
740.11
16.14
16.14
73.71
73.71
204.98
204.98
1177.40
1177.40
1816.96
1816.96
13.66
13.66
44.20
44.20
56.90
56.90
2592.74
2592.74
2815.14
2815.14
21.52
21.52
1581.38
1581.38
14.05
14.05
513.10
513.10
56.24
56.24
31.49
31.49
15.44
15.44
213.92
213.92
90.37
90.37
859.89
859.89
71.57
71.57
86.75
86.75
2797.81
2797.81
4035.01
4035.01
4562.85
4562.85
723.88
723.88
4551.06
4551.06
1316.17
1316.17
4326.92
4326.92
4795.69
4795.69
2036.39
2036.39
815.92
815.92
4050.50
4050.50
278.35
278.35
4560.04
4560.04
2387.34
2387.34
884.04
884.04
1416.29
1416.29
3120.45
3120.45
280.66
280.66
179.33
179.33
4169.33
4169.33
101.17
101.17
28.85
28.85
203.01
203.01
259.33
259.33
59.88
59.88
120.97
120.97
2727.28
2727.28
13.23
13.23
63.95
63.95
4015.30
4015.30
200.81
200.81
15.16
15.16
94.42
94.42
1172.44
1172.44
63.30
63.30
437.39
437.39
32.79
32.79
284.45
284.45
902.51
902.51
145.93
145.93
214.12
214.12
14.76
14.76
42.66
42.66
32.92
32.92
169.02
169.02
868.23
868.23
214.95
214.95
327.95
327.95
41.36
41.36
270.96
270.96
968.22
968.22
22.03
22.03
19.69
19.69
101.55
101.55
25.95
25.95
4374.07
4374.07
3919.42
3919.42
1559.17
1559.17
3794.67
3794.67
3636.40
3636.40
4447.24
4447.24
3396.53
3396.53
2005.58
2005.58
625.76
625.76
4178.88
4178.88
21.60
21.60
3970.06
3970.06
4110.25
4110.25
2683.51
2683.51
4262.09
4262.09
19.97
19.97
13.73
13.73
358.67
358.67
17.57
17.57
17.57
12.99
12.99
21.10
21.10
190.62
190.62
72.07
72.07
392.69
392.69
62.23
62.23
20.21
20.21
790.46
790.46
1423.45
1423.45
3658.11
3658.11
2501.78
2501.78
16.85
16.85
16.85
16.85
16.85
16.85
3647.69
169.13
169.13
169.13
3264.66
3264.66
53.14
53.14
14.27
14.27
2346.77
2346.77
477.96
477.96
2236.96
2236.96
85.53
85.53
92.06
92.06
21.99
21.99
4363.66
4363.66
951.17
951.17
4022.59
4022.59
34.27
34.27
1956.60
1956.60
11.94
11.94
1747.27
1747.27
13.18
13.18
29.24
29.24
2173.69
2173.69
4152.27
4152.27
4544.57
4544.57
97.23
97.23
913.50
913.50
3004.29
3004.29
861.06
861.06
1975.09
1975.09
113.17
113.17
44.95
44.95
55.38
55.38
3254.60
3254.60
634.22
634.22
141.93
141.93
410.68
410.68
244.25
244.25
901.03
901.03
619.50
619.50
58.85
58.85
199.03
199.03
92.92
92.92
28.59
28.59
3554.45
3554.45
842.93
842.93
10.85
10.85
526.76
526.76
10.43
10.43
107.90
107.90
545.21
545.21
514.55
514.55
906.89
906.89
1247.56
1247.56
2557.75
2557.75
94.41
94.41
1998.48
1998.48
918.77
918.77
27.68
27.68
1322.91
1322.91
14.79
14.79
13.98
13.98
4102.74
4102.74
3573.08
3573.08
4220.15
4220.15
3770.26
3770.26
4028.34
4028.34
19.12
19.12
4123.37
4123.37
59.50
59.50
59.99
59.99
806.98
806.98
806.98
806.98
806.98
327.39
327.39
327.39
327.39
61.42
61.42
61.42
61.42
61.42
61.42
61.42
61.42
61.42
1139.22
1139.22
1139.22
1139.22
1139.22
1139.22
1139.22
1139.22
117.38
117.38
117.38
117.38
117.38
1215.24
28.41
27.61
27.61
2100.02
2100.02
394.54
394.54
13.99
13.99
1443.69
1443.69
3619.91
3619.91
173.73
173.73
366.38
366.38
45.88
45.88
202.78
202.78
726.48
726.48
40.30
40.30
13.70
13.70
145.39
145.39
363.40
363.40
459.83
459.83
3153.41
3153.41
1103.25
1103.25
768.07
768.07
2124.36
2124.36
19.76
19.76
240.21
240.21
3999.86
3999.86
3674.96
3674.96
2861.38
2861.38
3415.39
3415.39
4208.93
4208.93
959.08
959.08
258.81
258.81
4535.48
4535.48
4078.66
4078.66
4087.29
4087.29
4113.36
4113.36
280.75
280.75
4171.18
4171.18
3930.19
3930.19
2174.67
2174.67
117.97
117.97
40.64
40.64
29.01
29.01
582.18
582.18
4143.57
4143.57
1996.25
1996.25
4171.20
4171.20
4257.32
4257.32
52.13
52.13
950.18
950.18
201.58
201.58
133.02
133.02
15.23
15.23
936.43
936.43
1601.21
1601.21
139.62
139.62
280.18
280.18
206.55
206.55
164.03
164.03
915.15
915.15
622.48
622.48
2160.36
2160.36
1974.66
1974.66
3858.89
3858.89
105.99
105.99
1936.66
1936.66
14.78
14.78
21.86
21.86
564.49
564.49
2872.29
2872.29
1593.40
1593.40
70.36
70.36
1292.91
1292.91
13.47
13.47
2621.31
2621.31
75.85
75.85
340.06
340.06
685.77
685.77
92.20
92.20
2851.52
2851.52
1049.18
1049.18
664.28
664.28
4194.60
4194.60
15.25
15.25
516.99
516.99
4102.70
4102.70
4118.15
4118.15
4118.15
4118.15
4118.15
4118.15
42.27
42.27
95.93
95.93
16.00
16.00
481.86
481.86
262.61
262.61
1271.05
1271.05
15.33
15.33
2597.79
2597.79
4127.86
4127.86
1315.39
1315.39
120.49
120.49
28.40
28.40
1675.86
1675.86
968.48
968.48
507.14
507.14
3604.36
3604.36
3498.88
3498.88
3280.62
3280.62
40.16
40.16
173.33
173.33
3749.04
3749.04
437.60
437.60
85.26
85.26
42.36
42.36
126.14
126.14
945.77
945.77
113.84
113.84
4146.11
4146.11
2743.34
2743.34
3990.13
3990.13
899.20
899.20
1552.16
1552.16
1274.57
1274.57
45.96
45.96
21.57
21.57
115.30
115.30
15.24
15.24
881.74
881.74
26.56
26.56
101.93
101.93
3930.88
3930.88
3793.45
3793.45
31.57
31.57
3301.72
3301.72
1956.96
1956.96
296.06
296.06
754.42
754.42
56.44
56.44
154.02
154.02
154.02
14.01
14.01
172.54
172.54
921.40
921.40
198.43
198.43
724.17
724.17
4140.77
4140.77
4021.45
4021.45
15.66
15.66
4204.51
4204.51
96.27
96.27
279.89
279.89
4109.93
4109.93
904.25
904.25
4105.27
4105.27
67.85
67.85
110.91
110.91
96.70
96.70
28.26
28.26
383.07
383.07
1852.14
1852.14
13.85
13.85
3850.18
3850.18
979.20
979.20
1531.00
1531.00
14.14
14.14
4283.52
4283.52
936.37
936.37
162.28
162.28
1294.06
1294.06
21.97
21.97
3194.50
3194.50
3876.57
3876.57
4254.25
4254.25
410.79
410.79
3591.57
3591.57
3767.96
3767.96
749.66
749.66
2634.04
2634.04
1683.07
1683.07
1817.31
1817.31
4445.60
4445.60
2442.08
2442.08
3072.36
3072.36
3853.53
3853.53
2857.72
2857.72
3859.63
3859.63
2756.87
2756.87
4174.70
4174.70
100.17
100.17
3863.70
3863.70
58.85
58.85
147.20
147.20
1081.88
1081.88
27.08
27.08
27.08
4152.64
31.82
31.82
559.22
559.22
3041.85
3041.85
1448.11
1448.11
14.33
14.33
966.77
966.77
3467.62
3467.62
848.50
848.50
20.47
20.47
1271.75
1271.75
1271.75
1414.40
1414.40
16.33
16.33
942.88
942.88
56.73
56.73
70.06
70.06
14.63
14.63
620.57
620.57
1393.30
1393.30
1931.56
1931.56
984.52
984.52
403.42
403.42
4134.34
4134.34
3028.69
3028.69
14.71
14.71
4351.63
4351.63
3908.23
3908.23
14.36
14.36
3180.45
3180.45
267.04
267.04
893.50
893.50
2550.53
2550.53
890.16
890.16
27.08
27.08
3913.77
3913.77
165.94
165.94
30.39
30.39
940.83
940.83
121.61
121.61
1870.82
1870.82
1116.73
1116.73
768.43
768.43
975.15
975.15
2335.48
2335.48
972.30
972.30
2371.44
2371.44
815.64
815.64
1451.51
1451.51
4072.94
4072.94
35.27
35.27
724.05
724.05
3485.23
3485.23
3912.85
3912.85
2880.97
2880.97
3353.24
3353.24
4011.29
4011.29
15.46
15.46
1804.80
1804.80
1993.06
1993.06
14.59
14.59
4003.44
4003.44
14.44
14.44
842.36
842.36
675.67
675.67
4507.87
4507.87
3958.27
3958.27
974.23
974.23
696.78
696.78
897.46
897.46
2816.36
2816.36
3777.62
3777.62
3777.62
3777.62
82.75
82.75
4276.07
4276.07
3421.62
3421.62
3934.49
3934.49
317.20
317.20
14.87
14.87
2841.84
2841.84
2841.84
2841.84
961.14
961.14
29.77
29.77
4179.91
4179.91
15.56
15.56
1408.76
1408.76
3608.05
3608.05
69.65
69.65
433.68
433.68
57.23
57.23
39.67
39.67
3700.14
3700.14
3700.14
3700.14
43.08
43.08
922.51
922.51
3073.14
3073.14
103.08
103.08
119.90
119.90
181.99
181.99
861.89
861.89
33.04
33.04
11.40
11.40
10.00
10.00
200.31
200.31
130.42
130.42
276.50
276.50
10.00
10.00
65.23
65.23
13.50
13.50
128.98
128.98
15.63
15.63
10.21
10.21
282.23
282.23
2969.80
2969.80
1700.90
1700.90
103.66
103.66
2201.66
2201.66
1676.93
1676.93
31.48
31.48
225.98
225.98
4102.45
4102.45
4028.64
4028.64
4734.08
4734.08
15.56
15.56
1502.07
1502.07
446.38
446.38
108.32
108.32
3900.55
3900.55
944.28
944.28
1155.58
1155.58
15.86
15.86
15.66
15.66
287.81
287.81
2377.54
2377.54
97.88
97.88
25.23
25.23
75.30
75.30
264.27
264.27
43.44
43.44
186.75
186.75
57.58
57.58
179.73
179.73
909.37
909.37
46.52
46.52
4095.38
4095.38
3670.91
3670.91
3784.02
3784.02
915.19
915.19
61.54
61.54
4010.81
4010.81
126.75
126.75
3272.45
3272.45
14.56
14.56
1239.37
1239.37
978.11
978.11
76.65
76.65
116.29
116.29
256.26
256.26
237.97
237.97
99.42
99.42
58.52
58.52
921.91
921.91
101.89
101.89
280.60
280.60
1052.23
1052.23
29.96
29.96
32.26
32.26
1003.43
1003.43
139.99
139.99
72.92
72.92
18.82
18.82
13.44
13.44
13.86
13.86
11.36
11.36
330.85
330.85
85.33
85.33
913.69
913.69
2547.59
2547.59
38.28
38.28
167.43
167.43
2986.01
2986.01
169.13
169.13
1633.63
1633.63
1440.85
1440.85
29.61
29.61
54.88
54.88
485.67
485.67
1432.70
1432.70
531.39
531.39
15.11
15.11
788.83
788.83
2463.59
2463.59
67.47
67.47
2472.42
2472.42
22.11
22.11
1044.44
1044.44
199.41
199.41
15.59
15.59
15.20
15.20
389.51
389.51
14.70
14.70
10.00
10.00
68.42
68.42
223.99
223.99
3089.19
3089.19
1638.72
1638.72
29.72
29.72
898.06
898.06
678.83
678.83
915.20
915.20
1046.03
1046.03
2288.47
2288.47
2806.07
2806.07
128.09
128.09
4206.84
4206.84
2615.91
2615.91
1677.18
1677.18
45.37
45.37
84.76
84.76
85.42
85.42
1924.30
1924.30
726.19
726.19
1369.46
1369.46
2035.57
2035.57
17.70
17.70
947.71
947.71
3396.93
3396.93
4127.82
4127.82
1846.98
1846.98
21.51
21.51
3152.66
3152.66
32.60
32.60
14.24
14.24
1045.47
1045.47
342.55
342.55
135.84
135.84
47.85
47.85
3078.59
3078.59
3408.81
3408.81
14.08
14.08
1182.85
1182.85
4078.97
4078.97
3170.77
3170.77
16.13
16.13
133.14
133.14
964.84
964.84
86.45
86.45
1611.16
1611.16
20.93
20.93
163.27
163.27
47.54
47.54
47.54
47.54
47.54
810.24
810.24
810.24
810.24
1393.82
1393.82
1393.82
1824.15
1824.15
1824.15
2196.32
2196.32
2196.32
2196.32
2196.32
28.84
28.84
28.84
200.37
200.37
30.26
30.26
2783.80
2783.80
3936.05
3936.05
162.25
162.25
2891.34
2891.34
57.57
57.57
893.64
893.64
13.93
13.93
90.83
90.83
13.64
13.64
98.27
98.27
31.29
31.29
11.88
11.88
72.24
72.24
80.36
80.36
40.42
40.42
675.88
675.88
882.06
882.06
21.73
21.73
137.24
137.24
1113.29
1113.29
67.66
67.66
16.03
16.03
4342.61
4342.61
3090.60
3090.60
261.63
261.63
1174.77
1174.77
317.52
317.52
18.55
18.55
31.99
31.99
159.64
159.64
71.50
71.50
83.11
83.11
158.76
158.76
15.14
15.14
108.17
108.17
18.36
18.36
64.42
64.42
212.33
212.33
46.87
46.87
29.54
29.54
63.36
63.36
73.37
73.37
10.84
10.84
180.61
180.61
11.07
11.07
21.54
21.54
13.74
13.74
18.52
18.52
2014.04
2014.04
120.38
120.38
415.41
415.41
4276.59
4276.59
1413.34
1413.34
61.29
61.29
94.70
94.70
43.07
43.07
10.96
10.96
948.90
948.90
14.33
14.33
36.53
36.53
15.14
15.14
61.41
61.41
59.85
59.85
4704.74
4704.74
1319.12
1319.12
323.14
323.14
914.39
914.39
3427.10
3427.10
2043.75
2043.75
4342.32
4342.32
2979.36
2979.36
944.27
944.27
3602.87
3602.87
4260.64
4260.64
2670.71
2670.71
3532.77
3532.77
825.88
825.88
2093.20
2093.20
86.26
86.26
3923.77
3923.77
4051.31
4051.31
1014.74
1014.74
1521.25
1521.25
4227.26
4227.26
2809.87
2809.87
16.06
16.06
1463.99
1463.99
4561.09
4561.09
4166.50
4166.50
244.25
244.25
3636.49
3636.49
15.67
15.67
484.54
484.54
30.32
30.32
106.37
106.37
35.70
35.70
597.12
597.12
3781.87
3781.87
142.23
142.23
902.60
902.60
50.37
50.37
12.65
12.65
961.77
961.77
3640.33
3640.33
3909.14
3909.14
526.65
526.65
4213.28
4213.28
951.10
951.10
27.37
27.37
40.04
40.04
3515.91
3515.91
16.88
16.88
4198.92
4198.92
2284.78
2284.78
1558.55
1558.55
185.61
185.61
130.64
130.64
957.87
957.87
198.23
198.23
43.39
43.39
15.68
15.68
222.08
222.08
135.76
135.76
2272.02
2272.02
119.40
119.40
3606.76
3606.76
3865.70
3865.70
425.50
425.50
272.92
272.92
128.53
128.53
198.07
198.07
21.78
21.78
182.22
182.22
1853.80
1853.80
232.28
232.28
124.34
124.34
927.17
927.17
1898.39
1898.39
851.44
851.44
4178.06
4178.06
79.15
79.15
19.21
19.21
47.02
47.02
878.14
878.14
60.08
60.08
13.10
13.10
118.34
118.34
118.25
118.25
3644.51
3644.51
4047.66
4047.66
4620.81
4620.81
85.37
85.37
3814.59
3814.59
4067.38
4067.38
28.55
28.55
4146.45
4146.45
149.18
149.18
149.18
149.18
18.84
141.99
179.52
179.52
179.52
179.52
179.52
179.52
3413.31
3413.31
3413.31
3413.31
3413.31
3413.31
179.03
252.67
252.67
252.67
84.37
84.37
549.42
281.72
148.77
675.37
675.37
2242.05
2242.05
3791.63
3791.63
2515.38
2515.38
11.37
11.37
4038.85
4038.85
4229.16
4229.16
78.64
78.64
1102.89
1102.89
1897.17
1897.17
15.35
15.35
62.93
62.93
65.36
65.36
151.19
151.19
22.09
22.09
1007.99
1007.99
1958.50
1958.50
968.55
968.55
1276.94
1276.94
32.94
32.94
62.95
62.95
216.24
216.24
3981.81
3981.81
4388.32
4388.32
3588.72
3588.72
2294.84
2294.84
445.32
445.32
4364.02
4364.02
1425.43
1425.43
2620.18
2620.18
59.05
59.05
3819.31
3819.31
2796.75
2796.75
2714.32
2714.32
1045.17
1045.17
4345.41
4345.41
4142.75
4142.75
3985.10
3985.10
4117.69
4117.69
4419.72
4419.72
3737.21
3737.21
1004.10
1004.10
3886.73
3886.73
3226.76
3226.76
40.83
40.83
2077.24
2077.24
980.04
980.04
10.94
10.94
4193.37
4193.37
3951.46
3951.46
3743.72
3743.72
924.46
924.46
918.36
918.36
3393.89
3393.89
14.50
14.50
4244.79
4244.79
4244.79
1740.32
1740.32
3574.01
3574.01
3958.05
3958.05
118.62
118.62
3386.09
3386.09
3900.75
3900.75
4078.97
4078.97
3530.64
3530.64
3503.58
3503.58
935.06
935.06
4037.51
4037.51
4034.60
4034.60
3839.05
3839.05
4484.81
4484.81
3169.03
3169.03
711.98
711.98
4290.47
4290.47
36.30
36.30
3105.97
3105.97
2908.43
2908.43
4216.53
4216.53
13.78
13.78
1693.28
1693.28
46.93
46.93
79.26
79.26
827.50
827.50
15.77
15.77
130.10
130.10
58.25
58.25
764.53
764.53
3402.78
3402.78
3948.60
3948.60
4106.51
4106.51
3463.07
3463.07
3876.47
3876.47
66.30
66.30
3747.55
3747.55
4300.10
4300.10
916.19
916.19
188.78
188.78
3814.97
3814.97
4040.12
4040.12
756.93
756.93
4331.22
4331.22
16.29
16.29
4257.00
4257.00
80.80
80.80
4218.96
4218.96
3163.90
3163.90
541.29
541.29
40.03
40.03
4137.35
4137.35
3973.53
3973.53
3224.12
3224.12
2316.83
2316.83
4053.43
4053.43
4251.68
4251.68
15.50
15.50
377.32
377.32
111.57
111.57
3643.11
3643.11
4263.58
4263.58
4263.58
874.67
874.67
2844.30
2844.30
14.46
14.46
269.44
269.44
3873.34
3873.34
14.32
14.32
50.34
50.34
127.11
127.11
1835.98
1835.98
3834.25
3834.25
59.36
59.36
59.36
59.36
16.28
16.28
10.00
10.00
1646.03
1646.03
3649.07
3649.07
3458.93
3458.93
3363.66
3363.66
3876.76
3876.76
609.57
609.57
898.66
898.66
28.91
28.91
13.19
13.19
35.05
35.05
2096.39
2096.39
2096.39
2096.39
1107.26
1107.26
4171.87
4171.87
358.98
358.98
1100.32
1100.32
250.93
250.93
148.06
148.06
975.85
975.85
263.61
263.61
65.73
65.73
73.47
73.47
78.69
78.69
14.83
14.83
2277.49
2277.49
2277.49
2277.49
3856.71
3856.71
3874.44
3874.44
3869.64
3869.64
1489.57
1489.57
76.49
76.49
3625.69
3625.69
317.78
317.78
2725.82
2725.82
1259.30
1259.30
3999.40
3999.40
4197.62
4197.62
14.05
14.05
833.59
833.59
145.12
145.12
1875.13
1875.13
36.60
36.60
31.00
31.00
3016.51
3016.51
21.93
21.93
10.67
10.67
1465.22
1465.22
975.71
975.71
330.11
330.11
20.51
20.51
292.87
292.87
141.27
141.27
21.24
21.24
99.49
99.49
33.42
33.42
305.86
305.86
14.40
14.40
1620.43
1620.43
3504.14
3504.14
4167.01
4167.01
257.22
257.22
3711.66
3711.66
383.05
383.05
73.36
73.36
3900.88
3900.88
133.46
133.46
978.31
978.31
40.87
40.87
1977.83
1977.83
4390.17
4390.17
28.42
28.42
4317.65
4317.65
851.29
851.29
46.46
46.46
431.47
431.47
2264.81
2264.81
326.85
326.85
1839.87
1839.87
3983.89
3983.89
3654.25
3654.25
2485.32
2485.32
21.51
21.51
636.64
636.64
907.94
907.94
14.43
14.43
965.42
965.42
14.57
14.57
285.34
285.34
28.43
28.43
2613.72
2613.72
15.55
15.55
2347.42
2347.42
2643.98
2643.98
4141.37
4141.37
14.21
14.21
986.20
986.20
1076.64
1076.64
931.82
931.82
68.94
68.94
1157.02
1157.02
12.90
12.90
285.75
285.75
103.08
103.08
176.11
176.11
11.46
11.46
4245.07
4245.07
4057.66
4057.66
4418.06
4418.06
37.86
37.86
879.60
879.60
3979.78
3979.78
1830.87
1830.87
1498.91
1498.91
282.51
282.51
20.29
20.29
114.10
114.10
1309.99
1309.99
98.16
98.16
151.43
151.43
73.68
73.68
188.69
188.69
15.78
15.78
62.37
62.37
439.64
439.64
15.23
15.23
949.12
949.12
29.43
29.43
285.54
285.54
119.16
119.16
175.30
175.30
255.57
255.57
3621.97
3621.97
405.21
405.21
952.35
952.35
14.00
14.00
3671.89
3671.89
3662.52
3662.52
4177.93
4177.93
2077.61
2077.61
157.38
157.38
107.67
107.67
4505.79
4505.79
1852.89
1852.89
3554.30
3554.30
1278.80
1278.80
935.33
935.33
4457.51
4457.51
4243.97
4243.97
1148.52
1148.52
16.33
16.33
30.24
30.24
150.56
150.56
10.00
10.00
101.54
101.54
3834.74
3834.74
16.66
16.66
2537.90
2537.90
957.39
957.39
1326.35
1326.35
59.13
59.13
1775.48
1775.48
3703.86
3703.86
974.08
974.08
236.61
236.61
1544.59
1544.59
40.00
40.00
846.17
846.17
18.88
18.88
204.80
204.80
1113.57
1113.57
1693.34
1693.34
35.64
35.64
2401.65
2401.65
86.06
86.06
919.92
919.92
14.81
14.81
13.99
13.99
2729.57
2729.57
38.81
38.81
3795.39
3795.39
12.49
12.49
13.18
13.18
36.21
36.21
20.81
20.81
999.08
999.08
4010.75
4010.75
3668.87
3668.87
915.18
915.18
910.56
910.56
2634.15
2634.15
1199.21
1199.21
18.85
18.85
62.64
62.64
1684.18
1684.18
1427.35
1427.35
4281.20
4281.20
41.71
41.71
4127.48
4127.48
43.44
43.44
2384.61
2384.61
85.07
85.07
127.59
127.59
26.10
26.10
4123.24
4123.24
3743.29
3743.29
3743.29
3743.29
1580.36
1580.36
133.46
133.46
45.55
45.55
30.71
30.71
1659.62
1659.62
10.00
10.00
3246.27
3246.27
3246.27
3246.27
45.83
45.83
29.75
29.75
3576.10
3576.10
3576.10
3576.10
3981.02
3981.02
3981.02
3981.02
18.05
18.05
4035.56
4035.56
952.33
952.33
19.46
19.46
19.46
32.29
32.29
553.59
553.59
1678.55
1678.55
191.40
191.40
268.57
268.57
974.05
974.05
2256.63
2256.63
14.99
14.99
51.87
51.87
651.46
651.46
15.53
15.53
61.41
61.41
821.05
821.05
61.39
61.39
3990.48
3990.48
698.31
698.31
1859.49
1859.49
4263.26
4263.26
2214.79
2214.79
35.52
35.52
20.07
20.07
64.48
64.48
44.99
44.99
45.88
45.88
75.71
75.71
342.05
342.05
4478.00
4478.00
1925.92
1925.92
20.66
20.66
32.44
32.44
3358.31
3358.31
2323.38
2323.38
39.42
39.42
2165.47
2165.47
2261.17
2261.17
3993.53
3993.53
978.93
978.93
3850.22
3850.22
3940.89
3940.89
2340.51
2340.51
3271.88
3271.88
947.38
947.38
3332.62
3332.62
697.30
697.30
1761.92
1761.92
3925.20
3925.20
133.38
133.38
14.58
14.58
902.24
902.24
2364.50
2364.50
3903.26
3903.26
17.29
17.29
3768.59
3768.59
15.17
15.17
63.34
63.34
102.09
102.09
2072.88
2072.88
4106.27
4106.27
1465.36
1465.36
4285.52
4285.52
4188.29
4188.29
3898.86
3898.86
4458.55
4458.55
83.49
83.49
1287.85
1287.85
862.79
862.79
2482.06
2482.06
44.77
44.77
1684.97
1684.97
2257.87
2257.87
887.59
887.59
1699.62
1699.62
997.60
997.60
4311.75
4311.75
3602.75
3602.75
3873.57
3873.57
13.10
13.10
3122.25
3122.25
15.79
15.79
3346.54
3346.54
4305.61
4305.61
518.61
518.61
33.42
33.42
2899.21
2899.21
1472.62
1472.62
321.91
321.91
3277.71
3277.71
93.40
93.40
4405.49
4405.49
4124.42
4124.42
45.90
45.90
14.09
14.09
62.04
62.04
49.64
49.64
15.35
15.35
238.22
238.22
56.75
56.75
292.21
292.21
169.47
169.47
1602.07
1602.07
4269.76
4269.76
1329.18
1329.18
356.30
356.30
4598.64
4598.64
3378.58
3378.58
1004.39
1004.39
66.32
66.32
56.34
56.34
888.00
888.00
80.36
80.36
57.21
57.21
1627.03
1627.03
21.86
21.86
2985.94
2985.94
39.69
39.69
3477.92
3477.92
12.90
12.90
2982.65
2982.65
48.05
48.05
2747.35
2747.35
1013.56
1013.56
2320.82
2320.82
378.73
378.73
2798.09
2798.09
52.19
52.19
914.01
914.01
84.81
84.81
947.82
947.82
368.34
368.34
276.47
276.47
509.79
509.79
3922.06
3922.06
4358.46
4358.46
4472.43
4472.43
4245.48
4245.48
17.75
17.75
56.50
56.50
2318.48
2318.48
3888.25
3888.25
885.30
885.30
1607.53
1607.53
3646.06
3646.06
2746.50
2746.50
4085.96
4085.96
4014.60
4014.60
4140.58
4140.58
86.48
86.48
55.79
55.79
49.12
49.12
4188.91
4188.91
4248.20
4248.20
4057.04
4057.04
4099.27
4099.27
3899.52
3899.52
31.45
31.45
32.83
32.83
982.72
982.72
1534.43
1534.43
21.16
21.16
420.45
420.45
4373.68
4373.68
13.20
13.20
3746.20
3746.20
3601.89
3601.89
4279.85
4279.85
13.55
13.55
655.63
655.63
3972.01
3972.01
975.80
975.80
2787.66
2787.66
4393.17
4393.17
1120.78
1120.78
4251.72
4251.72
3631.48
3631.48
2801.94
2801.94
4244.38
4244.38
4266.51
4266.51
606.05
606.05
4072.48
4072.48
4097.39
4097.39
3595.84
3595.84
4093.78
4093.78
1357.13
1357.13
26.77
26.77
4089.71
4089.71
16.73
16.73
2967.98
2967.98
15.88
15.88
3234.11
3234.11
15.17
15.17
38.54
38.54
21.46
21.46
78.55
78.55
78.72
78.72
883.64
883.64
60.26
60.26
43.43
43.43
1602.74
1602.74
14.97
14.97
956.49
956.49
4128.76
4128.76
4042.28
4042.28
904.48
904.48
1620.49
1620.49
4406.77
4406.77
21.36
21.36
532.29
532.29
21.73
21.73
436.55
436.55
39.38
39.38
122.13
122.13
1007.03
1007.03
27.94
27.94
1116.35
1116.35
2255.88
2255.88
3960.46
3960.46
3910.16
3910.16
3583.51
3583.51
489.95
489.95
534.65
534.65
4111.97
4111.97
28.46
28.46
99.36
99.36
4478.35
4478.35
14.16
14.16
3834.17
3834.17
3609.45
3609.45
3898.72
3898.72
43.92
43.92
4040.31
4040.31
4056.11
4056.11
4201.55
4201.55
45.73
45.73
890.33
890.33
4320.20
4320.20
947.20
947.20
330.54
330.54
39.57
39.57
134.18
134.18
3630.22
3630.22
924.42
924.42
181.57
181.57
3719.30
3719.30
86.85
86.85
1387.54
1387.54
1386.45
1386.45
480.91
480.91
3372.75
3372.75
3737.84
3737.84
52.62
52.62
3167.94
3167.94
4359.05
4359.05
25.16
25.16
3341.65
3341.65
2349.59
2349.59
3750.51
3750.51
3750.51
4164.46
4164.46
3823.77
3823.77
179.55
179.55
2481.86
2481.86
3230.88
3230.88
78.91
78.91
458.09
458.09
3338.12
3338.12
4070.57
4070.57
3299.17
3299.17
479.28
479.28
2318.59
2318.59
4392.58
4392.58
1004.00
1004.00
117.71
117.71
806.66
806.66
3927.36
3927.36
3371.84
3371.84
535.36
535.36
3572.65
3572.65
4219.66
4219.66
3898.95
3898.95
64.39
64.39
135.00
135.00
173.64
173.64
980.10
980.10
39.48
39.48
4447.42
4447.42
3938.51
3938.51
1699.13
1699.13
1699.13
1699.13
4482.97
4482.97
3817.51
3817.51
3926.87
3926.87
4035.52
4035.52
4357.96
4357.96
3520.93
3520.93
42.60
42.60
39.97
39.97
32.58
32.58
43.20
43.20
38.94
38.94
3934.78
3934.78
46.83
46.83
917.74
917.74
397.62
397.62
260.46
260.46
4349.44
4349.44
10.00
10.00
32.98
32.98
27.59
27.59
26.57
26.57
193.32
193.32
3964.82
3964.82
107.69
107.69
63.14
63.14
3971.13
3971.13
14.91
14.91
1661.54
1661.54
304.85
304.85
2123.45
2123.45
955.90
955.90
455.34
455.34
155.01
155.01
2765.07
2765.07
14.05
14.05
60.74
60.74
21.62
21.62
11.80
11.80
96.65
96.65
3961.96
3961.96
138.16
138.16
109.15
109.15
364.90
364.90
3851.79
3851.79
1664.46
1664.46
1132.15
1132.15
3560.89
3560.89
3560.89
3560.89
1628.82
1628.82
3199.27
3199.27
2425.46
2425.46
119.93
119.93
4270.26
4270.26
13.16
13.16
4316.96
4316.96
4297.21
4297.21
49.87
49.87
4154.06
4154.06
82.95
82.95
346.57
346.57
4551.28
4551.28
969.20
969.20
251.11
251.11
1705.89
1705.89
3192.42
3192.42
4419.32
4419.32
74.27
74.27
3704.63
3704.63
4429.72
4429.72
4546.56
4546.56
4045.70
4045.70
4023.65
4023.65
3528.45
3528.45
1220.20
1220.20
3948.61
3948.61
4093.93
4093.93
44.88
44.88
2667.90
2667.90
796.96
796.96
48.83
48.83
1527.59
1527.59
3860.60
3860.60
737.24
737.24
43.90
43.90
2833.09
2833.09
3051.74
3051.74
3969.09
3969.09
4507.33
4507.33
4021.54
4021.54
3876.63
3876.63
1284.88
1284.88
4081.53
4081.53
978.55
978.55
2605.78
2605.78
3647.63
3647.63
568.62
568.62
3293.03
3293.03
4205.12
4205.12
2733.91
2733.91
1978.42
1978.42
3339.91
3339.91
4527.18
4527.18
2378.90
2378.90
45.01
45.01
900.32
900.32
4054.91
4054.91
3782.91
3782.91
110.78
110.78
157.19
157.19
1087.38
1087.38
43.66
43.66
1663.42
1663.42
2073.53
2073.53
125.35
125.35
1236.91
1236.91
62.35
62.35
937.61
937.61
343.88
343.88
3583.30
3583.30
2813.54
2813.54
12.69
12.69
141.12
141.12
489.81
489.81
43.28
43.28
2270.07
2270.07
3791.38
3791.38
2138.13
2138.13
3766.07
3766.07
4147.78
4147.78
4125.58
4125.58
424.09
424.09
4129.34
4129.34
196.93
196.93
15.19
15.19
2546.92
2546.92
3778.96
3778.96
3990.21
3990.21
367.47
367.47
4303.73
4303.73
3734.52
3734.52
896.40
896.40
271.16
271.16
3960.65
3960.65
1532.66
1532.66
1135.20
1135.20
4247.45
4247.45
3872.57
3872.57
31.27
31.27
1469.89
1469.89
25.98
25.98
14.87
14.87
128.31
128.31
940.38
940.38
563.80
563.80
72.19
72.19
910.13
910.13
991.12
991.12
861.48
861.48
3580.26
3580.26
4289.61
4289.61
1526.41
1526.41
3614.86
3614.86
2638.13
2638.13
2638.13
2638.13
2638.13
2638.13
2638.13
2638.13
1541.14
1541.14
978.79
978.79
4068.04
4068.04
2761.47
2761.47
4057.49
4057.49
56.39
56.39
4127.54
4127.54
4004.92
4004.92
4306.19
4306.19
3257.84
3257.84
3864.19
3864.19
4209.03
4209.03
3676.01
3676.01
4270.23
4270.23
754.91
754.91
3030.84
3030.84
3658.05
3658.05
666.95
666.95
2393.14
2393.14
4067.23
4067.23
10.00
10.00
62.19
62.19
911.24
911.24
30.45
30.45
3991.80
3991.80
3587.45
3587.45
4137.19
4137.19
3830.89
3830.89
4229.80
4229.80
1502.04
1502.04
3794.30
3794.30
2595.62
2595.62
3938.35
3938.35
3944.07
3944.07
4050.14
4050.14
27.48
27.48
1634.75
1634.75
4211.09
4211.09
1048.50
1048.50
3615.62
3615.62
4076.66
4076.66
2323.54
2323.54
4318.75
4318.75
3543.49
3543.49
903.80
903.80
3689.39
3689.39
2150.56
2150.56
4335.06
4335.06
4244.26
4244.26
3819.91
3819.91
4279.16
4279.16
14.76
14.76
3665.87
3665.87
3783.39
3783.39
3783.39
3783.39
14.82
14.82
1055.53
1055.53
14.43
14.43
15.54
15.54
32.87
32.87
924.13
924.13
924.13
924.13
118.80
118.80
1010.49
1010.49
255.82
255.82
883.48
883.48
60.31
60.31
136.75
136.75
100.90
100.90
84.89
84.89
28.29
28.29
924.63
924.63
920.12
920.12
61.05
61.05
1819.09
1819.09
982.51
982.51
29.00
29.00
51.19
51.19
84.98
84.98
62.09
62.09
57.86
57.86
175.22
175.22
894.24
894.24
386.36
386.36
15.42
15.42
202.47
202.47
299.59
299.59
925.09
925.09
34.16
34.16
3658.80
3658.80
19.68
19.68
98.96
98.96
58.51
58.51
3685.14
3685.14
174.87
174.87
4322.75
4322.75
1001.61
1001.61
134.81
134.81
39.71
39.71
2549.45
2549.45
13.69
13.69
792.09
792.09
358.43
358.43
114.58
114.58
376.07
376.07
876.53
876.53
39.32
39.32
134.21
134.21
31.67
31.67
912.42
912.42
13.92
13.92
2870.93
2870.93
505.59
505.59
4149.31
4149.31
1064.04
1064.04
4133.24
4133.24
2376.44
2376.44
2305.23
2305.23
928.57
928.57
42.59
42.59
911.51
911.51
13.32
13.32
625.01
625.01
398.52
398.52
43.21
43.21
947.46
947.46
194.45
194.45
107.66
107.66
60.69
60.69
43.95
43.95
45.52
45.52
495.25
495.25
45.22
45.22
170.87
170.87
21.50
21.50
845.67
845.67
350.26
350.26
14.92
14.92
216.01
216.01
127.54
127.54
120.50
120.50
41.30
41.30
1068.30
1068.30
524.50
524.50
122.57
122.57
81.97
81.97
185.22
185.22
14.85
14.85
425.82
425.82
15.03
15.03
101.02
101.02
81.96
81.96
182.39
182.39
12.71
12.71
11.23
11.23
29.40
29.40
11.64
11.64
64.49
64.49
173.56
173.56
1699.69
1699.69
745.58
745.58
46.21
46.21
74.55
74.55
13.75
13.75
21.60
21.60
63.57
63.57
43.52
43.52
1583.47
1583.47
40.31
40.31
40.31
83.36
83.36
104.51
104.51
104.51
104.51
263.66
263.66
15.96
15.96
14.45
14.45
294.05
294.05
65.11
65.11
94.42
94.42
40.49
40.49
990.66
990.66
1175.50
1175.50
959.04
959.04
66.90
66.90
2931.95
2931.95
16.32
16.32
28.26
28.26
13.46
13.46
2869.71
2869.71
189.72
189.72
1002.57
1002.57
257.48
257.48
29.89
29.89
326.86
326.86
47.36
47.36
864.31
864.31
1192.16
1192.16
32.15
32.15
158.68
158.68
946.20
946.20
10.00
10.00
200.97
200.97
4036.07
4036.07
370.74
370.74
995.86
995.86
1365.96
1365.96
944.19
944.19
199.67
199.67
4084.91
4084.91
3923.16
3923.16
2092.16
2092.16
4393.45
4393.45
586.76
586.76
183.13
183.13
192.94
192.94
384.92
384.92
65.41
65.41
2190.75
2190.75
4065.70
4065.70
4159.17
4159.17
4035.34
4035.34
3086.50
3086.50
2120.15
2120.15
919.11
919.11
3542.70
3542.70
3286.62
3286.62
4283.44
4283.44
61.66
61.66
893.25
893.25
114.01
114.01
1013.59
1013.59
3744.03
3744.03
40.63
40.63
141.20
141.20
49.16
49.16
10.63
10.63
3289.77
3289.77
32.12
32.12
4277.89
4277.89
54.38
54.38
179.16
179.16
236.04
236.04
12.98
12.98
392.16
392.16
72.02
72.02
65.70
65.70
311.69
311.69
10.25
10.25
22.86
22.86
330.00
330.00
404.01
404.01
62.90
62.90
888.02
888.02
103.91
103.91
27.86
27.86
78.86
78.86
3255.87
3255.87
615.81
615.81
2234.20
2234.20
3219.37
3219.37
40.62
40.62
4225.33
4225.33
3854.42
3854.42
2213.80
2213.80
3423.70
3423.70
4207.17
4207.17
4037.23
4037.23
459.63
459.63
445.14
445.14
4153.93
4153.93
4238.65
4238.65
3925.46
3925.46
663.37
663.37
3708.02
3708.02
410.89
410.89
2832.92
2832.92
4128.22
4128.22
11.99
11.99
4273.39
4273.39
3818.62
3818.62
4451.68
4451.68
4403.24
4403.24
3839.25
3839.25
3839.25
3839.25
3839.25
3839.25
3839.25
3839.25
3951.05
3951.05
3436.54
3436.54
4497.01
4497.01
848.02
848.02
4343.21
4343.21
4343.21
3545.98
4181.00
4181.00
4136.42
4136.42
3487.33
3487.33
2008.40
2008.40
2241.96
2241.96
3415.23
3415.23
2808.35
2808.35
1255.96
1255.96
965.47
965.47
10.47
10.47
936.54
936.54
1254.34
1254.34
3504.39
3504.39
3927.90
3927.90
48.50
48.50
4109.88
4109.88
1351.31
1351.31
933.50
933.50
4099.98
4099.98
48.73
48.73
3549.94
3549.94
125.19
125.19
904.00
904.00
32.68
32.68
21.58
21.58
28.07
28.07
4173.31
4173.31
4133.72
4133.72
3934.82
3934.82
2869.37
2869.37
4005.31
4005.31
4409.23
4409.23
40.30
40.30
4011.95
4011.95
4142.64
4142.64
2979.88
2979.88
73.00
73.00
4121.68
4121.68
1523.06
1523.06
237.01
237.01
4158.88
4158.88
4144.84
4144.84
27.44
27.44
10.00
10.00
60.79
60.79
1101.74
1101.74
2803.15
2803.15
14.19
14.19
394.97
394.97
105.13
105.13
83.78
83.78
77.55
77.55
63.75
63.75
3700.63
3700.63
710.50
710.50
298.70
298.70
4168.89
4168.89
22.05
22.05
4090.76
4090.76
4222.93
4222.93
3079.39
3079.39
725.21
725.21
684.23
684.23
64.05
64.05
4072.41
4072.41
3081.86
3081.86
450.16
450.16
1153.28
1153.28
3607.80
3607.80
4192.84
4192.84
18.94
18.94
36.74
36.74
14.27
14.27
508.18
508.18
36.61
36.61
4193.86
4193.86
516.91
516.91
4271.28
4271.28
4288.73
4288.73
3005.82
3005.82
493.24
493.24
27.45
27.45
48.09
48.09
662.90
662.90
118.75
118.75
3490.81
3490.81
21.52
21.52
4344.56
4344.56
603.16
603.16
786.04
786.04
518.97
518.97
4339.16
4339.16
91.81
91.81
1874.90
1874.90
4448.39
4448.39
28.96
28.96
16.27
16.27
2376.88
2376.88
817.76
817.76
2570.20
2570.20
149.86
149.86
4036.75
4036.75
4609.45
4609.45
51.93
51.93
3660.09
3660.09
3821.19
3821.19
4372.94
4372.94
2209.86
2209.86
14.96
14.96
55.12
55.12
14.83
14.83
974.27
974.27
4525.23
4525.23
930.91
930.91
10.00
10.00
1705.33
1705.33
17.13
17.13
244.14
244.14
2069.48
2069.48
815.06
815.06
59.80
59.80
3938.37
3938.37
396.44
396.44
1448.90
1448.90
4546.31
4546.31
1016.08
1016.08
304.96
304.96
4029.59
4029.59
4005.46
4005.46
1267.53
1267.53
46.77
46.77
4487.78
4487.78
4210.31
4210.31
290.84
290.84
38.01
38.01
1400.88
1400.88
2511.83
2511.83
29.02
29.02
1362.78
1362.78
571.44
571.44
61.06
61.06
4385.58
4385.58
15.22
15.22
4468.37
4468.37
4133.42
4133.42
2940.27
2940.27
2233.98
2233.98
4070.19
4070.19
46.93
46.93
3753.26
3753.26
4395.08
4395.08
40.27
40.27
105.75
105.75
13.83
13.83
13.90
13.90
12.91
12.91
4480.21
4480.21
46.41
46.41
84.22
84.22
949.27
949.27
769.23
769.23
989.44
989.44
3732.92
3732.92
279.34
279.34
3551.51
3551.51
998.88
998.88
93.33
93.33
444.89
444.89
3058.85
3058.85
4059.01
4059.01
3286.87
3286.87
87.83
87.83
29.66
29.66
3903.02
3903.02
4273.65
4273.65
62.23
62.23
129.54
129.54
1243.07
1243.07
43.99
43.99
12.64
12.64
14.53
14.53
165.56
165.56
3954.30
3954.30
14.23
14.23
4407.84
4407.84
3886.67
3886.67
85.57
85.57
15.01
15.01
458.76
458.76
701.64
701.64
157.70
157.70
101.37
101.37
180.71
180.71
51.33
51.33
2600.08
2600.08
2010.10
2010.10
844.13
844.13
25.43
25.43
1291.66
1291.66
392.37
392.37
3606.91
3606.91
76.69
76.69
858.12
858.12
3066.90
3066.90
3330.20
3330.20
4311.94
4311.94
881.35
881.35
904.10
904.10
4175.69
4175.69
985.88
985.88
216.74
216.74
413.49
413.49
49.36
49.36
86.81
86.81
824.92
824.92
23.90
23.90
3655.23
3655.23
1181.96
1181.96
58.46
58.46
12.57
12.57
12.84
12.84
12.84
3972.82
3972.82
3957.54
3957.54
4011.72
4011.72
1832.59
1832.59
4232.05
4232.05
4314.19
4314.19
3903.69
3903.69
1135.59
1135.59
45.92
45.92
908.41
908.41
4162.92
4162.92
971.16
971.16
3917.43
3917.43
14.61
14.61
152.87
152.87
15.04
15.04
165.51
165.51
28.60
28.60
3855.25
3855.25
2125.12
2125.12
4183.95
4183.95
274.47
274.47
19.43
19.43
1002.82
1002.82
895.88
895.88
4203.53
4203.53
3853.05
3853.05
689.13
689.13
4092.75
4092.75
625.57
625.57
471.29
471.29
1896.15
1896.15
38.46
38.46
3988.78
3988.78
451.84
451.84
189.48
189.48
1823.08
1823.08
1185.15
1185.15
3929.30
3929.30
3337.15
3337.15
897.88
897.88
1030.16
1030.16
4193.65
4193.65
979.81
979.81
4189.37
4189.37
4185.26
4185.26
610.05
610.05
4143.53
4143.53
3784.73
3784.73
1537.06
1537.06
59.92
59.92
18.64
18.64
101.86
101.86
16.13
16.13
39.66
39.66
73.31
73.31
3955.14
3955.14
123.14
123.14
2149.30
2149.30
14.26
14.26
44.05
44.05
13.24
13.24
29.47
29.47
195.44
195.44
31.42
31.42
48.49
48.49
23.81
23.81
816.46
816.46
128.40
128.40
3373.45
3373.45
720.58
720.58
982.84
982.84
4036.14
4036.14
2367.41
2367.41
3908.11
3908.11
453.68
453.68
1817.30
1817.30
1748.00
1748.00
16.91
16.91
22.67
22.67
177.59
177.59
14.66
14.66
4231.07
4231.07
355.37
355.37
3845.03
3845.03
186.83
186.83
273.42
273.42
27.43
27.43
43.13
43.13
920.09
920.09
33.89
33.89
907.30
907.30
31.38
31.38
59.88
59.88
930.88
930.88
2822.00
2822.00
3905.65
3905.65
3051.99
3051.99
1887.97
1887.97
4017.55
4017.55
1990.43
1990.43
1990.43
1990.43
2776.51
2776.51
917.18
917.18
3148.18
3148.18
4154.01
4154.01
15.77
15.77
4013.76
4013.76
3676.03
3676.03
331.88
331.88
346.28
346.28
95.68
95.68
14.25
14.25
941.99
941.99
3944.39
3944.39
873.82
873.82
549.24
549.24
21.51
21.51
3448.64
3448.64
36.82
36.82
926.28
926.28
3962.66
3962.66
24.31
24.31
105.08
105.08
3034.65
3034.65
14.74
14.74
568.86
568.86
14.85
14.85
4193.63
4193.63
4413.01
4413.01
775.35
775.35
179.27
179.27
943.24
943.24
1083.53
1083.53
991.04
991.04
44.95
44.95
2152.67
2152.67
1454.50
1454.50
1533.71
1533.71
2742.46
2742.46
3206.74
3206.74
3988.93
3988.93
73.36
73.36
760.25
760.25
4431.52
4431.52
442.67
442.67
46.73
46.73
10.00
10.00
16.99
16.99
58.69
58.69
64.57
64.57
28.84
28.84
684.58
684.58
21.51
21.51
229.78
229.78
679.46
679.46
61.47
61.47
175.79
175.79
22.03
22.03
648.04
648.04
526.27
526.27
1115.75
1115.75
151.42
151.42
912.24
912.24
625.46
625.46
21.75
21.75
1468.89
1468.89
127.59
127.59
911.16
911.16
121.34
121.34
4115.59
4115.59
1696.96
1696.96
49.21
49.21
143.64
143.64
154.41
154.41
74.65
74.65
2777.06
2777.06
4421.40
4421.40
14.57
14.57
962.54
962.54
989.94
989.94
1836.93
1836.93
897.41
897.41
3925.16
3925.16
2524.51
2524.51
245.61
245.61
1491.20
1491.20
910.25
910.25
43.87
43.87
14.72
14.72
58.32
58.32
122.02
122.02
27.79
27.79
653.41
653.41
847.89
847.89
2902.34
2902.34
94.36
94.36
137.93
137.93
32.71
32.71
925.21
925.21
86.39
86.39
4296.25
4296.25
41.74
41.74
13.66
13.66
31.51
31.51
60.89
60.89
10.00
10.00
3458.30
3458.30
14.62
14.62
3829.02
3829.02
45.70
45.70
979.32
979.32
268.18
268.18
4109.59
4109.59
3788.95
3788.95
21.00
21.00
57.66
57.66
3785.10
3785.10
1752.01
1752.01
222.79
222.79
3165.99
3165.99
15.93
15.93
561.91
561.91
944.60
944.60
54.43
54.43
162.97
162.97
38.76
38.76
222.94
222.94
857.77
857.77
709.84
709.84
54.08
54.08
84.11
84.11
219.51
219.51
31.02
31.02
37.24
37.24
41.70
41.70
85.00
85.00
103.05
103.05
1505.92
1505.92
80.78
80.78
844.75
844.75
12.26
12.26
65.03
65.03
14.42
14.42
79.91
79.91
22.77
22.77
336.33
336.33
2392.66
2392.66
138.64
138.64
57.18
57.18
83.81
83.81
34.43
34.43
59.61
59.61
330.34
330.34
929.11
929.11
61.09
61.09
37.26
37.26
136.60
136.60
348.65
348.65
16.06
16.06
1705.47
1705.47
2844.93
2844.93
706.77
706.77
246.86
246.86
29.52
29.52
223.35
223.35
61.30
61.30
1150.63
1150.63
111.81
111.81
2148.70
2148.70
879.93
879.93
906.79
906.79
14.78
14.78
159.51
159.51
84.97
84.97
49.89
49.89
1136.17
1136.17
4208.19
4208.19
999.18
999.18
246.83
246.83
628.20
628.20
38.82
38.82
171.67
171.67
932.62
932.62
13.81
13.81
515.99
515.99
1195.97
1195.97
84.80
84.80
2275.31
2275.31
24.95
24.95
20.00
20.00
3997.96
3997.96
26.98
26.98
527.99
527.99
3501.30
3501.30
4129.72
4129.72
252.46
252.46
224.47
224.47
56.36
56.36
22.76
22.76
12.77
12.77
3618.43
3618.43
961.73
961.73
141.72
141.72
2366.53
2366.53
24.55
24.55
124.41
124.41
692.90
692.90
555.67
555.67
1519.05
1519.05
4114.00
4114.00
3737.32
3737.32
4263.56
4263.56
100.43
100.43
48.87
48.87
4225.66
4225.66
40.75
40.75
91.81
91.81
3905.83
3905.83
961.24
961.24
3867.17
3867.17
3148.32
3148.32
3476.46
3476.46
4428.72
4428.72
3573.17
3573.17
1567.34
1567.34
3277.34
3277.34
3686.66
3686.66
3361.51
3361.51
3610.06
3610.06
3695.73
3695.73
1171.61
1171.61
3701.37
3701.37
1341.16
1341.16
77.87
77.87
27.58
27.58
42.58
42.58
203.48
203.48
41.34
41.34
563.46
563.46
62.61
62.61
464.39
464.39
55.78
55.78
45.05
45.05
27.98
27.98
114.11
114.11
1268.76
1268.76
584.81
584.81
931.22
931.22
14.85
14.85
45.77
45.77
1175.56
1175.56
73.54
73.54
32.35
32.35
315.85
315.85
887.85
887.85
45.98
45.98
15.23
15.23
197.47
197.47
502.62
502.62
148.09
148.09
2291.92
2291.92
80.88
80.88
547.04
547.04
151.48
151.48
1038.87
1038.87
292.52
292.52
103.80
103.80
15.87
15.87
141.37
141.37
698.67
698.67
1108.40
1108.40
911.66
911.66
2633.68
2633.68
54.86
54.86
234.28
234.28
127.06
127.06
40.87
40.87
1202.96
1202.96
29.59
29.59
106.71
106.71
44.65
44.65
649.45
649.45
163.32
163.32
61.31
61.31
180.89
180.89
31.57
31.57
245.79
245.79
624.37
624.37
101.47
101.47
2208.44
2208.44
15.70
15.70
299.53
299.53
901.30
901.30
102.22
102.22
1122.54
1122.54
29.71
29.71
213.42
213.42
35.61
35.61
3126.40
3126.40
3005.53
3005.53
3251.98
3251.98
1337.96
1337.96
14.14
14.14
1526.59
1526.59
52.32
52.32
2332.58
2332.58
3928.45
3928.45
4152.51
4152.51
4123.40
4123.40
961.25
961.25
662.97
662.97
21.82
21.82
3809.91
3809.91
3803.90
3803.90
4402.64
4402.64
3489.69
3489.69
4176.25
4176.25
3350.46
3350.46
561.08
561.08
16.43
16.43
2536.25
2536.25
932.21
932.21
3316.69
3316.69
3733.66
3733.66
3434.10
3434.10
2411.74
2411.74
4077.42
4077.42
744.06
744.06
4185.91
4185.91
2425.60
2425.60
3884.49
3884.49
4184.30
4184.30
3975.35
3975.35
4243.02
4243.02
4045.37
4045.37
3675.48
3675.48
4382.21
4382.21
3077.88
3077.88
993.29
993.29
98.00
98.00
1283.49
1283.49
209.66
209.66
55.26
55.26
4056.32
4056.32
1881.36
1881.36
2761.98
2761.98
29.75
29.75
4456.35
4456.35
2334.07
2334.07
662.46
662.46
44.16
44.16
458.71
458.71
956.35
956.35
208.63
208.63
1098.43
1098.43
1098.43
3386.12
4294.18
4294.18
4114.87
4114.87
2314.09
2314.09
101.98
101.98
4419.87
4419.87
4210.09
4210.09
58.69
58.69
2321.82
2321.82
4066.35
4066.35
3274.63
3274.63
3805.54
3805.54
4114.11
4114.11
4465.10
4465.10
3433.73
3433.73
27.06
27.06
1467.87
1467.87
1841.00
1841.00
14.88
14.88
79.12
79.12
3853.41
3853.41
1721.48
1721.48
4015.36
4015.36
847.32
847.32
64.89
64.89
526.14
526.14
28.53
28.53
2625.47
2625.47
757.75
757.75
757.75
718.45
718.45
1846.60
1846.60
14.53
14.53
121.90
121.90
838.88
838.88
99.23
99.23
1253.74
1253.74
4163.49
4163.49
4223.14
4223.14
2323.37
2323.37
4181.99
4181.99
4072.41
4072.41
519.35
519.35
3916.66
3916.66
1631.49
1631.49
3264.83
3264.83
4250.63
4250.63
105.30
105.30
57.84
57.84
949.84
949.84
98.97
98.97
44.67
44.67
80.58
80.58
246.61
246.61
64.67
64.67
368.69
368.69
919.28
919.28
237.49
237.49
727.33
727.33
232.98
232.98
67.61
67.61
1780.99
1780.99
58.80
58.80
11.73
11.73
14.93
14.93
87.92
87.92
87.92
62.28
62.28
2587.33
2587.33
3730.65
3730.65
1669.81
1669.81
31.27
31.27
3820.24
3820.24
15.58
15.58
179.79
179.79
4592.46
4592.46
886.98
886.98
30.05
30.05
105.92
105.92
63.03
63.03
71.08
71.08
2152.39
2152.39
4431.08
4431.08
781.64
781.64
511.16
511.16
3970.95
3970.95
386.18
386.18
4495.42
4495.42
3994.89
3994.89
26.93
26.93
4248.38
4248.38
4536.94
4536.94
4138.20
4138.20
4301.35
4301.35
1318.49
1318.49
3480.84
3480.84
2203.50
2203.50
252.99
252.99
615.35
615.35
86.81
86.81
14.76
14.76
3608.66
3608.66
3284.80
3284.80
1205.12
1205.12
40.59
40.59
941.15
941.15
100.65
100.65
15.91
15.91
96.01
96.01
100.67
100.67
394.29
394.29
2096.16
2096.16
57.53
57.53
254.66
254.66
44.51
44.51
1117.95
1117.95
410.46
410.46
64.38
64.38
61.33
61.33
13.02
13.02
16.12
16.12
2030.27
2030.27
42.38
42.38
2009.27
2009.27
3076.03
3076.03
2731.42
2731.42
45.27
45.27
727.15
727.15
14.55
14.55
1018.61
1018.61
3857.28
3857.28
939.34
939.34
102.22
102.22
138.00
138.00
646.97
646.97
80.79
80.79
4468.72
4468.72
68.48
68.48
945.11
945.11
185.29
185.29
383.58
383.58
39.42
39.42
10.00
10.00
48.84
48.84
140.54
140.54
298.80
298.80
153.03
153.03
382.31
382.31
26.08
26.08
129.59
129.59
44.51
44.51
80.55
80.55
74.76
74.76
24.62
24.62
763.15
763.15
204.63
204.63
1934.51
1934.51
2076.85
2076.85
1769.57
1769.57
2270.69
2270.69
2856.21
2856.21
17.50
17.50
3040.80
3040.80
2153.50
2153.50
2853.36
2853.36
124.96
124.96
3825.49
3825.49
26.05
26.05
3125.99
3125.99
3728.06
3728.06
1000.82
1000.82
28.12
28.12
1343.70
1343.70
109.85
109.85
964.30
964.30
54.30
54.30
1394.43
1394.43
46.15
46.15
161.20
161.20
834.08
834.08
144.22
144.22
64.42
64.42
147.58
147.58
21.91
21.91
34.89
34.89
77.73
77.73
839.59
839.59
21.70
21.70
42.26
42.26
54.98
54.98
104.15
104.15
898.78
898.78
16.45
16.45
15.39
15.39
21.70
21.70
65.96
65.96
932.85
932.85
11.02
11.02
899.51
899.51
81.89
81.89
12.24
12.24
17.18
17.18
12.69
12.69
1298.19
1298.19
82.47
82.47
57.21
57.21
85.77
85.77
4437.98
4437.98
3346.10
3346.10
32.00
32.00
931.76
931.76
12.51
12.51
2312.43
2312.43
4030.45
4030.45
4310.31
4310.31
2305.01
2305.01
626.01
626.01
14.95
14.95
31.23
31.23
669.53
669.53
3694.36
3694.36
518.25
518.25
58.57
58.57
3400.10
3400.10
4705.40
4705.40
4112.19
4112.19
4071.74
4071.74
947.82
947.82
178.79
178.79
25.72
25.72
100.86
100.86
280.22
280.22
30.58
30.58
100.27
100.27
44.21
44.21
326.23
326.23
610.35
610.35
29.89
29.89
2315.72
2315.72
1441.31
1441.31
3738.99
3738.99
1176.19
1176.19
406.94
406.94
320.08
320.08
958.88
958.88
61.70
61.70
15.53
15.53
184.47
184.47
521.73
521.73
17.23
17.23
41.74
41.74
1592.18
1592.18
1869.82
1869.82
79.03
79.03
137.22
137.22
467.54
467.54
14.83
14.83
106.63
106.63
913.50
913.50
375.84
375.84
117.94
117.94
214.44
214.44
544.20
544.20
11.00
11.00
67.14
67.14
14.16
14.16
1132.37
1132.37
13.85
13.85
1911.10
1911.10
639.66
639.66
3103.23
3103.23
2569.97
2569.97
99.67
99.67
244.10
244.10
1481.45
1481.45
4026.95
4026.95
101.25
101.25
4154.23
4154.23
4168.56
4168.56
1621.35
1621.35
1003.53
1003.53
112.92
112.92
832.24
832.24
2040.39
2040.39
3913.51
3913.51
626.43
626.43
2165.43
2165.43
949.48
949.48
4323.71
4323.71
914.94
914.94
216.94
216.94
120.57
120.57
938.09
938.09
65.55
65.55
2826.03
2826.03
1514.56
1514.56
4351.68
4351.68
958.67
958.67
478.52
478.52
911.21
911.21
3946.11
3946.11
4340.12
4340.12
2086.57
2086.57
14.89
14.89
14.65
14.65
44.13
44.13
955.59
955.59
4368.05
4368.05
1405.15
1405.15
4102.96
4102.96
2006.90
2006.90
1014.08
1014.08
171.14
171.14
69.04
69.04
31.95
31.95
180.02
180.02
12.18
12.18
175.39
175.39
28.39
28.39
53.57
53.57
3101.32
3101.32
61.23
61.23
25.29
25.29
36.71
36.71
13.94
13.94
4115.08
4115.08
3210.89
3210.89
3712.11
3712.11
3046.77
3046.77
3849.02
3849.02
941.82
941.82
183.55
183.55
231.27
231.27
285.19
285.19
920.29
920.29
937.54
937.54
405.26
405.26
95.37
95.37
152.70
152.70
30.38
30.38
21.94
21.94
58.83
58.83
18.20
18.20
10.00
10.00
10.00
10.00
122.36
122.36
102.31
102.31
477.18
477.18
82.62
82.62
1466.83
1466.83
692.24
692.24
2168.84
2168.84
4060.04
4060.04
4159.80
4159.80
910.30
910.30
176.96
176.96
234.74
234.74
217.98
217.98
79.88
79.88
61.08
61.08
10.25
10.25
20.65
20.65
3319.53
3319.53
3946.69
3946.69
130.57
130.57
2045.98
2045.98
57.27
57.27
554.77
554.77
50.13
50.13
241.49
241.49
26.01
26.01
948.57
948.57
1095.50
1095.50
13.77
13.77
1185.96
1185.96
1527.50
1527.50
2998.69
2998.69
4438.11
4438.11
939.25
939.25
196.67
196.67
22.06
22.06
41.80
41.80
4339.59
4339.59
189.72
189.72
4179.43
4179.43
3585.38
3585.38
16.82
16.82
54.06
54.06
126.87
126.87
102.13
102.13
10.08
10.08
1001.30
1001.30
3468.79
3468.79
3468.79
10.46
4054.82
4054.82
924.59
924.59
3090.80
3090.80
932.37
932.37
28.30
28.30
142.51
142.51
26.02
26.02
14.61
14.61
957.68
957.68
12.89
12.89
1064.26
1064.26
14.56
14.56
4247.45
4247.45
4463.91
4463.91
4065.35
4065.35
19.07
19.07
104.72
104.72
80.58
80.58
530.27
530.27
18.58
18.58
42.08
42.08
40.95
40.95
39.16
39.16
62.43
62.43
38.06
38.06
933.05
933.05
2281.91
2281.91
3864.80
3864.80
4400.31
4400.31
1575.67
1575.67
3958.57
3958.57
11.16
11.16
28.49
28.49
4010.24
4010.24
3965.96
3965.96
3791.25
3791.25
4195.95
4195.95
4087.73
4087.73
3187.21
3187.21
4922.81
4922.81
2373.02
2373.02
4127.95
4127.95
39.38
39.38
282.13
282.13
940.19
940.19
16.09
16.09
152.29
152.29
188.41
188.41
3870.28
3870.28
16.71
16.71
295.63
295.63
45.61
45.61
3088.75
3088.75
1177.84
1177.84
119.82
119.82
170.44
170.44
16.12
16.12
103.81
103.81
648.31
648.31
80.93
80.93
420.57
420.57
44.93
44.93
150.45
150.45
80.52
80.52
424.89
424.89
3748.31
3748.31
3748.31
3748.31
3881.87
3881.87
4176.79
4176.79
3046.44
3046.44
3979.02
3979.02
3870.13
3870.13
3320.70
3320.70
2828.74
2828.74
3935.71
3935.71
3950.20
3950.20
2104.87
2104.87
3706.92
3706.92
37.53
37.53
38.11
38.11
3705.35
3705.35
3447.62
3447.62
3678.48
3678.48
3988.04
3988.04
19.20
19.20
2926.50
2926.50
69.27
69.27
950.97
950.97
50.60
50.60
3013.75
3013.75
811.97
811.97
3614.92
3614.92
3614.92
55.05
3615.34
3615.34
3615.34
3726.20
3726.20
367.09
367.09
413.06
413.06
932.74
932.74
160.89
160.89
989.38
989.38
2236.72
2236.72
264.18
264.18
84.06
84.06
125.75
125.75
880.44
880.44
142.71
142.71
32.44
32.44
1245.49
1245.49
75.76
75.76
11.89
11.89
194.74
194.74
27.81
27.81
653.42
653.42
82.80
82.80
101.50
101.50
127.03
127.03
25.11
25.11
100.39
100.39
974.97
974.97
63.42
63.42
34.02
34.02
107.18
107.18
2292.76
2292.76
48.06
48.06
84.16
84.16
130.53
130.53
178.41
178.41
4289.38
4289.38
908.89
908.89
620.94
620.94
14.08
14.08
63.14
63.14
98.42
98.42
247.04
247.04
4476.75
4476.75
820.92
820.92
1923.20
1923.20
3791.61
3791.61
3184.18
3184.18
3224.51
3224.51
4438.03
4438.03
4070.57
4070.57
2208.82
2208.82
4267.80
4267.80
3707.73
3707.73
843.54
843.54
10.54
10.54
3430.28
3430.28
32.23
32.23
3622.70
3622.70
4418.59
4418.59
4378.90
4378.90
2354.88
2354.88
3889.99
3889.99
4131.18
4131.18
81.17
81.17
29.91
29.91
4504.06
4504.06
32.12
32.12
1424.75
1424.75
46.00
46.00
3338.03
3338.03
4353.82
4353.82
53.41
53.41
4164.94
4164.94
4123.41
4123.41
1642.74
1642.74
55.80
55.80
3982.67
3982.67
3669.11
3669.11
1501.80
1501.80
32.25
32.25
14.41
14.41
29.58
29.58
32.47
32.47
181.38
181.38
969.92
969.92
52.21
52.21
11.14
11.14
480.54
480.54
14.81
14.81
2928.78
2928.78
4436.12
4436.12
913.05
913.05
3828.85
3828.85
3396.69
3396.69
1225.15
1225.15
2948.40
2948.40
2431.57
2431.57
3703.17
3703.17
4272.83
4272.83
3996.98
3996.98
36.97
36.97
3746.83
3746.83
1224.26
1224.26
1254.77
1254.77
152.76
152.76
714.41
714.41
22.00
22.00
1361.46
1361.46
33.45
33.45
182.38
182.38
32.84
32.84
2977.72
2977.72
4261.81
4261.81
64.49
64.49
3686.63
3686.63
988.30
988.30
2465.90
2465.90
3702.44
3702.44
83.98
83.98
168.05
168.05
100.44
100.44
484.29
484.29
40.28
40.28
3511.37
3511.37
4577.61
4577.61
4260.01
4260.01
4802.24
4802.24
3155.63
3155.63
3951.07
3951.07
4009.01
4009.01
4042.65
4042.65
4044.07
4044.07
15.18
15.18
136.35
136.35
782.99
782.99
39.95
39.95
1095.15
1095.15
1289.76
1289.76
404.95
404.95
15.23
15.23
31.90
31.90
41.23
41.23
229.68
229.68
120.72
120.72
976.70
976.70
689.51
689.51
41.71
41.71
1586.28
1586.28
420.00
420.00
259.96
259.96
183.11
183.11
10.00
10.00
59.03
59.03
100.64
100.64
59.39
59.39
10.00
10.00
30.27
30.27
291.88
291.88
43.36
43.36
248.43
248.43
113.31
113.31
26.03
26.03
463.05
463.05
28.93
28.93
21.32
21.32
78.64
78.64
4334.14
4334.14
28.02
28.02
66.37
66.37
29.91
29.91
129.70
129.70
184.08
184.08
15.81
15.81
83.03
83.03
2549.93
2549.93
104.69
104.69
3207.69
3207.69
489.25
489.25
16.39
16.39
14.00
14.00
965.10
965.10
15.86
15.86
24.03
24.03
13.61
13.61
21.11
21.11
261.88
261.88
323.81
323.81
14.94
14.94
311.25
311.25
2260.56
2260.56
16.49
16.49
1567.16
1567.16
845.60
845.60
472.31
472.31
998.67
998.67
4095.28
4095.28
2938.70
2938.70
1418.75
1418.75
273.22
273.22
4154.68
4154.68
957.94
957.94
152.45
152.45
253.43
253.43
117.77
117.77
34.57
34.57
55.05
55.05
79.08
79.08
986.02
986.02
3522.81
3522.81
240.47
240.47
241.69
241.69
40.25
40.25
28.77
28.77
498.42
498.42
38.00
38.00
45.66
45.66
2218.36
2218.36
10.00
10.00
27.05
27.05
77.15
77.15
173.74
173.74
2321.26
2321.26
3119.47
3119.47
22.02
22.02
134.88
134.88
82.21
82.21
110.45
110.45
16.53
16.53
1732.25
1732.25
174.65
174.65
38.78
38.78
4095.77
4095.77
801.43
801.43
801.43
40.76
40.76
1626.60
1626.60
4249.37
4249.37
20.85
20.85
14.03
14.03
4370.09
4370.09
4170.84
4170.84
2145.11
2145.11
2159.76
2159.76
4527.16
4527.16
20.43
20.43
2725.44
2725.44
4221.78
4221.78
284.19
284.19
4099.49
4099.49
3817.46
3817.46
890.74
890.74
21.04
21.04
4381.10
4381.10
62.81
62.81
364.44
364.44
2972.30
2972.30
2902.58
2902.58
4191.78
4191.78
4287.01
4287.01
837.71
837.71
1476.27
1476.27
3369.90
3369.90
2001.98
2001.98
4048.85
4048.85
4204.80
4204.80
3843.15
3843.15
761.67
761.67
939.25
939.25
4103.72
4103.72
4357.82
4357.82
4089.82
4089.82
3821.62
3821.62
4150.35
4150.35
3969.83
3969.83
15.55
15.55
12.91
12.91
3930.80
3930.80
1091.88
1091.88
1040.67
1040.67
4235.96
4235.96
2595.21
2595.21
3342.18
3342.18
771.18
771.18
24.32
24.32
920.59
920.59
3911.63
3911.63
58.61
58.61
159.83
159.83
100.18
100.18
74.20
74.20
347.51
347.51
16.12
16.12
962.05
962.05
42.92
42.92
1179.72
1179.72
4094.33
4094.33
30.43
30.43
213.11
213.11
459.59
459.59
3708.84
3708.84
3954.87
3954.87
897.73
897.73
813.86
813.86
65.87
65.87
29.85
29.85
64.30
64.30
2169.61
2169.61
286.06
286.06
773.11
773.11
1025.58
1025.58
880.39
880.39
83.31
83.31
3050.41
3050.41
15.26
15.26
155.73
155.73
40.41
40.41
129.42
129.42
171.09
171.09
28.59
28.59
27.98
27.98
1622.79
1622.79
204.72
204.72
29.98
29.98
186.75
186.75
515.16
515.16
19.14
19.14
297.79
297.79
28.65
28.65
2425.02
2425.02
10.00
10.00
110.89
110.89
1048.92
1048.92
919.50
919.50
132.86
132.86
57.15
57.15
3338.01
3338.01
2890.28
2890.28
29.88
29.88
1899.95
1899.95
931.13
931.13
2290.36
2290.36
2741.98
2741.98
3941.23
3941.23
1538.88
1538.88
2072.40
2072.40
51.03
51.03
29.89
29.89
1165.93
1165.93
494.31
494.31
81.62
81.62
4265.48
4265.48
2751.84
2751.84
4004.83
4004.83
31.08
31.08
564.44
564.44
222.87
222.87
969.98
969.98
14.63
14.63
14.63
95.02
95.02
2379.66
2379.66
3397.25
3397.25
2377.46
2377.46
14.96
14.96
830.20
830.20
4275.11
4275.11
4418.78
4418.78
57.14
57.14
4347.21
4347.21
4048.46
4048.46
649.69
649.69
924.65
924.65
699.96
699.96
1284.92
1284.92
2373.95
2373.95
56.61
56.61
3205.10
3205.10
23.95
23.95
3621.31
3621.31
17.37
17.37
15.07
15.07
928.07
928.07
15.91
15.91
15.59
15.59
58.82
58.82
35.55
35.55
1721.86
1721.86
256.57
256.57
57.44
57.44
81.52
81.52
2320.59
2320.59
216.86
216.86
2679.43
2679.43
3675.98
3675.98
1647.18
1647.18
46.71
46.71
130.46
130.46
19.62
19.62
1836.14
1836.14
16.91
16.91
3014.88
3014.88
2583.12
2583.12
1656.48
1656.48
4130.82
4130.82
4346.09
4346.09
951.62
951.62
4432.50
4432.50
928.57
928.57
1182.32
1182.32
4079.30
4079.30
836.99
836.99
105.77
105.77
10.00
10.00
3342.52
3342.52
977.87
977.87
580.65
580.65
56.70
56.70
932.74
932.74
241.98
241.98
935.85
935.85
376.31
376.31
511.71
511.71
372.87
372.87
31.04
31.04
17.18
17.18
216.47
216.47
908.81
908.81
64.17
64.17
20.62
20.62
56.62
56.62
836.18
836.18
45.48
45.48
121.70
121.70
2794.80
2794.80
1354.83
1354.83
457.88
457.88
1204.05
1204.05
1097.63
1097.63
2111.74
2111.74
1311.64
1311.64
4151.84
4151.84
1624.77
1624.77
3037.71
3037.71
967.14
967.14
14.38
14.38
14.63
14.63
95.90
95.90
1300.23
1300.23
980.68
980.68
163.05
163.05
1630.59
1630.59
49.21
49.21
21.81
21.81
87.76
87.76
701.12
701.12
10.00
10.00
10.00
10.00
10.00
10.00
1890.84
1890.84
27.71
27.71
47.95
47.95
137.91
137.91
48.58
10.00
10.00
10.00
27.44
27.44
27.44
27.44
27.44
667.80
29.44
29.44
29.44
1047.55
60.85
60.85
154.92
277.12
277.12
277.12
893.96
893.96
3982.27
3982.27
3445.83
3445.83
1933.88
1933.88
198.16
198.16
46.94
46.94
21.28
21.28
513.06
513.06
4311.42
4311.42
567.93
567.93
906.89
906.89
54.65
54.65
54.65
26.93
1053.12
1053.12
1053.12
2040.36
2040.36
2040.36
78.38
78.38
71.44
71.44
4104.18
4104.18
4367.97
4367.97
643.89
643.89
18.36
18.36
14.54
14.54
899.60
899.60
4504.24
4504.24
79.08
79.08
37.13
37.13
3427.87
3427.87
30.50
30.50
30.50
188.86
979.65
979.65
2070.78
2070.78
124.15
124.15
25.78
25.78
76.16
76.16
13.60
13.60
120.02
120.02
191.35
191.35
130.96
130.96
719.80
719.80
44.77
44.77
3651.52
3651.52
1463.64
1463.64
1315.65
1315.65
118.92
118.92
118.92
238.51
238.51
42.98
42.98
2185.83
2185.83
14.75
14.75
14.75
38.80
38.80
193.96
193.96
193.96
40.11
40.11
40.11
73.63
73.63
73.63
73.63
73.63
73.63
250.93
250.93
250.93
39.16
39.16
39.16
39.16
39.16
40.12
40.12
3472.42
3472.42
424.91
424.91
1967.12
1967.12
3997.84
3997.84
157.44
157.44
1849.87
1849.87
1133.74
1133.74
61.21
61.21
1459.06
1459.06
324.63
324.63
910.86
910.86
227.02
227.02
4072.42
4072.42
16.57
16.57
102.01
102.01
102.01
44.42
662.68
662.68
14.67
14.67
14.67
162.41
162.41
3941.73
3941.73
882.76
882.76
28.59
28.59
12.86
12.86
232.20
232.20
40.46
40.46
107.01
107.01
531.48
531.48
835.47
835.47
2456.93
2456.93
2456.93
1282.95
1282.95
3117.51
3117.51
16.07
16.07
29.49
29.49
84.51
84.51
55.76
55.76
97.09
97.09
163.56
163.56
109.18
109.18
267.25
267.25
44.00
44.00
221.10
221.10
108.88
108.88
166.50
166.50
11.17
11.17
12.02
12.02
81.67
81.67
11.00
11.00
17.69
17.69
196.28
196.28
58.57
58.57
14.66
14.66
43.84
43.84
32.91
32.91
3099.84
3099.84
3083.24
3083.24
287.87
287.87
1868.97
1868.97
3445.57
3445.57
3052.34
3052.34
2161.74
2161.74
3283.88
3283.88
839.01
839.01
1818.64
1818.64
3345.02
3345.02
956.39
956.39
3214.62
3214.62
62.72
62.72
93.89
93.89
910.31
910.31
3264.14
3264.14
28.78
28.78
2079.45
2079.45
4004.33
4004.33
979.52
979.52
428.95
428.95
909.56
909.56
43.22
43.22
4097.10
4097.10
2911.06
2911.06
2974.98
2974.98
1332.28
1332.28
3939.38
3939.38
4237.35
4237.35
4032.50
4032.50
53.03
53.03
1153.95
1153.95
493.28
493.28
4667.93
4667.93
4667.93
4667.93
1715.38
1715.38
13.81
13.81
3947.53
3947.53
4088.08
4088.08
3522.81
3522.81
3870.97
3870.97
58.32
58.32
4050.89
4050.89
66.76
66.76
141.56
141.56
810.44
810.44
12.12
12.12
928.39
928.39
58.46
58.46
77.27
77.27
21.55
21.55
21.55
96.90
96.90
18.92
18.92
20.50
20.50
18.95
18.95
18.95
18.95
55.72
55.72
1023.13
1023.13
794.71
794.71
794.71
4091.28
4091.28
880.23
880.23
21.81
21.81
10.15
10.15
21.85
21.85
2124.00
2124.00
2203.25
2203.25
573.64
573.64
1719.85
1719.85
1813.72
1813.72
42.12
42.12
895.37
895.37
2947.36
2947.36
2662.87
2662.87
2224.04
2224.04
4285.97
4285.97
1058.29
1058.29
1290.13
1290.13
898.96
898.96
3670.22
3670.22
425.90
425.90
2221.65
2221.65
16.56
16.56
16.56
15.94
15.94
15.94
15.94
15.94
55.86
55.86
55.86
55.86
661.10
661.10
952.93
952.93
952.93
48.98
48.98
48.98
48.98
241.48
241.48
3546.98
3546.98
3546.98
4079.87
4079.87
2401.80
2401.80
4328.22
4328.22
4051.77
4051.77
117.31
117.31
4484.37
4484.37
4245.62
4245.62
962.80
962.80
1194.57
1194.57
4281.91
4281.91
4281.91
526.31
27.55
27.55
27.55
15.59
15.59
15.59
15.59
15.59
15.59
15.59
15.59
1681.22
1681.22
1681.22
1681.22
1192.73
1192.73
1192.73
1192.73
1192.73
1192.73
450.87
450.87
1289.91
1289.91
2074.59
2074.59
2074.59
2517.50
2517.50
2517.50
1802.01
1802.01
1802.01
2548.93
2548.93
4325.84
4325.84
1681.24
1681.24
26.51
26.51
901.79
901.79
562.35
562.35
562.35
334.53
334.53
334.53
334.53
15.48
15.48
333.61
333.61
333.61
32.03
32.03
1009.54
1009.54
1009.54
1009.54
28.50
28.50
3286.16
3286.16
1902.03
1902.03
1902.03
2906.97
2906.97
3883.31
3883.31
3857.90
3857.90
30.30
30.30
4083.03
4083.03
2091.84
2091.84
3333.97
3333.97
15.10
15.10
3767.26
3767.26
928.58
928.58
4248.55
4248.55
4275.93
4275.93
3900.15
3900.15
4220.23
4220.23
4432.06
4432.06
4124.03
4124.03
15.95
15.95
4128.64
4128.64
3545.83
3545.83
3900.46
3900.46
3728.47
3728.47
14.34
14.34
50.36
50.36
14.17
14.17
380.53
380.53
61.18
61.18
4304.71
4304.71
895.52
895.52
2518.36
2518.36
14.40
14.40
4430.93
4430.93
1086.30
1086.30
543.66
543.66
4166.04
4166.04
3581.33
3581.33
2293.67
2293.67
910.75
910.75
4253.30
4253.30
902.99
902.99
16.00
16.00
114.87
114.87
18.09
18.09
2178.26
2178.26
2178.26
2178.26
4060.01
4060.01
1984.88
1984.88
4178.50
4178.50
809.27
809.27
3878.99
3878.99
1174.97
1174.97
3896.96
3896.96
4583.58
4583.58
895.58
895.58
4155.40
4155.40
3367.94
3367.94
573.29
573.29
117.32
117.32
950.27
950.27
2151.11
2151.11
2662.30
2662.30
973.11
973.11
205.34
205.34
910.25
910.25
160.70
160.70
126.71
126.71
465.20
465.20
16.87
16.87
941.74
941.74
1995.78
1995.78
25.85
25.85
4107.95
4107.95
1139.58
1139.58
39.78
39.78
1854.45
1854.45
3470.31
3470.31
4041.66
4041.66
14.32
14.32
37.89
37.89
68.34
68.34
2337.31
2337.31
4325.02
4325.02
4544.06
4544.06
4290.18
4290.18
139.03
139.03
33.05
33.05
1297.43
1297.43
4046.18
4046.18
1054.50
1054.50
3256.15
3256.15
3807.51
3807.51
1864.78
1864.78
1273.56
1273.56
666.45
666.45
4131.11
4131.11
3249.73
3249.73
1934.74
1934.74
156.15
156.15
80.10
80.10
1087.69
1087.69
3882.85
3882.85
122.78
122.78
56.18
56.18
109.70
109.70
1056.29
1056.29
4019.16
4019.16
994.12
994.12
236.33
236.33
4041.20
4041.20
3925.61
3925.61
4225.46
4225.46
30.52
30.52
2606.49
2606.49
12.99
12.99
4299.26
4299.26
3413.73
3413.73
2170.99
2170.99
1741.72
1741.72
908.85
908.85
501.12
501.12
4187.43
4187.43
89.47
89.47
1675.01
1675.01
3964.92
3964.92
1508.76
1508.76
2150.30
2150.30
3238.62
3238.62
3774.76
3774.76
4124.91
4124.91
4439.92
4439.92
913.12
913.12
4005.49
4005.49
4101.98
4101.98
4521.83
4521.83
2883.37
2883.37
31.39
31.39
98.62
98.62
4261.87
4261.87
4135.00
4135.00
2939.38
2939.38
972.24
972.24
4074.29
4074.29
991.95
991.95
4226.74
4226.74
4226.74
1997.32
1997.32
3723.55
3723.55
4357.26
4357.26
960.95
960.95
3202.72
3202.72
3346.39
3346.39
4068.45
4068.45
47.30
47.30
3782.52
3782.52
3587.24
3587.24
3207.08
3207.08
4014.31
4014.31
2930.70
2930.70
643.83
643.83
4394.64
4394.64
47.43
47.43
3657.89
3657.89
4649.99
4649.99
4493.66
4493.66
3942.72
3942.72
44.94
44.94
3796.41
3796.41
4000.55
4000.55
63.39
63.39
4157.40
4157.40
1836.14
1836.14
4280.79
4280.79
47.38
47.38
4230.61
4230.61
4279.65
4279.65
4360.74
4360.74
4217.05
4217.05
4109.97
4109.97
4218.78
4218.78
3715.11
3715.11
3857.90
3857.90
4406.58
4406.58
2952.30
2952.30
3542.33
3542.33
936.48
936.48
4148.90
4148.90
3356.50
3356.50
997.72
997.72
4241.77
4241.77
3097.12
3097.12
3715.29
3715.29
2427.13
2427.13
4128.39
4128.39
802.22
802.22
3592.63
3592.63
4537.93
4537.93
4325.04
4325.04
4289.70
4289.70
4057.78
4057.78
3995.04
3995.04
4216.80
4216.80
4090.39
4090.39
2697.30
2697.30
17.24
17.24
1826.91
1826.91
1129.05
1129.05
45.57
45.57
4267.74
4267.74
4385.79
4385.79
1568.02
1568.02
980.64
980.64
126.43
126.43
194.08
194.08
13.69
13.69
58.52
58.52
39.87
39.87
14.44
14.44
24.35
24.35
3287.72
3287.72
1936.84
1936.84
57.51
57.51
1614.71
1614.71
3893.23
3893.23
4294.02
4294.02
3895.27
3895.27
3873.03
3873.03
529.27
529.27
1505.66
1505.66
100.00
100.00
2124.29
2124.29
3400.80
3400.80
4267.64
4267.64
2591.69
2591.69
46.25
46.25
4275.39
4275.39
4409.41
4409.41
3528.05
3528.05
3713.69
3713.69
74.31
74.31
3994.61
3994.61
3245.37
3245.37
3165.82
3165.82
4419.52
4419.52
4184.43
4184.43
4183.99
4183.99
3955.23
3955.23
997.79
997.79
4228.07
4228.07
4014.17
4014.17
3937.82
3937.82
3154.61
3154.61
27.83
27.83
4284.36
4284.36
4098.89
4098.89
2720.27
2720.27
3993.12
3993.12
3004.46
3004.46
3679.78
3679.78
4118.67
4118.67
3922.52
3922.52
3892.86
3892.86
1709.77
1709.77
4257.44
4257.44
3569.01
3569.01
3569.01
3569.01
3569.01
3569.01
30.40
30.40
501.79
501.79
818.27
818.27
1377.08
1377.08
31.99
31.99
57.86
57.86
103.24
103.24
901.52
901.52
1373.64
1373.64
846.27
846.27
2551.94
2551.94
2445.62
2445.62
3642.41
3642.41
4346.18
4346.18
4484.38
4484.38
372.67
372.67
907.44
907.44
83.41
83.41
4281.82
4281.82
4549.16
4549.16
244.22
244.22
83.56
83.56
1925.92
1925.92
1451.83
1451.83
80.08
80.08
41.21
41.21
59.45
59.45
4033.22
4033.22
4082.33
4082.33
491.84
491.84
4159.34
4159.34
3858.47
3858.47
3844.89
3844.89
3574.77
3574.77
3548.25
3548.25
4202.28
4202.28
4610.65
4610.65
4228.38
4228.38
3390.92
3390.92
3390.92
845.87
32.01
32.01
2012.81
2012.81
4041.44
4041.44
3974.69
3974.69
1278.87
1278.87
4499.80
4499.80
3971.14
3971.14
4204.50
4204.50
4350.20
4350.20
4134.57
4134.57
3870.59
3870.59
3057.06
3057.06
973.75
973.75
4488.80
4488.80
4290.85
4290.85
29.39
29.39
4267.37
4267.37
4191.50
4191.50
4119.73
4119.73
3936.27
3936.27
3264.23
3264.23
4070.91
4070.91
3726.16
3726.16
457.84
457.84
3680.18
3680.18
2209.55
2209.55
353.52
353.52
3834.20
3834.20
13.75
13.75
13.03
13.03
13.03
4033.97
4033.97
1614.01
1614.01
1229.68
1229.68
3957.20
3957.20
1432.64
1432.64
3842.43
3842.43
896.25
896.25
1255.03
1255.03
506.67
506.67
4172.71
4172.71
4366.01
4366.01
4300.64
4300.64
2176.32
2176.32
3755.08
3755.08
3984.16
3984.16
232.43
232.43
4565.16
4565.16
13.68
13.68
4644.96
4644.96
4595.14
4595.14
4287.26
4287.26
4016.70
4016.70
4038.30
4038.30
2109.34
2109.34
4248.43
4248.43
3994.25
3994.25
4088.68
4088.68
3593.84
3593.84
4281.12
4281.12
4054.29
4054.29
2046.01
2046.01
2375.12
2375.12
2867.36
2867.36
3235.28
3235.28
1941.85
1941.85
3629.86
3629.86
4107.30
4107.30
3541.16
3541.16
3928.39
3928.39
1344.28
1344.28
638.95
638.95
3867.70
3867.70
15.15
15.15
2863.41
2863.41
276.45
276.45
4511.84
4511.84
4018.60
4018.60
494.66
494.66
2793.58
2793.58
43.77
43.77
4013.63
4013.63
3815.97
3815.97
39.95
39.95
571.52
571.52
900.22
900.22
134.89
134.89
265.74
265.74
1050.75
1050.75
3536.18
3536.18
940.53
940.53
3834.49
3834.49
35.84
35.84
49.93
49.93
728.40
728.40
16.20
16.20
1322.51
1322.51
4454.61
4454.61
4091.05
4091.05
4310.24
4310.24
60.34
60.34
3993.07
3993.07
3937.62
3937.62
4193.44
4193.44
910.16
910.16
2230.41
2230.41
34.42
34.42
2182.66
2182.66
4362.66
4362.66
932.53
932.53
160.05
160.05
1998.19
1998.19
3273.30
3273.30
4199.02
4199.02
683.27
683.27
3984.69
3984.69
29.63
29.63
170.16
170.16
238.29
238.29
270.25
270.25
270.25
270.25
270.25
270.25
270.25
203.47
203.47
203.47
203.47
13.99
13.99
13.99
629.41
629.41
138.36
138.36
138.36
138.36
138.36
161.24
161.24
3087.23
3087.23
911.20
911.20
109.17
109.17
24.20
24.20
887.63
887.63
198.62
198.62
733.32
733.32
3045.97
3045.97
21.25
21.25
1459.51
1459.51
4070.67
4070.67
215.18
215.18
314.70
314.70
3181.22
3181.22
13.66
13.66
854.76
854.76
1631.57
1631.57
204.23
204.23
192.37
192.37
276.21
276.21
102.99
102.99
238.50
238.50
164.10
164.10
199.24
199.24
43.67
43.67
1879.32
1879.32
824.71
824.71
51.65
51.65
341.47
341.47
283.45
283.45
43.22
43.22
64.45
64.45
14.50
14.50
253.44
253.44
1110.26
1110.26
4387.57
4387.57
4138.97
4138.97
160.51
160.51
217.17
217.17
435.73
435.73
159.04
159.04
191.05
191.05
18.22
18.22
636.15
636.15
971.12
971.12
21.75
21.75
101.69
101.69
13.47
13.47
159.11
159.11
25.91
25.91
4503.68
4503.68
50.74
50.74
40.57
40.57
45.85
45.85
20.84
20.84
135.82
135.82
50.40
50.40
21.11
21.11
3111.38
3111.38
1977.15
1977.15
75.70
75.70
4256.13
4256.13
4010.78
4010.78
83.54
83.54
67.90
67.90
3354.04
3354.04
4637.65
4637.65
55.96
55.96
4619.19
4619.19
311.22
311.22
59.81
59.81
2204.58
2204.58
190.40
190.40
838.84
838.84
3697.41
3697.41
28.95
28.95
4707.08
4707.08
4023.89
4023.89
2801.39
2801.39
40.47
40.47
916.78
916.78
916.78
2439.63
2439.63
922.89
922.89
350.78
350.78
389.40
389.40
4267.06
4267.06
4267.06
4267.06
61.69
66.50
66.50
708.43
708.43
496.59
496.59
2783.76
2783.76
407.81
407.81
15.59
15.59
4258.55
4258.55
954.77
954.77
14.49
14.49
3404.24
3404.24
738.30
738.30
1161.52
1161.52
949.08
949.08
4371.81
4371.81
4371.81
4371.81
4371.81
4371.81
11.17
11.17
11.17
11.17
710.64
710.64
579.78
579.78
579.78
924.98
924.98
1787.35
1787.35
1787.35
757.22
757.22
603.07
603.07
1499.11
1499.11
927.24
927.24
14.92
14.92
2882.91
2882.91
273.47
273.47
421.21
421.21
605.00
605.00
4055.97
4055.97
515.43
515.43
39.02
39.02
3604.57
3604.57
1641.51
1641.51
4223.34
4223.34
4033.92
4033.92
4271.28
4271.28
3736.88
3736.88
3764.95
3764.95
3683.84
3683.84
4525.77
4525.77
3900.82
3900.82
3115.33
3115.33
4091.44
4091.44
4264.78
4264.78
4419.05
4419.05
4222.25
4222.25
4470.60
4470.60
4333.31
4333.31
3052.00
3052.00
1739.28
1739.28
4180.46
4180.46
3380.97
3380.97
1158.03
1158.03
4118.54
4118.54
3956.19
3956.19
3863.96
3863.96
4129.16
4129.16
4221.57
4221.57
3847.35
3847.35
1827.56
1827.56
2603.97
2603.97
4079.97
4079.97
4664.59
4664.59
84.75
84.75
3747.53
3747.53
56.39
56.39
4054.54
4054.54
3190.79
3190.79
3190.79
3350.47
1682.33
1682.33
4242.77
4242.77
75.34
75.34
938.51
938.51
3279.64
3279.64
23.42
23.42
4074.79
4074.79
4006.89
4006.89
4332.70
4332.70
3999.17
3999.17
967.69
967.69
40.72
40.72
4170.69
4170.69
2458.98
2458.98
28.17
28.17
15.04
15.04
26.35
26.35
893.64
893.64
1184.12
1184.12
25.86
25.86
893.53
893.53
14.35
14.35
3547.42
3547.42
57.60
57.60
33.20
33.20
3842.97
3842.97
3337.72
3337.72
3337.72
921.57
921.57
40.20
40.20
34.99
34.99
80.88
80.88
944.17
944.17
14.31
14.31
1811.26
1811.26
1308.09
1308.09
2659.19
2659.19
143.56
143.56
88.92
88.92
88.92
1609.63
1609.63
849.11
849.11
849.11
3891.28
3891.28
2283.81
2283.81
215.85
215.85
3642.68
3642.68
3642.68
3642.68
3642.68
14.39
14.39
4107.88
4107.88
4107.88
4107.88
4107.88
34.26
34.26
1659.20
1659.20
1899.81
1899.81
15.89
15.89
259.97
259.97
76.49
76.49
62.45
62.45
212.35
212.35
72.60
72.60
37.71
37.71
38.75
38.75
10.00
10.00
924.00
924.00
236.31
236.31
927.71
927.71
1198.21
1198.21
120.53
120.53
10.00
10.00
10.00
10.00
185.30
185.30
321.94
321.94
126.91
126.91
2410.62
2410.62
2410.62
102.37
31.47
31.47
2386.06
2386.06
763.70
763.70
139.48
139.48
21.62
21.62
834.44
834.44
1107.11
1107.11
3584.02
3584.02
28.80
28.80
717.52
717.52
1201.62
1201.62
118.73
118.73
118.73
110.89
110.89
110.89
1663.41
17.23
17.23
3860.12
3860.12
3860.12
3860.12
3747.92
3747.92
795.84
795.84
1223.99
1223.99
50.10
50.10
925.95
925.95
1598.08
1598.08
3853.64
3853.64
4024.92
4024.92
2184.06
2184.06
4284.17
4284.17
44.12
44.12
43.74
43.74
468.25
468.25
73.73
73.73
103.21
103.21
61.43
61.43
678.98
678.98
3916.27
3916.27
1078.28
1078.28
12.46
12.46
94.96
94.96
51.88
51.88
3857.00
3857.00
3743.94
3743.94
4063.70
4063.70
292.56
292.56
4021.51
4021.51
4021.51
1898.37
1898.37
1898.37
1898.37
1501.65
1501.65
943.87
943.87
111.79
111.79
675.62
675.62
3761.45
3761.45
1892.06
1892.06
163.04
163.04
370.51
370.51
939.34
939.34
4282.70
4282.70
14.42
14.42
3123.59
3123.59
65.66
65.66
941.38
941.38
3959.55
3959.55
28.99
28.99
2888.67
2888.67
19.80
19.80
14.67
14.67
2729.85
2729.85
840.15
840.15
883.28
883.28
469.41
469.41
1023.14
1023.14
4095.96
4095.96
846.83
846.83
36.15
36.15
29.97
29.97
2194.57
2194.57
29.45
29.45
3493.68
3493.68
3579.81
3579.81
1569.28
1569.28
29.94
29.94
63.37
63.37
3695.13
3695.13
37.07
37.07
4147.76
4147.76
40.60
40.60
3848.22
3848.22
4177.06
4177.06
735.29
735.29
1374.50
1374.50
4477.14
4477.14
2708.27
2708.27
797.40
797.40
4400.76
4400.76
105.79
105.79
4235.90
4235.90
938.01
938.01
4016.14
4016.14
999.28
999.28
4526.00
4526.00
3981.69
3981.69
3499.22
3499.22
4235.03
4235.03
2120.43
2120.43
961.95
961.95
3510.30
3510.30
2850.94
2850.94
3632.35
3632.35
3422.00
3422.00
3422.00
22.70
22.70
3203.33
3203.33
3203.33
25.96
25.96
41.18
41.18
41.18
1379.46
1379.46
1379.46
21.72
64.27
64.27
64.27
64.27
388.47
388.47
157.04
157.04
157.04
366.78
3562.52
3562.52
3562.52
3072.69
3072.69
4155.33
4155.33
4155.33
4150.00
4150.00
12.40
12.40
12.40
3449.45
20.55
20.55
20.55
258.51
258.51
15.76
15.76
15.76
2779.80
2779.80
1021.46
1021.46
1021.46
3556.25
3556.25
79.52
79.52
1147.52
1147.52
29.95
29.95
949.82
949.82
636.31
636.31
33.78
33.78
33.78
3102.87
3102.87
46.90
46.90
2251.44
2251.44
85.42
85.42
60.61
60.61
301.69
301.69
301.69
857.79
857.79
629.10
629.10
629.10
25.83
25.83
925.38
925.38
60.65
60.65
84.40
84.40
1467.09
1467.09
1467.09
1467.09
542.15
542.15
870.46
870.46
870.46
2816.68
2816.68
961.60
961.60
3586.77
3586.77
20.43
20.43
1249.73
1249.73
1249.73
2989.88
2989.88
105.01
105.01
105.01
279.90
279.90
2525.36
2525.36
81.55
81.55
14.37
14.37
965.23
965.23
2562.40
2562.40
872.50
872.50
82.46
82.46
86.46
86.46
944.96
944.96
1991.27
1991.27
1945.51
1945.51
2751.43
2751.43
1672.79
1672.79
3471.44
3471.44
4611.51
4611.51
49.69
49.69
3009.75
3009.75
62.01
62.01
14.31
14.31
395.52
395.52
199.59
199.59
43.34
43.34
1108.30
1108.30
678.93
678.93
117.60
117.60
30.43
30.43
10.07
10.07
10.00
10.00
197.48
197.48
938.66
938.66
13.69
13.69
2135.14
2135.14
58.75
58.75
72.49
72.49
1546.99
1546.99
1065.07
1065.07
174.70
