# 1Hz Kbps trace generated by import_real_world_traces.py
1042.44
2534.89
2808.55
7281.09
7281.09
309.45
309.45
805.36
805.36
7971.71
7971.71
7536.34
7536.34
1457.42
1457.42
8017.00
8017.00
7364.70
7364.70
7229.71
7229.71
768.76
768.76
6577.44
6577.44
7812.46
7812.46
7595.70
7595.70
774.99
774.99
942.62
942.62
106.94
106.94
12.66
12.66
15.62
15.62
2253.26
2253.26
881.79
881.79
84.50
84.50
122.77
122.77
2025.66
2025.66
3388.03
3388.03
774.63
774.63
139.07
139.07
607.58
607.58
13.56
13.56
13.56
1325.58
1325.58
1065.12
1065.12
54.73
54.73
752.86
752.86
68.10
68.10
2279.70
2279.70
549.57
549.57
6164.58
6164.58
2162.64
2162.64
6988.95
6988.95
7827.03
7827.03
2244.57
2244.57
507.60
507.60
797.90
797.90
1664.07
1664.07
6584.42
6584.42
4009.60
4009.60
438.55
438.55
2819.83
2819.83
123.48
123.48
7290.92
7290.92
4085.14
4085.14
1152.16
1152.16
3194.84
3194.84
4991.91
4991.91
13.34
13.34
6506.65
6506.65
7751.74
7751.74
2508.51
2508.51
6103.50
6103.50
6556.27
6556.27
171.61
171.61
4729.88
4729.88
5683.12
5683.12
4971.93
4971.93
6205.89
6205.89
594.56
594.56
594.56
18.64
349.81
349.81
733.75
733.75
2090.20
2090.20
8092.98
8092.98
967.44
967.44
909.51
