# 1Hz Kbps trace generated by import_real_world_traces.py
3154.26
3585.94
3585.94
3585.94
3770.37
3770.37
21.90
21.90
3528.17
3528.17
171.01
171.01
171.01
3232.43
3232.43
466.69
466.69
466.69
466.69
265.52
10.00
10.00
402.53
402.53
554.70
766.98
637.90
637.90
766.06
766.06
674.97
674.97
869.07
869.07
756.31
756.31
1847.52
1847.52
2113.06
2113.06
2494.19
2494.19
47.10
47.10
3201.85
3201.85
3539.44
3539.44
3691.23
3691.23
3487.75
3487.75
3692.35
3692.35
3734.11
3734.11
3773.80
3773.80
3213.62
3213.62
3533.78
3533.78
3589.29
3589.29
1233.95
1233.95
3180.05
3180.05
3640.27
3640.27
3685.47
3685.47
3737.59
3737.59
3714.05
3714.05
3869.94
3869.94
3706.22
3706.22
3578.81
3578.81
3713.73
3713.73
2139.36
2139.36
22.06
22.06
179.45
179.45
3459.00
3459.00
3880.59
3880.59
2708.06
2708.06
3667.79
3667.79
3704.52
3704.52
3715.53
3715.53
3744.18
3744.18
3401.58
3401.58
3801.28
3801.28
3743.84
3743.84
3548.71
3548.71
3380.57
3380.57
3380.57
1150.76
1150.76
3844.97
3844.97
83.69
83.69
3717.32
3717.32
3595.43
3595.43
3162.70
3566.91
3566.91
3566.91
359.71
359.71
3374.33
3374.33
3774.25
3774.25
3698.84
3737.09
3737.09
3737.09
3759.52
3759.52
3679.92
3679.92
3963.66
3963.66
3475.27
3475.27
3485.83
3485.83
2286.15
3684.37
3684.37
3684.37
3515.08
3515.08
3800.04
3800.04
3752.43
3752.43
3371.74
3371.74
3583.86
3583.86
3716.39
3716.39
3771.64
3771.64
682.56
682.56
864.42
864.42
3724.93
3724.93
3371.75
3371.75
3481.74
3481.74
3448.66
3448.66
163.69
163.69
3317.48
3317.48
2991.80
2991.80
3716.14
3716.14
3411.04
3411.04
3520.87
3520.87
63.62
63.62
3742.34
3742.34
3766.30
3766.30
1074.04
1074.04
3431.81
3431.81
3810.33
3810.33
3379.16
3379.16
3882.74
3882.74
2542.89
2542.89
1499.23
1499.23
3833.13
3833.13
3711.56
3711.56
3706.58
3706.58
3783.59
3783.59
2607.19
2607.19
3049.45
3049.45
3412.27
3412.27
3736.45
3736.45
3804.39
3804.39
2929.66
2929.66
3356.82
3356.82
2584.71
2584.71
3185.89
3185.89
3488.53
3488.53
3736.96
3736.96
3103.01
3103.01
3774.67
3774.67
3716.49
3716.49
3792.55
3792.55
10.00
10.00
3221.76
3221.76
2603.01
2603.01
3103.34
3103.34
1482.10
1482.10
37.10
37.10
80.41
80.41
888.82
888.82
42.16
42.16
1000.48
1000.48
521.43
521.43
3257.78
3257.78
78.76
78.76
3758.23
3758.23
2855.07
2855.07
3384.55
3384.55
3862.80
3862.80
3554.47
3554.47
3740.42
3740.42
2422.32
2422.32
1342.61
1342.61
3135.62
3135.62
2729.03
2729.03
3557.35
3557.35
2912.92
2912.92
254.09
1038.90
1038.90
1038.90
1038.90
1038.90
1038.90
1038.90
1038.90
1038.90
1038.90
1038.90
1038.90
1038.90
1038.90
1038.90
1038.90
1038.90
1038.90
1038.90
1038.90
1038.90
1038.90
1038.90
1038.90
1038.90
1038.90
1038.90
1038.90
1038.90
1038.90
1038.90
1038.90
1038.90
1038.90
1038.90
1038.90
1038.90
1038.90
1038.90
1038.90
1038.90
1038.90
1038.90
1038.90
1038.90
1038.90
1038.90
661.99
