# 1Hz Kbps trace generated by import_real_world_traces.py
839.48
1167.83
1172.96
1190.13
1190.13
1190.13
1223.73
1223.73
1206.03
1206.03
254.55
254.55
1030.92
1030.92
1185.30
1185.30
1205.62
1205.62
1240.58
1240.58
1157.18
1157.18
1177.40
1177.40
1216.11
1216.11
1206.63
1206.63
1171.40
1171.40
1209.64
1209.64
1188.41
1188.41
1144.39
1144.39
1144.41
1144.41
1038.79
1038.79
1200.79
1200.79
1190.45
1190.45
1215.42
1215.42
1259.05
1259.05
1181.21
1181.21
1120.09
1120.09
1208.45
1208.45
1092.98
1092.98
1181.97
1181.97
246.99
136.82
136.82
136.82
585.51
585.51
1010.72
1010.72
322.34
322.34
730.22
730.22
1060.94
1060.94
1170.68
1170.68
1079.90
1079.90
1190.00
1190.00
1186.74
1186.74
1194.18
1194.18
1223.34
1223.34
1193.97
1193.97
1201.85
1201.85
637.43
637.43
1134.48
1134.48
711.56
711.56
1180.00
1180.00
1196.72
1196.72
1151.52
1151.52
1193.66
1193.66
1195.48
1195.48
1155.39
1155.39
1182.37
1182.37
1247.26
1247.26
1135.94
1135.94
1219.72
1219.72
1193.82
1193.82
1054.40
1054.40
363.92
363.92
1057.08
1057.08
1173.67
1173.67
1221.38
1221.38
1224.09
1224.09
1164.71
1164.71
1149.36
1149.36
1204.00
1204.00
1161.27
1161.27
1189.82
1189.82
1179.47
1179.47
1177.13
1177.13
1181.99
1181.99
1108.47
1108.47
1208.25
1208.25
1228.45
1228.45
1176.29
1176.29
1100.47
1100.47
1202.17
1202.17
1178.16
