# 1Hz Kbps trace generated by import_real_world_traces.py
1047.87
1047.87
24.71
24.71
14.56
14.56
840.47
1038.48
1038.48
548.81
548.81
20.21
1157.84
1730.98
599.14
599.14
403.62
403.62
403.62
265.20
112.06
112.06
112.06
112.06
150.08
150.08
443.49
811.26
811.26
1132.55
1132.55
113.87
113.87
113.87
293.03
293.03
818.77
818.77
1548.24
1548.24
1548.24
1407.65
1407.65
82.67
82.67
23.58
23.58
859.12
270.45
270.45
391.74
391.74
391.74
27.09
27.09
1131.78
1131.78
750.67
750.67
120.70
120.70
47.75
929.73
929.73
687.81
687.81
687.81
687.81
36.86
1241.75
185.70
1389.81
1389.81
1389.81
119.60
119.60
65.36
65.36
65.36
114.97
443.74
443.74
443.74
47.37
47.37
10.00
10.00
10.00
12.72
1291.14
10.52
10.52
10.52
10.52
1156.15
1156.15
1156.15
10.00
10.00
10.00
12.28
113.20
241.19
241.19
970.32
13.47
13.47
10.00
10.00
10.00
10.00
517.94
517.94
517.94
121.17
121.17
1106.14
366.37
366.37
763.29
948.68
901.09
901.09
671.45
1178.28
1178.28
1178.28
1178.28
1178.28
1178.28
59.41
59.41
134.75
21.14
1156.93
25.98
485.47
485.47
66.46
66.46
66.46
283.75
283.75
283.75
283.75
283.75
283.75
283.75
66.48
66.48
66.48
66.48
344.03
669.88
640.91
104.46
104.46
12.26
131.79
73.22
722.92
388.81
388.81
388.81
388.81
915.99
915.99
915.99
42.06
42.06
52.39
1755.53
1755.53
1347.20
1347.20
1347.20
1347.20
1347.20
1041.23
1742.27
1742.27
67.51
67.51
158.37
1734.49
514.00
2150.97
1433.59
1433.59
567.97
567.97
54.05
194.42
194.42
194.42
333.99
333.99
308.97
308.97
308.97
308.97
787.08
787.08
787.08
495.21
495.21
495.21
495.21
113.02
113.02
113.02
113.02
113.02
382.32
382.32
116.22
116.22
116.22
272.95
113.13
767.76
804.53
804.53
1119.95
1119.95
120.12
120.12
1231.09
2127.41
28.90
28.90
140.46
140.46
23.29
1807.18
1807.18
641.82
641.82
641.82
26.32
26.32
480.25
1273.26
1273.26
1334.59
1334.59
772.16
772.16
772.16
18.08
18.08
18.08
18.08
706.59
706.59
706.59
1364.40
1364.40
656.10
656.10
61.55
61.55
1422.76
1422.76
1422.76
26.97
26.97
478.27
631.55
631.55
1379.48
522.04
522.04
522.04
522.04
522.04
23.37
239.06
239.06
396.86
396.86
396.86
396.86
10.00
111.19
111.19
111.19
10.00
10.00
122.93
33.59
1559.10
1055.85
558.40
558.40
558.40
558.40
558.40
1053.91
1053.91
153.10
1720.52
145.73
145.73
102.29
1732.97
813.91
463.17
506.34
947.51
947.51
741.88
741.88
594.22
594.22
736.04
736.04
1271.68
1271.68
381.86
381.86
292.35
292.35
20.31
20.31
1120.59
1120.59
977.00
977.00
144.19
144.19
58.85
58.85
58.85
58.85
58.85
58.85
58.85
58.85
58.85
58.85
58.85
58.85
566.27
992.36
38.73
10.00
655.90
400.71
1406.81
444.48
22.84
22.84
1246.00
1246.00
546.58
546.58
658.46
658.46
1963.65
1963.65
40.51
40.51
735.58
735.58
39.09
39.09
557.53
557.53
557.53
1700.75
628.80
628.80
12.20
12.20
82.27
82.27
82.27
539.85
1168.14
1168.14
707.99
707.99
25.57
25.57
1521.62
1521.62
212.96
212.96
114.45
114.45
966.40
966.40
409.18
409.18
618.87
618.87
236.08
236.08
236.08
154.85
708.74
708.74
668.89
668.89
641.78
641.78
186.80
186.80
1573.53
1573.53
616.40
616.40
280.12
280.12
1227.68
1227.68
674.09
674.09
674.09
674.09
950.66
950.66
1726.30
1726.30
16.54
583.54
583.54
2053.31
2053.31
1361.04
2336.08
2336.08
98.87
98.87
2067.03
2067.03
107.64
107.64
1739.82
1739.82
690.82
690.82
217.49
217.49
18.60
18.60
18.60
564.04
564.04
564.04
564.04
564.04
68.46
68.46
981.25
981.25
981.25
76.89
76.89
76.89
572.52
572.52
572.52
572.52
572.52
64.15
64.15
10.58
10.58
215.78
215.78
12.51
246.41
246.41
696.26
696.26
696.26
426.48
26.13
34.36
34.36
386.18
589.75
589.75
589.75
589.75
1179.54
1179.54
39.52
39.52
1951.29
1951.29
945.15
