# 1Hz Kbps trace generated by import_real_world_traces.py
857.06
963.19
963.19
1032.61
809.64
1041.81
974.90
955.92
955.92
892.65
892.65
2287.06
2287.06
2379.02
2379.02
2495.03
2495.03
2579.18
2579.18
4589.36
4589.36
219.75
219.75
10.00
10.00
1386.08
1386.08
1035.01
1035.01
1343.39
1343.39
2060.93
2060.93
4346.82
4346.82
908.63
908.63
2005.39
2005.39
5184.49
5184.49
3942.42
3942.42
6658.13
6658.13
7879.22
7879.22
6358.29
6358.29
6469.31
6469.31
5245.00
5245.00
4718.34
4718.34
5908.32
5908.32
98.91
98.91
4820.02
4820.02
4820.02
4820.02
4162.94
4162.94
1119.32
1119.32
244.88
244.88
5501.46
5501.46
4344.88
4344.88
3521.02
3521.02
126.46
126.46
6594.46
6594.46
3220.32
3220.32
4194.87
4194.87
4656.11
4656.11
1425.62
1425.62
7784.38
7784.38
1734.18
1734.18
182.85
182.85
2433.23
2433.23
5217.20
