# 1Hz Kbps trace generated by import_real_world_traces.py
538.73
501.35
342.23
342.23
403.00
403.00
470.98
328.79
328.79
328.79
255.76
255.76
255.76
436.61
436.61
535.77
358.20
358.20
536.80
536.80
15.22
529.47
529.47
490.79
490.79
490.79
529.12
501.03
501.03
543.86
543.86
536.76
536.76
536.76
512.11
512.11
522.46
522.46
462.72
462.72
537.93
537.93
537.93
517.66
517.66
517.66
541.99
532.64
532.64
415.21
415.21
530.55
488.52
488.52
447.40
520.39
520.39
483.14
483.14
468.29
555.88
555.88
555.88
546.51
546.51
546.51
518.14
518.14
518.14
518.14
518.14
518.14
518.14
518.14
37.38
494.50
31.13
55.85
55.85
43.24
509.12
404.28
404.28
18.57
18.57
521.43
264.90
264.90
566.40
566.40
566.40
566.40
36.98
36.98
36.98
36.98
36.98
36.98
12.67
203.73
424.81
73.46
73.46
524.35
36.08
36.08
521.79
276.42
546.72
546.72
49.98
36.58
36.58
530.35
530.35
212.46
212.46
532.31
23.29
23.29
38.59
38.59
402.76
402.76
13.73
13.73
13.73
484.62
484.62
484.62
26.13
26.13
457.65
457.65
457.65
10.00
10.00
10.00
202.62
202.62
538.96
538.96
482.85
482.85
497.66
497.66
497.66
225.30
225.30
225.30
10.00
10.00
10.00
514.16
514.16
13.62
13.62
515.39
515.39
10.00
10.00
548.41
548.41
46.79
46.79
10.00
10.00
496.51
496.51
526.52
526.52
526.52
529.52
20.64
439.55
439.55
509.91
509.91
509.91
523.81
465.75
465.75
465.75
10.00
469.67
469.67
469.67
293.85
293.85
498.87
498.87
94.74
322.87
322.87
322.87
322.87
25.05
525.53
518.99
518.99
518.99
532.92
524.23
524.23
524.23
524.23
43.50
43.50
494.32
494.32
194.01
194.01
194.01
206.68
493.62
493.62
493.62
14.28
529.04
529.04
529.04
13.62
535.39
535.39
520.05
520.05
36.90
36.90
56.44
540.40
540.40
500.96
500.96
500.96
19.08
19.08
20.16
483.04
483.04
483.04
11.56
501.02
501.02
316.47
521.24
521.24
521.24
524.68
524.68
524.68
152.81
152.81
510.92
51.44
51.44
531.50
531.50
531.50
262.04
262.04
214.29
214.29
500.23
500.23
271.71
508.50
508.50
508.50
10.00
10.00
10.00
428.60
428.60
532.21
532.21
16.79
16.79
507.52
507.52
15.72
467.03
467.03
207.61
207.61
19.89
19.89
553.70
553.70
48.99
48.99
530.81
530.81
530.81
35.05
35.05
35.05
12.96
12.96
526.09
526.09
10.00
525.52
525.52
201.49
529.60
529.60
13.89
13.89
13.89
43.61
538.29
538.29
486.12
486.12
486.12
515.81
515.81
28.94
28.94
28.94
28.94
434.15
434.15
10.64
10.64
218.88
24.33
24.33
546.92
546.92
205.21
205.21
19.79
509.85
329.24
329.24
532.90
532.90
532.90
199.96
199.96
199.96
199.96
547.20
547.20
547.20
547.20
547.20
10.00
10.00
35.62
538.34
44.87
44.87
538.78
185.49
185.49
56.36
502.72
502.72
502.72
502.72
180.25
180.25
534.44
534.44
10.00
10.00
529.04
10.00
218.72
449.82
549.57
549.57
549.57
528.03
235.46
505.40
93.35
93.35
223.54
455.97
415.75
415.75
276.25
276.25
58.05
58.05
228.04
228.04
549.26
549.26
10.00
10.00
28.94
28.94
487.92
487.92
487.92
180.87
326.54
326.54
68.20
68.20
28.71
28.71
360.00
360.00
49.54
49.54
72.69
72.69
72.69
72.69
72.69
72.69
72.69
12.30
12.30
12.30
514.85
514.85
541.66
541.66
541.66
10.00
10.00
210.95
474.60
474.60
474.60
10.00
10.00
10.00
276.33
276.33
498.17
498.17
444.99
444.99
444.99
13.81
13.81
512.45
512.45
146.11
146.11
540.98
540.98
15.91
15.91
15.91
20.65
20.65
271.46
271.46
271.46
319.01
319.01
438.35
438.35
438.35
513.67
513.67
513.67
513.67
276.87
276.87
10.00
543.81
10.00
509.38
194.73
253.91
513.68
235.53
235.53
392.77
78.96
78.96
78.96
541.67
541.67
320.85
320.85
326.05
219.45
219.45
217.02
217.02
278.84
278.84
19.85
19.85
19.85
29.43
29.43
376.48
376.48
225.34
274.28
274.28
274.28
27.68
557.37
557.37
56.77
56.77
32.51
32.51
67.73
67.73
48.45
48.45
494.56
494.56
494.56
10.00
202.19
202.19
10.00
10.00
16.74
16.74
326.19
326.19
510.45
510.45
372.70
372.70
372.70
371.15
510.66
510.66
354.87
354.87
354.87
354.87
16.88
520.92
520.92
520.92
17.31
442.26
555.42
555.42
555.42
18.15
18.15
18.15
531.68
212.09
289.58
289.58
289.58
289.58
23.84
23.84
23.84
33.43
33.43
550.75
550.75
550.75
550.75
17.57
17.57
17.57
17.57
17.57
513.67
513.67
513.67
476.01
476.01
290.26
290.26
468.17
41.92
409.64
451.83
474.92
457.58
457.58
282.78
249.04
359.62
359.62
530.45
530.45
34.07
29.89
283.66
283.66
521.03
521.03
521.03
522.47
522.47
223.70
451.17
451.17
12.26
12.26
20.23
20.23
39.24
39.24
386.17
386.17
386.17
532.91
532.91
185.92
185.92
76.45
76.45
495.36
495.36
495.36
495.36
576.80
576.80
576.80
576.80
457.84
457.84
457.84
422.66
422.66
498.57
498.57
15.54
15.54
15.54
14.05
14.05
513.74
513.74
475.90
475.90
177.94
177.94
545.43
545.43
16.93
16.93
16.93
16.93
496.37
496.37
56.12
56.12
534.92
534.92
533.80
541.48
541.48
210.67
210.67
240.20
240.20
12.86
12.86
12.86
22.34
509.87
509.87
288.10
288.10
214.25
500.90
500.90
231.23
231.23
536.30
536.30
536.30
327.60
518.84
518.84
199.51
199.51
10.00
419.75
524.23
524.23
524.23
539.41
539.41
461.36
461.36
403.00
551.46
551.46
328.92
328.92
328.92
298.43
298.43
315.77
315.77
530.69
530.69
530.69
18.49
18.49
34.33
34.33
480.65
480.65
480.65
229.17
229.17
536.16
536.16
35.37
35.37
176.80
534.04
534.04
534.04
10.00
10.00
573.87
573.87
28.58
488.62
305.80
305.80
305.80
305.80
289.50
538.01
538.01
48.65
531.47
531.47
531.47
531.47
531.47
10.00
10.00
10.00
10.00
19.03
19.03
31.95
373.83
411.71
411.71
10.00
522.90
522.90
202.62
202.62
16.81
16.81
531.38
470.76
470.76
546.96
546.96
546.96
12.94
559.44
559.44
39.04
39.04
10.00
526.79
526.79
20.64
523.07
523.07
533.10
33.96
515.49
185.63
553.05
553.05
14.67
14.67
20.10
20.10
286.71
286.71
52.37
52.37
486.84
486.84
10.00
10.00
297.02
297.02
15.37
15.37
66.99
66.99
45.81
45.81
521.98
521.98
527.30
527.30
204.80
204.80
47.32
47.32
515.75
515.75
65.38
65.38
96.75
96.75
165.48
165.48
474.61
474.61
380.69
380.69
21.19
21.19
526.21
526.21
26.29
26.29
505.00
505.00
44.01
44.01
304.90
304.90
14.84
14.84
72.27
72.27
109.43
109.43
61.93
61.93
361.17
361.17
36.46
36.46
20.64
20.64
263.68
263.68
94.30
94.30
212.83
212.83
15.24
15.24
54.70
54.70
58.10
58.10
67.25
67.25
403.00
403.00
33.94
33.94
33.94
538.31
538.31
24.36
24.36
24.36
24.36
455.52
455.52
469.09
469.09
35.68
35.68
482.87
482.87
493.20
493.20
493.20
493.20
515.11
515.11
518.05
518.05
518.05
399.39
399.39
478.16
478.16
478.16
478.16
478.16
11.50
11.50
506.97
506.97
42.02
42.02
49.70
532.79
532.79
202.18
554.53
554.53
22.29
22.29
547.67
547.67
227.48
227.48
111.73
566.91
566.91
33.04
514.38
514.38
290.63
290.63
290.63
10.00
517.43
517.43
514.48
508.53
508.53
508.53
481.77
481.77
468.79
468.79
468.79
468.79
10.00
10.00
10.00
10.00
34.38
488.53
488.53
26.52
26.52
86.33
86.33
32.42
24.62
24.62
573.34
115.78
480.61
480.61
480.61
240.66
488.16
488.16
47.76
47.76
47.76
47.76
223.36
223.36
526.28
526.28
526.28
37.17
37.17
454.92
454.92
10.00
10.00
531.77
521.93
521.93
34.94
625.14
625.14
625.14
275.01
528.68
528.68
25.58
25.58
28.47
489.33
489.33
489.33
37.22
37.22
446.12
446.12
446.12
446.12
15.70
15.70
10.00
10.00
536.69
32.19
493.84
72.43
522.62
522.62
522.62
22.88
22.88
22.88
22.88
58.49
517.57
517.57
517.57
517.57
10.00
504.87
504.87
180.50
180.50
12.38
141.49
141.49
141.49
141.49
37.30
389.40
389.40
10.00
10.00
60.98
60.98
10.00
10.00
10.00
532.16
532.16
55.17
537.93
537.93
13.31
13.31
33.67
494.46
494.46
494.46
10.00
10.00
530.83
530.83
227.00
227.00
227.00
527.34
527.34
196.86
196.86
20.38
20.38
20.38
515.90
515.90
12.71
12.71
550.24
550.24
12.87
12.87
25.02
25.02
497.63
497.63
14.69
14.69
537.54
537.54
537.54
64.16
64.16
64.16
453.01
453.01
453.01
40.81
444.75
561.11
561.11
190.87
536.60
536.60
25.76
25.76
25.76
25.46
525.39
525.39
204.09
204.09
557.90
557.90
532.35
532.35
496.37
496.37
258.66
258.66
258.66
500.46
500.46
75.55
13.34
13.34
519.15
519.15
31.00
31.00
324.34
324.34
324.34
541.01
541.01
235.35
235.35
528.78
458.33
458.33
485.74
485.74
18.34
18.34
21.37
21.37
21.37
44.55
44.55
183.87
183.87
467.05
467.05
467.05
10.00
381.82
445.90
445.90
445.90
11.90
11.90
510.91
510.91
39.04
518.58
518.58
180.83
180.83
14.71
533.91
533.91
10.00
536.88
536.88
536.88
536.88
536.88
211.06
211.06
211.06
211.06
211.06
211.06
211.06
211.06
10.00
10.00
272.87
34.42
532.55
161.41
547.76
547.76
18.80
517.50
517.50
30.63
30.63
524.76
524.76
524.76
524.76
10.00
10.00
202.15
525.95
525.95
30.81
550.52
550.52
550.52
10.00
10.00
10.00
10.00
495.67
495.67
220.47
456.36
456.36
456.36
514.89
514.89
514.89
514.89
514.89
514.89
509.82
509.82
28.07
28.07
28.54
28.54
528.20
528.20
232.67
508.55
508.55
195.06
195.06
195.06
10.00
10.00
449.85
449.85
49.73
526.15
526.15
526.15
526.15
526.15
10.00
523.02
523.02
13.67
13.67
17.42
520.67
190.19
472.96
472.96
337.47
529.88
524.75
524.75
23.12
540.46
540.46
540.46
540.46
12.25
551.94
551.94
375.49
375.49
375.49
234.61
234.61
499.54
499.54
10.00
10.00
450.20
450.20
485.68
485.68
550.84
550.84
389.21
389.21
22.46
552.09
10.00
510.14
533.20
32.85
32.85
10.00
10.00
72.08
72.08
186.61
186.61
15.94
15.94
263.71
263.71
15.05
15.05
34.44
34.44
67.15
67.15
57.52
57.52
57.52
523.30
523.30
523.30
523.30
523.30
44.52
44.52
44.52
29.32
504.12
504.12
41.13
41.13
41.13
522.66
522.66
522.66
215.41
215.41
31.00
508.64
508.64
206.46
206.46
206.46
458.04
458.04
458.04
16.27
16.27
16.27
529.90
529.90
61.85
61.85
66.73
517.11
23.36
23.36
462.80
462.80
10.00
10.00
541.06
541.06
541.06
13.08
13.08
13.08
540.98
10.00
507.79
507.79
270.99
542.09
25.34
25.34
473.18
473.18
473.18
473.18
37.47
37.47
37.47
37.47
37.47
233.11
233.11
496.86
496.86
496.86
496.86
25.16
25.16
25.16
470.04
470.04
439.84
439.84
439.84
454.47
454.47
10.00
10.00
10.00
10.00
10.00
517.90
517.90
39.12
39.12
149.54
34.04
34.04
10.00
10.00
230.32
230.32
305.50
305.50
76.59
76.59
283.82
283.82
61.63
61.63
260.10
260.10
292.88
292.88
292.88
292.88
10.00
10.00
54.50
526.89
526.89
526.89
526.89
526.89
526.89
10.00
521.10
521.10
84.92
84.92
538.00
538.00
156.70
156.70
38.96
578.39
578.39
243.14
243.14
540.94
397.54
397.54
397.54
200.28
200.28
539.23
539.23
204.63
204.63
627.25
627.25
302.70
302.70
302.70
524.72
524.72
274.01
49.29
49.29
49.29
49.29
10.00
10.00
10.00
12.88
531.43
531.43
531.43
53.63
53.63
36.34
36.34
535.74
535.74
535.74
10.00
10.00
547.93
547.93
92.44
92.44
40.30
494.49
494.49
10.00
464.43
464.43
51.37
51.37
499.97
273.73
361.83
531.96
531.96
531.96
31.41
31.41
31.41
31.41
31.41
534.99
473.15
492.39
492.39
329.21
329.21
304.58
304.58
430.16
430.16
430.16
26.69
26.69
26.69
529.38
529.38
529.38
10.00
10.00
10.00
527.34
206.11
524.54
191.93
191.93
530.41
530.41
10.62
52.31
52.31
534.80
534.80
181.03
181.03
181.03
484.49
59.11
59.11
59.11
10.00
10.00
517.11
517.11
41.36
41.36
553.22
553.22
35.69
521.44
521.44
521.44
53.93
53.93
402.37
535.13
535.13
535.13
10.00
10.00
326.96
326.96
326.96
42.47
42.47
490.56
490.56
330.20
330.20
277.11
277.11
495.48
495.48
48.56
48.56
519.02
519.02
227.35
227.35
232.59
232.59
469.72
469.72
469.72
26.00
530.45
530.45
524.33
531.41
531.41
20.78
20.78
20.78
60.70
60.70
490.07
490.07
490.07
12.49
12.49
391.20
523.65
523.65
523.65
10.00
10.00
10.00
475.06
285.47
285.47
435.26
10.00
10.00
533.19
533.19
40.65
40.65
127.05
127.05
127.05
127.05
73.06
73.06
10.00
10.00
528.55
528.55
10.00
220.81
220.81
539.15
539.15
16.21
16.21
466.95
466.95
10.38
10.38
484.07
201.89
201.89
181.01
181.01
181.01
181.01
509.70
509.70
10.00
10.00
522.53
522.53
197.39
197.39
32.36
568.05
568.05
568.05
568.05
27.00
400.99
368.37
504.39
504.39
504.39
17.10
17.10
67.42
67.42
451.57
451.57
451.57
451.57
264.20
264.20
488.44
488.44
39.78
485.42
485.42
18.00
545.28
545.28
545.28
262.05
262.05
500.01
500.01
500.01
240.65
240.65
15.05
15.05
530.89
530.89
553.32
515.70
515.70
515.70
10.00
236.53
236.53
537.07
537.07
26.53
26.53
532.70
532.70
532.70
10.00
502.97
502.97
502.97
74.67
74.67
249.09
417.85
417.85
181.19
473.88
531.55
531.55
53.29
53.29
35.94
35.94
359.07
359.07
506.49
506.49
16.89
16.89
17.70
17.70
503.30
503.30
207.89
207.89
521.09
521.09
521.09
328.55
328.55
225.62
515.10
515.10
515.10
10.00
478.83
478.83
10.00
10.00
575.05
575.05
11.94
11.94
301.58
301.58
518.82
518.82
541.29
541.29
533.48
533.48
232.27
232.27
550.81
550.81
495.80
495.80
70.09
70.09
463.26
463.26
418.72
418.72
523.73
523.73
542.99
542.99
542.99
203.79
203.79
203.79
525.07
525.07
525.07
525.07
525.07
13.46
540.78
540.78
540.78
540.78
194.53
194.53
457.82
457.82
528.27
276.84
276.84
276.84
523.57
523.57
523.57
31.17
31.17
542.24
50.62
50.62
42.19
42.19
42.19
534.50
534.50
10.21
10.21
10.21
515.24
515.24
515.24
13.18
13.18
40.65
439.73
49.76
49.76
279.97
279.97
34.34
506.06
506.06
10.00
12.59
12.59
398.56
324.06
324.06
324.06
534.68
534.68
539.65
539.65
10.00
10.00
453.26
453.26
19.74
19.74
520.44
520.44
219.56
219.56
219.56
545.09
545.09
470.05
470.05
61.74
525.26
525.26
525.26
10.52
10.52
10.52
446.74
482.17
482.17
482.17
22.69
22.69
464.41
459.84
459.84
527.89
527.89
527.89
195.57
195.57
482.81
10.00
262.60
262.60
262.60
525.76
525.76
10.37
10.37
10.37
10.37
445.16
14.17
14.17
18.62
18.62
18.62
36.85
36.85
456.29
518.33
518.33
518.33
12.21
544.28
544.28
544.28
24.85
24.85
10.00
532.22
532.22
189.77
529.89
529.89
529.89
22.47
22.47
22.47
22.47
10.00
527.63
527.63
527.63
10.74
465.44
526.80
550.59
23.02
23.02
28.72
510.17
510.17
510.17
10.00
10.00
10.00
69.57
69.57
16.82
319.90
527.89
527.89
32.98
32.98
189.77
43.14
43.14
522.99
522.99
522.99
27.90
27.90
27.90
27.90
27.90
158.29
526.97
526.97
13.58
452.09
452.09
239.17
239.17
527.55
513.38
513.38
513.38
548.48
548.48
548.48
548.48
461.80
461.80
461.80
10.00
470.99
470.99
39.09
39.09
14.52
520.07
520.07
520.07
520.07
10.00
548.44
548.44
548.44
20.63
20.63
512.21
264.58
264.58
10.00
576.96
576.96
576.96
515.94
526.33
526.33
47.72
47.72
47.72
29.06
531.41
531.41
531.41
18.45
524.49
524.49
524.49
26.73
525.92
525.92
525.92
10.00
10.00
10.00
42.05
42.05
10.00
10.00
74.61
74.61
88.81
88.81
24.65
24.65
10.00
544.11
544.11
544.11
544.11
277.39
522.84
522.84
19.65
410.80
255.47
300.81
300.81
300.81
519.25
519.25
519.25
10.00
10.00
528.54
528.54
260.34
260.34
260.34
497.98
497.98
527.52
532.89
532.89
534.29
477.13
477.13
487.80
487.80
535.41
535.41
61.95
528.54
528.54
10.00
515.68
515.68
21.63
21.63
61.24
492.12
492.12
18.02
555.75
555.75
15.38
15.38
15.38
15.38
537.44
537.44
537.44
537.44
31.69
31.69
31.69
18.94
18.94
534.78
534.78
10.00
10.00
518.76
518.76
19.57
19.57
10.66
10.66
10.66
10.66
495.29
10.00
10.00
227.78
20.54
20.54
522.85
522.85
47.77
47.77
47.77
47.77
118.60
118.60
28.30
28.30
28.30
13.04
539.49
28.51
28.51
11.59
11.59
11.59
14.62
38.07
503.80
503.80
10.00
10.00
43.20
14.35
14.35
10.00
479.32
479.32
11.35
11.35
542.77
542.77
12.44
12.44
363.73
363.73
627.89
627.89
627.89
10.00
10.00
521.59
521.59
468.84
468.84
533.59
533.59
533.59
125.50
125.50
125.50
10.00
10.00
526.63
526.63
526.63
36.27
542.76
23.50
287.00
287.00
253.41
253.41
16.21
512.32
99.32
99.32
293.12
293.12
104.44
104.44
210.98
210.98
500.99
500.99
12.58
12.58
55.36
55.36
37.23
37.23
82.97
82.97
108.38
108.38
69.90
69.90
525.18
525.18
256.51
256.51
20.08
20.08
24.63
24.63
85.68
85.68
68.35
68.35
19.51
19.51
137.48
137.48
546.13
546.13
267.42
267.42
197.17
197.17
250.25
250.25
493.43
493.43
354.58
354.58
352.12
352.12
20.45
20.45
47.65
47.65
620.15
620.15
53.61
53.61
66.03
66.03
610.10
610.10
44.67
44.67
35.50
35.50
12.77
12.77
483.49
483.49
226.78
226.78
10.00
10.00
288.22
288.22
43.87
43.87
35.88
35.88
60.23
60.23
92.77
92.77
42.58
42.58
39.54
39.54
33.23
33.23
10.00
10.00
467.63
467.63
70.20
70.20
27.40
27.40
164.46
164.46
164.46
164.46
164.46
164.46
164.46
26.71
526.74
533.02
533.02
516.80
501.55
501.55
443.26
443.26
545.45
545.45
545.45
516.43
516.43
516.43
505.11
505.11
475.23
475.23
460.17
525.07
525.07
525.07
525.07
532.52
532.52
532.52
532.52
515.92
492.36
492.36
492.36
520.10
520.10
528.00
513.24
513.24
513.24
532.92
532.92
511.65
481.91
481.91
530.04
530.04
535.76
535.76
535.76
532.20
532.20
474.11
474.11
474.11
534.36
534.36
534.36
534.83
534.83
480.11
480.11
480.11
499.48
499.48
507.01
523.50
532.64
532.64
532.64
529.37
529.37
529.37
539.17
539.17
539.17
534.96
534.96
534.95
534.95
534.95
460.86
479.79
479.79
239.68
239.68
525.53
525.53
525.53
551.76
529.75
529.75
516.45
516.45
516.45
516.45
516.45
538.02
531.89
538.39
515.83
507.69
451.31
526.70
526.70
484.53
484.53
544.14
544.14
541.94
541.94
490.56
490.56
540.56
540.56
556.43
556.43
541.71
541.71
564.53
564.53
526.25
526.25
555.14
555.14
526.99
526.99
526.99
526.99
526.99
518.19
518.19
518.19
518.19
518.19
518.19
518.19
518.19
518.19
512.40
528.45
518.70
531.48
531.48
498.96
536.90
536.90
533.96
533.96
492.99
492.99
532.38
541.25
541.25
534.55
534.55
521.62
536.04
536.04
526.58
526.58
542.21
542.21
546.19
496.10
496.10
531.72
531.72
503.52
503.52
533.06
533.06
533.90
533.90
484.34
535.81
535.81
526.31
526.31
487.00
487.00
539.50
539.50
450.00
450.00
538.98
538.98
522.89
522.89
541.91
541.91
505.89
505.89
515.18
515.18
481.49
481.49
512.52
512.52
538.88
538.88
520.45
520.45
521.64
521.64
510.48
510.48
539.07
539.07
456.70
456.70
456.70
519.65
519.65
546.31
546.31
537.64
524.57
524.57
524.57
534.54
534.54
532.97
535.73
535.73
501.34
501.34
551.14
551.14
502.20
502.20
473.29
473.29
522.68
522.68
522.68
510.89
540.61
540.61
530.10
530.10
545.56
545.56
546.53
546.53
519.55
519.55
549.75
549.75
569.60
569.60
512.62
512.62
546.22
546.22
524.69
524.69
539.19
539.19
540.61
540.61
523.59
523.59
548.26
548.26
497.30
497.30
497.30
497.30
506.52
514.31
534.15
534.15
546.42
546.42
546.42
531.24
529.11
529.11
493.57
493.57
493.57
537.79
537.79
537.79
537.79
516.90
516.90
516.90
437.89
437.89
437.89
515.14
486.64
486.64
533.96
533.96
497.51
497.51
549.82
549.82
549.82
514.97
514.97
544.01
544.01
544.01
527.74
527.74
538.85
538.85
538.85
540.09
540.09
540.09
534.55
550.09
501.55
501.55
501.55
478.12
478.12
534.12
509.84
509.84
524.14
524.14
526.55
526.55
531.10
531.10
492.10
492.10
518.95
518.95
518.95
465.93
465.93
549.14
549.14
539.05
531.03
531.03
481.35
481.35
527.66
562.50
527.72
527.72
531.22
531.22
479.07
479.07
507.98
507.98
538.86
538.86
529.95
529.95
500.69
500.69
542.44
542.44
530.45
530.45
531.52
531.52
524.92
524.92
531.43
531.43
513.04
545.50
545.50
524.99
524.99
528.95
528.95
495.81
544.18
544.18
534.42
534.42
520.52
520.52
528.80
528.80
517.07
499.51
499.51
524.30
524.30
503.43
529.11
529.11
529.11
532.39
532.39
480.59
480.59
519.74
519.74
525.35
525.35
487.66
487.66
492.58
492.58
508.27
508.27
539.93
539.93
552.38
552.38
497.70
497.70
540.18
540.18
512.30
512.30
537.46
537.46
537.46
513.92
513.92
535.18
535.18
538.39
538.39
538.39
545.71
545.71
545.71
350.19
350.19
520.49
531.52
531.52
521.53
521.53
531.34
531.34
511.94
511.94
519.39
519.39
547.78
485.01
485.01
476.48
476.48
518.28
518.28
431.52
431.52
528.96
514.97
514.97
535.11
535.11
505.04
505.04
525.09
525.09
538.60
538.60
499.86
499.86
529.22
529.22
508.66
508.66
542.46
542.46
537.08
537.08
532.87
532.87
546.58
546.58
511.00
511.00
534.09
534.09
491.15
491.15
544.91
544.91
522.39
522.39
537.73
537.73
543.88
543.88
501.15
501.15
548.50
548.50
518.46
518.46
531.30
531.30
545.57
545.57
538.02
538.02
525.27
525.27
549.74
549.74
534.45
534.45
523.19
523.19
532.58
532.58
542.74
542.74
538.23
538.23
488.34
488.34
488.34
519.79
519.79
514.68
536.60
536.60
536.60
539.60
539.60
536.70
536.70
536.70
532.72
532.72
503.44
503.44
532.14
532.14
532.14
531.61
531.61
531.61
536.22
536.22
526.04
526.04
526.04
537.01
537.01
537.01
532.95
532.95
532.95
533.94
533.94
550.87
550.87
473.69
473.69
522.18
522.18
522.18
539.82
479.98
531.58
529.35
529.35
520.62
520.62
516.48
516.48
488.40
488.40
523.45
523.45
515.28
533.00
532.88
532.88
520.52
537.80
537.80
500.61
500.61
487.55
534.27
534.27
497.03
529.58
529.58
525.49
525.49
519.69
519.69
534.02
534.02
531.29
531.29
523.99
523.99
521.72
521.72
531.93
531.93
548.71
548.71
534.25
534.25
527.49
527.49
546.50
546.50
528.38
528.38
535.75
535.75
511.05
511.05
493.25
493.25
531.18
531.18
526.37
526.37
523.46
523.46
545.33
545.33
545.52
545.52
530.20
530.20
500.32
500.32
518.64
518.64
505.48
505.48
541.77
541.77
504.77
504.77
538.95
538.95
541.48
541.48
511.88
511.88
543.84
543.84
554.09
554.09
539.41
539.41
539.77
539.77
528.18
528.18
487.79
487.79
518.01
518.01
546.64
546.64
481.52
481.52
535.23
535.23
510.36
510.36
510.36
495.76
495.76
495.76
507.53
504.01
504.01
497.83
544.15
544.15
533.35
533.35
497.05
497.05
544.83
544.83
474.10
474.10
515.34
515.34
478.21
478.21
550.54
550.54
530.34
530.34
524.39
524.39
553.58
553.58
533.20
533.20
513.38
513.38
531.67
531.67
525.10
525.10
525.10
536.61
536.61
516.93
516.93
532.83
475.23
475.23
497.44
497.44
523.95
523.95
506.19
506.19
542.80
542.80
530.24
530.24
464.77
464.77
489.12
489.12
531.07
531.07
545.65
545.65
539.19
539.19
532.13
532.13
514.54
514.54
519.62
519.62
542.48
542.48
534.75
534.75
546.92
546.92
537.27
537.27
522.70
522.70
522.70
532.70
532.70
503.69
503.69
548.92
529.24
529.24
562.01
562.01
530.55
530.55
532.09
532.09
545.79
545.79
534.71
534.71
536.94
536.94
552.10
552.10
508.43
508.43
533.93
533.93
533.93
533.10
533.10
503.02
503.02
526.72
515.05
515.05
516.47
516.47
551.71
551.71
511.66
511.66
488.22
488.22
494.04
494.04
525.31
525.31
544.34
544.34
471.56
471.56
516.14
516.14
528.22
528.22
528.22
473.38
473.38
519.33
519.33
524.65
532.13
532.13
530.93
530.93
541.38
541.38
523.56
523.56
543.71
543.71
449.06
449.06
550.09
550.09
540.55
540.55
510.38
510.38
533.82
533.82
502.19
502.19
525.17
525.17
531.87
531.87
545.26
545.26
541.15
541.15
527.82
527.82
529.70
529.70
527.16
527.16
527.16
467.00
467.00
546.63
478.16
478.16
510.70
510.70
560.40
560.40
525.77
525.77
545.46
545.46
536.26
536.26
527.83
527.83
516.93
516.93
539.06
539.06
539.12
539.12
491.30
491.30
474.19
474.19
530.86
530.86
542.18
542.18
542.18
524.72
524.72
524.72
542.10
516.20
521.19
521.19
539.74
539.74
503.40
503.40
507.40
507.40
548.44
548.44
546.41
546.41
523.03
523.03
559.58
559.58
537.84
537.84
542.36
542.36
547.10
547.10
531.85
531.85
499.92
499.92
530.55
530.55
538.83
538.83
488.09
488.09
535.72
535.72
542.42
542.42
516.31
516.31
537.37
537.37
542.02
542.02
534.33
534.33
477.63
477.63
524.78
524.78
494.82
494.82
531.36
531.36
529.18
529.18
476.46
476.46
559.31
559.31
559.31
445.03
445.03
445.03
445.03
529.43
529.43
523.88
523.88
523.88
523.70
523.70
529.27
529.27
450.04
450.04
450.04
450.04
450.04
450.04
539.69
539.69
535.45
535.45
492.92
492.92
492.92
536.59
536.59
535.87
535.87
521.18
521.18
541.12
541.12
535.58
535.58
535.58
506.79
518.86
530.42
555.04
498.38
509.05
532.05
524.08
524.08
536.58
516.47
516.47
546.63
546.63
536.58
536.58
542.41
542.41
476.71
476.71
514.67
514.67
537.55
537.55
525.30
525.30
448.69
448.69
552.69
552.69
525.13
525.13
507.13
507.13
462.30
462.30
513.64
513.64
486.71
486.71
539.68
539.68
526.11
526.11
554.40
554.40
538.13
538.13
537.38
537.38
526.10
526.10
506.90
506.90
534.91
534.91
482.52
482.52
537.37
537.37
529.75
529.75
573.98
573.98
539.44
539.44
485.68
485.68
543.70
543.70
537.21
537.21
519.42
519.42
546.30
546.30
527.53
527.53
463.90
463.90
522.28
522.28
518.27
518.27
522.49
522.49
552.15
552.15
514.12
514.12
514.12
488.73
488.73
545.96
545.96
529.94
529.94
529.45
527.46
527.46
536.83
536.83
538.78
538.78
530.46
530.46
487.42
487.42
513.84
513.84
531.45
531.45
450.21
450.21
572.01
572.01
507.52
507.52
543.68
543.68
534.45
534.45
453.00
453.00
453.00
527.40
538.12
538.12
531.09
531.09
526.35
526.35
508.14
508.14
506.57
506.57
533.91
533.91
510.06
510.06
510.06
527.53
527.53
537.32
534.79
534.79
11.05
11.05
530.29
530.29
504.25
504.25
547.90
547.90
531.28
531.28
514.86
514.86
507.42
507.42
497.06
497.06
520.93
520.93
516.74
516.74
537.27
537.27
528.34
528.34
541.19
541.19
466.11
466.11
536.08
536.08
485.96
485.96
539.00
539.00
531.71
531.71
545.23
545.23
534.48
534.48
556.84
556.84
531.15
531.15
550.91
550.91
490.70
490.70
493.84
493.84
541.29
541.29
451.96
451.96
556.88
556.88
521.34
521.34
544.48
544.48
525.85
525.85
553.52
553.52
485.79
485.79
501.20
501.20
540.29
540.29
544.43
544.43
549.19
549.19
559.64
559.64
516.15
516.15
530.08
530.08
535.49
535.49
544.40
544.40
521.94
521.94
472.69
472.69
551.41
551.41
535.24
535.24
523.55
523.55
522.86
522.86
477.13
477.13
481.29
481.29
519.43
519.43
533.15
533.15
533.15
528.88
508.25
508.25
550.92
550.92
530.35
530.35
498.01
498.01
525.27
525.27
545.13
545.13
523.73
523.73
523.73
521.91
525.01
525.01
529.18
529.18
523.36
523.36
528.45
528.45
517.90
517.90
467.38
467.38
484.42
484.42
531.48
531.48
529.45
529.45
544.86
544.86
526.35
526.35
544.72
544.72
506.45
506.45
528.57
528.57
556.30
556.30
518.63
518.63
526.64
526.64
546.19
546.19
546.19
475.58
475.58
514.27
514.27
488.82
488.82
530.48
520.38
520.38
535.66
535.66
528.44
528.44
522.26
522.26
555.50
555.50
535.13
535.13
491.92
491.92
535.67
535.67
526.43
526.43
541.57
541.57
477.58
477.58
522.17
522.17
535.89
535.89
535.89
533.73
533.73
493.32
512.43
512.43
518.43
518.43
523.63
523.63
466.78
466.78
466.78
535.19
501.53
501.53
501.53
519.21
519.21
519.21
544.39
504.77
504.77
541.71
549.26
549.26
545.72
545.72
545.93
545.93
508.30
508.30
543.74
543.74
503.45
503.45
554.60
554.60
535.09
535.09
534.54
534.54
531.27
531.27
537.25
537.25
456.44
456.44
456.44
487.98
523.52
523.52
523.52
503.42
503.42
516.87
516.87
511.78
511.78
545.33
545.33
525.50
525.50
536.75
536.75
530.43
530.43
506.11
506.11
526.43
526.43
492.40
492.40
520.05
520.05
526.17
526.17
518.75
518.75
560.21
560.21
483.60
483.60
543.34
525.46
525.46
525.46
455.17
455.17
541.62
541.62
541.62
464.02
464.02
527.60
527.60
541.81
522.52
522.52
519.04
519.04
530.19
530.19
464.64
464.64
530.29
530.29
535.10
535.10
525.73
525.73
541.78
541.78
549.38
549.38
514.70
514.70
555.72
555.72
456.78
456.78
530.40
530.40
498.93
498.93
518.92
518.92
526.44
526.44
547.93
547.93
470.62
470.62
528.56
528.56
534.22
534.22
540.21
540.21
523.14
523.14
536.22
536.22
511.62
511.62
541.87
541.87
534.41
534.41
544.57
544.57
516.76
516.76
542.89
542.89
470.88
470.88
540.08
540.08
497.74
497.74
538.50
538.50
539.05
539.05
514.45
514.45
534.71
534.71
545.13
545.13
531.79
531.79
537.57
537.57
511.34
511.34
530.30
530.30
518.35
518.35
493.13
493.13
533.54
533.54
534.25
534.25
522.55
522.55
536.47
536.47
509.96
509.96
447.91
447.91
519.91
519.91
539.33
539.33
494.80
494.80
517.08
517.08
510.40
510.40
534.32
534.32
523.98
523.98
500.66
500.66
489.23
489.23
567.23
567.23
535.51
535.51
541.54
541.54
524.31
524.31
517.79
517.79
563.92
563.92
534.05
534.05
512.48
512.48
525.47
525.47
537.66
537.66
519.90
519.90
556.72
556.72
503.37
503.37
534.02
534.02
499.68
499.68
532.08
532.08
471.99
471.99
479.15
479.15
488.18
488.18
527.59
527.59
496.49
496.49
541.67
541.67
513.80
513.80
519.83
519.83
513.46
513.46
542.30
542.30
533.02
533.02
536.15
536.15
529.62
529.62
556.59
556.59
571.12
571.12
464.38
464.38
556.27
556.27
527.03
527.03
550.37
550.37
528.99
528.99
478.99
478.99
515.88
515.88
538.04
538.04
527.43
527.43
520.25
520.25
549.64
549.64
536.07
536.07
518.16
518.16
524.85
524.85
530.78
530.78
525.76
525.76
531.46
531.46
552.57
552.57
463.94
463.94
484.49
484.49
490.52
490.52
531.72
531.72
502.62
502.62
547.50
547.50
529.34
529.34
535.96
535.96
549.78
549.78
499.49
499.49
536.54
536.54
499.06
499.06
499.06
522.71
522.71
522.71
511.25
511.25
511.25
531.50
534.82
542.33
524.07
524.07
528.67
528.67
524.00
524.00
536.24
536.24
541.33
541.33
549.53
549.53
549.53
549.53
549.53
549.53
510.81
510.81
510.81
510.81
510.81
517.21
528.09
528.09
528.09
538.94
538.94
504.72
504.72
504.72
504.72
504.72
520.72
524.35
530.08
530.08
517.95
517.95
489.55
476.24
536.96
538.01
538.01
521.62
521.62
492.88
502.92
502.92
501.37
501.37
501.37
513.52
540.70
540.70
510.30
510.30
524.97
524.97
543.10
543.10
484.02
484.02
514.35
514.35
517.79
517.79
543.28
543.28
542.64
542.64
542.64
498.96
498.96
542.88
522.35
522.35
510.45
510.45
507.42
507.42
518.03
518.03
538.61
538.61
552.24
552.24
510.67
510.67
552.13
552.13
534.47
534.47
541.48
541.48
556.45
556.45
472.94
472.94
533.50
533.50
527.62
527.62
464.22
464.22
523.20
523.20
533.96
533.96
499.74
499.74
552.13
552.13
533.54
533.54
534.71
534.71
536.66
536.66
499.67
499.67
549.42
549.42
529.28
529.28
539.71
539.71
525.59
525.59
544.64
544.64
557.76
557.76
502.30
502.30
517.33
517.33
507.35
507.35
497.94
497.94
530.66
530.66
533.22
533.22
560.88
560.88
536.67
536.67
525.79
525.79
506.09
506.09
534.19
534.19
502.90
502.90
480.72
480.72
549.45
549.45
541.13
541.13
536.63
536.63
516.39
516.39
520.51
520.51
542.36
542.36
542.36
542.36
550.19
550.19
533.66
533.66
561.30
561.30
503.06
503.06
540.80
540.80
568.59
568.59
531.23
531.23
509.70
509.70
450.30
450.30
518.61
518.61
533.62
533.62
507.22
507.22
499.53
499.53
548.92
548.92
554.63
554.63
516.30
516.30
504.59
504.59
510.52
510.52
518.37
518.37
478.52
478.52
525.86
525.86
547.64
547.64
532.24
532.24
487.44
487.44
528.72
528.72
534.94
534.94
538.02
538.02
557.06
557.06
538.61
538.61
523.54
523.54
526.88
526.88
521.03
521.03
545.71
545.71
536.48
536.48
526.62
526.62
528.74
528.74
546.70
546.70
390.01
390.01
518.77
518.77
518.77
454.94
454.94
525.05
527.79
527.79
548.54
548.54
540.62
540.62
529.74
529.74
506.62
506.62
500.22
500.22
505.95
505.95
537.88
537.88
519.50
519.50
505.67
505.67
548.25
548.25
566.32
566.32
524.06
524.06
537.86
537.86
514.12
514.12
535.54
535.54
535.89
535.89
533.24
533.24
515.47
515.47
547.13
547.13
521.91
521.91
551.46
551.46
538.26
538.26
558.73
558.73
530.92
530.92
480.12
480.12
535.96
535.96
523.99
523.99
516.72
516.72
522.25
