# 1Hz Kbps trace generated by import_real_world_traces.py
932.92
932.92
150.58
932.40
513.73
937.36
715.01
450.86
983.97
983.97
443.20
443.20
443.20
876.57
876.57
936.22
817.27
989.69
891.50
283.92
283.92
283.92
450.34
713.89
713.89
220.18
220.18
972.13
972.13
16.28
16.28
901.94
901.94
940.32
940.32
962.32
962.32
63.20
63.20
830.33
830.33
830.33
959.06
959.06
63.87
63.87
582.74
582.74
1003.86
1003.86
1003.86
32.67
32.67
823.03
916.51
916.51
983.75
983.75
873.71
873.71
947.27
947.27
974.11
974.11
262.86
262.86
821.95
821.95
821.95
821.95
501.11
501.11
227.00
853.04
853.04
853.04
975.94
661.62
661.62
488.64
488.64
488.64
521.47
521.47
521.47
982.30
982.30
982.30
962.37
973.73
973.87
973.87
974.99
287.95
287.95
963.52
1000.49
1000.49
55.35
55.35
950.35
950.35
961.61
961.61
907.77
907.77
987.05
987.05
981.75
981.75
981.75
941.30
941.30
941.30
521.00
521.00
521.00
937.84
937.84
937.84
937.84
22.19
22.19
217.66
217.66
863.24
863.24
863.24
863.24
144.92
144.92
975.49
975.49
747.93
747.93
1063.84
1063.84
870.74
870.74
870.74
870.74
991.41
991.41
186.62
186.62
30.63
890.00
55.31
55.31
55.31
55.31
801.47
801.47
842.17
842.17
842.17
966.65
966.65
966.65
983.00
983.00
864.73
271.67
271.67
68.05
68.05
957.03
957.03
299.77
299.77
956.21
943.56
943.56
13.95
13.95
13.95
520.78
520.78
240.72
240.72
10.00
521.37
521.37
64.55
16.70
16.70
16.70
612.64
612.64
1013.12
1013.12
1050.42
1050.42
1050.42
462.34
462.34
703.26
703.26
703.26
486.53
752.22
199.76
199.76
976.63
976.63
977.07
977.07
794.05
794.05
39.78
39.78
39.78
250.46
250.46
250.46
993.38
993.38
105.30
105.30
105.30
41.45
187.88
187.88
12.44
12.44
859.67
988.96
988.96
988.96
946.61
946.61
946.61
168.10
168.10
168.10
898.55
898.55
971.22
971.22
56.93
970.92
970.92
186.55
186.55
945.66
26.18
26.18
29.96
313.94
313.94
24.97
957.43
957.43
798.84
798.84
798.84
153.38
153.38
153.38
929.22
929.22
929.22
1007.56
1007.56
39.62
39.62
637.83
599.11
599.11
599.11
153.62
153.62
201.87
201.87
201.87
924.69
924.69
901.08
818.14
818.14
291.31
291.31
428.81
1001.09
1001.09
999.45
999.45
435.10
435.10
281.89
416.59
416.59
841.83
841.83
841.83
587.41
587.41
587.41
717.23
717.23
717.23
303.36
303.36
494.58
66.85
66.85
954.60
982.64
982.64
823.19
823.19
467.95
467.95
467.95
668.91
668.91
668.91
367.38
367.38
973.06
147.96
147.96
147.96
147.96
135.14
973.98
983.25
983.25
964.51
962.34
962.34
962.34
1007.37
1007.37
699.17
699.17
991.74
991.74
962.96
962.96
44.04
44.04
84.69
84.69
804.86
804.86
804.86
841.92
841.92
157.01
157.01
157.01
225.48
225.48
202.87
202.87
202.87
22.48
322.57
912.76
53.92
968.42
977.15
977.15
977.15
862.18
862.18
862.18
948.57
948.57
948.57
948.57
137.32
137.32
137.32
157.47
157.47
133.17
133.17
467.18
950.37
622.89
622.89
970.32
970.32
970.32
416.31
416.31
889.70
889.70
478.87
478.87
478.87
953.27
971.00
971.00
971.00
873.53
59.59
59.59
515.85
515.85
13.94
13.94
546.99
546.99
926.13
926.13
959.61
959.61
886.56
886.56
886.56
55.77
55.77
55.77
968.50
968.50
303.42
510.96
510.96
429.11
429.11
49.86
49.86
49.86
49.86
910.65
910.65
622.04
546.88
546.88
959.89
880.79
880.79
954.45
954.45
967.69
16.73
16.73
965.03
958.69
958.69
958.69
958.69
961.83
961.83
437.54
437.54
660.84
660.84
660.84
60.60
60.60
917.21
917.21
926.11
196.03
196.03
894.69
151.23
151.23
151.23
659.95
659.95
659.95
659.95
449.85
449.85
449.85
291.64
291.64
298.14
954.06
954.06
66.88
66.88
66.88
642.49
642.49
980.69
980.69
909.74
909.74
957.61
957.61
149.00
149.00
902.44
902.44
902.44
902.44
302.09
302.09
245.01
245.01
1033.58
1033.58
1033.58
499.52
988.92
988.92
988.92
135.38
135.38
977.74
67.32
67.32
846.40
846.40
250.55
1051.66
531.05
934.49
934.49
785.32
785.32
785.32
68.15
68.15
971.33
971.33
103.95
103.95
1024.86
1024.86
1024.86
899.25
899.25
899.25
136.45
136.45
136.45
136.45
917.42
917.42
970.94
970.94
592.32
955.35
945.53
945.53
298.94
966.32
967.41
214.17
451.21
451.21
970.83
970.83
891.34
891.34
948.49
948.49
957.01
957.01
962.00
962.00
905.40
905.40
987.39
987.39
744.23
744.23
132.29
132.29
914.19
914.19
851.30
851.30
962.50
962.50
962.38
962.38
89.58
89.58
980.37
980.37
309.83
309.83
969.47
969.47
955.01
955.01
960.78
960.78
857.12
857.12
230.37
230.37
77.04
77.04
63.11
63.11
972.76
972.76
985.12
985.12
978.07
978.07
890.88
890.88
165.40
165.40
496.70
496.70
29.68
29.68
976.75
976.75
640.03
640.03
936.61
936.61
1014.19
1014.19
971.41
971.41
22.33
22.33
955.91
955.91
55.90
55.90
454.19
454.19
234.08
234.08
22.67
22.67
22.67
22.67
22.67
22.67
22.67
22.67
22.67
962.82
962.82
962.82
962.82
962.82
962.82
962.82
962.82
962.82
962.82
962.82
469.91
964.62
427.30
508.81
830.01
961.41
446.42
446.42
960.51
960.51
964.70
964.70
952.47
881.04
881.04
970.13
970.13
970.02
970.02
30.52
30.52
1026.76
1026.76
1026.76
1026.76
639.07
639.07
928.47
928.47
928.47
646.68
646.68
646.68
646.68
646.68
646.68
646.68
646.68
646.68
646.68
646.68
646.68
843.22
843.22
456.05
456.05
68.34
850.75
301.76
929.83
929.83
932.20
932.20
997.31
997.31
750.05
750.05
750.05
750.05
897.62
897.62
907.12
907.12
44.35
44.35
44.35
44.35
109.23
109.23
521.82
521.82
876.16
575.35
896.06
896.06
629.00
629.00
629.00
819.05
819.05
100.66
100.66
863.77
863.77
66.77
66.77
428.38
428.38
428.38
942.59
942.59
942.59
928.58
928.58
720.02
720.02
581.97
581.97
525.02
807.74
807.74
807.74
162.91
300.95
959.66
959.66
959.66
906.16
906.16
967.64
922.65
873.91
760.32
760.32
884.50
884.50
38.44
38.44
60.07
60.07
955.80
955.80
907.05
907.05
744.42
744.42
744.42
735.58
735.58
735.58
479.50
479.50
479.50
479.50
1025.75
1025.75
342.70
342.70
437.09
437.09
354.53
895.13
375.77
10.00
10.00
979.50
979.50
979.50
979.50
634.37
634.37
941.09
941.09
14.71
14.71
14.71
783.06
88.68
872.74
872.74
345.12
345.12
695.10
695.10
945.11
945.11
788.55
788.55
788.55
788.55
788.55
788.55
701.24
1019.14
947.43
869.95
644.07
644.07
538.32
538.32
399.94
399.94
399.94
399.94
999.73
941.74
941.74
976.18
976.18
885.89
885.89
885.89
425.30
425.30
425.30
53.02
53.02
952.48
952.48
945.57
16.87
308.71
902.20
891.11
891.11
66.60
66.60
66.60
914.19
914.19
875.90
875.90
970.21
970.21
712.77
712.77
712.77
184.42
184.42
990.61
990.61
44.87
44.87
998.67
998.67
13.49
13.49
905.90
928.02
928.02
225.05
225.05
925.41
925.41
931.39
931.39
931.39
931.80
941.40
941.40
958.27
958.27
958.27
901.93
47.66
47.66
929.00
929.00
959.29
959.29
180.84
180.84
1042.32
1042.32
938.05
938.05
423.07
423.07
956.51
956.51
956.51
961.64
961.64
121.60
121.60
716.78
716.78
716.78
241.15
241.15
241.15
985.40
965.90
965.90
22.74
992.95
992.95
992.95
107.78
107.78
107.78
55.75
55.75
19.89
1036.99
1036.99
699.83
699.83
699.83
937.44
429.92
973.17
189.50
967.95
328.89
932.83
939.88
1007.68
741.84
65.62
920.66
955.75
955.75
931.55
931.55
983.23
983.23
447.98
447.98
905.46
905.46
908.85
908.85
83.71
83.71
117.92
117.92
957.88
957.88
112.15
112.15
13.25
13.25
429.86
429.86
10.00
10.00
217.79
217.79
217.79
891.25
891.25
67.36
973.45
973.45
1037.94
1037.94
972.18
972.18
224.99
224.99
607.72
607.72
964.30
964.30
964.28
964.28
387.45
387.45
12.66
12.66
450.70
450.70
259.57
259.57
13.33
13.33
969.32
969.32
945.54
945.54
968.37
968.37
943.96
943.96
26.14
26.14
26.14
985.61
30.48
30.48
996.11
996.11
965.93
965.93
167.81
167.81
304.12
304.12
956.97
956.97
955.67
955.67
954.11
954.11
997.31
997.31
978.42
978.42
938.46
938.46
971.27
971.27
23.31
23.31
23.31
939.97
939.97
22.54
22.54
947.88
947.88
334.33
334.33
839.70
879.00
879.00
958.69
958.69
461.11
461.11
27.36
27.36
25.16
25.16
498.50
498.50
814.47
814.47
814.47
979.52
979.52
970.64
970.64
933.09
933.09
839.31
839.31
522.73
522.73
522.73
522.73
551.94
551.94
551.94
44.53
44.53
44.53
921.66
921.66
970.39
970.39
107.71
107.71
107.71
816.74
816.74
384.08
384.08
384.08
384.08
508.13
508.13
508.13
508.13
909.75
909.75
909.75
825.69
825.69
307.66
307.66
945.49
452.33
253.47
253.47
253.47
883.16
883.16
89.62
89.62
89.62
378.02
758.15
930.35
930.35
930.35
930.35
929.44
929.44
853.86
941.47
941.47
117.11
25.39
900.94
900.94
63.01
63.01
63.01
959.14
959.14
959.14
962.00
962.00
962.00
962.00
10.00
873.40
873.40
873.40
33.33
65.35
65.35
115.97
688.08
688.08
541.97
541.97
123.16
123.16
123.16
945.45
945.45
945.45
415.70
415.70
823.26
823.26
960.59
51.42
51.42
51.42
100.75
100.75
913.08
1023.04
935.67
935.67
207.69
469.92
27.90
27.90
929.33
929.33
929.33
54.24
54.24
196.79
404.98
404.98
404.98
964.78
964.78
964.78
964.78
891.16
891.16
218.72
218.72
963.18
963.18
963.18
72.84
72.84
132.98
43.74
43.74
281.81
55.90
173.70
173.70
173.70
173.70
103.00
103.00
184.78
184.78
872.64
872.64
440.49
33.37
33.37
396.15
396.15
118.88
118.88
410.29
410.29
410.29
959.44
959.44
919.68
919.68
937.19
937.19
948.80
913.22
913.22
115.95
561.83
561.83
561.83
509.30
509.30
509.30
179.32
179.32
28.91
28.91
303.05
303.05
455.25
1095.66
201.70
432.42
835.62
835.62
835.62
260.21
260.21
260.21
260.21
106.40
106.40
106.40
1010.72
1010.72
281.81
281.81
281.81
169.50
169.50
169.50
169.50
169.50
148.88
148.88
928.30
718.12
718.12
718.12
975.54
1002.95
428.52
949.46
949.46
700.24
700.24
961.19
961.19
696.97
696.97
337.47
337.47
585.38
961.96
961.96
961.96
717.84
717.84
271.92
271.92
971.01
971.01
958.20
958.20
52.07
52.07
853.84
853.84
853.84
152.94
152.94
194.77
194.77
910.82
910.82
910.82
140.16
140.16
83.00
959.61
959.61
959.61
959.61
76.70
1024.66
1024.66
692.88
957.30
942.31
942.31
948.72
948.72
948.72
948.72
232.89
232.89
232.89
953.55
953.55
953.55
967.93
967.93
967.93
931.93
979.78
947.53
947.53
871.21
871.21
871.21
871.21
26.79
26.79
680.32
973.94
292.85
292.85
890.03
890.03
890.03
1011.38
1011.38
583.98
583.98
1000.40
864.75
952.57
621.07
964.06
964.06
959.51
959.51
602.59
602.59
602.59
960.19
960.19
960.19
960.19
960.19
960.19
871.28
871.28
871.28
871.28
871.28
112.35
112.35
112.35
431.00
431.00
431.00
431.00
418.57
732.46
732.46
981.76
981.76
981.76
15.80
980.26
980.26
358.74
558.56
558.56
558.56
313.58
313.58
313.58
89.75
89.75
89.75
89.75
910.60
910.60
910.60
980.77
980.77
911.93
17.02
611.75
611.75
920.22
131.69
131.69
933.11
999.18
999.18
79.43
79.43
79.43
79.43
589.51
589.51
589.51
589.51
589.51
589.51
927.98
927.98
861.39
947.89
947.89
476.64
499.17
236.04
802.35
904.03
424.25
351.07
351.07
213.36
213.36
975.12
975.12
958.67
958.67
616.64
616.64
209.35
209.35
955.32
955.32
955.86
955.86
976.48
976.48
280.12
280.12
166.78
166.78
971.37
971.37
951.61
951.61
976.37
976.37
65.97
65.97
957.56
957.56
965.69
965.69
995.95
995.95
965.66
965.66
121.16
121.16
962.17
962.17
213.48
213.48
810.91
810.91
84.02
84.02
970.58
970.58
266.29
266.29
963.71
963.71
940.91
940.91
68.34
68.34
315.78
315.78
315.78
315.78
315.78
637.16
637.16
637.16
637.16
637.16
637.16
637.16
637.16
65.22
65.22
407.71
931.97
952.70
974.66
974.66
923.83
923.83
591.18
956.04
36.43
999.18
941.73
941.73
214.36
214.36
978.39
978.39
179.07
179.07
969.55
969.55
533.73
533.73
896.39
896.39
955.65
955.65
550.85
550.85
550.85
550.85
550.85
550.85
861.69
861.69
861.69
861.69
915.41
915.41
915.41
915.41
963.07
995.23
116.94
975.69
945.74
945.74
896.99
896.81
707.27
707.27
167.60
167.60
473.81
473.81
949.93
949.93
130.96
130.96
915.96
915.96
928.45
928.45
708.00
708.00
708.00
708.00
34.89
34.89
34.89
34.89
955.42
955.42
955.42
955.42
955.42
696.63
696.63
696.63
696.63
104.57
104.57
104.57
942.93
942.93
938.21
938.21
836.99
836.99
836.99
983.06
983.06
50.14
50.14
50.14
924.82
947.44
937.62
920.76
381.45
381.45
971.80
971.80
938.75
938.75
827.49
827.49
827.49
1022.60
1022.60
946.35
946.35
1008.67
1008.67
1008.67
926.11
926.11
962.80
962.80
962.80
976.36
976.36
976.36
27.71
27.71
27.71
798.60
798.60
919.11
919.11
370.35
370.35
370.35
370.35
523.34
523.34
523.34
1018.39
1018.39
619.47
619.47
619.47
199.73
199.73
879.50
963.03
961.79
449.14
968.43
968.43
968.43
987.89
987.89
987.89
987.89
70.82
70.82
70.82
416.75
416.75
416.75
1008.73
1008.73
389.63
389.63
927.54
927.54
890.54
745.85
745.85
200.75
200.75
965.05
965.05
668.85
668.85
668.85
976.67
976.67
976.67
892.86
892.86
892.86
70.88
70.88
927.54
225.33
130.72
130.72
1057.93
585.87
436.92
436.92
949.17
949.17
317.43
952.34
942.77
942.77
121.68
860.62
955.13
955.13
955.13
948.23
948.23
897.18
897.18
203.39
203.39
976.21
958.07
958.07
958.07
835.02
835.02
111.29
111.29
1017.13
1017.13
13.99
13.99
968.07
968.07
121.87
121.87
22.27
22.27
305.17
305.17
442.34
442.34
78.10
78.10
946.81
946.81
913.93
913.93
45.05
45.05
16.40
16.40
999.80
999.80
25.86
25.86
959.32
959.32
964.10
964.10
954.05
954.05
969.59
969.59
947.16
947.16
596.57
596.57
486.02
486.02
976.22
976.22
997.79
997.79
1012.71
1012.71
978.71
978.71
612.00
612.00
928.82
928.82
598.80
598.80
928.71
928.71
1001.41
1001.41
495.71
495.71
60.20
60.20
953.74
953.74
590.22
590.22
721.38
721.38
946.10
946.10
979.44
979.44
14.75
14.75
957.28
957.28
976.57
976.57
957.34
957.34
24.72
24.72
144.05
144.05
67.54
67.54
82.78
82.78
982.84
982.84
931.33
931.33
984.75
984.75
944.71
944.71
945.75
945.75
608.98
608.98
120.05
120.05
749.06
749.06
949.54
949.54
967.89
967.89
889.14
889.14
317.43
317.43
926.02
926.02
566.60
566.60
197.89
197.89
946.66
946.66
184.14
184.14
848.35
848.35
177.29
177.29
794.54
794.54
794.54
972.45
972.45
972.45
972.45
972.45
972.45
89.36
89.36
89.36
89.36
667.28
667.28
667.28
781.54
781.54
781.54
781.54
781.54
962.51
962.51
916.31
916.31
916.31
356.75
949.72
967.76
967.76
967.76
65.31
65.31
899.87
937.26
937.26
937.26
937.26
14.67
14.67
14.67
14.67
816.41
816.41
816.41
154.13
128.05
128.05
959.79
328.31
328.31
993.28
993.28
895.15
895.15
895.15
979.24
979.24
712.24
712.24
930.52
930.52
985.62
985.62
650.52
650.52
150.90
150.90
712.98
712.98
712.98
712.98
922.63
569.89
131.72
154.17
154.17
732.79
22.25
22.25
799.27
799.27
824.04
15.26
15.26
253.34
921.90
921.90
151.78
151.78
125.58
264.42
264.42
946.00
994.13
994.13
994.13
174.30
174.30
174.30
30.28
30.28
30.28
973.23
973.23
973.23
973.23
342.38
342.38
342.38
61.49
61.49
117.32
117.32
117.32
57.11
57.11
328.91
696.34
796.98
796.98
927.36
950.04
950.04
950.04
892.45
892.45
64.51
968.11
968.11
968.11
175.47
175.47
175.47
175.47
711.06
869.46
869.46
676.91
676.91
638.88
154.44
987.69
987.69
987.69
985.72
985.72
985.72
985.72
983.06
907.46
907.46
907.46
31.75
31.75
947.82
947.82
1009.51
956.13
956.13
705.52
892.28
892.28
892.28
1038.18
1038.18
1038.18
577.46
577.46
577.46
577.46
285.98
285.98
100.27
100.27
537.45
974.68
974.68
147.88
147.88
147.88
82.65
890.94
890.94
890.94
866.96
866.96
866.96
24.53
24.53
24.53
922.88
922.88
643.70
643.70
643.70
201.94
440.53
956.33
967.29
942.39
716.74
735.18
912.19
912.19
912.19
23.46
23.46
23.46
601.13
601.13
601.13
601.13
944.43
944.43
944.43
77.87
77.87
77.87
948.87
948.87
765.87
765.87
970.48
59.17
943.51
943.51
408.77
408.77
152.67
152.67
637.66
637.66
959.21
959.21
973.74
973.74
973.74
887.56
887.56
635.22
323.27
962.48
962.48
962.48
1000.83
1000.83
1000.83
974.01
974.01
974.01
183.25
183.25
183.25
937.80
937.80
517.83
517.83
50.89
50.89
946.65
254.11
254.11
397.65
397.65
397.65
127.66
824.71
824.71
617.91
944.05
944.05
1003.88
1003.88
1003.88
1003.88
940.15
940.15
940.15
976.73
976.73
946.95
946.95
1038.21
638.36
995.59
995.59
900.81
900.81
900.81
88.32
88.32
67.29
67.29
300.22
967.20
967.20
358.34
358.34
812.15
812.15
93.38
93.38
93.38
249.31
249.31
249.31
249.31
106.83
174.02
350.72
350.10
317.38
317.38
317.38
317.38
163.98
163.98
163.98
899.24
54.41
54.41
54.41
54.41
243.59
243.59
252.28
42.61
42.61
42.61
170.47
989.10
851.92
821.59
821.59
74.87
74.87
774.46
774.46
939.76
923.08
923.08
26.87
26.87
26.87
26.87
193.33
193.33
193.33
16.02
16.02
167.37
167.37
772.96
392.68
19.18
19.18
823.65
673.30
28.07
896.88
42.27
906.46
906.46
339.53
339.53
991.64
991.64
920.07
920.07
890.64
890.64
982.82
982.82
964.13
964.13
837.38
837.38
414.71
414.71
987.94
987.94
85.96
85.96
953.55
953.55
89.05
89.05
632.40
632.40
230.93
230.93
866.40
866.40
963.38
963.38
966.41
966.41
936.50
936.50
22.19
22.19
74.08
74.08
969.53
969.53
934.03
934.03
877.13
877.13
953.81
953.81
953.81
967.56
946.52
946.52
967.93
967.93
967.93
1018.33
1018.33
885.12
1007.91
1007.91
993.86
993.86
66.77
66.77
12.90
12.90
579.72
579.72
959.19
959.19
371.17
371.17
435.56
435.56
927.54
927.54
50.62
50.62
920.12
920.12
414.61
414.61
972.20
972.20
583.94
583.94
583.94
623.07
971.42
971.42
153.27
153.27
941.47
941.47
976.31
976.31
387.01
387.01
44.66
44.66
63.02
63.02
950.42
950.42
29.23
29.23
76.84
76.84
76.84
76.84
987.76
987.76
967.41
967.41
980.17
980.17
964.50
964.50
957.62
957.62
976.37
976.37
258.14
258.14
909.83
909.83
12.32
12.32
13.47
13.47
962.96
962.96
866.62
866.62
866.62
29.77
29.77
29.77
29.77
984.61
984.61
984.61
984.61
28.01
28.01
28.01
902.39
902.39
984.77
594.39
910.48
910.48
910.48
66.47
66.47
66.47
297.54
297.54
297.54
297.54
215.51
215.51
215.51
215.51
405.96
405.96
405.96
22.25
39.46
39.46
976.24
50.88
50.88
954.54
954.54
174.89
956.83
956.83
902.19
902.19
638.56
638.56
638.56
978.06
978.06
978.06
131.31
131.31
131.31
483.28
483.28
446.11
553.09
553.09
945.23
945.23
145.32
145.32
1043.26
1043.26
1043.26
219.90
219.90
158.78
854.93
854.93
906.89
652.66
70.35
912.54
912.54
22.25
22.25
22.25
512.87
512.87
512.87
365.47
365.47
365.47
1006.27
1006.27
1006.27
527.91
527.91
527.91
216.46
216.46
131.06
131.06
390.03
390.03
985.44
522.28
955.50
955.50
955.50
952.88
952.88
957.56
509.68
10.00
414.70
830.82
830.82
386.78
386.78
525.88
525.88
525.88
1126.71
1126.71
38.39
38.39
38.39
919.97
74.87
74.87
970.74
970.74
646.12
1011.64
1011.64
600.28
600.28
600.28
600.28
600.28
967.07
967.07
967.07
967.07
967.07
967.07
967.07
967.07
541.92
541.92
966.90
966.90
962.58
962.58
959.00
957.07
957.07
345.69
345.69
171.61
171.61
171.61
171.61
705.65
705.65
14.36
14.36
896.27
100.32
961.13
961.13
533.37
533.37
956.11
956.11
956.11
473.22
473.22
501.23
501.23
815.00
815.00
963.36
590.88
590.88
365.86
943.71
922.73
922.73
151.47
50.41
50.41
592.37
592.37
938.97
145.46
925.98
86.88
925.88
925.88
959.18
959.18
959.18
935.27
49.86
49.86
155.14
155.14
155.14
125.86
988.81
988.81
553.07
553.07
949.54
949.54
405.79
405.79
960.10
960.10
441.63
441.63
51.69
51.69
993.74
993.74
951.19
951.19
43.31
43.31
779.24
779.24
600.45
600.45
82.21
82.21
82.21
767.84
767.84
979.64
979.64
989.00
551.52
551.52
551.52
83.80
83.80
13.34
13.34
266.07
266.07
954.34
954.34
954.49
954.49
217.56
217.56
904.97
904.97
961.15
961.15
969.20
969.20
973.31
973.31
13.74
13.74
965.84
965.84
181.05
181.05
44.53
44.53
83.89
83.89
977.24
977.24
961.64
961.64
952.60
952.60
957.57
957.57
752.60
752.60
880.08
880.08
939.27
939.27
939.91
939.91
959.12
959.12
978.27
978.27
931.42
931.42
945.71
945.71
110.42
110.42
989.47
989.47
77.55
77.55
483.16
483.16
934.12
934.12
950.17
950.17
944.92
944.92
948.68
948.68
905.28
905.28
38.70
38.70
931.81
931.81
75.23
75.23
1008.42
1008.42
1008.42
947.05
947.05
947.05
978.82
978.82
897.11
927.92
967.82
967.82
967.82
970.46
970.46
970.46
970.46
65.29
65.29
65.29
65.29
519.36
519.36
519.36
519.36
34.73
34.73
34.73
64.54
64.54
64.54
64.54
910.39
910.39
979.65
979.65
979.65
655.24
961.56
961.56
954.49
954.49
718.57
1021.42
1021.42
46.08
46.08
244.06
244.06
985.00
985.00
999.27
999.27
999.27
406.08
406.08
406.08
147.60
196.04
196.04
196.04
578.93
578.93
966.98
972.61
714.54
714.54
936.56
936.56
936.56
936.56
936.56
936.56
721.69
721.69
940.86
940.86
979.70
950.24
979.84
979.84
968.55
968.55
839.63
839.63
506.16
992.64
992.64
933.73
920.03
424.46
499.04
499.04
10.00
146.22
896.51
896.51
54.62
737.53
737.53
23.50
23.50
767.70
767.70
964.89
964.89
964.89
1042.85
1042.85
949.50
949.50
949.50
868.70
868.70
868.70
881.89
881.89
881.89
321.58
321.58
854.62
854.62
854.62
935.62
935.62
739.08
739.08
244.50
841.27
841.27
887.84
887.84
887.84
887.84
887.84
887.84
887.84
944.77
944.77
92.89
92.89
92.89
932.08
932.08
932.08
965.88
965.88
965.88
981.46
985.99
83.09
83.09
183.59
183.59
110.90
897.78
897.78
194.05
194.05
854.71
985.53
985.53
946.46
946.46
453.63
453.63
970.17
989.15
989.15
51.51
51.51
449.65
518.57
518.57
518.57
473.36
473.36
996.88
996.88
340.08
340.08
998.34
922.68
958.35
958.35
958.35
298.76
298.76
298.76
89.00
89.00
89.00
89.00
958.08
958.08
958.08
611.19
611.19
113.13
113.13
993.32
221.72
221.72
917.38
917.38
260.56
260.56
906.98
906.98
973.31
973.31
973.31
973.31
44.48
44.48
973.43
973.43
109.30
891.36
891.36
887.60
884.87
885.18
885.18
326.75
326.75
326.75
948.27
948.27
948.27
1005.08
926.73
926.73
952.58
595.84
595.84
595.84
745.43
745.43
745.43
204.71
204.71
204.71
526.72
946.08
946.08
943.23
943.23
943.23
98.86
49.26
49.26
892.17
892.17
13.89
13.89
917.85
917.85
37.56
37.56
37.56
773.82
49.70
49.70
961.93
379.77
379.77
833.26
833.26
992.68
992.68
481.73
481.73
764.23
764.23
764.23
913.66
913.66
709.01
635.01
635.01
954.12
954.12
809.08
809.08
809.08
809.08
738.08
738.08
738.08
453.20
453.20
404.25
404.25
127.36
921.13
921.13
37.96
37.96
37.96
930.89
930.89
930.89
975.13
975.13
912.64
912.64
912.64
931.57
512.76
512.76
645.98
962.23
955.31
958.62
958.62
918.35
918.35
962.54
962.54
35.33
35.33
1012.21
1012.21
953.39
953.39
956.06
956.06
958.00
958.00
410.05
410.05
612.15
612.15
82.94
82.94
552.39
552.39
13.94
13.94
255.72
255.72
969.83
969.83
960.13
960.13
981.16
981.16
109.70
109.70
977.26
977.26
291.74
291.74
940.33
940.33
942.26
942.26
646.01
646.01
975.42
975.42
952.67
952.67
83.89
83.89
983.37
983.37
981.82
981.82
928.04
928.04
129.04
129.04
118.29
118.29
1033.60
1033.60
205.20
205.20
945.70
945.70
949.37
949.37
12.25
12.25
67.75
67.75
48.96
48.96
983.40
983.40
702.52
702.52
112.01
112.01
765.24
765.24
970.00
970.00
954.08
954.08
969.48
969.48
961.81
961.81
936.93
936.93
936.46
936.46
916.87
916.87
596.06
596.06
998.76
998.76
945.81
945.81
978.87
978.87
978.87
987.66
987.66
987.66
975.56
975.56
925.69
925.69
925.69
792.70
792.70
792.70
792.70
792.70
10.00
10.00
10.00
10.00
10.00
327.85
327.85
857.72
857.72
857.72
43.55
43.55
934.58
934.58
954.96
954.96
954.96
86.06
86.06
86.06
362.88
362.88
975.00
975.00
975.00
88.76
88.76
88.76
88.76
802.03
