# 1Hz Kbps trace generated by import_real_world_traces.py
956.76
1032.00
1572.77
387.33
387.33
46.14
139.68
10.00
10.00
476.02
4122.89
3276.49
3276.49
21.44
21.44
2915.73
2915.73
76.94
76.94
335.12
335.12
78.02
78.02
11.55
11.55
276.43
276.43
21.24
21.24
865.23
865.23
11.07
11.07
377.15
377.15
167.10
167.10
255.39
255.39
12.33
12.33
12.33
205.70
205.70
11.54
59.17
59.17
130.66
130.66
108.98
108.98
5443.88
5443.88
2966.38
2966.38
6375.14
6375.14
5812.51
5812.51
5812.51
5812.51
11.32
11.32
11.56
11.56
22.31
22.31
7050.97
7050.97
1125.62
1125.62
3774.84
3774.84
10.00
10.00
4150.24
4150.24
2434.91
2434.91
73.14
73.14
351.75
351.75
4628.72
4628.72
2412.23
2412.23
46.60
46.60
834.05
834.05
10.00
10.00
11.89
11.89
5518.83
5518.83
4763.94
4763.94
4347.21
4347.21
37.52
37.52
5934.76
5934.76
3721.41
3721.41
2882.67
2882.67
5482.69
5482.69
2743.20
2743.20
6116.82
6116.82
609.36
609.36
1200.72
1200.72
11.17
11.17
4765.13
4765.13
3375.26
3375.26
10.00
10.00
75.63
75.63
457.89
457.89
457.89
17.37
17.37
56.58
56.58
2737.00
2737.00
45.20
45.20
6289.67
6289.67
1708.01
1708.01
5764.93
5764.93
5345.93
5345.93
297.94
297.94
12.67
12.67
10.23
10.23
382.26
382.26
4040.01
4040.01
23.66
23.66
243.27
243.27
457.45
457.45
27.74
27.74
132.49
132.49
423.48
423.48
10.00
10.00
2570.47
2570.47
1558.60
1558.60
41.55
41.55
12.76
12.76
10.00
10.00
27.75
27.75
10.00
10.00
277.73
277.73
120.29
120.29
10.00
10.00
1442.57
1442.57
87.49
87.49
6657.43
6657.43
4178.42
4178.42
10.55
10.55
10.55
10.55
365.45
365.45
439.90
439.90
99.48
99.48
98.08
98.08
731.06
731.06
333.49
333.49
344.93
344.93
277.02
277.02
10.00
10.00
10.00
10.00
48.56
48.56
376.35
376.35
79.17
79.17
65.00
65.00
999.65
999.65
47.21
47.21
1034.32
1034.32
10.00
10.00
537.92
537.92
856.70
856.70
12.06
12.06
352.40
352.40
101.95
101.95
2755.75
2755.75
29.07
29.07
55.54
55.54
259.16
259.16
1656.72
1656.72
10.00
10.00
4044.43
4044.43
4944.35
4944.35
985.87
985.87
150.74
150.74
205.43
205.43
86.39
86.39
45.98
45.98
10.00
10.00
915.77
915.77
12.56
12.56
14.04
14.04
537.97
537.97
5122.52
5122.52
671.93
671.93
2065.42
2065.42
88.90
88.90
10.00
10.00
24.25
24.25
387.46
387.46
69.26
69.26
39.80
39.80
46.52
46.52
10.00
10.00
687.98
687.98
5879.43
5879.43
582.65
582.65
263.45
263.45
2876.29
2876.29
2790.17
2790.17
34.90
34.90
6018.34
6018.34
6491.29
6491.29
117.61
117.61
78.08
78.08
90.21
90.21
34.76
34.76
20.75
20.75
605.40
605.40
298.23
298.23
96.36
96.36
108.99
108.99
10.69
10.69
17.23
17.23
10.28
10.28
177.74
177.74
153.09
153.09
68.81
68.81
612.92
612.92
134.85
134.85
1496.79
1496.79
110.30
110.30
7839.76
7839.76
79.17
79.17
6472.98
6472.98
663.04
663.04
50.24
50.24
4656.95
4656.95
12.72
12.72
1673.75
1673.75
4934.78
4934.78
226.77
226.77
704.80
704.80
166.70
166.70
13.15
13.15
12.55
12.55
814.03
814.03
1202.59
1202.59
250.37
250.37
5782.46
5782.46
2798.68
2798.68
12.04
12.04
2218.21
2218.21
1243.57
1243.57
423.66
423.66
46.47
46.47
138.67
138.67
46.31
46.31
1338.78
1338.78
791.57
791.57
13.80
13.80
95.27
95.27
29.34
29.34
472.67
472.67
723.62
723.62
69.41
69.41
418.06
418.06
55.70
55.70
46.22
46.22
4177.55
4177.55
290.01
290.01
15.52
15.52
153.59
153.59
10.00
10.00
467.00
467.00
25.01
25.01
10.42
10.42
173.50
173.50
1970.99
1970.99
1293.94
1293.94
153.69
153.69
979.71
979.71
10.34
10.34
74.51
74.51
1586.65
1586.65
246.30
246.30
1557.65
1557.65
400.58
400.58
2119.65
2119.65
416.60
416.60
6157.06
6157.06
4824.20
4824.20
4824.20
4824.20
4615.70
4615.70
4615.70
4615.70
1199.64
1199.64
6539.05
6539.05
690.04
690.04
2324.82
2324.82
387.64
387.64
4472.24
4472.24
693.59
693.59
1930.41
1930.41
5318.87
5318.87
3246.71
3246.71
7157.55
7157.55
207.65
207.65
2022.28
2022.28
585.33
585.33
710.41
710.41
977.99
977.99
369.80
369.80
1381.44
1381.44
1300.34
1300.34
573.40
573.40
2331.29
2331.29
1025.49
1025.49
2502.45
2502.45
3086.26
3086.26
1472.54
1472.54
1672.11
1672.11
1672.11
1672.11
3429.54
3429.54
3137.94
3137.94
662.20
662.20
918.12
918.12
2608.86
2608.86
3235.53
3235.53
2933.99
2933.99
2933.99
2933.99
1256.63
1256.63
1847.29
1847.29
3458.03
3458.03
4113.58
4113.58
3744.07
3744.07
427.15
427.15
5112.38
5112.38
3474.98
3474.98
2587.46
2587.46
2997.01
2997.01
1507.99
1507.99
10.00
10.00
4571.27
4571.27
5361.28
5361.28
5361.28
5361.28
4421.05
4421.05
4322.03
4322.03
23.28
23.28
619.89
619.89
1213.20
1213.20
4899.74
4899.74
4535.46
4535.46
4535.46
4535.46
10.00
10.00
5092.09
5092.09
1886.36
1886.36
34.94
34.94
2075.81
2075.81
29.62
29.62
307.28
307.28
2398.95
2398.95
5180.53
5180.53
10.00
10.00
6135.56
6135.56
199.82
199.82
69.37
69.37
2222.85
2222.85
24.13
24.13
3835.90
3835.90
3601.29
3601.29
6379.53
6379.53
1007.84
1007.84
13.19
13.19
77.00
77.00
679.88
679.88
561.98
561.98
6889.81
6889.81
173.02
173.02
516.40
516.40
5073.68
5073.68
8438.08
8438.08
8438.08
8438.08
8438.08
8438.08
8438.08
8438.08
8438.08
8438.08
8438.08
8438.08
8438.08
8438.08
930.05
930.05
915.76
915.76
1078.39
1078.39
1264.00
1264.00
1206.11
1206.11
697.84
697.84
2298.92
2298.92
685.85
685.85
77.55
77.55
3138.21
3138.21
1019.42
1019.42
31.35
31.35
3486.35
3486.35
3193.41
3193.41
1080.60
1080.60
207.80
207.80
802.85
802.85
3498.10
3498.10
5080.28
5080.28
152.83
152.83
93.65
93.65
10.00
10.00
105.91
105.91
15.29
15.29
3442.75
3442.75
5034.83
5034.83
14.75
14.75
5298.22
5298.22
11.99
11.99
4230.08
4230.08
512.71
512.71
817.05
817.05
596.96
596.96
5997.73
5997.73
46.67
46.67
384.58
384.58
3594.92
3594.92
4147.02
4147.02
4012.33
4012.33
5465.32
5465.32
6580.44
6580.44
2162.19
2162.19
349.38
349.38
4090.44
4090.44
4090.44
4090.44
752.78
752.78
899.52
899.52
5135.51
5135.51
886.04
886.04
1384.97
1384.97
793.67
793.67
5633.36
5633.36
5768.69
5768.69
3835.21
3835.21
404.58
404.58
137.10
137.10
382.73
382.73
309.25
309.25
736.88
736.88
127.24
127.24
10.00
10.00
49.10
49.10
98.51
98.51
518.12
518.12
3040.79
3040.79
2333.10
2333.10
860.42
860.42
12.06
12.06
10.00
10.00
4031.85
4031.85
3543.03
3543.03
473.40
473.40
172.99
172.99
230.96
230.96
118.99
118.99
1940.99
1940.99
80.13
80.13
84.21
84.21
315.80
315.80
129.69
129.69
4318.20
4318.20
188.29
188.29
55.64
55.64
741.77
741.77
2040.12
2040.12
2613.82
2613.82
12.62
12.62
139.29
139.29
343.66
343.66
2226.23
2226.23
5228.95
5228.95
230.25
230.25
2806.10
2806.10
7492.28
7492.28
384.14
384.14
59.48
59.48
2648.89
2648.89
257.47
257.47
6276.12
6276.12
194.19
194.19
416.61
416.61
3763.63
3763.63
537.43
537.43
10.32
10.32
192.41
192.41
1129.64
1129.64
3697.75
3697.75
690.44
690.44
595.61
595.61
590.96
590.96
502.82
502.82
76.05
76.05
12.52
12.52
22.03
22.03
831.25
831.25
102.82
102.82
1788.46
1788.46
7123.48
7123.48
4967.19
4967.19
720.98
720.98
1083.64
1083.64
714.57
714.57
210.10
210.10
115.46
115.46
5968.72
5968.72
91.43
91.43
8439.60
8439.60
10.81
10.81
42.33
42.33
69.56
69.56
1679.96
1679.96
3640.55
3640.55
157.27
157.27
658.43
658.43
10.00
10.00
46.28
46.28
190.47
190.47
55.48
55.48
36.48
36.48
508.67
508.67
80.30
80.30
7621.21
7621.21
4057.14
4057.14
1922.92
1922.92
25.22
25.22
721.98
721.98
16.61
16.61
294.08
294.08
13.88
13.88
25.92
25.92
13.37
13.37
44.08
44.08
80.85
80.85
181.49
181.49
305.36
305.36
59.50
59.50
3489.44
3489.44
425.44
425.44
6032.26
6032.26
276.75
276.75
542.60
542.60
206.20
206.20
6375.05
6375.05
3878.72
3878.72
10.65
10.65
6033.47
6033.47
278.18
278.18
2714.59
2714.59
1035.94
1035.94
3638.62
3638.62
3491.71
3491.71
2790.25
2790.25
15.65
15.65
444.32
444.32
3619.16
3619.16
3061.56
3061.56
345.80
345.80
3295.25
3295.25
36.98
36.98
66.55
66.55
20.22
20.22
20.22
4898.64
4975.67
4975.67
185.45
185.45
1234.50
1234.50
1751.03
1751.03
2363.28
2363.28
539.42
539.42
3930.58
3930.58
12.11
12.11
5291.66
5291.66
6184.79
6184.79
3568.02
3568.02
3433.98
3433.98
432.50
432.50
3110.87
3110.87
4442.25
4442.25
4862.72
4862.72
618.03
618.03
138.47
138.47
11.17
11.17
3135.53
3135.53
2174.27
2174.27
6836.93
6836.93
2029.40
2029.40
6467.79
6467.79
1793.00
1793.00
5879.22
5879.22
3722.95
3722.95
3748.54
3748.54
1914.43
1914.43
2712.97
2712.97
1734.39
1734.39
2525.73
2525.73
1938.26
1938.26
721.53
721.53
81.97
81.97
4633.31
4633.31
1663.66
1663.66
52.66
52.66
5830.33
5830.33
5980.20
5980.20
6979.37
6979.37
74.60
74.60
1657.97
1657.97
3162.36
3162.36
1680.64
1680.64
474.92
474.92
1389.81
1389.81
1389.81
574.84
574.84
6296.52
6296.52
837.67
837.67
756.29
756.29
3714.52
3714.52
718.91
718.91
19.21
19.21
333.70
333.70
1134.72
1134.72
7584.77
7584.77
5529.10
5529.10
169.44
169.44
642.89
642.89
4008.10
4008.10
850.48
850.48
205.64
205.64
1161.49
1161.49
376.31
376.31
835.36
835.36
8128.03
8128.03
50.49
50.49
103.27
103.27
915.55
915.55
3448.20
3448.20
2771.95
2771.95
10.00
10.00
5358.26
5358.26
793.80
793.80
19.86
19.86
37.60
37.60
2829.57
2829.57
1212.40
1212.40
2715.75
2715.75
5816.37
5816.37
784.24
784.24
1938.42
1938.42
4890.42
4890.42
87.24
87.24
450.56
450.56
2264.15
2264.15
103.65
103.65
721.45
721.45
2854.64
2854.64
6397.52
6397.52
6347.93
6347.93
10.00
10.00
10.00
10.00
10.25
10.25
33.18
33.18
3735.49
3735.49
12.59
12.59
78.63
78.63
27.38
27.38
10.74
10.74
12.69
12.69
12.10
12.10
81.25
81.25
238.09
238.09
806.38
806.38
214.78
214.78
718.10
718.10
86.79
86.79
13.89
13.89
5640.16
5640.16
3592.78
3592.78
39.73
39.73
5398.06
5398.06
3489.56
3489.56
2104.54
2104.54
2547.32
2547.32
3741.44
3741.44
142.19
142.19
714.62
714.62
718.39
718.39
125.82
125.82
4165.55
4165.55
4165.55
4165.55
721.58
721.58
33.70
33.70
3749.53
3749.53
7798.78
7798.78
71.35
71.35
717.91
717.91
63.12
63.12
3445.92
3445.92
82.79
82.79
9572.67
9572.67
1515.34
1515.34
4387.66
4387.66
833.78
833.78
4702.81
4702.81
102.61
102.61
706.42
706.42
22.22
22.22
1627.26
1627.26
6484.15
6484.15
697.59
697.59
109.80
109.80
2476.84
2476.84
6679.08
6679.08
3457.45
3457.45
725.12
725.12
1533.61
1533.61
81.86
81.86
3124.11
3124.11
6366.14
6366.14
669.08
669.08
5038.88
5038.88
4689.63
4689.63
1032.68
1032.68
2882.47
2882.47
1737.51
1737.51
5266.05
5266.05
423.10
423.10
6304.75
6304.75
6304.75
6304.75
6303.54
6303.54
4463.59
4463.59
5797.80
5797.80
5797.80
5797.80
3481.96
3481.96
5309.73
5309.73
5309.73
5309.73
5309.73
5309.73
5309.73
5309.73
597.51
597.51
3692.46
3692.46
690.27
690.27
3619.70
3619.70
3117.81
3117.81
4086.84
4086.84
3538.00
3538.00
10.55
10.55
3904.81
3904.81
3904.81
3904.81
3904.81
3904.81
4238.88
4238.88
4614.26
4614.26
4614.26
4614.26
4614.26
4614.26
3938.16
3938.16
3382.87
3382.87
1107.55
1107.55
4668.18
4668.18
3615.38
3615.38
4214.49
4214.49
4214.49
4214.49
46.71
46.71
1402.69
1402.69
2323.60
2323.60
954.85
954.85
1048.86
1048.86
1172.31
1172.31
1045.08
1045.08
1522.45
1522.45
1655.67
1655.67
1655.67
1655.67
388.55
388.55
973.69
973.69
1691.33
1691.33
1691.33
1691.33
1691.33
1691.33
25.07
25.07
1579.56
1579.56
2084.81
2084.81
1465.09
1465.09
2918.88
2918.88
3291.45
3291.45
3174.62
3174.62
2632.11
2632.11
21.23
21.23
215.03
215.03
2333.87
2333.87
3375.55
3375.55
3567.10
3567.10
4704.80
4704.80
3039.84
3039.84
5219.14
5219.14
4474.52
4474.52
4741.66
4741.66
3246.46
3246.46
639.91
639.91
1377.79
1377.79
35.80
35.80
5562.26
5562.26
466.24
466.24
63.92
63.92
1070.04
1070.04
1501.91
1501.91
1258.29
1258.29
402.15
402.15
3510.41
3510.41
874.61
874.61
514.05
514.05
972.30
972.30
65.89
65.89
965.70
965.70
1387.10
1387.10
159.17
159.17
2642.25
2642.25
69.50
69.50
4291.55
4291.55
1570.89
1570.89
44.11
44.11
5509.39
5509.39
596.98
596.98
97.85
97.85
60.58
60.58
428.84
428.84
30.69
30.69
3828.97
3828.97
1402.40
1402.40
958.22
958.22
109.83
109.83
261.51
261.51
10.35
10.35
759.40
759.40
69.53
69.53
73.23
73.23
4459.91
4459.91
5910.53
5910.53
30.83
30.83
37.49
37.49
563.93
563.93
807.47
807.47
149.80
149.80
57.26
57.26
6308.66
6308.66
4823.59
4823.59
6848.22
6848.22
6848.22
6848.22
6848.22
6848.22
6848.22
6848.22
6848.22
6848.22
6848.22
6848.22
6848.22
6848.22
6848.22
6848.22
6848.22
6848.22
6848.22
6848.22
2485.79
2485.79
4719.87
4719.87
1712.86
1712.86
2715.29
2715.29
11.46
11.46
10.00
10.00
562.47
562.47
84.53
84.53
791.42
791.42
228.85
228.85
69.99
69.99
175.92
175.92
1209.87
1209.87
1009.49
1009.49
13.24
13.24
86.38
86.38
11.07
11.07
50.21
50.21
4133.85
4133.85
4472.32
4472.32
2973.60
2973.60
6119.11
6119.11
4204.77
4204.77
111.27
111.27
3379.46
3379.46
6918.15
6918.15
7163.78
7163.78
5739.74
5739.74
10.00
10.00
581.51
581.51
10.00
10.00
71.74
71.74
654.28
654.28
26.92
26.92
73.47
73.47
125.37
125.37
2280.48
2280.48
576.28
576.28
2912.42
2912.42
41.14
41.14
4990.31
4990.31
201.53
201.53
39.50
39.50
321.21
321.21
636.43
636.43
23.13
23.13
2955.19
2955.19
10.45
10.45
378.57
378.57
13.90
13.90
5825.86
5825.86
10.00
10.00
21.92
21.92
1327.26
1327.26
563.86
563.86
11.51
11.51
691.60
691.60
137.40
137.40
218.89
218.89
6246.00
6246.00
1450.58
1450.58
424.72
424.72
132.52
132.52
6666.35
6666.35
3686.02
3686.02
6903.87
6903.87
6999.09
6999.09
6413.14
6413.14
6413.14
6413.14
3571.92
3571.92
242.84
242.84
1906.99
1906.99
556.32
556.32
833.48
833.48
242.74
242.74
205.09
205.09
36.95
36.95
6708.49
6708.49
4860.62
4860.62
2361.51
2361.51
11.25
11.25
543.90
543.90
69.08
69.08
108.08
108.08
10.36
10.36
50.09
50.09
235.74
235.74
124.51
124.51
215.49
215.49
168.28
168.28
5790.02
5790.02
3938.21
3938.21
33.36
33.36
5447.60
5447.60
6120.85
6120.85
901.55
901.55
97.68
97.68
5960.35
5960.35
6989.11
6989.11
50.77
50.77
44.68
44.68
7311.62
7311.62
3543.61
3543.61
5946.26
5946.26
3526.95
3526.95
10.69
10.69
1312.29
1312.29
651.38
651.38
5847.36
5847.36
1295.90
1295.90
4004.81
4004.81
226.54
226.54
2383.09
2383.09
2890.39
2890.39
1767.96
1767.96
26.60
26.60
1500.65
1500.65
92.29
92.29
1972.42
1972.42
11.58
11.58
139.50
139.50
1822.14
1822.14
99.59
99.59
4937.74
4937.74
363.37
363.37
203.55
203.55
91.45
91.45
4773.02
4773.02
526.64
526.64
37.36
37.36
408.98
408.98
121.54
121.54
121.54
27.78
27.78
27.78
194.87
194.87
10.00
55.71
55.71
12.10
12.10
367.65
4067.53
4067.53
1744.14
1744.14
10.18
10.18
72.57
72.57
742.42
742.42
5154.23
5154.23
10.96
10.96
3512.55
3512.55
132.63
132.63
3924.77
3924.77
2943.26
2943.26
4381.51
4381.51
43.67
43.67
21.27
21.27
714.80
714.80
35.99
35.99
2733.95
2733.95
124.58
124.58
629.63
629.63
673.10
673.10
4974.91
4974.91
2284.16
2284.16
4388.89
4388.89
519.25
519.25
5634.60
5634.60
1566.66
1566.66
4258.01
4258.01
3357.72
3357.72
11.54
11.54
4496.80
4496.80
10.00
10.00
28.28
28.28
4094.32
4094.32
2101.63
2101.63
10.43
10.43
12.24
12.24
53.57
53.57
33.15
33.15
523.18
523.18
282.04
282.04
22.54
22.54
5950.06
5950.06
145.96
145.96
3123.15
3123.15
69.02
69.02
4664.90
4664.90
42.83
42.83
1880.96
1880.96
2677.42
2677.42
7420.44
7420.44
721.06
721.06
78.30
78.30
163.09
163.09
5711.55
5711.55
1756.38
1756.38
7849.41
7849.41
1696.90
1696.90
1787.44
1787.44
72.08
72.08
359.98
359.98
4488.98
4488.98
12.15
12.15
581.99
581.99
387.56
387.56
3772.99
3772.99
3194.63
3194.63
4575.93
4575.93
1813.51
1813.51
5684.89
5684.89
494.63
494.63
64.83
64.83
789.51
789.51
1825.53
1825.53
594.28
594.28
752.84
752.84
48.42
48.42
36.61
36.61
429.14
429.14
504.57
504.57
6368.62
6368.62
6422.61
6422.61
1990.03
1990.03
2471.29
2471.29
3699.52
3699.52
663.38
663.38
3165.17
3165.17
566.04
566.04
348.73
348.73
1170.73
1170.73
2324.72
2324.72
10.00
10.00
2381.41
2381.41
12.19
12.19
370.23
370.23
19.17
19.17
260.52
260.52
986.50
986.50
10.00
10.00
504.60
504.60
1983.12
1983.12
276.02
276.02
2210.93
2210.93
15.71
15.71
7132.44
7132.44
24.08
24.08
342.48
342.48
4313.89
4313.89
4313.89
4313.89
11.58
11.58
3891.13
3891.13
3322.95
3322.95
3693.32
3693.32
4059.80
4059.80
3846.79
3846.79
3846.79
3846.79
3846.79
3846.79
2921.24
2921.24
471.07
471.07
77.47
77.47
3919.53
3919.53
12.61
12.61
680.53
680.53
753.61
753.61
3691.57
3691.57
3691.57
5487.12
5487.12
6027.17
6027.17
4926.27
4926.27
5287.30
5287.30
5287.30
5287.30
5287.30
5287.30
5287.30
5287.30
5287.30
5287.30
5287.30
