# 1Hz Kbps trace generated by import_real_world_traces.py
107.20
107.20
107.20
107.20
107.20
107.20
107.20
107.20
107.20
107.20
107.20
107.20
107.20
107.20
107.20
107.20
409.07
420.42
534.64
634.42
871.48
871.48
871.48
681.20
681.20
501.52
501.52
501.52
501.52
603.88
696.60
696.60
292.76
292.76
503.95
503.95
102.53
604.24
719.67
637.03
637.03
574.22
574.22
390.73
390.73
559.62
559.62
559.62
599.63
599.63
671.79
671.79
318.62
318.62
318.62
411.13
430.59
430.59
511.09
511.09
511.09
511.09
511.09
568.18
880.98
880.98
639.15
639.15
639.15
639.15
639.15
639.15
639.15
208.75
208.75
208.75
208.75
419.77
382.65
382.65
638.52
694.46
560.68
595.49
595.49
641.82
641.82
641.82
630.06
630.06
561.55
596.13
596.13
441.78
746.02
787.48
673.79
669.93
671.40
671.40
564.55
564.55
564.55
526.34
526.34
617.57
617.57
318.85
318.85
296.72
296.72
276.70
276.70
276.70
307.35
307.35
307.35
503.20
546.05
630.97
630.97
633.65
633.65
452.12
452.12
452.12
452.12
414.99
414.99
414.99
622.35
622.35
622.35
622.35
622.35
338.12
338.12
338.12
505.99
505.99
181.55
181.55
329.55
527.15
352.70
352.70
352.70
352.70
352.70
352.70
236.69
566.31
429.12
504.02
504.02
504.02
504.02
504.02
504.02
504.02
27.52
87.67
87.67
87.67
87.67
42.85
42.85
42.85
108.05
372.02
372.38
164.49
164.49
167.60
254.45
443.80
443.80
15.57
668.04
668.04
451.21
451.21
451.21
273.27
273.27
273.27
273.27
273.27
517.04
517.04
144.45
423.24
494.50
494.50
438.62
453.77
453.77
473.47
492.58
492.58
628.90
628.90
628.90
628.90
221.95
221.95
221.95
347.79
347.79
347.79
400.07
400.07
180.53
180.53
180.53
291.19
630.82
630.82
449.74
449.74
448.50
448.50
106.06
158.87
158.87
132.43
132.43
126.93
126.93
223.22
223.22
223.22
148.27
371.30
490.26
490.26
469.62
469.62
469.62
469.62
469.62
469.62
469.62
469.62
469.62
469.62
469.62
469.62
469.62
469.62
469.62
469.62
469.62
469.62
469.62
469.62
469.62
132.70
233.91
321.63
248.10
244.42
