# 1Hz Kbps trace generated by import_real_world_traces.py
36.67
1460.25
2177.91
3637.26
4333.10
5843.56
5843.56
5996.32
5996.32
4865.04
4865.04
5188.74
5188.74
4379.50
4379.50
4379.50
4379.50
4379.50
4379.50
5941.34
5941.34
6043.19
6043.19
4045.46
4045.46
4985.47
4985.47
7341.45
7341.45
1518.48
1518.48
243.74
243.74
1168.09
1168.09
6768.75
6768.75
1109.73
1109.73
123.94
123.94
4172.87
4172.87
2750.54
2750.54
4403.54
4403.54
4403.54
4403.54
4403.54
4403.54
3333.77
3333.77
2553.20
2553.20
4973.44
4973.44
1946.75
1946.75
5076.80
5076.80
4256.41
4256.41
3733.30
3733.30
3305.62
3305.62
6100.84
6100.84
4229.01
4229.01
1355.46
1355.46
533.79
533.79
27.13
27.13
10.00
10.00
889.17
889.17
196.23
196.23
563.69
563.69
983.11
983.11
1969.72
1969.72
2489.53
2489.53
3563.00
3563.00
1005.47
1005.47
4190.78
4190.78
5006.85
5006.85
5006.85
5006.85
3358.03
3358.03
4560.16
4560.16
6393.77
6393.77
4638.41
4638.41
5843.08
5843.08
3927.15
3927.15
6627.24
6627.24
6627.24
6627.24
6627.24
6627.24
6026.29
6026.29
5155.49
5155.49
151.99
151.99
6198.79
6198.79
5933.26
5933.26
5660.50
5660.50
6524.16
6524.16
4832.75
4832.75
5683.05
5683.05
4849.40
4849.40
3890.52
3890.52
1293.24
1293.24
6738.94
6738.94
6678.96
6678.96
74.59
74.59
1514.17
1514.17
4765.41
4765.41
6005.57
6005.57
6175.03
6175.03
4770.19
4770.19
396.25
396.25
5280.56
5280.56
386.34
386.34
839.12
839.12
2772.02
2772.02
3177.89
3177.89
6001.58
6001.58
6001.58
6001.58
6001.58
6001.58
6001.58
6001.58
4300.44
4300.44
950.56
950.56
5617.86
5617.86
6996.97
6996.97
1370.52
1370.52
6116.91
6116.91
6942.27
6942.27
5853.10
5853.10
7489.46
7489.46
3468.20
3468.20
7530.03
7530.03
355.50
355.50
689.58
689.58
5372.67
5372.67
7453.00
7453.00
22.79
22.79
104.19
104.19
866.27
866.27
4187.41
4187.41
48.04
48.04
4601.03
4601.03
1336.20
1336.20
3936.31
3936.31
4034.87
4034.87
6802.18
6802.18
1275.04
1275.04
10.00
10.00
53.09
53.09
11.92
11.92
2354.22
2354.22
5790.72
5790.72
5110.40
5110.40
112.68
112.68
7156.79
7156.79
6312.22
6312.22
7529.53
7529.53
6262.57
6262.57
10.00
10.00
169.93
169.93
10.00
10.00
10.65
10.65
1359.69
1359.69
927.69
927.69
137.51
137.51
972.62
972.62
3103.99
3103.99
5938.43
5938.43
3325.52
3325.52
4252.41
4252.41
6922.78
6922.78
5544.69
5544.69
6248.22
6248.22
257.24
257.24
1868.79
1868.79
7321.82
7321.82
3914.40
3914.40
6753.62
6753.62
10.00
10.00
49.07
49.07
12.34
12.34
697.51
697.51
102.30
102.30
7186.14
7186.14
14.29
14.29
595.56
595.56
9121.94
9121.94
1874.80
1874.80
1000.67
1000.67
168.95
168.95
4899.92
4899.92
6837.64
6837.64
6520.61
6520.61
5437.18
5437.18
5610.24
5610.24
6595.13
6595.13
77.70
77.70
703.80
703.80
80.20
80.20
12.60
12.60
155.06
155.06
109.75
109.75
670.02
670.02
4106.79
4106.79
4771.99
4771.99
1629.97
1629.97
31.73
31.73
20.62
20.62
197.12
197.12
1636.73
1636.73
38.18
38.18
6526.88
6526.88
84.96
84.96
250.41
250.41
171.24
171.24
11.71
11.71
155.32
155.32
1165.38
1165.38
966.10
966.10
2236.45
2236.45
198.00
198.00
213.93
213.93
852.46
852.46
3626.65
3626.65
3666.73
3666.73
794.10
794.10
39.62
39.62
900.75
900.75
3300.95
3300.95
35.59
35.59
313.26
313.26
129.45
129.45
262.79
262.79
10.00
10.00
642.84
642.84
207.69
207.69
122.11
122.11
19.94
19.94
26.94
26.94
87.94
87.94
262.76
262.76
89.35
89.35
157.52
157.52
384.41
384.41
317.62
317.62
13.67
13.67
885.72
885.72
32.51
32.51
721.21
721.21
906.49
906.49
128.67
128.67
17.29
17.29
5729.90
5729.90
4921.34
4921.34
4225.53
4225.53
314.28
314.28
180.41
180.41
28.44
28.44
792.69
792.69
242.18
242.18
885.88
885.88
1563.48
1563.48
78.34
78.34
865.77
865.77
79.80
79.80
5242.58
5242.58
5782.94
5782.94
40.49
40.49
129.72
129.72
255.64
255.64
883.42
883.42
15.07
15.07
1887.35
1887.35
163.60
163.60
1319.97
1319.97
2136.86
2136.86
10.00
10.00
48.56
48.56
275.73
275.73
866.24
866.24
5884.74
5884.74
11.37
11.37
2384.76
2384.76
123.32
123.32
5630.89
5630.89
2863.88
2863.88
3105.15
3105.15
6189.03
6189.03
6096.01
6096.01
1117.07
1117.07
640.04
640.04
2332.84
2332.84
5783.47
5783.47
4394.88
4394.88
4807.60
4807.60
2391.33
2391.33
826.99
826.99
10.00
10.00
2219.37
2219.37
65.67
65.67
4936.73
4936.73
4598.19
4598.19
6137.60
6137.60
28.31
28.31
2693.87
2693.87
393.90
393.90
7803.66
7803.66
4683.34
4683.34
808.81
808.81
139.19
139.19
13.13
13.13
16.61
16.61
24.83
24.83
846.23
846.23
690.22
690.22
6562.37
6562.37
35.61
35.61
7520.82
7520.82
835.27
835.27
1938.89
1938.89
3909.99
3909.99
7112.23
7112.23
4515.18
4515.18
1027.60
1027.60
7634.64
7634.64
7882.94
7882.94
42.93
42.93
5210.28
5210.28
7735.01
7735.01
5713.81
5713.81
1661.06
1661.06
6814.05
6814.05
49.13
49.13
330.40
330.40
589.70
589.70
1866.82
1866.82
827.02
827.02
484.29
484.29
5380.67
5380.67
4116.88
4116.88
8216.02
8216.02
8182.23
8182.23
5932.02
5932.02
2021.47
2021.47
7409.38
7409.38
5720.73
5720.73
7488.41
7488.41
16.28
16.28
10.00
10.00
10.83
10.83
1362.67
1362.67
5920.52
5920.52
4790.88
4790.88
1287.72
1287.72
6489.89
6489.89
5083.20
5083.20
5083.20
5083.20
5487.88
5487.88
5315.43
5315.43
1972.44
1972.44
5764.63
5764.63
761.37
761.37
3810.10
3810.10
3810.10
3810.10
3810.10
