# 1Hz Kbps trace generated by import_real_world_traces.py
449.92
679.79
679.79
875.06
875.06
875.06
875.06
875.06
875.06
859.92
859.92
827.80
827.80
912.86
912.86
912.86
912.86
912.86
912.86
10.00
10.00
120.91
120.91
608.71
608.71
608.71
608.71
909.61
909.61
787.60
787.60
787.60
787.60
812.25
812.25
812.25
812.25
10.00
10.00
455.22
455.22
551.29
551.29
566.06
566.06
566.06
566.06
383.79
383.79
383.79
383.79
203.00
203.00
203.00
203.00
274.69
274.69
10.00
10.00
10.00
10.00
363.20
363.20
249.91
249.91
339.74
339.74
397.13
397.13
470.93
470.93
568.92
568.92
377.09
377.09
422.82
422.82
10.00
10.00
43.71
43.71
405.75
405.75
10.00
10.00
435.10
435.10
435.10
435.10
546.11
546.11
10.00
10.00
423.00
423.00
24.40
24.40
220.81
220.81
220.81
220.81
460.54
460.54
499.69
499.69
422.22
422.22
231.87
231.87
10.00
