# 1Hz Kbps trace generated by import_real_world_traces.py
716.69
1234.42
1234.42
20.68
73.63
7270.41
1783.60
63.14
4781.60
4781.60
1029.13
1029.13
23.27
23.27
6977.33
6977.33
2377.94
2377.94
143.09
143.09
1719.44
1719.44
4706.56
4706.56
7053.60
7053.60
6664.09
6664.09
64.93
64.93
10.00
10.00
10.01
10.01
66.35
66.35
66.35
1526.21
1526.21
2126.08
2126.08
42.25
42.25
4566.73
4566.73
921.81
921.81
51.78
51.78
51.78
61.57
61.57
174.61
77.28
77.28
13.08
13.08
2331.94
2331.94
80.95
80.95
2732.79
2732.79
162.83
162.83
162.83
719.87
719.87
25.91
25.91
3005.11
3005.11
14.72
14.72
14.72
914.43
914.43
226.41
226.41
149.79
149.79
34.11
34.11
257.71
257.71
966.86
966.86
966.86
20.24
