# 1Hz Kbps trace generated by import_real_world_traces.py
1138.84
2149.98
3956.64
2574.50
1726.15
125.83
68.55
35.69
35.69
1006.82
1006.82
99.47
99.47
40.30
40.30
14.18
14.18
570.62
570.62
10.00
10.00
217.51
217.51
17.22
17.22
23.17
23.17
316.79
316.79
720.68
720.68
178.90
178.90
97.79
97.79
242.93
242.93
262.75
262.75
714.69
714.69
45.34
45.34
774.85
774.85
86.00
86.00
63.58
63.58
120.39
120.39
34.62
34.62
700.28
700.28
139.27
139.27
227.08
227.08
2807.91
2807.91
173.86
173.86
3740.58
3740.58
109.46
109.46
716.89
716.89
55.91
55.91
80.47
80.47
2205.48
2205.48
221.43
221.43
694.58
694.58
191.14
191.14
43.64
43.64
566.48
566.48
31.70
31.70
1193.15
1193.15
1159.71
1159.71
1141.93
1141.93
14.16
14.16
111.99
111.99
388.33
388.33
19.30
19.30
18.55
18.55
60.70
60.70
1407.17
1407.17
38.28
38.28
1737.32
1737.32
852.64
852.64
30.42
30.42
712.49
712.49
58.50
58.50
1068.83
1068.83
10.00
10.00
42.92
42.92
5349.34
5349.34
1302.43
1302.43
5681.89
5681.89
14.75
14.75
5341.38
5341.38
4527.42
4527.42
5909.70
5909.70
764.64
764.64
561.53
561.53
3049.58
3049.58
3049.58
14.71
3839.65
3839.65
3323.07
3323.07
6660.04
6660.04
30.02
30.02
6767.30
6767.30
296.81
296.81
698.34
698.34
338.61
338.61
719.13
719.13
364.46
364.46
630.59
630.59
630.59
1636.70
29.39
29.39
29.39
5797.18
5797.18
6457.92
2109.67
2109.67
37.96
37.96
37.96
22.32
22.32
6771.58
6771.58
6771.58
6771.58
6771.58
6771.58
6274.73
6274.73
5139.75
5139.75
5139.75
5139.75
5951.05
5951.05
6353.80
6353.80
6567.91
661.39
661.39
661.39
6762.15
6762.15
212.60
212.60
1364.48
1364.48
6127.48
6127.48
704.52
704.52
4020.25
4020.25
73.42
73.42
358.36
358.36
59.67
59.67
702.01
702.01
74.51
74.51
2027.19
2027.19
6671.95
6671.95
6522.85
6522.85
519.54
519.54
519.54
519.54
1636.42
1636.42
281.80
281.80
2272.20
2272.20
14.23
14.23
2146.98
2146.98
664.40
664.40
22.16
22.16
2152.79
2152.79
6582.49
6582.49
252.55
252.55
715.62
715.62
265.85
265.85
685.92
685.92
10.00
10.00
438.97
438.97
56.18
56.18
115.92
115.92
13.21
