# 1Hz Kbps trace generated by import_real_world_traces.py
355.46
405.67
425.94
513.21
513.21
513.21
513.21
504.16
504.16
504.16
504.16
10.00
10.00
241.84
241.84
241.84
241.84
321.09
321.09
321.09
321.09
321.09
321.09
454.78
454.78
536.80
536.80
495.49
495.49
52.26
52.26
87.10
87.10
213.86
213.86
184.75
184.75
257.47
257.47
257.47
257.47
413.58
413.58
10.00
10.00
467.52
467.52
467.52
467.52
525.93
525.93
525.93
525.93
525.93
525.93
525.93
525.93
525.93
525.93
525.93
525.93
525.93
525.93
525.93
506.19
506.19
87.48
87.48
336.56
336.56
491.45
491.45
491.45
491.45
10.35
10.35
10.00
10.00
300.02
300.02
10.00
10.00
26.16
26.16
316.65
316.65
316.65
316.65
291.28
291.28
291.28
291.28
363.88
363.88
538.29
538.29
538.29
538.29
538.29
538.29
538.29
538.29
10.00
10.00
367.80
367.80
367.80
367.80
367.80
367.80
367.80
367.80
367.80
367.80
10.00
10.00
86.89
86.89
53.15
53.15
128.80
128.04
128.04
128.04
154.52
154.52
209.13
209.13
282.89
282.89
277.25
277.25
123.20
123.20
181.56
181.56
298.95
298.95
298.95
298.95
298.95
298.95
250.38
250.38
250.38
250.38
317.87
317.87
317.87
317.87
317.87
317.87
125.06
125.06
216.55
216.55
480.12
480.12
480.12
480.12
480.12
480.12
480.12
480.12
480.12
480.12
342.59
342.59
270.67
270.67
12.74
12.74
205.39
205.39
17.05
17.05
313.97
313.97
313.97
313.97
394.44
394.44
10.00
10.00
273.28
273.28
362.45
362.45
260.89
260.89
292.99
292.99
413.23
413.23
16.35
16.35
267.33
267.33
15.47
15.47
441.95
441.95
441.95
441.95
367.69
367.69
367.69
367.69
592.54
592.54
592.54
592.54
592.54
592.54
592.54
592.54
592.54
592.54
592.54
592.54
592.54
592.54
592.54
592.54
295.26
295.26
295.26
295.26
318.36
318.36
10.00
10.00
157.79
157.79
229.67
229.67
279.95
279.95
286.14
286.14
293.37
293.37
261.47
261.47
268.65
268.65
223.41
223.41
357.08
357.08
358.13
358.13
306.34
306.34
291.88
426.34
426.34
426.34
21.61
21.61
276.51
276.51
430.12
430.12
430.12
430.12
381.96
381.96
303.33
303.33
303.33
303.33
37.78
37.78
278.64
278.64
305.87
305.87
10.00
379.79
379.79
379.79
262.98
262.98
262.98
262.98
382.10
382.10
362.15
362.15
402.87
402.87
317.21
317.21
437.30
437.30
390.59
390.59
326.62
326.62
43.52
43.52
261.22
261.22
342.62
342.62
342.62
342.62
342.62
342.62
342.62
342.62
10.00
10.00
246.25
246.25
246.25
246.25
226.57
226.57
193.50
193.50
121.30
121.30
441.00
441.00
436.49
436.49
436.49
436.49
436.49
436.49
102.11
102.11
644.95
644.95
338.27
338.27
489.82
489.82
481.58
481.58
481.58
481.58
155.87
