# 1Hz Kbps trace generated by import_real_world_traces.py
796.35
1315.38
1979.90
846.09
823.56
2822.90
359.94
3405.90
3405.90
2709.05
2709.05
3600.38
3600.38
2540.33
2540.33
2776.25
2776.25
2758.72
2758.72
3734.25
3734.25
457.32
457.32
451.83
451.83
2173.90
2173.90
1395.22
1395.22
864.49
864.49
31.15
31.15
3067.66
3067.66
2314.61
2314.61
2868.22
2868.22
3448.24
3448.24
3313.89
3313.89
27.42
27.42
2170.77
2170.77
2012.10
2012.10
1771.94
1771.94
799.21
799.21
4663.96
4663.96
4621.63
4621.63
431.87
431.87
212.46
212.46
562.56
562.56
2421.48
2421.48
279.42
279.42
1431.84
1431.84
1421.24
1421.24
3675.21
3675.21
4009.35
4009.35
2572.50
2572.50
5086.97
5086.97
1883.53
1883.53
749.37
749.37
508.69
508.69
2218.18
2218.18
319.63
319.63
3865.14
3865.14
24.81
24.81
405.33
405.33
858.43
858.43
424.95
424.95
849.56
849.56
15.47
15.47
2914.36
2914.36
3899.19
3899.19
3070.53
3070.53
494.36
494.36
3640.73
3640.73
3629.41
3629.41
2196.98
2196.98
3157.62
3157.62
909.01
909.01
3357.25
3357.25
1153.06
1153.06
4909.25
4909.25
4813.50
4813.50
1972.56
1972.56
943.33
943.33
3614.27
3614.27
15.74
15.74
1019.69
1019.69
790.00
790.00
550.52
550.52
2617.93
2617.93
667.71
667.71
346.40
346.40
11.43
11.43
788.13
788.13
3467.25
3467.25
883.13
883.13
1110.24
1110.24
1155.20
1155.20
3057.91
3057.91
1569.06
1569.06
3700.54
3700.54
340.28
340.28
3303.59
3303.59
625.21
625.21
29.84
29.84
836.78
836.78
2442.65
2442.65
706.66
706.66
3718.94
3718.94
1945.54
1945.54
1954.41
1954.41
804.44
804.44
533.27
533.27
3819.23
3819.23
686.53
686.53
426.66
426.66
596.48
596.48
3823.07
3823.07
3231.17
3231.17
1867.01
1867.01
319.80
319.80
3536.61
3536.61
756.24
756.24
10.00
10.00
3933.15
3933.15
3545.64
3545.64
1225.52
1225.52
2536.94
2536.94
22.94
22.94
592.43
592.43
25.10
25.10
280.76
280.76
1119.35
1119.35
195.26
195.26
69.50
69.50
69.50
20.31
20.31
216.33
216.33
96.56
96.56
150.28
150.28
240.00
240.00
36.21
36.21
435.44
435.44
2436.38
2436.38
306.22
306.22
35.37
35.37
115.33
115.33
65.68
65.68
36.49
36.49
229.13
701.23
701.23
701.23
576.98
576.98
539.43
539.43
16.30
16.30
269.58
269.58
732.01
732.01
13.90
13.90
2900.84
2900.84
17.00
17.00
432.36
432.36
12.39
12.39
12.90
737.33
737.33
737.33
33.85
33.85
830.60
830.60
16.37
16.37
202.43
202.43
12.20
12.20
3790.49
3790.49
1846.49
1846.49
2867.97
2867.97
100.90
100.90
777.86
777.86
1492.93
1492.93
640.23
640.23
76.78
76.78
261.95
261.95
11.83
11.83
10.00
10.00
2732.81
2732.81
2701.62
2701.62
133.03
133.03
237.72
237.72
32.54
32.54
23.65
23.65
758.94
758.94
32.27
32.27
283.33
283.33
80.75
80.75
447.63
447.63
566.70
566.70
717.05
717.05
95.91
95.91
275.87
275.87
2145.39
2145.39
473.62
473.62
33.61
33.61
613.13
1299.58
1299.58
1299.58
419.19
419.19
1676.02
1676.02
251.97
251.97
574.57
574.57
26.46
26.46
1730.08
1730.08
992.06
992.06
2272.96
2272.96
31.92
31.92
709.76
709.76
1018.56
2874.99
2874.99
2874.99
1787.43
1787.43
2060.03
2060.03
39.66
39.66
2487.04
2487.04
34.54
34.54
186.96
186.96
2004.15
2004.15
3505.80
3505.80
3211.13
3211.13
767.11
767.11
1991.96
1991.96
24.45
24.45
751.79
751.79
134.64
134.64
2590.72
2590.72
784.33
784.33
2042.54
2042.54
2908.66
2908.66
3798.27
3798.27
350.88
350.88
11.32
11.32
1735.97
1735.97
1585.09
1585.09
570.78
570.78
1543.35
1543.35
222.58
222.58
3230.57
3230.57
3391.13
3391.13
2717.42
2717.42
3891.93
3891.93
2980.15
2980.15
521.67
521.67
340.48
340.48
1522.87
1522.87
4368.78
4368.78
570.08
570.08
338.79
338.79
411.02
411.02
2170.98
2170.98
580.04
580.04
15.09
15.09
262.16
262.16
1769.35
1769.35
146.88
146.88
2549.24
2549.24
3023.63
3023.63
2944.32
2944.32
713.64
713.64
200.27
200.27
16.90
16.90
4471.23
4471.23
4719.47
4719.47
1249.20
1249.20
1383.27
1383.27
619.24
619.24
3479.80
3479.80
2051.25
2051.25
1731.88
1731.88
163.22
163.22
3416.25
3416.25
1195.70
1195.70
1636.88
1636.88
2646.49
2646.49
3269.12
3269.12
2902.06
2902.06
2908.95
2908.95
3444.47
3444.47
2275.93
2275.93
3387.34
3387.34
3974.18
3974.18
1728.56
1728.56
3726.49
3726.49
757.73
757.73
3272.08
3272.08
3888.86
3888.86
1724.97
1724.97
2626.93
2626.93
3175.68
3175.68
1316.85
1316.85
32.17
32.17
848.35
848.35
4229.29
4229.29
481.37
481.37
712.32
712.32
540.21
540.21
1448.50
1448.50
2307.49
2307.49
1611.66
1611.66
2271.32
2271.32
1973.89
1973.89
2814.13
2814.13
1854.22
1854.22
3596.38
3596.38
4867.62
4867.62
4061.22
4061.22
4391.76
4391.76
463.04
463.04
1700.58
1700.58
3430.63
3430.63
3430.63
3430.63
4082.52
4082.52
57.80
57.80
375.87
375.87
4195.74
4195.74
709.36
709.36
188.18
188.18
1484.62
1484.62
812.15
812.15
1792.79
1792.79
2980.99
2980.99
1489.73
1489.73
3095.20
3095.20
36.03
36.03
101.34
101.34
689.36
689.36
834.92
834.92
1002.48
1002.48
18.61
18.61
607.89
607.89
603.05
603.05
608.08
608.08
262.43
262.43
3009.98
3009.98
1521.09
1521.09
32.30
32.30
1277.14
1277.14
2895.84
2895.84
1284.37
1284.37
647.60
647.60
15.43
15.43
4367.00
4367.00
4333.03
4333.03
15.29
15.29
1384.08
1384.08
4059.90
4059.90
3635.98
