# 1Hz Kbps trace generated by import_real_world_traces.py
2857.23
3737.73
3671.50
4240.50
4240.50
3557.38
3557.38
3220.14
3220.14
3332.38
3332.38
3332.38
3332.38
3571.02
3571.02
944.51
944.51
3408.42
3408.42
3408.42
3408.42
631.14
631.14
24.53
24.53
2183.20
2183.20
2558.04
2558.04
2558.04
2558.04
2585.13
2585.13
2585.13
2585.13
2888.88
2888.88
3378.09
3378.09
2668.99
2668.99
2806.59
2806.59
2737.39
2737.39
25.80
25.80
1611.13
1611.13
10.00
10.00
1700.79
1700.79
846.19
846.19
10.00
10.00
2448.79
2448.79
2191.63
2191.63
2491.49
2491.49
756.64
756.64
2464.35
2464.35
1663.19
1663.19
174.91
174.91
608.53
608.53
2872.83
2872.83
3041.68
3041.68
1103.46
1103.46
2758.54
2758.54
60.60
60.60
2903.39
2903.39
3401.69
3401.69
3111.74
3111.74
2802.54
2802.54
3566.86
3566.86
22.00
22.00
29.87
29.87
572.84
572.84
1630.55
1630.55
1252.88
1252.88
214.26
214.26
728.36
728.36
231.78
231.78
963.12
963.12
609.18
609.18
958.54
958.54
22.52
22.52
133.71
133.71
940.70
940.70
354.48
354.48
861.35
861.35
305.67
305.67
702.07
702.07
982.09
982.09
250.39
250.39
564.06
564.06
1128.52
1128.52
1369.38
