# 1Hz Kbps trace generated by import_real_world_traces.py
2061.41
3030.60
3030.60
2233.16
2233.16
1931.69
1931.69
3410.12
3410.12
203.39
203.39
3358.74
3358.74
3445.25
3445.25
2753.85
2753.85
2797.92
2797.92
3317.14
3317.14
2961.68
2961.68
2126.52
2126.52
1730.55
1730.55
1452.62
1452.62
792.83
792.83
2265.33
2265.33
2689.06
2689.06
2614.66
2614.66
2757.22
2757.22
3239.27
3239.27
3630.42
3630.42
3403.17
3403.17
3543.74
3543.74
3188.76
3188.76
1898.84
1898.84
3619.75
3619.75
2453.83
2453.83
3143.02
3143.02
3103.93
3103.93
3467.93
3467.93
3220.47
3220.47
1808.34
1808.34
2663.91
2663.91
1525.91
1525.91
2663.88
2663.88
3083.70
3083.70
3040.83
3040.83
3619.14
3619.14
3015.00
3015.00
3335.65
3335.65
3249.72
3249.72
2327.13
2327.13
3472.91
3472.91
3585.33
3585.33
3703.86
3703.86
2490.24
2490.24
2552.24
2552.24
2958.92
2958.92
2871.53
2871.53
3038.50
3038.50
3100.25
3100.25
1117.23
1117.23
2906.58
2906.58
3256.14
3256.14
1580.92
1580.92
612.63
612.63
10.00
10.00
1794.77
1794.77
1994.68
1994.68
2343.57
2343.57
2924.90
2924.90
2814.51
2814.51
2834.13
2834.13
3006.62
3006.62
3316.00
3316.00
2259.62
2259.62
3332.19
3332.19
3512.60
3512.60
3653.36
3653.36
3406.47
3406.47
3304.67
3304.67
3042.75
3042.75
3128.97
3128.97
2030.26
2030.26
1864.93
1864.93
3242.54
3242.54
3162.21
3162.21
31.87
31.87
2806.28
2806.28
3494.75
3494.75
3606.52
3606.52
2919.81
2919.81
3194.12
3194.12
3368.96
3368.96
1728.33
1728.33
3120.45
3120.45
3553.06
3553.06
3477.97
3477.97
2581.83
2581.83
3473.64
3473.64
1903.38
1903.38
2164.01
2164.01
3279.96
3279.96
2962.77
2962.77
3154.14
3154.14
3056.86
3056.86
3226.86
3226.86
2918.80
2918.80
3326.53
3326.53
3600.47
3600.47
3543.84
3543.84
2148.77
2148.77
3014.02
3014.02
3392.80
3392.80
3309.94
3309.94
1027.23
1027.23
2512.70
2512.70
3154.73
3154.73
3204.73
3204.73
3666.63
3666.63
3645.25
3645.25
3313.97
3313.97
2935.48
2935.48
2822.88
2822.88
3371.43
3371.43
2633.36
2633.36
2859.86
2859.86
3748.20
3748.20
3576.29
3576.29
2287.66
2287.66
2281.35
2281.35
3461.50
3461.50
2629.49
2629.49
3448.17
3448.17
3335.08
3335.08
1437.25
1437.25
2832.35
2832.35
3284.01
3284.01
4182.24
4182.24
2882.04
2882.04
2882.04
2882.04
2926.46
2926.46
2556.59
2556.59
2725.27
2725.27
3696.83
3696.83
3311.65
3311.65
2245.96
2245.96
2385.44
2385.44
3406.85
3406.85
3420.55
3420.55
3196.34
3196.34
3403.60
3403.60
3304.74
3304.74
3222.81
3222.81
1902.67
1902.67
3520.59
3520.59
3130.91
3130.91
3474.10
3474.10
3428.97
3428.97
2637.55
2637.55
1960.05
1960.05
3507.85
3507.85
3664.57
3664.57
1920.98
1920.98
2898.78
2898.78
2121.53
2121.53
2121.53
2121.53
2121.53
2121.53
2121.53
2121.53
2121.53
2121.53
2121.53
2121.53
2121.53
2121.53
2121.53
2121.53
2121.53
2121.53
2121.53
2121.53
2121.53
2121.53
2121.53
2121.53
2121.53
2121.53
2121.53
2121.53
2121.53
2121.53
2121.53
2121.53
2121.53
2121.53
2121.53
2121.53
2121.53
2121.53
2121.53
2121.53
3517.60
