# 1Hz Kbps trace generated by import_real_world_traces.py
3047.49
373.32
702.40
3694.59
3694.59
3235.61
3235.61
3771.25
3771.25
3758.40
3758.40
2695.63
2695.63
3487.72
3487.72
842.51
842.51
3732.93
3732.93
3021.93
3021.93
3633.77
3633.77
1508.63
1508.63
3574.87
3574.87
3431.19
3431.19
3695.13
3695.13
3465.69
3465.69
3688.79
3688.79
1599.73
1599.73
349.99
349.99
304.62
304.62
3500.17
3500.17
1804.21
1804.21
3777.24
3777.24
3585.05
3585.05
2942.36
2942.36
2884.38
2884.38
3723.73
3723.73
3752.93
3752.93
3692.51
3692.51
3725.08
3725.08
3715.19
3715.19
3460.99
3460.99
3488.14
3488.14
3679.92
3679.92
3643.19
3643.19
3710.73
3710.73
3748.77
3748.77
3736.70
3736.70
2265.26
2265.26
150.73
150.73
3588.31
3588.31
3772.70
3772.70
3040.16
3040.16
3630.90
3630.90
3669.64
3669.64
38.16
38.16
3769.43
3769.43
3641.45
3641.45
3626.71
3626.71
3261.19
3261.19
3737.20
3737.20
3771.18
3771.18
256.77
256.77
3351.79
3351.79
3672.75
3672.75
3802.38
3802.38
1201.60
1201.60
3638.38
3638.38
3738.69
3738.69
3508.86
3508.86
3858.78
3858.78
1353.43
1353.43
3821.91
3821.91
3574.94
3574.94
21.77
21.77
3423.33
3423.33
3419.85
3419.85
1034.58
1034.58
2685.74
2685.74
3693.85
3693.85
3560.37
3560.37
1529.25
1529.25
702.43
702.43
1740.55
1740.55
3631.74
3631.74
3762.06
3762.06
460.94
460.94
3809.24
3809.24
1493.62
1493.62
3852.76
