# 1Hz Kbps trace generated by import_real_world_traces.py
1279.91
5283.45
1403.53
1597.78
3674.84
3674.84
4483.67
4483.67
3870.08
3870.08
817.23
817.23
5942.15
5942.15
5682.17
5682.17
836.88
836.88
2394.61
2394.61
6780.76
6780.76
1571.68
1571.68
800.33
800.33
17.30
17.30
1424.14
1424.14
873.01
873.01
1484.90
1484.90
3364.80
3364.80
4895.19
4895.19
4819.14
4819.14
6194.73
6194.73
5637.06
5637.06
838.79
838.79
1980.46
1980.46
14.40
14.40
6259.55
6259.55
4917.22
4917.22
593.50
593.50
908.60
908.60
2487.40
2487.40
214.81
214.81
3254.60
3254.60
806.94
806.94
2531.27
2531.27
5751.13
5751.13
5522.98
5522.98
1165.97
1165.97
3653.77
3653.77
1086.30
1086.30
885.88
885.88
1073.41
1073.41
670.28
670.28
401.17
401.17
1664.12
1664.12
876.68
876.68
6836.88
6836.88
552.50
552.50
552.50
3197.24
3197.24
6879.02
6879.02
2009.48
3463.13
3463.13
3463.13
6647.78
6647.78
2362.54
2362.54
6855.48
6855.48
4940.81
4940.81
6793.08
6793.08
1335.20
1335.20
6769.79
863.64
863.64
863.64
6747.35
6747.35
6844.08
6844.08
1834.79
1834.79
6614.85
6614.85
6614.85
6614.85
898.66
898.66
6108.33
6108.33
576.93
576.93
6691.73
6691.73
861.27
861.27
6859.72
2525.15
2525.15
2525.15
502.38
502.38
6551.80
6551.80
6848.95
6848.95
6848.95
6848.95
1184.62
1184.62
1942.27
1942.27
1942.27
1942.27
1942.27
1942.27
1942.27
1942.27
1942.27
1942.27
1942.27
1942.27
1942.27
1942.27
3381.38
3381.38
1276.87
1276.87
1264.04
1264.04
1610.20
1610.20
1465.52
1465.52
1786.98
1786.98
1828.52
1828.52
2351.92
2351.92
2754.14
2754.14
2876.12
2876.12
3141.47
4080.60
4080.60
4080.60
3582.73
3582.73
5082.76
5082.76
6047.83
6047.83
2893.84
2893.84
6662.06
6662.06
243.16
243.16
4393.92
4393.92
2425.97
2425.97
6982.81
6982.81
5527.95
5527.95
1286.52
1286.52
6836.47
6836.47
6728.44
6728.44
6937.17
6937.17
6521.36
6521.36
6799.06
6799.06
1721.65
1721.65
6704.10
6704.10
561.39
561.39
6598.38
6598.38
3633.67
3633.67
3464.46
3464.46
146.36
146.36
2742.03
2742.03
6809.57
6809.57
2387.91
2387.91
6689.91
6689.91
195.90
195.90
5115.33
5115.33
3144.25
3144.25
4469.24
4469.24
6738.73
6738.73
5821.29
5821.29
885.33
885.33
291.45
291.45
6873.79
6873.79
2273.48
2273.48
1149.92
1149.92
4560.38
4560.38
7019.90
7019.90
2755.81
2755.81
6826.54
6826.54
1314.98
1314.98
282.15
282.15
1932.14
1932.14
12.93
12.93
2349.28
2349.28
886.67
886.67
1372.99
1372.99
4840.30
4840.30
2200.06
2200.06
327.51
327.51
6362.82
6362.82
379.32
379.32
6080.99
6080.99
6765.78
6765.78
868.63
868.63
2193.99
2193.99
417.40
417.40
626.04
626.04
4189.59
4189.59
488.00
488.00
5402.32
5402.32
1134.57
1134.57
1126.33
1126.33
4329.44
4329.44
397.45
397.45
6257.93
6257.93
3659.15
3659.15
2650.27
2650.27
3642.78
3642.78
3642.78
3642.78
3642.78
3642.78
242.27
242.27
6853.16
6853.16
6853.16
6853.16
6853.16
6853.16
6853.16
6853.16
6853.16
6853.16
6853.16
6853.16
6853.16
6853.16
6853.16
6853.16
6853.16
6853.16
6801.51
6801.51
6801.51
6801.51
6801.51
6801.51
6801.51
6801.51
6801.51
6801.51
6801.51
6801.51
6801.51
6801.51
6628.71
6628.71
6787.78
6787.78
6787.78
6787.78
12.47
12.47
6572.85
6572.85
868.60
868.60
1029.57
1029.57
246.42
246.42
4357.06
4357.06
4357.06
4357.06
884.74
884.74
884.74
884.74
6707.14
6707.14
6825.70
6825.70
6844.31
6844.31
5580.88
5580.88
4939.06
4939.06
3314.73
3314.73
6752.60
6752.60
6752.60
6752.60
6752.60
6752.60
6752.60
6752.60
6539.46
6539.46
6539.46
6539.46
6539.46
6539.46
6539.46
6539.46
6731.06
6731.06
6092.83
6092.83
6835.97
6835.97
4688.83
4688.83
4688.83
4688.83
4688.83
4688.83
4688.83
4688.83
4688.83
4688.83
6753.75
6753.75
6753.75
6753.75
6753.75
6753.75
6753.75
6753.75
6753.75
6753.75
1271.62
1271.62
4555.27
4555.27
4555.27
4555.27
213.21
213.21
5658.97
5658.97
1874.91
1874.91
1010.38
1010.38
6608.82
6608.82
6666.90
6666.90
5834.95
5834.95
4157.71
4157.71
6769.99
6769.99
49.87
49.87
5028.72
5028.72
1653.53
1653.53
6696.49
6696.49
2951.87
2951.87
198.28
198.28
6784.60
6784.60
3894.94
3894.94
3282.07
3282.07
6877.74
6877.74
2052.71
2052.71
6856.24
6856.24
6794.82
6794.82
114.79
114.79
3323.64
3323.64
1336.84
1336.84
597.21
597.21
591.72
591.72
3505.70
3505.70
6807.03
6807.03
2364.24
2364.24
1569.39
1569.39
541.22
541.22
4208.28
4208.28
6880.46
6880.46
88.67
88.67
1614.48
1614.48
6821.93
6821.93
3241.96
3241.96
2970.67
2970.67
2934.04
2934.04
4700.50
4700.50
748.10
748.10
6725.77
6725.77
3404.25
3404.25
2152.61
2152.61
205.66
205.66
5961.47
5961.47
5578.01
5578.01
662.91
662.91
5179.13
5179.13
1838.61
1838.61
6294.93
6294.93
4297.99
4297.99
6193.76
6193.76
4711.60
4711.60
162.97
162.97
1986.89
1986.89
933.45
933.45
423.91
423.91
39.54
39.54
367.77
367.77
6802.74
6802.74
6629.91
6629.91
5685.62
5685.62
871.86
871.86
1992.01
1992.01
863.44
863.44
1794.46
1794.46
5159.83
5159.83
17.30
17.30
6715.25
6715.25
197.15
197.15
660.21
660.21
18.15
18.15
881.14
881.14
4181.49
4181.49
1214.97
1214.97
1375.76
1375.76
661.77
661.77
2670.99
2670.99
3321.17
3321.17
627.79
627.79
3185.30
3185.30
793.62
793.62
6732.24
6732.24
1692.10
1692.10
1401.51
1401.51
5333.48
5333.48
3980.69
3980.69
4611.17
4611.17
873.42
873.42
302.92
302.92
267.93
267.93
1062.97
1062.97
253.05
253.05
624.53
624.53
273.29
273.29
559.52
559.52
1385.89
1385.89
1203.60
1203.60
4083.04
4083.04
383.77
383.77
271.04
271.04
18.08
18.08
90.80
90.80
2891.12
2891.12
72.01
72.01
963.49
963.49
5135.29
5135.29
895.77
895.77
1624.13
1624.13
344.46
344.46
254.28
254.28
1927.03
1927.03
72.26
72.26
6376.06
6376.06
3796.00
3796.00
6357.34
6357.34
5635.69
5635.69
876.84
876.84
4618.60
4618.60
2056.36
2056.36
81.92
81.92
5560.36
5560.36
5432.41
5432.41
359.88
359.88
6223.01
6223.01
2205.46
2205.46
230.66
230.66
17.30
17.30
2760.86
2760.86
4083.02
4083.02
10.00
10.00
165.48
165.48
1302.11
1302.11
1551.43
1551.43
3547.35
3547.35
1917.12
1917.12
1732.53
1732.53
6745.14
6745.14
6791.71
6791.71
276.58
276.58
3784.70
3784.70
1211.79
1211.79
327.24
327.24
74.82
74.82
3080.78
3080.78
151.25
151.25
859.13
859.13
4739.62
4739.62
6798.27
6798.27
6700.71
6700.71
671.19
671.19
428.75
428.75
448.23
448.23
869.89
869.89
341.06
341.06
6848.51
6848.51
312.90
312.90
57.51
57.51
6802.00
6802.00
447.14
447.14
2652.12
2652.12
40.67
40.67
6417.58
6417.58
2016.43
2016.43
5232.27
5232.27
65.04
65.04
66.23
66.23
452.51
452.51
71.09
71.09
3564.66
3564.66
6571.86
6571.86
6689.90
6689.90
871.39
871.39
1260.35
1260.35
6485.40
6485.40
17.60
17.60
3473.94
3473.94
845.64
845.64
1823.96
1823.96
2665.59
2665.59
3680.93
3680.93
1951.30
1951.30
204.21
204.21
353.87
353.87
863.34
863.34
6061.57
6061.57
1604.63
1604.63
969.15
969.15
292.47
292.47
6115.81
6115.81
3201.71
3201.71
233.19
233.19
42.70
42.70
186.66
186.66
186.66
179.08
179.08
179.08
1337.07
1337.07
1337.07
473.48
121.91
196.24
2535.91
2535.91
198.00
198.00
5166.65
5166.65
4938.82
4938.82
6027.53
6027.53
6407.35
6407.35
6593.59
6593.59
4589.37
4589.37
6689.97
6689.97
1282.40
1282.40
4794.57
4794.57
6833.66
6833.66
5122.25
5122.25
5785.25
5785.25
6671.91
6671.91
2366.87
2366.87
34.81
34.81
48.34
48.34
6558.06
6558.06
6129.13
6129.13
131.75
131.75
6716.61
6716.61
6765.30
6765.30
6832.00
6832.00
6326.08
6326.08
6767.93
6767.93
11.71
11.71
1902.17
1902.17
3314.43
3314.43
2348.57
2348.57
2348.57
463.56
463.56
670.15
686.46
686.46
2541.31
2541.31
3107.15
3107.15
3694.29
3694.29
1219.62
1219.62
5260.68
5260.68
5860.48
5860.48
6245.08
6245.08
5048.97
5048.97
6771.00
6771.00
2477.01
2477.01
878.33
878.33
5661.41
5661.41
888.98
888.98
952.12
952.12
3650.98
3650.98
1097.50
1097.50
3950.95
3950.95
821.01
821.01
4236.83
4236.83
4843.94
4843.94
6363.62
6363.62
6237.84
6237.84
115.65
115.65
162.56
162.56
1292.29
1292.29
1713.99
1713.99
1155.49
1155.49
3980.01
3980.01
709.29
709.29
6770.40
6770.40
6480.99
6480.99
874.16
874.16
12.79
12.79
1180.17
1180.17
16.80
16.80
2562.28
2562.28
887.24
887.24
5363.03
5363.03
82.38
82.38
6806.80
6806.80
178.03
178.03
17.35
17.35
307.29
307.29
878.27
878.27
397.50
397.50
4932.59
4932.59
3139.78
3139.78
2239.29
2239.29
887.09
887.09
6785.66
6785.66
68.75
68.75
28.39
28.39
28.39
973.97
973.97
1038.21
3391.72
3391.72
38.83
38.83
297.00
297.00
126.81
126.81
97.50
97.50
196.66
196.66
880.22
880.22
26.73
26.73
2787.80
2787.80
6477.65
6477.65
6606.11
6606.11
65.04
65.04
75.43
75.43
13.79
13.79
169.01
169.01
2910.28
2910.28
6718.76
6718.76
1485.63
1485.63
78.53
78.53
3171.68
3171.68
3814.69
3814.69
1466.89
1466.89
5127.60
5127.60
6423.79
6423.79
380.49
380.49
883.61
883.61
6883.96
6883.96
1447.66
1447.66
6777.86
6777.86
59.57
59.57
878.36
878.36
1808.42
1808.42
1808.42
6914.54
6914.54
6062.91
6062.91
6929.19
6929.19
1217.92
34.48
34.48
34.48
861.80
861.80
2472.85
2472.85
1922.81
1922.81
2252.00
2252.00
58.11
58.11
6818.01
6818.01
3662.49
3662.49
4377.86
4377.86
3363.68
3363.68
443.19
443.19
952.65
952.65
1745.40
1745.40
884.57
884.57
90.71
90.71
240.86
240.86
69.70
69.70
6617.25
6617.25
6944.20
6944.20
1357.33
1357.33
6623.55
6623.55
6805.38
6805.38
5791.60
5791.60
6691.47
6691.47
709.05
34.12
34.12
34.12
10.00
10.00
3098.08
3098.08
3801.23
3801.23
3060.80
3060.80
3060.80
3060.80
4313.97
4313.97
5163.49
5163.49
6395.97
6395.97
2593.70
2593.70
762.94
762.94
632.59
632.59
6395.07
6395.07
5454.50
5454.50
2131.14
2131.14
4212.43
4212.43
6830.64
6830.64
6830.64
6830.64
6830.64
6830.64
6756.44
6756.44
6674.72
6674.72
6359.88
6359.88
2480.15
2480.15
6848.54
6848.54
6681.85
6681.85
501.14
501.14
503.38
503.38
6891.27
6891.27
6785.75
6785.75
6560.30
6560.30
6674.90
6674.90
6876.42
6876.42
6876.42
6876.42
6876.42
6876.42
6876.42
6876.42
6844.05
6844.05
6844.05
6844.05
426.74
426.74
6700.90
6700.90
938.98
938.98
149.27
149.27
4583.23
4583.23
6617.53
6617.53
6797.02
6797.02
836.41
836.41
6800.00
6800.00
6650.98
6650.98
129.84
129.84
6711.66
6711.66
72.41
72.41
2384.27
2384.27
6687.48
6687.48
509.12
509.12
6853.88
6853.88
181.80
181.80
2834.95
2834.95
2834.95
2834.95
158.73
158.73
1957.59
1957.59
3663.83
3663.83
6736.73
6736.73
5985.76
5985.76
824.88
824.88
6926.43
6926.43
6838.16
6838.16
6802.26
6802.26
361.91
361.91
6663.29
6663.29
6663.29
6663.29
6663.29
6663.29
888.40
888.40
78.82
78.82
823.85
823.85
150.05
150.05
2543.67
2543.67
17.34
17.34
6753.98
6753.98
861.54
861.54
663.13
663.13
295.08
295.08
1578.14
1578.14
6862.20
6862.20
880.26
880.26
1686.86
1686.86
6809.36
6809.36
3724.21
3724.21
6731.04
6731.04
6825.78
6825.78
46.79
46.79
1519.62
1519.62
6887.55
6887.55
671.03
671.03
6904.57
6904.57
5384.72
5384.72
1710.10
1710.10
652.01
652.01
6499.41
6499.41
6499.41
6499.41
6499.41
6499.41
6499.41
6499.41
6499.41
6499.41
6499.41
6499.41
6499.41
6499.41
876.23
876.23
4824.82
4824.82
3090.36
3090.36
2368.49
2368.49
2974.02
2974.02
6859.29
6859.29
6853.65
6853.65
167.62
167.62
4476.51
4476.51
6738.70
6738.70
4545.90
4545.90
12.56
12.56
4420.64
4420.64
6698.98
6698.98
6546.15
6546.15
17.34
17.34
6863.23
6863.23
875.83
875.83
174.94
174.94
6813.66
6813.66
915.58
915.58
6862.28
6862.28
39.31
39.31
4576.44
4576.44
5118.49
5118.49
2799.99
2799.99
6600.00
6600.00
6402.11
6402.11
6803.87
6803.87
6812.62
6812.62
3611.09
3611.09
3615.03
3615.03
5966.35
5966.35
97.56
97.56
4816.76
4816.76
5746.68
5746.68
885.25
885.25
3310.29
3310.29
3310.29
3310.29
6100.54
6100.54
6100.54
6100.54
6100.54
6100.54
6656.38
6656.38
179.70
179.70
6690.14
6690.14
5782.05
5782.05
875.66
875.66
3574.68
3574.68
27.23
27.23
349.34
349.34
6699.05
6699.05
6645.68
6645.68
6841.91
6841.91
6848.70
6848.70
6848.70
6848.70
6862.02
6862.02
6874.86
6874.86
6874.86
6874.86
6879.39
6879.39
6827.61
6827.61
6858.71
6858.71
12.41
12.41
6296.13
6296.13
6821.20
6821.20
6827.80
6827.80
6843.78
6843.78
6882.63
6882.63
63.28
63.28
155.53
155.53
2963.49
2963.49
6699.49
6699.49
589.23
589.23
857.04
857.04
155.17
155.17
309.30
309.30
6957.85
6957.85
4886.48
4886.48
41.54
41.54
665.63
665.63
6705.26
6705.26
2513.63
2513.63
1699.67
1699.67
6789.95
6789.95
6745.21
6745.21
6838.45
6838.45
4664.71
4664.71
6201.80
6201.80
6679.20
6679.20
5148.73
5148.73
3140.13
3140.13
6915.95
6915.95
6915.95
6915.95
4588.53
4588.53
464.13
464.13
34.49
34.49
1308.43
1308.43
6742.48
6742.48
6742.48
6742.48
6827.88
6827.88
6853.49
6853.49
2945.96
2945.96
2945.96
2945.96
6775.56
6775.56
525.50
525.50
6884.09
6884.09
6853.00
6853.00
863.76
863.76
1086.12
1086.12
2860.04
2860.04
407.11
407.11
3432.23
3432.23
6639.90
6639.90
36.54
36.54
4487.95
4487.95
4487.95
4487.95
4487.95
4487.95
3674.17
3674.17
6944.30
6944.30
1222.07
1222.07
173.77
173.77
6575.47
6575.47
6921.18
6921.18
1855.82
1855.82
160.47
160.47
2467.35
2467.35
6766.06
6766.06
1466.06
1466.06
6728.03
6728.03
49.62
49.62
918.62
918.62
938.09
938.09
2921.76
2921.76
6854.54
6854.54
163.15
163.15
231.11
231.11
131.51
131.51
1740.32
1740.32
6827.26
6827.26
6839.20
6839.20
877.06
877.06
6808.23
6808.23
373.25
373.25
6861.98
6861.98
6793.45
6793.45
860.25
860.25
2656.20
2656.20
2656.20
2656.20
622.67
622.67
90.02
90.02
6798.36
6798.36
828.19
828.19
865.10
865.10
206.11
206.11
6926.69
6926.69
5485.44
5485.44
3451.12
3451.12
38.49
38.49
403.67
403.67
6743.36
6743.36
6442.14
6442.14
18.15
18.15
823.63
823.63
6748.14
6748.14
1424.69
1424.69
6816.91
6816.91
1847.27
1847.27
5975.90
5975.90
97.34
97.34
2580.98
2580.98
405.93
405.93
1019.17
1019.17
1423.58
1423.58
3583.88
3583.88
6732.12
6732.12
76.06
76.06
6572.30
6572.30
6565.43
6565.43
1025.49
1025.49
6699.43
6699.43
6699.43
6699.43
6699.43
6699.43
3366.71
3366.71
6764.12
6764.12
6802.13
6802.13
429.23
429.23
865.11
865.11
297.78
297.78
6832.21
6832.21
35.10
35.10
6509.92
6509.92
946.36
946.36
6809.75
6809.75
858.35
858.35
6466.17
6466.17
1656.09
1656.09
6863.37
6863.37
2483.72
2483.72
6793.70
6793.70
739.06
739.06
2983.22
2983.22
2947.13
2947.13
6908.10
6908.10
3172.77
3172.77
6862.45
6862.45
3534.98
3534.98
3534.98
3534.98
3534.98
3534.98
5757.00
5757.00
5757.00
5757.00
5757.00
5757.00
5757.00
5757.00
4507.42
4507.42
6726.14
6726.14
678.00
678.00
17.26
17.26
6788.12
6788.12
880.26
880.26
6790.61
6790.61
375.44
375.44
6976.60
6976.60
6587.86
6587.86
873.92
873.92
6863.56
6863.56
2054.89
2054.89
37.37
37.37
289.13
289.13
878.26
878.26
60.35
60.35
6894.28
6894.28
3995.09
3995.09
2521.59
2521.59
43.03
43.03
6598.52
6598.52
4530.40
4530.40
6098.68
6098.68
891.53
891.53
3171.23
3171.23
325.50
325.50
130.36
130.36
6711.81
6711.81
6691.23
6691.23
1963.81
1963.81
4929.44
4929.44
6514.96
6514.96
5195.22
5195.22
153.19
153.19
143.59
143.59
37.84
37.84
180.60
180.60
36.13
36.13
51.60
51.60
908.74
908.74
871.79
871.79
6757.34
6757.34
108.61
108.61
5063.98
5063.98
5063.98
3008.22
6836.80
6836.80
53.99
53.99
871.70
871.70
370.12
370.12
5676.26
5676.26
6426.63
6426.63
1732.43
1732.43
4123.65
4123.65
6793.32
6793.32
1151.28
1151.28
76.16
76.16
1067.53
1067.53
74.32
74.32
18.18
18.18
888.62
888.62
6753.97
6753.97
772.72
772.72
17.51
17.51
58.55
58.55
879.60
879.60
246.86
246.86
53.63
53.63
774.45
774.45
1774.37
1774.37
99.40
99.40
6773.42
6773.42
876.51
876.51
197.86
197.86
50.25
50.25
115.53
115.53
311.43
311.43
26.50
26.50
5915.64
5915.64
2402.46
2402.46
6775.26
6775.26
6779.54
6779.54
6823.06
6823.06
2814.73
2814.73
5894.32
5894.32
1846.42
1846.42
6659.63
6659.63
16.77
16.77
6649.04
6649.04
55.44
55.44
385.99
385.99
40.04
40.04
6403.22
6403.22
6791.52
6791.52
123.50
123.50
3035.32
3035.32
6728.87
6728.87
2120.19
2120.19
547.53
547.53
354.91
354.91
2240.74
2240.74
14.45
14.45
6917.04
6917.04
233.90
233.90
2786.84
2786.84
79.88
79.88
5993.62
5993.62
70.83
70.83
1919.05
1919.05
568.25
568.25
2821.77
2821.77
36.24
36.24
4465.65
4465.65
897.80
897.80
192.08
192.08
252.17
252.17
325.79
325.79
1836.75
1836.75
36.15
36.15
5543.60
5543.60
6727.94
6727.94
2253.09
2253.09
87.89
87.89
3831.36
3831.36
4824.74
4824.74
12.58
12.58
5946.98
5946.98
309.18
309.18
5181.53
5181.53
2755.48
2755.48
6601.57
6601.57
202.20
202.20
2607.75
2607.75
6323.12
6323.12
139.35
139.35
143.68
143.68
143.68
4147.85
1187.69
1187.69
5626.93
5626.93
5478.90
5478.90
5365.63
5365.63
84.43
84.43
878.27
878.27
38.94
38.94
6841.41
6841.41
46.30
46.30
72.49
72.49
3524.29
3524.29
2197.88
2197.88
13.12
13.12
5679.77
5679.77
5106.15
5106.15
2516.53
2516.53
6670.39
6670.39
6670.39
6670.39
520.19
520.19
2269.97
2269.97
2269.97
27.53
27.53
928.12
928.12
6020.25
6020.25
6838.70
6838.70
1932.77
1932.77
3034.92
6770.89
6770.89
6770.89
4971.85
4971.85
6212.16
6212.16
3162.42
3162.42
1563.49
1563.49
25.30
25.30
6525.12
6525.12
602.00
602.00
6495.79
6495.79
2071.31
2071.31
6788.03
6788.03
5001.77
3764.25
3764.25
3764.25
214.19
214.19
6814.29
6814.29
6611.66
6611.66
6819.61
6819.61
6779.51
6779.51
6853.45
6853.45
78.53
78.53
1281.99
1281.99
6543.10
6543.10
64.86
64.86
2287.50
867.70
867.70
867.70
6413.01
6413.01
14.26
14.26
896.09
896.09
6848.50
6848.50
892.13
892.13
5561.24
5561.24
6439.87
6439.87
2699.98
2699.98
6766.15
6766.15
6714.88
6714.88
3542.85
3863.49
3863.49
3863.49
3693.85
3693.85
71.61
71.61
5256.79
5256.79
4365.02
4365.02
3423.31
3423.31
342.05
342.05
3772.97
3772.97
1357.48
1357.48
5682.45
5682.45
104.32
104.32
54.21
54.21
1879.05
1879.05
6704.15
6704.15
6640.63
6640.63
3332.51
3332.51
5588.99
5588.99
6567.25
6567.25
5618.86
5618.86
86.98
86.98
240.58
240.58
228.61
228.61
54.25
54.25
15.88
15.88
5194.66
5194.66
87.18
87.18
216.90
216.90
113.27
113.27
11.58
11.58
951.39
951.39
4981.61
4981.61
939.51
939.51
6685.79
6685.79
6685.79
6685.79
1324.10
1324.10
6896.34
6896.34
6896.34
6896.34
245.68
245.68
2354.30
2354.30
877.77
877.77
6556.06
6556.06
6705.29
6705.29
6838.99
6838.99
6838.99
6838.99
26.25
26.25
1199.54
1199.54
65.45
65.45
6789.28
6789.28
12.26
12.26
1144.76
1144.76
6835.87
6835.87
6835.87
6835.87
6835.87
6835.87
55.46
55.46
1789.91
1789.91
2441.57
2441.57
2486.86
2486.86
2486.86
2486.86
3463.22
3463.22
3463.22
3463.22
3463.22
3463.22
306.14
306.14
2988.39
2988.39
6781.52
6781.52
81.21
81.21
51.80
51.80
4391.60
4391.60
5529.62
5529.62
4073.57
4073.57
2772.30
2772.30
6683.97
6683.97
6683.97
6683.97
871.74
871.74
6658.66
6658.66
6658.66
6658.66
6658.66
6658.66
6658.66
6658.66
6658.66
6658.66
6811.82
6811.82
6839.68
6839.68
1674.74
