# 1Hz Kbps trace generated by import_real_world_traces.py
547.49
443.64
533.05
533.05
10.00
511.44
525.22
525.22
483.37
483.37
426.92
497.90
17.41
534.11
534.11
522.12
541.19
541.19
544.09
544.09
331.82
331.82
555.86
555.86
555.86
555.86
170.08
390.57
390.57
156.29
156.29
156.29
156.29
156.29
173.52
173.52
173.52
173.52
181.99
181.99
502.40
323.87
323.87
323.87
41.98
41.98
445.76
445.76
66.60
377.02
326.66
487.21
487.21
10.00
299.83
299.83
394.39
394.39
495.54
495.54
457.09
457.09
534.20
534.20
533.83
533.83
27.23
27.23
27.23
27.23
333.05
333.05
469.71
469.71
469.71
469.71
524.95
524.95
524.95
460.34
492.31
492.31
492.31
10.73
423.04
423.04
423.04
423.04
492.13
492.13
492.13
25.03
25.03
534.60
534.60
511.32
511.32
488.74
488.74
488.74
459.19
459.19
460.66
460.66
460.66
481.95
398.07
504.11
504.11
410.20
410.20
529.51
105.32
105.32
105.32
37.49
538.46
18.10
18.10
18.10
18.10
296.42
296.42
516.15
42.00
42.00
513.13
513.13
513.13
513.13
294.58
294.58
411.18
507.20
508.16
508.16
68.81
503.36
503.36
300.78
431.85
431.85
431.85
431.85
431.85
425.51
425.51
425.51
425.51
254.74
254.74
254.74
484.78
536.12
536.12
536.12
536.12
121.46
121.46
121.46
503.27
539.48
529.67
529.67
516.92
521.15
511.17
511.17
480.58
480.58
515.49
515.49
169.80
169.80
543.28
543.28
449.43
449.43
449.43
171.64
