# 1Hz Kbps trace generated by import_real_world_traces.py
1249.23
1296.97
2507.10
2507.10
2580.09
2580.09
2547.99
2547.99
2323.22
2323.22
3630.51
3630.51
3763.70
3763.70
201.14
201.14
3245.65
3245.65
10.00
10.00
4637.47
4637.47
4278.08
4278.08
4278.08
853.48
4116.32
4116.32
29.73
29.73
4611.00
4611.00
4611.00
4611.00
908.87
908.87
4346.24
4346.24
1108.53
1108.53
2165.51
2165.51
4666.19
4666.19
15.40
15.40
5914.57
5914.57
873.71
873.71
5112.09
5112.09
1112.65
1112.65
5243.26
5243.26
1288.52
1288.52
1178.84
1178.84
2700.78
2700.78
910.96
910.96
127.05
127.05
25.92
25.92
19.39
19.39
1567.08
1567.08
26.44
26.44
77.77
77.77
185.81
185.81
15.95
15.95
14.51
14.51
50.64
50.64
15.61
15.61
855.92
855.92
444.37
444.37
35.40
35.40
5006.25
5006.25
3933.53
3933.53
3822.37
3822.37
52.44
52.44
3329.64
3329.64
5656.48
5656.48
5496.70
5496.70
6492.27
6492.27
37.28
37.28
1027.60
1027.60
973.62
973.62
1394.38
1394.38
318.54
318.54
3762.39
3762.39
92.72
92.72
23.13
23.13
94.10
94.10
21.70
21.70
10.30
10.30
1997.09
1997.09
5204.54
5204.54
4450.04
4450.04
5641.82
5641.82
2362.48
2362.48
4191.76
4191.76
95.41
95.41
857.90
857.90
2115.52
2115.52
4319.75
4319.75
5568.41
5568.41
5683.63
