# 1Hz Kbps trace generated by import_real_world_traces.py
248.84
885.89
1387.13
1457.41
1457.41
1457.41
901.24
901.24
901.24
400.88
133.81
133.81
475.82
475.82
1444.20
1444.20
1010.35
1010.35
106.27
106.27
1227.59
1227.59
1227.59
1511.06
812.95
812.95
812.95
812.95
1569.28
1569.28
1569.28
1569.28
1189.51
1189.51
1375.82
1375.82
1825.43
1825.43
625.92
625.92
625.92
1641.99
1641.99
837.39
837.39
1383.28
1383.28
1097.39
1097.39
1170.30
1170.30
1642.80
1642.80
63.44
63.44
323.39
323.39
1379.02
1379.02
1487.67
1487.67
184.89
184.89
343.38
343.38
1132.70
1132.70
1182.36
1182.36
1583.12
1583.12
1719.67
1719.67
1373.37
1373.37
1624.20
1624.20
1624.20
493.07
1450.06
1450.06
1321.19
1321.19
105.12
105.12
685.31
685.31
1202.04
1202.04
681.82
681.82
681.82
877.41
612.42
612.42
2117.38
2117.38
2117.38
1668.40
1668.40
55.28
55.28
1211.70
36.34
36.34
1656.29
1656.29
1656.29
1656.29
551.08
453.95
1068.65
1068.65
433.24
433.24
1196.31
1196.31
165.20
165.20
1934.74
1934.74
166.67
166.67
17.01
17.01
1000.39
1000.39
1836.42
1836.42
241.39
241.39
905.53
905.53
1080.82
1080.82
1824.76
1824.76
2045.16
2045.16
1114.78
1114.78
302.77
302.77
302.77
794.38
794.38
1708.07
1708.07
1708.07
1069.59
1069.59
1276.39
1276.39
1276.39
1147.12
1147.12
749.41
749.41
749.41
1724.28
1724.28
2125.32
2125.32
1337.59
1337.59
1038.72
1038.72
346.77
346.77
346.77
1728.41
1738.34
1738.34
1365.46
1365.46
24.42
24.42
13.19
13.19
1700.37
1700.37
1700.37
1504.20
1504.20
961.79
961.79
35.70
