# 1Hz Kbps trace generated by import_real_world_traces.py
14.72
14.72
14.72
14.72
14.72
36.35
31.43
1419.88
95.25
550.26
550.26
10.00
10.00
10.00
24.91
24.91
13.84
13.84
828.69
828.69
828.69
828.69
828.69
828.69
828.69
828.69
828.69
828.69
828.69
828.69
828.69
828.69
828.69
828.69
504.79
16.73
534.18
368.81
368.81
775.31
775.31
12.42
726.03
677.79
2010.06
1702.76
1702.76
732.97
732.97
1487.65
1070.85
2758.00
3435.22
3435.22
46.04
46.04
324.72
324.72
95.54
95.54
10.00
10.00
10.00
10.00
10.00
10.00
10.00
10.00
10.00
463.00
463.00
126.42
126.42
1451.80
600.36
600.36
33.06
57.64
57.64
66.72
171.04
1552.31
28.95
28.95
28.95
28.95
103.08
103.08
103.08
103.08
103.08
103.08
103.08
103.08
103.08
103.08
19.05
19.05
19.05
19.05
19.05
19.05
19.05
19.05
17.04
17.04
17.04
14.98
333.73
143.66
143.66
17.55
24.02
24.02
10.00
14.54
18.57
262.80
693.91
14.51
14.51
1203.45
1203.45
364.99
364.99
364.99
65.92
65.92
65.92
34.68
34.68
34.68
10.00
318.67
318.67
101.04
29.05
214.63
322.27
770.45
31.14
31.14
1359.32
1359.32
1359.32
162.44
162.44
162.44
162.44
162.44
162.44
162.44
162.44
162.44
162.44
162.44
162.44
162.44
162.44
162.44
162.44
162.44
162.44
162.44
162.44
162.44
162.44
162.44
162.44
402.23
549.52
435.12
1254.81
1590.13
604.44
1707.80
17.27
39.31
11.59
11.59
31.41
31.41
31.41
31.41
10.00
10.00
93.12
93.12
10.34
10.34
10.34
201.31
201.31
201.31
201.31
201.31
201.31
201.31
201.31
201.31
201.31
201.31
201.31
201.31
201.31
224.29
13.90
113.53
113.53
12.39
12.39
10.00
10.00
207.74
282.67
282.67
149.20
181.29
246.24
369.12
369.12
195.79
195.79
37.73
37.73
37.73
37.73
37.73
10.00
10.00
81.19
81.19
25.36
25.36
25.36
73.04
73.04
150.09
416.36
741.20
741.20
68.79
1328.38
1237.28
47.00
47.00
542.33
542.33
700.82
700.82
10.45
48.15
48.15
48.15
25.33
25.33
25.33
2174.29
2174.29
1104.17
1283.38
1268.93
171.84
171.84
171.84
171.84
171.84
171.84
171.84
171.84
171.84
171.84
171.84
171.84
171.84
171.84
1322.31
520.10
520.10
10.00
1245.06
41.98
41.98
41.98
41.98
41.98
41.98
41.98
41.98
41.98
41.98
41.98
41.98
10.00
10.00
545.32
545.32
225.76
347.87
347.87
754.76
10.47
10.47
16.49
576.81
576.81
914.80
1535.92
1954.35
1954.35
144.66
144.66
144.66
10.00
10.00
10.00
10.00
10.00
10.00
10.00
10.00
10.00
10.00
10.00
10.00
10.00
10.00
10.00
10.00
10.00
10.00
10.00
10.00
10.00
10.00
10.00
10.00
10.00
10.00
439.68
439.68
102.25
279.06
73.46
261.63
603.53
1324.02
1324.02
1028.43
50.21
50.21
50.21
10.00
10.00
10.00
10.00
10.00
110.23
110.23
110.23
110.23
110.23
110.23
95.03
95.03
95.03
95.03
95.03
95.03
95.03
95.03
95.03
95.03
95.03
95.03
95.03
95.03
95.03
159.40
327.63
120.36
576.82
401.25
401.25
976.41
943.53
943.53
21.42
21.42
1152.50
1152.50
1003.40
1003.40
2113.08
2113.08
78.99
10.00
2273.25
2273.25
1841.81
1841.81
3052.81
3052.81
429.56
429.56
10.00
10.00
3456.19
3456.19
2181.14
2181.14
1479.17
1479.17
1939.66
1939.66
399.24
399.24
45.22
45.22
844.62
844.62
1424.48
1424.48
873.03
873.03
2025.03
2025.03
2025.03
2025.03
1088.59
1088.59
44.62
44.62
10.00
10.00
10.00
10.00
10.00
10.00
10.00
10.00
10.00
10.00
162.41
162.41
162.41
162.41
162.41
103.80
103.80
401.25
283.13
609.63
609.63
609.63
10.00
10.00
10.00
10.00
10.00
10.00
344.48
556.12
437.35
393.38
472.62
826.42
826.42
1375.34
12.70
12.70
12.70
37.80
44.48
22.15
28.80
28.80
26.62
26.62
2401.40
2401.40
2401.40
554.53
554.53
554.53
554.53
554.53
554.53
554.53
554.53
554.53
554.53
554.53
554.53
554.53
554.53
554.53
554.53
554.53
554.53
554.53
554.53
554.53
554.53
554.53
554.53
554.53
146.55
160.65
911.31
925.56
440.66
1064.73
340.76
340.76
206.49
26.74
26.74
1734.75
1734.75
1734.75
301.19
47.25
443.70
443.70
212.68
48.83
48.83
48.83
985.20
3500.13
3500.13
1227.29
1227.29
51.62
51.62
2245.77
2245.77
567.49
567.49
29.36
29.36
176.12
176.12
931.08
931.08
1982.27
1982.27
152.09
152.09
71.76
71.76
1427.07
1427.07
1427.07
10.20
205.40
205.40
51.34
51.34
51.34
51.34
51.34
51.34
51.34
51.34
51.34
51.34
103.61
1293.60
610.88
610.88
34.83
2299.18
2299.18
1616.06
1139.36
10.00
10.00
10.00
10.00
10.00
10.00
10.00
10.00
10.00
10.00
10.00
10.00
10.00
436.58
238.46
336.68
336.68
13.53
10.00
276.50
35.95
1382.09
612.29
612.29
767.00
767.00
993.10
2503.44
2503.44
1664.36
1664.36
1664.36
186.72
186.72
186.72
186.72
186.72
186.72
186.72
186.72
186.72
186.72
186.72
161.07
256.82
444.19
451.77
10.00
924.08
486.58
486.58
878.03
878.03
878.03
623.31
623.31
15.61
15.61
2322.68
1896.42
1523.84
748.11
748.11
1026.99
1026.99
1052.76
1052.76
15.19
15.19
296.47
296.47
1649.32
1649.32
1649.32
928.46
53.73
53.73
53.73
53.73
53.73
53.73
53.73
53.73
829.66
829.66
829.66
829.66
829.66
829.66
829.66
26.78
26.78
26.78
26.78
26.78
301.27
349.08
349.08
399.86
399.86
413.13
413.13
413.13
75.35
75.35
124.22
124.22
99.96
99.96
54.03
54.03
333.70
333.70
233.17
329.16
453.81
524.04
524.04
377.11
377.11
943.42
173.24
173.24
173.24
173.24
42.08
42.08
42.08
42.08
68.77
68.77
68.77
68.77
75.39
143.68
317.73
154.39
652.47
701.81
701.81
10.00
54.28
54.28
54.28
84.93
84.93
84.93
24.22
24.22
24.22
140.99
140.99
283.73
388.72
10.00
427.25
19.30
55.60
55.60
46.45
15.96
1161.06
10.35
727.47
727.47
10.00
10.00
522.06
522.06
837.50
837.50
1723.72
1723.72
96.01
96.01
96.01
681.33
159.83
159.83
880.81
880.81
10.00
10.00
425.43
425.43
77.92
77.92
28.29
28.29
746.89
746.89
97.15
97.15
116.25
116.25
2381.15
2381.15
1242.63
1242.63
2731.48
2731.48
2731.48
466.74
466.74
466.74
181.14
181.14
181.14
181.14
181.14
102.89
102.89
389.66
389.66
13.25
13.25
1001.03
1001.03
1414.69
1414.69
440.13
440.13
440.13
2002.32
1697.46
1697.46
1697.46
1697.46
1697.46
1697.46
1697.46
1697.46
1697.46
1697.46
568.63
737.34
737.34
11.05
11.05
597.78
597.78
597.78
338.08
338.08
159.11
159.11
11.63
193.74
14.30
10.00
615.87
615.87
52.49
52.49
89.69
89.69
89.69
81.55
81.55
459.99
981.57
1044.83
312.07
975.71
670.21
670.21
498.42
29.87
63.01
63.01
938.33
938.33
96.04
96.04
849.04
849.04
25.09
25.09
104.94
104.94
72.28
72.28
38.45
38.45
380.92
380.92
1868.20
1868.20
133.54
133.54
6572.89
6572.89
6572.89
6572.89
10.00
10.00
2166.53
2166.53
118.91
118.91
683.07
683.07
683.07
683.07
25.27
25.27
1069.52
1069.52
607.66
607.66
3365.54
3365.54
1166.21
1166.21
230.32
230.32
37.73
37.73
4166.09
4166.09
2015.33
2015.33
1185.67
1185.67
1548.06
1548.06
15.43
15.43
33.76
33.76
182.81
182.81
95.33
95.33
95.33
1877.46
1877.46
1877.46
1877.46
1877.46
1877.46
1877.46
2644.88
2644.88
1603.97
236.28
236.28
2059.99
2059.99
1765.61
1765.61
1765.61
1765.61
1765.61
21.84
21.84
21.84
89.37
71.86
587.73
4758.67
239.43
21.23
21.23
73.52
73.52
54.70
54.70
10.00
10.00
179.91
179.91
1048.96
1048.96
93.70
93.70
1173.44
1173.44
4703.93
4703.93
10.30
10.30
5422.15
5422.15
85.84
85.84
1174.08
1174.08
10.00
10.00
10.00
10.00
10.00
10.00
10.00
10.00
10.00
10.00
10.00
10.00
10.00
10.00
10.00
10.00
10.00
10.00
10.00
10.00
10.00
10.00
10.00
21.53
4575.45
1789.15
2007.41
731.74
731.74
10.90
10.90
2017.76
2017.76
4509.54
4509.54
17.65
17.65
310.63
310.63
18.07
18.07
1335.21
1335.21
612.66
612.66
1590.28
1590.28
1590.28
28.50
28.50
30.93
30.93
30.93
30.93
30.93
30.93
30.93
30.93
30.93
30.93
30.93
10.00
10.00
10.00
37.86
37.86
37.86
37.86
37.86
37.86
400.44
767.54
83.51
83.51
1273.75
1547.46
1547.46
1547.46
1547.46
1547.46
1547.46
1547.46
1547.46
10.00
10.00
10.00
10.00
10.00
10.00
101.54
101.54
244.13
45.63
501.08
501.08
501.08
501.08
501.08
501.08
501.08
501.08
501.08
501.08
501.08
501.08
501.08
501.08
501.08
501.08
501.08
501.08
501.08
501.08
501.08
501.08
501.08
501.08
501.08
119.40
204.29
204.29
139.21
277.82
106.72
408.94
811.82
811.82
1377.50
1252.55
1252.55
58.56
2508.96
2508.96
2417.88
2417.88
1461.62
1461.62
4556.76
4556.76
1972.35
1972.35
4581.65
4581.65
1126.26
1126.26
2407.07
2407.07
3979.04
3979.04
3979.04
3979.04
4527.56
4527.56
4527.56
4527.56
920.07
920.07
10.00
10.00
1387.60
1387.60
6327.16
6327.16
2384.78
2384.78
7207.32
7207.32
7207.32
7207.32
7207.32
7207.32
7207.32
7207.32
144.22
144.22
144.22
10.00
476.12
476.12
620.64
620.64
620.64
620.64
620.64
620.64
620.64
620.64
10.00
10.00
10.00
10.00
555.30
555.30
555.30
582.40
827.09
1455.14
1455.14
155.22
155.22
155.22
10.00
396.58
95.10
95.10
532.45
466.41
466.41
507.09
488.46
103.17
103.17
103.17
193.06
193.06
193.06
71.12
71.12
120.09
120.09
60.59
155.68
155.68
455.82
455.82
455.82
455.82
455.82
12.60
12.60
12.60
36.28
10.00
19.92
584.93
584.93
77.71
981.36
306.30
10.00
10.00
68.73
68.73
68.73
77.75
23.33
23.33
56.25
56.25
13.97
13.97
1482.45
1482.45
1146.38
1146.38
1146.38
146.90
135.79
135.79
135.79
256.81
256.81
30.50
32.60
32.60
240.62
240.62
240.62
240.62
240.62
10.00
10.00
10.00
163.76
94.06
94.06
142.25
142.25
18.42
18.42
18.42
18.42
18.42
18.42
18.42
18.42
18.42
18.42
18.42
150.46
150.46
444.67
444.67
444.67
10.00
10.00
34.44
34.44
34.44
42.86
42.86
42.86
42.86
10.00
260.82
281.02
281.02
330.13
137.18
222.11
222.11
113.04
191.41
250.84
56.61
1297.87
17.88
72.19
72.19
223.23
223.23
223.23
491.95
491.95
695.41
695.41
695.41
3006.17
3006.17
21.66
21.66
545.38
545.38
545.38
545.38
86.23
86.23
12.18
12.18
75.48
142.59
142.59
142.59
12.82
12.82
12.82
72.93
72.93
72.93
72.93
87.06
87.06
87.06
87.06
199.77
199.77
199.77
40.16
14.24
10.00
1075.81
31.73
31.73
31.73
459.16
459.16
28.87
28.87
2782.00
2782.00
20.08
20.08
20.08
20.08
20.08
20.08
20.08
20.08
10.00
10.00
10.00
10.00
10.00
10.00
314.70
314.70
314.70
108.34
108.34
108.34
145.12
196.52
431.92
431.92
431.92
89.94
309.57
828.24
1663.02
634.60
634.60
1420.80
1420.80
1420.80
1420.80
1420.80
1420.80
1420.80
1420.80
165.47
165.47
165.47
165.47
165.47
582.22
582.22
582.22
333.62
859.16
1155.20
716.44
716.44
493.68
1040.76
13.19
13.93
26.59
27.38
27.38
27.38
27.38
27.38
27.38
27.38
27.38
197.00
197.00
197.00
197.00
197.00
197.00
197.00
36.17
36.17
362.91
362.91
301.78
301.78
10.00
10.00
10.00
283.55
372.79
226.73
334.85
334.85
334.85
12.49
12.49
12.49
12.49
10.00
10.00
10.00
10.00
10.00
10.00
10.00
249.80
249.80
18.12
376.73
449.12
439.67
439.67
766.10
812.41
10.00
10.00
832.60
74.73
92.94
92.94
959.81
959.81
10.00
10.00
10.00
33.21
10.00
28.22
23.02
34.47
52.55
52.55
11.51
11.51
407.44
407.44
967.70
967.70
967.70
967.70
967.70
967.70
967.70
967.70
967.70
967.70
967.70
967.70
967.70
251.64
1056.99
1177.72
186.51
10.00
10.00
158.19
158.19
120.09
175.59
14.24
14.24
3070.16
3070.16
3070.16
17.92
17.92
705.92
705.92
293.98
293.98
293.98
293.98
293.98
293.98
54.53
54.53
54.53
54.53
54.53
51.42
11.78
10.00
127.18
267.99
267.99
322.61
322.61
197.10
1977.70
1449.80
10.00
10.00
10.00
10.00
10.00
249.38
17.24
17.24
19.38
19.38
19.38
19.38
19.38
19.38
19.38
10.00
10.00
10.00
10.00
10.00
10.00
10.00
10.00
10.00
10.00
10.00
10.00
10.00
10.00
10.00
10.00
10.00
10.00
10.00
10.00
10.00
10.00
660.66
896.70
1112.05
1112.05
116.11
116.11
1099.48
1099.48
1099.48
1099.48
1099.48
1099.48
1099.48
1099.48
1099.48
1099.48
1166.72
1166.72
26.67
57.42
1316.77
319.10
319.10
10.00
93.54
78.63
78.63
115.09
115.09
16.90
16.90
16.90
16.90
16.90
16.90
16.90
16.90
16.90
16.90
182.44
182.44
194.71
194.71
194.71
23.96
215.85
225.94
37.34
889.51
889.51
235.48
38.93
38.93
347.03
2430.37
2430.37
136.41
436.09
436.09
436.09
38.94
38.94
38.94
38.94
38.94
38.94
38.94
10.00
10.00
10.00
10.00
10.00
10.00
10.00
10.00
10.00
26.67
26.67
72.17
72.17
18.11
18.11
18.11
16.77
10.00
19.22
19.22
240.95
240.95
16.25
136.21
136.21
46.70
69.65
69.65
69.65
10.00
10.00
102.75
207.54
10.00
1810.51
1891.85
1891.85
1891.85
78.27
78.27
78.27
973.59
973.59
734.56
734.56
734.56
734.56
734.56
19.10
19.10
19.10
19.10
19.10
19.10
19.10
19.10
19.10
19.10
19.10
19.10
19.10
19.10
19.10
19.10
19.10
19.10
19.10
19.10
19.10
19.10
19.10
19.10
19.10
19.10
19.10
19.10
19.10
19.10
19.10
19.10
19.10
19.10
19.10
19.10
19.10
235.27
278.73
516.96
10.00
1314.71
13.51
13.51
843.53
1086.37
1086.37
1086.37
1086.37
1086.37
1086.37
1086.37
1086.37
1086.37
1086.37
1086.37
1086.37
1086.37
20.59
342.52
353.43
509.06
610.33
610.33
156.86
156.86
450.33
450.33
1109.19
308.26
308.26
692.00
692.00
692.00
692.00
692.00
49.30
49.30
49.30
49.30
837.31
837.31
14.13
14.13
14.13
10.00
10.00
10.00
65.67
65.67
10.00
10.00
10.00
10.00
47.70
10.00
10.00
10.00
10.00
501.82
10.00
150.48
428.51
500.14
657.63
352.76
352.76
899.62
899.62
1779.51
1779.51
1243.15
1014.22
1014.22
1014.22
26.33
26.33
26.33
464.17
1547.89
1547.89
2888.62
2888.62
36.14
36.14
105.63
105.63
105.63
105.63
105.63
105.63
188.27
188.27
188.27
188.27
188.27
188.27
188.27
188.27
10.00
71.90
71.90
11.79
10.00
10.00
10.00
24.84
128.01
509.85
10.00
400.80
400.80
400.80
400.80
457.83
457.83
457.83
457.83
457.83
19.52
19.52
19.52
19.52
19.52
19.52
19.52
19.52
19.52
19.52
19.52
19.52
19.52
19.52
19.52
19.52
19.52
10.00
10.00
21.08
10.00
143.38
219.53
622.45
385.31
385.31
73.67
501.14
1311.84
1311.84
1620.97
1620.97
1489.84
1489.84
1496.02
1496.02
485.98
485.98
827.94
827.94
1696.38
1696.38
556.80
556.80
2789.70
2789.70
2056.11
2056.11
2342.12
2342.12
733.41
733.41
3481.26
3481.26
73.73
73.73
10.63
10.63
59.13
59.13
821.16
821.16
2253.83
2253.83
83.95
83.95
1825.95
1825.95
20.22
20.22
1727.60
1727.60
10.00
10.00
172.16
172.16
14.34
14.34
156.04
156.04
913.94
913.94
913.94
913.94
1182.75
1182.75
1590.03
1590.03
57.88
57.88
1144.95
1144.95
175.97
175.97
115.91
115.91
53.64
53.64
94.95
94.95
36.17
36.17
10.00
10.00
1186.57
1186.57
10.00
10.00
35.76
35.76
23.06
23.06
403.00
403.00
2196.22
2196.22
164.85
164.85
518.37
518.37
858.13
858.13
159.52
159.52
4231.62
4231.62
10.79
10.79
10.00
10.00
4043.12
4043.12
1893.05
1893.05
370.73
370.73
1417.65
1417.65
283.24
283.24
283.24
88.00
88.00
88.00
88.00
88.00
88.00
88.00
88.00
88.00
15.10
15.10
1726.45
1726.45
10.00
1016.43
1016.43
58.83
2145.37
230.99
230.99
1321.98
2618.72
2618.72
2618.72
2618.72
2618.72
2618.72
2618.72
2618.72
2618.72
354.17
354.17
354.17
354.17
354.17
89.87
89.87
143.45
143.45
226.64
31.47
31.47
55.77
86.41
444.16
272.02
256.83
181.14
181.14
550.45
328.55
328.55
328.55
10.00
10.00
10.00
10.00
10.00
97.96
97.96
100.72
350.86
451.75
451.75
997.96
1446.65
1446.65
1446.65
1446.65
1446.65
719.44
719.44
719.44
719.44
719.44
719.44
10.04
10.04
261.17
68.46
784.80
374.68
773.76
773.76
72.51
72.51
1970.74
1970.74
30.18
30.18
1549.33
1549.33
1549.33
13.26
100.35
339.14
339.14
339.14
51.07
260.57
260.57
260.57
260.57
260.57
104.14
658.36
658.36
658.36
10.00
10.00
10.00
1693.65
2071.86
25.11
2716.02
2716.02
2716.02
2157.21
2157.21
2157.21
2157.21
2157.21
2157.21
2157.21
2157.21
2157.21
2157.21
2157.21
2157.21
2157.21
2157.21
2157.21
2157.21
2157.21
2157.21
2157.21
2157.21
2157.21
2157.21
2157.21
45.73
45.73
18.93
18.93
16.04
234.89
95.32
42.07
42.07
287.88
685.74
468.70
21.25
2410.01
23.15
33.77
33.77
33.77
12.46
12.46
232.09
108.01
108.01
17.80
17.80
15.86
15.86
15.86
274.09
274.09
274.09
274.09
274.09
274.09
274.09
274.09
274.09
274.09
274.09
274.09
274.09
274.09
274.09
274.09
274.09
274.09
274.09
274.09
135.33
135.33
344.36
123.58
88.53
150.68
150.68
162.97
53.30
53.30
10.00
10.00
142.75
393.47
286.93
661.38
356.30
356.30
435.32
435.32
12.53
12.53
20.49
20.49
804.78
804.78
473.04
473.04
193.26
193.26
383.34
383.34
136.20
136.20
260.77
260.77
260.77
126.51
126.51
126.51
10.00
10.00
10.00
10.00
10.00
10.00
10.00
10.00
339.86
339.86
339.86
89.70
89.70
1016.05
606.46
606.46
10.08
668.84
668.84
10.00
31.95
31.95
31.95
31.95
129.15
129.15
129.15
131.29
131.29
1715.41
1320.85
1320.85
1320.85
1083.61
1083.61
925.21
925.21
24.37
24.37
1902.86
1902.86
188.58
34.08
126.37
10.00
10.00
10.00
10.00
351.55
351.55
22.69
53.35
213.13
213.13
21.18
21.18
68.85
68.85
68.85
68.85
10.00
10.00
10.00
67.24
67.24
67.24
67.24
388.50
388.50
388.50
388.50
388.50
16.18
687.23
1463.66
1463.66
302.35
302.35
302.35
1472.43
1472.43
1472.43
1472.43
1472.43
1472.43
1472.43
1472.43
1472.43
10.00
10.00
10.00
10.00
10.00
10.00
10.00
10.00
10.00
21.89
21.89
310.02
419.45
356.70
356.70
1061.89
1061.89
774.30
10.00
10.00
1673.78
1673.78
1673.78
807.12
807.12
807.12
807.12
51.28
51.28
51.28
51.28
51.28
725.63
725.63
866.62
866.62
172.27
55.65
55.65
55.65
55.65
439.81
347.62
323.25
323.25
323.25
367.57
385.01
385.01
1328.26
679.01
679.01
679.01
679.01
12.51
12.51
10.00
10.00
129.68
129.68
659.05
416.50
416.50
941.01
1423.06
3035.96
3035.96
3035.96
3035.96
3035.96
3035.96
3035.96
3035.96
3035.96
3035.96
117.19
117.19
117.19
117.19
117.19
117.19
117.19
117.19
117.19
117.19
117.19
119.06
119.06
119.06
213.79
344.67
359.58
575.81
10.00
10.00
10.00
384.91
377.51
377.51
48.91
48.91
1035.17
703.69
2877.81
2877.81
561.13
561.13
561.13
125.25
806.57
806.57
806.57
806.57
806.57
806.57
806.57
77.63
77.63
77.63
876.37
662.80
662.80
662.80
12.91
12.91
1405.29
1405.29
1929.94
34.41
87.98
103.06
109.23
109.23
28.59
28.59
28.59
28.59
28.59
28.59
28.59
103.64
103.64
103.64
103.64
103.64
103.64
103.64
103.64
45.34
45.34
45.34
138.38
138.38
19.00
57.15
57.15
315.22
622.33
622.33
94.40
395.77
731.85
1317.69
12.42
12.42
227.66
10.00
10.00
10.00
10.00
10.00
10.00
10.00
10.00
10.00
10.00
10.00
10.00
10.00
10.00
10.00
10.00
10.00
10.00
10.00
10.00
10.00
10.00
10.00
10.00
10.00
10.00
105.77
10.00
10.00
164.92
277.17
15.06
267.31
717.27
717.27
10.00
10.00
1425.23
3036.00
3036.00
3036.00
16.92
16.92
16.92
1201.04
1201.04
1201.04
1201.04
1238.76
1848.98
1848.98
229.60
229.60
10.00
10.00
10.00
10.00
10.00
10.00
95.57
95.57
95.57
13.02
13.02
41.45
957.61
886.85
100.42
100.42
11.85
5402.10
5402.10
589.65
589.65
589.65
589.65
589.65
589.65
589.65
589.65
199.08
199.08
199.08
199.08
137.61
137.61
137.61
137.61
158.45
158.45
265.47
265.47
48.22
12.54
12.54
164.21
612.21
96.89
208.25
256.33
64.33
64.33
21.30
21.30
174.78
174.78
174.78
174.78
174.78
154.55
154.55
154.55
154.55
10.00
10.00
10.00
72.05
72.05
72.05
171.76
10.00
10.00
10.00
166.63
166.63
67.17
67.17
136.08
183.54
74.77
417.53
835.31
839.01
535.25
535.25
915.83
1737.56
1737.56
2662.75
977.97
977.97
614.51
614.51
261.90
261.90
2815.88
2815.88
2925.73
2925.73
267.61
267.61
23.87
23.87
3279.45
3279.45
1679.51
1679.51
1026.46
1026.46
1026.46
1026.46
183.29
183.29
183.29
931.30
931.30
184.92
3691.18
3691.18
3554.81
3554.81
30.01
30.01
1422.56
1422.56
1422.56
1422.56
1422.56
1422.56
1422.56
1422.56
1422.56
1422.56
1422.56
69.44
69.44
69.44
69.44
214.27
214.27
214.27
214.27
10.00
578.05
15.97
212.91
714.76
714.76
164.66
164.66
164.66
1441.85
1441.85
44.84
44.84
278.43
278.43
278.43
278.43
278.43
84.22
84.22
60.54
60.54
60.54
28.69
28.69
28.69
41.04
41.04
65.08
46.35
19.89
19.89
938.58
1019.71
1019.71
1019.71
85.60
85.60
1965.36
32.72
32.72
754.43
754.43
32.31
3279.95
200.01
14.05
14.05
928.26
506.68
506.68
11.18
11.18
12.28
12.28
1020.90
1020.90
174.81
174.81
18.64
18.64
1332.80
1332.80
10.00
10.00
11.39
11.39
2124.43
2124.43
54.43
54.43
1069.28
1069.28
98.25
98.25
10.40
10.40
10.00
10.00
28.95
28.95
10.00
10.00
10.00
467.90
459.80
459.80
10.06
10.06
443.50
443.50
37.16
37.16
488.40
488.40
19.02
19.02
10.00
10.00
59.35
59.35
60.02
60.02
80.24
80.24
72.92
72.92
957.50
957.50
10.00
10.00
59.10
59.10
50.92
50.92
31.07
31.07
991.96
991.96
991.96
991.96
293.53
293.53
293.53
293.53
293.53
293.53
293.53
293.53
293.53
293.53
293.53
293.53
293.53
293.53
293.53
293.53
293.53
293.53
293.53
293.53
293.53
293.53
293.53
293.53
321.93
268.22
80.51
644.34
644.34
25.84
236.76
585.10
10.40
1183.31
1165.49
1165.49
181.78
181.78
578.08
578.08
2431.96
2431.96
2491.34
2491.34
17.00
17.00
29.56
29.56
1467.72
1467.72
1134.95
1134.95
76.73
76.73
66.25
66.25
629.70
629.70
119.66
119.66
10.00
10.00
10.00
10.00
1248.21
1248.21
202.75
202.75
21.93
21.93
13.74
13.74
40.94
40.94
98.84
98.84
94.28
94.28
94.28
94.28
94.28
19.90
19.90
19.90
19.90
19.90
19.90
81.68
81.68
81.68
81.68
81.68
81.68
81.68
79.80
79.80
79.80
79.80
79.80
18.13
18.13
18.13
186.38
130.92
288.21
288.21
42.05
605.54
478.93
868.44
673.53
1017.35
1017.35
745.42
745.42
158.73
158.73
158.73
158.73
158.73
10.00
451.85
61.79
52.60
13.91
13.91
13.91
13.91
13.91
10.00
10.00
10.00
10.00
10.00
10.00
611.63
611.63
611.63
359.68
359.68
299.85
294.25
294.25
294.25
83.90
83.90
83.90
83.90
83.90
83.90
15.98
15.98
15.98
10.00
10.00
25.90
435.88
215.52
328.46
402.83
402.83
10.00
10.00
10.00
10.00
10.00
10.00
10.00
10.00
10.00
10.00
118.88
118.88
438.11
438.11
30.07
30.07
29.13
29.13
35.81
62.64
164.67
112.47
606.30
436.87
436.87
638.73
29.87
29.87
689.44
689.44
520.56
520.56
520.56
520.56
95.48
410.54
156.49
156.49
15.14
15.14
15.14
15.14
15.14
15.14
15.14
350.29
350.29
350.29
350.29
350.29
350.29
841.90
1254.06
774.94
1028.70
2285.79
68.87
68.87
11.06
11.06
436.50
436.50
436.50
10.00
10.00
2993.20
2993.20
691.61
691.61
10.00
71.86
1066.81
1066.81
46.77
46.77
46.77
46.77
46.77
46.77
46.77
270.77
270.77
270.77
270.77
270.77
270.77
270.77
270.77
270.77
270.77
270.77
193.35
193.35
193.35
193.35
84.36
169.11
126.84
42.38
13.16
13.16
166.91
282.31
280.60
147.81
147.81
160.71
160.71
160.71
160.71
14.83
14.83
14.83
52.91
52.91
52.91
194.01
212.15
496.16
797.77
855.50
170.00
170.00
170.00
105.74
2497.95
2497.95
17.50
2179.40
2179.40
2179.40
10.00
92.81
92.81
566.77
566.77
566.77
566.77
10.00
10.00
10.00
10.00
10.00
10.00
10.00
10.00
10.00
26.07
252.52
24.14
24.14
231.36
10.00
51.97
51.97
51.97
29.05
29.05
29.05
473.24
61.46
268.90
81.65
1832.09
57.67
903.37
3226.61
3226.61
3226.61
3226.61
57.78
57.78
57.78
57.78
57.78
633.69
633.69
694.97
694.97
477.15
477.15
103.14
103.14
103.14
103.14
103.14
103.14
103.14
103.14
103.14
103.14
10.00
10.00
137.91
137.91
137.91
19.78
164.00
111.79
246.29
82.56
82.56
75.94
75.94
194.73
194.73
12.20
1722.74
154.22
79.89
154.38
30.86
30.86
234.06
234.06
234.06
1311.54
1311.54
1311.54
351.45
351.45
351.45
351.45
351.45
351.45
351.45
351.45
351.45
351.45
351.45
351.45
351.45
351.45
351.45
19.81
276.57
899.25
899.25
81.80
81.80
81.80
81.80
81.80
148.35
148.35
435.91
435.91
325.95
463.38
18.81
18.81
128.31
382.72
10.00
10.00
33.00
33.00
1087.95
2333.16
1818.96
1818.96
10.00
10.00
566.48
566.48
12.74
12.74
12.41
12.41
15.02
15.02
798.10
798.10
68.37
68.37
34.62
34.62
1517.76
1517.76
49.34
49.34
10.00
10.00
200.52
200.52
11.35
11.35
950.47
950.47
70.98
70.98
645.28
645.28
3377.57
3377.57
72.34
72.34
548.14
548.14
548.14
548.14
548.14
548.14
483.01
483.01
483.01
10.00
519.21
10.92
190.43
190.43
867.57
867.57
465.81
465.81
233.52
233.52
581.70
581.70
267.39
267.39
267.39
10.00
321.48
321.48
10.00
10.00
110.79
110.79
321.21
321.21
321.21
26.65
98.10
98.10
176.49
176.49
44.55
44.55
970.70
970.70
830.59
830.59
49.57
49.57
1205.88
1205.88
922.66
922.66
124.15
124.15
124.15
124.15
124.15
124.15
124.15
10.00
10.00
10.00
10.00
491.72
491.72
491.72
491.72
87.82
87.82
140.30
140.30
140.30
140.30
47.28
204.36
282.08
282.08
11.93
11.93
601.46
124.67
124.67
657.46
657.46
375.09
375.09
174.02
1085.78
255.08
255.08
2200.16
2200.16
40.19
40.19
56.02
56.02
541.90
541.90
124.59
62.41
62.41
10.00
10.00
15.72
337.03
422.44
422.44
422.44
708.67
708.67
708.67
708.67
708.67
708.67
708.67
708.67
708.67
708.67
708.67
74.37
74.37
74.37
74.37
74.37
74.37
74.37
14.21
14.21
14.21
14.21
14.21
14.21
105.87
152.02
190.60
190.60
190.60
168.05
492.46
547.27
705.50
705.50
239.39
239.39
596.14
725.02
56.04
56.04
56.04
29.55
29.55
29.55
29.55
29.55
29.55
29.55
29.55
29.55
29.55
29.55
29.55
29.55
29.55
10.96
10.96
99.04
190.85
49.03
111.45
111.59
52.27
52.27
52.27
121.33
121.33
121.33
64.07
64.07
64.07
229.02
229.02
229.02
10.34
10.34
10.34
10.34
249.62
190.14
190.14
190.14
190.14
190.14
61.38
61.38
61.38
61.38
61.38
61.38
61.38
64.26
64.26
202.63
156.84
156.84
154.63
435.57
700.24
399.97
613.25
1501.75
1509.41
20.53
925.34
925.34
925.34
925.34
925.34
259.68
259.68
259.68
259.68
259.68
32.40
32.40
1612.30
1612.30
1194.14
1316.25
1862.46
17.93
17.93
2420.61
2420.61
1094.51
1094.51
189.69
189.69
189.69
189.69
189.69
189.69
189.69
189.69
189.69
189.69
189.69
189.69
189.69
189.69
189.69
189.69
189.69
189.69
189.69
10.17
10.17
21.53
21.53
10.00
302.22
302.22
20.73
1198.53
488.61
900.11
1274.75
1001.27
1001.27
1001.27
279.06
279.06
343.72
1026.89
1026.89
1734.02
62.63
62.63
3764.56
3764.56
213.16
213.16
213.16
213.16
213.16
213.16
213.16
213.16
213.16
213.16
213.16
213.16
213.16
213.16
213.16
213.16
213.16
10.00
10.00
10.00
128.49
128.49
415.63
212.49
396.83
416.89
360.52
928.37
1025.44
1025.44
10.00
1111.35
1111.35
934.37
934.37
934.37
934.37
10.00
10.00
10.00
10.00
42.08
258.08
25.90
25.90
25.90
1162.63
48.71
48.71
90.32
28.61
28.61
28.61
29.71
29.71
29.71
761.10
761.10
761.10
761.10
32.31
32.31
32.31
32.31
32.31
32.31
32.31
32.31
32.31
32.31
17.36
17.36
273.11
177.44
562.35
121.76
688.67
2340.74
219.49
547.27
547.27
117.90
2287.29
2287.29
2287.29
849.56
849.56
23.02
85.45
85.45
28.12
28.12
28.12
3354.77
478.50
478.50
478.50
243.49
459.38
459.38
475.79
475.79
1886.35
1886.35
16.89
16.89
220.78
220.78
220.78
711.86
711.86
711.86
10.00
10.00
10.00
644.89
644.89
644.89
644.89
644.89
644.89
644.89
644.89
24.83
24.83
24.83
24.83
54.58
23.43
13.20
13.20
361.21
104.14
1110.48
377.31
18.85
844.25
844.25
12.01
12.01
12.01
12.01
12.01
12.01
12.01
12.01
12.01
12.01
199.84
199.84
58.14
58.14
58.14
58.14
10.00
154.16
275.82
590.05
590.05
590.05
590.05
10.00
30.22
422.55
422.55
38.41
14.91
14.91
14.91
21.88
21.88
21.88
21.88
21.88
21.88
11.40
275.26
365.19
480.97
480.97
480.97
323.77
16.60
595.69
595.69
428.26
952.94
202.03
202.03
1464.53
1464.53
967.64
967.64
354.64
354.64
926.25
926.25
472.64
472.64
1342.70
1342.70
1805.47
1805.47
3233.62
3233.62
280.08
280.08
3270.90
3270.90
1124.78
1124.78
104.58
104.58
2016.45
2016.45
25.90
25.90
53.37
53.37
10.00
10.00
10.00
10.00
10.00
10.00
10.00
140.19
140.19
140.19
140.19
140.19
140.19
140.19
41.22
41.22
395.81
395.81
395.81
114.73
848.83
667.68
1097.28
1097.28
1097.28
1097.28
1097.28
1097.28
1097.28
1097.28
1097.28
1097.28
1097.28
1097.28
1097.28
1097.28
1097.28
1097.28
162.71
162.71
177.30
373.96
498.39
498.39
107.81
107.81
107.81
107.81
138.04
138.04
155.49
963.05
771.82
771.82
10.00
913.86
913.86
418.01
418.01
1451.21
1451.21
1451.21
1451.21
10.00
10.00
10.00
10.00
10.00
10.00
10.00
10.00
10.00
10.00
10.00
10.00
10.00
10.00
10.00
10.00
10.00
10.00
219.66
219.66
219.66
336.06
336.06
10.00
10.00
31.36
245.15
245.15
198.48
356.88
48.78
997.52
183.32
285.32
285.32
834.98
834.98
834.98
834.98
834.98
834.98
834.98
834.98
834.98
834.98
834.98
834.98
834.98
96.08
96.08
96.08
189.68
10.00
74.09
452.03
452.03
10.00
1013.20
1013.20
496.60
496.60
496.60
603.32
603.32
603.32
603.32
603.32
53.59
53.59
53.59
53.59
53.59
10.00
10.00
137.69
36.89
133.84
378.32
378.32
10.00
379.63
199.76
199.76
199.76
69.37
69.37
171.66
171.66
153.68
153.68
45.97
227.59
20.95
41.55
50.95
50.95
215.14
215.14
10.00
290.89
290.89
10.00
10.00
10.00
10.00
10.00
10.00
10.00
342.59
342.59
391.81
391.81
391.81
391.81
391.81
391.81
391.81
15.47
10.00
182.28
198.85
141.08
427.51
427.51
1212.82
1077.24
1077.24
529.43
529.43
529.43
868.72
2922.41
10.00
10.00
945.23
945.23
1556.81
1556.81
1556.81
1556.81
1556.81
1556.81
1556.81
10.00
10.00
10.00
10.00
10.00
12.39
12.39
12.39
12.39
12.39
12.39
12.39
12.39
12.39
12.39
12.39
12.39
12.39
63.57
63.57
316.25
97.78
26.44
26.44
28.35
1156.21
1684.53
1986.99
1195.62
902.77
164.71
164.71
694.46
694.46
694.46
694.46
694.46
694.46
86.16
86.16
86.16
86.16
10.00
36.96
36.96
36.96
168.83
168.83
168.83
235.69
235.69
235.69
235.69
1163.33
896.84
697.50
697.50
10.00
10.00
10.00
187.91
521.18
909.53
909.53
1676.96
1676.96
1056.47
1056.47
1092.15
1092.15
1092.15
10.00
10.00
10.00
10.00
10.00
10.00
10.00
171.57
171.57
171.57
171.57
171.57
171.57
11.33
11.33
100.31
91.26
91.26
16.39
16.39
69.74
61.14
61.14
61.14
128.41
128.41
28.67
151.37
64.26
153.52
153.52
20.20
20.20
10.00
10.00
10.00
249.56
352.60
296.34
296.34
25.15
1145.45
1377.90
395.90
395.90
906.25
906.25
628.60
628.60
720.63
720.63
1412.59
1412.59
6839.12
6839.12
2201.91
2201.91
6251.55
6251.55
343.28
343.28
897.48
897.48
42.45
42.45
1647.43
1647.43
27.24
27.24
277.85
277.85
10.00
10.00
489.80
489.80
84.58
84.58
1124.47
1124.47
38.95
38.95
38.95
38.95
38.95
38.95
38.95
38.95
38.95
38.95
38.95
38.95
38.95
38.95
38.95
119.40
119.40
119.40
174.71
685.06
695.61
695.61
695.61
359.94
359.94
1009.00
1009.00
270.14
306.32
1445.51
51.60
51.60
1093.94
1093.94
1093.94
1093.94
1093.94
47.81
47.81
135.21
135.21
228.03
228.03
77.36
26.53
448.45
448.45
448.45
448.45
448.45
448.45
448.45
448.45
46.73
46.73
29.55
29.55
163.27
86.24
86.24
23.94
23.94
23.94
23.94
23.94
41.19
41.19
41.19
41.19
41.19
312.21
551.84
57.25
41.91
53.32
53.32
53.32
468.34
468.34
226.63
2738.33
2738.33
10.29
10.00
10.00
66.27
66.27
66.27
66.27
66.27
66.27
66.27
66.27
66.27
66.27
66.27
66.27
66.27
66.27
66.27
66.27
66.27
66.27
66.27
66.27
66.27
66.27
66.27
102.81
102.81
102.81
102.81
44.22
44.22
408.86
408.86
358.92
262.43
403.84
341.84
653.35
653.35
320.78
320.78
320.78
320.78
26.39
26.39
26.39
26.39
26.39
26.39
26.39
26.39
26.39
26.39
26.39
26.39
26.39
26.39
26.39
26.39
26.39
26.39
26.39
26.39
26.39
26.39
26.39
26.39
26.39
26.39
200.58
200.58
200.58
200.58
200.58
38.02
38.02
38.02
38.02
38.02
38.02
99.93
36.10
59.62
66.98
66.98
66.98
66.98
154.16
258.48
258.48
317.36
317.36
317.36
317.36
23.01
23.01
10.00
10.00
10.00
13.65
13.65
10.00
10.00
10.00
131.20
131.20
10.00
10.87
57.09
670.39
670.39
930.81
930.81
377.82
377.82
10.00
10.00
783.99
783.99
1047.34
1047.34
1271.01
1271.01
10.34
10.34
10.00
10.00
10.00
10.00
117.85
117.85
1735.84
1735.84
1034.51
1034.51
676.46
676.46
10.00
10.00
522.03
522.03
87.25
87.25
2317.80
2317.80
90.18
90.18
42.38
42.38
33.91
33.91
818.05
818.05
799.73
799.73
745.60
745.60
76.47
76.47
518.83
518.83
14.09
14.09
419.98
419.98
2277.37
2277.37
93.85
93.85
1767.37
1767.37
880.27
880.27
239.36
239.36
3002.65
3002.65
10.18
10.18
10.18
350.80
1068.73
1068.73
10.00
10.00
10.00
10.00
114.90
114.90
114.90
114.90
114.90
114.90
114.90
114.90
114.90
119.27
119.27
119.27
119.27
315.54
315.54
379.81
266.26
842.97
482.70
571.31
917.93
1430.11
2160.01
2160.01
2160.01
2160.01
2160.01
2160.01
41.79
