# 1Hz Kbps trace generated by import_real_world_traces.py
778.26
840.85
840.85
1106.98
1106.98
1106.98
1106.98
1106.98
1106.98
1106.98
1106.98
1106.98
1106.98
1106.98
1106.98
1106.98
1106.98
1106.98
1106.98
1106.98
1106.98
1106.98
1106.98
1106.98
1106.98
1106.98
1106.98
1106.98
1106.98
1106.98
1106.98
1106.98
1106.98
1106.98
1106.98
1106.98
1106.98
1106.98
1106.98
1106.98
1106.98
1106.98
1106.98
1106.98
1106.98
1106.98
1106.98
1106.98
1106.98
1106.98
1106.98
1106.98
1106.98
1106.98
1106.98
1106.98
1106.98
1106.98
1106.98
1106.98
1106.98
1106.98
1106.98
1106.98
1106.98
1106.98
1106.98
1106.98
656.67
558.04
558.04
558.04
628.78
628.78
635.30
635.30
599.90
599.90
646.30
646.30
743.33
743.33
767.06
767.06
689.13
689.13
658.50
658.50
720.89
720.89
784.53
784.53
791.54
791.54
788.67
788.67
854.88
854.88
798.98
798.98
810.59
810.59
810.59
810.59
796.19
796.19
820.82
820.82
839.37
839.37
753.46
753.46
721.36
721.36
721.36
721.36
721.36
721.36
721.36
721.36
843.45
843.45
885.21
885.21
885.21
885.21
885.21
885.21
885.21
885.21
885.21
885.21
885.21
885.21
885.21
885.21
885.21
885.21
885.21
885.21
885.21
885.21
885.21
885.21
885.21
885.21
885.21
885.21
885.21
885.21
885.21
885.21
885.21
885.21
885.21
885.21
650.95
650.95
562.05
562.05
739.67
739.67
739.67
739.67
620.35
620.35
620.35
620.35
620.35
620.35
745.91
745.91
745.91
745.91
700.15
700.15
675.86
675.86
672.61
672.61
677.58
677.58
547.71
547.71
612.63
612.63
612.63
612.63
709.14
709.14
709.14
709.14
637.61
637.61
723.35
723.35
723.35
723.35
701.60
701.60
690.21
690.21
690.21
690.21
690.21
690.21
690.21
690.21
708.04
708.04
708.04
708.04
529.59
529.59
529.59
529.59
529.59
529.59
680.42
680.42
680.42
680.42
681.94
681.94
711.67
711.67
864.41
864.41
765.71
765.71
903.49
903.49
903.49
903.49
903.49
903.49
903.49
903.49
903.49
903.49
903.49
903.49
496.35
496.35
496.35
496.35
496.35
496.35
496.35
496.35
496.35
496.35
1116.02
1116.02
1116.02
1116.02
1116.02
1116.02
1116.02
1116.02
1116.02
1116.02
1116.02
1116.02
1116.02
1116.02
1116.02
1116.02
1116.02
1116.02
1116.02
1116.02
1116.02
1116.02
1116.02
1116.02
1017.95
1017.95
1048.30
1048.30
1099.35
1099.35
1056.26
1056.26
323.47
323.47
340.75
340.75
403.23
403.23
482.19
482.19
482.19
482.19
482.19
482.19
482.19
482.19
482.19
482.19
1260.13
1260.13
1226.09
1226.09
1437.65
1437.65
1600.23
1600.23
1748.60
1748.60
1895.03
1895.03
1728.73
1728.73
2107.38
2107.38
2249.07
2249.07
2249.07
2249.07
2249.07
2249.07
2249.07
2249.07
2249.07
2249.07
2249.07
2249.07
2249.07
2249.07
2249.07
2249.07
2249.07
2249.07
2249.07
2249.07
2129.42
2129.42
2234.04
2234.04
2374.98
2374.98
541.60
541.60
1703.84
1703.84
2580.80
2580.80
1960.27
1960.27
1701.42
1701.42
707.72
707.72
2150.92
2150.92
2767.33
2767.33
2768.66
2768.66
2335.01
2335.01
547.55
547.55
3319.91
3319.91
2942.63
2942.63
3017.58
3017.58
3573.04
3573.04
2984.48
2984.48
3674.69
3674.69
3401.58
3401.58
3401.58
3401.58
3401.58
3401.58
3401.58
3401.58
3401.58
3401.58
3386.64
3386.64
4165.47
4165.47
3643.09
3643.09
4117.96
4117.96
4117.96
4117.96
4388.64
4388.64
4388.64
4388.64
4388.64
4388.64
4388.64
4388.64
182.37
182.37
1125.38
1125.38
1200.27
1200.27
3494.79
3494.79
4327.97
4327.97
4374.81
4374.81
4374.81
4374.81
4374.81
4374.81
4374.81
4374.81
4374.81
4374.81
4374.81
4374.81
4721.94
4721.94
4721.94
4721.94
4579.57
4579.57
4579.57
4579.57
5832.69
5832.69
6001.85
6001.85
6001.85
6001.85
5954.58
5954.58
6320.80
6320.80
6763.93
6763.93
6763.93
6763.93
6394.51
6394.51
1142.38
1142.38
1276.17
1276.17
1276.17
1276.17
6501.69
6501.69
11.75
11.75
3243.94
3243.94
3243.94
3243.94
3243.94
3243.94
6051.78
6051.78
6051.78
6051.78
6051.78
6051.78
6871.61
6871.61
6445.38
6445.38
6184.23
6184.23
6831.78
6831.78
6164.65
6164.65
6164.65
6164.65
6164.65
6164.65
4938.43
4938.43
5482.19
5482.19
6611.24
6611.24
6611.24
6611.24
6043.09
6043.09
7228.79
7228.79
7228.79
7228.79
7228.79
7228.79
7228.79
7228.79
7687.51
7687.51
5353.92
5353.92
6076.19
6076.19
6076.19
6076.19
6076.19
6076.19
6076.19
6076.19
1692.25
1692.25
7625.46
7625.46
7625.46
7625.46
6007.95
6007.95
4175.09
4175.09
4175.09
4175.09
3920.15
3920.15
693.93
693.93
2860.04
2860.04
3811.52
3811.52
6927.41
6927.41
697.13
697.13
69.42
69.42
7687.75
7687.75
7687.75
7687.75
7687.75
7687.75
6461.95
6461.95
8564.01
8564.01
8564.01
8564.01
8564.01
8564.01
8564.01
8564.01
8564.01
8564.01
8564.01
8564.01
8564.01
8564.01
8564.01
8564.01
8564.01
8564.01
410.85
410.85
692.77
692.77
955.97
955.97
1705.57
1705.57
1939.80
1939.80
2415.76
2415.76
2861.28
2861.28
3735.39
3735.39
3269.05
3269.05
3176.21
3176.21
3176.21
3176.21
3176.21
3176.21
3362.44
3362.44
3362.44
3362.44
3362.44
3362.44
3362.44
3362.44
3362.44
3362.44
3335.22
3335.22
3641.84
3641.84
3371.51
3371.51
3900.05
3900.05
3940.11
3940.11
3842.91
3842.91
4273.61
4273.61
4465.69
4465.69
4422.94
4422.94
4871.87
4871.87
4871.87
4871.87
4807.24
4807.24
4807.24
4807.24
4807.24
4807.24
4807.24
4807.24
4807.24
4807.24
5468.68
5468.68
3886.64
3886.64
4241.23
4241.23
5413.93
5413.93
4422.21
4422.21
4422.21
4422.21
4409.99
4409.99
293.03
293.03
5299.88
5299.88
4906.32
4906.32
6309.68
6309.68
2139.14
2139.14
6223.57
6223.57
5657.99
5657.99
5017.88
5017.88
5017.88
5017.88
5017.88
5017.88
5364.45
5364.45
5685.56
5685.56
6370.50
6370.50
6461.43
6461.43
6461.43
6461.43
6461.43
6461.43
5902.60
5902.60
5902.60
5902.60
6184.76
6184.76
6184.76
6184.76
6638.47
6638.47
6638.47
6638.47
6014.95
6014.95
6345.33
6345.33
6454.22
6454.22
7343.61
7343.61
6574.18
6574.18
6639.97
6639.97
6138.71
6138.71
656.88
656.88
6494.06
6494.06
6494.06
6494.06
6494.06
6494.06
7377.84
7377.84
3974.43
3974.43
6809.44
6809.44
7136.69
7136.69
7987.08
7987.08
7829.44
7829.44
911.90
911.90
7409.09
7409.09
7409.09
7409.09
7409.09
7409.09
7409.09
7409.09
6520.27
6520.27
1403.86
1403.86
4006.70
4006.70
2511.04
2511.04
5798.53
5798.53
6411.17
6411.17
5977.83
5977.83
5977.83
5977.83
5977.83
5977.83
5977.83
5977.83
6828.04
6828.04
6857.54
6857.54
6857.54
6857.54
6857.54
6857.54
6857.54
6857.54
6857.54
6857.54
6661.09
6661.09
6847.04
6847.04
6459.59
6459.59
3574.69
3574.69
6815.37
6815.37
6815.37
6815.37
1682.08
1682.08
6812.84
6812.84
6812.84
6812.84
4527.95
4527.95
587.87
587.87
6617.22
6617.22
6617.22
6617.22
7296.74
7296.74
7296.74
7296.74
7296.74
7296.74
7296.74
7296.74
7040.97
7040.97
7040.97
7040.97
7040.97
7040.97
7040.97
7040.97
7040.97
7040.97
7040.97
7040.97
7040.97
7040.97
7040.97
7040.97
7040.97
7040.97
7040.97
7040.97
6661.90
6661.90
6661.90
6661.90
6608.64
6608.64
3033.48
3033.48
10.03
10.03
7267.98
7267.98
5178.10
5178.10
7427.22
7427.22
7235.43
7235.43
8289.38
8289.38
8289.38
8289.38
7869.37
7869.37
4895.62
4895.62
7301.15
7301.15
7301.15
7301.15
7301.15
7301.15
7208.88
7208.88
6404.74
6404.74
1216.78
1216.78
3603.76
3603.76
7324.73
7324.73
7320.25
7320.25
8201.05
8201.05
8201.05
8201.05
8201.05
8201.05
1606.74
1606.74
1606.74
1606.74
8261.34
8261.34
8261.34
8261.34
8261.34
8261.34
8261.34
8261.34
8261.34
8261.34
8261.34
8261.34
8261.34
8261.34
8261.34
8261.34
8261.34
8261.34
6037.87
6037.87
6037.87
6037.87
6037.87
6037.87
6037.87
6037.87
6037.87
6037.87
6037.87
6037.87
8154.70
8154.70
8154.70
