# 1Hz Kbps trace generated by import_real_world_traces.py
1733.63
1439.10
1542.57
1439.52
1068.70
1846.96
1692.78
1614.85
1614.85
1272.85
1272.85
1357.88
1357.88
1727.96
1727.96
1742.05
1742.05
1717.60
1717.60
1328.22
1328.22
1438.57
1438.57
1355.96
1355.96
894.15
894.15
1003.47
1003.47
1775.93
1775.93
1533.96
1533.96
1680.20
1680.20
1808.35
1808.35
1596.45
1596.45
1650.47
1650.47
1567.76
1567.76
1917.39
1917.39
1552.83
1552.83
1622.22
1622.22
1669.68
1669.68
364.62
364.62
1368.41
1368.41
1816.94
1816.94
1750.32
1750.32
1670.97
1670.97
1392.96
1392.96
1360.74
1360.74
1839.92
1839.92
1714.48
1714.48
1708.40
1708.40
1570.51
1570.51
1502.83
1502.83
1477.81
1477.81
1484.46
1484.46
761.19
761.19
1417.13
1417.13
1992.65
1992.65
1529.04
1529.04
1648.03
1648.03
1394.31
1394.31
1569.24
1569.24
1673.70
1673.70
1515.21
1515.21
2007.00
2007.00
1400.42
1400.42
1700.62
1700.62
1699.51
1699.51
1470.34
1470.34
481.31
481.31
1648.21
1648.21
1037.17
1037.17
1709.18
1709.18
1655.14
1655.14
1353.36
1353.36
1040.49
1040.49
1289.91
1289.91
1417.20
1417.20
2041.89
2041.89
1508.90
1508.90
1640.04
1640.04
1609.29
1609.29
267.97
267.97
1700.83
1700.83
1464.01
1464.01
1607.61
1607.61
1870.00
1870.00
1914.57
1914.57
1569.64
1569.64
1848.58
1848.58
1678.21
1678.21
1772.58
1772.58
1557.02
1557.02
412.03
412.03
2043.84
2043.84
1851.92
1851.92
1507.30
1507.30
1273.23
1273.23
1056.67
1056.67
1480.55
1480.55
961.57
961.57
1849.45
1849.45
1654.39
1654.39
1922.08
1922.08
1567.30
1567.30
1629.22
1629.22
1587.04
1587.04
1502.31
1502.31
1750.19
1750.19
1628.32
1628.32
1316.26
1316.26
1727.09
1727.09
1415.62
1415.62
2009.07
2009.07
1017.94
1017.94
603.49
603.49
1636.68
1636.68
1970.18
1970.18
1669.44
1669.44
1551.33
1551.33
1182.78
1182.78
1182.78
868.89
1558.65
1558.65
1578.90
1578.90
1468.73
1468.73
1348.27
1348.27
1634.81
1634.81
1634.81
899.68
899.68
1908.95
1908.95
1908.95
1790.61
1790.61
1790.61
1620.57
1620.57
1535.26
1737.46
1845.58
950.86
950.86
1720.68
1720.68
1551.79
1551.79
1381.86
1381.86
727.06
727.06
1880.84
1880.84
1533.65
1533.65
1654.08
1654.08
1433.75
1433.75
1294.02
1294.02
1262.85
1262.85
1313.83
1313.83
1647.22
1647.22
2050.56
2050.56
1642.60
1642.60
1587.30
1587.30
1694.38
1694.38
1403.40
1403.40
1729.62
1729.62
1478.53
1478.53
1678.42
1678.42
1872.44
1872.44
1572.84
1572.84
1511.35
1511.35
1681.32
1681.32
1158.98
1158.98
1103.38
1103.38
1541.27
1541.27
1631.02
1631.02
1737.80
1737.80
782.40
782.40
1693.59
1693.59
1488.23
1488.23
1763.07
1763.07
1554.85
1554.85
1289.65
1289.65
1565.10
1565.10
1214.95
1214.95
1578.43
1578.43
1647.46
1647.46
1873.11
1873.11
1538.46
1538.46
1628.47
1628.47
1725.21
1725.21
1035.08
1035.08
1376.80
1376.80
1569.53
1569.53
1500.40
1500.40
1040.14
1040.14
1614.21
1614.21
1617.64
1617.64
1566.32
1566.32
1020.55
1020.55
731.82
731.82
1813.05
1813.05
1557.96
1557.96
1384.82
1384.82
1648.25
1648.25
1002.31
1002.31
1848.33
1848.33
1056.67
1056.67
1983.43
1983.43
1372.40
1372.40
1490.38
1490.38
731.94
731.94
1929.12
1929.12
1924.59
1924.59
1752.91
1752.91
1547.79
1547.79
1672.15
1672.15
1122.13
1122.13
1060.74
1060.74
1464.77
1464.77
1903.46
1903.46
1344.50
1344.50
1624.91
1624.91
1883.59
1883.59
1222.68
1222.68
1526.58
1526.58
1145.33
1145.33
1623.46
1623.46
1590.55
1590.55
1357.67
1357.67
1349.85
1349.85
1713.96
1713.96
1911.54
1911.54
129.42
129.42
1679.42
1679.42
1710.68
1710.68
1731.81
1731.81
1926.42
1926.42
193.33
193.33
1552.41
1552.41
1552.41
1683.11
1683.11
1683.11
1163.99
1563.39
1414.27
1414.27
1755.94
1755.94
803.34
803.34
803.34
1919.45
1919.45
1919.45
1379.88
1148.28
1148.28
1388.62
1259.07
1259.07
1836.76
1836.76
1437.35
1437.35
1507.19
1507.19
1714.25
1714.25
1498.06
1498.06
363.86
363.86
363.86
974.70
974.70
974.70
1730.74
1730.74
1652.57
1542.08
1542.08
1953.82
1953.82
1141.48
1141.48
1992.49
1992.49
625.23
625.23
625.23
479.20
479.20
1024.83
1024.83
201.83
201.83
2009.49
1237.19
1445.54
1445.54
1630.44
1630.44
1506.38
1506.38
1816.79
1816.79
1399.94
1399.94
1465.19
1465.19
1579.37
1579.37
1455.99
1455.99
1421.10
1421.10
1421.10
24.62
24.62
24.62
1569.27
1569.27
1374.57
1374.57
1935.09
1935.09
1935.09
575.73
575.73
1784.53
1774.70
1774.70
1653.79
1653.79
2007.51
2007.51
1759.43
1586.19
502.25
502.25
1684.91
1684.91
1787.18
1787.18
1849.62
1849.62
1894.40
1894.40
1838.51
1838.51
1403.31
1403.31
1566.68
1566.68
225.67
225.67
1449.67
1449.67
1535.32
1535.32
1835.63
1835.63
1159.48
1159.48
1790.82
1790.82
1599.02
1599.02
1558.55
1558.55
1492.10
1492.10
1702.43
1702.43
1935.11
1935.11
1703.62
1703.62
792.55
792.55
1419.70
1419.70
1620.98
1620.98
1568.53
1568.53
1624.98
1624.98
1603.93
1603.93
1872.39
1872.39
295.18
295.18
295.18
1514.52
1514.52
1514.52
1688.97
1638.00
1638.00
1830.72
1537.33
1537.33
1636.72
1636.72
1806.57
1806.57
1574.56
1574.56
1574.56
1200.88
1200.88
1301.11
1301.11
1301.11
1828.45
1828.45
1505.88
1574.42
1271.81
1271.81
1271.81
1271.81
1522.60
1522.60
1642.17
1642.17
1642.17
1934.65
1934.65
2133.63
2133.63
1682.25
1682.25
2143.91
1641.93
1641.93
1811.36
1811.36
1772.05
1407.29
1407.29
1128.61
1035.08
1035.08
1040.77
1040.77
1424.35
1424.35
1424.35
1771.55
1605.82
1605.82
1894.52
1894.52
2013.54
2013.54
1972.00
1972.00
1639.82
1639.82
1806.11
1806.11
515.34
515.34
1661.14
1661.14
782.95
782.95
1689.97
1689.97
1971.27
1971.27
1971.27
1413.01
1022.96
1022.96
1022.96
1670.18
1670.18
1572.05
1838.91
1838.91
101.14
101.14
101.14
1712.69
1712.69
1712.69
1712.69
1735.78
1735.78
1938.79
1938.79
1938.79
1764.97
1764.97
1764.97
1578.87
1578.87
1899.47
1899.47
1622.37
1622.37
2087.06
1507.68
2099.17
1338.74
1338.74
620.64
620.64
1189.55
1189.55
1189.55
1716.73
1716.73
1866.73
1866.73
1991.44
1991.44
1736.60
1805.91
1805.91
1550.23
1550.23
1878.20
1878.20
382.20
382.20
2077.78
2077.78
1340.81
1340.81
1340.81
1508.54
1936.04
745.96
745.96
1475.34
1475.34
1475.34
965.61
965.61
585.48
585.48
1816.75
1470.37
825.28
825.28
825.28
1219.41
1219.41
429.56
429.56
429.56
1654.37
1421.14
1581.52
1581.52
1581.52
1705.01
1705.01
1820.16
1548.71
1548.71
1548.71
884.55
884.55
1289.63
1289.63
183.97
183.97
1105.06
1105.06
1444.45
1711.13
1711.13
1711.13
1722.24
1722.24
1800.81
1800.81
1800.31
1800.31
1697.93
1697.93
1653.78
1653.78
1737.13
1737.13
1678.67
1678.67
1933.48
1933.48
1703.06
1703.06
1565.62
1565.62
1737.83
1737.83
1560.64
1560.64
1487.75
1487.75
1501.78
1501.78
1166.55
1166.55
1492.03
1492.03
1668.66
1668.66
1764.05
1764.05
1538.58
1538.58
1793.23
1793.23
1532.09
1532.09
2051.23
2051.23
1796.68
1796.68
1981.57
1981.57
1552.84
1552.84
1710.60
1710.60
1732.23
1732.23
1521.83
1521.83
1150.20
1150.20
1720.66
1720.66
1522.06
1522.06
1425.39
1425.39
1901.16
1901.16
1989.47
1989.47
1581.61
1581.61
1547.86
1547.86
1376.69
1376.69
1237.14
1237.14
1730.30
1730.30
1698.13
1698.13
1513.03
1513.03
1438.92
1438.92
1180.39
1180.39
2062.08
2062.08
1621.12
1621.12
1570.76
1570.76
1432.35
1432.35
1536.65
1536.65
1356.25
1356.25
1255.76
1255.76
1286.41
1286.41
1513.62
1513.62
1552.60
1552.60
1627.65
1627.65
674.11
674.11
1547.45
1547.45
1554.56
1554.56
84.01
84.01
1292.47
1292.47
1853.29
1853.29
1606.16
1606.16
1226.34
1226.34
1906.51
1906.51
1052.37
1052.37
1501.21
1501.21
1588.27
1588.27
1437.09
1437.09
1040.63
1040.63
1768.44
1768.44
1859.25
1859.25
1555.58
1555.58
1385.07
1385.07
2015.67
2015.67
1603.59
1603.59
1297.55
1297.55
1777.13
1777.13
1747.63
1747.63
1696.86
1696.86
1809.01
1809.01
1967.91
1967.91
1704.14
1704.14
1363.40
1363.40
1575.62
1575.62
1244.02
1244.02
1904.20
1904.20
1904.20
623.47
623.47
623.47
968.17
968.17
1172.54
1172.54
1796.89
1796.89
1409.52
1364.55
1364.55
1826.49
1169.65
1169.65
1413.01
1413.01
2001.87
2001.87
1401.74
1401.74
1329.54
1329.54
214.71
214.71
1265.86
1265.86
1265.86
1471.54
1471.54
1012.56
1012.56
1148.96
1148.96
1148.96
1700.06
1700.06
2037.65
2037.65
1467.45
1467.45
1674.06
1446.38
1011.80
1011.80
1641.46
1641.46
1391.76
1391.76
1860.41
1860.41
1375.82
1375.82
1271.71
1271.71
1534.55
1534.55
1674.22
1674.22
1286.70
1286.70
1660.36
1660.36
2070.03
2070.03
1656.24
1656.24
66.64
66.64
497.08
497.08
497.08
497.08
1078.38
1078.38
1473.87
1473.87
1762.80
1762.80
1363.21
1363.21
1726.70
1726.70
1425.66
1425.66
51.75
51.75
1786.36
1786.36
1478.38
1478.38
1814.27
1814.27
1445.01
1445.01
1816.52
1816.52
383.84
383.84
1585.51
1585.51
1521.17
1521.17
1521.17
1521.17
1357.51
1357.51
1947.33
1947.33
1791.35
1791.35
1566.39
1566.39
245.24
245.24
1858.72
1858.72
1463.96
1463.96
1731.59
1731.59
1206.97
1206.97
1094.61
1094.61
547.38
547.38
998.46
998.46
998.46
998.46
1447.16
1447.16
1615.96
1615.96
2239.75
2239.75
1872.05
1872.05
1677.40
1677.40
1559.96
1559.96
1503.96
1503.96
1119.00
1119.00
1571.58
1571.58
2024.70
2024.70
374.84
374.84
994.77
994.77
2081.43
2081.43
1687.81
1687.81
1324.81
1324.81
1824.22
1824.22
1530.24
1530.24
1633.49
1633.49
1705.45
1705.45
1618.06
1618.06
2116.36
2116.36
1742.53
1742.53
121.81
121.81
1781.36
1781.36
1758.36
1758.36
1942.57
1942.57
1592.15
1592.15
687.12
687.12
136.46
136.46
1348.22
1348.22
1769.48
1769.48
1948.46
1948.46
717.23
717.23
1869.45
1869.45
1869.45
387.51
387.51
1938.84
1154.45
1154.45
1824.00
1824.00
1459.85
1459.85
1186.96
1186.96
1468.72
1468.72
1656.90
1656.90
1728.53
1728.53
1716.19
1716.19
1160.57
1160.57
1349.31
1349.31
2031.18
2031.18
1861.23
1861.23
1830.21
1830.21
1601.46
1601.46
1601.46
1458.30
1863.35
1863.35
1380.29
1380.29
456.29
456.29
2191.29
2191.29
1798.87
1798.87
600.88
600.88
1688.61
1688.61
1273.69
1273.69
1384.45
1384.45
1861.36
1861.36
1424.59
1424.59
1524.01
1524.01
1411.45
1411.45
1411.45
1429.08
1429.08
1276.13
1276.13
1276.13
1043.30
1043.30
1383.76
1383.76
1727.97
1727.97
1748.55
1748.55
1472.33
1472.33
853.08
853.08
1585.50
1585.50
1759.53
1759.53
1082.47
1082.47
1493.04
1493.04
1493.04
1493.04
821.33
821.33
821.33
1799.94
1799.94
1177.03
1858.79
1858.79
1944.01
1944.01
1528.89
1528.89
1364.16
1364.16
962.75
962.75
2010.28
2010.28
2010.28
1336.45
1336.45
954.73
954.73
954.73
339.69
339.69
1696.15
1696.15
1696.15
2026.75
2026.75
2026.75
1690.77
623.17
623.17
404.30
404.30
404.30
2176.16
2176.16
2176.16
26.06
26.06
26.06
26.06
637.40
637.40
637.40
1838.16
1197.90
1846.05
1846.05
1828.19
330.34
330.34
1123.80
1123.80
995.49
995.49
1854.92
1854.92
1148.29
554.66
554.66
661.68
661.68
661.68
661.68
236.64
236.64
236.64
1382.93
1382.93
1382.93
1382.93
1437.22
1437.22
1437.22
1069.86
1069.86
1734.03
1734.03
1139.23
971.27
971.27
204.92
1713.41
1713.41
93.04
93.04
435.83
435.83
1478.74
1478.74
1478.74
1405.80
1405.80
1405.80
1137.86
1137.86
1563.07
1770.62
1910.93
1910.93
807.71
807.71
807.71
1460.64
1460.64
1548.99
1548.99
1810.11
1810.11
1810.11
1434.15
451.34
451.34
1998.71
1998.71
880.52
880.52
1945.55
1945.55
1510.34
1510.34
1258.82
2020.63
1959.25
1015.68
1015.68
26.90
26.90
1615.63
1615.63
1854.49
1854.49
1716.02
1716.02
1869.83
1869.83
1611.22
1611.22
1611.22
494.99
1701.24
1701.24
1326.97
1326.97
1688.74
1688.74
1801.20
1801.20
1237.65
1237.65
1237.65
1571.15
1559.73
1559.73
1539.77
1539.77
1886.66
1886.66
1457.58
1457.58
1269.48
1269.48
1667.32
1667.32
2044.41
2044.41
2044.41
492.26
492.26
1424.47
1378.54
1378.54
1378.54
1378.54
1378.54
54.48
54.48
1621.20
1621.20
762.85
762.85
56.46
1811.89
1811.89
520.90
1896.88
1896.88
1896.88
1743.68
1743.68
1540.72
1525.91
1285.76
1285.76
1654.63
1654.63
1495.09
1495.09
1177.15
1177.15
1464.27
1464.27
2085.51
2085.51
56.59
56.59
1305.46
1305.46
1633.16
1633.16
1393.50
1393.50
1393.50
902.67
902.67
29.10
29.10
29.10
1147.51
1147.51
1147.51
1859.76
1859.76
1859.76
1426.38
1876.07
1876.07
506.58
917.82
917.82
1854.54
1854.54
1328.63
1328.63
1320.59
1320.59
1127.57
1127.57
353.04
353.04
163.37
163.37
508.98
508.98
807.00
807.00
1575.49
1575.49
1427.25
1427.25
1427.25
1534.97
1489.75
1489.75
1443.90
1443.90
163.87
163.87
1693.45
1693.45
1930.91
1930.91
1876.24
1876.24
1681.45
1681.45
1632.71
1632.71
88.91
88.91
1426.86
1426.86
1286.24
1286.24
1723.10
1723.10
1633.79
1633.79
1633.79
604.45
604.45
604.45
1798.60
1798.60
726.13
1344.55
634.89
634.89
1736.75
1736.75
28.32
28.32
1573.73
1573.73
1495.59
1495.59
104.68
104.68
1720.75
1720.75
1663.89
1663.89
847.06
847.06
355.34
355.34
961.69
961.69
1356.34
1356.34
1306.61
1306.61
1712.43
1712.43
1714.67
1714.67
1727.25
1727.25
1687.81
1687.81
28.78
28.78
1670.67
1670.67
1966.30
1966.30
1863.11
1863.11
2017.27
2017.27
1807.50
1807.50
1135.33
1135.33
1718.22
1718.22
1572.73
1572.73
1213.67
1213.67
1583.04
1583.04
1603.81
1603.81
1553.29
1553.29
1686.98
1686.98
1789.10
1789.10
1326.84
1326.84
27.94
27.94
1430.76
1430.76
1588.44
1588.44
1495.35
1495.35
1564.89
1564.89
1420.20
1420.20
1737.66
1737.66
150.45
150.45
1958.39
1958.39
813.58
813.58
2091.62
2091.62
1696.98
1696.98
230.17
230.17
50.03
50.03
1910.53
1910.53
1175.49
1175.49
1270.04
1270.04
1200.54
1200.54
1348.18
1348.18
1560.33
1560.33
1400.09
1400.09
1373.12
1373.12
1836.53
1836.53
1664.05
1664.05
1781.12
1781.12
67.55
67.55
1302.87
1302.87
786.36
786.36
786.36
1545.41
1602.12
1602.12
999.12
999.12
1931.76
1931.76
1931.76
1719.53
1553.23
1553.23
160.83
160.83
50.14
50.14
1655.38
1655.38
1516.69
1516.69
1696.69
1696.69
333.57
333.57
1721.99
1721.99
1576.67
1576.67
1576.67
238.52
238.52
238.52
1958.79
766.28
766.28
1505.93
1395.41
1395.41
1539.91
1539.91
1539.91
1539.91
1243.69
1243.69
832.04
832.04
832.04
1507.79
1809.05
1809.05
1809.05
338.31
338.31
338.31
338.31
2110.03
598.03
611.79
611.79
611.79
611.79
1438.05
1438.05
1438.05
1740.27
1740.27
1511.20
1511.20
1511.20
1072.68
1072.68
1072.68
2070.72
1767.75
1618.68
1618.68
356.36
356.36
356.36
1480.24
1480.24
1623.74
1623.74
1639.79
1378.89
1378.89
27.13
27.13
1549.31
1549.31
1124.84
809.03
809.03
809.03
126.85
126.85
126.85
1889.20
1889.20
374.32
374.32
1989.10
911.19
911.19
120.19
903.68
903.68
1369.26
1472.39
629.77
629.77
1208.70
1208.70
1349.69
1349.69
250.75
250.75
1042.37
1042.37
481.72
481.72
1703.24
1703.24
1003.56
1003.56
1450.78
1450.78
1119.05
1119.05
1517.25
1517.25
635.12
635.12
1714.94
1714.94
1719.52
1719.52
2018.66
2018.66
487.72
487.72
487.72
1899.12
1899.12
1779.78
1779.78
1211.13
1211.13
1988.46
1988.46
1988.46
1830.64
1830.64
2048.49
2048.49
2048.49
1851.82
1851.82
1780.81
1780.81
1780.81
327.90
327.90
327.90
1756.87
1796.18
1528.79
1462.17
1462.17
1576.98
1576.98
1737.06
1737.06
1361.31
1361.31
366.85
366.85
1656.40
1656.40
1404.01
1404.01
1882.21
1882.21
1720.01
1720.01
1723.57
1723.57
1702.31
1702.31
51.07
51.07
1178.30
1178.30
1489.97
1489.97
1467.65
1467.65
1920.23
1920.23
1466.16
1466.16
1780.59
1780.59
1221.12
1221.12
1447.63
1447.63
1393.51
1393.51
1450.37
1450.37
1479.90
1479.90
1475.59
1475.59
1220.80
1220.80
1546.52
1546.52
1825.23
1825.23
1525.07
1525.07
1852.08
1852.08
1438.55
1438.55
1890.68
1890.68
1342.24
1342.24
1180.49
1180.49
1658.44
1658.44
1699.25
1699.25
1606.87
1606.87
786.17
786.17
1703.89
1703.89
1611.99
1611.99
949.19
949.19
1537.46
1537.46
1700.68
1700.68
1626.83
1626.83
1899.87
1899.87
726.46
726.46
1795.16
1795.16
1566.23
1566.23
1659.82
1659.82
1692.29
1692.29
1432.82
1432.82
499.39
499.39
1531.76
1531.76
1108.92
1108.92
1644.09
1644.09
1706.24
1706.24
1750.40
1750.40
1740.98
1740.98
1346.45
1346.45
1850.60
1850.60
1689.50
1689.50
1671.64
1671.64
1542.64
1542.64
1704.92
1704.92
187.11
187.11
825.88
825.88
1510.61
1510.61
1509.55
1509.55
1584.14
1584.14
1756.39
1756.39
1463.57
1463.57
1685.68
1685.68
1866.47
1866.47
1708.85
1708.85
737.07
737.07
1628.74
1628.74
1378.12
1378.12
1378.17
1378.17
1292.49
1292.49
1452.85
1452.85
1647.08
1647.08
1874.57
1874.57
1664.91
1664.91
1468.81
1468.81
1686.51
1686.51
1871.62
1871.62
1562.27
1562.27
1704.20
1704.20
1773.95
1773.95
1456.68
1456.68
1883.87
1883.87
1687.51
1687.51
996.00
996.00
947.71
947.71
1702.04
1702.04
2058.64
2058.64
1293.60
1293.60
1293.60
1293.60
1538.95
1538.95
1553.37
1553.37
1735.33
1735.33
1245.83
1245.83
1665.13
1665.13
1705.15
1705.15
1255.83
1255.83
1690.25
1690.25
1658.28
1658.28
1459.54
1459.54
1600.45
1600.45
1707.60
1707.60
1270.30
1270.30
1813.77
1813.77
1676.19
1676.19
1642.16
1642.16
1718.43
1718.43
1546.84
1546.84
2317.71
2317.71
1656.04
1656.04
1733.44
1733.44
2011.96
2011.96
1604.11
1604.11
1461.22
1461.22
2128.21
2128.21
1680.09
1680.09
1265.01
1265.01
1613.16
1613.16
1557.42
1557.42
1931.28
1931.28
1801.71
1801.71
1522.70
1522.70
1522.70
1522.70
1641.68
1674.61
1674.61
1902.96
1497.53
1497.53
1937.72
1937.72
1748.76
1748.76
1709.42
1709.42
1617.33
1617.33
1431.02
1431.02
1489.66
1489.66
1666.03
1666.03
1858.92
1858.92
1421.78
1421.78
1637.83
1637.83
1630.60
1630.60
1719.57
1719.57
1207.36
1207.36
1812.84
1812.84
1460.10
1460.10
1476.38
1476.38
2011.73
2011.73
1978.68
1978.68
1885.62
1885.62
415.58
415.58
1550.25
1550.25
1857.29
1857.29
1618.33
1618.33
845.57
845.57
1700.77
1700.77
1501.94
1501.94
1741.59
1741.59
1859.54
1859.54
1904.82
1904.82
1410.50
1410.50
1397.22
1397.22
1877.50
1877.50
1682.69
1682.69
1464.64
1464.64
1154.08
1154.08
1296.42
1296.42
1296.42
1543.74
1853.06
1853.06
1794.74
1794.74
1465.21
1465.21
1611.06
1611.06
1200.18
1200.18
1514.82
1514.82
1613.11
1613.11
1542.11
1542.11
642.91
642.91
1368.48
1368.48
1478.20
1478.20
1431.52
1431.52
1035.03
1035.03
1738.53
1738.53
1136.76
1136.76
1038.33
1038.33
1038.33
1515.80
734.78
734.78
1735.39
1735.39
1705.28
1705.28
2065.46
2065.46
1147.52
1147.52
1453.24
1453.24
918.28
918.28
1838.62
1838.62
1838.62
313.28
594.27
594.27
1013.30
1013.30
1394.71
1394.71
1573.58
1573.58
1298.06
1298.06
1622.53
1622.53
1407.10
1407.10
1748.66
1748.66
1783.33
1783.33
1785.08
1785.08
1815.37
1815.37
1802.29
1802.29
304.06
304.06
1221.31
1221.31
1758.39
1758.39
1718.89
1718.89
1411.55
1411.55
374.60
374.60
374.60
1668.88
1560.48
1560.48
1560.48
1560.48
1629.97
1629.97
1870.87
1870.87
1454.04
1454.04
1528.88
1528.88
1683.72
1683.72
1535.27
1535.27
1581.33
1581.33
1224.30
1224.30
1861.85
1861.85
1154.31
1154.31
1598.87
1598.87
1386.00
1386.00
1055.04
1055.04
1646.43
1646.43
428.62
428.62
1547.32
1547.32
1558.55
1558.55
1884.51
1884.51
1637.23
1637.23
1439.52
1439.52
1716.24
1716.24
1441.72
1441.72
1615.66
1615.66
1222.43
1222.43
1919.17
1919.17
1198.07
1198.07
1391.73
1391.73
1711.14
1711.14
1609.91
1609.91
1681.28
1681.28
1661.41
1661.41
1661.41
1661.41
1635.49
1635.49
1706.94
1706.94
1289.48
1289.48
1092.75
1092.75
1276.99
1276.99
1254.87
1254.87
1338.62
1338.62
1777.46
1777.46
1003.24
1003.24
1602.45
1602.45
1347.04
1347.04
1468.06
1468.06
1468.06
1468.06
1468.06
1159.05
1159.05
1606.60
1606.60
1356.13
1356.13
1413.52
2029.83
2029.83
1096.86
1200.35
1632.06
1632.06
1503.81
1503.81
1902.19
1902.19
310.24
310.24
1503.02
1503.02
1419.56
1419.56
1551.77
1551.77
1459.18
1459.18
1734.53
1734.53
1507.45
1507.45
1461.50
1461.50
1638.42
1638.42
1212.31
1212.31
1913.73
1913.73
1819.71
1819.71
1708.44
1708.44
1933.90
1933.90
1744.38
1744.38
1504.05
1504.05
1537.92
1537.92
1372.61
1372.61
1554.50
1554.50
1744.91
1744.91
1232.93
1232.93
1461.94
1461.94
1164.53
1164.53
1921.31
1921.31
1092.49
1092.49
1213.58
1213.58
1660.01
1660.01
1871.22
1871.22
1651.58
1651.58
1755.89
1755.89
1425.62
1425.62
1684.63
1684.63
1407.02
1407.02
1441.20
1441.20
1251.41
1251.41
1503.23
1503.23
1707.41
1707.41
1001.03
1001.03
1319.57
1319.57
1361.04
1361.04
1230.53
1230.53
1560.22
1560.22
1551.12
1551.12
1144.68
1144.68
1487.39
1487.39
2014.36
2014.36
1374.12
1374.12
1417.25
1417.25
639.94
639.94
1628.22
1628.22
1671.24
1671.24
297.64
297.64
1618.01
1618.01
1420.27
1420.27
1284.99
1284.99
1903.29
1903.29
720.05
720.05
1738.10
1738.10
1403.34
1403.34
1277.56
1277.56
1886.54
1886.54
1443.13
1443.13
1642.71
1642.71
46.07
46.07
46.07
2020.70
2020.70
389.61
1781.97
1781.97
1658.94
1658.94
1580.52
1580.52
1441.85
1441.85
1441.85
1071.25
1071.25
1381.61
1849.80
1849.80
1952.23
1952.23
807.97
807.97
807.97
1531.85
1531.85
2011.15
2011.15
1432.43
1602.19
1602.19
219.14
219.14
219.14
219.14
219.14
258.78
258.78
258.78
1557.93
1557.93
1557.93
911.17
911.17
911.17
1640.55
1640.55
869.59
1273.96
1273.96
1702.43
1702.43
515.75
515.75
2115.80
1373.39
1584.35
1584.35
1759.57
1368.09
1852.15
1365.04
1365.04
1613.17
1613.17
1478.95
1478.95
1616.27
1616.27
1504.40
1504.40
1223.81
1223.81
1223.81
1356.64
1356.64
1356.64
85.99
85.99
85.99
1695.96
1695.96
1965.19
1965.19
702.11
702.11
1374.84
1859.12
1859.12
522.81
522.81
271.16
271.16
271.16
1592.81
1592.81
1592.81
491.19
491.19
491.19
1882.46
1496.78
1928.32
1803.73
1803.73
34.18
34.18
34.18
1236.24
1236.24
1390.06
1390.06
1390.06
1046.23
1046.23
1046.23
1046.23
1046.23
546.22
546.22
1059.01
1439.77
1439.77
1254.19
1711.55
1711.55
1801.74
1968.50
1968.50
1681.45
1681.45
1613.39
1613.39
1420.46
1420.46
1206.42
1206.42
1531.09
1531.09
1725.87
1725.87
1725.87
126.72
