# 1Hz Kbps trace generated by import_real_world_traces.py
256.40
3341.88
1278.28
3288.47
1491.32
1491.32
834.20
3344.84
597.16
3967.28
1996.53
1996.53
1090.22
1090.22
2630.31
2630.31
367.47
367.47
4381.99
4381.99
1297.85
1297.85
2544.09
2544.09
2324.50
2324.50
3121.57
3121.57
2626.42
2626.42
3372.61
3372.61
3764.69
3764.69
18.59
18.59
1371.83
1371.83
4063.08
4063.08
365.84
365.84
117.16
117.16
10.00
10.00
2230.13
2230.13
17.08
17.08
1982.24
1982.24
914.30
914.30
504.09
504.09
18.82
18.82
360.77
360.77
469.81
469.81
621.96
621.96
621.96
2072.31
58.98
58.98
50.37
50.37
200.94
200.94
2290.33
2290.33
1883.74
1883.74
1883.74
246.97
1645.60
1645.60
221.53
221.53
10.00
10.00
10.00
11.17
3258.82
3258.82
1712.41
1712.41
1247.19
1247.19
3707.54
3707.54
3420.56
3420.56
793.96
793.96
535.93
535.93
3387.95
3387.95
1764.80
1764.80
595.39
595.39
17.47
17.47
2282.77
2282.77
18.95
18.95
139.37
139.37
4490.40
4490.40
2506.96
2506.96
2506.96
2506.96
4078.77
4078.77
478.03
478.03
3570.02
3570.02
137.93
137.93
2441.32
2441.32
184.48
184.48
923.43
923.43
1077.40
1077.40
263.39
263.39
420.24
420.24
118.93
118.93
1107.78
1107.78
811.81
811.81
598.96
598.96
1064.73
1064.73
199.88
199.88
4341.42
4341.42
2910.23
2910.23
10.49
10.49
1873.52
1873.52
34.83
34.83
10.00
10.00
2942.34
2942.34
10.00
10.00
796.43
796.43
634.93
634.93
3641.04
3641.04
15.79
15.79
35.11
35.11
4138.74
4138.74
4138.74
4138.74
4138.74
4138.74
4138.74
4138.74
4138.74
4138.74
4138.74
4138.74
4138.74
4138.74
4138.74
4138.74
4138.74
4138.74
4138.74
4138.74
3197.11
3197.11
3197.11
3197.11
3197.11
3197.11
3197.11
3197.11
3197.11
3197.11
3197.11
3197.11
3197.11
3197.11
3197.11
3197.11
3443.10
3443.10
2906.24
2906.24
3749.46
3749.46
1584.00
1584.00
3832.85
3832.85
25.77
25.77
3684.65
3684.65
1241.91
1241.91
802.43
802.43
906.16
906.16
3971.17
3971.17
458.21
458.21
2440.92
2440.92
60.55
60.55
33.87
33.87
1068.92
1068.92
15.29
15.29
1206.86
1206.86
3388.07
3388.07
10.00
10.00
795.05
795.05
3001.82
3001.82
2758.79
2758.79
2923.56
2923.56
2213.60
2213.60
2516.79
2516.79
2966.41
2966.41
845.29
845.29
3017.00
3017.00
2425.65
2425.65
272.15
272.15
3962.26
3962.26
3472.42
3472.42
4580.88
4580.88
190.04
190.04
3969.70
3969.70
129.20
129.20
4689.42
4689.42
1009.09
1009.09
4030.47
4030.47
532.40
532.40
49.66
49.66
10.00
10.00
1837.35
1837.35
399.74
399.74
2813.93
2813.93
585.21
585.21
50.20
50.20
147.96
147.96
19.07
19.07
2733.07
2733.07
3506.82
3506.82
1244.70
1244.70
136.25
136.25
136.25
10.00
10.00
2695.99
129.15
129.15
3060.64
3060.64
4101.08
4101.08
1270.97
1270.97
4461.16
4461.16
2503.45
2503.45
4821.21
4821.21
1603.14
1603.14
17.93
17.93
1627.12
1627.12
2376.44
2376.44
87.98
87.98
17.88
17.88
24.30
24.30
230.73
230.73
86.43
86.43
95.26
95.26
2732.93
2732.93
1039.36
1039.36
1039.36
1039.36
3458.37
3458.37
1582.27
1582.27
2962.98
2962.98
1999.43
1999.43
3594.46
3594.46
3594.46
3594.46
3594.46
3594.46
3625.64
3625.64
3484.65
3484.65
3029.70
3029.70
4079.26
4079.26
2047.91
2047.91
2254.95
2254.95
2254.95
2254.95
629.58
629.58
1860.73
1860.73
1860.73
1860.73
3519.85
3519.85
2913.88
2913.88
3141.55
3141.55
3141.55
3141.55
4162.70
4162.70
3654.51
3654.51
1888.37
1888.37
3311.10
3311.10
3340.96
3340.96
3230.07
3230.07
2555.09
2555.09
2515.72
2515.72
2515.72
2515.72
2805.31
2805.31
2961.06
2961.06
3264.86
3264.86
2748.45
2748.45
3335.75
3335.75
3098.27
3098.27
2834.21
2834.21
2736.84
2736.84
10.00
10.00
10.00
1655.97
2720.18
2720.18
1698.46
1698.46
1698.46
1698.46
1698.46
1698.46
4130.70
4130.70
3317.04
3317.04
1988.49
1988.49
4706.89
4706.89
4880.59
4880.59
3805.28
3805.28
19.18
19.18
4479.31
4479.31
4444.44
4444.44
3882.30
3882.30
3908.10
3908.10
3908.10
3908.10
3908.10
3908.10
4076.12
4076.12
2181.57
2181.57
2181.57
2181.57
3841.94
3841.94
4803.40
4803.40
3642.05
3642.05
2533.96
2533.96
21.98
21.98
3008.53
3008.53
3194.90
3194.90
404.53
404.53
2725.68
2725.68
903.44
903.44
4107.16
4107.16
2959.98
2959.98
290.98
290.98
1633.39
1633.39
11.45
11.45
3591.92
3591.92
2733.75
2733.75
2853.46
2853.46
2786.24
2786.24
3695.70
3695.70
473.46
473.46
1484.31
1484.31
3682.38
3682.38
4068.93
4068.93
221.59
221.59
1449.37
1449.37
4152.79
4152.79
2124.53
2124.53
837.34
837.34
609.60
609.60
2261.75
2261.75
3542.72
3542.72
534.61
534.61
10.00
10.00
29.48
29.48
3342.54
3342.54
77.12
77.12
1306.15
1306.15
4120.34
4120.34
2437.22
2437.22
2979.88
2979.88
241.60
241.60
788.04
788.04
3926.95
3926.95
36.99
36.99
1312.90
1312.90
4501.39
4501.39
4501.39
112.12
298.22
298.22
219.61
219.61
3931.69
3931.69
1746.37
1746.37
17.95
17.95
17.95
10.00
3732.44
3732.44
10.41
10.41
179.19
179.19
255.39
255.39
45.46
45.46
18.26
18.26
208.47
208.47
153.71
153.71
529.37
529.37
700.02
700.02
3482.89
3482.89
4040.28
4040.28
4002.56
4002.56
4222.78
4222.78
2712.98
2712.98
37.23
37.23
182.04
182.04
50.34
50.34
98.73
98.73
2664.47
2664.47
576.72
576.72
576.72
14.02
70.79
70.79
617.38
617.38
1751.89
1751.89
2539.86
2539.86
218.82
218.82
64.21
64.21
944.27
944.27
16.95
16.95
168.23
168.23
266.73
266.73
513.68
513.68
308.49
308.49
361.27
361.27
1949.23
1949.23
745.38
745.38
133.18
133.18
439.03
439.03
11.81
11.81
11.81
11.81
13.09
13.09
310.83
310.83
310.83
144.34
144.34
244.25
244.25
10.00
10.00
13.74
13.74
116.51
116.51
116.51
112.03
334.47
334.47
777.12
777.12
777.12
333.61
448.66
448.66
448.66
469.28
51.94
18.63
18.63
18.63
466.09
90.13
90.13
88.12
88.12
11.34
11.34
11.34
10.00
10.00
171.79
171.79
14.90
489.13
489.13
409.18
409.18
1272.70
1272.70
34.73
34.73
100.77
100.77
38.93
38.93
3527.35
3527.35
842.12
842.12
4022.84
4022.84
4144.90
4144.90
110.17
110.17
122.86
122.86
18.14
18.14
14.12
14.12
10.00
10.00
21.33
21.33
253.70
253.70
68.99
68.99
24.39
24.39
17.80
17.80
2499.36
2499.36
4926.96
4926.96
595.90
595.90
162.08
162.08
11.73
11.73
22.24
22.24
18.70
18.70
202.44
202.44
2030.96
2030.96
2930.65
2930.65
1311.21
1311.21
839.25
839.25
303.22
303.22
20.22
20.22
13.38
13.38
935.63
935.63
585.80
585.80
2998.07
2998.07
860.83
860.83
195.57
195.57
19.42
19.42
37.45
37.45
2952.07
2952.07
3515.43
3515.43
1930.11
1930.11
1311.26
1311.26
76.52
76.52
3344.47
3344.47
2125.01
2125.01
2257.30
2257.30
824.43
824.43
2172.97
2172.97
2172.97
850.36
214.72
214.72
45.88
45.88
489.30
489.30
2153.39
2153.39
3537.18
3537.18
34.55
34.55
37.47
37.47
576.06
576.06
3975.17
3975.17
34.06
34.06
13.50
13.50
4558.88
4558.88
50.88
50.88
93.16
93.16
2851.82
2851.82
3415.54
3415.54
4925.50
4925.50
4023.31
4023.31
2237.97
2237.97
3957.84
3957.84
52.88
52.88
900.10
900.10
508.31
508.31
4228.34
4228.34
4445.95
4445.95
4376.96
4376.96
17.04
17.04
3428.93
3428.93
3428.93
26.97
26.97
2835.89
2835.89
2189.58
2189.58
2965.30
2965.30
53.69
53.69
482.11
482.11
38.08
851.98
851.98
851.98
15.01
15.01
3425.86
3425.86
1315.77
1315.77
4271.82
4271.82
10.66
10.66
1271.90
1271.90
1795.58
1795.58
2993.86
2993.86
905.44
905.44
848.79
848.79
3442.93
2886.69
2886.69
2886.69
485.19
485.19
77.66
77.66
3886.66
3886.66
2840.68
2840.68
367.89
367.89
196.66
196.66
3235.72
3235.72
3364.38
3364.38
3736.15
3736.15
925.07
925.07
2643.64
4349.23
4349.23
4349.23
3947.08
3947.08
3026.74
3026.74
71.03
71.03
1258.01
1258.01
346.63
14.22
14.22
14.22
2117.50
2117.50
2338.98
2338.98
30.33
30.33
3812.20
3812.20
3670.37
4236.59
4236.59
4236.59
4371.16
4371.16
4010.79
4010.79
4379.46
4379.46
3821.45
3821.45
5114.83
5114.83
4927.71
4927.71
3013.33
3013.33
5070.70
5070.70
39.79
39.79
4318.03
4318.03
5610.66
5610.66
37.17
37.17
991.03
991.03
2437.61
2437.61
1288.55
1288.55
4523.02
4523.02
3034.37
3034.37
4841.03
4841.03
159.98
159.98
109.38
109.38
4505.84
4505.84
1122.71
1122.71
2813.40
2813.40
4161.88
4161.88
5285.39
5285.39
364.94
364.94
17.18
17.18
76.81
76.81
1161.80
1161.80
4941.88
4941.88
884.40
884.40
1244.15
1244.15
73.31
73.31
924.10
924.10
35.61
35.61
687.76
687.76
212.20
212.20
158.12
158.12
18.03
18.03
234.63
234.63
905.64
905.64
1382.75
1382.75
4596.54
4596.54
1329.01
1329.01
78.02
78.02
18.97
18.97
512.20
512.20
840.66
840.66
11.25
11.25
36.98
36.98
1493.94
1493.94
114.14
114.14
27.50
27.50
380.46
380.46
10.00
10.00
54.36
54.36
268.34
268.34
19.15
19.15
25.91
25.91
929.36
929.36
288.76
288.76
183.21
183.21
492.22
492.22
123.91
123.91
861.63
861.63
290.75
290.75
24.38
24.38
3537.49
3537.49
130.40
130.40
2655.18
2655.18
146.90
146.90
71.67
71.67
17.93
17.93
1747.21
1747.21
28.26
28.26
51.96
51.96
3553.97
3553.97
3391.13
3391.13
4132.15
4132.15
2772.29
2772.29
1700.28
1700.28
851.01
851.01
2009.82
2009.82
779.28
779.28
4882.14
4882.14
2430.19
2430.19
5342.18
5342.18
119.88
119.88
3387.57
3387.57
4704.36
4704.36
292.19
292.19
1790.56
1790.56
12.58
12.58
15.87
15.87
103.48
103.48
3032.31
3032.31
13.61
13.61
4486.23
4486.23
435.49
435.49
3578.85
3578.85
838.19
838.19
1587.19
1587.19
121.67
121.67
2608.44
2608.44
115.93
115.93
4551.42
4551.42
4785.58
4785.58
4050.29
4050.29
4230.88
4230.88
5044.85
5044.85
4434.21
4434.21
5416.32
5416.32
814.02
814.02
5302.61
5302.61
128.46
128.46
5336.88
5336.88
5788.07
5788.07
5788.07
5788.07
5623.91
5623.91
4615.15
4615.15
1908.63
1908.63
4005.65
4005.65
5173.02
5173.02
5282.57
