# 1Hz Kbps trace generated by import_real_world_traces.py
3327.20
3959.28
3959.28
1728.18
1728.18
1997.78
1997.78
1633.93
1633.93
4781.71
4781.71
1991.68
1991.68
1251.07
1251.07
3732.97
3732.97
383.08
383.08
166.90
166.90
2495.10
2495.10
2964.91
2964.91
3154.22
3154.22
2234.11
2234.11
4376.55
4376.55
3204.90
3204.90
2094.17
2094.17
1652.16
1652.16
2977.96
2977.96
162.62
162.62
2514.54
2514.54
1774.78
1774.78
5098.48
5098.48
377.09
377.09
1466.85
1466.85
3934.91
3934.91
3576.56
3576.56
1640.59
1640.59
14.06
14.06
14.06
469.22
1290.47
1290.47
1327.39
1327.39
2428.46
2428.46
1965.33
1965.33
3977.92
3977.92
456.98
456.98
1352.80
1352.80
1199.93
1199.93
2345.66
2345.66
385.03
385.03
1201.92
1201.92
1843.02
1843.02
2148.46
2148.46
3813.91
3813.91
3794.70
3794.70
3470.82
3470.82
1479.35
1479.35
4241.03
4241.03
3207.91
3207.91
3435.04
3435.04
3387.82
3387.82
3755.36
3755.36
555.18
555.18
1682.09
1682.09
2594.20
2594.20
298.11
298.11
104.04
104.04
193.55
193.55
2587.87
2587.87
495.30
495.30
4910.50
4910.50
3479.60
3479.60
4446.33
4446.33
33.22
33.22
3512.68
3512.68
2405.53
2405.53
301.68
301.68
5104.50
5104.50
29.21
29.21
360.74
360.74
3458.07
3458.07
2895.03
2895.03
1351.96
1351.96
73.86
73.86
925.91
925.91
925.91
1344.44
398.04
398.04
160.66
160.66
791.35
791.35
4326.61
4326.61
297.20
297.20
49.76
49.76
1710.91
1710.91
199.08
199.08
3807.20
3807.20
2427.52
2427.52
2095.45
2095.45
1702.15
1702.15
2308.47
2308.47
3601.89
3601.89
100.23
100.23
3904.51
3904.51
4217.20
4217.20
3002.17
3002.17
3655.35
3655.35
4045.40
4045.40
4438.11
4438.11
878.00
878.00
3480.63
3480.63
158.46
158.46
526.58
526.58
1591.31
1591.31
65.82
65.82
23.32
23.32
2006.32
2006.32
4770.58
4770.58
2330.34
2330.34
1225.35
1225.35
1893.63
1893.63
67.96
67.96
2874.40
2874.40
2869.30
2869.30
562.60
562.60
1274.81
1274.81
2551.11
2551.11
2757.97
2757.97
3104.66
3104.66
273.25
273.25
4708.36
4708.36
4347.85
4347.85
1646.29
1646.29
4839.57
4839.57
1433.85
1433.85
3173.42
3173.42
5344.48
5344.48
3636.91
3636.91
3189.37
3189.37
2281.56
2281.56
3134.41
3134.41
2546.97
2546.97
4881.98
4881.98
5391.90
5391.90
5244.84
5244.84
4592.61
4592.61
510.02
510.02
4366.89
4366.89
3239.42
3239.42
1891.85
1891.85
2605.20
2605.20
2605.20
4761.93
4761.93
1093.89
1093.89
4164.59
4164.59
2126.35
2126.35
3122.97
3122.97
3361.42
3361.42
1684.31
1684.31
3787.05
3787.05
3808.26
3808.26
1221.59
1221.59
2947.67
2947.67
1548.19
1548.19
4153.35
4153.35
4301.03
4301.03
641.42
641.42
5349.67
5349.67
91.76
91.76
4052.41
4052.41
2453.83
2453.83
4665.29
4665.29
3314.36
3314.36
2942.36
2942.36
2628.91
2628.91
3380.31
3380.31
4072.77
4072.77
2151.10
2151.10
2151.10
2151.10
1771.65
1771.65
4187.80
4187.80
1026.44
1026.44
3644.83
3644.83
3469.84
3469.84
4366.69
4366.69
4059.42
4059.42
3902.03
3902.03
3692.13
3692.13
3908.23
3908.23
2119.34
2119.34
3818.73
3818.73
3098.28
3098.28
3471.77
3471.77
4426.73
4426.73
4426.73
4426.73
3810.07
3810.07
2216.80
2216.80
3911.63
3911.63
3887.60
3887.60
3856.96
3856.96
3842.08
3842.08
3842.08
3842.08
2772.42
2772.42
3610.25
3610.25
2087.14
2087.14
3873.85
3873.85
3104.29
3104.29
4625.68
4625.68
3583.52
3583.52
3093.01
3093.01
1823.93
1823.93
5584.07
5584.07
3520.31
3520.31
3889.61
3889.61
3645.82
3645.82
2060.50
2060.50
2060.50
2060.50
4209.94
4209.94
4700.72
4700.72
4700.72
4700.72
3744.18
3744.18
4310.44
4310.44
3165.73
3165.73
4567.82
4567.82
5401.28
5401.28
5194.50
5194.50
2799.98
2799.98
4304.22
4304.22
5045.95
5045.95
4117.36
4117.36
1276.04
1276.04
3946.45
3946.45
4942.98
4942.98
4942.98
4942.98
3687.26
3687.26
4179.52
4179.52
1800.40
1800.40
3989.79
3989.79
3715.31
3715.31
3040.70
3040.70
4597.85
4597.85
1352.62
1352.62
133.51
133.51
111.05
111.05
4055.42
4055.42
2610.19
2610.19
1824.06
1824.06
2288.78
2288.78
33.21
33.21
3770.61
3770.61
3668.57
3668.57
1762.59
1762.59
479.02
479.02
30.28
30.28
4608.75
4608.75
2807.64
2807.64
2556.92
2556.92
3802.00
3802.00
2026.31
2026.31
1117.95
1117.95
329.35
329.35
772.24
772.24
4677.65
4677.65
70.47
70.47
2716.91
2716.91
4175.77
4175.77
3656.39
3656.39
159.94
159.94
3347.05
3347.05
4874.15
4874.15
4748.68
4748.68
4888.15
4888.15
1058.71
1058.71
369.95
369.95
1387.25
1387.25
1206.48
1206.48
202.61
202.61
2374.83
2374.83
1992.70
1992.70
3056.96
3056.96
4793.24
4793.24
2704.68
2704.68
1939.33
1939.33
1571.71
1571.71
62.78
62.78
4900.35
4900.35
2733.07
2733.07
95.06
95.06
2834.43
2834.43
3028.44
3028.44
2932.80
2932.80
710.00
710.00
4592.43
4592.43
1306.29
1306.29
3584.48
3584.48
1447.10
1447.10
2084.01
2084.01
2604.07
2604.07
936.36
936.36
3504.50
3504.50
4757.91
4757.91
149.75
149.75
94.93
94.93
3697.57
3697.57
3733.58
3733.58
4904.19
4904.19
1050.98
1050.98
3646.99
3646.99
1602.39
1602.39
4323.00
4323.00
4864.33
4864.33
4347.78
4347.78
31.98
31.98
1613.54
1613.54
5317.34
5317.34
3479.71
3479.71
3836.55
3836.55
2658.45
2658.45
358.55
358.55
31.52
31.52
1670.13
1670.13
3646.47
3646.47
1366.64
1366.64
1435.62
1435.62
3791.01
3791.01
1642.98
1642.98
665.39
665.39
2847.09
2847.09
3002.17
3002.17
3793.76
3793.76
5047.65
5047.65
3033.03
3033.03
4883.86
4883.86
3347.94
3347.94
5081.88
5081.88
52.06
52.06
47.48
47.48
2602.77
2602.77
2679.86
2679.86
1604.63
1604.63
1139.54
1139.54
1790.56
1790.56
1219.22
1219.22
1396.56
1396.56
3016.73
3016.73
2830.62
2830.62
3493.49
3493.49
1800.91
1800.91
3863.56
3863.56
1732.02
1732.02
1562.39
1562.39
3149.72
3149.72
3920.35
3920.35
3417.00
3417.00
3417.00
3417.00
3417.00
3417.00
4034.05
4034.05
2946.29
2946.29
4312.76
4312.76
1452.14
1452.14
29.02
29.02
2975.52
2975.52
4073.57
4073.57
86.99
86.99
3688.04
3688.04
33.32
33.32
1284.80
1284.80
4276.45
4276.45
3180.00
3180.00
101.91
101.91
4191.36
4191.36
155.85
155.85
47.20
47.20
1508.48
1508.48
3279.73
3279.73
2991.27
2991.27
1730.56
1730.56
2846.03
2846.03
908.71
908.71
414.55
414.55
2239.45
2239.45
3142.61
3142.61
535.47
535.47
3195.53
3195.53
3810.53
3810.53
3591.59
3591.59
2481.36
2481.36
3062.48
3062.48
2418.98
2418.98
3048.10
3048.10
67.73
67.73
4260.56
4260.56
4260.56
4260.56
4260.56
4260.56
4327.37
4327.37
3256.67
3256.67
3653.45
3653.45
3379.73
3379.73
33.28
33.28
4424.59
4424.59
4424.59
4424.59
3781.23
3781.23
98.51
98.51
1433.71
1433.71
39.20
39.20
2992.93
2992.93
1212.89
1212.89
2728.18
2728.18
3579.84
3579.84
3953.79
3953.79
3953.79
3953.79
3051.41
3051.41
3372.14
3372.14
3252.96
3252.96
611.01
611.01
3352.41
3352.41
2293.04
2293.04
20.04
20.04
3847.04
3847.04
4692.09
4692.09
3482.52
3482.52
4866.41
4866.41
2232.52
2232.52
2591.43
2591.43
4632.89
4632.89
4275.49
4275.49
787.54
787.54
2069.59
2069.59
2867.96
2867.96
3118.04
3118.04
2126.10
2126.10
2233.07
2233.07
3465.79
3465.79
3465.79
3465.79
2794.18
2794.18
3974.82
3974.82
2553.98
2553.98
3379.78
3379.78
1763.84
1763.84
2799.25
2799.25
2544.56
2544.56
318.49
318.49
2617.94
2617.94
1073.03
1073.03
2860.81
2860.81
3906.61
3906.61
2099.02
2099.02
55.76
55.76
2545.26
2545.26
1051.10
1051.10
4780.92
4780.92
3082.15
3082.15
1602.00
1602.00
476.04
476.04
4735.35
4735.35
4897.99
4897.99
3407.06
3407.06
4521.31
4521.31
2552.69
2552.69
2562.15
2562.15
5004.57
5004.57
3164.94
3164.94
2542.45
2542.45
956.24
956.24
3921.96
3921.96
3141.32
3141.32
2600.54
2600.54
4873.06
4873.06
66.07
66.07
3036.27
3036.27
2635.29
2635.29
4250.86
4250.86
3546.53
3546.53
3444.30
3444.30
2969.45
2969.45
548.26
548.26
2339.36
2339.36
4029.88
4029.88
411.60
411.60
5182.52
5182.52
5165.87
5165.87
3701.80
3701.80
121.29
121.29
1771.18
1771.18
35.67
35.67
2030.51
2030.51
3712.58
3712.58
3214.80
3214.80
1132.97
1132.97
2185.12
2185.12
3150.76
3150.76
412.35
412.35
2036.27
2036.27
4139.63
4139.63
3380.13
3380.13
1949.27
1949.27
2342.28
2342.28
59.15
59.15
1742.83
1742.83
1273.45
1273.45
4619.39
4619.39
2238.20
2238.20
3137.66
3137.66
13.23
13.23
1992.56
1992.56
1576.88
1576.88
3928.04
3928.04
3942.94
3942.94
580.88
580.88
1970.35
1970.35
4769.41
4769.41
2902.34
2902.34
1978.84
1978.84
3813.90
3813.90
4231.17
4231.17
327.63
327.63
177.03
177.03
879.47
879.47
4700.13
4700.13
875.20
875.20
503.87
503.87
4259.50
4259.50
189.57
189.57
3584.40
3584.40
23.48
23.48
771.78
771.78
104.38
104.38
119.09
119.09
1038.87
1038.87
3770.16
3770.16
111.27
111.27
2457.01
2457.01
2026.93
2026.93
824.60
824.60
2129.99
2129.99
1964.14
1964.14
1434.95
1434.95
3404.25
3404.25
2573.82
2573.82
603.08
603.08
1909.98
1909.98
1387.17
1387.17
2620.52
2620.52
1682.20
1682.20
1174.40
1174.40
1193.15
1193.15
914.26
914.26
1620.90
1620.90
2676.15
2676.15
2453.27
2453.27
1686.80
1686.80
3851.58
3851.58
2259.26
2259.26
86.73
86.73
32.46
32.46
1480.21
1480.21
2654.91
2654.91
2778.33
2778.33
4708.47
4708.47
1270.37
1270.37
1340.81
1340.81
1837.56
1837.56
1837.56
1837.56
2560.81
2560.81
4147.89
4147.89
2895.75
2895.75
2383.30
2383.30
3262.94
3262.94
2141.22
2141.22
3737.39
3737.39
3664.60
3664.60
3657.65
3657.65
1523.08
1523.08
2440.64
2440.64
3656.01
3656.01
1946.54
1946.54
1533.33
1533.33
3146.00
3146.00
2109.98
2109.98
2562.64
2562.64
3231.19
3231.19
206.80
206.80
873.89
873.89
87.69
87.69
2137.09
2137.09
165.68
165.68
510.51
510.51
1953.06
1953.06
3078.01
3078.01
2898.51
2898.51
3452.90
3452.90
3112.21
3112.21
56.90
56.90
1631.11
1631.11
2737.86
2737.86
3947.19
3947.19
1734.72
1734.72
2027.79
2027.79
2360.97
2360.97
3028.95
3028.95
24.96
24.96
24.96
125.62
125.62
4312.84
1140.10
1140.10
2921.52
2921.52
3442.85
3442.85
1392.13
1392.13
1392.13
2230.57
2486.48
2486.48
1908.63
1908.63
2337.62
2337.62
2206.78
2206.78
2476.65
2476.65
1779.47
1779.47
2750.07
2750.07
2795.62
2795.62
4747.98
4747.98
2394.75
2394.75
4332.71
4332.71
4397.91
4397.91
3807.17
3807.17
2488.28
2488.28
2374.07
2374.07
3300.05
3300.05
2013.99
2013.99
2897.96
2897.96
3180.85
3180.85
2382.74
2382.74
2892.25
2892.25
2456.30
2456.30
2516.28
2516.28
1785.13
1785.13
3015.44
3015.44
4138.54
4138.54
3920.55
3920.55
3289.21
3289.21
3598.46
3598.46
3598.46
3598.46
2576.30
2576.30
3240.91
3240.91
2866.08
2866.08
4062.08
4062.08
4008.00
4008.00
3634.57
3634.57
3194.98
3194.98
3487.40
3487.40
3446.97
3446.97
3334.39
3334.39
3969.60
3969.60
2758.50
2758.50
2758.50
4467.95
4467.95
3213.90
3213.90
3213.90
3213.90
3213.90
3319.39
3319.39
3319.39
2937.62
2937.62
4092.38
4092.38
2622.76
2568.88
2568.88
2568.88
2982.67
2982.67
3582.72
3582.72
3196.27
3196.27
2703.77
2703.77
4112.19
4112.19
2594.79
2594.79
1367.36
1367.36
3303.21
3303.21
3303.21
3303.21
3303.21
3303.21
1493.40
130.87
130.87
130.87
2307.03
2307.03
2639.01
2639.01
1120.66
1120.66
720.04
720.04
73.43
73.43
2218.83
2218.83
1618.41
1618.41
1618.41
1618.41
1679.04
1679.04
3158.95
3158.95
3055.40
27.52
27.52
27.52
2512.78
2512.78
3432.21
3432.21
461.71
461.71
56.44
56.44
3960.97
3960.97
3371.75
3371.75
3395.27
3395.27
896.92
896.92
107.60
107.60
530.22
530.22
84.05
84.05
1827.26
1827.26
2909.24
2909.24
289.76
289.76
3481.80
3481.80
1873.42
1873.42
1257.37
1257.37
2735.17
2735.17
84.15
84.15
3605.60
3605.60
3258.64
3258.64
2034.43
2034.43
2643.31
2643.31
2824.80
2824.80
921.94
921.94
1738.13
1738.13
2702.01
2702.01
717.78
717.78
4377.93
4377.93
2970.34
2970.34
1982.04
1982.04
3906.87
3906.87
3534.01
3534.01
2681.72
2681.72
3015.40
3015.40
2032.09
2032.09
3282.90
3282.90
3426.81
3426.81
3393.39
3393.39
3289.72
3289.72
2496.64
2496.64
2131.86
2131.86
2921.60
2921.60
83.08
83.08
2739.85
2739.85
2051.28
2051.28
2614.07
2614.07
1045.00
1045.00
1437.01
1437.01
3440.57
3440.57
1920.24
1920.24
1796.36
1796.36
296.63
296.63
1400.06
1400.06
2342.22
2342.22
713.80
713.80
317.04
317.04
2466.53
2466.53
3076.86
3076.86
1469.51
1469.51
1484.96
1484.96
1277.48
1277.48
40.52
40.52
242.94
242.94
62.26
62.26
1460.83
1460.83
455.84
455.84
1632.19
1632.19
2165.88
2165.88
740.33
740.33
1090.54
1090.54
2668.70
2668.70
2502.85
2502.85
1790.36
1790.36
2224.72
2224.72
2779.10
2779.10
1939.50
1939.50
1906.03
1906.03
1993.25
1993.25
20.82
20.82
54.63
54.63
3996.59
3996.59
282.73
282.73
2298.95
2298.95
2984.38
2984.38
195.66
195.66
166.19
166.19
1262.90
1262.90
759.94
759.94
287.65
287.65
2472.50
2472.50
3760.54
3760.54
2095.60
2095.60
1646.60
1646.60
1536.58
1536.58
3548.61
3548.61
2769.68
2769.68
2167.99
2167.99
2917.52
2917.52
1981.57
1981.57
31.90
31.90
3463.16
3463.16
249.15
249.15
3754.58
3754.58
56.39
56.39
2549.19
2549.19
1554.82
1554.82
1604.21
1604.21
233.82
233.82
107.25
107.25
3512.66
3512.66
610.86
610.86
1349.81
1349.81
2082.35
2082.35
151.47
151.47
1648.96
1648.96
2096.49
2096.49
1233.82
1233.82
2556.76
2556.76
1552.56
1552.56
1736.10
1736.10
1426.36
1426.36
2292.49
2292.49
3207.00
3207.00
3265.42
3265.42
2964.95
2964.95
3568.27
3568.27
3165.72
3165.72
1114.77
1114.77
1595.66
1595.66
20.19
20.19
1475.47
1475.47
3589.44
3589.44
1296.51
1296.51
1339.60
1339.60
838.23
838.23
2236.81
2236.81
2869.59
2869.59
2693.35
2693.35
1341.22
1341.22
1451.63
1451.63
3742.97
3742.97
159.58
159.58
3515.46
3515.46
2788.48
2788.48
3223.49
3223.49
3542.63
3542.63
676.33
676.33
1908.49
1908.49
345.78
345.78
840.08
840.08
1377.10
1377.10
2759.26
2759.26
75.68
75.68
397.25
397.25
1316.56
1316.56
1396.94
1396.94
1664.20
1664.20
72.80
72.80
617.40
617.40
87.24
87.24
2362.15
2362.15
833.06
833.06
2168.80
2168.80
3233.57
3233.57
1132.81
1132.81
3396.35
3396.35
1440.16
1440.16
59.64
59.64
927.98
927.98
1500.86
1500.86
1924.62
1924.62
28.76
28.76
732.70
732.70
302.29
302.29
2672.27
2672.27
2609.66
2609.66
332.76
332.76
2099.81
2099.81
3285.86
3285.86
394.89
394.89
194.52
194.52
1274.59
1274.59
2139.99
2139.99
1451.17
1451.17
1258.40
1258.40
2360.07
2360.07
1907.85
1907.85
1783.31
1783.31
139.23
139.23
47.27
47.27
1671.48
1671.48
1790.64
1790.64
2829.80
2829.80
3177.26
3177.26
4115.59
4115.59
3408.95
3408.95
2575.47
2575.47
113.71
113.71
35.41
35.41
1584.84
1584.84
1508.77
1508.77
3124.64
3124.64
85.79
85.79
40.02
40.02
1988.64
1988.64
3538.78
3538.78
2423.30
2423.30
1474.38
1474.38
2072.16
2072.16
3007.07
3007.07
3777.95
3777.95
60.30
60.30
280.74
280.74
21.98
21.98
2819.05
2819.05
1882.86
1882.86
2375.22
2375.22
681.02
681.02
2133.85
2133.85
50.49
50.49
131.14
131.14
1719.51
1719.51
3066.22
3066.22
10.00
10.00
925.17
925.17
3032.35
3032.35
2875.46
2875.46
3484.10
3484.10
943.78
943.78
2733.61
2733.61
3236.62
3236.62
429.29
429.29
1415.84
1415.84
1317.89
1317.89
2637.23
2637.23
2421.60
2421.60
533.42
533.42
2503.22
2503.22
1929.47
1929.47
654.99
654.99
1663.35
1663.35
1730.72
1730.72
2088.92
2088.92
3397.66
3397.66
201.00
201.00
2398.20
2398.20
95.88
95.88
2675.41
2675.41
2936.72
2936.72
3186.25
3186.25
3259.29
3259.29
2049.81
2049.81
505.53
505.53
1201.25
1201.25
2085.76
2085.76
42.87
42.87
1831.53
1831.53
3047.50
3047.50
1732.31
1732.31
3516.25
3516.25
2206.42
2206.42
3713.10
3713.10
1692.14
1692.14
956.61
956.61
48.37
48.37
320.42
320.42
2700.48
2700.48
1690.88
1690.88
3120.36
3120.36
2129.69
2129.69
2950.98
2950.98
1481.74
1481.74
1452.41
1452.41
2160.95
2160.95
3696.07
3696.07
26.74
26.74
54.11
54.11
84.08
84.08
479.55
479.55
42.54
42.54
10.00
10.00
1403.51
1403.51
73.17
73.17
2796.42
2796.42
3185.18
3185.18
2171.22
2171.22
1768.31
1768.31
3617.86
3617.86
1789.38
1789.38
3560.24
3560.24
2728.68
2728.68
2089.54
2089.54
2304.79
2304.79
111.55
111.55
1094.24
1094.24
421.51
421.51
1679.84
1679.84
3517.22
3517.22
22.51
22.51
97.03
97.03
1893.00
1893.00
3620.70
3620.70
969.30
969.30
119.25
119.25
2291.85
2291.85
1085.83
1085.83
2410.54
2410.54
1306.52
1306.52
2542.72
2542.72
1094.57
1094.57
2048.71
2048.71
2718.11
2718.11
2683.07
2683.07
2204.45
2204.45
2874.89
2874.89
2142.80
2142.80
752.26
752.26
1348.01
1348.01
2433.30
2433.30
1704.29
1704.29
2626.49
2626.49
1426.30
1426.30
1253.74
1253.74
264.16
264.16
2775.02
2775.02
49.35
49.35
303.88
303.88
636.99
636.99
163.55
163.55
2086.34
2086.34
1838.54
1838.54
171.58
171.58
445.49
445.49
613.92
613.92
402.03
402.03
1678.70
1678.70
3299.19
3299.19
2543.89
2543.89
2443.31
2443.31
1617.91
1617.91
3767.49
3767.49
30.95
30.95
2134.43
2134.43
66.69
66.69
1263.74
1263.74
72.10
72.10
115.31
115.31
3341.54
3341.54
113.70
113.70
1220.60
1220.60
1917.28
1917.28
1254.14
1254.14
47.06
47.06
2630.67
2630.67
1066.09
1066.09
2525.03
2525.03
3344.28
3344.28
3599.17
3599.17
2240.66
2240.66
400.20
400.20
2562.62
2562.62
2075.44
2075.44
2338.37
2338.37
2196.43
2196.43
11.67
11.67
2278.38
2278.38
2276.50
2276.50
3205.92
3205.92
2601.55
2601.55
2892.96
2892.96
1800.32
1800.32
3067.59
3067.59
2607.21
2607.21
3360.42
3360.42
3021.38
3021.38
3073.50
3073.50
2937.49
2937.49
3984.48
3984.48
2335.12
2335.12
2335.12
2335.12
153.67
153.67
3794.34
3794.34
3699.14
3699.14
58.69
58.69
1551.67
1551.67
4005.16
4005.16
1413.24
1413.24
2708.88
2708.88
2708.88
2708.88
1074.62
1074.62
1996.04
1996.04
3367.30
3367.30
1419.80
1419.80
2050.84
2050.84
2946.81
2946.81
3586.42
3586.42
3586.42
3586.42
3586.42
3586.42
3586.42
3586.42
1617.71
1617.71
3884.41
3884.41
1342.66
1342.66
2834.13
2834.13
2730.73
2730.73
3994.22
3994.22
2831.43
2831.43
5579.72
5579.72
2532.65
2532.65
34.98
34.98
63.35
63.35
2996.74
2996.74
3891.71
3891.71
2579.75
2579.75
2706.15
2706.15
2947.24
2947.24
1511.08
1511.08
3371.34
3371.34
2565.50
2565.50
2581.42
2581.42
4073.47
4073.47
3536.50
3536.50
3337.60
3337.60
1096.14
1096.14
3519.49
3519.49
4194.49
4194.49
4428.78
4428.78
4084.78
4084.78
3460.37
3460.37
4159.07
4159.07
4159.07
4159.07
4089.95
4089.95
470.30
470.30
2178.35
2178.35
1557.92
1557.92
1557.92
1557.92
2768.78
2768.78
4034.36
4034.36
4668.30
4668.30
651.23
651.23
3752.59
3752.59
2392.92
2392.92
4062.38
4062.38
2929.75
2929.75
2112.57
2112.57
2821.85
2821.85
3229.85
3229.85
10.00
10.00
2891.39
2891.39
2547.86
2547.86
2033.80
2033.80
4745.87
4745.87
2794.49
2794.49
2731.81
2731.81
4498.63
4498.63
4600.08
4600.08
4534.31
4534.31
82.75
82.75
82.75
4059.36
66.65
66.65
2722.09
2722.09
604.06
604.06
33.02
33.02
624.74
624.74
1699.29
1699.29
2290.41
2290.41
2594.40
2594.40
2594.40
3244.60
3244.60
122.71
122.71
1264.49
1264.49
2086.65
2086.65
3128.60
3128.60
55.50
55.50
2533.89
2533.89
3212.91
3212.91
2385.84
2385.84
25.97
25.97
1976.44
1976.44
2665.15
2665.15
2753.63
2753.63
43.88
43.88
1504.24
1504.24
177.15
177.15
116.94
116.94
1243.33
1243.33
143.22
143.22
106.04
106.04
2080.49
2080.49
4302.93
4302.93
3269.78
3269.78
27.65
27.65
3649.03
3649.03
2321.73
2321.73
3551.38
3551.38
4101.10
4101.10
2798.41
2798.41
2114.53
2114.53
2880.41
2880.41
1985.04
1985.04
4455.64
4455.64
3152.74
3152.74
3075.43
3075.43
966.88
966.88
3433.56
3433.56
1704.85
1704.85
3960.89
3960.89
36.12
36.12
1357.54
1357.54
2969.29
2969.29
1259.87
1259.87
2141.06
2141.06
1230.94
1230.94
3342.39
3342.39
2896.50
2896.50
1250.26
1250.26
2530.85
2530.85
2742.03
2742.03
2135.21
2135.21
1325.77
1325.77
4046.78
4046.78
427.76
427.76
3915.19
3915.19
1648.37
1648.37
2814.18
2814.18
1700.07
1700.07
4331.83
4331.83
3462.66
3462.66
3709.02
3709.02
3529.20
3529.20
2068.06
2068.06
2170.99
2170.99
4250.49
4250.49
114.29
114.29
1004.25
1004.25
2395.78
2395.78
2642.71
2642.71
3907.48
3907.48
3001.51
3001.51
1091.59
1091.59
2768.71
2768.71
4173.40
4173.40
955.54
955.54
2098.55
2098.55
4269.56
4269.56
4234.38
4234.38
4409.08
4409.08
4572.74
4572.74
715.50
715.50
1688.15
1688.15
3107.43
3107.43
3462.70
3462.70
1872.93
1872.93
1141.28
1141.28
1679.16
1679.16
22.44
22.44
2467.18
2467.18
2665.73
2665.73
1593.00
1593.00
4967.21
4967.21
4217.42
4217.42
3344.18
3344.18
2381.41
2381.41
323.88
323.88
1436.21
1436.21
519.02
519.02
4046.45
4046.45
4321.44
4321.44
1172.73
1172.73
2178.89
2178.89
1858.50
1858.50
56.62
56.62
3520.46
3520.46
3127.23
3127.23
1898.49
1898.49
3824.16
3824.16
3164.39
3164.39
2153.16
2153.16
3114.84
3114.84
1082.27
1082.27
4203.66
4203.66
2870.63
2870.63
3260.91
3260.91
3259.79
3259.79
1745.99
1745.99
1043.75
1043.75
111.19
111.19
1287.35
1287.35
1901.95
1901.95
4333.76
4333.76
276.43
276.43
364.42
364.42
141.73
141.73
2396.01
2396.01
3901.76
3901.76
2011.68
2011.68
3329.63
3329.63
3820.81
3820.81
3338.60
3338.60
1181.46
1181.46
3388.29
3388.29
2322.71
2322.71
4077.39
4077.39
439.45
439.45
4122.64
4122.64
4298.05
4298.05
4298.05
4298.05
4298.05
4298.05
3776.89
3776.89
585.34
585.34
2262.65
2262.65
2045.25
2045.25
1613.32
1613.32
1490.56
1490.56
1768.97
1768.97
2280.36
2280.36
93.55
93.55
2891.98
2891.98
26.32
26.32
2725.05
2725.05
24.37
24.37
485.69
485.69
1909.63
1909.63
2829.40
2829.40
3283.50
3283.50
3283.50
3283.50
3431.35
3431.35
3431.35
3431.35
678.83
678.83
4300.61
4300.61
2937.12
2937.12
3534.96
3534.96
3284.98
3284.98
3897.85
3897.85
4232.77
4232.77
2774.71
2774.71
2414.10
2414.10
2414.10
2414.10
2256.67
2256.67
3431.13
3431.13
4154.70
4154.70
12.73
12.73
3393.43
3393.43
3555.35
3555.35
3555.35
3555.35
3046.18
3046.18
2569.16
2569.16
2837.45
2837.45
2539.80
2539.80
2551.62
2551.62
1583.51
1583.51
1623.29
1623.29
378.91
378.91
610.95
610.95
1287.34
1287.34
686.54
686.54
1562.71
1562.71
2193.41
2193.41
2193.41
2193.41
2393.06
2393.06
3662.66
3662.66
314.92
314.92
2069.01
2069.01
603.47
603.47
27.80
27.80
1295.40
1295.40
2140.47
2140.47
2876.44
2876.44
10.00
10.00
69.90
69.90
735.67
735.67
2531.20
2531.20
1065.91
1065.91
2036.17
2036.17
2148.34
2148.34
1568.22
1568.22
228.79
228.79
29.50
29.50
26.13
26.13
1228.08
1228.08
3764.37
3764.37
3394.13
3394.13
2978.29
2978.29
308.44
308.44
3682.00
3682.00
4984.67
4984.67
3964.48
3964.48
631.17
631.17
3136.82
3136.82
3594.99
3594.99
2782.54
2782.54
1756.05
1756.05
5061.33
5061.33
1358.76
1358.76
21.98
21.98
2335.17
2335.17
2577.20
2577.20
2931.09
2931.09
3406.36
3406.36
3430.45
3430.45
3896.47
3896.47
2454.80
2454.80
3990.21
3990.21
92.71
92.71
2196.20
2196.20
2606.75
2606.75
3918.29
3918.29
633.76
633.76
63.49
63.49
1368.47
1368.47
2889.24
2889.24
3092.73
3092.73
1162.88
1162.88
1537.24
1537.24
487.10
487.10
186.21
186.21
2616.13
2616.13
1413.52
1413.52
3586.36
3586.36
2550.99
2550.99
40.23
40.23
115.79
115.79
1807.24
1807.24
2212.26
2212.26
962.10
962.10
1518.49
1518.49
1919.99
1919.99
2936.50
2936.50
601.19
601.19
1363.75
1363.75
2381.72
2381.72
871.23
871.23
2495.25
2495.25
1812.74
1812.74
2063.88
2063.88
1417.36
1417.36
2118.70
2118.70
2313.40
2313.40
2986.19
2986.19
141.84
141.84
73.65
73.65
3108.20
3108.20
2619.21
2619.21
2767.85
2767.85
652.07
652.07
667.46
667.46
335.60
335.60
33.12
33.12
141.24
141.24
2940.15
2940.15
3259.27
3259.27
1327.55
1327.55
3370.77
3370.77
2042.65
2042.65
1811.64
1811.64
294.95
294.95
3064.04
3064.04
885.60
885.60
3071.13
3071.13
430.93
430.93
1153.33
1153.33
2322.30
2322.30
1215.86
1215.86
3211.47
3211.47
2469.15
2469.15
2778.45
2778.45
1175.12
1175.12
3088.97
3088.97
767.10
767.10
2573.97
2573.97
1821.73
1821.73
2765.92
2765.92
3069.42
3069.42
1762.54
1762.54
2544.67
2544.67
1549.71
1549.71
3422.82
3422.82
110.44
110.44
2043.33
2043.33
2861.00
2861.00
1586.18
1586.18
2435.98
2435.98
2768.16
2768.16
3342.86
3342.86
62.21
62.21
4036.79
4036.79
3119.88
3119.88
3012.17
3012.17
1919.41
1919.41
2333.85
2333.85
3465.94
3465.94
523.21
523.21
3995.61
3995.61
2597.02
2597.02
1899.46
1899.46
2786.86
2786.86
2715.29
2715.29
4185.73
4185.73
2596.40
2596.40
3949.11
3949.11
4857.34
4857.34
1910.76
1910.76
26.29
26.29
639.93
639.93
111.40
111.40
3748.09
3748.09
1544.11
1544.11
3437.86
3437.86
394.65
394.65
954.30
954.30
4104.61
4104.61
3509.26
3509.26
4476.12
4476.12
1254.38
1254.38
100.25
100.25
127.33
127.33
1881.65
1881.65
829.19
829.19
2586.23
2586.23
3825.72
3825.72
3186.37
3186.37
4046.80
4046.80
4321.54
4321.54
2944.81
2944.81
4652.83
4652.83
3193.49
3193.49
3307.18
3307.18
3752.56
3752.56
1864.24
1864.24
3623.83
3623.83
1844.45
1844.45
1371.22
1371.22
4172.29
4172.29
1580.96
1580.96
1580.96
1580.96
1960.64
1960.64
3653.21
3653.21
4790.40
4790.40
5146.39
5146.39
1450.68
1450.68
155.93
155.93
3170.26
3170.26
1724.00
1724.00
3484.43
3484.43
2896.67
2896.67
3207.62
3207.62
1120.35
1120.35
1837.72
1837.72
2613.38
2613.38
1793.36
1793.36
2175.03
2175.03
3228.22
3228.22
10.00
10.00
327.14
327.14
1983.98
1983.98
2795.63
2795.63
2893.16
2893.16
3100.43
3100.43
4077.56
4077.56
695.73
695.73
2229.95
2229.95
1599.68
1599.68
2276.05
2276.05
844.38
844.38
1369.74
1369.74
2921.99
2921.99
1761.40
1761.40
2870.83
2870.83
2760.93
2760.93
3110.61
3110.61
2808.70
2808.70
3425.96
3425.96
3659.88
3659.88
2567.95
2567.95
2945.45
2945.45
3472.52
3472.52
1310.57
1310.57
4269.39
4269.39
709.69
709.69
37.54
37.54
1746.96
1746.96
1452.78
1452.78
2540.67
2540.67
1984.82
1984.82
1984.82
1984.82
2569.78
2569.78
2631.69
2631.69
2118.77
2118.77
3605.41
3605.41
929.39
929.39
86.59
86.59
63.14
63.14
1793.78
1793.78
1416.40
1416.40
2793.28
2793.28
3299.61
3299.61
3299.61
3299.61
3816.47
3816.47
1635.71
1635.71
3606.37
3606.37
1796.99
1796.99
3401.02
3401.02
2483.75
2483.75
3168.14
3168.14
2459.43
2459.43
2682.96
2682.96
49.23
49.23
3632.48
3632.48
4165.87
4165.87
1570.47
1570.47
4695.41
4695.41
4695.41
4695.41
2647.65
2647.65
10.00
10.00
2998.65
2998.65
2998.65
2998.65
2234.28
2234.28
2756.19
2756.19
2464.51
2464.51
2286.37
2286.37
3355.84
3355.84
3308.53
3308.53
3308.53
3308.53
3308.53
3308.53
2990.55
2990.55
828.42
828.42
1501.27
1501.27
4159.42
4159.42
3849.52
3849.52
19.51
19.51
3221.28
3221.28
3163.52
3163.52
4881.88
4881.88
1820.81
1820.81
2151.12
2151.12
4440.84
4440.84
4049.25
4049.25
3946.21
3946.21
4616.74
4616.74
3109.07
3109.07
3638.41
3638.41
3429.96
3429.96
35.20
35.20
3920.53
3920.53
2039.73
2039.73
1097.77
1097.77
169.25
169.25
4186.40
4186.40
2699.21
2699.21
2699.21
2699.21
2938.58
2938.58
3697.46
3697.46
3044.54
3044.54
4354.29
4354.29
3897.31
3897.31
3884.42
3884.42
3033.49
3033.49
2405.73
2405.73
60.00
60.00
2742.26
2742.26
3690.51
3690.51
4725.18
4725.18
4285.92
4285.92
3301.29
3301.29
3301.29
3114.58
39.11
39.11
3441.60
3441.60
3616.59
3616.59
3167.47
3167.47
3167.47
3819.82
3819.82
4584.17
3380.54
3380.54
3380.54
3120.42
3120.42
3221.31
3221.31
1826.66
1826.66
73.69
73.69
1349.72
1349.72
521.50
521.50
2226.33
2226.33
663.27
663.27
2531.26
2531.26
3988.37
3988.37
4319.93
2122.95
2122.95
2122.95
3160.09
3160.09
3422.01
3422.01
2264.23
2264.23
3181.08
3181.08
2469.33
2469.33
2688.60
2688.60
2023.11
2023.11
2616.73
2616.73
2616.73
2616.73
2616.73
2616.73
4128.35
4128.35
3524.08
3524.08
1499.32
1499.32
1874.37
1874.37
2365.11
2365.11
645.92
645.92
830.88
830.88
2896.91
2896.91
1231.11
1231.11
2150.52
2150.52
333.12
333.12
82.59
82.59
2822.26
2822.26
1538.52
1538.52
81.06
81.06
3440.08
3440.08
3666.14
3666.14
1179.54
1179.54
1148.74
1148.74
3760.61
3760.61
65.42
65.42
2231.71
2231.71
4527.21
4527.21
604.33
604.33
3173.24
3173.24
1586.62
1586.62
109.54
109.54
3377.99
3377.99
1237.85
1237.85
52.86
52.86
1088.66
1088.66
2038.02
2038.02
1058.27
1058.27
23.87
23.87
1420.40
1420.40
2042.56
2042.56
123.13
123.13
1326.90
1326.90
1326.90
1181.93
1181.93
1742.08
1397.55
1397.55
511.81
511.81
1649.68
1649.68
634.16
634.16
12.81
12.81
1559.59
1559.59
1040.03
1040.03
1781.75
1781.75
1279.28
1279.28
1388.94
1388.94
2302.23
2302.23
839.12
839.12
1273.79
1273.79
1755.33
1755.33
2920.56
2920.56
4250.02
4250.02
1962.40
1962.40
3651.92
3651.92
3500.58
3500.58
3210.42
3210.42
4166.49
4166.49
4969.40
4969.40
4158.89
4158.89
2306.11
2306.11
2825.03
2825.03
51.42
51.42
4801.18
4801.18
2546.29
2546.29
2460.77
2460.77
4097.22
4097.22
3201.34
3201.34
1118.42
1118.42
5188.69
5188.69
3749.37
3749.37
4645.57
4645.57
4193.26
4193.26
906.26
906.26
2101.07
2101.07
3765.78
3765.78
193.17
193.17
2900.37
2900.37
4134.01
4134.01
3810.60
3810.60
2260.00
2260.00
3056.54
3056.54
3412.34
3412.34
1834.65
1834.65
1000.41
1000.41
3258.93
3258.93
3003.34
3003.34
3394.96
3394.96
4157.70
4157.70
32.20
32.20
3938.93
3938.93
18.13
18.13
3046.84
3046.84
3996.48
3996.48
871.71
871.71
2373.77
2373.77
68.87
68.87
2796.87
2796.87
61.62
61.62
1669.13
1669.13
3913.16
3913.16
1877.47
1877.47
180.30
180.30
4401.38
4401.38
3673.26
3673.26
1059.30
1059.30
4204.12
4204.12
1438.17
1438.17
2181.83
2181.83
2099.84
2099.84
2721.93
2721.93
1467.07
1467.07
939.07
939.07
2361.40
2361.40
222.80
222.80
1342.50
1342.50
2465.79
2465.79
2323.39
2323.39
3311.30
3311.30
1600.32
1600.32
2001.29
2001.29
2676.47
2676.47
2009.61
2009.61
1843.22
1843.22
1951.64
1951.64
2141.45
2141.45
2597.00
2597.00
3448.91
3448.91
2559.18
2559.18
691.03
691.03
507.31
507.31
476.30
476.30
415.57
415.57
2622.96
2622.96
2006.15
2006.15
781.80
781.80
1984.65
1984.65
2351.68
2351.68
992.05
992.05
1001.00
1001.00
3496.53
3496.53
2521.41
2521.41
1595.92
1595.92
1964.88
1964.88
3109.48
3109.48
4783.49
4783.49
4307.04
4307.04
721.73
721.73
154.68
154.68
3218.32
3218.32
3482.05
3482.05
15.59
15.59
3875.34
3875.34
4196.03
4196.03
1413.88
1413.88
3292.35
3292.35
3839.69
3839.69
2331.85
2331.85
3985.39
3985.39
4417.74
4417.74
4541.46
4541.46
2850.31
2850.31
2204.12
2204.12
4562.67
4562.67
2701.04
2701.04
1040.89
1040.89
4574.62
4574.62
4560.34
4560.34
3562.69
3562.69
3604.11
3604.11
1466.41
1466.41
1507.72
1507.72
1203.16
1203.16
4521.14
4521.14
4058.57
4058.57
4650.32
4650.32
4359.53
4359.53
577.24
577.24
4175.76
4175.76
2569.63
2569.63
2450.33
2450.33
5671.84
5671.84
2779.30
2779.30
2645.65
2645.65
2658.25
2658.25
50.24
50.24
5072.91
5072.91
2975.44
2975.44
5108.13
5108.13
5108.13
5108.13
4898.14
4898.14
3673.34
3673.34
3309.64
3309.64
4557.16
4557.16
4624.86
4624.86
57.16
57.16
2362.82
2362.82
3349.78
3349.78
5333.73
5333.73
3840.28
3840.28
1651.92
1651.92
2338.15
2338.15
4268.96
4268.96
3811.21
3811.21
3678.16
3678.16
3042.32
3042.32
5129.72
5129.72
4617.18
4617.18
2833.86
2833.86
4854.59
4854.59
3315.19
3315.19
3938.45
3938.45
570.33
570.33
3230.93
3230.93
147.53
147.53
4633.07
4633.07
4658.30
4658.30
2128.26
2128.26
2128.26
2128.26
4150.06
4150.06
889.05
889.05
1216.06
1216.06
720.53
720.53
4338.37
4338.37
106.01
106.01
2648.23
2648.23
1620.22
1620.22
2040.41
2040.41
4603.30
4603.30
248.68
248.68
1746.65
1746.65
1335.56
1335.56
3910.22
3910.22
1338.02
1338.02
3070.14
3070.14
884.79
884.79
3605.82
3605.82
5141.37
5141.37
5200.23
5200.23
714.19
714.19
3745.38
3745.38
700.27
700.27
1082.58
1082.58
1575.91
1575.91
3321.10
3321.10
2199.16
2199.16
1832.14
1832.14
4623.60
4623.60
3003.28
3003.28
1291.49
1291.49
5033.55
5033.55
3745.63
3745.63
2274.72
2274.72
4269.51
4269.51
1568.80
1568.80
4215.46
4215.46
2060.51
2060.51
1381.31
1381.31
1316.41
1316.41
693.99
693.99
1471.63
1471.63
2439.53
2439.53
3893.45
3893.45
1601.38
1601.38
2642.71
2642.71
3409.82
3409.82
2362.64
2362.64
1747.31
1747.31
3990.09
3990.09
1849.82
1849.82
2602.29
2602.29
91.85
91.85
54.85
54.85
2765.48
2765.48
110.55
110.55
1076.31
1076.31
2280.86
2280.86
3040.72
3040.72
418.65
418.65
1979.16
1979.16
94.18
94.18
3773.28
3773.28
87.83
87.83
5455.37
5455.37
878.47
878.47
581.61
581.61
1801.49
1801.49
4646.80
4646.80
780.95
780.95
3711.81
3711.81
3805.27
3805.27
3379.02
3379.02
3495.22
3495.22
2114.80
2114.80
4762.91
4762.91
546.37
546.37
2635.92
2635.92
3137.69
3137.69
3720.85
3720.85
3059.55
3059.55
3493.69
3493.69
4031.57
4031.57
1601.39
1601.39
4360.82
4360.82
5276.27
5276.27
1703.79
1703.79
2768.23
2768.23
5296.86
5296.86
5497.81
5497.81
58.87
58.87
2925.63
2925.63
5248.12
5248.12
760.69
760.69
612.49
612.49
240.75
240.75
443.30
443.30
99.16
99.16
1728.11
1728.11
1334.69
1334.69
2089.56
2089.56
735.10
735.10
538.04
538.04
3066.02
3066.02
2681.48
2681.48
3021.58
3021.58
3646.76
3646.76
2433.32
2433.32
1939.91
1939.91
4000.88
4000.88
4306.08
4306.08
4256.86
4256.86
26.88
26.88
4635.30
4635.30
2607.85
2607.85
3827.80
3827.80
2021.53
2021.53
4671.20
4671.20
2224.08
2224.08
668.23
668.23
4619.36
4619.36
2381.23
2381.23
2847.59
2847.59
4397.33
4397.33
10.00
10.00
1428.69
1428.69
4587.29
4587.29
4232.80
4232.80
2819.46
2819.46
362.52
362.52
2326.83
2326.83
3367.32
3367.32
5264.81
5264.81
27.43
27.43
3562.15
3562.15
4148.09
4148.09
4440.22
4440.22
4692.01
4692.01
1946.96
1946.96
1516.20
1516.20
2731.66
2731.66
4034.94
4034.94
2863.28
2863.28
2211.66
2211.66
2898.67
2898.67
3920.40
3920.40
661.71
661.71
2285.54
2285.54
3379.66
3379.66
1655.20
1655.20
3582.27
3582.27
1277.88
1277.88
2733.77
2733.77
3323.46
3323.46
1366.39
1366.39
2908.09
2908.09
4505.28
4505.28
980.22
980.22
2651.06
2651.06
4002.35
4002.35
3246.10
3246.10
3180.94
3180.94
985.84
985.84
2606.19
2606.19
4562.78
4562.78
1652.06
1652.06
3916.79
3916.79
636.02
636.02
2089.94
2089.94
1880.63
1880.63
2501.17
2501.17
4562.74
4562.74
41.47
41.47
2781.03
2781.03
1232.19
1232.19
1812.60
1812.60
1812.60
1812.60
3137.12
3137.12
96.24
96.24
3156.66
3156.66
4299.07
4299.07
4038.27
4038.27
3572.12
3572.12
3425.35
3425.35
5369.23
5369.23
2714.75
2714.75
3567.01
3567.01
1007.43
1007.43
2924.96
2924.96
2839.12
2839.12
984.14
984.14
3430.72
3430.72
544.90
544.90
1393.13
1393.13
3806.32
3806.32
3543.07
3543.07
2959.01
2959.01
3883.18
3883.18
1582.26
1582.26
1582.26
1582.26
4228.03
4228.03
3287.86
3287.86
112.06
112.06
1899.32
1899.32
3544.55
3544.55
4847.21
4847.21
3832.61
3832.61
3832.61
3832.61
3452.27
3452.27
4386.02
4386.02
3733.41
3733.41
2634.26
2634.26
4914.61
4914.61
4187.76
4187.76
3392.56
3392.56
2080.52
2080.52
1692.11
1692.11
4377.55
4377.55
2996.22
2996.22
2494.17
2494.17
3444.60
3444.60
1189.52
1189.52
4171.69
4171.69
4132.97
4132.97
123.06
123.06
3446.69
3446.69
2307.95
2307.95
3133.55
3133.55
2184.13
2184.13
4970.92
4970.92
1869.42
1869.42
3635.74
3635.74
2530.72
2530.72
2802.08
2802.08
3224.48
3224.48
136.38
136.38
1199.29
1199.29
2014.48
2014.48
3162.91
3162.91
2920.94
2920.94
2216.72
2216.72
33.13
33.13
1868.12
1868.12
3461.53
3461.53
4429.94
4429.94
1944.35
1944.35
4899.48
4899.48
4074.91
4074.91
4430.37
4430.37
4430.37
2343.95
2343.95
3800.33
3800.33
4304.20
4304.20
2253.70
24.72
24.72
24.72
4533.69
4533.69
2809.94
2809.94
3292.51
3292.51
4810.75
1905.00
1905.00
1709.34
1709.34
1709.34
643.84
643.84
2396.33
2396.33
4985.89
4985.89
940.21
940.21
2122.14
2122.14
1704.35
1704.35
1424.08
1424.08
2294.18
2294.18
3718.99
3718.99
1383.89
1383.89
2330.26
2330.26
4482.82
4482.82
2930.13
2930.13
3472.91
3472.91
4139.79
4139.79
1438.35
1438.35
3720.31
3720.31
1954.77
1954.77
56.88
56.88
3881.14
3881.14
935.71
935.71
1574.97
1574.97
236.90
236.90
1783.27
1783.27
1501.21
1501.21
1827.98
1827.98
55.84
55.84
2092.00
2092.00
3292.73
3292.73
3912.73
3912.73
82.87
82.87
2452.43
2452.43
4218.03
4218.03
5008.32
5008.32
2642.41
2642.41
3793.19
3793.19
5429.32
5429.32
4636.93
4636.93
3542.12
3542.12
2016.70
2016.70
855.36
855.36
4802.48
4802.48
1750.87
1750.87
2313.99
2313.99
223.58
223.58
1379.86
1379.86
330.52
330.52
2946.80
2946.80
29.56
29.56
85.31
85.31
695.61
695.61
1920.52
1920.52
103.77
103.77
3071.91
3071.91
1760.96
1760.96
5834.14
5834.14
391.00
391.00
930.76
930.76
113.18
113.18
1872.72
1872.72
4760.94
4760.94
1546.14
1546.14
2258.36
2258.36
3706.32
3706.32
2556.47
2556.47
4502.77
4502.77
1993.62
1993.62
607.87
607.87
4426.69
4426.69
3930.05
3930.05
3484.16
3484.16
1698.01
1698.01
2103.57
2103.57
1833.66
1833.66
415.20
415.20
206.40
206.40
3249.98
3249.98
2187.35
2187.35
4368.48
4368.48
1738.72
1738.72
3353.26
3353.26
148.43
148.43
607.51
607.51
1695.59
1695.59
780.67
780.67
1106.88
1106.88
4365.30
4365.30
3976.08
3976.08
3205.48
3205.48
3760.53
3760.53
3756.43
3756.43
1326.90
1326.90
2916.20
2916.20
2723.91
2723.91
1588.83
1588.83
3500.10
3500.10
803.52
803.52
1190.26
1190.26
2143.66
2143.66
2671.45
2671.45
3395.64
3395.64
2999.73
2999.73
1598.33
1598.33
436.18
436.18
4318.38
4318.38
2677.76
2677.76
3112.06
3112.06
1661.30
1661.30
3610.32
3610.32
3773.55
3773.55
4842.70
4842.70
1260.80
1260.80
4092.76
4092.76
41.09
41.09
3105.90
3105.90
1949.95
1949.95
4789.58
4789.58
164.00
164.00
2787.71
2787.71
1843.46
1843.46
4617.20
4617.20
1941.21
1941.21
4340.34
4340.34
1180.23
1180.23
74.51
74.51
96.64
96.64
2231.51
2231.51
4325.34
4325.34
1670.95
1670.95
4992.35
4992.35
4479.79
4479.79
4257.19
4257.19
1910.00
1910.00
2985.98
2985.98
3428.89
3428.89
1738.09
1738.09
526.13
526.13
3056.60
3056.60
351.97
351.97
4777.99
4777.99
3792.60
3792.60
3218.08
3218.08
2643.44
2643.44
1662.64
1662.64
1427.55
1427.55
60.32
60.32
1919.59
1919.59
1892.06
1892.06
3714.00
3714.00
2900.23
2900.23
4967.46
4967.46
2596.87
2596.87
3993.35
3993.35
1926.42
1926.42
4158.11
4158.11
48.15
48.15
25.20
25.20
3722.67
3722.67
2937.59
2937.59
850.53
850.53
4216.26
4216.26
3991.91
3991.91
2287.25
2287.25
1710.50
1710.50
2506.63
2506.63
3678.04
3678.04
2720.70
2720.70
4244.16
4244.16
2936.93
2936.93
4744.02
4744.02
4280.44
4280.44
98.98
98.98
132.28
132.28
994.82
994.82
1428.65
1428.65
104.42
104.42
402.03
402.03
2829.70
2829.70
2927.68
2927.68
3179.23
3179.23
2901.13
2901.13
1800.62
1800.62
4254.82
4254.82
2236.78
2236.78
2434.20
2434.20
2641.88
2641.88
2578.27
2578.27
104.83
104.83
3728.71
3728.71
2537.34
2537.34
3971.62
3971.62
3168.86
3168.86
3389.73
3389.73
1531.19
1531.19
2123.28
2123.28
2123.28
2123.28
4217.31
4217.31
3982.63
3982.63
1765.45
1765.45
304.24
304.24
4347.83
4347.83
946.68
946.68
2835.57
2835.57
1257.86
1257.86
3065.46
3065.46
2434.08
2434.08
4043.36
4043.36
2835.92
2835.92
3490.78
3490.78
2354.14
2354.14
2716.89
2716.89
3647.46
3647.46
3721.43
3721.43
304.16
304.16
1197.28
1197.28
2410.13
2410.13
3055.78
3055.78
3216.26
3216.26
3101.25
3101.25
3415.50
3415.50
3059.34
3059.34
2479.25
2479.25
2554.36
2554.36
397.45
397.45
1712.73
1712.73
10.00
10.00
741.42
741.42
3916.61
3916.61
2526.92
2526.92
3455.17
3455.17
3584.24
3584.24
3119.07
3119.07
3571.17
3571.17
2229.13
2229.13
3026.47
3026.47
2482.80
2482.80
4191.85
4191.85
1201.38
1201.38
1224.62
1224.62
1705.94
1705.94
3601.79
3601.79
1880.09
1880.09
3902.70
3902.70
3942.80
3942.80
2910.70
2910.70
3404.79
3404.79
3404.79
3404.79
3404.79
3404.79
3134.91
3134.91
3680.41
3680.41
3680.41
3680.41
3226.94
3226.94
3335.80
3335.80
4473.29
4473.29
2894.80
2894.80
2998.98
2998.98
1749.73
1749.73
3495.25
3495.25
91.84
91.84
2621.50
2621.50
2593.07
2593.07
1705.89
1705.89
1203.06
1203.06
3681.98
3681.98
3116.87
3116.87
3812.82
3812.82
3303.18
3303.18
3430.89
3430.89
53.00
53.00
3685.06
3685.06
3179.01
3179.01
3110.40
3110.40
4854.68
4854.68
3134.91
3134.91
542.41
542.41
3810.88
3810.88
1405.20
1405.20
1583.54
1583.54
1137.14
1137.14
2324.60
2324.60
2324.60
2324.60
3631.16
3631.16
1866.42
1866.42
325.24
325.24
3364.35
3364.35
3055.69
3055.69
3463.93
3463.93
164.84
164.84
4519.01
4519.01
3794.75
3794.75
3454.51
3454.51
1886.25
1886.25
4099.68
4099.68
1313.97
1313.97
4206.35
4206.35
39.31
39.31
3282.43
3282.43
1723.32
1723.32
2486.16
2486.16
2688.37
2688.37
624.21
624.21
4375.84
4375.84
1993.62
1993.62
3289.56
3289.56
20.36
20.36
1500.27
1500.27
606.48
606.48
267.36
267.36
2435.60
2435.60
1687.93
1687.93
1721.18
1721.18
2465.03
2465.03
426.02
426.02
86.48
86.48
4502.20
4502.20
1570.15
1570.15
542.93
542.93
391.86
391.86
3753.46
3753.46
17.23
17.23
5560.06
5560.06
136.73
136.73
4086.44
4086.44
2785.67
2785.67
3429.78
3429.78
1581.23
1581.23
5616.36
5616.36
1521.72
1521.72
779.70
779.70
2202.20
2202.20
1061.04
1061.04
928.18
928.18
1836.21
1836.21
2980.74
2980.74
2479.45
2479.45
58.95
58.95
667.42
667.42
1546.43
1546.43
1611.25
1611.25
2708.22
2708.22
272.75
272.75
1941.24
1941.24
1161.90
1161.90
883.16
883.16
1841.17
1841.17
1793.52
1793.52
2842.33
2842.33
1648.98
1648.98
1837.40
1837.40
2347.72
2347.72
2660.00
2660.00
3072.83
3072.83
3048.07
3048.07
1861.26
1861.26
3281.46
3281.46
2704.10
2704.10
1502.80
1502.80
2243.80
2243.80
358.69
358.69
2180.67
2180.67
3477.49
3477.49
1635.34
1635.34
3104.83
3104.83
3494.77
3494.77
4560.47
4560.47
4560.47
4560.47
4429.29
4429.29
3448.31
3448.31
3448.31
3448.31
1081.67
1081.67
248.44
248.44
1308.27
1308.27
1308.27
1308.27
2323.32
2323.32
2989.51
2989.51
3472.19
3472.19
1752.32
1752.32
3645.37
3645.37
1170.19
1170.19
3383.62
3383.62
1737.48
1737.48
3105.32
3105.32
2794.39
2794.39
4554.83
4554.83
2162.13
2162.13
1434.00
1434.00
4453.09
4453.09
4453.09
4453.09
2815.48
2815.48
3677.74
3677.74
5095.29
5095.29
2455.22
2455.22
1233.53
1233.53
2655.57
2655.57
53.43
53.43
3881.43
3881.43
3093.55
3093.55
1702.19
1702.19
877.11
877.11
3295.55
3295.55
4681.16
4681.16
3105.07
3105.07
3188.55
3188.55
2859.72
2859.72
2859.72
2859.72
3624.86
3624.86
126.18
126.18
3621.16
3621.16
99.31
99.31
347.20
347.20
467.04
467.04
1618.92
1618.92
2940.36
2940.36
1810.98
1810.98
3868.52
3868.52
4289.74
4289.74
2365.34
2365.34
4754.77
4754.77
3142.65
3142.65
2500.00
2500.00
1106.30
1106.30
1406.15
1406.15
3220.37
3220.37
90.25
90.25
2896.84
2896.84
649.30
649.30
2487.54
2487.54
1355.22
1355.22
2893.98
2893.98
1235.68
1235.68
212.83
212.83
822.19
822.19
3519.05
3519.05
2245.20
2245.20
2509.69
2509.69
1424.50
1424.50
674.83
674.83
61.79
61.79
3271.04
3271.04
3287.46
3287.46
3310.20
3310.20
729.32
729.32
1690.83
1690.83
553.27
553.27
606.05
606.05
3199.03
3199.03
99.97
99.97
3531.20
3531.20
3706.94
3706.94
452.50
452.50
1091.93
1091.93
103.78
103.78
1283.86
1283.86
1599.48
1599.48
3567.84
3567.84
2561.57
2561.57
240.62
240.62
2156.15
2156.15
4031.28
4031.28
2210.52
2210.52
4250.13
4250.13
2991.02
2991.02
3214.82
3214.82
2144.36
2144.36
3597.22
3597.22
152.73
152.73
856.16
856.16
3553.60
3553.60
2942.47
2942.47
3943.99
3943.99
4282.10
4282.10
273.58
273.58
1674.15
1674.15
83.51
83.51
2650.84
2650.84
2894.54
2894.54
113.67
113.67
3213.39
3213.39
465.85
465.85
3319.63
3319.63
235.05
235.05
3560.22
3560.22
3370.72
3370.72
2974.79
2974.79
2445.13
2445.13
4432.88
4432.88
1894.84
1894.84
1894.84
143.06
2990.42
2990.42
820.15
820.15
26.74
26.74
2278.70
2278.70
2278.70
641.32
2381.62
2381.62
2381.62
694.45
2569.60
2569.60
3255.78
3255.78
3255.78
3360.62
3360.62
3133.45
3133.45
2220.03
2220.03
2736.43
2736.43
1982.32
1982.32
385.07
385.07
67.44
67.44
2868.04
2868.04
3089.58
3089.58
3331.03
3331.03
3621.90
3621.90
2710.07
2710.07
34.03
34.03
222.73
222.73
3449.13
3449.13
2011.01
2011.01
3209.24
2987.65
2987.65
2987.65
1487.24
1487.24
2041.25
2041.25
2610.32
2610.32
1601.54
1601.54
41.51
41.51
2618.11
2618.11
11.57
11.57
2036.70
2036.70
915.36
915.36
3505.34
3505.34
2553.18
2553.18
2491.83
2491.83
2454.78
2454.78
2587.55
2587.55
2768.69
2768.69
2669.64
2669.64
2504.90
2504.90
2451.30
2451.30
3769.84
3769.84
2566.53
2566.53
797.93
797.93
3274.78
3274.78
3136.68
3136.68
4345.50
4345.50
2571.12
2571.12
1252.76
1252.76
208.01
208.01
1903.47
1903.47
1738.26
1738.26
5822.32
5822.32
628.76
628.76
5044.10
5044.10
3916.90
3916.90
1914.73
1914.73
4145.30
4145.30
1688.27
1688.27
5284.59
5284.59
465.43
465.43
1837.62
1837.62
3546.49
3546.49
36.60
36.60
2921.64
2921.64
986.32
986.32
3378.79
3378.79
4041.52
4041.52
4695.88
4695.88
2467.43
2467.43
1821.00
1821.00
709.47
709.47
1503.75
1503.75
75.08
75.08
1188.41
1188.41
10.00
10.00
3641.03
3641.03
1796.53
1796.53
766.17
766.17
2782.31
2782.31
3863.96
3863.96
4434.75
4434.75
4143.10
4143.10
302.11
302.11
1943.65
1943.65
276.53
276.53
571.76
571.76
2250.60
2250.60
4086.03
4086.03
1661.62
1661.62
209.78
209.78
4764.80
4764.80
1650.14
1650.14
3364.76
3364.76
4087.26
4087.26
2532.31
2532.31
3405.32
3405.32
538.75
538.75
1626.21
1626.21
21.16
21.16
231.72
231.72
1601.81
1601.81
3622.29
3622.29
25.34
25.34
3905.10
3905.10
5340.56
5340.56
2789.85
2789.85
2864.03
2864.03
4825.18
4825.18
3102.08
3102.08
2513.62
2513.62
765.73
765.73
4762.30
4762.30
175.05
175.05
4128.48
4128.48
2670.84
2670.84
3661.91
3661.91
135.65
135.65
4772.01
4772.01
3762.13
3762.13
1923.80
1923.80
2582.74
2582.74
4471.72
4471.72
1781.18
1781.18
2493.04
2493.04
59.80
59.80
627.30
627.30
2746.06
2746.06
1049.64
1049.64
3051.56
3051.56
4399.77
4399.77
26.51
26.51
1301.84
1301.84
5196.93
5196.93
3584.64
3584.64
3085.23
3085.23
3035.85
3035.85
4702.05
4702.05
3775.23
3775.23
6244.48
6244.48
380.93
380.93
360.93
360.93
648.72
648.72
1207.07
1207.07
20.70
20.70
2439.52
2439.52
4087.51
4087.51
1340.61
1340.61
4740.75
4740.75
4664.37
4664.37
3661.82
3661.82
27.77
27.77
4550.25
4550.25
3375.62
3375.62
4975.61
4975.61
1628.32
1628.32
4842.19
4842.19
240.21
240.21
3601.79
3601.79
4910.79
4910.79
26.31
26.31
126.88
126.88
4555.99
4555.99
107.25
107.25
3177.10
3177.10
925.52
925.52
5046.20
5046.20
5889.31
5889.31
122.27
122.27
5861.21
5861.21
2737.69
2737.69
6037.44
6037.44
5183.56
5183.56
5029.68
5029.68
5886.09
5886.09
2086.31
2086.31
1486.43
1486.43
3337.29
3337.29
137.23
137.23
4914.12
4914.12
4467.01
4467.01
134.19
134.19
155.18
155.18
5085.23
5085.23
2986.31
2986.31
2526.19
2526.19
3872.63
3872.63
2998.14
2998.14
4314.41
4314.41
2448.35
2448.35
2448.35
2448.35
3160.13
3160.13
4575.14
4575.14
2827.25
2827.25
4496.36
4496.36
3121.56
3121.56
4326.69
4326.69
4326.69
4326.69
5286.88
5286.88
3907.78
3907.78
5248.59
5248.59
3019.81
3019.81
2061.82
2061.82
5113.81
5113.81
269.76
269.76
4297.33
4297.33
1853.23
1853.23
3531.04
3531.04
5249.66
5249.66
4373.92
4373.92
3772.58
3772.58
4644.48
4644.48
4644.48
4644.48
4467.48
4467.48
4829.24
4829.24
4622.09
4622.09
2920.18
2920.18
4069.91
4069.91
2929.64
2929.64
1780.49
1780.49
4270.36
4270.36
5394.25
5394.25
2239.11
2239.11
2175.88
2175.88
2666.76
2666.76
2723.56
2723.56
1506.79
1506.79
1506.79
1506.79
2379.70
2379.70
4026.78
4026.78
4087.74
4087.74
2309.03
2309.03
2309.03
2309.03
2901.17
2901.17
4209.30
4209.30
3761.81
3761.81
4268.05
4268.05
4268.05
4268.05
4300.17
4300.17
4391.80
4391.80
5220.21
5220.21
4685.88
4685.88
372.92
372.92
2659.01
2659.01
138.36
138.36
2119.39
2119.39
2460.83
2460.83
2964.91
2964.91
2019.34
2019.34
1505.64
1505.64
1465.59
1465.59
2993.11
2993.11
10.00
10.00
4825.78
4825.78
2654.53
2654.53
4290.00
4290.00
960.73
960.73
1782.49
1782.49
222.82
222.82
2390.65
2390.65
3693.70
3693.70
2109.48
2109.48
3363.88
3363.88
2985.74
2985.74
3821.22
3821.22
1121.09
1121.09
4762.18
4762.18
3741.32
3741.32
3213.42
3213.42
1506.59
1506.59
1986.32
1986.32
1555.06
1555.06
3361.86
3361.86
2477.98
2477.98
2952.39
2952.39
2932.18
2932.18
1131.25
1131.25
2616.10
2616.10
2881.84
2881.84
3933.35
3933.35
2569.80
2569.80
1649.56
1649.56
1431.87
1431.87
257.36
257.36
3525.22
3525.22
4186.21
4186.21
2915.30
2915.30
4169.80
4169.80
2889.18
2889.18
1238.84
1238.84
248.74
248.74
105.19
105.19
2217.58
2217.58
2420.68
2420.68
3986.67
3986.67
273.06
273.06
1035.44
1035.44
1423.97
1423.97
1909.36
1909.36
4933.45
4933.45
4084.88
4084.88
99.98
99.98
3157.33
3157.33
3301.10
3301.10
4854.68
4854.68
3350.37
3350.37
4122.13
4122.13
4279.98
4279.98
1875.93
1875.93
5012.78
5012.78
24.25
24.25
1812.73
1812.73
164.90
164.90
2141.16
2141.16
33.94
33.94
2738.95
2738.95
2502.59
2502.59
3465.47
3465.47
4783.23
4783.23
3058.06
3058.06
222.74
222.74
21.52
21.52
4758.42
4758.42
2882.94
2882.94
21.15
21.15
10.00
10.00
49.53
49.53
3404.23
3404.23
155.50
155.50
4869.88
4869.88
4880.28
4880.28
4110.68
4110.68
3379.86
3379.86
5263.81
5263.81
3810.60
3810.60
3990.12
3990.12
3726.60
3726.60
4415.21
4415.21
4219.21
4219.21
230.91
230.91
4779.93
4779.93
1722.33
1722.33
1782.01
1782.01
2244.62
2244.62
5224.47
5224.47
2490.38
2490.38
1889.02
1889.02
1563.49
1563.49
48.34
48.34
3138.99
3138.99
4194.85
4194.85
3411.07
3411.07
1242.29
1242.29
1573.50
1573.50
3098.84
3098.84
3451.38
3451.38
4756.48
4756.48
5706.26
5706.26
2773.83
2773.83
3578.83
3578.83
4616.93
4616.93
3799.63
3799.63
4004.55
4004.55
109.17
109.17
5350.10
5350.10
4255.90
4255.90
5184.61
5184.61
2843.59
2843.59
3241.57
3241.57
1216.82
1216.82
4723.61
4723.61
1437.57
1437.57
89.33
89.33
3756.04
3756.04
1386.42
1386.42
5635.41
5635.41
2802.36
2802.36
2142.82
2142.82
4216.52
4216.52
3487.60
3487.60
4844.59
4844.59
2860.87
2860.87
1480.95
1480.95
24.76
24.76
4621.40
4621.40
1055.53
1055.53
1944.72
1944.72
979.01
979.01
3359.72
3359.72
3981.63
3981.63
3410.01
3410.01
3748.76
3748.76
1471.61
1471.61
1471.61
705.59
2836.20
2836.20
2132.91
2132.91
3116.23
3116.23
4947.70
4947.70
4018.76
4018.76
1200.92
1200.92
4711.71
4711.71
4105.29
4105.29
10.00
10.00
4467.23
4467.23
4419.98
4419.98
93.54
93.54
2060.26
2060.26
173.93
173.93
153.11
153.11
1673.02
1673.02
4610.57
4610.57
4573.96
4573.96
5038.90
5038.90
1995.97
1995.97
4201.37
4201.37
1341.14
1341.14
4120.81
4120.81
273.57
273.57
1234.31
1234.31
104.86
104.86
2316.61
2316.61
2568.10
2568.10
2648.16
2648.16
1202.05
1202.05
2347.75
2347.75
2930.18
2930.18
1624.49
1624.49
3801.29
3801.29
828.27
828.27
3930.64
3930.64
3907.34
3907.34
2972.50
2972.50
4437.09
4437.09
3845.06
3845.06
3450.17
3450.17
124.75
124.75
34.07
34.07
2756.83
2756.83
962.52
962.52
3851.06
3851.06
3613.39
3613.39
2895.95
2895.95
2419.93
2419.93
839.69
839.69
3787.05
3787.05
2719.88
2719.88
4504.56
4504.56
4142.17
4142.17
2673.85
2673.85
3183.37
3183.37
3502.26
3502.26
2458.25
2458.25
25.60
25.60
487.63
487.63
1825.70
1825.70
3087.67
3087.67
3336.41
3336.41
3274.81
3274.81
327.56
327.56
1049.14
1049.14
44.28
44.28
4039.65
4039.65
199.82
199.82
3612.57
3612.57
100.67
100.67
2102.80
2102.80
3228.24
3228.24
2995.65
2995.65
3029.37
3029.37
1082.11
1082.11
2270.94
2270.94
1304.64
1304.64
2565.47
2565.47
2109.05
2109.05
3101.82
3101.82
1679.88
1679.88
113.64
113.64
1045.03
1045.03
5240.61
5240.61
4113.09
4113.09
1916.52
1916.52
461.21
461.21
2584.71
2584.71
167.97
167.97
1674.99
1674.99
1293.29
1293.29
85.74
85.74
2358.02
2358.02
65.69
65.69
153.79
153.79
2418.65
2418.65
3670.91
3670.91
4869.73
4869.73
3091.74
3091.74
33.36
33.36
2773.62
2773.62
3358.74
3358.74
3823.62
3823.62
1329.90
1329.90
61.03
61.03
61.03
273.90
273.90
1589.81
1589.81
1448.48
1448.48
838.35
838.35
4105.09
4105.09
85.36
85.36
3231.45
3231.45
1562.27
1562.27
4036.31
4036.31
3631.63
3631.63
1830.06
1830.06
5335.27
5335.27
163.99
163.99
864.22
864.22
48.78
48.78
2260.07
2260.07
2621.39
2621.39
56.94
56.94
1490.21
1490.21
3751.18
3751.18
199.13
199.13
2862.96
2862.96
3692.48
3692.48
2303.19
2303.19
145.20
145.20
3329.44
3329.44
3205.34
3205.34
611.85
611.85
2871.97
2871.97
65.64
65.64
3185.72
3185.72
3525.52
3525.52
147.89
147.89
1817.27
1817.27
518.68
518.68
113.25
113.25
654.61
654.61
994.54
994.54
53.62
53.62
574.93
574.93
3536.31
3536.31
5057.15
5057.15
2707.69
2707.69
68.09
68.09
4103.48
4103.48
4943.64
4943.64
454.19
454.19
2151.53
2151.53
2951.92
2951.92
4181.14
4181.14
2486.18
2486.18
1176.87
1176.87
4714.79
4714.79
211.67
211.67
36.13
36.13
1982.90
1982.90
3172.00
3172.00
3456.56
3456.56
2708.41
2708.41
1951.03
1951.03
3545.42
3545.42
212.97
212.97
93.71
93.71
93.71
49.83
49.83
49.83
1939.27
1939.27
54.93
54.93
2897.24
2897.24
1249.76
1249.76
401.01
401.01
466.80
466.80
4873.08
4873.08
4416.86
4416.86
3342.26
3342.26
3342.26
3342.26
3342.26
3342.26
4584.63
4584.63
176.30
176.30
4737.59
4737.59
1557.70
1557.70
2596.23
2596.23
4157.38
4157.38
3744.47
3744.47
3018.37
3018.37
3243.38
3243.38
3931.63
3931.63
3867.79
3867.79
2646.70
2646.70
2006.68
2006.68
3117.83
3117.83
3922.51
3922.51
3259.88
3259.88
4200.70
4200.70
2237.66
2237.66
4902.37
4902.37
4902.37
4902.37
3006.29
3006.29
4401.98
4401.98
2495.83
2495.83
3512.91
3512.91
2137.78
2137.78
2614.18
2614.18
4529.26
4529.26
223.27
223.27
2535.09
2535.09
3592.24
3592.24
10.23
10.23
3657.20
3657.20
4285.56
4285.56
4623.39
4623.39
4893.68
4893.68
3459.17
3459.17
1728.19
1728.19
4101.69
4101.69
2170.99
2170.99
2496.26
2496.26
3143.90
3143.90
3576.64
3576.64
3863.81
3863.81
2809.07
2809.07
3537.05
3537.05
1566.54
1566.54
4616.46
4616.46
4298.82
4298.82
2485.53
2485.53
5003.51
5003.51
3784.04
3784.04
5076.39
5076.39
981.20
981.20
4601.75
4601.75
1634.24
1634.24
4100.98
4100.98
3676.29
3676.29
408.16
408.16
2039.20
2039.20
3481.62
3481.62
3481.62
3481.62
3481.62
3481.62
1639.66
1639.66
3594.11
3594.11
3347.70
3347.70
1699.18
1699.18
2342.63
2342.63
1706.35
1706.35
1456.40
1456.40
3546.09
3546.09
3316.06
3316.06
4202.80
4202.80
2386.11
2386.11
1235.69
1235.69
2109.87
2109.87
422.98
422.98
1967.29
1967.29
4231.66
4231.66
3976.94
3976.94
3976.94
3976.94
3908.74
3908.74
3197.19
3197.19
4788.23
4788.23
3440.71
3440.71
3440.71
3440.71
2512.35
2512.35
4772.19
4772.19
1517.40
1517.40
28.15
28.15
4843.39
4843.39
3213.38
3213.38
4653.53
4653.53
3439.43
3439.43
3241.10
3241.10
88.19
88.19
2687.11
2687.11
2901.98
2901.98
3331.57
3331.57
372.68
372.68
3059.19
3059.19
2924.28
2924.28
3457.19
3457.19
3781.06
3781.06
1113.50
1113.50
2026.44
2026.44
4452.69
4452.69
4299.84
4299.84
4250.01
4250.01
3283.10
3283.10
4001.17
4001.17
153.58
153.58
377.41
377.41
5155.18
5155.18
4005.34
4005.34
10.09
10.09
1813.34
1813.34
2053.20
2053.20
81.66
81.66
3188.21
3188.21
2559.03
2559.03
323.90
323.90
395.77
395.77
4824.30
4824.30
1787.23
1787.23
1587.72
1587.72
2043.97
2043.97
3248.26
3248.26
1067.30
1067.30
3906.24
3906.24
57.77
57.77
3139.62
3139.62
4335.59
4335.59
1800.78
1800.78
1608.80
1608.80
159.19
159.19
767.23
767.23
19.98
19.98
4264.04
4264.04
10.00
10.00
2146.48
2146.48
4490.94
4490.94
2376.36
2376.36
2085.19
2085.19
4499.45
4499.45
5094.19
5094.19
3470.43
3470.43
124.97
124.97
3394.91
3394.91
17.56
17.56
3971.69
3971.69
10.00
10.00
3149.32
3149.32
3782.95
3782.95
2797.19
2797.19
2447.51
2447.51
4264.48
4264.48
2580.44
2580.44
3965.00
3965.00
3434.48
3434.48
3456.05
3456.05
4452.85
4452.85
2046.93
2046.93
2134.72
2134.72
1786.71
1786.71
652.29
652.29
26.96
26.96
3271.92
3271.92
842.68
842.68
2535.45
2535.45
1932.13
1932.13
1478.39
1478.39
2072.67
2072.67
134.34
134.34
1895.79
1895.79
384.18
384.18
4296.33
4296.33
87.58
87.58
3149.27
3149.27
5032.69
5032.69
648.43
648.43
5117.16
5117.16
326.49
326.49
5843.93
5843.93
4910.11
4910.11
2303.86
2303.86
2432.86
2432.86
3086.67
3086.67
4928.88
4928.88
4110.79
4110.79
4928.59
4928.59
71.10
71.10
1937.33
1937.33
1956.56
1956.56
120.28
120.28
1722.06
1722.06
2584.74
2584.74
2789.67
2789.67
1481.22
1481.22
3232.29
3232.29
2837.76
2837.76
1401.46
1401.46
770.07
770.07
2521.11
2521.11
4224.31
4224.31
2518.29
2518.29
3438.41
3438.41
4458.76
4458.76
2663.02
2663.02
3972.33
3972.33
2714.34
2714.34
111.98
111.98
2516.83
2516.83
640.44
640.44
148.55
148.55
4794.81
4794.81
3248.23
3248.23
1719.40
1719.40
2201.08
2201.08
2293.34
2293.34
3361.92
3361.92
2785.78
2785.78
3416.74
3416.74
1392.67
1392.67
2164.10
2164.10
975.35
975.35
2514.17
2514.17
2951.77
2951.77
2164.95
2164.95
2164.54
2164.54
2326.66
2326.66
3500.47
3500.47
3543.37
3543.37
1297.91
1297.91
954.50
954.50
2173.41
2173.41
3201.99
3201.99
3815.80
3815.80
1708.50
1708.50
2265.21
2265.21
3818.32
3818.32
2008.27
2008.27
142.77
142.77
1498.19
1498.19
5124.30
5124.30
4014.30
4014.30
5803.16
5803.16
189.31
189.31
2124.26
2124.26
146.11
146.11
141.68
141.68
2035.01
2035.01
4227.28
4227.28
4811.47
4811.47
3766.90
3766.90
4263.49
4263.49
2922.42
2922.42
2047.09
2047.09
3088.41
3088.41
3024.70
3024.70
1744.81
1744.81
1952.59
1952.59
1587.25
1587.25
4461.99
4461.99
4637.33
4637.33
2951.65
2951.65
3835.87
3835.87
1274.13
1274.13
4306.90
4306.90
3773.85
3773.85
1845.19
1845.19
4091.22
4091.22
2674.15
2674.15
1662.18
1662.18
191.26
191.26
389.86
389.86
2909.19
2909.19
3597.63
3597.63
4191.46
4191.46
3562.27
3562.27
4368.44
4368.44
3089.73
3089.73
3373.65
3373.65
4009.90
4009.90
1432.84
1432.84
3611.08
3611.08
2564.94
2564.94
198.20
198.20
3137.89
3137.89
3511.38
3511.38
593.63
593.63
2591.78
2591.78
3997.80
3997.80
1285.65
1285.65
4027.31
4027.31
1593.73
1593.73
5036.30
5036.30
2404.05
2404.05
3956.69
3956.69
3553.33
3553.33
3057.06
3057.06
24.38
24.38
4455.02
4455.02
3762.69
3762.69
1284.76
1284.76
4910.86
4910.86
2021.88
2021.88
3547.63
3547.63
3001.53
3001.53
5004.98
5004.98
2203.77
2203.77
2555.25
2555.25
4527.48
4527.48
5325.04
5325.04
3250.85
3250.85
1935.83
1935.83
3489.43
3489.43
50.62
50.62
2967.80
2967.80
3083.54
3083.54
3152.53
3152.53
4130.01
4130.01
3261.60
3261.60
1159.02
1159.02
38.05
38.05
2012.19
2012.19
1675.43
1675.43
4001.51
4001.51
4527.99
4527.99
2515.79
2515.79
3213.06
3213.06
2321.72
2321.72
3530.39
3530.39
704.60
704.60
2366.01
2366.01
1952.75
1952.75
190.51
190.51
33.55
33.55
1136.39
1136.39
1453.44
1453.44
2468.29
2468.29
3361.67
3361.67
4071.66
4071.66
1265.53
1265.53
1451.87
1451.87
4506.12
4506.12
1993.91
1993.91
2503.73
2503.73
2562.51
2562.51
2100.02
2100.02
454.20
454.20
2501.99
2501.99
3362.02
3362.02
3960.82
3960.82
2571.36
2571.36
2695.21
2695.21
3678.74
3678.74
3385.20
3385.20
4037.56
4037.56
1751.62
1751.62
2218.35
2218.35
44.58
44.58
980.04
980.04
2367.08
2367.08
158.11
158.11
3412.08
3412.08
962.93
962.93
2981.64
2981.64
3465.48
3465.48
2999.09
2999.09
2241.49
2241.49
1474.59
1474.59
84.08
84.08
4837.84
4837.84
2409.36
2409.36
1871.20
1871.20
4735.23
4735.23
101.75
101.75
1540.88
1540.88
52.26
52.26
738.82
738.82
393.86
393.86
36.49
36.49
260.40
260.40
11.26
11.26
1447.36
1447.36
489.39
489.39
51.24
51.24
268.09
268.09
725.19
725.19
60.98
60.98
20.81
20.81
4043.58
4043.58
194.47
194.47
4070.13
4070.13
2588.03
2588.03
1179.28
1179.28
1784.96
1784.96
2925.67
2925.67
5166.48
5166.48
3050.39
3050.39
813.25
813.25
1948.36
1948.36
3168.64
3168.64
197.97
197.97
2559.77
2559.77
2322.82
2322.82
4562.58
4562.58
3108.30
3108.30
787.66
787.66
879.03
879.03
5069.95
5069.95
3432.46
3432.46
3967.12
3967.12
4016.61
4016.61
71.00
71.00
2315.36
2315.36
3958.76
3958.76
2004.52
2004.52
2583.59
2583.59
2708.55
2708.55
2384.26
2384.26
2668.29
2668.29
1579.47
1579.47
1579.47
1098.81
3247.55
3247.55
2617.62
2617.62
2617.62
5012.88
5012.88
2948.22
2948.22
2729.49
26.38
26.38
26.38
667.98
667.98
3803.56
3803.56
1922.95
1922.95
81.63
81.63
3995.70
3995.70
1689.25
1689.25
2515.21
2515.21
2260.60
2260.60
570.53
570.53
2607.75
2607.75
1832.04
1599.88
1599.88
1599.88
2151.04
2151.04
4462.93
4462.93
3098.43
3098.43
2049.60
2049.60
3362.72
3362.72
120.18
1509.45
1509.45
1509.45
3003.50
3003.50
2728.67
2728.67
2193.28
2193.28
2224.34
2537.58
2537.58
2537.58
3753.05
3753.05
2900.02
2900.02
2993.46
2993.46
3121.53
3121.53
1515.41
1515.41
1576.93
1576.93
1657.65
1657.65
717.06
717.06
195.57
195.57
47.98
47.98
240.91
240.91
1383.56
1383.56
2145.10
2145.10
2938.41
2938.41
2742.42
2742.42
3678.60
3678.60
1887.78
1887.78
2138.18
2138.18
97.22
97.22
186.63
186.63
2681.79
2681.79
1798.34
1798.34
2311.28
2311.28
1051.89
1051.89
3528.97
3528.97
1733.77
1733.77
549.05
549.05
779.04
779.04
3077.66
3077.66
1885.96
1885.96
10.00
10.00
2512.91
2512.91
37.03
37.03
2268.76
2268.76
3012.92
3012.92
3714.57
3714.57
2827.47
2827.47
206.77
206.77
3069.80
3069.80
477.70
477.70
1506.47
1506.47
1088.03
1088.03
373.40
373.40
3338.20
3338.20
3382.92
3382.92
759.21
759.21
2886.39
2886.39
962.63
962.63
2137.93
2137.93
1477.15
1477.15
2628.31
2628.31
3234.34
3234.34
3617.90
3617.90
1946.38
1946.38
376.90
376.90
2731.09
2731.09
3573.48
3573.48
2692.75
2692.75
1295.55
1295.55
22.35
22.35
1359.39
1359.39
182.16
182.16
1825.19
1825.19
18.52
18.52
2604.93
2604.93
527.53
527.53
1465.87
1465.87
514.09
514.09
3393.61
3393.61
1401.16
1401.16
2076.26
2076.26
1540.16
1540.16
2086.21
2086.21
1920.54
1920.54
1129.24
1129.24
3215.36
3215.36
3912.32
3912.32
1668.20
1668.20
2101.84
2101.84
82.21
82.21
1873.41
1873.41
891.25
891.25
77.58
77.58
101.07
101.07
3922.31
3922.31
3608.66
3608.66
2975.64
2975.64
1737.17
1737.17
1419.45
1419.45
3613.72
3613.72
19.71
19.71
42.27
42.27
2403.73
2403.73
2234.53
2234.53
2828.81
2828.81
1616.31
1616.31
2878.90
2878.90
1711.22
1711.22
3902.06
3902.06
1547.75
1547.75
1546.75
1546.75
1096.32
1096.32
2873.17
2873.17
3396.75
3396.75
3014.44
3014.44
3335.39
3335.39
1860.86
1860.86
35.30
35.30
1548.76
1548.76
27.90
27.90
1047.95
1047.95
2277.41
2277.41
2687.09
2687.09
2205.05
2205.05
4192.89
4192.89
1615.45
1615.45
3704.63
3704.63
2295.33
2295.33
25.61
25.61
2534.27
2534.27
30.11
30.11
2390.11
2390.11
4758.27
4758.27
1338.99
1338.99
43.22
43.22
641.71
641.71
4796.85
4796.85
263.85
263.85
2403.05
2403.05
3158.45
3158.45
3550.16
3550.16
4649.94
4649.94
4723.82
4723.82
3298.57
3298.57
2366.44
2366.44
2704.69
2704.69
2886.17
2886.17
10.24
10.24
3193.71
3193.71
950.21
950.21
2157.09
2157.09
3143.61
3143.61
3477.48
3477.48
2895.61
2895.61
2213.19
2213.19
3590.17
3590.17
1549.55
1549.55
3691.98
3691.98
3154.78
3154.78
2865.77
2865.77
2610.91
2610.91
2426.69
2426.69
2558.09
2558.09
3154.99
3154.99
23.61
23.61
3668.65
3668.65
3090.88
3090.88
2992.17
2992.17
2062.90
2062.90
2391.75
2391.75
2180.43
2180.43
1435.83
1435.83
3955.76
3955.76
2849.10
2849.10
3229.79
3229.79
2918.50
2918.50
2518.70
2518.70
2437.66
2437.66
2485.35
2485.35
2710.84
2710.84
972.66
972.66
2982.97
2982.97
1508.35
1508.35
3152.46
3152.46
2154.71
2154.71
3517.66
3517.66
3959.26
3959.26
3411.16
3411.16
3441.57
3441.57
2172.08
2172.08
3793.13
3793.13
931.98
931.98
2210.98
2210.98
2752.85
2752.85
3951.28
3951.28
4052.98
4052.98
3176.43
3176.43
4394.22
4394.22
4021.53
4021.53
1258.35
1258.35
2079.36
2079.36
1462.29
1462.29
2913.24
2913.24
3357.41
3357.41
3467.94
3467.94
4537.92
4537.92
1628.69
1628.69
1495.16
1495.16
27.09
27.09
1341.64
1341.64
2931.33
2931.33
2175.30
2175.30
37.66
37.66
1254.11
1254.11
663.40
663.40
2196.99
2196.99
2537.34
2537.34
1899.96
1899.96
2362.83
2362.83
2532.34
2532.34
2211.41
2211.41
4181.70
4181.70
1786.15
1786.15
4416.61
4416.61
4481.94
4481.94
2769.61
2769.61
4927.12
4927.12
2866.33
2866.33
1807.64
1807.64
756.66
756.66
2235.32
2235.32
3014.37
3014.37
3660.88
3660.88
244.96
244.96
1167.87
1167.87
5456.86
5456.86
4550.29
4550.29
2722.60
2722.60
3728.74
3728.74
305.70
305.70
2621.63
2621.63
3597.59
3597.59
2225.86
2225.86
1174.51
1174.51
1429.28
1429.28
2264.67
2264.67
91.05
91.05
2053.37
2053.37
875.83
875.83
1595.43
1595.43
22.42
22.42
4394.61
4394.61
1226.40
1226.40
1812.15
1812.15
2730.20
2730.20
169.81
169.81
3913.41
3913.41
4930.04
4930.04
2197.89
2197.89
3615.17
3615.17
170.24
170.24
2047.35
2047.35
1722.67
1722.67
1527.20
1527.20
2161.97
2161.97
26.45
26.45
2212.28
2212.28
1217.36
1217.36
4289.96
4289.96
2960.52
2960.52
2860.68
2860.68
3308.48
3308.48
2823.51
2823.51
1558.73
1558.73
3339.90
3339.90
2908.54
2908.54
3974.70
3974.70
3546.91
3546.91
4181.30
4181.30
462.18
462.18
4208.61
4208.61
87.09
87.09
4268.99
4268.99
4137.75
4137.75
4141.37
4141.37
5079.93
5079.93
1208.94
1208.94
2899.53
2899.53
2502.99
2502.99
3012.53
3012.53
162.23
162.23
3983.25
3983.25
3625.74
3625.74
5272.91
5272.91
4148.91
4148.91
6100.65
6100.65
664.11
664.11
2300.41
2300.41
5127.57
5127.57
26.10
26.10
5105.85
5105.85
2567.40
2567.40
1765.53
1765.53
670.07
670.07
719.90
719.90
2143.38
2143.38
2382.30
2382.30
4144.05
4144.05
4388.54
4388.54
4175.73
4175.73
45.82
45.82
793.10
793.10
802.38
802.38
1468.66
1468.66
3369.77
3369.77
4626.55
4626.55
2041.53
2041.53
103.14
103.14
3478.21
3478.21
2801.50
2801.50
2240.14
2240.14
2933.56
2933.56
2743.12
2743.12
3510.86
3510.86
3268.80
3268.80
2430.02
2430.02
1616.71
1616.71
2212.99
2212.99
5061.23
5061.23
5026.40
5026.40
4593.06
4593.06
308.88
308.88
5270.45
5270.45
4406.09
4406.09
3046.26
3046.26
2980.85
2980.85
4007.15
4007.15
66.47
66.47
4529.79
4529.79
4207.64
4207.64
1642.40
1642.40
4301.35
4301.35
3151.35
3151.35
4869.71
4869.71
2802.73
2802.73
3447.14
3447.14
3917.49
3917.49
487.78
487.78
3835.72
3835.72
1225.93
1225.93
1615.14
1615.14
3039.80
3039.80
20.94
20.94
1356.80
1356.80
2895.22
2895.22
1243.27
1243.27
3677.53
3677.53
4116.81
4116.81
4000.48
4000.48
2663.54
2663.54
2603.05
2603.05
2603.05
203.72
203.72
54.98
3837.97
3837.97
1742.87
1742.87
1673.90
1673.90
2157.12
2157.12
166.95
166.95
4152.64
4152.64
1304.45
1304.45
3837.04
3837.04
2432.77
2432.77
5008.37
5008.37
3757.43
3757.43
144.14
144.14
4832.33
4832.33
4356.85
4356.85
3638.56
3638.56
4319.67
4319.67
3390.10
3390.10
383.22
383.22
2734.72
2734.72
88.75
88.75
2630.36
2630.36
742.07
742.07
2629.47
2629.47
2604.02
2604.02
919.73
919.73
4112.06
4112.06
1547.47
1547.47
2038.49
2038.49
42.39
42.39
19.73
19.73
30.70
30.70
3216.51
3216.51
2643.30
2643.30
3334.98
3334.98
285.63
285.63
2447.07
2447.07
2807.11
2807.11
1571.13
1571.13
2979.67
2979.67
2979.67
616.14
2711.97
2711.97
321.53
321.53
106.11
106.11
904.72
904.72
46.44
46.44
17.45
17.45
17.45
257.35
169.19
169.19
2289.72
2289.72
4634.67
4634.67
2622.34
2622.34
1248.40
1248.40
3126.69
3126.69
2381.46
2381.46
805.23
805.23
1815.34
1815.34
1875.42
1875.42
3427.40
3427.40
34.91
34.91
1845.83
1845.83
3069.82
3069.82
1856.23
1856.23
3273.52
3273.52
1611.41
1611.41
2936.63
2936.63
330.90
330.90
2351.83
2351.83
2801.67
2801.67
4771.58
4771.58
2758.68
2758.68
1962.53
1962.53
952.90
952.90
529.19
529.19
1744.66
1744.66
3273.20
3273.20
2862.00
2862.00
3954.50
3954.50
1417.72
1417.72
356.51
356.51
125.27
125.27
477.46
477.46
1523.66
1523.66
3925.57
3925.57
3383.54
3383.54
2622.89
2622.89
4801.91
4801.91
3198.62
3198.62
4399.24
4399.24
4523.02
4523.02
3353.75
3353.75
2253.94
2253.94
3365.42
3365.42
1587.53
1587.53
1587.53
1587.53
3625.55
3625.55
3450.88
3450.88
2445.42
2445.42
3931.46
3931.46
2713.87
2713.87
3046.42
3046.42
3634.21
3634.21
4395.52
4395.52
4584.62
4584.62
1258.13
1258.13
3275.64
3275.64
3160.03
3160.03
3310.62
3310.62
4353.06
4353.06
1997.10
1997.10
2882.51
2882.51
2882.51
2882.51
2882.51
2882.51
2464.06
2464.06
2593.35
2593.35
2593.35
2593.35
2593.35
457.30
1572.46
1572.46
3742.54
3742.54
3742.54
1505.02
1505.02
3348.99
3348.99
1833.63
1833.63
2154.73
2154.73
3973.58
3973.58
2550.72
2550.72
2080.53
2080.53
2235.08
2235.08
2917.19
2917.19
1271.10
1271.10
1479.17
1479.17
46.70
46.70
3348.65
3348.65
1584.60
1584.60
3391.16
3391.16
4185.09
4185.09
18.64
18.64
1489.00
1489.00
4098.36
4098.36
368.93
368.93
1617.61
1617.61
3472.22
3472.22
2305.32
2305.32
4652.12
4652.12
3188.62
3188.62
4420.99
4420.99
4420.99
4420.99
4420.99
4420.99
1676.69
1676.69
2594.13
2594.13
2064.78
2064.78
1031.72
1031.72
2973.38
2973.38
1520.49
1520.49
3367.20
3367.20
3935.18
3935.18
1879.78
1879.78
220.36
220.36
4480.05
4480.05
4086.83
4086.83
4499.89
4499.89
3201.33
3201.33
128.85
128.85
2971.38
2971.38
2838.61
2838.61
3489.95
3489.95
1815.46
1815.46
4415.82
4415.82
4692.85
167.00
167.00
167.00
2575.83
2575.83
1560.08
1560.08
222.71
222.71
2895.58
2895.58
2928.61
2928.61
947.20
947.20
3339.88
3339.88
2316.25
2316.25
2842.42
2842.42
4894.91
4894.91
2336.22
2336.22
186.61
186.61
4433.16
4433.16
231.47
231.47
3862.77
3862.77
3969.19
3969.19
2133.61
2133.61
3365.46
3365.46
3743.44
3743.44
1280.21
1280.21
5050.91
5050.91
4023.29
4023.29
1727.60
1727.60
2512.87
2512.87
2507.54
2507.54
1293.23
1293.23
856.80
856.80
2642.16
2642.16
893.99
893.99
3546.87
3546.87
3950.80
3950.80
1635.17
1635.17
3790.57
3790.57
2771.57
2771.57
1469.44
1469.44
1811.87
1811.87
2533.58
2533.58
2429.53
2429.53
911.02
911.02
24.49
24.49
2223.28
2223.28
1512.09
1512.09
3966.22
3966.22
3872.65
3872.65
3610.08
3610.08
468.39
468.39
4166.43
4166.43
3555.87
3555.87
84.34
84.34
2085.18
2085.18
4592.51
4592.51
3530.46
3530.46
3423.56
3423.56
3586.66
3586.66
2215.02
2215.02
1913.94
1913.94
2037.05
2037.05
3366.65
3366.65
3607.91
3607.91
2183.90
2183.90
3335.12
3335.12
1865.34
1865.34
2762.26
2762.26
2133.73
2133.73
3450.54
3450.54
679.29
679.29
2162.56
2162.56
1679.94
1679.94
1206.29
1206.29
2654.83
2654.83
894.23
894.23
1089.24
1089.24
28.86
28.86
302.22
302.22
1565.74
1565.74
1497.04
1497.04
1665.66
1665.66
1665.66
1045.98
1045.98
10.00
3335.16
3335.16
123.27
123.27
1666.24
1666.24
2045.54
2045.54
1962.41
1962.41
2388.88
2388.88
4150.96
4150.96
294.55
294.55
478.57
478.57
113.53
113.53
37.58
37.58
430.14
430.14
1342.27
1342.27
707.19
707.19
1644.91
1644.91
34.02
34.02
971.42
971.42
982.07
982.07
765.67
765.67
35.66
35.66
1194.48
1194.48
1525.52
1525.52
1754.59
1754.59
2093.65
2093.65
1755.00
1755.00
1774.36
1774.36
2153.56
2153.56
2875.84
2875.84
2623.92
2623.92
2507.48
2507.48
2420.94
2420.94
3742.21
3742.21
3812.43
3812.43
1483.37
1483.37
3540.56
3540.56
38.33
38.33
78.28
78.28
2169.66
2169.66
3623.05
3623.05
22.76
22.76
3664.58
3664.58
3664.58
3664.58
1388.39
1388.39
1679.49
1679.49
2527.60
2527.60
23.84
23.84
3293.18
3293.18
1637.75
1637.75
168.53
168.53
3306.40
3306.40
3713.99
3713.99
2509.56
2509.56
2509.56
2509.56
2079.87
2079.87
3542.61
3542.61
2984.34
2984.34
1755.49
1755.49
2752.06
2752.06
3667.74
3667.74
3571.07
3571.07
848.90
848.90
1423.63
1423.63
3296.08
3296.08
3314.25
3314.25
2762.37
2762.37
2762.37
2762.37
2540.64
2540.64
2632.12
2632.12
2570.18
2570.18
2634.86
2634.86
2004.36
2004.36
3476.78
3476.78
121.06
121.06
569.01
569.01
1103.45
1103.45
1403.75
1403.75
356.91
356.91
3615.29
3615.29
1837.76
1837.76
2318.04
2318.04
2318.04
2318.04
3109.67
3109.67
2599.03
2599.03
2484.89
2484.89
69.17
69.17
1156.96
1156.96
2380.53
2380.53
2060.42
2060.42
483.73
483.73
3243.78
3243.78
2213.79
2213.79
4091.13
4091.13
1425.64
1425.64
2653.17
2653.17
470.95
470.95
737.06
737.06
1748.84
1748.84
1477.58
1477.58
2090.36
2090.36
1314.40
1314.40
70.53
70.53
2795.28
2795.28
1197.35
1197.35
1645.85
1645.85
530.77
530.77
2415.07
2415.07
1600.58
1600.58
1007.49
1007.49
531.87
531.87
1963.26
1963.26
802.26
802.26
802.26
476.61
476.61
476.61
888.25
888.25
1752.49
1752.49
10.00
10.00
1835.06
1619.63
1399.93
1399.93
2872.52
2872.52
177.10
177.10
1437.27
1437.27
2458.92
2458.92
2109.35
2109.35
887.71
887.71
853.87
853.87
2337.84
2337.84
227.51
227.51
10.00
10.00
10.00
1932.12
1932.12
2165.61
1233.52
1233.52
254.04
254.04
2435.93
2435.93
146.44
146.44
1234.67
1234.67
56.25
56.25
63.27
63.27
4353.74
4353.74
718.22
718.22
31.68
31.68
4306.15
4306.15
2069.27
2069.27
753.08
753.08
43.88
43.88
1331.76
1331.76
1936.96
1936.96
2208.43
2208.43
108.05
108.05
1057.47
1057.47
70.13
70.13
29.52
29.52
3233.24
3233.24
346.65
346.65
987.53
987.53
168.36
168.36
460.86
460.86
210.01
210.01
1786.76
1786.76
137.56
137.56
634.17
634.17
106.11
106.11
95.25
95.25
1871.65
1871.65
4169.15
4169.15
1264.57
1264.57
2008.08
2008.08
213.46
213.46
40.27
40.27
40.25
40.25
30.66
30.66
1397.06
1397.06
1785.74
1785.74
148.15
148.15
22.79
22.79
90.13
90.13
601.41
601.41
121.98
121.98
699.42
699.42
80.75
80.75
1766.75
1766.75
2364.00
2364.00
1703.27
1703.27
510.41
510.41
286.24
286.24
2080.00
2080.00
3742.80
3742.80
3263.76
3263.76
2369.28
2369.28
1742.40
1742.40
4245.49
4245.49
4524.89
4524.89
70.61
70.61
277.22
277.22
1091.82
1091.82
272.94
272.94
125.89
125.89
10.00
10.00
1193.73
1193.73
2919.91
2919.91
2454.37
2454.37
1466.25
1466.25
1291.09
1291.09
504.76
504.76
113.19
113.19
720.22
720.22
1725.83
1725.83
314.70
314.70
41.83
41.83
49.31
49.31
1374.07
1374.07
1519.00
1519.00
2419.00
2419.00
2190.37
2190.37
2964.25
2964.25
1634.44
1634.44
568.83
568.83
93.41
93.41
347.62
347.62
2518.95
2518.95
1393.03
1393.03
660.90
660.90
1697.84
1697.84
1800.52
1800.52
2796.81
2796.81
61.50
61.50
686.51
686.51
175.21
175.21
4870.02
4870.02
227.46
227.46
4079.25
4079.25
1152.90
1152.90
6029.30
6029.30
3595.73
3595.73
2879.10
2879.10
2462.74
2462.74
2252.96
2252.96
1805.41
1805.41
1278.17
1278.17
1120.70
1120.70
2686.76
2686.76
2195.82
2195.82
121.05
121.05
133.17
133.17
1635.58
1635.58
4387.52
4387.52
4334.63
4334.63
115.01
115.01
3458.98
3458.98
3375.03
3375.03
4340.83
4340.83
230.55
230.55
2476.95
2476.95
23.13
23.13
2665.52
2665.52
2018.10
2018.10
609.37
609.37
2601.39
2601.39
5061.39
5061.39
2948.31
2948.31
2678.12
2678.12
3351.77
3351.77
1485.28
1485.28
4290.00
4290.00
3628.92
3628.92
213.52
213.52
1466.44
1466.44
543.21
543.21
2452.89
2452.89
10.00
10.00
1533.59
1533.59
2193.98
2193.98
4334.57
4334.57
4325.57
4325.57
3458.34
3458.34
949.26
949.26
175.71
175.71
317.11
317.11
2495.71
2495.71
1203.02
1203.02
3532.30
3532.30
3728.44
3728.44
2907.76
2907.76
4617.98
4617.98
3208.66
3208.66
2055.43
2055.43
35.15
35.15
3768.77
3768.77
3602.68
3602.68
3060.22
3060.22
4289.22
4289.22
181.62
181.62
1283.92
1283.92
3220.11
3220.11
3065.61
3065.61
4239.00
4239.00
1215.13
1215.13
2903.08
2903.08
3723.95
3723.95
3639.30
3639.30
2907.18
2907.18
5220.93
5220.93
4711.25
4711.25
52.71
52.71
2194.16
2194.16
3222.54
3222.54
2648.37
2648.37
3522.20
3522.20
1545.25
1545.25
3612.94
3612.94
3245.70
3245.70
4224.05
4224.05
3820.10
3820.10
47.46
47.46
1862.08
1862.08
360.74
360.74
2920.51
2920.51
3030.65
3030.65
4307.41
4307.41
2334.44
2334.44
2388.78
2388.78
2636.90
2636.90
3014.05
3014.05
88.37
88.37
3589.03
3589.03
3220.52
3220.52
2714.81
2714.81
1877.28
1877.28
1652.65
1652.65
2732.72
2732.72
3291.33
3291.33
2713.76
2713.76
42.77
42.77
79.34
79.34
4684.77
4684.77
2930.67
2930.67
334.60
334.60
27.80
27.80
10.00
10.00
43.66
43.66
5040.19
5040.19
1088.12
1088.12
4621.68
4621.68
4012.95
4012.95
667.99
667.99
10.00
10.00
1742.81
1742.81
1683.88
1683.88
1645.85
1645.85
2703.53
2703.53
1985.79
1985.79
1173.74
1173.74
727.94
727.94
1995.55
1995.55
70.70
70.70
3887.86
3887.86
3325.93
3325.93
3012.52
3012.52
1549.92
1549.92
1538.44
1538.44
4124.95
4124.95
1777.17
1777.17
310.12
310.12
3097.20
3097.20
553.50
553.50
2977.32
2977.32
58.47
58.47
1469.73
1469.73
4710.56
4710.56
2112.76
2112.76
4589.50
4589.50
2817.72
2817.72
5042.80
5042.80
5042.80
2730.95
2730.95
5057.68
5057.68
4072.88
4072.88
2690.37
2690.37
4989.00
4989.00
1588.69
1588.69
263.08
263.08
10.00
10.00
111.14
111.14
190.05
4010.05
4010.05
4010.05
235.37
235.37
68.23
68.23
141.13
141.13
501.36
501.36
131.26
131.26
1904.96
1904.96
95.58
95.58
2922.28
2922.28
3008.80
3008.80
1597.88
1597.88
946.86
1782.76
1782.76
1782.76
2671.25
2671.25
2017.13
2017.13
3301.25
3301.25
4131.83
4131.83
188.44
188.44
809.11
809.11
19.05
19.05
34.59
34.59
2998.13
2998.13
2017.29
2017.29
439.27
439.27
2423.33
2423.33
3208.22
3208.22
1004.89
1004.89
4443.36
4443.36
220.15
220.15
2533.70
2533.70
4942.23
4942.23
3522.12
3522.12
4387.04
4387.04
2472.14
2472.14
3237.35
3237.35
1546.09
1546.09
2524.30
2524.30
2299.46
2299.46
2416.83
2416.83
2525.70
2525.70
1983.11
1983.11
3234.54
3234.54
438.71
438.71
2358.21
2358.21
3500.46
3500.46
4274.22
4274.22
2299.44
2299.44
2427.93
2427.93
2753.06
2753.06
1766.37
1766.37
2010.55
2010.55
1743.63
1743.63
3647.83
3647.83
2402.61
2402.61
2959.70
2959.70
4248.27
4248.27
4248.27
4248.27
1872.08
1872.08
3296.15
3296.15
1663.46
1663.46
4501.39
4501.39
4501.39
4501.39
4501.39
4501.39
2950.08
2950.08
4866.28
4866.28
3469.96
3469.96
1215.78
1215.78
3880.87
3880.87
4560.87
4560.87
2625.91
2625.91
3741.28
3741.28
2054.01
2054.01
3245.51
3245.51
572.26
572.26
2971.59
2971.59
4665.86
4665.86
1877.74
1877.74
5148.06
5148.06
4107.39
4107.39
4407.63
4407.63
862.03
862.03
4712.81
4712.81
4201.49
4201.49
2679.84
2679.84
5291.74
5291.74
3772.58
3772.58
3558.42
3558.42
3573.35
3573.35
3573.35
3573.35
3799.19
3799.19
778.49
778.49
455.75
455.75
652.82
652.82
2983.64
2983.64
34.15
34.15
2505.84
2505.84
4408.78
4408.78
1520.76
1520.76
2684.03
2684.03
5215.71
5215.71
3764.66
3764.66
4604.06
4604.06
3994.51
3994.51
4772.46
4772.46
1577.61
1577.61
828.76
828.76
3906.74
3906.74
1117.97
1117.97
2908.88
2908.88
3134.09
3134.09
3332.72
3332.72
3723.07
3723.07
2841.02
2841.02
3655.44
3655.44
2213.49
2213.49
4147.54
4147.54
1053.28
1053.28
2477.07
2477.07
3512.15
3512.15
2526.16
2526.16
4114.14
4114.14
3663.60
3663.60
3991.76
3991.76
1630.15
1630.15
1500.92
1500.92
3559.11
3559.11
4592.81
4592.81
4355.97
4355.97
1202.80
1202.80
924.20
924.20
2296.05
2296.05
4312.80
4312.80
4317.12
4317.12
4139.54
4139.54
2955.65
2955.65
632.26
632.26
1412.51
1412.51
1549.11
1549.11
606.34
606.34
3011.04
3011.04
3059.65
3059.65
57.24
57.24
1448.36
1448.36
3755.39
3755.39
4005.05
4005.05
591.07
591.07
1028.25
1028.25
2744.43
2744.43
5425.88
5425.88
1669.63
1669.63
2161.06
2161.06
4042.53
4042.53
25.54
25.54
1364.59
1364.59
131.62
131.62
365.90
365.90
1871.34
1871.34
47.09
47.09
1930.45
1930.45
3351.10
3351.10
2834.90
2834.90
2762.73
2762.73
120.42
120.42
1601.38
1601.38
1072.86
1072.86
144.77
144.77
45.06
45.06
1623.53
1623.53
265.72
265.72
3649.68
3649.68
2195.63
2195.63
872.92
872.92
51.77
51.77
1520.25
1520.25
1132.44
1132.44
275.76
275.76
64.92
64.92
92.64
92.64
277.17
277.17
5105.82
5105.82
56.82
56.82
4065.77
4065.77
2636.62
2636.62
2047.94
2047.94
2500.64
2500.64
483.09
483.09
4007.43
4007.43
4007.43
4051.62
1549.19
1549.19
4486.44
4486.44
3339.06
3339.06
3277.28
3277.28
1348.39
1348.39
161.32
161.32
10.00
10.00
4634.11
4634.11
2457.80
2457.80
799.01
799.01
2433.12
2433.12
1742.87
1742.87
3429.01
3429.01
5599.26
5599.26
1041.54
1041.54
233.61
233.61
58.76
58.76
55.81
55.81
416.00
416.00
3461.01
3461.01
3065.63
3065.63
322.85
322.85
704.05
704.05
215.79
215.79
2248.54
2248.54
2540.97
2540.97
4901.61
4901.61
53.42
53.42
1637.49
1637.49
684.99
684.99
3197.76
3197.76
28.94
28.94
506.08
506.08
1245.90
1245.90
3532.48
3532.48
4598.20
4598.20
4023.89
4023.89
2943.13
2943.13
4158.90
4158.90
3488.15
3488.15
4641.23
4641.23
4026.77
4026.77
372.15
372.15
3603.48
3603.48
4913.95
4913.95
4818.76
4818.76
92.56
92.56
2296.99
2296.99
398.22
398.22
959.76
959.76
10.00
10.00
19.19
19.19
109.45
109.45
2244.61
2244.61
625.23
625.23
4870.22
4870.22
3190.07
3190.07
3219.67
3219.67
3715.80
3715.80
1568.33
1568.33
2151.07
2151.07
26.26
26.26
3437.04
3437.04
636.56
636.56
2068.05
2068.05
4536.89
4536.89
226.28
226.28
2942.96
2942.96
1216.93
1216.93
2499.97
2499.97
5556.71
5556.71
4620.15
4620.15
2621.01
2621.01
132.62
132.62
1315.30
1315.30
20.68
20.68
1784.11
1784.11
3613.10
3613.10
2007.62
2007.62
2332.09
2332.09
3476.37
3476.37
2820.89
2820.89
5022.82
5022.82
3674.22
3674.22
603.13
603.13
2277.12
2277.12
723.12
723.12
147.05
147.05
246.94
246.94
232.53
232.53
2592.22
2592.22
3829.93
3829.93
82.09
82.09
1960.44
1960.44
1690.39
1690.39
1600.00
1600.00
3999.71
3999.71
2149.22
2149.22
3201.16
3201.16
40.85
40.85
1527.31
1527.31
2758.42
2758.42
5056.37
5056.37
2771.96
2771.96
1939.56
1939.56
1348.30
1348.30
2978.37
2978.37
160.69
160.69
2142.81
2142.81
32.23
32.23
2227.96
2227.96
3905.79
3905.79
4098.06
4098.06
1930.83
1930.83
2867.47
2867.47
4476.82
4476.82
66.18
66.18
1631.17
1631.17
4519.92
4519.92
4834.16
4834.16
4515.69
4515.69
502.54
502.54
3454.12
3454.12
3738.67
3738.67
1614.34
1614.34
29.73
29.73
3952.83
3952.83
1775.42
1775.42
3275.78
3275.78
1182.94
1182.94
4016.40
4016.40
5215.75
5215.75
5582.11
5582.11
1932.14
1932.14
3871.88
3871.88
20.13
20.13
20.13
141.64
241.77
241.77
3526.31
3526.31
1856.92
1856.92
1999.03
1999.03
10.00
10.00
1462.18
1462.18
33.35
33.35
182.75
182.75
4438.66
4438.66
4911.89
4911.89
5460.32
5460.32
3431.53
3431.53
4401.60
4401.60
3624.71
3624.71
3903.86
3903.86
3162.10
3162.10
2733.89
2733.89
4237.32
4237.32
4826.58
4826.58
4826.58
4826.58
3247.32
3247.32
63.53
63.53
3598.11
3598.11
2626.11
2626.11
4092.08
4092.08
2797.30
2797.30
2952.36
2952.36
3424.87
3424.87
3967.12
3967.12
4294.86
4294.86
4069.21
4069.21
4660.28
4660.28
1806.59
1806.59
1748.11
1748.11
1890.01
1890.01
1892.12
1892.12
1892.12
1892.12
4707.47
4707.47
3299.83
3299.83
3299.83
3299.83
4794.94
4794.94
3475.78
3475.78
4950.36
4950.36
3388.55
3388.55
3733.72
3733.72
4613.31
4613.31
3411.64
3411.64
5130.18
5130.18
4570.44
4570.44
170.57
170.57
3588.99
3588.99
3553.91
3553.91
3111.12
3111.12
2310.45
2310.45
2281.05
2281.05
2391.85
2391.85
64.10
64.10
4129.02
4129.02
4129.02
4129.02
2722.96
2722.96
1312.24
1312.24
46.57
46.57
619.61
619.61
1023.91
1023.91
1155.31
1155.31
731.13
731.13
1351.47
1351.47
4264.20
4264.20
3680.37
3680.37
4302.28
4302.28
3679.15
3679.15
1958.57
1958.57
1842.35
1842.35
72.79
72.79
2040.34
2040.34
2064.16
2064.16
3416.12
3416.12
2508.57
2508.57
3790.29
3790.29
4447.30
4447.30
4447.30
4447.30
1955.35
1955.35
2919.45
2919.45
1477.05
1477.05
3745.24
3745.24
379.32
379.32
3040.65
3040.65
3847.65
3847.65
10.00
10.00
267.56
267.56
1434.26
1434.26
145.67
145.67
22.10
22.10
316.64
316.64
169.70
169.70
2397.06
2397.06
116.62
116.62
1767.97
1767.97
3955.14
3955.14
38.15
38.15
62.31
62.31
1993.47
1993.47
2685.28
2685.28
5375.06
5375.06
4760.97
4760.97
4685.62
4685.62
4650.59
4650.59
2768.60
2768.60
263.10
263.10
1827.13
1827.13
150.63
150.63
521.77
521.77
3304.70
3304.70
3059.11
3059.11
2143.48
2143.48
2095.66
2095.66
3972.35
3972.35
4264.46
4264.46
5612.18
5612.18
2032.02
2032.02
2972.42
2972.42
2974.20
2974.20
4740.11
4740.11
2627.46
2627.46
2674.41
2674.41
21.29
21.29
3949.61
3949.61
152.78
152.78
2318.03
2318.03
1652.91
1652.91
4899.50
4899.50
2766.11
2766.11
53.35
53.35
4618.51
4618.51
823.28
823.28
4102.75
4102.75
1901.21
1901.21
4673.89
4673.89
1560.06
1560.06
125.59
125.59
5049.95
5049.95
262.93
262.93
3141.17
3141.17
2798.70
2798.70
451.71
451.71
2065.45
2065.45
604.06
604.06
113.15
113.15
36.85
36.85
4562.19
4562.19
4327.13
4327.13
19.03
19.03
3421.53
3421.53
5064.24
5064.24
91.42
91.42
85.92
85.92
289.88
289.88
1982.40
1982.40
5435.39
5435.39
5193.20
5193.20
1549.89
1549.89
1549.89
3395.64
2669.81
2669.81
599.01
599.01
3551.13
3551.13
3551.13
1910.20
1910.20
2304.70
2304.70
1217.69
1217.69
2504.54
2504.54
3157.75
203.39
203.39
203.39
4698.65
4698.65
3902.25
3902.25
4530.58
4530.58
1782.82
1782.82
4115.94
4115.94
4578.06
4578.06
1865.10
1865.10
694.95
694.95
3125.96
3125.96
416.58
416.58
2240.43
2240.43
4841.95
4841.95
64.71
64.71
338.26
338.26
247.38
247.38
413.27
413.27
3230.59
3230.59
5589.13
5589.13
1771.79
1771.79
4752.58
4752.58
4474.31
4474.31
4896.40
4896.40
2507.07
2507.07
1848.34
1848.34
68.96
68.96
2844.85
2844.85
1138.99
1138.99
2216.98
2216.98
2696.05
2696.05
3244.26
3244.26
4625.93
4625.93
5657.90
5657.90
2669.72
2669.72
3738.86
3738.86
4353.14
4353.14
447.53
447.53
2905.36
2905.36
3085.60
3085.60
2680.87
2680.87
2097.06
2097.06
5030.28
5030.28
1747.09
1747.09
434.65
434.65
1797.24
1797.24
6409.07
6409.07
523.36
523.36
6855.12
6855.12
1209.22
1209.22
2571.15
2571.15
3980.48
3980.48
3714.42
3714.42
1878.71
1878.71
108.34
108.34
3871.41
3871.41
2162.04
2162.04
1829.27
1829.27
1621.05
1621.05
327.40
327.40
943.48
943.48
20.57
20.57
3030.27
3030.27
70.09
70.09
1748.65
1748.65
3393.49
3393.49
2915.49
2915.49
2757.36
2757.36
2964.35
2964.35
1996.58
1996.58
2859.47
2859.47
4282.65
4282.65
502.77
502.77
2841.97
2841.97
32.77
32.77
3550.62
3550.62
546.55
546.55
1722.37
1722.37
1100.41
1100.41
21.44
21.44
2853.48
2853.48
4682.81
4682.81
1843.02
1843.02
2813.93
2813.93
2183.34
2183.34
704.22
704.22
244.61
244.61
115.77
115.77
2172.79
2172.79
3337.25
3337.25
10.00
10.00
3381.31
3381.31
12.17
12.17
3738.54
3738.54
4473.78
4473.78
44.04
44.04
2491.47
2491.47
3013.79
3013.79
3683.06
3683.06
2144.58
2144.58
1892.16
1892.16
1421.59
1421.59
145.82
145.82
191.98
191.98
1627.25
1627.25
1414.87
1414.87
1493.61
1493.61
3030.51
3030.51
3576.95
3576.95
909.14
909.14
12.83
12.83
2483.25
2483.25
104.05
104.05
1728.38
1728.38
3644.51
3644.51
3166.36
3166.36
984.73
984.73
4028.95
4028.95
492.66
492.66
1036.58
1036.58
939.01
939.01
215.87
215.87
3986.88
3986.88
55.78
55.78
4913.46
4913.46
3012.76
3012.76
462.62
462.62
34.25
34.25
2161.57
2161.57
3208.36
3208.36
2133.42
2133.42
2493.89
2493.89
3205.08
3205.08
2916.86
2916.86
1963.60
1963.60
223.49
223.49
223.49
24.30
1169.15
1169.15
584.43
584.43
654.63
654.63
2737.01
2737.01
2737.01
249.62
3911.55
3911.55
1044.76
1044.76
1668.66
1668.66
152.63
152.63
152.63
1632.61
1632.61
1632.61
1934.39
2597.04
2217.60
2217.60
774.35
774.35
1426.88
1426.88
1426.88
1426.88
2392.31
2392.31
31.91
31.91
3104.14
3104.14
1770.32
1770.32
3380.14
3380.14
783.59
783.59
2425.98
2425.98
2425.98
2425.98
3252.19
3252.19
2526.36
2526.36
1507.84
1507.84
266.40
266.40
2439.52
2439.52
32.91
32.91
475.21
475.21
1537.46
1537.46
2805.33
2805.33
2922.18
2922.18
1070.39
1070.39
2555.81
2555.81
2137.30
2137.30
2616.57
2616.57
2584.61
2584.61
3916.59
3916.59
1664.53
1664.53
3053.60
3053.60
4205.53
4205.53
4205.53
4205.53
97.48
97.48
2650.73
2650.73
2650.73
2650.73
2924.09
2924.09
3601.11
3601.11
3805.46
3805.46
3805.46
3805.46
3089.35
3089.35
3589.07
3589.07
3589.07
3589.07
31.78
31.78
3534.99
3534.99
4130.52
4130.52
3908.86
3908.86
2815.57
2815.57
3944.75
3944.75
2520.78
2520.78
4482.37
4482.37
1739.77
1739.77
178.53
178.53
3792.04
3792.04
3564.94
3564.94
2786.28
2786.28
1896.85
1896.85
2894.46
2894.46
2894.46
2894.46
1891.39
1891.39
1891.39
1891.39
1891.39
1891.39
3174.57
3174.57
380.17
380.17
197.25
197.25
544.19
544.19
2737.96
2737.96
56.11
56.11
22.73
22.73
1609.65
1609.65
2210.08
2210.08
1758.44
1758.44
658.38
658.38
62.62
62.62
1678.50
1678.50
1633.46
1633.46
3055.84
3055.84
770.51
770.51
982.56
982.56
3829.66
3829.66
2952.18
2952.18
723.26
723.26
644.03
644.03
2730.38
2730.38
1479.74
1479.74
738.39
738.39
2464.84
2464.84
1256.72
1256.72
3151.51
3151.51
2231.76
2231.76
91.63
91.63
3333.48
3333.48
2593.28
2593.28
715.66
715.66
970.29
970.29
1410.41
1410.41
25.86
25.86
2845.23
2845.23
455.37
455.37
1584.18
1584.18
4523.33
4523.33
283.94
283.94
1394.57
1394.57
243.79
243.79
41.10
41.10
2008.91
2008.91
62.20
62.20
1992.21
1992.21
1340.08
1340.08
3981.85
3981.85
3840.28
3840.28
3190.31
3190.31
1601.85
1601.85
1228.07
1228.07
4530.92
4530.92
24.51
24.51
2699.49
2699.49
820.19
820.19
4173.82
4173.82
1362.00
1362.00
4482.42
4482.42
38.14
38.14
837.84
837.84
209.14
209.14
112.67
112.67
3140.85
3140.85
3831.95
3831.95
1825.13
1825.13
3674.11
3674.11
2562.24
2562.24
1242.76
1242.76
390.30
390.30
58.15
58.15
93.36
93.36
2253.93
2253.93
337.73
337.73
1084.02
1084.02
4331.40
4331.40
1465.77
1465.77
3809.75
3809.75
3966.97
3966.97
4334.74
4334.74
1555.29
1555.29
3405.63
3405.63
5128.74
5128.74
5935.29
5935.29
4822.20
4822.20
10.00
10.00
3808.70
3808.70
658.03
658.03
3782.06
3782.06
5205.16
5205.16
3404.29
3404.29
3017.84
3017.84
4441.57
4441.57
4871.79
4871.79
4818.43
4818.43
3916.14
3916.14
140.60
140.60
69.11
69.11
59.46
59.46
3373.95
3373.95
4558.94
4558.94
5617.51
5617.51
89.69
89.69
3593.64
3593.64
2774.99
2774.99
5167.33
5167.33
964.00
964.00
4194.51
4194.51
4948.42
4948.42
5112.27
5112.27
2269.07
2269.07
3499.23
3499.23
2694.26
2694.26
2488.09
2488.09
1387.98
1387.98
2655.92
2655.92
2009.87
2009.87
3762.04
3762.04
3553.12
3553.12
3578.06
3578.06
5559.12
5559.12
4602.96
4602.96
2116.32
2116.32
3792.63
3792.63
5267.50
5267.50
408.19
408.19
1305.38
1305.38
69.31
69.31
1128.91
1128.91
15.44
15.44
3414.03
3414.03
2729.65
2729.65
891.56
891.56
313.46
313.46
1753.52
1753.52
2136.75
2136.75
2510.98
2510.98
2406.00
2406.00
3867.41
3867.41
188.58
188.58
172.08
172.08
3606.19
3606.19
20.13
20.13
2894.18
2894.18
2184.91
2184.91
1967.15
1967.15
3784.37
3784.37
6414.45
6414.45
2802.66
2802.66
1164.66
1164.66
1388.80
1388.80
2321.22
2321.22
132.46
132.46
98.83
98.83
54.34
54.34
229.34
229.34
1511.71
1511.71
141.80
141.80
2236.61
2236.61
6207.89
6207.89
4181.68
4181.68
1816.55
1816.55
3266.96
3266.96
3326.14
3326.14
5701.70
5701.70
4502.11
4502.11
4734.02
4734.02
4653.42
4653.42
3391.92
3391.92
6011.07
6011.07
913.29
913.29
3764.37
3764.37
2261.13
2261.13
2210.39
2210.39
42.66
42.66
42.18
42.18
2012.77
2012.77
5140.98
5140.98
4321.52
4321.52
4824.52
4824.52
3228.38
3228.38
1287.07
1287.07
2141.35
2141.35
540.72
540.72
1611.80
1611.80
60.66
60.66
3047.93
3047.93
1713.17
1713.17
1028.26
1028.26
174.77
174.77
2592.36
2592.36
4726.94
4726.94
1481.50
1481.50
4303.61
4303.61
2005.60
2005.60
1312.31
1312.31
4199.33
4199.33
2642.28
2642.28
1724.53
1724.53
2359.00
2359.00
603.32
603.32
10.00
10.00
3066.85
3066.85
2412.53
2412.53
3658.23
3658.23
4796.57
4796.57
3095.28
3095.28
151.51
151.51
2477.58
2477.58
2334.69
2334.69
4170.35
4170.35
1541.67
1541.67
38.37
38.37
4892.96
4892.96
1890.42
1890.42
237.88
237.88
3891.50
3891.50
241.14
241.14
765.07
765.07
218.76
218.76
639.59
639.59
5573.07
5573.07
4066.16
4066.16
4254.22
4254.22
4154.33
4154.33
18.92
18.92
3780.22
3780.22
4433.94
4433.94
189.19
189.19
3849.35
3849.35
3270.84
3270.84
3486.89
3486.89
3317.69
3317.69
4124.12
4124.12
3708.29
3708.29
3982.38
3982.38
4140.75
4140.75
2941.65
2941.65
142.14
142.14
33.01
33.01
5842.16
5842.16
3245.01
3245.01
4927.98
4927.98
5616.87
5616.87
5255.49
5255.49
3776.90
3776.90
6595.72
6595.72
3781.80
3781.80
4335.05
4335.05
5812.12
5812.12
5760.35
5760.35
5326.02
5326.02
67.38
67.38
4682.23
4682.23
5170.93
5170.93
4128.47
4128.47
4949.47
4949.47
3159.65
3159.65
5777.00
5777.00
4055.92
4055.92
4340.26
4340.26
4415.92
4415.92
4975.23
4975.23
2320.24
2320.24
4652.59
4652.59
3755.12
3755.12
6052.66
6052.66
6054.66
6054.66
5109.29
5109.29
5799.60
5799.60
5031.36
5031.36
3778.25
3778.25
1824.06
1824.06
4990.34
4990.34
4990.34
4990.34
4505.11
4505.11
4505.11
5676.45
5676.45
4411.21
5133.93
5133.93
2217.31
2217.31
121.42
121.42
121.42
3308.99
3308.99
3352.06
3352.06
6524.67
1843.15
1843.15
1843.15
5396.03
5396.03
28.06
28.06
5060.74
5060.74
5060.74
5060.74
1918.47
1918.47
4358.46
4275.65
4275.65
4275.65
4275.65
4275.65
4985.80
4985.80
1871.11
1871.11
3863.64
3863.64
2443.58
2443.58
2330.56
2330.56
6376.77
6376.77
3553.44
3553.44
2040.28
2040.28
216.45
216.45
337.94
198.18
198.18
198.18
6135.30
6135.30
6263.15
6263.15
4476.62
4476.62
5701.81
5701.81
3150.45
3150.45
1980.42
1980.42
4659.83
4659.83
5673.80
5673.80
68.07
68.07
4718.85
4718.85
4076.81
4076.81
1631.72
1631.72
5941.90
5941.90
1937.46
1937.46
2289.13
2289.13
276.12
276.12
1686.01
1686.01
1553.12
1553.12
167.05
167.05
2875.89
2875.89
4656.73
4656.73
4583.89
4583.89
5449.71
5449.71
1710.20
1710.20
5165.44
5165.44
4639.41
4639.41
10.00
10.00
4882.10
4882.10
316.36
316.36
1894.53
1894.53
3031.07
3031.07
5850.72
5850.72
4561.83
4561.83
3472.72
3472.72
4796.49
4796.49
4163.60
4163.60
4385.55
4385.55
3011.97
3011.97
5366.66
5366.66
4423.34
4423.34
2520.39
2520.39
1812.99
1812.99
1145.82
1145.82
200.36
200.36
3685.89
3685.89
227.32
227.32
493.43
493.43
678.01
678.01
259.07
259.07
5134.09
5134.09
1941.12
1941.12
3706.98
3706.98
5267.82
5267.82
4169.25
4169.25
3565.93
3565.93
1851.19
1851.19
4479.78
4479.78
3901.69
3901.69
4419.63
4419.63
4187.98
4187.98
4943.49
4943.49
4689.56
4689.56
4647.20
4647.20
3270.37
3270.37
1452.06
1452.06
2573.28
2573.28
2678.13
2678.13
1989.74
1989.74
41.86
41.86
2330.82
2330.82
2885.17
2885.17
1727.41
1727.41
3356.76
3356.76
282.56
282.56
1763.50
1763.50
105.53
105.53
2155.90
2155.90
4161.05
4161.05
2703.19
2703.19
81.83
81.83
4373.89
4373.89
3199.49
3199.49
101.02
101.02
1375.00
1375.00
800.01
800.01
62.15
62.15
165.00
165.00
46.69
46.69
29.27
29.27
3407.31
3407.31
4242.19
4242.19
3939.56
3939.56
4758.80
4758.80
504.15
504.15
5399.02
5399.02
3300.88
3300.88
3772.75
3772.75
833.57
833.57
1893.86
1893.86
3795.24
3795.24
1706.50
1706.50
1042.76
1042.76
5420.71
5420.71
10.00
10.00
2751.69
2751.69
1936.87
1936.87
3951.99
3951.99
111.19
111.19
975.67
975.67
994.81
994.81
1710.34
1710.34
148.81
148.81
1618.35
1618.35
1589.99
1589.99
1423.68
1423.68
75.09
75.09
3780.23
3780.23
3909.93
3909.93
3018.29
3018.29
5442.09
5442.09
2773.46
2773.46
4429.94
4429.94
5591.52
5591.52
4806.69
4806.69
3740.28
3740.28
3483.32
3483.32
4143.03
4143.03
3780.46
3780.46
4404.42
4404.42
2476.86
2476.86
4041.40
4041.40
27.24
27.24
1493.76
1493.76
2597.40
2597.40
4327.18
4327.18
4327.18
4327.18
4635.78
4635.78
674.37
674.37
2422.93
2422.93
4368.10
4368.10
2323.85
2323.85
4365.36
4365.36
4237.99
4237.99
3947.52
3947.52
3629.88
3629.88
4013.15
4013.15
5427.96
5427.96
4828.71
4828.71
5345.67
5345.67
4132.00
