# 1Hz Kbps trace generated by import_real_world_traces.py
966.90
963.14
1221.65
1285.04
1317.47
1317.47
507.50
507.50
1619.65
1619.65
903.55
903.55
364.88
364.88
379.45
379.45
5048.95
5048.95
5149.05
5149.05
5108.25
5108.25
4589.20
4589.20
5450.37
5450.37
5216.99
5216.99
6164.38
6164.38
4838.07
4838.07
8320.68
8320.68
205.64
205.64
10.00
10.00
24.26
24.26
1272.95
1272.95
786.94
786.94
8516.10
8516.10
1661.23
1661.23
2150.75
2150.75
10823.64
10823.64
10.00
10.00
202.91
202.91
36.86
36.86
218.67
218.67
224.27
224.27
102.35
102.35
455.08
455.08
4132.70
4132.70
4682.10
4682.10
5426.49
5426.49
5010.54
5010.54
6246.23
6246.23
6295.82
6295.82
2880.61
2880.61
141.52
141.52
5784.87
5784.87
8123.54
8123.54
3342.16
3342.16
777.68
777.68
4976.24
4976.24
4583.97
4583.97
4983.38
4983.38
5379.16
5379.16
9879.64
9879.64
3699.45
3699.45
5736.64
5736.64
1811.19
1811.19
8352.25
8352.25
5156.29
5156.29
3846.64
3846.64
2270.38
2270.38
10159.65
10159.65
7074.12
7074.12
6912.84
6912.84
1533.26
1533.26
7249.45
7249.45
5887.32
5887.32
12081.05
12081.05
6020.45
6020.45
12077.43
12077.43
10.00
10.00
12.94
12.94
142.22
142.22
548.42
548.42
424.63
424.63
709.39
709.39
347.74
347.74
24.73
24.73
12.42
12.42
88.44
88.44
47.03
47.03
13.10
13.10
174.09
174.09
181.21
181.21
10.00
10.00
123.03
123.03
24.61
24.61
681.74
681.74
6150.21
6150.21
2174.78
2174.78
2273.59
2273.59
978.48
978.48
7950.36
7950.36
2503.54
2503.54
7082.85
7082.85
298.73
298.73
1612.19
1612.19
547.58
547.58
61.24
61.24
37.02
37.02
1480.80
1480.80
643.29
643.29
313.98
313.98
716.23
716.23
8138.12
8138.12
2486.92
2486.92
8895.61
8895.61
10.00
10.00
10.00
10.00
48.15
48.15
16.24
16.24
743.17
743.17
3459.78
3459.78
153.57
153.57
757.35
757.35
3373.76
3373.76
697.62
697.62
1656.88
1656.88
10.00
10.00
85.16
85.16
206.25
206.25
759.47
759.47
36.13
36.13
34.92
34.92
146.38
146.38
2853.44
2853.44
1215.02
1215.02
2117.76
2117.76
813.66
813.66
10.00
10.00
12166.34
12166.34
862.07
862.07
3848.48
3848.48
4124.48
4124.48
18.10
18.10
67.23
67.23
3455.82
3455.82
10.00
10.00
740.82
740.82
2930.64
2930.64
743.68
743.68
628.98
628.98
378.71
378.71
9869.90
9869.90
2772.33
2772.33
2482.05
