# 1Hz Kbps trace generated by import_real_world_traces.py
2260.00
3318.75
2499.33
87.22
1078.55
2304.74
213.52
1753.67
1753.67
92.41
92.41
420.38
420.38
1209.42
1209.42
618.62
618.62
54.62
54.62
173.12
173.12
194.41
194.41
27.34
27.34
177.38
177.38
2027.83
2027.83
77.38
77.38
77.38
11.61
3068.22
3068.22
1814.22
1814.22
10.00
10.00
695.69
695.69
826.39
826.39
3686.48
3686.48
36.87
36.87
1596.23
1596.23
3738.83
3738.83
3434.71
3434.71
5064.23
5064.23
3763.28
3763.28
18.96
18.96
385.44
385.44
3447.52
3447.52
3118.92
3118.92
10.00
10.00
2511.37
2511.37
97.68
97.68
41.31
41.31
165.09
165.09
1948.57
1948.57
10.00
10.00
68.67
68.67
56.66
56.66
1702.09
1702.09
807.47
807.47
417.59
417.59
10.00
10.00
2167.72
2167.72
2821.27
2821.27
19.14
19.14
2503.18
2503.18
2830.63
2830.63
181.11
181.11
65.92
65.92
25.31
25.31
1963.78
1963.78
1963.78
1963.78
10.00
10.00
2453.48
2453.48
5041.49
