# 1Hz Kbps trace generated by import_real_world_traces.py
1457.08
3577.31
3577.31
3938.28
3938.28
4329.52
4329.52
951.43
951.43
1293.22
1293.22
954.16
954.16
1507.90
1507.90
1897.44
1897.44
2341.89
2341.89
1397.96
1397.96
3490.68
3490.68
3493.80
3493.80
3631.27
3631.27
3149.34
3149.34
3009.05
3009.05
3794.47
3794.47
3962.58
3962.58
4903.46
4903.46
3367.81
3367.81
3946.01
3946.01
4205.98
4205.98
5373.89
5373.89
4398.54
4398.54
4928.17
4928.17
5765.54
5765.54
6281.99
6281.99
4700.73
4700.73
4220.55
4220.55
6549.78
6549.78
2445.06
2445.06
5397.60
5397.60
5573.88
5573.88
6785.23
6785.23
3197.03
3197.03
3924.39
3924.39
4342.48
4342.48
5530.89
5530.89
1698.55
1698.55
2222.45
2222.45
95.34
95.34
33.72
33.72
4518.02
4518.02
4986.34
4986.34
5646.59
5646.59
5960.91
5960.91
6043.39
