# 1Hz Kbps trace generated by import_real_world_traces.py
6572.13
92.46
6079.05
6079.05
5701.46
3533.78
3533.78
5766.74
5766.74
1453.18
1453.18
2784.94
2784.94
5995.48
5995.48
6729.57
6729.57
2792.92
2792.92
2792.92
1669.06
449.42
449.42
449.42
6944.65
6944.65
6944.65
2169.92
2169.92
6615.89
6615.89
10.32
10.32
361.40
361.40
137.41
137.41
1889.22
1889.22
6795.86
6795.86
5074.17
5074.17
6014.24
6014.24
44.81
44.81
40.45
40.45
4472.57
4472.57
228.47
228.47
2991.40
2991.40
63.55
63.55
67.89
67.89
1578.50
1578.50
4640.52
4640.52
1909.80
1909.80
3448.98
3448.98
66.60
66.60
1091.86
1091.86
4674.27
4674.27
56.19
56.19
14.07
14.07
900.46
900.46
239.56
239.56
33.97
33.97
33.97
1088.34
437.70
437.70
1304.09
1304.09
5784.05
5784.05
16.61
16.61
5655.03
5655.03
1196.83
1196.83
1102.98
1102.98
276.84
276.84
679.20
679.20
3445.63
3445.63
6868.42
6868.42
1104.46
1104.46
6789.74
6789.74
6042.08
6042.08
6737.49
6737.49
1836.16
1836.16
6535.79
6535.79
3872.74
3872.74
6845.57
6845.57
6796.37
6796.37
4967.36
4967.36
1224.85
1224.85
814.15
814.15
4580.78
4580.78
483.80
483.80
2354.45
2354.45
4801.85
4801.85
2854.81
2854.81
1086.06
1086.06
72.03
72.03
1093.86
1093.86
6786.97
6786.97
6820.35
