# 1Hz Kbps trace generated by import_real_world_traces.py
206.19
85.50
96.45
244.73
932.17
1724.19
520.85
520.85
16.91
16.91
16.91
762.16
762.16
762.16
744.29
744.29
240.17
240.17
505.73
505.73
914.23
1434.65
1421.12
1870.06
1870.06
541.71
92.17
1213.56
1213.56
1191.20
238.23
238.23
360.77
360.77
360.77
360.77
298.31
298.31
1533.46
428.80
428.80
471.57
471.57
471.57
124.67
124.67
1331.90
1331.90
1082.74
1082.74
1082.74
58.66
58.66
58.66
58.66
459.69
459.69
459.69
459.69
132.14
132.14
853.51
853.51
356.68
1886.25
1441.24
1441.24
39.35
39.35
175.77
175.77
1043.55
1043.55
1043.55
1043.55
871.17
871.17
102.46
102.46
1233.95
173.75
1817.75
477.61
477.61
260.63
169.53
169.53
10.00
10.00
10.00
346.27
107.24
107.24
107.24
156.54
156.54
1149.41
1149.41
1149.41
208.72
208.72
95.69
95.69
335.83
153.31
1285.94
1285.94
237.48
300.96
1856.37
531.03
1869.17
1869.17
17.01
17.01
387.04
886.87
886.87
917.40
917.40
912.75
912.75
27.04
27.04
645.48
645.48
704.77
704.77
1315.83
1315.83
61.74
61.74
401.40
401.40
762.16
762.16
1112.61
1112.61
405.69
405.69
10.00
10.00
1509.98
1509.98
882.57
882.57
67.69
67.69
10.00
10.00
38.65
38.65
304.63
304.63
265.19
265.19
834.53
834.53
46.92
46.92
123.39
123.39
235.77
235.77
65.91
65.91
351.93
351.93
374.63
374.63
54.07
54.07
706.58
706.58
706.58
47.39
47.39
503.68
503.68
503.68
503.68
503.68
784.55
780.10
780.10
780.10
431.68
431.68
524.97
524.97
200.65
200.65
200.65
200.65
200.65
39.60
39.60
39.60
298.55
298.55
298.55
298.55
298.55
245.77
245.77
245.77
272.30
272.30
358.37
706.64
706.64
706.64
293.91
293.91
169.04
365.25
1349.24
1861.48
10.00
202.70
202.70
202.70
103.62
103.62
384.85
911.19
54.75
54.75
10.00
441.91
422.10
422.10
10.00
10.00
344.27
344.27
487.07
487.07
377.37
377.37
622.38
622.38
84.18
84.18
202.84
202.84
14.76
14.76
1675.91
1675.91
1851.43
1851.43
439.29
439.29
513.40
513.40
328.50
328.50
1525.66
1525.66
130.21
130.21
20.42
20.42
1759.55
1759.55
1765.93
1765.93
376.86
376.86
292.88
292.88
1822.09
1822.09
928.58
928.58
863.78
863.78
1861.30
1861.30
1722.29
1722.29
654.24
654.24
1023.41
1023.41
1835.38
1835.38
320.74
320.74
53.77
53.77
144.31
144.31
616.52
616.52
608.24
608.24
780.97
780.97
88.29
88.29
71.73
71.73
231.69
231.69
24.57
24.57
557.71
557.71
1836.99
1836.99
1580.10
1580.10
777.52
777.52
1652.65
1652.65
10.61
10.61
1819.22
1819.22
155.79
155.79
89.47
89.47
26.03
26.03
1226.18
1226.18
868.87
868.87
1404.94
1404.94
967.90
967.90
61.29
61.29
1852.46
1852.46
300.03
300.03
1832.98
1832.98
1688.93
1688.93
1798.34
1798.34
1858.12
1858.12
1349.00
1349.00
1349.87
1349.87
1752.45
1752.45
1736.98
1736.98
480.56
480.56
208.63
208.63
1823.79
1823.79
10.00
10.00
81.93
81.93
564.77
564.77
1455.75
1455.75
1455.75
1455.75
164.88
164.88
1657.88
1776.97
1657.52
1657.52
1858.73
1858.73
1887.37
1887.37
1867.59
1867.59
1849.16
1849.16
596.95
596.95
223.03
223.03
1857.72
1857.72
1852.76
1852.76
1833.31
1833.31
1588.69
1588.69
1873.36
1873.36
218.63
218.63
13.57
13.57
1653.82
1653.82
1827.58
1827.58
345.89
345.89
207.69
207.69
1526.44
1526.44
1742.77
1742.77
1742.77
48.92
1051.27
1051.27
1581.26
1581.26
1845.07
1845.07
663.31
663.31
279.87
279.87
1556.22
1556.22
93.40
93.40
150.19
150.19
87.54
87.54
1189.95
1189.95
207.95
207.95
313.04
313.04
1478.33
1478.33
1556.05
1556.05
10.00
10.00
11.63
11.63
876.72
876.72
1834.55
1834.55
361.51
361.51
361.51
130.94
130.94
130.94
130.94
514.39
514.39
300.06
1715.28
66.05
980.40
980.40
1837.03
1837.03
577.39
577.39
550.64
550.64
1233.17
1233.17
161.02
161.02
330.61
330.61
119.11
119.11
1079.60
1079.60
318.84
318.84
1734.25
1734.25
294.81
294.81
371.03
371.03
147.52
147.52
1824.55
1824.55
1824.55
119.28
133.73
133.73
40.42
40.42
1105.93
1105.93
1105.93
1105.93
161.24
161.24
1820.41
1873.54
1854.41
1854.41
502.46
502.46
256.09
256.09
1660.46
1660.46
84.96
84.96
17.79
17.79
148.22
148.22
1157.26
1157.26
1132.09
1132.09
24.42
24.42
662.90
662.90
106.89
106.89
106.89
812.69
812.69
728.15
728.15
267.47
267.47
26.07
26.07
438.94
438.94
381.41
381.41
936.67
936.67
183.27
183.27
41.78
41.78
579.37
1242.05
1242.05
1769.16
1769.16
51.73
51.73
217.31
217.31
190.13
190.13
10.00
10.00
987.88
987.88
53.62
53.62
416.12
416.12
69.98
69.98
1743.50
1743.50
715.80
715.80
10.00
10.00
10.02
10.02
465.09
465.09
1108.80
1108.80
1733.77
1733.77
1857.03
1857.03
1889.76
1889.76
656.62
656.62
253.40
253.40
345.62
345.62
128.90
128.90
128.90
12.00
12.00
945.30
945.30
71.38
1233.91
1233.91
152.33
152.33
152.33
341.81
341.81
341.81
341.81
818.48
818.48
35.59
35.59
250.62
47.24
47.24
480.80
19.01
163.43
163.43
549.12
549.12
152.98
152.98
254.40
254.40
852.24
852.24
286.61
286.61
821.73
821.73
233.00
233.00
82.11
82.11
1338.94
1338.94
1484.50
1484.50
388.83
388.83
220.11
220.11
64.81
64.81
62.27
62.27
91.70
91.70
265.44
265.44
82.07
82.07
519.35
519.35
519.35
10.00
10.00
332.52
332.52
332.52
138.19
138.19
496.82
496.82
496.82
496.82
53.73
53.73
356.58
627.14
1793.88
444.51
444.51
241.31
241.31
535.42
535.42
17.69
17.69
22.08
22.08
22.08
22.08
167.81
167.81
167.81
167.81
100.32
100.32
100.32
100.32
1212.36
1212.36
1746.87
458.08
1204.66
1204.66
43.78
44.56
44.56
10.00
10.00
1327.38
1327.38
10.00
10.00
263.21
263.21
89.25
89.25
52.82
52.82
1295.84
1295.84
47.24
47.24
52.45
52.45
124.96
124.96
1202.21
1202.21
10.00
10.00
707.73
707.73
478.27
478.27
302.81
302.81
43.27
43.27
924.44
924.44
1117.71
1117.71
1490.07
1490.07
261.18
261.18
1517.16
1517.16
1678.93
1678.93
228.43
228.43
603.39
603.39
121.35
121.35
1673.11
1673.11
44.01
44.01
16.61
16.61
405.87
405.87
668.00
668.00
1750.14
1750.14
228.93
228.93
1217.30
1217.30
1212.79
1212.79
1212.79
1212.79
1473.67
1473.67
1522.55
1522.55
554.33
554.33
232.19
232.19
18.70
18.70
1542.77
1542.77
1887.94
1887.94
1887.94
459.60
459.60
176.90
243.09
243.09
588.20
588.20
588.20
58.76
17.77
17.77
12.70
12.70
1273.11
1273.11
22.07
22.07
349.85
349.85
1337.58
1337.58
1689.56
1689.56
13.65
13.65
290.96
290.96
120.76
120.76
1821.78
1821.78
11.99
11.99
1714.47
1714.47
1883.36
1883.36
1611.59
1611.59
241.47
241.47
320.09
320.09
1828.77
1828.77
1118.99
1118.99
503.47
503.47
162.86
162.86
30.21
30.21
30.21
1710.21
1756.19
1756.19
1856.41
1856.41
1856.41
10.00
10.00
62.28
62.28
62.28
870.30
870.30
1012.94
1012.94
1007.16
1007.16
349.89
349.89
726.07
726.07
740.88
740.88
1839.33
110.82
110.82
395.57
395.57
274.92
274.92
1772.84
1772.84
1682.93
17.86
17.86
471.40
471.40
1521.78
1521.78
1481.72
1481.72
285.16
285.16
369.52
369.52
1704.44
1704.44
1866.50
1866.50
1866.50
451.44
173.47
173.47
1674.38
1674.38
1674.38
1843.00
58.62
58.62
10.38
10.38
71.50
71.50
71.50
713.38
308.89
308.89
53.70
53.70
1502.18
1502.18
475.54
475.54
475.54
384.01
1802.85
1802.85
374.52
374.52
374.52
1690.21
436.57
436.57
436.57
262.02
555.07
555.07
555.07
1867.53
339.77
339.77
339.77
304.63
304.63
390.96
390.96
1861.12
1861.12
371.94
371.94
547.25
547.25
158.37
1119.73
1119.73
1119.73
292.92
292.92
195.38
195.38
28.35
28.35
1841.97
1841.97
1853.77
1853.77
1703.67
1703.67
1703.67
1703.67
111.57
111.57
1866.57
818.13
818.13
818.13
174.74
174.74
90.75
90.75
703.25
703.25
1826.66
1826.66
1660.55
1660.55
1604.34
1604.34
65.69
721.18
721.18
721.18
1754.21
1754.21
28.87
75.16
75.16
75.16
1742.15
106.91
106.91
1825.20
1825.20
1825.20
969.96
969.96
29.76
1294.80
1294.80
197.38
197.38
197.38
1878.64
1878.64
1830.39
1830.39
241.62
241.62
1859.63
1859.63
316.93
316.93
1867.87
1867.87
1755.96
1755.96
1612.58
1612.58
1866.64
1866.64
10.00
10.00
1006.27
1006.27
10.00
10.00
837.62
837.62
1704.67
1704.67
1867.13
1867.13
1677.53
1677.53
1880.30
1880.30
1348.60
1348.60
1423.56
1423.56
1803.39
1803.39
952.78
952.78
1851.56
1851.56
1742.44
1742.44
1861.83
1861.83
1841.86
1841.86
1871.78
1871.78
134.68
134.68
35.82
35.82
105.19
105.19
1767.22
1767.22
1840.11
1840.11
1056.27
1056.27
1728.90
1728.90
1854.71
1854.71
648.77
648.77
595.38
595.38
48.23
48.23
1807.48
1807.48
1748.29
1748.29
650.45
650.45
1900.74
1900.74
1874.31
1874.31
159.03
159.03
303.90
303.90
1097.41
1097.41
48.87
48.87
1340.37
1340.37
10.00
10.00
331.78
331.78
1053.88
1053.88
244.91
244.91
892.15
892.15
1861.92
1861.92
1617.04
1617.04
1853.72
1853.72
1515.85
1515.85
1860.83
1860.83
1828.32
1828.32
67.00
67.00
1844.69
1844.69
1304.42
1304.42
1202.48
1202.48
1826.86
1826.86
1313.99
1313.99
1739.41
1739.41
1844.63
1844.63
197.95
197.95
1868.57
1868.57
1219.35
1219.35
1611.00
1611.00
1844.28
1844.28
1932.41
1932.41
1866.53
1866.53
837.17
837.17
13.90
13.90
1640.13
1640.13
1864.46
1864.46
11.59
11.59
1475.20
1475.20
1880.23
1880.23
1829.69
1829.69
1842.26
1842.26
1834.62
1834.62
1712.27
1712.27
1862.32
1862.32
1871.85
1871.85
1849.42
1849.42
1861.18
1861.18
1855.11
1855.11
1845.98
1845.98
1695.62
1695.62
1034.36
1034.36
1853.08
1853.08
1515.69
1515.69
1796.11
1796.11
1875.61
1875.61
19.17
19.17
1882.24
1882.24
1709.24
1709.24
700.03
700.03
939.06
939.06
653.58
653.58
57.27
57.27
891.15
891.15
1860.44
1860.44
1859.52
1859.52
1831.14
1831.14
1141.05
1141.05
1822.89
1822.89
1878.50
1878.50
11.56
11.56
1865.27
1865.27
1797.19
1797.19
1827.64
1827.64
1847.15
1847.15
1677.33
1677.33
1887.57
1887.57
1874.92
1874.92
1842.65
1842.65
14.41
14.41
1814.11
1814.11
629.91
629.91
1876.16
1876.16
1512.88
1512.88
37.19
37.19
336.49
336.49
1848.19
1848.19
1846.52
1846.52
1651.51
1651.51
1836.91
1836.91
654.36
654.36
1860.22
1860.22
1868.11
1868.11
315.57
315.57
1854.38
1854.38
73.05
73.05
33.56
33.56
1690.61
1690.61
334.69
334.69
1865.49
1865.49
1796.98
1796.98
1847.12
1847.12
1853.17
1853.17
1588.88
1588.88
1868.22
1868.22
1838.09
1838.09
1887.09
1887.09
1862.77
1862.77
1534.69
1534.69
1845.76
1845.76
1864.98
1864.98
1877.43
1877.43
1862.13
1862.13
1719.37
1719.37
18.19
18.19
1875.35
1875.35
1833.46
1833.46
1818.61
1818.61
1847.81
1847.81
1830.10
1830.10
1876.01
1876.01
1719.91
1719.91
1866.95
1866.95
759.75
759.75
1007.67
1007.67
1850.78
1850.78
1868.45
1868.45
1839.37
1839.37
1346.30
1346.30
1859.38
1859.38
1893.56
1893.56
1458.79
1458.79
1838.18
1838.18
655.34
655.34
1840.18
1840.18
1840.40
1840.40
716.31
716.31
1823.02
1823.02
11.26
11.26
1835.62
1835.62
1805.40
1805.40
625.86
625.86
12.51
12.51
41.23
41.23
1505.54
1505.54
51.25
51.25
532.55
532.55
1811.13
1811.13
727.49
727.49
1863.13
1863.13
1852.86
1852.86
1849.60
1849.60
44.92
44.92
1151.17
1151.17
1991.15
1991.15
13.25
13.25
12.15
12.15
648.95
648.95
269.64
269.64
1883.76
1883.76
497.29
497.29
12.02
12.02
26.62
26.62
1086.93
1086.93
28.89
28.89
121.67
121.67
803.03
803.03
1238.38
1238.38
1854.42
1854.42
982.15
982.15
1822.95
1822.95
1826.12
1826.12
1844.01
1844.01
30.54
30.54
1519.78
1519.78
835.46
835.46
63.41
63.41
382.57
382.57
1570.02
1570.02
715.71
715.71
1857.83
1857.83
318.03
318.03
1086.60
1086.60
601.84
601.84
1694.49
1694.49
25.37
25.37
1841.58
1841.58
444.53
444.53
1861.03
1861.03
39.02
39.02
1859.74
1859.74
1863.78
1863.78
51.68
51.68
62.18
62.18
64.35
64.35
17.37
17.37
35.76
35.76
71.32
71.32
73.91
73.91
13.68
13.68
1831.28
1831.28
1857.46
1857.46
301.11
301.11
495.57
495.57
33.85
33.85
76.77
76.77
1841.11
1841.11
488.98
488.98
34.59
34.59
228.22
228.22
1503.15
1503.15
105.18
105.18
1573.99
1573.99
55.15
55.15
18.67
18.67
653.48
653.48
1848.57
1848.57
1262.30
1262.30
1470.17
1470.17
1815.26
1815.26
1565.95
1565.95
1746.84
1746.84
1817.74
1817.74
472.33
472.33
34.17
34.17
213.41
213.41
667.06
667.06
168.22
168.22
168.22
193.91
1780.61
1780.61
1910.00
1910.00
156.40
156.40
1301.54
1301.54
1877.02
1877.02
1924.95
1924.95
1858.14
1858.14
1687.75
1687.75
1836.82
1836.82
1814.80
1814.80
1747.63
1747.63
1813.98
1813.98
654.09
654.09
123.91
123.91
186.20
186.20
41.60
41.60
12.01
12.01
1832.18
1832.18
14.55
14.55
1815.35
1815.35
1900.64
1900.64
1875.29
1875.29
845.67
845.67
51.30
51.30
1675.66
1675.66
503.91
503.91
1286.05
1286.05
1874.74
1874.74
1846.90
1846.90
1857.37
1857.37
852.83
852.83
1814.31
1814.31
23.74
23.74
644.47
644.47
1626.83
1626.83
876.50
876.50
1857.81
1857.81
68.82
68.82
187.31
187.31
1875.51
1875.51
1895.33
1895.33
1876.27
1876.27
77.15
77.15
29.56
29.56
29.56
25.25
1142.13
1142.13
1197.66
1197.66
212.05
212.05
1875.99
1875.99
30.32
30.32
1713.55
1713.55
1878.31
1878.31
13.54
13.54
646.21
646.21
1885.96
1885.96
1812.84
1812.84
1882.45
1882.45
1812.65
1812.65
1841.46
1841.46
152.91
152.91
229.65
229.65
1883.08
1883.08
1878.96
1878.96
1860.37
1860.37
1831.95
1831.95
11.08
11.08
1851.60
1851.60
649.66
649.66
1849.87
1849.87
1809.81
1809.81
32.17
32.17
852.47
852.47
30.81
30.81
1848.37
1848.37
352.72
352.72
279.71
279.71
1756.43
1756.43
1860.32
1860.32
1840.85
1840.85
1854.48
1854.48
1874.63
1874.63
205.47
205.47
244.40
244.40
1867.20
1867.20
1864.11
1864.11
1769.24
1769.24
17.89
17.89
58.08
58.08
58.08
1848.83
52.29
52.29
1731.48
1731.48
1731.48
56.03
56.03
729.35
729.35
57.10
57.10
1849.09
1849.09
1810.06
1810.06
1633.33
1633.33
116.56
1865.71
1865.71
1865.71
1829.33
1829.33
1305.31
1305.31
1305.31
1305.31
1842.66
1842.66
1829.84
1829.84
1853.38
78.40
78.40
78.40
1855.87
1855.87
1859.74
1859.74
1863.46
1863.46
1867.05
1879.54
1879.54
1879.54
1891.75
1891.75
80.41
80.41
1862.06
1862.06
1830.21
1830.21
649.46
649.46
1849.44
1849.44
1852.23
1852.23
1845.29
1845.29
1842.36
1842.36
1510.24
1510.24
1853.99
1853.99
13.40
13.40
859.07
859.07
1861.67
1861.67
1844.02
1844.02
1841.90
1841.90
420.93
420.93
1836.16
1836.16
1861.33
1861.33
1862.41
1862.41
1757.89
1757.89
1649.91
1649.91
904.85
1863.10
1863.10
1863.10
1042.02
1042.02
12.65
12.65
14.12
14.12
1839.13
1839.13
1831.80
1831.80
1575.61
1575.61
10.00
10.00
1878.22
1878.22
1877.36
1877.36
579.25
579.25
832.25
1849.00
1849.00
1849.00
1853.22
1853.22
1865.90
1865.90
1854.50
1854.50
42.15
42.15
1914.27
1914.27
1694.08
1694.08
1578.53
1578.53
1868.41
1868.41
1355.70
1355.70
1596.06
1596.06
1856.15
436.26
436.26
436.26
1824.11
1824.11
1331.16
1331.16
1840.66
1840.66
1849.88
1849.88
800.83
800.83
1856.31
1856.31
285.64
285.64
107.58
107.58
1875.46
1875.46
651.01
651.01
1854.67
1854.67
653.90
653.90
11.54
11.54
1373.71
1373.71
59.97
1834.60
1834.60
1834.60
68.68
68.68
1030.17
1030.17
90.42
90.42
71.71
71.71
887.94
887.94
12.81
12.81
175.71
175.71
606.22
606.22
137.50
137.50
1125.00
1125.00
1883.97
1883.97
429.79
429.79
1854.24
1854.24
1863.75
1863.75
1845.07
1845.07
1558.44
1558.44
1719.10
1719.10
1859.76
1859.76
1856.96
1856.96
1843.08
1843.08
622.70
622.70
633.99
633.99
1770.96
1770.96
1875.96
1875.96
659.11
659.11
12.65
12.65
1682.09
1682.09
1601.45
1601.45
1647.38
1647.38
1840.18
1840.18
890.00
890.00
656.79
656.79
1188.81
1188.81
1846.17
1846.17
1707.45
1707.45
898.45
898.45
30.88
30.88
650.88
650.88
17.80
17.80
728.44
728.44
1197.09
1197.09
1853.57
