# 1Hz Kbps trace generated by import_real_world_traces.py
1701.33
4255.66
3610.81
1047.02
1047.02
516.26
516.26
3807.32
3807.32
2009.31
2009.31
3517.49
3517.49
3973.97
3973.97
3663.10
3663.10
2253.77
2253.77
126.08
126.08
76.02
76.02
2219.12
2219.12
1934.33
1934.33
3755.43
3755.43
104.82
104.82
3687.05
3687.05
4593.06
4593.06
2390.13
2390.13
3739.17
3739.17
1661.62
1661.62
2336.55
2336.55
122.07
122.07
217.12
217.12
589.68
589.68
2258.85
2258.85
380.81
380.81
35.19
35.19
69.29
69.29
2454.12
2454.12
3711.36
3711.36
652.63
652.63
4563.47
4563.47
1066.52
1066.52
3121.52
3121.52
3908.26
3908.26
720.19
720.19
33.13
33.13
1288.57
1288.57
706.63
706.63
42.55
42.55
3909.50
3909.50
1913.36
1913.36
627.18
627.18
3963.23
3963.23
1375.89
1375.89
4614.40
4614.40
107.44
107.44
792.01
792.01
3333.77
3333.77
570.07
570.07
3162.89
3162.89
1803.87
1803.87
2341.43
2341.43
3528.78
3528.78
3676.99
3676.99
832.17
832.17
4578.80
4578.80
4322.37
4322.37
2067.12
2067.12
3545.72
3545.72
4071.48
4071.48
2761.38
2761.38
3876.44
3876.44
185.70
185.70
2934.65
2934.65
2250.51
2250.51
1753.69
1753.69
2534.92
2534.92
401.16
401.16
1835.47
1835.47
2369.13
2369.13
3366.07
3366.07
3871.81
3871.81
3862.79
3862.79
3596.52
3596.52
290.66
290.66
4104.68
4104.68
4035.18
4035.18
1896.85
1896.85
3038.06
3038.06
3650.28
3650.28
3834.11
3834.11
501.32
501.32
10.00
10.00
226.86
226.86
226.86
10.00
457.89
457.89
414.93
414.93
192.84
192.84
192.84
346.12
346.12
2065.82
2065.82
2065.82
1418.22
1418.22
1815.12
1815.12
2060.43
2060.43
1796.94
1796.94
2065.71
2065.71
3325.31
3325.31
4575.38
4575.38
3994.87
3994.87
968.30
968.30
3853.12
3853.12
3527.57
3527.57
4052.29
4052.29
4786.39
4786.39
528.65
528.65
2295.38
2295.38
4304.24
4304.24
2268.65
2268.65
1010.03
1010.03
2861.85
2861.85
1291.76
1291.76
3372.85
3372.85
2296.12
2296.12
4274.65
4274.65
3619.66
3619.66
2973.04
2973.04
4453.48
4453.48
2994.87
2994.87
130.69
130.69
118.21
118.21
293.61
293.61
486.38
486.38
227.51
227.51
152.02
152.02
217.21
217.21
436.88
436.88
2694.16
2694.16
809.63
809.63
3369.03
3369.03
4010.89
4010.89
197.01
197.01
154.23
154.23
3674.17
3674.17
2069.66
2069.66
4028.46
4028.46
404.18
404.18
155.11
155.11
10.00
10.00
782.60
782.60
121.38
121.38
4231.95
4231.95
4693.51
4693.51
3772.07
3772.07
3756.72
3756.72
3439.49
3439.49
3820.73
3820.73
4173.75
4173.75
4651.62
4651.62
3906.78
3906.78
4190.65
4190.65
4450.91
4450.91
3990.47
3990.47
3636.49
3636.49
3611.04
3611.04
3388.74
3388.74
3679.53
3679.53
3626.38
3626.38
3626.38
3626.38
4618.71
4618.71
3646.30
3646.30
3117.37
3117.37
4071.30
4071.30
3861.41
3861.41
4222.14
4222.14
3776.38
3776.38
4113.67
4113.67
4123.10
4123.10
4176.16
4176.16
3480.79
3480.79
3780.14
3780.14
3917.68
3917.68
4255.61
4255.61
3760.54
3760.54
4203.83
4203.83
4075.59
4075.59
3655.04
3655.04
4727.32
4727.32
4209.66
4209.66
3268.84
3268.84
2308.38
2308.38
3463.39
3463.39
4066.13
4066.13
4014.42
4014.42
4031.47
4031.47
3654.36
3654.36
3917.64
3917.64
5643.43
5643.43
4078.10
4078.10
4099.92
4099.92
2296.98
2296.98
3768.17
3768.17
4569.99
4569.99
4609.31
4609.31
355.32
355.32
4060.36
4060.36
3709.34
3709.34
3716.23
3716.23
3810.81
3810.81
4384.20
4384.20
4217.51
4217.51
4014.20
4014.20
3536.55
3536.55
3828.25
3828.25
4677.59
4677.59
3920.81
3920.81
3457.54
3457.54
3860.81
3860.81
3837.61
3837.61
3837.61
3837.61
3837.61
3837.61
4716.10
4716.10
3174.01
3174.01
4257.15
4257.15
3426.84
3426.84
3934.65
3934.65
3807.30
3807.30
728.07
728.07
3894.92
3894.92
3843.13
3843.13
2306.79
2306.79
3372.59
3372.59
3814.23
3814.23
2171.12
2171.12
2386.30
2386.30
1905.38
1905.38
4181.01
4181.01
4167.57
4167.57
2281.45
2281.45
2610.09
2610.09
3335.64
3335.64
58.61
58.61
4280.75
4280.75
2294.88
2294.88
3799.32
3799.32
4113.80
4113.80
4078.07
4078.07
3081.06
3081.06
2190.65
2190.65
3987.39
3987.39
2293.89
2293.89
4163.67
4163.67
149.19
149.19
248.70
248.70
3786.02
3786.02
2259.64
2259.64
256.91
256.91
4102.10
4102.10
1254.35
1254.35
4337.95
4337.95
3396.88
3396.88
3877.58
3877.58
2260.26
2260.26
1369.68
1369.68
693.74
693.74
3092.26
3092.26
226.64
226.64
1547.31
1547.31
3414.29
3414.29
210.05
210.05
945.95
945.95
344.02
344.02
309.97
309.97
326.26
326.26
112.15
112.15
1643.74
1643.74
3640.99
3640.99
4449.37
4449.37
3298.68
3298.68
4136.19
4136.19
207.95
207.95
3931.98
3931.98
3435.70
3435.70
3848.73
3848.73
615.17
615.17
4350.72
4350.72
1119.40
1119.40
1300.92
1300.92
1679.70
1679.70
3984.29
3984.29
431.31
431.31
3266.47
3266.47
3266.47
195.47
3836.10
3836.10
845.60
845.60
4399.62
4399.62
2270.15
2270.15
150.43
150.43
860.88
860.88
1826.34
1826.34
121.70
121.70
412.21
412.21
412.21
245.91
245.91
1904.30
1904.30
1558.75
1558.75
1840.75
1802.32
1802.32
307.95
307.95
119.44
119.44
119.44
119.44
401.62
401.62
401.62
1933.27
1933.27
1743.24
1589.18
1589.18
1666.98
1666.98
1798.79
1798.79
4256.05
4256.05
4330.31
4330.31
4330.31
4330.31
3435.98
3435.98
3664.21
3664.21
3338.06
3338.06
4072.52
4072.52
3840.22
3840.22
2080.81
2080.81
3807.36
3807.36
3807.36
3900.84
4353.52
4353.52
4353.52
376.68
376.68
4031.72
4031.72
1741.37
1741.37
1467.06
1467.06
4005.29
4005.29
4695.14
4695.14
2106.95
2106.95
4489.64
107.06
107.06
107.06
3573.05
3573.05
3991.47
3991.47
2257.02
2257.02
1976.95
1976.95
3537.51
3537.51
1471.93
1471.93
126.27
126.27
4389.61
4389.61
4056.85
4056.85
156.88
156.88
3963.39
3963.39
3111.32
3111.32
3858.83
3858.83
3633.36
3633.36
4075.19
4075.19
3033.38
3033.38
2255.08
2255.08
120.95
120.95
112.38
112.38
3861.08
3861.08
4065.93
4065.93
4042.63
4042.63
4215.56
4215.56
3851.77
3851.77
2839.00
2839.00
3822.65
3822.65
3159.71
3159.71
4460.12
4460.12
2363.30
2363.30
3647.62
3647.62
446.14
446.14
4807.93
4807.93
3893.64
3893.64
3701.61
3701.61
2050.68
2050.68
159.67
159.67
466.82
466.82
777.39
777.39
4320.14
4320.14
1429.27
1429.27
650.70
650.70
108.18
108.18
360.80
360.80
785.46
785.46
118.41
118.41
396.40
396.40
3547.64
3547.64
835.35
835.35
253.83
253.83
1463.82
1463.82
193.98
193.98
130.66
130.66
4135.98
4135.98
495.15
495.15
2415.24
2415.24
4408.02
4408.02
3301.95
3301.95
153.08
153.08
4052.51
4052.51
4018.94
4018.94
4493.33
4493.33
203.42
203.42
4537.76
4537.76
3750.72
3750.72
1148.11
1148.11
64.26
64.26
97.05
97.05
825.16
825.16
3870.37
3870.37
2292.06
2292.06
2254.10
2254.10
2244.81
2244.81
3633.03
3633.03
10.00
10.00
10.00
10.00
189.78
189.78
101.17
101.17
4774.16
4774.16
4347.92
4347.92
4332.17
4332.17
360.64
360.64
2295.86
2295.86
222.15
222.15
3873.97
3873.97
3806.87
3806.87
64.10
64.10
979.17
979.17
274.78
274.78
229.30
229.30
275.55
275.55
1632.12
1632.12
3116.52
3116.52
3463.02
3463.02
3788.75
3788.75
879.27
879.27
3944.31
3944.31
3728.12
3728.12
4430.07
4430.07
4827.67
4827.67
4048.00
4048.00
4435.66
4435.66
500.99
500.99
455.91
455.91
114.48
114.48
180.48
180.48
2081.91
2081.91
1594.32
1594.32
2297.40
2297.40
290.96
290.96
1745.72
1745.72
1156.59
1156.59
4004.86
4004.86
4399.54
4399.54
3710.22
3710.22
3525.01
3525.01
10.00
10.00
321.78
321.78
431.30
431.30
2243.67
2243.67
3893.63
3893.63
3773.31
3773.31
844.96
844.96
485.68
485.68
184.86
184.86
240.23
240.23
3219.86
3219.86
1445.03
1445.03
1865.77
1865.77
1261.46
1261.46
1917.79
1917.79
782.79
782.79
3080.65
3080.65
3629.24
3629.24
4192.44
4192.44
1074.53
1074.53
3706.13
3706.13
2299.34
2299.34
3449.99
3449.99
3237.21
3237.21
3611.39
3611.39
4242.63
4242.63
3793.95
3793.95
1574.65
1574.65
2255.99
2255.99
740.09
740.09
2154.39
2154.39
606.25
606.25
1323.63
1323.63
4386.63
4386.63
2887.97
2887.97
88.58
88.58
3283.05
3283.05
3689.21
3689.21
2241.55
2241.55
4347.47
4347.47
2259.35
2259.35
56.67
56.67
179.15
179.15
2070.74
2070.74
406.69
406.69
111.22
111.22
2758.24
2758.24
1753.65
1753.65
3361.13
3361.13
1782.96
1782.96
2067.01
2067.01
1472.17
1472.17
1667.96
1667.96
946.85
946.85
2177.35
2177.35
2642.69
2642.69
2338.60
2338.60
166.82
166.82
1599.76
1599.76
135.71
135.71
2293.23
2293.23
3825.73
3825.73
1674.91
1674.91
581.98
581.98
2294.09
2294.09
2456.06
2456.06
3936.21
3936.21
3917.68
3917.68
4842.45
4842.45
224.30
224.30
2227.60
2227.60
1406.43
1406.43
3684.28
3684.28
465.16
465.16
469.12
469.12
1997.49
1997.49
2259.41
2259.41
722.73
722.73
3178.72
3178.72
4395.88
4395.88
3706.75
3706.75
3464.50
3464.50
4470.81
4470.81
3577.15
3577.15
4130.73
4130.73
4326.68
4326.68
4192.97
4192.97
3971.15
3971.15
4425.90
4425.90
3684.89
3684.89
3907.74
3907.74
3716.17
3716.17
4026.87
4026.87
3708.58
3708.58
3289.36
3289.36
3456.77
3456.77
3802.67
3802.67
4070.73
4070.73
4287.29
4287.29
814.25
814.25
3874.90
3874.90
3978.47
3978.47
4404.67
4404.67
3423.59
3423.59
3101.87
3101.87
4677.18
4677.18
4195.49
4195.49
4195.49
4195.49
3756.64
3756.64
333.61
333.61
4315.47
4315.47
3985.41
3985.41
3684.73
3684.73
4573.27
4573.27
3868.22
3868.22
3409.24
3409.24
4269.01
4269.01
3154.75
3154.75
4555.69
4555.69
3622.09
3622.09
4393.68
4393.68
3795.69
3795.69
3776.90
3776.90
3216.28
3216.28
4178.90
4178.90
3740.34
3740.34
3649.24
3649.24
3782.25
3782.25
3208.53
3208.53
4077.72
4077.72
3927.77
3927.77
4308.25
4308.25
4004.15
4004.15
4159.15
4159.15
3891.33
3891.33
4163.37
4163.37
3298.28
3298.28
4069.05
4069.05
3943.69
3943.69
3943.69
3943.69
3919.94
3919.94
3581.53
3581.53
4164.90
4164.90
4478.03
4478.03
2540.77
2540.77
847.74
847.74
3745.82
3745.82
942.11
942.11
2256.44
2256.44
4328.10
4328.10
46.92
46.92
46.44
46.44
2537.67
2537.67
3431.85
3431.85
3903.29
3903.29
3660.56
3660.56
3335.70
3335.70
1597.13
1597.13
2919.10
2919.10
1700.62
1700.62
2289.45
2289.45
2342.67
2342.67
4487.94
4487.94
3880.75
3880.75
3353.74
3353.74
4254.08
4254.08
4323.79
4323.79
2942.60
2942.60
3620.44
3620.44
3438.95
3438.95
3657.89
3657.89
3657.89
3657.89
3112.93
3112.93
1904.50
1904.50
2906.80
2906.80
3938.20
3938.20
3521.37
3521.37
3732.67
3732.67
4642.33
4642.33
2292.45
2292.45
2399.38
2399.38
2628.87
2628.87
172.21
172.21
2395.62
2395.62
2251.41
2251.41
3990.69
3990.69
4511.65
4511.65
1011.83
1011.83
85.78
85.78
3396.48
3396.48
3109.55
3109.55
1189.30
1189.30
2360.16
2360.16
1626.51
1626.51
1402.78
1402.78
55.64
55.64
57.11
57.11
1488.80
1488.80
3704.85
3704.85
4409.57
4409.57
3201.63
3201.63
3754.20
3754.20
441.68
441.68
863.30
863.30
3667.06
3667.06
1617.75
1617.75
3768.44
3768.44
3370.18
3370.18
1982.14
1982.14
2894.36
2894.36
4617.23
4617.23
4354.69
4354.69
3404.80
3404.80
4008.57
4008.57
4043.77
4043.77
3397.13
3397.13
2705.94
2705.94
4459.93
4459.93
2296.17
2296.17
4361.39
4361.39
3878.21
3878.21
3648.35
3648.35
608.63
608.63
3626.37
3626.37
3512.35
3512.35
2246.34
2246.34
3384.70
3384.70
2239.33
2239.33
1053.83
1053.83
2756.98
2756.98
476.44
476.44
285.77
285.77
334.84
334.84
2686.06
2686.06
1542.09
1542.09
377.11
377.11
175.65
175.65
124.62
124.62
837.01
837.01
3372.92
3372.92
2999.00
