# 1Hz Kbps trace generated by import_real_world_traces.py
1338.78
1830.79
1940.34
2363.37
2189.68
1924.81
1924.81
1955.91
1955.91
2283.83
2283.83
2283.83
2283.83
2283.83
2283.83
2283.83
259.29
311.04
2111.12
2139.48
2139.48
2398.75
2398.75
2391.43
2391.43
2726.75
2726.75
2770.17
2770.17
2277.47
2277.47
2577.06
2577.06
2023.44
2023.44
1482.02
1482.02
1482.02
1482.02
1482.02
1482.02
1482.02
1482.02
295.77
502.52
1132.87
1538.44
1573.12
1573.12
939.52
939.52
2260.94
2260.94
2260.94
73.92
73.92
695.47
554.26
554.26
1758.55
1758.55
2365.08
2365.08
1101.46
1101.46
1847.17
1847.17
923.09
923.09
1714.78
1714.78
2358.73
2358.73
2316.80
2316.80
1768.01
1768.01
1768.01
1768.01
1768.01
1768.01
2276.45
2276.45
1998.23
1998.23
1811.54
1811.54
2884.24
2884.24
1851.03
1851.03
1851.03
1851.03
1820.96
1820.96
2171.08
2171.08
1934.18
1934.18
1965.44
1965.44
2163.35
2163.35
1996.21
1996.21
2828.55
2828.55
2963.40
2963.40
2226.94
2226.94
2278.54
2278.54
1777.73
1777.73
1273.09
1273.09
2385.48
2385.48
2238.20
2238.20
2284.96
2284.96
2284.96
2945.93
1661.82
1661.82
2487.38
2487.38
3070.92
3070.92
2347.33
2347.33
2387.60
2387.60
2346.49
2346.49
2359.94
2359.94
2098.50
2098.50
2597.47
2597.47
3344.16
3344.16
2035.48
2035.48
1182.63
1182.63
2587.81
2587.81
2296.98
2296.98
2540.15
2540.15
1852.97
1852.97
3898.18
3898.18
2761.66
2761.66
2745.99
2745.99
2440.85
2440.85
3838.58
3838.58
3036.90
3036.90
3125.12
3125.12
3315.66
3315.66
2498.30
2498.30
2747.04
2747.04
2898.36
2898.36
3343.64
3343.64
3181.15
3181.15
3455.33
3455.33
3886.15
3886.15
3700.17
3700.17
506.24
506.24
3341.07
3341.07
3522.89
3522.89
2956.92
2956.92
2956.92
166.80
1043.44
1043.44
2188.84
2188.84
2013.98
2013.98
2721.83
2721.83
2975.76
2975.76
2172.48
2172.48
2744.69
2744.69
2744.69
2744.69
2639.56
2639.56
3099.73
3099.73
3099.50
3099.50
3513.08
3513.08
2644.59
2644.59
746.82
746.82
1168.85
1168.85
4263.42
4263.42
3075.33
3075.33
611.15
611.15
3071.52
3071.52
3135.59
3135.59
2911.88
2911.88
3726.53
3726.53
4264.61
4264.61
2999.92
2999.92
2998.87
2998.87
141.92
141.92
3001.30
3001.30
3387.59
3387.59
2913.71
2913.71
3546.91
3546.91
3806.35
3806.35
3275.27
3275.27
4021.44
4021.44
3865.64
3865.64
3464.76
3464.76
4869.86
4869.86
3821.07
3821.07
3246.27
3246.27
3272.76
3272.76
3523.16
3523.16
2389.61
2389.61
3171.75
3171.75
2893.82
2893.82
3567.03
3567.03
2840.33
2840.33
2840.33
2840.33
924.18
924.18
2844.38
2844.38
2254.03
2254.03
3426.10
3426.10
2579.10
2579.10
4104.13
4104.13
3425.61
3425.61
2596.90
2596.90
3583.65
3583.65
3833.15
3833.15
164.21
164.21
2998.87
2998.87
3071.18
3071.18
3352.52
3352.52
1429.92
1429.92
3005.21
3005.21
3110.77
3110.77
3177.88
3177.88
2697.22
2697.22
4247.04
4247.04
3279.59
3279.59
3635.90
3635.90
4165.44
4165.44
4012.24
4012.24
3414.02
3414.02
3919.04
3919.04
3241.44
3241.44
2622.07
2622.07
3410.73
3410.73
3166.61
3166.61
2717.48
2717.48
2891.11
2891.11
3071.83
3071.83
3383.52
3383.52
3195.71
3195.71
2592.16
2592.16
2554.44
2554.44
3107.70
3107.70
3370.25
3370.25
3360.98
3360.98
2931.32
2931.32
3487.06
3487.06
3678.67
3678.67
3928.75
3928.75
3630.43
3630.43
2993.28
2993.28
147.09
147.09
3529.43
3529.43
1212.35
1212.35
3433.76
3433.76
2957.68
2957.68
2875.02
2875.02
3046.29
3046.29
3705.89
3705.89
3786.72
3786.72
2192.05
2192.05
2612.31
2612.31
3341.34
3341.34
2142.74
2142.74
531.12
531.12
1806.18
1806.18
3094.09
3094.09
2248.15
2248.15
2556.26
2556.26
2354.98
2354.98
1323.00
1323.00
3015.11
3015.11
2869.90
2869.90
2801.74
2801.74
2670.22
2670.22
3560.02
3560.02
2066.45
2066.45
3193.50
3193.50
3237.91
3237.91
2639.17
2639.17
2228.50
2228.50
2412.99
2412.99
2412.99
1583.58
1583.58
1583.58
2076.46
3155.76
3154.58
3154.58
2511.81
2511.81
115.43
115.43
2787.20
2787.20
2608.10
2608.10
3384.96
3384.96
3486.37
3486.37
658.03
658.03
2637.52
2637.52
2637.52
3112.61
3297.77
3297.77
3297.77
2069.03
2937.07
2937.07
2937.07
2937.07
2937.07
2723.78
1225.01
1225.01
1298.03
1298.03
1686.85
1686.85
1996.05
1996.05
2411.61
2411.61
2636.43
2636.43
2299.19
2299.19
2299.19
1957.45
1473.87
1473.87
3294.11
3294.11
1721.83
1721.83
2617.17
2617.17
2632.18
2632.18
39.69
39.69
1607.08
1607.08
2596.57
2596.57
2175.32
2175.32
3195.96
3195.96
3003.12
3003.12
3176.58
3176.58
3041.80
3041.80
2639.32
2639.32
2439.97
2439.97
2454.33
2454.33
1278.04
1278.04
2324.24
2324.24
1826.13
1826.13
3305.84
3305.84
832.96
832.96
2059.52
2059.52
1915.43
1915.43
3375.60
3375.60
1929.91
1929.91
3102.84
3102.84
3286.93
3286.93
2885.12
2885.12
2067.08
2067.08
2803.23
2803.23
3098.03
3098.03
2107.08
2107.08
2107.08
2235.87
2416.36
2416.36
2416.36
2416.36
1982.11
1982.11
685.48
685.48
2149.48
2149.48
2057.55
2057.55
2101.89
2101.89
2574.06
2574.06
2314.21
2314.21
2190.02
2190.02
2351.80
2351.80
2661.17
2661.17
2825.43
2825.43
2352.90
2352.90
2517.22
2517.22
2517.22
2740.35
2357.98
2357.98
2851.94
2851.94
1178.37
1178.37
2399.79
2399.79
3079.18
3079.18
2735.28
2735.28
2031.78
2031.78
2693.80
2693.80
2693.80
2693.80
2827.69
2827.69
2656.97
2656.97
2197.89
2197.89
2524.08
2524.08
3143.30
3143.30
1201.30
1201.30
1201.30
1201.30
2062.36
2062.36
684.36
684.36
1596.89
1596.89
2061.46
2061.46
1659.02
1659.02
1935.23
1935.23
1946.67
1946.67
2233.89
2233.89
2964.71
2964.71
2156.49
2156.49
2522.50
2522.50
2756.05
2756.05
3100.89
3100.89
2919.18
2919.18
2927.61
2927.61
2257.51
2257.51
2313.82
2313.82
2791.62
2791.62
2564.76
2564.76
2667.99
2667.99
1646.62
1646.62
1607.99
1607.99
2409.45
2409.45
1497.79
1497.79
96.70
96.70
3028.19
3028.19
1845.72
1845.72
2126.60
2126.60
1708.85
1708.85
2627.24
2627.24
2627.24
2626.54
2626.54
2172.28
2172.28
2402.61
2402.61
1696.06
1696.06
2065.73
2065.73
2274.49
2274.49
2274.49
2274.49
1467.35
1467.35
1597.25
1597.25
1766.18
1766.18
1692.60
1692.60
3007.33
3007.33
1026.56
1026.56
2261.64
2261.64
2116.92
2116.92
2750.99
2750.99
2975.90
2975.90
2210.19
2210.19
1799.40
1799.40
1692.01
1692.01
2087.48
2087.48
2363.74
2363.74
2363.74
2363.74
2063.43
2063.43
2150.50
2150.50
2207.17
2207.17
2895.51
2895.51
2569.12
2569.12
1725.58
1725.58
1615.57
1615.57
2914.04
2914.04
2073.77
2073.77
1999.83
1999.83
2293.57
2293.57
2263.37
2263.37
2928.13
2928.13
2696.58
2696.58
2915.29
2915.29
1508.86
1508.86
3098.56
3098.56
2656.28
2656.28
2777.33
2777.33
1650.13
1650.13
2224.50
2224.50
2922.79
2922.79
2261.37
2261.37
2062.80
2062.80
2659.87
2659.87
2150.69
2150.69
1966.42
1966.42
2712.39
2712.39
3115.50
3115.50
1747.60
1747.60
2720.56
2720.56
2748.11
2748.11
3360.61
3360.61
3149.48
3149.48
1946.55
1946.55
2420.30
2420.30
3476.95
3476.95
3419.91
3419.91
1973.53
1973.53
2644.46
2644.46
3409.73
3409.73
3371.06
3371.06
2542.43
2542.43
2837.18
2837.18
2502.10
2502.10
2107.48
2107.48
1987.85
1987.85
2063.13
2063.13
3372.26
3372.26
1541.84
1541.84
2380.10
2380.10
2682.44
2682.44
2744.22
2744.22
645.40
645.40
1549.26
1549.26
3173.54
3173.54
2363.01
2363.01
2333.98
2333.98
1928.31
1928.31
1964.59
1964.59
2053.64
2053.64
1414.83
1414.83
3359.76
3359.76
2961.32
2961.32
2961.32
2961.32
2681.07
2681.07
1849.67
1849.67
2536.65
2536.65
2703.25
2703.25
2358.58
2358.58
2033.43
2033.43
2411.66
2411.66
2235.98
2235.98
2123.36
2123.36
2871.77
2871.77
2609.36
2609.36
3089.39
3089.39
2786.27
2786.27
2327.25
2327.25
2330.85
2330.85
2914.96
2914.96
2914.96
2914.96
3208.11
3208.11
1223.25
1223.25
2650.17
2650.17
2584.97
2584.97
3231.18
3231.18
3001.81
3001.81
1007.31
1007.31
1954.84
1954.84
2281.98
2281.98
2411.95
2411.95
2503.73
2503.73
2395.67
2395.67
2698.18
2698.18
2699.27
2699.27
3655.43
3655.43
2838.22
2838.22
863.77
863.77
2381.42
2381.42
2607.81
2607.81
2433.10
2433.10
3283.76
3283.76
2651.75
2651.75
1260.82
1260.82
2379.69
2379.69
2863.79
2863.79
2306.99
2306.99
2430.97
2430.97
1850.02
1850.02
2699.06
2699.06
2555.75
2555.75
3117.33
3117.33
2897.15
2897.15
2857.00
2857.00
1956.95
1956.95
2906.68
2906.68
2477.70
2477.70
3256.07
3256.07
1735.63
1735.63
1871.89
1871.89
2282.19
2282.19
2448.71
2448.71
2749.87
2749.87
2606.03
2606.03
561.35
561.35
2540.18
2540.18
3467.29
3467.29
3566.77
3566.77
2048.45
2048.45
2539.48
2539.48
2575.97
2575.97
2837.24
2837.24
1715.64
1715.64
2978.18
2978.18
2161.85
2161.85
2903.61
2903.61
2510.89
2510.89
2821.40
2821.40
2335.44
2335.44
2516.98
2516.98
2036.39
2036.39
2517.77
2517.77
2160.08
2160.08
2885.60
2885.60
2838.16
2838.16
1945.92
1945.92
2653.12
2653.12
2359.39
2359.39
2665.82
2665.82
2480.24
2480.24
2648.08
2648.08
1982.27
1982.27
3008.18
3008.18
3671.52
3671.52
1717.87
1717.87
3083.79
3083.79
3091.06
3091.06
3092.60
3092.60
2705.09
2705.09
3137.57
3137.57
2962.71
2962.71
2654.30
2654.30
2587.37
2587.37
2214.07
2214.07
1621.29
1621.29
2686.38
2686.38
2232.28
2232.28
2501.37
2501.37
2346.81
2346.81
2679.39
2679.39
2159.83
2159.83
2817.08
2817.08
3248.76
3248.76
2164.49
2164.49
2434.98
2434.98
3148.04
3148.04
2165.39
2165.39
2561.30
2561.30
2453.87
2453.87
2150.20
2150.20
2063.74
2063.74
2063.74
2063.74
1736.34
1736.34
1991.13
1991.13
1642.90
1642.90
2905.76
2905.76
142.59
142.59
2592.76
2592.76
2427.97
2427.97
2159.56
2159.56
1700.32
1700.32
2503.73
2503.73
2812.26
2812.26
2590.40
2590.40
1875.04
1875.04
2136.41
2136.41
2743.78
2743.78
2121.28
2121.28
2263.93
2263.93
2392.83
2392.83
1890.23
1890.23
1917.12
1917.12
2015.68
2015.68
2511.05
2511.05
3027.37
3027.37
1558.16
1558.16
1898.50
1898.50
2553.29
2553.29
1923.11
1923.11
2631.41
2631.41
2519.19
2519.19
2511.03
2511.03
2716.67
2716.67
1900.76
1900.76
1677.37
1677.37
2409.75
2409.75
2326.56
2326.56
2639.05
2639.05
2547.17
2547.17
2474.73
2474.73
2802.44
2802.44
3394.77
3394.77
154.15
154.15
2397.26
2397.26
2223.52
2223.52
2772.35
2772.35
2384.89
2384.89
3047.34
3047.34
2584.89
2584.89
1979.47
1979.47
2397.92
2397.92
1858.72
1858.72
3328.90
3328.90
2455.51
2455.51
2199.19
2199.19
2414.35
2414.35
2747.03
2747.03
2692.05
2692.05
2197.09
2197.09
3095.57
3095.57
3073.58
3073.58
2134.95
2134.95
2607.16
2607.16
2570.93
2570.93
2102.22
2102.22
2477.37
2477.37
83.92
83.92
1363.02
1363.02
2559.02
2559.02
3048.25
3048.25
3048.25
3048.25
2843.59
2843.59
2520.73
2520.73
2271.98
2271.98
2110.29
2110.29
3325.85
3325.85
2308.58
2308.58
2398.01
2398.01
2487.89
2487.89
1994.67
1994.67
2206.00
2206.00
2336.62
2336.62
2769.62
2769.62
1286.42
1286.42
1360.54
1360.54
1615.23
1615.23
2410.73
2410.73
2299.25
2299.25
950.00
950.00
2246.61
2246.61
2284.91
2284.91
3069.10
3069.10
1208.78
1208.78
1208.78
1208.78
2018.45
2018.45
1978.12
1978.12
2261.65
2261.65
159.30
159.30
2483.63
2483.63
2022.12
2022.12
2693.24
2693.24
1900.92
1900.92
2724.76
2724.76
3169.57
3169.57
2409.95
2409.95
2533.44
2533.44
2765.39
2765.39
1277.64
1277.64
2613.89
2613.89
3305.88
3305.88
2832.96
2832.96
2748.30
2748.30
1887.04
1887.04
2912.68
2912.68
2247.29
2247.29
2274.98
2274.98
2271.84
2271.84
2594.20
2594.20
2637.32
2637.32
2793.74
2793.74
869.96
869.96
2885.85
2885.85
2112.78
2112.78
2853.29
2853.29
2804.25
2804.25
1584.34
1584.34
2378.55
2378.55
2310.70
2310.70
2512.17
2512.17
2907.19
2907.19
2163.67
2163.67
2449.89
2449.89
2600.06
2600.06
3419.26
3419.26
2803.80
2803.80
2044.58
2044.58
2545.82
2545.82
1508.85
1508.85
2915.46
2915.46
3502.59
3502.59
1407.81
1407.81
248.65
248.65
3019.66
3019.66
3023.93
3023.93
3147.64
3147.64
2827.09
2827.09
1109.67
1109.67
2138.37
2138.37
2786.51
2786.51
2508.06
2508.06
2095.98
2095.98
1987.60
1987.60
2714.51
2714.51
2960.16
2960.16
2518.55
2518.55
2617.64
2617.64
2362.49
2362.49
2118.68
2118.68
2998.23
2998.23
2406.02
2406.02
2866.84
2866.84
2314.74
2314.74
2475.07
2475.07
1890.24
1890.24
1670.91
1670.91
2015.12
2015.12
1117.11
1117.11
160.93
160.93
1329.90
1329.90
1329.90
241.80
716.60
716.60
974.24
974.24
899.03
899.03
899.03
215.51
215.51
215.51
215.51
215.51
254.65
966.16
1988.83
1988.83
1137.79
1137.79
2128.55
2128.55
2412.27
2412.27
130.52
130.52
1730.80
1730.80
2739.31
2739.31
2473.00
2473.00
2555.04
2555.04
1477.11
1477.11
2245.84
2245.84
2260.61
2260.61
2221.38
2221.38
2670.59
2670.59
3354.53
3354.53
2590.66
2590.66
2876.03
2876.03
914.85
914.85
1771.52
1771.52
2908.65
2908.65
1006.35
1006.35
2503.05
2503.05
2136.26
2136.26
2270.74
2270.74
2025.59
2025.59
1984.27
1984.27
2079.51
2079.51
2233.25
2233.25
2664.59
2664.59
3146.49
3146.49
2866.77
2866.77
2250.20
2250.20
2808.21
2808.21
1129.04
1129.04
2889.00
2889.00
922.39
922.39
2698.45
2698.45
3258.67
3258.67
2717.01
2717.01
2289.62
2289.62
3006.88
3006.88
1556.07
1556.07
2707.11
2707.11
2677.04
2677.04
3678.92
3678.92
2811.12
2811.12
2698.87
2698.87
2953.60
2953.60
3407.18
3407.18
3207.35
3207.35
1212.07
1212.07
1934.49
1934.49
3034.80
3034.80
3065.42
3065.42
3065.42
3065.42
3160.85
3160.85
2786.04
2786.04
2350.49
2350.49
2773.55
2773.55
2805.15
2805.15
2553.01
2553.01
1949.66
1949.66
2825.33
2825.33
2880.73
2880.73
1546.40
1546.40
288.38
288.38
2077.58
2077.58
2749.38
2749.38
2803.18
2803.18
2626.06
2626.06
3513.63
3513.63
1448.20
1448.20
2246.12
2246.12
2784.82
2784.82
3224.51
3224.51
3603.88
3603.88
155.46
155.46
2391.24
2391.24
3265.20
3265.20
2811.70
2811.70
1724.43
1724.43
702.48
702.48
2229.34
2229.34
2793.35
2793.35
2793.35
2793.35
2675.12
2675.12
3282.54
3282.54
3142.76
3142.76
2341.47
2341.47
2825.96
2825.96
2080.13
2080.13
2080.13
2080.13
2080.13
2080.13
1626.00
1626.00
1626.00
1626.00
1821.01
1821.01
2126.46
2126.46
2921.69
2921.69
2921.69
2921.69
3002.01
3002.01
2031.08
2031.08
3387.17
3387.17
3173.92
3173.92
2297.93
2297.93
3184.32
3184.32
2627.61
2627.61
3007.06
3007.06
3079.91
3079.91
3464.94
3464.94
3231.38
3231.38
1936.36
1936.36
2797.32
2797.32
2797.32
3578.91
3035.82
3035.82
1369.90
1369.90
3161.17
3161.17
2977.91
2977.91
3140.67
3140.67
3545.10
3545.10
3545.10
1969.11
1969.11
3635.84
3635.84
3681.85
3681.85
3299.97
3299.97
2595.86
2595.86
1335.11
1335.11
1335.11
1335.11
2997.42
2997.42
3181.70
3181.70
3181.70
3181.70
3181.70
3181.70
3037.25
3037.25
4274.01
4274.01
2881.59
2881.59
2776.68
2776.68
2876.15
2876.15
4856.31
4856.31
160.61
160.61
5629.95
5629.95
4439.33
4439.33
3536.37
3536.37
2113.75
2113.75
1912.60
1912.60
2220.72
2220.72
152.27
152.27
369.12
369.12
1721.15
1721.15
2718.09
2718.09
3616.48
3616.48
3830.43
3830.43
3239.98
3239.98
2668.19
2668.19
2668.19
2668.19
3076.63
3076.63
2447.56
2447.56
3073.48
3073.48
2117.95
2117.95
4410.66
4410.66
2724.21
2724.21
2037.10
2037.10
2037.10
2037.10
1344.43
1344.43
2218.63
2218.63
1610.06
1610.06
1661.18
1661.18
2831.75
2831.75
2811.65
2811.65
1521.09
1521.09
27.98
27.98
1591.40
1591.40
1996.76
1996.76
2340.88
2340.88
1806.73
1806.73
2250.03
2250.03
2154.48
2154.48
2261.25
2261.25
1579.26
1579.26
1569.46
1569.46
1815.35
1815.35
2173.99
2173.99
1480.22
1480.22
1480.22
1480.22
1325.85
1377.48
1377.48
1435.37
1784.62
1784.62
2427.26
2427.26
2754.22
2754.22
157.50
157.50
1760.97
1760.97
3012.83
3012.83
1215.25
1215.25
2516.64
2516.64
3018.97
3018.97
3359.60
3359.60
2865.37
2865.37
3706.39
3706.39
2792.12
2792.12
2881.83
2881.83
3064.91
3064.91
2580.00
2580.00
3877.96
3877.96
3674.38
3674.38
4051.48
4051.48
3716.40
3716.40
2534.14
2534.14
2856.52
2856.52
3173.03
3173.03
1477.94
1477.94
2687.15
2687.15
1430.74
1430.74
3831.72
3831.72
3571.55
3571.55
2070.70
2070.70
2266.32
2266.32
2497.83
2497.83
1507.77
1507.77
1260.51
1260.51
1792.87
1792.87
3127.28
3127.28
2281.70
2281.70
2819.31
2819.31
2867.88
2867.88
3089.11
3089.11
3080.10
3080.10
2410.55
2410.55
3349.86
3349.86
3177.15
3177.15
2276.49
2276.49
298.61
298.61
251.97
251.97
1579.70
1579.70
838.99
838.99
3512.52
3512.52
3397.94
3397.94
1876.69
1876.69
1991.55
1991.55
2544.59
2544.59
2348.31
2348.31
607.48
607.48
1957.23
1957.23
2890.10
2890.10
2146.01
2146.01
2597.81
2597.81
2757.58
2757.58
3024.75
3024.75
2974.26
2974.26
2900.77
2900.77
153.97
153.97
1942.18
1942.18
2759.63
2759.63
3471.08
3471.08
3568.25
3568.25
97.29
97.29
3714.78
3714.78
35.23
35.23
1452.41
1452.41
3158.39
3158.39
3292.51
3292.51
2303.45
2303.45
1929.27
1929.27
3512.40
3512.40
3313.52
3313.52
2910.70
2910.70
2875.83
2875.83
2174.50
2174.50
182.29
182.29
1406.87
1406.87
1599.60
1599.60
2038.78
2038.78
2506.48
2506.48
2596.73
2596.73
2890.74
2890.74
3419.60
3419.60
2968.55
2968.55
2192.44
2192.44
2315.41
2315.41
2959.81
2959.81
2105.90
2105.90
2446.78
2446.78
2768.47
2768.47
2396.89
2396.89
866.20
866.20
2783.21
2783.21
2234.23
2234.23
2478.84
2478.84
3086.97
3086.97
3221.14
3221.14
2674.10
2674.10
2380.81
2380.81
2400.38
2400.38
3173.03
3173.03
3173.03
3173.03
1991.87
1991.87
2969.23
2969.23
2842.24
2842.24
2121.15
2121.15
2178.58
2178.58
2806.69
2806.69
3036.65
3036.65
2932.75
2932.75
2975.72
2975.72
2287.11
2287.11
2642.17
2642.17
3194.51
3194.51
3588.37
3588.37
2603.83
2603.83
1304.74
1304.74
2786.43
2786.43
3035.98
3035.98
2261.87
2261.87
2146.47
2146.47
2882.55
2882.55
1169.60
1169.60
3300.30
3300.30
3300.30
3300.30
2489.87
2489.87
1923.04
1923.04
1923.04
1923.04
2419.64
2419.64
21.65
21.65
1118.97
1118.97
1005.92
1005.92
2521.63
2521.63
1978.78
1978.78
2258.82
2258.82
2867.41
2867.41
2146.21
2146.21
1698.52
1698.52
2198.82
2198.82
1481.58
1481.58
2658.46
2658.46
2291.44
2291.44
2281.77
2281.77
2604.86
2604.86
2543.31
2543.31
1892.86
1892.86
1723.17
1723.17
1839.70
1839.70
1839.70
2614.59
2017.06
2017.06
2211.33
2211.33
2735.52
2735.52
3439.65
3439.65
2714.31
2714.31
2621.55
2621.55
2196.39
2196.39
2552.63
2552.63
2583.45
2583.45
1255.07
1255.07
2157.54
2157.54
2629.19
2629.19
1409.56
1409.56
2064.68
2064.68
1520.36
1520.36
2413.71
2413.71
2413.71
2413.71
3086.25
3086.25
2130.06
2130.06
2747.02
2747.02
2747.02
2747.02
3038.63
3038.63
2883.65
2883.65
2729.98
2729.98
3363.65
3363.65
2369.01
2369.01
2051.97
2051.97
2767.29
2767.29
10.00
10.00
2592.88
2592.88
3566.55
3566.55
683.58
683.58
2271.34
2271.34
2583.61
2583.61
2502.28
2502.28
2502.28
2502.28
2347.67
2347.67
2625.89
2625.89
2565.05
2565.05
2131.54
2131.54
2412.93
2412.93
2638.87
2638.87
1928.74
1928.74
1928.74
1928.74
2065.57
2065.57
1260.00
1260.00
924.25
924.25
1994.46
1994.46
2284.75
2284.75
2137.74
2137.74
2774.48
2774.48
2336.56
2336.56
3133.11
3133.11
1746.47
1746.47
2625.81
2625.81
2467.78
2467.78
3097.18
3097.18
2293.10
2293.10
3545.04
3545.04
3131.09
3131.09
3131.09
3131.09
3131.09
3131.09
3390.04
3390.04
2107.78
2107.78
2219.25
2219.25
3092.49
3092.49
3299.18
3299.18
2149.72
2149.72
3043.42
3043.42
1831.66
1831.66
2931.76
2931.76
3427.82
3427.82
2857.77
2857.77
2416.19
2416.19
3291.97
3291.97
2318.98
2318.98
2010.49
2010.49
2830.95
2830.95
2594.94
2594.94
2276.86
2276.86
3469.27
3469.27
2274.23
2274.23
3393.46
3393.46
3233.32
3233.32
2449.61
2449.61
3677.46
3677.46
3314.09
3314.09
1107.05
1107.05
157.55
157.55
2896.79
2896.79
2859.36
2859.36
2086.96
2086.96
2794.35
2794.35
2051.66
