# 1Hz Kbps trace generated by import_real_world_traces.py
45.43
994.06
3576.71
5356.74
2390.81
4896.05
780.39
780.39
1347.28
1347.28
5134.39
5134.39
38.10
38.10
36.93
36.93
675.43
675.43
37.43
37.43
215.38
215.38
215.38
37.66
3752.02
3752.02
980.42
980.42
3919.91
3919.91
289.86
289.86
1581.66
1581.66
5260.59
5260.59
696.52
696.52
37.64
37.64
1715.56
1715.56
113.06
113.06
3325.30
3325.30
1468.60
1468.60
72.27
72.27
22.51
22.51
3867.29
3867.29
4377.35
4377.35
5068.92
5068.92
1799.20
1799.20
4007.86
4007.86
634.84
634.84
2342.22
2342.22
1476.19
1476.19
3957.86
3957.86
73.16
73.16
38.08
38.08
38.17
38.17
10.00
10.00
10.00
171.48
171.48
400.61
400.61
35.02
38.79
38.79
38.79
37.68
5305.81
5305.81
1610.34
1610.34
48.66
48.66
1290.05
1290.05
187.17
187.17
2942.26
2942.26
552.41
552.41
89.86
89.86
1381.23
1381.23
727.82
727.82
118.35
118.35
97.68
97.68
38.61
38.61
38.36
38.36
744.04
744.04
412.91
