# 1Hz Kbps trace generated by import_real_world_traces.py
130.71
218.78
207.04
317.46
317.46
317.46
317.46
317.46
317.46
317.46
317.46
317.46
317.46
317.46
317.46
317.46
317.46
320.41
320.41
320.41
320.41
200.74
200.74
306.30
306.30
306.30
306.30
309.77
309.77
309.77
309.77
448.40
448.40
448.40
448.40
448.40
448.40
448.40
448.40
448.40
448.40
448.40
448.40
448.40
448.40
448.40
448.40
448.40
448.40
448.40
448.40
448.40
448.40
448.40
448.40
448.40
448.40
448.40
448.40
448.40
654.26
654.26
654.26
654.26
654.26
654.26
654.26
654.26
654.26
654.26
654.26
654.26
654.26
654.26
654.26
654.26
654.26
654.26
654.26
654.26
654.26
654.26
654.26
654.26
654.26
654.26
654.26
654.26
654.26
654.26
654.26
654.26
654.26
654.26
654.26
654.26
654.26
654.26
654.26
654.26
654.26
654.26
654.26
654.26
654.26
654.26
654.26
654.26
654.26
654.26
654.26
654.26
654.26
654.26
654.26
654.26
654.26
654.26
654.26
654.26
654.26
654.26
654.26
654.26
654.26
654.26
654.26
654.26
654.26
654.26
654.26
654.26
654.26
654.26
654.26
654.26
654.26
654.26
654.26
654.26
654.26
654.26
654.26
654.26
654.26
654.26
654.26
654.26
654.26
654.26
654.26
654.26
654.26
654.26
654.26
654.26
654.26
654.26
654.26
654.26
654.26
654.26
654.26
654.26
654.26
654.26
654.26
654.26
654.26
654.26
654.26
654.26
654.26
654.26
654.26
654.26
654.26
654.26
654.26
654.26
654.26
654.26
654.26
654.26
654.26
654.26
654.26
654.26
654.26
654.26
654.26
654.26
654.26
654.26
654.26
654.26
654.26
654.26
654.26
654.26
654.26
654.26
654.26
654.26
654.26
654.26
654.26
654.26
654.26
654.26
654.26
654.26
654.26
654.26
654.26
654.26
654.26
654.26
654.26
654.26
654.26
654.26
654.26
654.26
654.26
654.26
654.26
654.26
654.26
654.26
654.26
654.26
654.26
654.26
654.26
654.26
654.26
654.26
654.26
654.26
654.26
654.26
654.26
654.26
654.26
654.26
654.26
654.26
654.26
654.26
654.26
654.26
654.26
654.26
654.26
654.26
654.26
654.26
654.26
654.26
654.26
654.26
654.26
654.26
654.26
654.26
654.26
654.26
654.26
654.26
654.26
654.26
654.26
654.26
654.26
654.26
654.26
654.26
654.26
654.26
654.26
654.26
654.26
654.26
654.26
654.26
654.26
654.26
654.26
654.26
654.26
654.26
654.26
654.26
654.26
654.26
654.26
654.26
654.26
654.26
20.29
20.29
281.75
281.75
281.75
281.75
281.75
281.75
281.75
281.75
281.75
281.75
384.66
384.66
384.66
384.66
384.66
384.66
384.66
384.66
384.66
384.66
384.66
384.66
384.66
384.66
414.59
414.59
414.59
414.59
414.59
414.59
414.59
414.59
414.59
414.59
478.32
478.32
478.32
478.32
478.32
478.32
478.32
478.32
478.32
478.32
478.32
478.32
478.32
478.32
10.00
10.00
198.55
198.55
293.58
293.58
293.58
293.58
317.38
317.38
317.38
317.38
317.38
317.38
317.38
317.38
317.38
317.38
317.38
317.38
317.38
317.38
317.38
317.38
317.38
317.38
341.41
341.41
341.41
341.41
341.41
341.41
341.41
341.41
341.41
341.41
341.41
341.41
341.41
341.41
341.41
341.41
341.41
341.41
407.60
407.60
444.05
444.05
556.01
556.01
556.01
556.01
556.01
556.01
556.01
556.01
556.01
556.01
556.01
556.01
556.01
556.01
556.01
556.01
556.01
556.01
556.01
556.01
556.01
556.01
556.01
556.01
556.01
556.01
556.01
556.01
556.01
556.01
556.01
556.01
556.01
556.01
556.01
556.01
556.01
556.01
556.01
556.01
556.01
556.01
556.01
556.01
556.01
556.01
556.01
556.01
556.01
556.01
556.01
556.01
556.01
556.01
556.01
556.01
556.01
556.01
556.01
556.01
556.01
556.01
556.01
556.01
556.01
556.01
556.01
556.01
556.01
556.01
556.01
556.01
556.01
556.01
556.01
556.01
556.01
556.01
556.01
556.01
556.01
556.01
556.01
556.01
556.01
556.01
556.01
556.01
10.00
10.00
278.54
278.54
278.54
278.54
278.54
278.54
416.32
416.32
416.32
416.32
416.32
416.32
416.32
416.32
416.32
416.32
416.32
416.32
416.32
416.32
416.32
416.32
416.32
416.32
416.32
416.32
416.32
416.32
416.32
416.32
416.32
416.32
416.32
416.32
416.32
416.32
416.32
416.32
416.32
416.32
416.32
416.32
416.32
416.32
416.32
416.32
416.32
416.32
416.32
416.32
416.32
416.32
416.32
416.32
471.39
471.39
471.39
471.39
471.39
471.39
471.39
471.39
471.39
471.39
471.39
471.39
471.39
471.39
471.39
471.39
471.39
471.39
471.39
471.39
471.39
471.39
471.39
471.39
471.39
471.39
471.39
471.39
471.39
471.39
471.39
471.39
471.39
471.39
471.39
471.39
471.39
471.39
471.39
471.39
471.39
471.39
482.41
482.41
587.71
587.71
997.63
997.63
997.63
997.63
997.63
997.63
997.63
997.63
997.63
997.63
997.63
997.63
997.63
997.63
997.63
997.63
997.63
997.63
997.63
997.63
997.63
997.63
997.63
997.63
997.63
997.63
997.63
997.63
997.63
997.63
997.63
997.63
997.63
997.63
997.63
997.63
997.63
997.63
997.63
997.63
997.63
997.63
997.63
997.63
997.63
997.63
997.63
997.63
997.63
997.63
997.63
997.63
997.63
997.63
997.63
997.63
997.63
997.63
997.63
997.63
997.63
997.63
997.63
997.63
997.63
997.63
997.63
997.63
997.63
997.63
997.63
997.63
997.63
997.63
997.63
997.63
997.63
997.63
997.63
997.63
997.63
997.63
997.63
997.63
997.63
997.63
997.63
997.63
997.63
997.63
997.63
997.63
997.63
997.63
997.63
997.63
997.63
997.63
997.63
997.63
997.63
997.63
997.63
997.63
997.63
997.63
997.63
997.63
997.63
997.63
997.63
997.63
997.63
997.63
997.63
997.63
997.63
997.63
997.63
997.63
997.63
997.63
997.63
997.63
997.63
997.63
997.63
997.63
997.63
997.63
997.63
997.63
997.63
997.63
997.63
997.63
997.63
997.63
997.63
997.63
997.63
997.63
997.63
997.63
997.63
997.63
997.63
997.63
997.63
997.63
997.63
997.63
997.63
997.63
997.63
997.63
997.63
997.63
997.63
997.63
997.63
997.63
997.63
997.63
997.63
997.63
997.63
997.63
997.63
997.63
997.63
997.63
997.63
997.63
997.63
997.63
997.63
997.63
997.63
997.63
997.63
997.63
997.63
997.63
997.63
997.63
997.63
997.63
997.63
997.63
997.63
997.63
997.63
997.63
997.63
997.63
997.63
997.63
997.63
997.63
997.63
997.63
997.63
997.63
997.63
997.63
997.63
997.63
997.63
997.63
997.63
997.63
997.63
997.63
997.63
997.63
997.63
997.63
997.63
997.63
997.63
997.63
997.63
997.63
997.63
997.63
997.63
997.63
997.63
997.63
997.63
997.63
997.63
997.63
997.63
997.63
997.63
997.63
997.63
997.63
997.63
997.63
997.63
997.63
997.63
997.63
997.63
997.63
997.63
997.63
997.63
997.63
997.63
997.63
997.63
997.63
997.63
997.63
997.63
997.63
997.63
997.63
997.63
997.63
997.63
997.63
997.63
997.63
997.63
997.63
997.63
997.63
997.63
997.63
997.63
997.63
997.63
997.63
997.63
997.63
997.63
997.63
997.63
997.63
997.63
997.63
997.63
997.63
997.63
997.63
997.63
997.63
997.63
997.63
997.63
997.63
997.63
997.63
997.63
997.63
997.63
997.63
997.63
997.63
997.63
997.63
997.63
997.63
997.63
997.63
997.63
997.63
997.63
997.63
997.63
997.63
997.63
997.63
997.63
997.63
997.63
997.63
997.63
997.63
997.63
997.63
997.63
997.63
997.63
997.63
997.63
997.63
997.63
997.63
997.63
997.63
997.63
997.63
997.63
997.63
997.63
997.63
997.63
997.63
997.63
997.63
997.63
997.63
997.63
997.63
997.63
997.63
997.63
997.63
997.63
997.63
997.63
997.63
997.63
997.63
997.63
997.63
997.63
997.63
997.63
997.63
997.63
997.63
997.63
997.63
997.63
997.63
997.63
997.63
997.63
997.63
997.63
997.63
997.63
997.63
997.63
997.63
997.63
997.63
997.63
997.63
997.63
997.63
997.63
997.63
997.63
997.63
997.63
997.63
997.63
997.63
997.63
997.63
997.63
997.63
997.63
997.63
997.63
997.63
997.63
997.63
997.63
997.63
997.63
997.63
997.63
997.63
10.00
10.00
324.92
324.92
324.92
324.92
324.92
324.92
324.92
324.92
471.72
471.72
471.72
471.72
471.72
471.72
471.72
471.72
471.72
471.72
471.72
471.72
471.72
471.72
471.72
471.72
471.72
471.72
471.72
471.72
479.98
479.98
479.98
479.98
479.98
479.98
479.98
479.98
479.98
479.98
479.98
479.98
479.98
479.98
479.98
479.98
479.98
479.98
479.98
479.98
479.98
479.98
479.98
479.98
479.98
479.98
479.98
479.98
479.98
479.98
479.98
479.98
479.98
479.98
479.98
479.98
479.98
479.98
479.98
479.98
479.98
479.98
479.98
479.98
479.98
479.98
479.98
479.98
479.98
479.98
479.98
479.98
479.98
479.98
479.98
479.98
479.98
479.98
479.98
479.98
479.98
479.98
479.98
479.98
479.98
479.98
479.98
479.98
479.98
479.98
479.98
479.98
479.98
479.98
479.98
479.98
479.98
479.98
479.98
479.98
479.98
479.98
479.98
479.98
479.98
479.98
479.98
479.98
479.98
479.98
479.98
479.98
479.98
479.98
479.98
479.98
479.98
479.98
479.98
479.98
479.98
479.98
479.98
479.98
479.98
479.98
479.98
479.98
479.98
479.98
479.98
479.98
479.98
479.98
479.98
479.98
479.98
479.98
479.98
479.98
479.98
479.98
479.98
479.98
479.98
479.98
479.98
479.98
479.98
479.98
479.98
479.98
479.98
479.98
479.98
479.98
479.98
479.98
479.98
479.98
479.98
479.98
479.98
479.98
479.98
479.98
479.98
479.98
479.98
479.98
479.98
479.98
479.98
479.98
479.98
479.98
479.98
479.98
479.98
479.98
479.98
479.98
479.98
479.98
479.98
479.98
479.98
479.98
479.98
479.98
479.98
479.98
479.98
479.98
479.98
479.98
479.98
479.98
479.98
479.98
479.98
479.98
479.98
479.98
479.98
479.98
479.98
479.98
479.98
479.98
479.98
479.98
479.98
479.98
479.98
479.98
479.98
479.98
479.98
479.98
479.98
479.98
479.98
479.98
479.98
479.98
479.98
479.98
479.98
479.98
479.98
479.98
479.98
479.98
479.98
479.98
479.98
502.06
502.06
502.06
502.06
605.51
605.51
605.51
605.51
605.51
605.51
605.51
605.51
605.51
605.51
605.51
605.51
605.51
605.51
605.51
605.51
605.51
605.51
605.51
605.51
605.51
605.51
605.51
605.51
605.51
605.51
605.51
605.51
605.51
605.51
605.51
605.51
605.51
605.51
605.51
605.51
605.51
605.51
605.51
605.51
605.51
605.51
605.51
605.51
605.51
605.51
605.51
605.51
605.51
605.51
605.51
605.51
605.51
605.51
605.51
605.51
605.51
605.51
605.51
605.51
605.51
605.51
605.51
605.51
605.51
605.51
605.51
605.51
605.51
605.51
605.51
605.51
605.51
605.51
605.51
605.51
605.51
605.51
605.51
605.51
605.51
605.51
605.51
605.51
605.51
605.51
605.51
605.51
605.51
605.51
605.51
605.51
605.51
605.51
605.51
605.51
605.51
605.51
605.51
605.51
605.51
605.51
605.51
605.51
605.51
605.51
605.51
605.51
605.51
605.51
605.51
605.51
605.51
605.51
605.51
605.51
605.51
605.51
605.51
605.51
605.51
605.51
605.51
605.51
605.51
605.51
605.51
605.51
605.51
605.51
605.51
605.51
605.51
605.51
605.51
605.51
605.51
605.51
605.51
605.51
605.51
605.51
605.51
605.51
605.51
605.51
605.51
605.51
605.51
605.51
605.51
605.51
605.51
605.51
605.51
605.51
605.51
605.51
605.51
605.51
605.51
605.51
605.51
605.51
605.51
605.51
605.51
605.51
605.51
605.51
605.51
605.51
605.51
605.51
605.51
605.51
605.51
605.51
605.51
605.51
605.51
605.51
605.51
605.51
605.51
605.51
605.51
605.51
605.51
605.51
605.51
605.51
605.51
605.51
605.51
605.51
605.51
605.51
605.51
605.51
605.51
605.51
605.51
605.51
605.51
605.51
605.51
605.51
605.51
605.51
605.51
605.51
605.51
605.51
605.51
605.51
605.51
605.51
605.51
605.51
605.51
605.51
605.51
605.51
605.51
605.51
605.51
605.51
605.51
605.51
605.51
605.51
605.51
605.51
605.51
605.51
605.51
605.51
605.51
605.51
605.51
605.51
605.51
605.51
605.51
605.51
605.51
605.51
605.51
605.51
605.51
605.51
605.51
605.51
605.51
605.51
605.51
605.51
605.51
605.51
605.51
605.51
605.51
605.51
605.51
605.51
605.51
605.51
605.51
605.51
605.51
605.51
605.51
605.51
605.51
605.51
605.51
605.51
605.51
605.51
605.51
605.51
605.51
605.51
605.51
605.51
605.51
605.51
605.51
605.51
605.51
605.51
605.51
605.51
605.51
605.51
605.51
605.51
605.51
605.51
605.51
605.51
605.51
605.51
605.51
605.51
605.51
605.51
605.51
605.51
605.51
605.51
605.51
605.51
605.51
605.51
605.51
605.51
605.51
605.51
605.51
605.51
605.51
605.51
605.51
605.51
605.51
605.51
605.51
605.51
605.51
605.51
605.51
605.51
605.51
605.51
605.51
605.51
605.51
605.51
605.51
605.51
605.51
605.51
605.51
605.51
605.51
605.51
605.51
605.51
605.51
605.51
605.51
605.51
605.51
605.51
605.51
605.51
605.51
605.51
605.51
605.51
605.51
605.51
605.51
605.51
605.51
605.51
605.51
605.51
605.51
605.51
605.51
605.51
605.51
605.51
605.51
605.51
605.51
605.51
605.51
605.51
605.51
605.51
605.51
605.51
605.51
605.51
605.51
605.51
605.51
605.51
605.51
605.51
605.51
605.51
605.51
605.51
605.51
605.51
605.51
605.51
605.51
605.51
605.51
605.51
605.51
605.51
605.51
605.51
605.51
605.51
605.51
605.51
605.51
605.51
605.51
605.51
605.51
605.51
605.51
605.51
605.51
605.51
605.51
605.51
605.51
605.51
605.51
605.51
605.51
605.51
605.51
605.51
605.51
605.51
605.51
605.51
605.51
605.51
605.51
605.51
605.51
605.51
605.51
605.51
605.51
605.51
605.51
605.51
605.51
605.51
729.63
729.63
729.63
729.63
729.63
729.63
729.63
729.63
729.63
729.63
729.63
729.63
729.63
729.63
729.63
729.63
729.63
729.63
729.63
729.63
729.63
729.63
729.63
729.63
729.63
729.63
729.63
729.63
729.63
729.63
729.63
729.63
729.63
729.63
729.63
729.63
729.63
729.63
729.63
729.63
729.63
729.63
729.63
729.63
729.63
729.63
729.63
729.63
729.63
729.63
729.63
729.63
729.63
729.63
729.63
729.63
729.63
729.63
729.63
729.63
729.63
729.63
729.63
729.63
729.63
729.63
729.63
729.63
729.63
729.63
729.63
729.63
729.63
729.63
729.63
729.63
729.63
729.63
729.63
729.63
729.63
729.63
729.63
729.63
729.63
729.63
729.63
729.63
729.63
729.63
729.63
729.63
729.63
729.63
729.63
729.63
729.63
729.63
729.63
729.63
729.63
729.63
729.63
729.63
729.63
729.63
729.63
729.63
729.63
729.63
729.63
729.63
729.63
729.63
729.63
729.63
729.63
729.63
729.63
729.63
729.63
729.63
729.63
729.63
729.63
729.63
729.63
729.63
729.63
729.63
729.63
729.63
729.63
729.63
729.63
729.63
729.63
729.63
729.63
729.63
729.63
729.63
729.63
729.63
729.63
729.63
729.63
729.63
729.63
729.63
729.63
729.63
729.63
729.63
729.63
729.63
729.63
729.63
729.63
729.63
729.63
729.63
729.63
729.63
729.63
729.63
729.63
729.63
729.63
729.63
729.63
729.63
729.63
729.63
729.63
729.63
729.63
729.63
729.63
729.63
729.63
729.63
729.63
729.63
729.63
729.63
729.63
729.63
729.63
729.63
729.63
729.63
729.63
729.63
729.63
729.63
729.63
729.63
729.63
729.63
729.63
729.63
729.63
729.63
729.63
729.63
729.63
729.63
729.63
729.63
729.63
729.63
729.63
729.63
729.63
729.63
729.63
729.63
729.63
729.63
729.63
729.63
729.63
729.63
729.63
729.63
729.63
729.63
729.63
729.63
10.00
10.00
300.75
300.75
300.75
300.75
304.61
304.61
304.61
304.61
482.64
482.64
482.64
482.64
482.64
482.64
482.64
482.64
482.64
482.64
482.64
482.64
482.64
482.64
482.64
482.64
482.64
482.64
482.64
482.64
482.64
482.64
482.64
482.64
482.64
482.64
482.64
482.64
482.64
482.64
482.64
482.64
482.64
482.64
482.64
482.64
482.64
482.64
482.64
482.64
482.64
482.64
482.64
482.64
482.64
482.64
482.64
482.64
482.64
482.64
482.64
482.64
482.64
482.64
482.64
482.64
482.64
482.64
482.64
482.64
482.64
482.64
482.64
482.64
482.64
482.64
482.64
482.64
482.64
482.64
482.64
482.64
482.64
482.64
482.64
482.64
10.00
10.00
10.00
10.00
10.00
47.00
99.17
212.22
257.50
257.50
257.50
31.22
248.09
248.09
248.09
215.46
215.46
215.46
518.63
518.63
518.63
518.63
518.63
518.63
518.63
518.63
518.63
207.95
446.01
446.01
579.96
579.96
375.67
375.67
375.67
375.67
383.63
383.63
383.63
383.63
383.63
383.63
383.63
383.63
383.63
383.63
383.63
383.63
383.63
383.63
383.63
383.63
383.63
383.63
383.63
383.63
383.63
383.63
383.63
383.63
383.63
383.63
383.63
383.63
383.63
383.63
383.63
383.63
568.42
568.42
568.42
568.42
568.42
568.42
568.42
568.42
568.42
568.42
568.42
568.42
568.42
204.47
204.47
601.64
601.64
601.64
601.64
476.72
476.72
476.72
476.72
476.72
476.72
476.72
46.09
63.27
153.55
607.83
607.83
515.20
515.20
515.20
515.20
345.56
345.56
345.56
345.56
54.93
200.14
431.97
431.97
431.97
431.97
431.97
431.97
431.97
38.32
155.05
264.05
264.05
264.05
264.05
441.35
441.35
441.35
441.35
441.35
441.35
441.35
441.35
441.35
441.35
433.33
457.10
457.10
457.10
22.67
22.67
35.92
35.92
289.83
531.53
531.53
531.53
55.85
55.85
219.19
285.84
285.84
285.84
285.84
247.87
247.87
247.87
247.87
247.87
247.87
435.11
820.48
820.48
305.75
333.04
333.04
769.41
769.41
769.41
769.41
769.41
769.41
769.41
769.41
241.54
754.18
754.18
754.18
183.33
183.27
824.41
824.41
824.41
824.41
129.90
236.88
236.88
236.88
236.88
251.64
567.07
567.07
567.07
567.07
567.07
35.97
606.69
649.20
575.76
575.76
288.21
288.21
673.89
673.89
318.65
318.65
732.41
732.41
543.49
543.49
543.49
543.49
543.49
31.49
779.34
779.34
858.85
858.85
858.85
858.85
475.65
475.65
817.17
817.17
592.92
592.92
671.50
671.50
339.26
339.26
1025.79
1025.79
900.22
900.22
889.32
889.32
889.32
889.32
496.20
496.20
764.76
764.76
764.76
764.76
764.76
890.59
890.59
890.59
288.48
288.48
651.06
651.06
651.06
651.06
651.06
651.06
334.97
334.97
334.97
334.97
334.97
334.97
334.97
334.97
890.87
890.87
890.87
890.87
890.87
890.87
890.87
890.87
890.87
890.87
890.87
890.87
890.87
890.87
890.87
890.87
890.87
890.87
890.87
890.87
890.87
890.87
890.87
890.87
890.87
890.87
890.87
890.87
890.87
890.87
890.87
890.87
890.87
947.69
1104.55
1104.55
1104.55
1104.55
1209.01
1209.01
935.75
935.75
897.92
897.92
897.92
897.92
1107.43
1107.43
961.53
961.53
961.53
961.53
961.53
961.53
961.53
961.53
961.53
961.53
961.53
961.53
961.53
961.53
961.53
961.53
961.53
961.53
961.53
961.53
961.53
961.53
961.53
961.53
961.53
961.53
961.53
961.53
961.53
961.53
961.53
961.53
961.53
961.53
961.53
961.53
961.53
961.53
961.53
961.53
961.53
961.53
961.53
961.53
961.53
961.53
961.53
961.53
961.53
961.53
961.53
961.53
961.53
961.53
961.53
961.53
961.53
961.53
961.53
961.53
961.53
961.53
961.53
961.53
961.53
961.53
961.53
961.53
961.53
961.53
961.53
961.53
961.53
961.53
961.53
961.53
961.53
961.53
961.53
961.53
961.53
961.53
961.53
961.53
961.53
961.53
961.53
961.53
961.53
961.53
961.53
961.53
961.53
961.53
961.53
961.53
961.53
961.53
961.53
961.53
961.53
961.53
961.53
961.53
961.53
961.53
961.53
961.53
961.53
961.53
961.53
961.53
961.53
961.53
961.53
961.53
961.53
961.53
961.53
961.53
961.53
961.53
961.53
961.53
961.53
961.53
961.53
961.53
961.53
961.53
961.53
961.53
961.53
961.53
961.53
961.53
961.53
961.53
961.53
961.53
961.53
961.53
961.53
961.53
961.53
961.53
961.53
961.53
961.53
961.53
961.53
961.53
961.53
961.53
961.53
961.53
961.53
961.53
961.53
961.53
961.53
961.53
961.53
961.53
961.53
961.53
961.53
961.53
961.53
961.53
961.53
961.53
961.53
961.53
961.53
961.53
961.53
961.53
961.53
961.53
961.53
961.53
961.53
961.53
961.53
961.53
961.53
961.53
961.53
961.53
961.53
961.53
961.53
961.53
961.53
961.53
961.53
961.53
961.53
961.53
961.53
961.53
961.53
961.53
961.53
961.53
961.53
961.53
961.53
961.53
961.53
961.53
961.53
961.53
961.53
961.53
961.53
961.53
961.53
961.53
961.53
961.53
961.53
961.53
961.53
961.53
961.53
961.53
961.53
961.53
961.53
961.53
961.53
961.53
961.53
961.53
961.53
961.53
961.53
961.53
961.53
961.53
961.53
961.53
961.53
961.53
961.53
961.53
961.53
961.53
961.53
961.53
961.53
961.53
961.53
961.53
961.53
961.53
961.53
961.53
961.53
961.53
961.53
961.53
961.53
961.53
961.53
961.53
961.53
961.53
961.53
961.53
961.53
961.53
961.53
961.53
961.53
961.53
961.53
961.53
961.53
961.53
961.53
961.53
961.53
961.53
961.53
961.53
961.53
961.53
961.53
961.53
961.53
961.53
961.53
961.53
961.53
961.53
961.53
961.53
961.53
961.53
961.53
961.53
961.53
961.53
961.53
961.53
961.53
961.53
961.53
961.53
961.53
961.53
961.53
961.53
961.53
961.53
961.53
961.53
961.53
961.53
961.53
961.53
961.53
961.53
961.53
961.53
961.53
961.53
961.53
961.53
961.53
961.53
961.53
961.53
961.53
961.53
961.53
961.53
961.53
961.53
961.53
961.53
961.53
961.53
961.53
961.53
961.53
961.53
961.53
961.53
961.53
961.53
961.53
961.53
961.53
961.53
961.53
961.53
961.53
961.53
961.53
961.53
961.53
961.53
94.47
1410.69
1136.72
1136.72
1106.55
1106.55
1262.59
1262.59
1262.59
1262.59
1262.59
1262.59
118.58
231.81
976.24
976.24
789.39
789.39
1087.52
1087.52
1087.52
1087.52
1087.52
1087.52
1087.52
167.65
883.32
883.32
844.17
844.17
630.01
630.01
772.96
772.96
772.96
772.96
145.24
145.24
255.33
255.33
273.21
273.21
417.56
417.56
417.56
417.56
636.13
636.13
636.13
636.13
636.13
636.13
604.77
604.77
565.30
565.30
565.30
565.30
565.30
565.30
565.30
546.46
546.46
114.67
114.67
251.33
466.29
466.29
466.29
466.29
466.29
466.29
466.29
466.29
54.15
760.18
760.18
760.18
760.18
601.29
451.85
451.85
433.30
433.30
10.00
268.75
596.60
596.60
596.60
596.60
596.60
445.04
767.41
767.41
767.41
767.41
767.41
767.41
767.41
767.41
87.90
772.07
772.07
772.07
138.59
138.59
425.12
425.12
425.12
220.26
832.58
832.58
832.58
832.58
832.58
832.58
832.58
10.00
10.00
931.49
931.49
931.49
284.53
629.89
291.07
291.07
294.94
853.88
853.88
228.62
228.62
249.04
