# 1Hz Kbps trace generated by import_real_world_traces.py
3162.95
4852.05
4852.05
1317.15
1317.15
2139.23
2139.23
999.30
999.30
2634.17
2634.17
544.90
544.90
1309.00
1309.00
254.47
254.47
1433.24
1433.24
4709.57
4709.57
1633.76
1633.76
382.07
382.07
2042.82
2042.82
191.19
191.19
203.58
203.58
1639.94
1639.94
149.16
149.16
1209.91
1209.91
380.99
380.99
268.06
268.06
1719.71
1719.71
1570.10
1570.10
1570.10
1570.10
3019.60
3019.60
60.60
60.60
957.26
957.26
79.20
79.20
1209.34
1209.34
148.71
148.71
204.45
204.45
634.24
634.24
809.87
809.87
1124.38
1124.38
2325.65
2325.65
53.36
53.36
552.07
552.07
2113.89
2113.89
644.80
644.80
1567.11
1567.11
141.19
141.19
1388.60
1388.60
1400.88
1400.88
364.20
364.20
1753.40
1753.40
3287.03
3287.03
3013.09
3013.09
3013.09
3013.09
3013.09
3013.09
2586.55
2586.55
2777.53
2777.53
3903.95
3903.95
3925.70
3925.70
4711.01
4711.01
2595.16
2595.16
1160.99
