# 1Hz Kbps trace generated by import_real_world_traces.py
6045.86
5992.34
5992.34
5123.74
5123.74
5740.43
5740.43
3017.70
3017.70
850.94
850.94
6923.12
6923.12
5873.61
5873.61
3519.09
3519.09
2183.24
2183.24
7465.30
7465.30
10217.91
10217.91
1740.93
1740.93
11523.27
11523.27
990.79
990.79
96.02
96.02
3563.03
3563.03
4872.13
4872.13
43.48
43.48
356.06
356.06
3479.41
3479.41
7130.28
7130.28
6941.33
6941.33
9812.38
9812.38
8931.55
8931.55
7686.22
7686.22
7563.73
7563.73
4932.00
4932.00
9706.73
9706.73
4162.58
4162.58
8552.49
8552.49
6421.09
6421.09
9114.42
9114.42
9114.42
9114.42
9114.42
9114.42
8874.84
8874.84
10511.08
10511.08
2632.90
2632.90
3552.93
3552.93
4405.25
4405.25
110.62
110.62
5209.07
5209.07
5831.77
5831.77
5990.75
5990.75
2067.43
2067.43
208.88
208.88
2727.03
2727.03
3302.80
3302.80
2404.60
2404.60
6406.80
6406.80
1302.61
1302.61
13.88
13.88
3834.43
3834.43
63.78
63.78
13.79
13.79
7894.76
7894.76
6794.30
6794.30
8932.33
8932.33
5290.00
5290.00
25.36
25.36
1492.22
1492.22
19.27
19.27
283.27
283.27
83.55
83.55
594.66
594.66
1580.75
1580.75
4582.33
4582.33
10987.48
10987.48
51.42
51.42
3666.72
3666.72
1329.85
1329.85
166.94
166.94
200.20
200.20
45.59
45.59
4240.68
4240.68
2536.83
2536.83
239.58
239.58
1565.31
1565.31
4842.89
4842.89
9536.89
9536.89
7186.22
7186.22
19.90
19.90
24.29
24.29
52.92
52.92
100.35
100.35
884.22
884.22
7876.91
7876.91
380.02
380.02
33.79
33.79
7841.54
7841.54
76.01
76.01
133.66
133.66
41.22
41.22
820.25
820.25
10356.77
10356.77
4798.05
4798.05
7194.80
7194.80
6593.03
6593.03
6593.03
6593.03
6593.03
6593.03
8233.86
8233.86
7352.53
7352.53
4837.54
4837.54
4837.54
4837.54
4837.54
4837.54
2434.28
2434.28
5215.81
5215.81
5215.81
5215.81
1519.42
1519.42
4322.47
4322.47
285.71
285.71
5383.48
5383.48
3464.38
3464.38
42.62
42.62
5355.90
5355.90
4874.70
4874.70
5508.07
5508.07
5890.73
5890.73
4866.03
4866.03
4866.03
4866.03
3140.67
3140.67
4637.69
4637.69
4388.76
4388.76
6356.22
6356.22
380.71
380.71
9307.41
9307.41
4584.10
4584.10
9093.99
9093.99
7882.40
7882.40
8189.29
8189.29
7271.91
7271.91
5627.84
5627.84
1577.21
1577.21
8636.18
8636.18
9899.33
9899.33
9899.33
9899.33
9213.57
9213.57
1623.69
1623.69
9990.81
9990.81
6320.48
6320.48
9770.96
9770.96
10459.56
10459.56
10459.56
10459.56
10264.78
10264.78
1331.29
1331.29
7163.11
7163.11
9111.91
9111.91
50.38
50.38
4828.24
4828.24
7129.23
7129.23
2852.17
2852.17
4461.15
4461.15
7502.06
7502.06
8676.47
8676.47
5586.67
5586.67
6426.61
6426.61
4755.37
4755.37
4755.37
4755.37
7695.82
7695.82
2263.09
2263.09
5788.30
5788.30
2732.28
2732.28
7946.09
7946.09
5832.64
5832.64
3174.24
3174.24
8164.25
8164.25
8164.25
8164.25
6631.25
6631.25
6631.25
6631.25
6381.14
6381.14
407.78
407.78
163.77
163.77
359.99
359.99
10.00
10.00
261.79
261.79
1437.64
1437.64
18.62
18.62
3092.50
3092.50
3486.44
3486.44
1594.59
1594.59
7899.02
7899.02
328.54
328.54
7719.76
7719.76
6487.83
6487.83
7816.22
7816.22
11012.84
11012.84
7879.01
7879.01
7729.59
7729.59
7680.74
7680.74
10611.02
10611.02
77.43
77.43
12037.46
12037.46
9711.87
9711.87
88.03
88.03
125.74
125.74
125.73
125.73
155.25
155.25
105.30
105.30
25.87
25.87
1648.40
1648.40
669.77
669.77
8197.50
8197.50
2837.77
2837.77
1848.19
1848.19
5926.05
5926.05
453.86
453.86
9218.69
9218.69
7403.31
7403.31
64.28
64.28
7213.85
7213.85
229.11
229.11
1571.99
1571.99
164.62
164.62
126.72
126.72
277.85
277.85
195.15
195.15
86.63
86.63
9817.33
9817.33
2491.01
2491.01
135.79
135.79
146.18
146.18
146.18
48.21
48.21
540.69
540.69
1380.12
1380.12
70.69
70.69
160.69
160.69
75.94
75.94
99.68
99.68
135.89
135.89
484.85
1655.59
1655.59
1655.59
18.45
18.45
259.50
259.50
6782.66
6782.66
3131.12
3131.12
1761.80
1761.80
43.90
43.90
1147.79
1147.79
36.26
36.26
664.57
664.57
1730.56
1730.56
48.62
1750.59
1750.59
1750.59
422.36
422.36
281.28
281.28
32.77
32.77
118.67
118.67
17.86
17.86
479.68
479.68
20.91
20.91
18.88
18.88
335.31
335.31
37.86
44.78
44.78
44.78
44.78
44.78
52.68
52.68
52.68
417.54
2817.96
1554.29
23.30
23.30
3313.45
3313.45
33.70
33.70
341.56
341.56
5447.28
5447.28
5001.21
5001.21
1479.03
1479.03
1592.49
1592.49
1841.89
1841.89
5969.71
5969.71
5932.63
5932.63
1431.41
1431.41
1745.62
1745.62
7030.82
7030.82
6844.40
6844.40
8249.89
8249.89
33.35
33.35
7226.85
7226.85
7054.96
7054.96
1631.97
1631.97
2525.32
2525.32
6221.34
6221.34
8364.81
8364.81
4990.48
4990.48
86.98
86.98
1356.23
1356.23
2033.98
2033.98
885.03
885.03
969.67
969.67
7008.56
7008.56
7444.91
7444.91
27.68
27.68
9158.16
9158.16
9431.95
9431.95
9431.95
9431.95
8582.31
8582.31
10409.03
10409.03
9348.58
9348.58
5415.82
5415.82
8796.92
8796.92
44.37
44.37
7862.02
7862.02
7692.06
7692.06
8019.44
8019.44
1423.77
1423.77
5074.44
5074.44
5049.66
5049.66
2249.46
2249.46
2761.98
2761.98
1169.25
1169.25
7014.66
7014.66
5019.12
5019.12
6547.10
6547.10
102.42
102.42
7424.09
7424.09
4736.88
4736.88
4736.88
4736.88
4736.88
4736.88
6176.70
6176.70
1152.16
1152.16
6124.05
6124.05
152.08
152.08
6627.32
6627.32
4798.03
4798.03
4083.79
4083.79
4134.24
4134.24
5587.91
5587.91
5587.91
5587.91
5062.39
5062.39
4458.54
4458.54
4741.39
4741.39
5791.67
5791.67
3868.53
3868.53
3868.53
3868.53
3718.14
3718.14
3745.92
3745.92
607.36
607.36
4590.59
4590.59
6160.69
6160.69
6100.98
6100.98
5847.89
5847.89
6938.59
6938.59
1125.77
1125.77
1667.50
1667.50
4356.60
4356.60
62.49
62.49
3498.22
3498.22
2377.75
2377.75
3142.60
3142.60
70.93
70.93
18.84
18.84
55.67
55.67
1024.11
1024.11
41.19
41.19
2622.82
2622.82
2215.20
2215.20
3550.84
3550.84
4669.50
4669.50
3648.51
3648.51
4220.88
4220.88
6151.70
6151.70
41.33
41.33
4681.28
4681.28
2881.40
2881.40
1478.05
1478.05
186.04
186.04
661.01
661.01
2204.91
2204.91
102.32
102.32
34.05
34.05
432.42
432.42
285.66
285.66
10.00
10.00
242.48
242.48
130.74
130.74
44.32
44.32
1455.03
1455.03
5646.38
5646.38
623.14
623.14
327.72
327.72
593.37
593.37
44.70
44.70
52.62
52.62
2433.32
2433.32
1882.13
1882.13
136.94
136.94
486.50
486.50
2073.62
2073.62
18.68
18.68
29.68
29.68
29.68
29.68
109.44
109.44
1498.65
1498.65
1188.13
54.09
54.09
809.56
775.73
775.73
2548.08
2548.08
920.44
920.44
2406.00
2406.00
1995.52
1995.52
2569.12
2569.12
229.36
229.36
2252.05
2252.05
3307.30
3307.30
3502.88
3502.88
3298.81
3298.81
1228.21
1228.21
3024.47
3024.47
1544.12
1544.12
2430.42
2430.42
818.56
818.56
245.55
245.55
61.14
61.14
10.86
10.86
186.52
186.52
1371.20
1371.20
1182.06
1182.06
1220.68
1220.68
4836.45
4836.45
948.75
948.75
65.77
65.77
2680.37
2680.37
1582.14
1582.14
2599.48
2599.48
4693.05
4693.05
592.91
592.91
289.04
289.04
22.56
22.56
1106.98
1106.98
3578.25
3578.25
5581.27
5581.27
4858.29
4858.29
4487.85
4487.85
5741.17
5741.17
3238.39
3238.39
1677.17
1677.17
1121.22
1121.22
641.81
641.81
6263.30
6263.30
3644.86
3644.86
6027.38
6027.38
5804.17
5804.17
7493.17
7493.17
2416.45
2416.45
4879.46
4879.46
6334.35
6334.35
4886.07
4886.07
3283.98
3283.98
2396.49
2396.49
4910.98
4910.98
7906.20
7906.20
3529.56
3529.56
7622.78
7622.78
2412.83
2412.83
2246.09
2246.09
2246.09
2246.09
4991.67
4991.67
7222.62
7222.62
5236.94
5236.94
5236.94
5236.94
4409.94
4409.94
4409.94
4409.94
4409.94
4409.94
6229.38
6229.38
5193.65
5193.65
1921.32
1921.32
4472.69
4472.69
3144.41
3144.41
3129.51
3129.51
4846.32
4846.32
1432.11
1432.11
851.54
851.54
5118.32
5118.32
2845.35
2845.35
1998.16
1998.16
2157.49
2157.49
3067.19
3067.19
2019.32
2019.32
2019.32
2019.32
2019.32
2019.32
2019.32
2019.32
2842.41
2842.41
2180.25
2180.25
2986.96
2986.96
2389.69
2389.69
75.01
75.01
2679.80
2679.80
1513.77
1513.77
2543.37
2543.37
4440.17
4440.17
1650.45
1650.45
3679.48
3679.48
65.50
65.50
1759.98
1759.98
498.28
498.28
526.24
526.24
27.22
27.22
479.99
479.99
10.08
10.08
88.32
88.32
156.49
156.49
905.38
905.38
43.80
43.80
375.47
375.47
21.48
21.48
21.48
21.48
21.48
21.48
314.76
314.76
314.76
643.19
564.73
564.73
34.43
34.43
283.31
283.31
226.24
226.24
1481.01
2547.58
2245.56
2245.56
1921.66
1921.66
2370.62
2370.62
3150.25
3150.25
869.89
869.89
172.02
172.02
10.00
10.00
177.72
177.72
1197.95
1197.95
403.58
403.58
74.12
74.12
1195.52
1195.52
32.76
32.76
28.43
28.43
28.43
49.80
49.80
2967.76
12.83
12.83
14.22
14.22
2843.54
2843.54
3243.09
3243.09
3058.51
3058.51
878.23
878.23
1485.22
1485.22
1917.00
1917.00
589.89
589.89
2003.44
2003.44
83.40
83.40
1780.91
1780.91
1490.69
1490.69
114.83
114.83
1953.27
1953.27
12.09
12.09
334.13
334.13
357.38
357.38
1864.48
1864.48
2940.28
2940.28
2778.10
2778.10
1375.74
1375.74
2922.79
2922.79
10.00
10.00
1279.24
1279.24
2132.64
2132.64
574.64
574.64
92.63
92.63
225.81
225.81
225.81
382.17
2441.58
2441.58
2548.50
2548.50
1362.18
1362.18
473.11
473.11
86.87
86.87
64.49
64.49
1149.05
1149.05
2012.93
2012.93
2137.39
2137.39
28.18
28.18
1902.46
1902.46
1938.65
1938.65
1628.59
1628.59
2275.82
2275.82
2574.42
2574.42
2970.04
2970.04
1888.03
1888.03
991.37
991.37
168.01
168.01
1907.60
1907.60
2541.06
2541.06
3969.70
3969.70
10.00
10.00
21.42
21.42
2630.81
2630.81
2570.07
2570.07
621.54
621.54
3819.38
3819.38
23.15
23.15
2053.32
2053.32
406.05
406.05
4544.68
4544.68
3689.61
3689.61
1362.84
1362.84
3323.59
3323.59
2637.01
2637.01
4489.23
4489.23
1186.47
1186.47
3666.64
3666.64
3666.64
3666.64
1231.79
1231.79
4061.69
4061.69
3921.08
3921.08
1948.36
1948.36
3703.60
3703.60
4695.90
4695.90
3297.22
3297.22
3968.18
3968.18
3017.28
3017.28
108.16
108.16
1246.25
1246.25
1246.25
699.36
392.78
392.78
511.56
511.56
1245.62
1245.62
1142.33
1142.33
2061.89
2061.89
2548.43
2548.43
93.57
93.57
3809.72
3809.72
953.05
953.05
979.57
979.57
3100.96
3100.96
2412.86
2412.86
256.69
256.69
3297.06
3297.06
4440.50
4440.50
3366.78
3366.78
4479.21
4479.21
15.23
15.23
3761.47
3761.47
50.11
50.11
4226.06
4226.06
4710.44
4710.44
10.00
10.00
1517.92
1517.92
4976.56
4976.56
5630.45
5630.45
1737.26
1737.26
977.79
977.79
769.75
769.75
5448.90
5448.90
5448.90
5448.90
5448.90
5448.90
5448.90
5448.90
5717.03
5717.03
25.85
25.85
3172.82
3172.82
4325.98
4325.98
3488.89
3488.89
47.20
47.20
1568.42
1568.42
3267.84
3267.84
2966.11
2966.11
4104.32
4104.32
4104.32
4104.32
195.72
195.72
195.72
175.44
101.27
101.27
1271.69
1271.69
122.80
122.80
1338.46
1338.46
3743.09
3743.09
373.70
373.70
3454.43
3454.43
35.23
35.23
1482.61
1482.61
3022.18
3022.18
156.66
156.66
156.66
156.66
2243.93
2243.93
2243.93
64.12
56.85
3404.03
137.18
137.18
2452.16
2452.16
2282.08
2282.08
4654.09
4654.09
2215.98
2215.98
2542.84
2542.84
1357.84
1357.84
58.85
58.85
1362.79
1362.79
536.97
536.97
200.44
200.44
96.04
96.04
10.00
10.00
577.98
577.98
40.35
40.35
30.17
30.17
394.91
394.91
62.28
62.28
492.59
492.59
2330.31
2330.31
1561.82
1561.82
14.79
14.79
1096.88
1096.88
4025.85
4025.85
2447.68
2447.68
1114.41
1114.41
1270.02
1270.02
36.91
36.91
19.20
19.20
4583.02
4583.02
206.53
206.53
206.47
206.47
112.90
112.90
3271.09
3271.09
1292.26
1292.26
198.95
198.95
823.15
823.15
315.82
315.82
130.41
130.41
593.20
593.20
157.65
157.65
3627.97
3627.97
2360.96
2360.96
1259.38
1259.38
2404.89
2404.89
365.17
365.17
1554.79
1554.79
2358.64
2358.64
117.34
117.34
50.05
50.05
73.95
73.95
1025.99
1025.99
1025.99
3529.18
3529.18
137.61
11.26
11.26
11.26
14.69
14.69
14.69
43.30
43.30
43.30
43.30
1023.27
1023.27
1023.27
10.00
10.00
1629.97
206.38
949.95
949.95
608.57
608.57
2887.97
2887.97
10.00
10.00
20.17
20.17
2256.39
2256.39
1473.25
1473.25
3493.04
3493.04
38.89
38.89
4279.05
4279.05
2268.41
2268.41
24.01
24.01
72.79
72.79
1181.45
1181.45
121.26
121.26
1388.52
1388.52
1390.91
1390.91
1404.65
1404.65
1193.32
1193.32
189.82
189.82
2534.07
2534.07
33.18
33.18
10.00
10.00
292.55
292.55
225.01
225.01
46.31
46.31
46.31
111.38
111.38
111.38
237.43
237.43
1750.70
1557.14
1557.14
2032.69
1191.15
1191.15
3335.94
3335.94
3348.07
3348.07
3182.42
3182.42
864.42
864.42
2896.93
2896.93
3847.96
3847.96
4399.34
4399.34
1892.64
1892.64
2121.22
2121.22
23.16
23.16
18.10
18.10
134.41
134.41
1141.32
1141.32
80.43
80.43
415.53
415.53
315.50
315.50
635.45
635.45
27.57
27.57
305.94
305.94
15.65
15.65
79.43
79.43
386.47
386.47
1610.38
1610.38
3731.00
3731.00
1451.44
1451.44
1915.65
1915.65
1558.27
1558.27
2417.12
2417.12
752.05
752.05
97.37
97.37
958.55
958.55
1179.60
1179.60
15.20
15.20
153.43
153.43
30.65
30.65
797.09
797.09
797.09
56.81
56.81
284.40
284.40
284.40
39.16
39.16
81.16
81.16
1550.93
1809.74
316.90
316.90
182.35
182.35
2860.95
2860.95
2624.16
2624.16
3994.70
3994.70
2183.07
2183.07
5013.59
5013.59
3308.37
3308.37
5205.60
5205.60
2870.47
2870.47
169.86
169.86
22.61
22.61
156.59
156.59
1259.55
1259.55
726.73
726.73
1534.42
1534.42
62.49
62.49
345.77
345.77
1539.58
1539.58
153.54
153.54
10.00
10.00
31.61
31.61
165.67
165.67
165.67
129.85
129.85
129.85
38.03
1475.90
924.53
924.53
15.03
15.03
27.55
27.55
2451.67
2451.67
2249.15
2249.15
3463.22
3463.22
123.99
123.99
2327.87
2327.87
3325.21
3325.21
5763.70
5763.70
108.55
108.55
17.58
17.58
5463.31
5463.31
105.25
105.25
23.53
23.53
280.12
280.12
3003.08
3003.08
66.35
66.35
3066.63
3066.63
1281.99
1281.99
1576.26
1576.26
2271.24
2271.24
201.81
201.81
1535.80
1535.80
2568.58
2568.58
1943.65
1943.65
3581.25
3581.25
4765.81
4765.81
32.83
32.83
1501.62
1501.62
31.57
31.57
10.00
10.00
118.17
118.17
1404.77
1404.77
1880.74
1880.74
891.52
891.52
2191.11
2191.11
1980.24
1980.24
35.16
35.16
4369.74
4369.74
1557.89
1557.89
936.59
936.59
2983.30
2983.30
940.29
940.29
1163.66
1163.66
1403.67
1403.67
2894.94
2894.94
1735.13
1735.13
1005.43
1005.43
2322.31
2322.31
2163.60
2163.60
2080.34
2080.34
1541.98
1541.98
2689.98
2689.98
2169.86
2169.86
13.44
13.44
77.07
77.07
2607.82
2607.82
2226.29
2226.29
1227.12
1227.12
586.09
586.09
839.26
839.26
3589.21
3589.21
2417.29
2417.29
3417.67
3417.67
3547.37
3547.37
3796.61
3796.61
2173.09
2173.09
575.42
575.42
3909.82
3909.82
2853.73
2853.73
3255.72
3255.72
2810.85
2810.85
2810.85
2810.85
1939.29
1939.29
1229.12
1229.12
4102.67
4102.67
2406.43
2406.43
3429.10
3429.10
3916.34
3916.34
3709.81
3709.81
3745.39
3745.39
389.19
389.19
3449.47
3449.47
3033.67
3033.67
3080.48
3080.48
2884.64
2884.64
3129.58
3129.58
1422.01
1422.01
3049.59
3049.59
1730.55
1730.55
3880.84
3880.84
2824.80
2824.80
3787.51
3787.51
1596.60
1596.60
4685.19
4685.19
2680.64
2680.64
3535.69
3535.69
129.58
129.58
2933.44
2933.44
4361.14
4361.14
1603.32
1603.32
37.24
37.24
3084.90
3084.90
390.84
390.84
1994.79
1994.79
48.44
48.44
3278.09
3278.09
416.29
416.29
3328.32
3328.32
84.71
84.71
56.80
56.80
18.60
18.60
34.62
34.62
435.63
435.63
207.80
207.80
1918.22
1918.22
52.86
52.86
297.40
297.40
3984.48
3984.48
2141.71
2141.71
4216.52
4216.52
238.68
238.68
1731.81
1731.81
698.08
698.08
2246.91
2246.91
105.95
105.95
2523.71
2523.71
1767.84
1767.84
53.43
53.43
18.87
18.87
68.37
68.37
25.48
25.48
17.46
17.46
2237.43
2237.43
199.61
199.61
41.17
41.17
41.17
57.91
57.91
57.91
616.38
616.38
44.97
44.97
96.61
36.76
36.76
38.70
38.70
506.11
506.11
27.08
1504.15
1504.15
2325.70
2325.70
279.44
279.44
924.76
924.76
3593.48
3593.48
2333.76
2333.76
1502.20
1502.20
3927.94
3927.94
1096.61
1096.61
5537.04
5537.04
1165.16
1165.16
4966.35
4966.35
1431.10
1431.10
4203.93
4203.93
10.00
10.00
92.74
92.74
13.57
13.57
1296.99
1296.99
914.85
914.85
142.26
142.26
4068.38
4068.38
393.91
393.91
1496.93
1496.93
79.59
79.59
5871.09
5871.09
28.19
28.19
504.95
504.95
1229.94
1229.94
2095.65
2095.65
1023.13
1023.13
2010.65
2010.65
567.63
567.63
113.35
113.35
25.24
25.24
5759.38
5759.38
2401.80
2401.80
70.36
70.36
132.34
132.34
47.81
47.81
1320.81
1320.81
17.49
17.49
101.93
101.93
2495.45
2495.45
1116.89
1116.89
307.92
307.92
307.92
114.28
114.28
114.28
694.61
694.61
694.61
353.94
353.94
353.94
81.30
81.30
2125.48
4623.93
3866.55
3866.55
1537.00
1537.00
33.88
33.88
4599.03
4599.03
5182.73
5182.73
3029.60
3029.60
538.94
538.94
4103.16
4103.16
842.17
842.17
842.17
1045.12
1045.12
244.85
244.85
244.85
450.89
450.89
450.89
1243.31
1243.31
3475.17
3517.85
3517.85
27.94
27.94
1847.25
1847.25
2720.18
2720.18
2155.74
2155.74
3277.79
3277.79
3462.92
3462.92
4249.69
4249.69
2108.16
2108.16
968.87
968.87
58.74
58.74
80.48
80.48
1023.47
1023.47
1067.25
1067.25
4073.65
4073.65
2930.72
2930.72
413.82
413.82
627.50
627.50
1648.76
1648.76
3329.52
3329.52
976.79
976.79
3922.70
3922.70
79.96
79.96
3651.99
3651.99
4345.27
4345.27
1287.48
1287.48
2857.65
2857.65
1864.32
1864.32
1813.83
1813.83
1995.03
1995.03
1562.09
1562.09
2555.88
2555.88
1808.47
1808.47
2637.14
2637.14
10.00
10.00
1210.12
1210.12
2332.42
2332.42
27.90
27.90
1718.57
1718.57
958.18
958.18
2731.42
2731.42
1922.66
1922.66
1335.74
1335.74
65.16
65.16
1748.38
1748.38
1692.67
1692.67
360.29
360.29
51.97
51.97
2939.20
2939.20
2939.20
74.07
74.07
31.16
31.16
991.54
62.88
62.88
1285.42
1285.42
10.00
10.00
3535.98
3535.98
66.97
66.97
10.00
10.00
1356.37
1356.37
123.95
123.95
32.41
32.41
620.66
620.66
1968.90
1968.90
4122.31
4122.31
14.86
14.86
787.00
787.00
1969.60
1969.60
3920.90
3920.90
1211.73
1211.73
854.18
854.18
2526.05
2526.05
3719.91
3719.91
3479.12
3479.12
2751.51
2751.51
28.22
28.22
1207.47
1207.47
62.91
62.91
1438.90
1438.90
2718.25
2718.25
1986.13
1986.13
10.68
10.68
4121.68
4121.68
4121.68
4121.68
2441.10
2441.10
4798.69
4798.69
3906.25
3906.25
3506.27
3506.27
2746.95
2746.95
3896.46
3896.46
5499.89
5499.89
2147.30
2147.30
2875.60
2875.60
1463.68
1463.68
4767.49
4767.49
2385.60
2385.60
29.27
29.27
2975.55
2975.55
2182.09
2182.09
2182.09
2182.09
2182.09
2182.09
3075.44
3075.44
1529.43
1529.43
3271.08
3271.08
3271.08
3271.08
1760.23
1760.23
3689.74
3689.74
3585.76
3585.76
3585.76
3585.76
3585.76
3585.76
880.49
880.49
1909.20
1909.20
1909.20
1909.20
5373.68
5373.68
1172.94
1172.94
4505.63
4505.63
3516.19
3516.19
2138.33
2138.33
4217.14
4217.14
3318.79
3318.79
3318.79
3318.79
1749.92
1749.92
5880.17
5880.17
5904.52
5904.52
2895.17
2895.17
11.82
11.82
3560.89
3560.89
1234.78
1234.78
2199.69
2199.69
3261.30
3261.30
2665.91
2665.91
34.77
34.77
19.81
19.81
2456.53
2456.53
3451.92
3451.92
169.03
169.03
2645.23
2645.23
310.78
310.78
4627.58
4627.58
3544.78
3544.78
4334.23
4334.23
3441.17
3441.17
507.13
507.13
5225.87
5225.87
4526.57
4526.57
6730.06
6730.06
6077.03
6077.03
3245.15
3245.15
3245.15
3245.15
5573.00
5573.00
4394.16
4394.16
4280.16
4280.16
4268.07
4268.07
5276.15
5276.15
4907.35
4907.35
837.39
837.39
2556.69
2556.69
437.72
437.72
36.89
36.89
4691.38
4691.38
4703.99
4703.99
5807.26
5807.26
3253.49
3253.49
206.23
206.23
2492.02
2492.02
110.51
110.51
224.58
224.58
1485.71
1485.71
39.50
39.50
1010.24
1010.24
1010.24
47.73
47.73
10.00
10.00
10.00
10.00
220.99
220.99
220.99
220.99
10.00
10.00
34.21
34.21
34.21
779.67
486.87
2071.62
893.10
245.26
388.04
388.04
4575.61
4575.61
106.03
106.03
176.77
176.77
374.23
374.23
185.60
185.60
67.72
67.72
274.92
274.92
3551.21
3551.21
34.70
34.70
58.35
58.35
22.76
22.76
44.29
1727.66
1727.66
1727.66
223.23
223.23
136.44
136.44
24.58
24.58
2330.12
2330.12
1283.44
1283.44
28.59
28.59
178.20
178.20
5560.29
5560.29
6127.31
6127.31
45.99
45.99
109.60
109.60
29.99
29.99
277.94
277.94
584.62
584.62
20.94
20.94
345.30
345.30
52.36
52.36
451.37
451.37
1819.58
1819.58
530.72
530.72
285.16
285.16
19.67
19.67
171.05
171.05
1258.54
1258.54
13.00
13.00
66.44
66.44
1578.24
1578.24
45.24
45.24
1525.99
1525.99
1948.28
1948.28
125.65
125.65
30.96
30.96
83.92
83.92
74.88
74.88
74.88
36.08
36.08
2596.42
1797.96
1797.96
1312.90
1312.90
933.40
933.40
30.26
30.26
1072.83
1072.83
922.11
922.11
2339.88
2339.88
1233.36
1233.36
2185.53
2185.53
2055.60
2055.60
3367.77
3367.77
56.96
56.96
613.56
613.56
752.95
752.95
2545.09
2545.09
3062.21
3062.21
1209.00
1209.00
49.08
49.08
1426.83
1426.83
1428.47
1428.47
43.30
43.30
3355.15
3355.15
4855.45
4855.45
376.26
376.26
184.94
184.94
261.66
261.66
14.42
14.42
19.22
19.22
45.26
45.26
10.00
10.00
39.77
39.77
167.89
167.89
169.09
169.09
1785.51
1785.51
127.88
127.88
964.66
964.66
38.01
38.01
1983.33
1983.33
1551.55
1551.55
788.04
788.04
1967.02
1967.02
1076.13
1076.13
3758.11
3758.11
6456.78
6456.78
88.37
88.37
3480.58
3480.58
7012.79
7012.79
8795.09
8795.09
8412.46
8412.46
2237.25
2237.25
5470.78
5470.78
5099.76
5099.76
1380.10
1380.10
156.37
156.37
76.50
76.50
13.03
13.03
91.59
91.59
18.75
18.75
18.75
2209.50
2063.55
2063.55
10.00
10.00
27.27
27.27
4294.49
4294.49
6535.63
6535.63
2928.12
2928.12
2644.55
2644.55
1112.12
1112.12
840.21
840.21
270.39
270.39
45.14
45.14
6726.60
6726.60
5500.42
5500.42
1109.69
1109.69
615.07
615.07
341.82
341.82
3558.96
3558.96
9224.77
9224.77
12.52
12.52
390.31
390.31
99.82
99.82
2407.66
2407.66
1242.19
1242.19
1066.71
1066.71
1502.59
1502.59
4438.06
4438.06
216.43
216.43
40.00
40.00
6504.49
6504.49
1445.37
1445.37
115.74
115.74
1535.99
1535.99
1898.80
1898.80
744.58
744.58
2783.10
2783.10
1125.24
1125.24
44.10
44.10
944.20
944.20
139.18
139.18
75.61
75.61
32.42
32.42
1699.85
1699.85
309.71
309.71
40.47
40.47
528.79
528.79
187.12
187.12
10.00
10.00
3839.82
3839.82
1297.68
1297.68
41.89
41.89
183.95
183.95
415.94
415.94
314.19
314.19
1227.48
1227.48
1688.55
1688.55
37.00
37.00
406.33
406.33
276.75
276.75
1538.53
1538.53
42.61
42.61
247.66
247.66
4239.93
4239.93
142.28
142.28
1591.67
1591.67
162.46
162.46
3148.55
3148.55
121.13
121.13
16.54
16.54
751.52
751.52
46.82
46.82
1547.25
1547.25
9752.11
9752.11
116.59
116.59
17.42
17.42
219.39
219.39
98.69
98.69
32.54
32.54
1356.24
1356.24
28.27
28.27
196.44
196.44
7700.15
7700.15
7073.10
7073.10
1636.33
1636.33
374.91
374.91
1698.72
1698.72
180.98
180.98
230.12
230.12
4336.56
4336.56
5041.87
5041.87
1512.91
1512.91
37.22
37.22
3654.73
3654.73
2672.96
2672.96
1266.06
1266.06
247.46
247.46
1883.32
1883.32
99.13
99.13
5331.24
5331.24
3946.42
3946.42
3194.30
3194.30
794.28
794.28
2556.78
2556.78
87.23
87.23
1553.02
1553.02
349.83
349.83
6889.66
6889.66
1841.57
1841.57
322.68
322.68
9799.86
9799.86
1474.31
1474.31
3893.02
3893.02
28.90
28.90
97.63
97.63
37.08
37.08
2476.53
2476.53
36.73
36.73
1270.65
1270.65
17.94
17.94
1620.23
1620.23
7954.21
7954.21
1681.30
1681.30
3975.35
3975.35
3875.37
3875.37
1669.06
1669.06
8922.48
8922.48
1192.28
1192.28
2999.13
2999.13
9042.64
9042.64
5538.89
5538.89
8033.58
8033.58
5742.43
5742.43
1744.93
1744.93
3373.58
3373.58
921.92
921.92
3377.03
3377.03
5702.58
5702.58
6119.48
6119.48
1729.83
1729.83
7075.69
7075.69
6011.14
6011.14
19.76
19.76
2192.21
2192.21
289.00
289.00
1506.16
1506.16
1712.37
1712.37
2066.80
2066.80
91.76
91.76
2980.74
2980.74
184.82
184.82
49.27
49.27
5533.13
5533.13
1546.58
1546.58
67.84
67.84
6298.70
6298.70
4134.28
4134.28
7486.72
7486.72
1496.60
1496.60
93.72
93.72
18.92
18.92
86.48
86.48
211.14
211.14
118.41
118.41
78.63
78.63
29.38
29.38
116.19
116.19
34.70
34.70
3457.41
3457.41
921.82
921.82
1641.20
1641.20
17.36
17.36
1354.36
1354.36
10.00
10.00
12.93
12.93
12.93
653.37
2672.91
2672.91
385.86
385.86
87.58
87.58
509.86
509.86
939.46
939.46
41.98
41.98
57.15
57.15
5639.83
5639.83
4754.67
4754.67
600.50
600.50
2604.06
2604.06
3455.17
3455.17
88.73
88.73
122.95
122.95
122.95
122.95
122.95
122.95
10.00
10.00
10.00
1463.70
4405.31
1476.35
4828.57
4828.57
3809.08
3809.08
1467.45
1467.45
5097.32
5097.32
2439.70
2439.70
1140.86
1140.86
1488.44
1488.44
86.15
86.15
2249.11
2249.11
2249.11
2249.11
2700.48
2700.48
2700.48
2700.48
2712.55
2712.55
5287.26
5287.26
4530.22
4530.22
6054.22
6054.22
50.17
50.17
2818.90
2818.90
6123.13
6123.13
410.22
410.22
7526.34
7526.34
640.97
640.97
53.83
53.83
1780.78
1780.78
5491.39
5491.39
60.12
60.12
138.21
138.21
533.93
533.93
1382.66
1382.66
26.49
26.49
898.94
898.94
41.92
41.92
6157.88
6157.88
6641.55
6641.55
3370.80
3370.80
1519.62
1519.62
700.94
700.94
70.21
70.21
136.86
136.86
113.89
113.89
2974.38
2974.38
7512.27
7512.27
7692.30
7692.30
38.88
38.88
717.74
717.74
46.25
46.25
6185.64
6185.64
75.02
75.02
493.93
493.93
155.82
155.82
844.81
844.81
228.53
228.53
1472.21
1472.21
2634.90
2634.90
1285.50
1285.50
170.80
170.80
685.82
685.82
1167.80
1167.80
450.64
450.64
1732.98
1732.98
309.27
309.27
1631.26
1631.26
6002.57
6002.57
2981.47
2981.47
4959.88
4959.88
3260.90
3260.90
1331.97
1331.97
759.90
759.90
130.52
130.52
2744.44
2744.44
36.17
36.17
95.11
95.11
108.28
108.28
1774.51
1774.51
29.23
29.23
1047.81
1047.81
23.90
23.90
381.34
381.34
10.00
10.00
168.29
168.29
1106.63
1106.63
157.55
157.55
227.38
227.38
1182.45
1182.45
29.11
29.11
1655.30
1655.30
7933.14
7933.14
78.95
78.95
6445.05
6445.05
29.50
29.50
1443.40
1443.40
25.03
25.03
3005.05
3005.05
20.21
20.21
4496.62
4496.62
4496.62
4496.62
4496.62
4496.62
4496.62
4496.62
4418.80
4418.80
2237.30
2237.30
2005.79
2005.79
1792.61
1792.61
4163.17
4163.17
667.06
667.06
5009.77
5009.77
3933.40
3933.40
3880.17
3880.17
5454.78
5454.78
5069.59
5069.59
1639.93
1639.93
19.70
19.70
4599.84
4599.84
7258.23
7258.23
1155.55
1155.55
6208.38
6208.38
3944.10
3944.10
5608.98
5608.98
2084.59
2084.59
3245.89
3245.89
5955.50
5955.50
6980.94
6980.94
6980.94
6980.94
3358.36
3358.36
4492.39
4492.39
6908.61
6908.61
6239.85
6239.85
1312.18
1312.18
451.07
451.07
5110.62
5110.62
1566.94
1566.94
5700.27
5700.27
5700.27
5700.27
5700.27
5700.27
2848.61
2848.61
6032.94
6032.94
51.32
51.32
5588.07
5588.07
5395.81
5395.81
2884.06
2884.06
7696.39
7696.39
6853.99
6853.99
1550.93
1550.93
2597.36
2597.36
7068.26
7068.26
7067.89
7067.89
7067.89
7067.89
7067.89
7067.89
7067.89
7067.89
4752.42
4752.42
7286.43
7286.43
5736.33
5736.33
5736.33
5736.33
5736.33
5736.33
20.97
20.97
676.36
676.36
45.84
45.84
2268.99
2268.99
1461.18
1461.18
6056.04
6056.04
6056.04
6056.04
6056.04
6056.04
6056.04
6056.04
6867.26
6867.26
6867.26
6867.26
5646.50
5646.50
5641.68
5641.68
6739.31
6739.31
6040.10
6040.10
6559.22
6559.22
6163.69
6163.69
5433.01
5433.01
480.52
480.52
7875.01
7875.01
7658.51
7658.51
1718.66
1718.66
7027.06
7027.06
8434.21
8434.21
7812.76
7812.76
5612.11
5612.11
7828.81
7828.81
8458.50
8458.50
59.11
59.11
5011.06
5011.06
516.32
516.32
4444.90
4444.90
2219.57
2219.57
2126.22
2126.22
214.53
214.53
131.58
131.58
473.14
473.14
324.26
324.26
2352.10
2352.10
7362.34
7362.34
2316.33
2316.33
5523.52
5523.52
5523.52
430.19
430.19
1192.27
1192.27
4975.28
4975.28
5240.89
5240.89
3466.84
3466.84
4640.84
4640.84
1561.06
1561.06
5709.42
5709.42
6255.86
6255.86
52.87
52.87
3358.59
3358.59
4909.59
4909.59
2877.52
2877.52
5563.39
5563.39
5847.44
5847.44
6114.60
6114.60
7160.36
7160.36
6015.86
6015.86
6015.86
6015.86
6423.73
6423.73
6423.73
6423.73
3814.65
3814.65
6616.00
6616.00
3310.42
3310.42
5433.68
5433.68
546.00
546.00
4188.65
4188.65
4188.65
4188.65
4188.65
4188.65
5068.42
5068.42
5177.88
5177.88
5205.32
5205.32
5492.80
5492.80
5812.09
5812.09
5440.78
5440.78
4031.19
4031.19
4277.38
4277.38
2091.11
2091.11
2844.19
2844.19
3279.74
3279.74
6809.89
6809.89
7153.27
7153.27
5255.96
5255.96
3602.66
3602.66
7093.16
7093.16
5452.02
5452.02
4157.25
4157.25
2947.31
2947.31
6926.04
6926.04
1958.10
1958.10
8922.95
8922.95
3397.08
3397.08
1763.77
1763.77
6686.06
6686.06
6552.23
6552.23
8909.48
8909.48
7797.83
7797.83
8713.53
8713.53
4510.36
4510.36
5494.00
5494.00
1997.24
1997.24
3562.25
3562.25
5916.79
5916.79
5751.09
5751.09
1895.49
1895.49
4006.98
4006.98
5867.10
5867.10
5867.10
5867.10
5867.10
5867.10
2511.44
2511.44
22.39
22.39
96.55
96.55
4424.81
4424.81
3697.60
3697.60
178.63
178.63
4867.28
4867.28
1089.12
1089.12
6344.71
6344.71
5846.17
5846.17
5846.17
5846.17
7248.47
7248.47
2439.70
2439.70
1850.72
1850.72
646.26
646.26
6269.68
6269.68
5780.41
5780.41
4753.23
4753.23
4717.52
4717.52
4483.62
4483.62
5519.08
5519.08
378.88
378.88
2743.16
2743.16
7495.07
7495.07
6490.66
6490.66
6659.85
6659.85
6659.85
6659.85
4024.40
4024.40
3395.82
3395.82
2056.37
2056.37
3751.42
3751.42
2698.31
2698.31
5136.50
5136.50
5610.67
5610.67
5455.84
5455.84
3902.50
3902.50
4696.84
4696.84
4718.22
4718.22
4535.12
4535.12
4183.22
4183.22
1843.62
1843.62
4427.46
4427.46
4048.06
4048.06
2649.11
2649.11
5820.13
5820.13
6258.34
6258.34
5680.54
5680.54
886.18
886.18
7712.98
7712.98
115.61
115.61
4584.19
4584.19
6345.18
6345.18
8846.39
8846.39
2335.17
2335.17
5203.63
5203.63
5341.89
5341.89
2805.97
2805.97
4605.19
4605.19
4307.33
4307.33
283.52
283.52
261.75
261.75
62.10
62.10
43.25
43.25
2977.29
2977.29
219.86
219.86
82.72
82.72
1666.50
1666.50
4031.23
4031.23
7326.81
7326.81
6419.12
6419.12
8731.00
8731.00
1639.45
1639.45
79.35
79.35
4387.30
4387.30
8738.86
8738.86
6286.57
6286.57
24.85
24.85
6629.78
6629.78
7773.43
7773.43
38.99
38.99
7391.67
7391.67
7448.80
7448.80
3087.42
3087.42
7630.04
7630.04
8104.37
8104.37
7002.16
7002.16
5436.66
5436.66
5436.66
5436.66
67.30
67.30
6915.44
6915.44
1765.57
1765.57
5222.66
5222.66
4613.95
4613.95
4331.35
4331.35
7090.99
7090.99
4761.44
4761.44
948.57
948.57
4802.11
4802.11
2369.36
2369.36
4985.56
4985.56
4679.83
4679.83
2979.90
2979.90
1482.39
1482.39
3243.05
3243.05
1794.69
1794.69
5085.42
5085.42
2637.89
2637.89
3157.43
3157.43
2234.82
2234.82
2178.21
2178.21
2617.70
2617.70
3441.50
3441.50
3441.50
3441.50
2745.24
2745.24
1415.76
1415.76
440.45
440.45
1545.75
1545.75
3141.79
3141.79
3219.81
3219.81
1378.07
1378.07
3312.03
3312.03
3011.35
3011.35
5836.20
5836.20
2540.02
2540.02
5623.43
5623.43
3595.50
3595.50
1530.82
1530.82
5758.94
5758.94
2842.91
2842.91
4869.03
4869.03
5470.31
5470.31
4151.38
4151.38
3723.68
3723.68
3145.24
3145.24
4039.16
4039.16
3399.33
3399.33
976.02
976.02
3688.43
3688.43
5741.52
5741.52
5741.52
5741.52
5741.52
5741.52
3346.79
3346.79
3883.38
3883.38
4017.17
4017.17
6493.75
6493.75
5449.42
5449.42
1606.70
1606.70
1606.70
1606.70
3369.14
3369.14
5021.70
5021.70
1641.90
1641.90
3729.52
3729.52
75.47
75.47
4058.06
4058.06
5393.16
5393.16
3213.98
3213.98
3843.43
3843.43
3843.43
3843.43
4663.59
4663.59
2006.51
2006.51
4867.49
4867.49
3694.62
3694.62
5056.95
5056.95
1655.94
1655.94
2540.50
2540.50
2184.33
2184.33
2991.07
2991.07
2010.92
2010.92
1497.27
1497.27
1707.06
1707.06
1707.06
1707.06
1707.06
1707.06
1707.06
1707.06
1631.57
1631.57
1891.13
1891.13
2912.21
2912.21
3549.91
3549.91
2015.01
2015.01
991.69
991.69
3331.28
3331.28
3060.18
3060.18
3060.18
3060.18
3060.18
3060.18
1860.29
1860.29
2089.86
2089.86
4514.45
4514.45
2560.19
2560.19
4503.07
4503.07
2531.47
2531.47
2500.14
2500.14
2183.27
2183.27
2040.24
2040.24
3042.31
3042.31
3295.40
3295.40
1481.37
1481.37
4551.42
4551.42
3462.96
3462.96
2398.47
2398.47
3062.02
3062.02
3268.45
3268.45
3834.66
3834.66
1218.98
1218.98
630.62
630.62
782.80
782.80
10.00
10.00
169.47
169.47
169.47
169.47
27.39
27.39
27.39
1386.81
3976.40
1441.82
2138.07
2138.07
4116.90
4116.90
1552.29
1552.29
1112.24
1112.24
4785.00
4785.00
5168.22
5168.22
1945.62
1945.62
695.12
695.12
867.62
867.62
2209.34
2209.34
1534.85
1534.85
4252.57
4252.57
1431.20
1431.20
5123.35
5123.35
1760.52
1760.52
134.95
134.95
3404.53
3404.53
7046.75
7046.75
1373.22
1373.22
5052.87
5052.87
2790.89
2790.89
1024.35
1024.35
10.00
10.00
116.74
116.74
3045.47
3045.47
3055.44
3055.44
423.93
423.93
952.87
952.87
5194.59
5194.59
4901.32
4901.32
5019.59
5019.59
4176.27
4176.27
2644.92
2644.92
1713.94
1713.94
2199.17
2199.17
915.34
915.34
3982.30
3982.30
1014.88
1014.88
5049.16
5049.16
1880.20
1880.20
3621.09
3621.09
501.66
501.66
29.07
29.07
1565.03
1565.03
4425.27
4425.27
4130.10
4130.10
5522.44
5522.44
723.99
723.99
4006.12
4006.12
392.73
392.73
3057.75
3057.75
2263.65
2263.65
2228.04
2228.04
2228.04
81.78
49.45
49.45
369.70
369.70
1057.89
1057.89
3072.17
3072.17
51.74
51.74
36.56
36.56
1991.11
1991.11
3525.38
3525.38
2920.00
2920.00
10.00
10.00
5892.90
5892.90
90.37
90.37
3191.68
3191.68
1580.98
1580.98
54.26
54.26
3260.68
3260.68
3780.53
3780.53
2930.21
2930.21
1437.25
1437.25
972.19
972.19
1339.67
1339.67
3397.10
3397.10
648.04
648.04
6562.61
6562.61
2279.12
2279.12
5299.67
5299.67
956.76
956.76
2188.78
2188.78
5016.85
5016.85
3288.45
3288.45
898.99
898.99
489.87
489.87
2530.03
2530.03
412.58
412.58
263.49
263.49
3294.44
3294.44
2858.42
2858.42
1459.51
1459.51
5452.61
5452.61
2656.19
2656.19
1294.20
1294.20
351.00
351.00
40.48
40.48
1901.27
1901.27
1443.72
1443.72
151.02
151.02
2792.49
2792.49
2091.42
2091.42
4229.36
4229.36
2948.70
2948.70
3229.67
3229.67
6159.27
6159.27
5641.60
5641.60
5654.89
5654.89
5726.35
5726.35
4655.26
4655.26
4767.76
4767.76
5173.84
5173.84
6109.70
6109.70
90.44
90.44
2366.96
2366.96
5500.70
5500.70
3101.52
3101.52
4742.50
4742.50
3933.61
3933.61
184.09
184.09
136.02
136.02
1343.73
1343.73
1511.45
1511.45
200.65
200.65
3054.14
3054.14
457.95
457.95
146.04
146.04
901.24
901.24
570.16
570.16
5745.77
5745.77
152.55
152.55
6689.35
6689.35
4228.85
4228.85
6718.61
6718.61
6049.06
6049.06
5187.69
5187.69
4964.35
4964.35
1121.58
1121.58
1629.54
1629.54
1896.20
1896.20
144.00
144.00
83.84
83.84
6288.67
6288.67
5550.72
5550.72
1575.72
1575.72
359.22
359.22
1461.42
1461.42
4546.89
4546.89
60.94
60.94
3272.58
3272.58
182.69
182.69
1093.31
1093.31
1041.04
1041.04
1676.35
1676.35
87.99
87.99
288.83
288.83
4731.06
4731.06
3886.98
3886.98
4926.28
4926.28
3617.30
3617.30
2475.71
2475.71
4486.46
4486.46
1182.68
1182.68
86.36
86.36
1006.10
1006.10
190.63
190.63
2792.20
2792.20
4204.48
4204.48
1601.32
1601.32
1959.31
1959.31
1814.58
1814.58
2092.17
2092.17
501.25
501.25
2372.53
2372.53
1395.67
1395.67
3191.22
3191.22
3321.39
3321.39
3897.09
3897.09
3432.51
3432.51
3235.59
3235.59
2385.70
2385.70
3726.67
3726.67
4075.93
4075.93
2453.08
2453.08
2573.07
2573.07
4199.45
4199.45
5997.55
5997.55
5997.55
5997.55
5997.55
5997.55
5390.14
5390.14
5431.57
5431.57
4609.91
4609.91
4815.30
4815.30
5208.94
5208.94
2749.21
2749.21
5363.88
5363.88
5195.72
5195.72
2308.63
2308.63
2827.34
2827.34
4121.56
4121.56
4479.64
4479.64
2880.32
2880.32
1808.18
1808.18
2777.88
2777.88
4017.47
4017.47
5362.78
5362.78
2961.89
2961.89
5467.77
5467.77
3321.04
3321.04
5509.11
5509.11
5023.05
5023.05
4296.27
4296.27
4296.27
4296.27
3512.32
3512.32
3512.32
3196.17
5394.57
5394.57
5394.57
5394.57
4380.08
4380.08
4147.32
4147.32
3714.86
3714.86
5249.39
5249.39
4685.20
4685.20
4685.20
5880.23
5880.23
5880.23
5880.23
5880.23
5880.23
5880.23
5880.23
5880.23
5880.23
2649.43
2649.43
1831.85
1831.85
1486.42
1486.42
1561.09
1561.09
1655.98
1429.69
1429.69
1429.69
2297.67
2297.67
2592.31
2592.31
1522.67
1522.67
2609.53
2609.53
2609.53
2609.53
2753.13
2753.13
4072.57
4072.57
3090.79
3090.79
3663.36
3663.36
5153.02
5153.02
3585.44
3543.20
3543.20
3543.20
3547.20
3547.20
5105.36
5105.36
7465.18
7465.18
3792.71
3792.71
3308.38
3308.38
413.28
413.28
2413.26
2413.26
356.54
356.54
85.37
85.37
1930.76
1930.76
2960.66
2122.06
2122.06
2122.06
3919.75
3919.75
1384.76
1384.76
3376.31
3376.31
5278.07
5278.07
2624.99
2624.99
3192.46
3192.46
5452.05
5452.05
4228.90
4228.90
6205.60
6205.60
3364.87
3364.87
3727.36
3727.36
1870.66
1870.66
2756.11
2756.11
5012.15
5012.15
1175.78
1175.78
6697.80
6697.80
5080.51
5080.51
3222.38
3222.38
35.17
35.17
2827.91
2827.91
243.12
243.12
2845.13
2845.13
144.91
144.91
23.63
23.63
73.26
73.26
912.85
912.85
2885.12
2885.12
316.14
316.14
2434.12
2434.12
669.39
669.39
452.38
452.38
2166.93
2166.93
10.00
10.00
2692.86
2692.86
4163.02
4163.02
4140.97
4140.97
4472.48
4472.48
3905.29
3905.29
6628.49
6628.49
3896.56
3896.56
4384.71
4384.71
5353.47
5353.47
4657.25
4657.25
3778.88
3778.88
3747.69
3747.69
7046.11
7046.11
1622.26
1622.26
1563.26
1563.26
2946.01
2946.01
139.51
139.51
3530.30
3530.30
3398.01
3398.01
4388.19
4388.19
3865.18
3865.18
2608.78
2608.78
2690.18
2690.18
1061.73
1061.73
5425.47
5425.47
595.02
595.02
42.49
42.49
3891.89
3891.89
26.48
26.48
10.00
10.00
10.00
10.00
1201.45
1831.22
829.00
829.00
2277.28
2277.28
55.36
55.36
55.36
55.36
55.36
55.36
55.36
1083.30
1083.30
3413.95
3413.95
2892.68
910.61
2958.96
5888.57
2135.19
3671.20
3671.20
1648.89
1648.89
3039.92
3039.92
2657.63
2657.63
1065.09
1065.09
4286.79
4286.79
4046.39
4046.39
5206.57
5206.57
2451.84
2451.84
4994.55
4994.55
4499.18
4499.18
2742.92
2742.92
4554.42
4554.42
2973.47
2973.47
3637.83
3637.83
47.38
47.38
3966.80
3966.80
3333.50
3333.50
4304.51
4304.51
4728.55
4728.55
1428.82
1428.82
409.36
409.36
3144.68
3144.68
2586.80
2586.80
297.06
297.06
5106.22
5106.22
4373.86
4373.86
3643.49
3643.49
5424.87
5424.87
2907.95
2907.95
2907.95
2907.95
4558.11
4558.11
4688.98
4688.98
46.24
46.24
5776.94
5776.94
1542.46
1542.46
2716.65
2716.65
1641.88
1641.88
5236.00
5236.00
4275.48
4275.48
3651.84
3651.84
3823.20
3823.20
4881.34
4881.34
4501.30
4501.30
3713.96
3713.96
3847.76
3847.76
1662.13
1662.13
686.08
686.08
4824.33
4824.33
2294.90
2294.90
3426.37
3426.37
6712.98
6712.98
6712.98
6712.98
6712.98
6712.98
1574.07
1574.07
4990.79
4990.79
2451.69
2451.69
3676.94
3676.94
1372.45
1372.45
1291.26
1291.26
3203.68
3203.68
1660.66
1660.66
112.88
112.88
5317.99
5317.99
6296.19
6296.19
17.52
17.52
4604.73
4604.73
2800.62
2800.62
520.23
520.23
1172.27
1172.27
3474.66
3474.66
146.80
146.80
2326.05
2326.05
1925.57
1925.57
4376.96
4376.96
3095.61
3095.61
39.44
39.44
2981.30
2981.30
3715.89
3715.89
3960.94
3960.94
28.04
28.04
58.56
58.56
414.35
414.35
2486.37
2486.37
1369.27
1369.27
1557.41
1557.41
2091.45
2091.45
239.28
239.28
146.18
146.18
444.07
444.07
287.35
287.35
19.00
19.00
1644.94
1644.94
10.00
10.00
4433.04
4433.04
2518.32
2518.32
4677.67
4677.67
1494.52
1494.52
5259.85
5259.85
2546.24
2546.24
3392.66
3392.66
5106.01
5106.01
3856.09
3856.09
6047.27
6047.27
171.06
171.06
32.25
32.25
717.56
717.56
903.34
903.34
2845.75
2845.75
2950.93
2950.93
6189.48
6189.48
6109.48
6109.48
231.92
231.92
451.87
451.87
38.57
38.57
506.08
506.08
1600.85
1600.85
15.43
15.43
44.14
44.14
4560.57
4560.57
4711.90
4711.90
4516.18
4516.18
3893.72
3893.72
6132.32
6132.32
2557.81
2557.81
1373.88
1373.88
6104.68
6104.68
6020.08
6020.08
4506.24
4506.24
4471.74
4471.74
5009.80
5009.80
7882.65
7882.65
4887.22
4887.22
45.84
45.84
423.21
423.21
95.37
95.37
2213.54
2213.54
2185.97
2185.97
76.10
76.10
1546.61
1546.61
117.08
117.08
117.08
1632.20
1103.56
1103.56
319.12
319.12
4716.61
4716.61
4353.40
4353.40
1795.79
1795.79
6052.37
6052.37
5661.11
5661.11
3603.47
3603.47
3989.06
3989.06
1791.44
1791.44
2292.38
2292.38
2292.38
106.78
1357.69
1357.69
3064.92
3064.92
3737.10
3737.10
1334.24
1334.24
3646.82
3646.82
4428.54
4428.54
3049.01
3049.01
4623.93
4623.93
6134.24
6134.24
1299.30
1299.30
4150.95
4150.95
2828.51
2828.51
2243.58
2243.58
3263.59
3263.59
87.03
87.03
3921.61
3921.61
2434.18
2434.18
3226.98
3226.98
3249.32
3249.32
665.14
665.14
5265.38
5265.38
494.11
494.11
1465.70
1465.70
1068.05
1068.05
169.80
169.80
454.05
454.05
454.05
257.98
10.00
10.00
86.86
86.86
1427.06
1427.06
2960.65
2960.65
37.05
37.05
2073.63
2073.63
4523.84
4523.84
74.12
74.12
606.76
606.76
230.06
230.06
86.31
86.31
34.94
34.94
47.58
47.58
47.58
17.24
17.24
10.00
10.00
131.97
2635.46
2635.46
2706.73
2706.73
1354.81
1354.81
1902.11
1902.11
2298.58
2298.58
2005.43
2005.43
197.47
197.47
129.83
129.83
129.83
170.85
1442.42
1442.42
2914.00
2914.00
1776.34
1776.34
4578.71
4578.71
1051.41
1051.41
1676.71
1676.71
1582.92
1582.92
2242.40
2242.40
4088.85
4088.85
3660.30
3660.30
38.26
38.26
4842.45
4842.45
2660.58
2660.58
3638.61
3638.61
6530.50
6530.50
1219.48
1219.48
1815.02
1815.02
244.15
244.15
44.06
44.06
75.50
75.50
75.50
75.50
75.50
75.50
75.50
75.50
289.76
54.79
529.23
529.23
2507.19
1604.66
105.45
105.45
951.65
951.65
73.08
73.08
57.45
57.45
2140.12
2140.12
104.39
104.39
194.28
194.28
2985.75
2985.75
3143.26
3143.26
1697.59
1697.59
1371.66
1371.66
1371.66
18.99
18.99
18.99
1528.95
1528.95
1770.67
1770.67
345.86
345.86
3900.96
3900.96
1229.20
1229.20
2944.31
2944.31
136.10
136.10
3956.39
3956.39
2709.79
2709.79
1218.80
1218.80
49.45
49.45
2472.71
2472.71
6894.51
6894.51
4363.58
4363.58
182.72
182.72
1757.48
1757.48
28.59
28.59
1345.86
1345.86
435.72
435.72
2798.60
2798.60
2118.25
2118.25
6624.29
6624.29
2993.29
2993.29
5909.75
5909.75
82.84
82.84
1419.55
1419.55
3975.92
3975.92
1737.83
1737.83
1713.57
1713.57
1581.41
1581.41
1593.92
1593.92
4188.84
4188.84
4024.71
4024.71
2790.17
2790.17
4193.71
4193.71
3043.79
3043.79
166.80
166.80
40.09
40.09
1795.99
1795.99
1430.80
1430.80
2188.27
2188.27
17.12
17.12
2323.10
2323.10
2679.75
2679.75
1329.76
1329.76
2430.97
2430.97
2777.57
2777.57
4503.34
4503.34
7208.30
7208.30
116.35
116.35
1121.07
1121.07
3464.74
3464.74
6945.39
6945.39
6239.74
6239.74
315.59
315.59
2405.62
2405.62
1957.09
1957.09
2659.05
2659.05
4373.95
4373.95
57.12
57.12
2701.13
2701.13
5414.07
5414.07
339.68
339.68
14.08
14.08
3374.90
3374.90
94.91
94.91
104.21
104.21
2216.52
2216.52
3445.66
3445.66
3681.07
3681.07
1441.41
1441.41
291.28
291.28
5697.83
5697.83
43.15
43.15
1599.52
1599.52
5586.18
5586.18
41.40
41.40
1475.54
1475.54
196.34
196.34
6324.30
6324.30
1526.62
1526.62
3769.75
3769.75
3437.67
3437.67
3776.72
3776.72
7558.87
7558.87
5290.89
5290.89
2523.03
2523.03
4282.05
4282.05
3424.11
3424.11
8233.14
8233.14
41.91
41.91
2895.05
2895.05
2938.58
2938.58
5392.32
5392.32
3381.49
3381.49
1426.05
1426.05
4601.89
4601.89
4609.34
4609.34
2836.12
2836.12
3957.66
3957.66
3660.36
3660.36
4870.84
4870.84
3412.02
3412.02
2944.29
2944.29
3037.17
3037.17
2317.36
2317.36
7179.37
7179.37
37.06
37.06
782.82
782.82
570.67
570.67
6887.16
6887.16
1526.20
1526.20
6574.50
6574.50
1747.74
1747.74
5445.43
5445.43
3971.86
3971.86
2140.81
2140.81
3212.75
3212.75
3212.75
3212.75
3212.75
3212.75
4739.04
4739.04
4046.06
4046.06
2946.89
2946.89
3831.71
3831.71
1394.86
1394.86
4170.01
4170.01
1585.89
1585.89
3753.30
3753.30
3516.50
3516.50
4227.26
4227.26
7302.62
7302.62
3916.33
3916.33
6473.87
6473.87
4480.15
4480.15
10046.43
10046.43
5936.49
5936.49
6175.61
6175.61
8379.27
8379.27
3723.86
3723.86
4613.10
4613.10
4613.10
5247.20
8545.79
8545.79
8545.79
8545.79
5200.52
5200.52
6914.53
6914.53
6914.53
5900.24
5900.24
11188.28
11188.28
5423.91
5423.91
9130.36
9130.36
6402.64
6402.64
5049.51
5049.51
5508.87
5508.87
4327.52
4327.52
4692.35
4692.35
4089.72
4089.72
8162.54
8162.54
6096.03
6096.03
590.38
590.38
5672.98
5672.98
4827.92
4827.92
6475.20
6475.20
6475.20
6475.20
587.58
587.58
4242.43
4242.43
3765.56
3765.56
6682.79
6682.79
6682.79
6682.79
6682.79
6682.79
5602.30
5602.30
5616.79
5616.79
7633.35
7633.35
4735.21
4735.21
774.68
21.48
21.48
21.48
62.27
62.27
1331.00
1331.00
24.61
24.61
88.26
88.26
1388.85
1388.85
794.36
794.36
4482.48
4482.48
116.93
116.93
1663.38
1663.38
16.58
16.58
3286.08
3286.08
60.67
60.67
73.28
73.28
48.49
48.49
149.74
149.74
1836.48
1836.48
1884.10
1884.10
3442.30
3442.30
2912.79
2912.79
105.80
105.80
1078.41
1078.41
3471.60
3471.60
2266.49
2266.49
4455.38
4455.38
17.44
17.44
5806.68
5806.68
8110.61
8110.61
492.45
492.45
5747.02
5747.02
4532.65
4532.65
364.38
364.38
4994.28
4994.28
4285.39
4285.39
3027.03
3027.03
798.72
798.72
690.05
690.05
3202.11
3202.11
133.47
133.47
1188.69
1188.69
3329.29
3329.29
1682.78
1682.78
63.11
63.11
824.63
824.63
1179.04
1179.04
3276.44
3276.44
1754.14
1754.14
1020.91
1020.91
2920.40
2920.40
1898.35
1898.35
233.81
233.81
94.67
94.67
299.65
299.65
442.84
442.84
4457.93
4457.93
150.82
150.82
78.83
78.83
3798.69
3798.69
1386.90
1386.90
3710.47
3710.47
369.85
369.85
2895.38
2895.38
180.22
180.22
224.18
224.18
239.21
239.21
142.92
142.92
120.28
120.28
1533.90
1533.90
3567.69
3567.69
3275.97
3275.97
1687.76
1687.76
3080.44
3080.44
2189.59
2189.59
86.92
86.92
5048.15
5048.15
4041.86
4041.86
3600.66
3600.66
4015.62
4015.62
4870.05
4870.05
2874.06
2874.06
297.67
297.67
2300.78
2300.78
1790.47
1790.47
100.82
100.82
515.62
515.62
46.56
46.56
12.05
12.05
4585.76
4585.76
281.57
281.57
1164.75
1164.75
120.34
120.34
104.92
104.92
44.41
44.41
509.03
509.03
509.03
21.29
21.29
92.59
3202.89
3202.89
2949.62
2949.62
15.42
15.42
651.49
651.49
94.52
94.52
1710.92
1710.92
2950.78
2950.78
1521.93
1521.93
34.96
34.96
458.82
458.82
110.75
110.75
3741.93
3741.93
53.84
53.84
426.43
426.43
244.13
244.13
168.87
168.87
265.49
265.49
265.49
130.69
1775.27
1775.27
2964.08
2964.08
3880.25
3880.25
4896.76
4896.76
395.62
395.62
976.61
976.61
3570.24
3570.24
3865.57
3865.57
2401.76
2401.76
209.86
209.86
3168.60
3168.60
1553.25
1553.25
5762.46
5762.46
5762.46
5762.46
3730.10
3730.10
6309.15
6309.15
4860.77
4860.77
2249.01
2249.01
3481.86
3481.86
8256.98
8256.98
5956.16
5956.16
4517.61
4517.61
7287.60
7287.60
4257.58
4257.58
4257.58
4257.58
5963.03
5963.03
2419.85
2419.85
3494.62
3494.62
3972.44
3972.44
991.20
991.20
1282.47
1282.47
7240.41
7240.41
8597.87
8597.87
656.53
656.53
2962.09
2962.09
3404.74
3404.74
4170.08
4170.08
8063.35
8063.35
4346.68
4346.68
5986.65
5986.65
3722.97
3722.97
2597.00
2597.00
2624.20
2624.20
5093.75
5093.75
2035.58
2035.58
2962.05
2962.05
5263.05
5263.05
3707.48
3707.48
2878.50
2878.50
2177.46
2177.46
2177.46
2177.46
3153.82
3153.82
5554.69
5554.69
4699.76
4699.76
2256.03
2256.03
2029.26
2029.26
1087.35
1087.35
1598.31
1598.31
2632.67
2632.67
1496.67
1496.67
2836.71
2836.71
1863.12
1863.12
1742.49
1742.49
3627.53
3627.53
3627.53
3627.53
3751.88
3751.88
1626.87
1626.87
2280.99
2280.99
1941.51
1941.51
5837.47
5837.47
5354.49
5354.49
3555.91
3555.91
875.96
875.96
1890.28
1890.28
2318.99
2318.99
2556.21
2556.21
1116.38
1116.38
751.14
751.14
2931.80
2931.80
5320.05
5320.05
7437.08
7437.08
4224.20
4224.20
4208.83
4208.83
6657.29
6657.29
1874.00
1874.00
1773.14
1773.14
6518.78
6518.78
7111.93
7111.93
5731.49
5731.49
4864.46
4864.46
4196.03
4196.03
4908.21
4908.21
5547.16
5547.16
3840.37
3840.37
1018.75
1018.75
1536.63
1536.63
1220.72
1220.72
38.54
38.54
6339.31
6339.31
2159.48
2159.48
349.04
349.04
63.76
63.76
1580.32
1580.32
6512.81
6512.81
2292.86
2292.86
7982.32
7982.32
7194.91
7194.91
125.79
125.79
1876.18
1876.18
1334.88
1334.88
1081.66
1081.66
750.66
750.66
709.86
709.86
2643.87
2643.87
5494.71
5494.71
822.85
822.85
9599.52
9599.52
784.20
784.20
1725.79
1725.79
169.35
169.35
6584.43
6584.43
6183.80
6183.80
948.32
948.32
7321.38
7321.38
169.63
169.63
34.76
34.76
1485.13
1485.13
2209.44
2209.44
149.07
149.07
2119.68
2119.68
1852.02
1852.02
2080.03
2080.03
4089.84
4089.84
2695.19
2695.19
1653.87
1653.87
2932.88
2932.88
4705.06
4705.06
1188.97
1188.97
302.88
302.88
302.88
37.30
37.30
37.30
2360.52
3238.88
1753.00
1753.00
1537.15
1537.15
3890.84
3890.84
1587.01
1587.01
4157.27
4157.27
1571.22
1571.22
3399.30
3399.30
4333.10
4333.10
1512.18
1512.18
4127.84
4127.84
2663.16
2663.16
3278.57
3278.57
1614.07
1614.07
2614.80
2614.80
63.44
63.44
2675.34
2675.34
4006.31
4006.31
5784.36
5784.36
7190.25
7190.25
3884.81
3884.81
1845.41
1845.41
2159.02
2159.02
2855.01
2855.01
482.15
482.15
4329.50
4329.50
1834.64
1834.64
2426.52
2426.52
1368.26
1368.26
282.86
282.86
433.81
433.81
1119.90
1119.90
162.47
162.47
1433.50
1433.50
1235.63
1235.63
168.47
168.47
2172.38
2172.38
1366.60
1366.60
542.50
542.50
4555.53
4555.53
1394.27
1394.27
51.18
51.18
36.11
36.11
448.23
448.23
5233.66
5233.66
25.70
25.70
332.31
332.31
611.69
611.69
20.65
20.65
6977.06
6977.06
4891.38
4891.38
4557.71
4557.71
2063.46
2063.46
5488.30
5488.30
3100.18
3100.18
3712.46
3712.46
8804.62
8804.62
4319.01
4319.01
4289.25
4289.25
6192.04
6192.04
7585.40
7585.40
3924.79
3924.79
937.31
937.31
167.82
167.82
74.47
74.47
767.40
767.40
571.07
571.07
782.09
782.09
424.59
424.59
10.00
10.00
1215.60
1215.60
5967.42
5967.42
1051.82
1051.82
103.38
103.38
102.09
102.09
270.49
270.49
80.23
80.23
1366.48
1366.48
4111.62
4111.62
37.73
37.73
3959.17
3959.17
7336.85
7336.85
1725.03
1725.03
1740.59
1740.59
2198.15
2198.15
1031.71
1031.71
1121.45
1121.45
1892.13
1892.13
212.08
212.08
146.07
146.07
2140.60
2140.60
2506.95
2506.95
2183.36
2183.36
3080.41
3080.41
2461.72
2461.72
1518.76
1518.76
10.00
10.00
1530.59
1530.59
1530.59
1530.59
1057.79
1057.79
229.53
229.53
229.53
209.71
209.71
209.71
88.10
88.10
88.10
296.68
296.68
59.07
59.07
59.07
431.30
431.30
431.30
34.70
1004.66
1004.66
2218.16
1269.33
1269.33
1855.20
2815.36
2871.76
1550.40
1270.70
2677.35
2677.35
344.19
344.19
344.19
119.73
119.73
119.73
434.21
1212.23
1533.24
1533.24
2286.57
2286.57
5790.35
5790.35
6687.44
6687.44
110.71
110.71
186.38
186.38
79.88
79.88
1446.55
1446.55
1030.22
1030.22
1191.64
1191.64
2535.22
2535.22
4509.27
4509.27
4251.73
4251.73
2943.05
2943.05
3577.09
3577.09
58.55
58.55
4225.96
4225.96
6348.58
6348.58
20.41
20.41
31.95
31.95
2167.77
2167.77
5877.07
5877.07
6987.22
6987.22
4224.25
4224.25
1669.31
1669.31
608.72
608.72
1355.73
1355.73
37.95
37.95
31.20
31.20
1400.81
1400.81
4525.12
4525.12
938.42
938.42
1223.46
1223.46
3409.01
3409.01
28.48
28.48
3291.45
3291.45
2924.20
2924.20
2505.95
2505.95
48.38
48.38
42.88
42.88
69.34
69.34
90.81
90.81
90.81
32.90
32.90
961.07
961.07
561.43
3786.02
3786.02
1405.02
1405.02
2596.25
2596.25
1676.11
1676.11
4625.00
4625.00
1178.90
1178.90
1103.55
1103.55
1678.83
1678.83
1501.47
1501.47
3929.95
3929.95
204.81
204.81
919.55
919.55
450.67
450.67
198.52
198.52
4745.14
4745.14
106.74
106.74
2442.83
2442.83
2442.83
83.90
83.90
64.25
64.25
10.00
10.00
10.00
228.20
228.20
228.20
864.01
3427.43
3427.43
14.46
2376.68
4114.99
4114.99
2038.24
2038.24
1540.87
1540.87
1357.05
1357.05
426.54
426.54
3550.04
3550.04
3966.48
3966.48
1629.86
1629.86
3849.65
3849.65
5269.11
5269.11
2111.01
2111.01
10.00
10.00
1159.36
1159.36
2072.44
2072.44
1773.78
1773.78
657.86
657.86
1506.63
1506.63
1379.08
1379.08
149.63
149.63
1537.64
1537.64
44.45
44.45
3214.09
3214.09
28.46
28.46
495.92
495.92
287.05
287.05
1332.32
1332.32
6730.93
6730.93
2283.32
2283.32
2283.32
4126.16
4126.16
19.83
19.83
612.52
612.52
2709.37
2709.37
203.02
203.02
251.35
251.35
55.65
55.65
7019.12
7019.12
825.22
825.22
3400.03
3400.03
3358.17
3358.17
13.92
13.92
1025.08
1025.08
3926.91
3926.91
3563.81
3563.81
3461.20
3461.20
84.34
5664.60
5664.60
5664.60
98.39
98.39
4454.97
4454.97
7838.71
7838.71
481.27
481.27
4767.69
4767.69
4015.10
4015.10
2518.03
2518.03
2091.09
2091.09
7669.43
7669.43
5888.52
5888.52
1650.14
3252.01
3252.01
3252.01
4226.19
4226.19
7307.62
7307.62
2811.12
2811.12
4899.06
4899.06
5061.26
5061.26
1380.42
1380.42
4768.16
4768.16
124.61
124.61
2461.69
2461.69
41.22
41.22
1167.39
1167.39
3239.74
3239.74
3308.26
3308.26
2090.29
2090.29
4154.13
4154.13
650.73
650.73
194.26
194.26
4124.08
4124.08
3487.80
3487.80
242.93
242.93
2277.24
2277.24
1627.78
1627.78
3526.55
3526.55
4207.23
4207.23
1520.20
1520.20
2642.93
2642.93
3263.69
3263.69
434.92
434.92
1203.67
1203.67
1071.41
1071.41
15.22
15.22
669.03
669.03
1465.77
1465.77
48.49
48.49
1143.93
1143.93
1988.31
1988.31
2921.66
2921.66
111.17
111.17
266.68
266.68
6211.83
6211.83
3336.06
3336.06
172.59
172.59
3274.33
3274.33
79.21
79.21
14.42
14.42
43.96
43.96
43.96
46.24
46.24
46.24
1631.16
1631.16
219.53
89.40
167.58
167.58
167.58
167.58
167.58
167.58
126.97
126.97
126.97
1027.54
1038.60
4366.99
507.53
117.10
4120.26
4120.26
119.31
119.31
3061.82
3061.82
1363.73
1363.73
429.51
429.51
246.07
246.07
481.32
481.32
3679.18
3679.18
2358.48
2358.48
431.09
431.09
4353.02
4353.02
2835.94
2835.94
5163.02
5163.02
542.69
542.69
51.80
51.80
381.96
381.96
2868.01
2868.01
165.42
165.42
1505.58
1505.58
185.85
185.85
1176.80
1176.80
1951.34
1951.34
2068.01
2068.01
1209.07
1209.07
4302.94
4302.94
6201.45
6201.45
3962.09
3962.09
6322.56
6322.56
5209.99
5209.99
4150.02
4150.02
7803.22
7803.22
7332.31
7332.31
1668.07
1668.07
5553.14
5553.14
1954.32
1954.32
595.49
595.49
33.64
33.64
121.22
121.22
1210.95
1210.95
5310.83
5310.83
5744.35
5744.35
496.80
496.80
3508.00
3508.00
1450.90
1450.90
2049.67
2049.67
5918.16
5918.16
3082.66
3082.66
3994.09
3994.09
1867.33
1867.33
2783.54
2783.54
857.37
857.37
1083.98
1083.98
4080.57
4080.57
1100.60
1100.60
5454.63
5454.63
10.00
10.00
164.38
164.38
934.77
934.77
1709.45
1709.45
15.39
15.39
2282.99
2282.99
2982.97
2982.97
511.17
511.17
3300.47
3300.47
4224.26
4224.26
4157.16
4157.16
5104.62
5104.62
2364.58
2364.58
3595.37
3595.37
2442.61
2442.61
4525.00
4525.00
1846.85
1846.85
1426.07
1426.07
4783.73
4783.73
4783.73
4783.73
2124.23
2124.23
5855.23
5855.23
6482.20
6482.20
3738.63
3738.63
3738.63
3738.63
4453.45
4453.45
3276.66
3276.66
3276.66
3276.66
2971.85
2971.85
3521.50
3521.50
22.99
22.99
3881.36
3881.36
3881.36
3881.36
3245.68
3245.68
3074.90
3074.90
5170.80
5170.80
73.77
73.77
5627.31
5627.31
504.26
504.26
3373.50
3373.50
3490.44
3490.44
2786.98
2786.98
1235.73
1235.73
99.96
99.96
1238.35
1238.35
10.00
10.00
5307.56
5307.56
5307.56
5307.56
1974.02
1974.02
2816.48
2816.48
2241.10
2241.10
2320.09
2320.09
2674.58
2674.58
3369.77
3369.77
2435.96
2435.96
5184.05
5184.05
4461.97
4461.97
4378.10
4378.10
7686.00
7686.00
7686.00
7686.00
7686.00
7686.00
7686.00
7686.00
7686.00
7686.00
6658.15
6658.15
6591.77
6591.77
4413.99
4413.99
5418.92
5418.92
7884.76
7884.76
6109.60
6109.60
2255.93
2255.93
7498.33
7498.33
3303.46
3303.46
1661.47
1661.47
8801.96
8801.96
8801.96
8801.96
7296.52
7296.52
7296.52
7296.52
7296.52
7296.52
8228.60
8228.60
6024.84
6024.84
6024.84
6024.84
5285.70
5285.70
1549.38
1549.38
503.30
503.30
12.97
12.97
10.00
10.00
1144.28
1144.28
39.90
39.90
8363.02
8363.02
1534.19
1534.19
897.07
897.07
2758.14
2758.14
1104.43
1104.43
12818.28
12818.28
8227.76
8227.76
10288.75
10288.75
1031.21
1031.21
10776.64
10776.64
11265.89
11265.89
5729.59
5729.59
35.46
35.46
10705.37
10705.37
407.80
407.80
1760.92
1760.92
26.49
26.49
570.64
570.64
1418.00
1418.00
10490.46
10490.46
11263.25
11263.25
5022.02
5022.02
1589.75
1589.75
17.71
17.71
2982.74
2982.74
1873.31
1873.31
17.13
17.13
6630.61
6630.61
78.45
78.45
123.63
123.63
19.20
19.20
55.42
55.42
1652.09
1652.09
219.12
219.12
1481.95
1481.95
214.61
214.61
6687.06
6687.06
1892.25
1892.25
242.71
242.71
1586.59
1586.59
12592.82
12592.82
7906.38
7906.38
2309.78
2309.78
6082.54
6082.54
14.60
14.60
732.01
732.01
1364.13
1364.13
85.57
85.57
277.56
277.56
3816.72
3816.72
3993.32
3993.32
6324.56
6324.56
5765.44
5765.44
4979.15
4979.15
212.58
212.58
1537.61
1537.61
2162.34
2162.34
16.85
16.85
1611.81
1611.81
152.02
152.02
13.95
13.95
17.31
17.31
3417.53
3417.53
1589.79
1589.79
45.98
45.98
43.96
43.96
3738.63
3738.63
54.03
54.03
3417.22
3417.22
263.39
263.39
1571.89
1571.89
108.27
108.27
738.98
738.98
314.67
314.67
118.89
118.89
1543.80
1543.80
1085.03
1085.03
5959.11
5959.11
3802.78
3802.78
21.12
21.12
1714.00
1714.00
5913.99
5913.99
143.47
143.47
143.47
49.13
49.13
3023.43
46.26
46.26
7354.88
7354.88
11599.99
11599.99
16.75
16.75
3916.88
3916.88
288.02
288.02
12264.11
12264.11
1543.53
1543.53
36.01
36.01
10489.26
10489.26
10206.89
10206.89
7357.92
7357.92
10015.61
10015.61
9000.48
9000.48
9449.73
9449.73
853.51
853.51
3473.55
3473.55
1624.72
1624.72
19.67
19.67
345.72
345.72
37.04
37.04
25.44
25.44
540.53
540.53
30.65
30.65
84.31
84.31
277.55
277.55
52.20
52.20
119.78
119.78
10.00
10.00
114.19
114.19
258.76
258.76
1462.38
1462.38
698.97
698.97
42.73
42.73
330.28
330.28
4772.31
4772.31
4904.53
4904.53
218.32
218.32
1547.41
1547.41
9120.18
9120.18
184.87
184.87
10923.30
10923.30
4046.32
4046.32
1809.51
1809.51
3098.01
3098.01
1821.43
1821.43
250.34
250.34
1619.73
1619.73
2108.29
2108.29
120.51
120.51
1420.36
1420.36
223.53
223.53
9283.17
9283.17
46.18
46.18
43.69
43.69
2045.95
2045.95
2864.43
2864.43
1656.78
1656.78
1060.16
1060.16
183.67
183.67
25.86
25.86
26.52
26.52
5214.30
5214.30
677.92
677.92
72.75
72.75
631.82
631.82
2740.84
2740.84
8660.98
8660.98
686.72
686.72
1747.03
1747.03
11292.26
11292.26
5324.28
5324.28
23.36
23.36
281.35
281.35
14499.87
14499.87
140.34
140.34
34.45
34.45
10.00
10.00
79.50
79.50
323.15
323.15
5618.54
5618.54
15.49
15.49
9175.11
9175.11
8693.73
8693.73
10248.56
10248.56
10508.26
10508.26
9182.84
9182.84
6506.19
6506.19
9752.78
9752.78
6946.68
6946.68
7038.23
7038.23
5280.12
5280.12
8760.91
8760.91
9860.48
9860.48
9913.89
9913.89
9913.89
9913.89
4067.96
4067.96
6171.26
6171.26
3818.85
3818.85
4683.02
4683.02
7023.10
7023.10
5444.39
5444.39
6730.43
6730.43
7554.01
7554.01
5222.01
5222.01
7960.48
7960.48
8398.84
8398.84
8398.84
8398.84
4903.26
4903.26
6678.97
6678.97
5193.36
5193.36
6396.67
6396.67
1831.60
1831.60
5829.20
5829.20
222.22
222.22
3808.09
3808.09
7662.23
7662.23
7849.03
7849.03
8905.54
8905.54
10162.54
10162.54
9836.99
9836.99
38.33
38.33
12122.60
12122.60
12122.60
12122.60
12122.60
12122.60
9122.68
9122.68
9122.68
9122.68
8274.96
8274.96
12236.04
12236.04
8546.30
8546.30
13345.56
13345.56
13017.90
13017.90
22.10
22.10
10.00
10.00
1377.71
1377.71
10.00
10.00
1554.77
1554.77
5861.09
5861.09
5026.70
5026.70
1672.56
1672.56
91.30
91.30
3242.98
3242.98
6004.99
6004.99
19.70
19.70
7552.95
7552.95
5957.38
5957.38
5957.38
5957.38
5957.38
5957.38
5269.94
5269.94
7034.61
7034.61
4396.61
4396.61
9266.04
9266.04
10008.02
10008.02
1517.88
1517.88
7314.21
7314.21
13397.43
13397.43
9695.20
9695.20
459.13
459.13
6999.52
6999.52
38.37
38.37
2575.57
2575.57
46.58
46.58
35.30
35.30
59.75
59.75
99.43
99.43
11177.58
11177.58
7152.08
7152.08
8029.57
8029.57
30.16
30.16
1607.02
1607.02
1753.62
1753.62
12002.01
12002.01
13807.97
13807.97
14633.21
14633.21
14633.21
43.20
13.69
13.69
1289.57
1289.57
3484.12
3484.12
22.63
22.63
48.17
48.17
14.98
14.98
14.98
604.84
604.84
70.70
70.70
1216.14
1216.14
9731.68
9731.68
9686.32
9686.32
10509.88
10509.88
47.96
47.96
4635.02
4635.02
1761.68
1761.68
356.60
356.60
43.31
43.31
42.60
42.60
132.71
132.71
1638.69
1638.69
985.06
985.06
57.30
57.30
2848.99
2848.99
41.33
41.33
50.17
50.17
837.42
837.42
1967.79
1967.79
289.85
289.85
44.88
44.88
90.37
90.37
9094.30
9094.30
45.14
45.14
110.97
110.97
10401.11
10401.11
6434.48
6434.48
89.54
89.54
22.76
22.76
100.81
100.81
4262.55
4262.55
82.22
82.22
414.55
414.55
90.39
90.39
345.69
345.69
50.14
50.14
78.39
78.39
45.43
45.43
415.08
415.08
2279.45
2279.45
817.50
817.50
569.30
569.30
17.92
17.92
284.66
284.66
20.44
20.44
20.44
116.14
116.14
116.14
110.23
193.96
561.61
561.61
206.31
206.31
1532.86
1532.86
30.44
30.44
58.81
58.81
179.68
179.68
62.32
62.32
605.64
605.64
72.50
72.50
161.84
161.84
76.48
76.48
1957.57
1957.57
105.55
105.55
8203.61
8203.61
8203.61
8203.61
8799.75
8799.75
32.46
32.46
194.88
194.88
1614.12
1614.12
7401.88
7401.88
6636.96
6636.96
145.25
145.25
7588.87
7588.87
8446.92
8446.92
5175.42
5175.42
1564.37
1564.37
6580.08
6580.08
7501.77
7501.77
10667.47
10667.47
5793.71
5793.71
10051.59
10051.59
10257.94
10257.94
5312.64
5312.64
11783.18
11783.18
7459.48
7459.48
11785.90
11785.90
6802.56
6802.56
1407.93
1407.93
12789.29
12789.29
10108.74
10108.74
11219.43
11219.43
5512.04
5512.04
231.38
231.38
5235.19
5235.19
9533.49
9533.49
33.39
33.39
97.23
97.23
11920.04
11920.04
6819.95
6819.95
108.01
108.01
273.67
273.67
22.45
22.45
6408.85
6408.85
6149.51
6149.51
9805.45
9805.45
6013.99
6013.99
12231.75
12231.75
11481.67
11481.67
4039.34
4039.34
73.79
73.79
567.66
567.66
2881.94
2881.94
274.66
274.66
263.92
263.92
8344.38
8344.38
80.02
80.02
7692.07
7692.07
142.58
142.58
1260.71
1260.71
167.39
167.39
108.78
108.78
40.33
40.33
635.61
635.61
1608.73
1608.73
221.85
221.85
577.69
577.69
14.87
14.87
172.39
172.39
810.88
810.88
75.72
75.72
1351.25
1351.25
571.67
571.67
226.69
226.69
1612.77
1612.77
6633.38
