# 1Hz Kbps trace generated by import_real_world_traces.py
1880.61
1198.11
1998.13
2317.40
2317.40
2231.08
2231.08
2237.36
2237.36
2237.36
1971.63
2298.78
2298.78
2298.78
1975.44
2173.64
2173.64
1929.45
1929.45
1444.07
1444.07
1444.07
1426.52
1426.52
1426.52
1426.52
1426.52
1426.52
2378.45
2378.45
1878.25
1878.25
36.00
36.00
149.56
149.56
2199.17
2199.17
1447.70
1447.70
1748.65
1748.65
2309.07
2309.07
2065.90
2113.25
2113.25
2113.25
2290.28
2290.28
312.01
312.01
1815.12
1815.12
2321.94
2321.94
2020.15
2020.15
1241.04
1809.16
1809.16
1809.16
2049.23
2049.23
2323.07
2323.07
2237.90
2237.90
280.56
280.56
2298.73
2249.35
2249.35
2249.35
638.54
653.80
653.80
2255.77
2255.77
2077.03
2077.03
2077.03
1827.05
1827.05
1908.18
1908.18
373.05
373.05
2364.87
2364.87
1631.07
1631.07
2013.39
2013.39
1667.25
1667.25
1966.00
1966.00
2214.36
2214.36
1324.11
1324.11
2096.58
2096.58
2315.80
91.93
91.93
91.93
2367.10
2010.85
2010.85
2010.85
1388.09
1388.09
2026.64
2026.64
1271.83
1271.83
1051.92
1051.92
2061.42
641.17
641.17
641.17
2335.07
1383.85
1383.85
1383.85
2330.38
2330.38
2062.18
2062.18
2292.08
2292.08
263.41
404.09
404.09
404.09
2006.90
2307.60
2307.60
2307.60
2333.39
1999.06
1999.06
1999.06
2130.58
2130.58
2009.33
2009.33
2009.33
2009.33
2009.33
2009.33
2009.33
2009.33
2009.33
2009.33
2009.33
2009.33
2009.33
2009.33
2009.33
2009.33
2009.33
2009.33
2009.33
2009.33
2009.33
2009.33
2009.33
2009.33
2009.33
2009.33
2009.33
2009.33
2009.33
2009.33
2009.33
2309.55
2309.55
966.59
966.59
1039.09
