# 1Hz Kbps trace generated by import_real_world_traces.py
259.00
259.00
259.00
471.14
404.54
506.40
586.39
586.39
655.39
655.39
655.39
655.39
655.39
655.39
655.39
655.39
655.39
655.39
655.39
655.39
655.39
655.39
655.39
655.39
655.39
655.39
655.39
655.39
655.39
655.39
1422.11
1422.11
1422.11
1422.11
1422.11
1422.11
1422.11
1422.11
1422.11
1422.11
1422.11
1422.11
1422.11
1422.11
1422.11
1422.11
1422.11
1422.11
1422.11
1422.11
1422.11
1422.11
1422.11
1422.11
1422.11
1422.11
1422.11
1422.11
1422.11
1422.11
1422.11
1422.11
1422.11
1422.11
1422.11
1422.11
1422.11
1422.11
1422.11
1422.11
1422.11
1422.11
1422.11
1422.11
1422.11
1422.11
1422.11
1422.11
1422.11
1422.11
1422.11
1422.11
1422.11
1422.11
1422.11
1422.11
1422.11
