# 1Hz Kbps trace generated by import_real_world_traces.py
715.80
687.00
687.00
2854.86
2854.86
2854.86
2854.86
2854.86
2854.86
2854.86
2854.86
2854.86
2854.86
2854.86
2854.86
1050.77
1050.77
3724.16
3724.16
3724.16
3724.16
3724.16
3724.16
3724.16
3724.16
3724.16
3724.16
3724.16
3724.16
2172.71
2172.71
6167.04
6167.04
6167.04
6167.04
6167.04
6167.04
6167.04
6167.04
6167.04
6167.04
6167.04
6167.04
6167.04
6167.04
6167.04
6167.04
6167.04
6167.04
5409.52
5409.52
1783.71
1783.71
6484.23
6484.23
6484.23
6484.23
3770.45
3770.45
354.40
354.40
5708.76
5708.76
4534.40
4534.40
4534.40
4534.40
5005.81
5005.81
3310.68
3310.68
3749.92
3749.92
900.42
900.42
1841.05
1841.05
5526.34
5526.34
2518.85
2518.85
4446.36
4446.36
5430.69
5430.69
142.94
142.94
385.07
385.07
1667.60
1667.60
2215.72
2215.72
1716.24
1716.24
2904.46
2904.46
123.47
123.47
4281.81
4281.81
3509.70
3509.70
764.71
764.71
190.98
190.98
4692.41
4692.41
1049.63
1049.63
358.67
358.67
1987.36
1987.36
1260.37
1260.37
1260.37
741.32
2805.59
2805.59
2978.99
2978.99
634.75
634.75
3382.91
3382.91
4632.19
4632.19
5024.92
5024.92
32.95
32.95
4120.24
4120.24
5268.10
5268.10
1621.25
1621.25
5106.92
5106.92
197.01
197.01
1428.15
1428.15
2388.64
2388.64
551.90
551.90
2376.42
2376.42
1498.12
1498.12
3574.41
3574.41
3215.77
3215.77
2463.42
2463.42
1195.89
1195.89
3417.46
3417.46
4420.51
4420.51
543.08
543.08
1928.10
1928.10
911.94
911.94
4562.50
4562.50
3176.43
3176.43
2285.22
2285.22
103.71
103.71
909.93
909.93
2010.51
2010.51
1964.26
1964.26
1835.87
1835.87
1763.88
1763.88
2854.97
2854.97
1510.36
1510.36
2630.74
2630.74
1485.29
1485.29
2882.46
2882.46
4279.38
4279.38
4116.30
4116.30
986.89
986.89
949.09
949.09
1359.76
1359.76
115.60
115.60
1849.87
1849.87
540.26
540.26
3537.62
3537.62
1209.09
1209.09
3919.03
3919.03
4943.27
4943.27
363.00
363.00
2559.81
2559.81
3628.83
3628.83
596.07
596.07
86.30
86.30
723.42
723.42
764.93
764.93
2190.59
2190.59
1438.96
1438.96
460.37
460.37
1550.23
1550.23
1073.64
1073.64
1073.64
272.80
2953.94
2953.94
2953.94
10.00
44.37
44.37
2238.80
2238.80
20.63
20.63
321.96
321.96
1025.58
1025.58
175.09
175.09
1259.42
1259.42
619.74
619.74
2958.12
2958.12
2434.89
2434.89
2526.37
2526.37
3963.49
3963.49
4603.90
4603.90
527.67
527.67
2767.54
2767.54
4392.36
4392.36
4062.32
4062.32
3789.76
3789.76
4434.31
4434.31
2799.50
2799.50
2733.98
2733.98
3691.08
3691.08
1496.59
1496.59
1162.69
1162.69
797.34
797.34
2256.69
2256.69
1554.27
1554.27
2868.61
2868.61
22.63
22.63
3709.97
3709.97
3913.35
3913.35
249.32
249.32
958.06
958.06
1781.60
1781.60
4722.32
4722.32
4355.81
4355.81
5119.36
5119.36
125.85
125.85
3987.62
3987.62
1937.73
1937.73
4522.92
4522.92
2135.79
2135.79
2709.00
2709.00
5571.15
5571.15
4624.10
4624.10
4897.00
4897.00
4019.43
4019.43
4522.45
4522.45
4987.70
4987.70
4850.64
4850.64
1335.79
1335.79
1642.86
1642.86
936.59
936.59
1791.47
1791.47
1344.90
1344.90
4384.87
4384.87
910.17
910.17
4746.19
4746.19
4878.24
4878.24
1679.39
1679.39
2052.34
2052.34
5048.60
