# 1Hz Kbps trace generated by import_real_world_traces.py
1448.47
366.89
366.89
371.64
1452.31
1452.31
900.42
900.42
1664.47
1293.94
1293.94
2250.88
2250.88
694.19
694.19
157.02
157.02
510.22
510.22
1421.04
1169.14
1254.13
1254.13
1615.65
1615.65
1373.47
1373.47
463.81
463.81
892.09
892.09
646.37
646.37
1104.55
1104.55
1332.40
1332.40
716.62
716.62
2014.72
2014.72
951.08
951.08
1870.20
1870.20
1445.08
1445.08
700.29
700.29
2755.42
2755.42
1256.92
1256.92
534.16
534.16
764.02
764.02
1799.41
1799.41
932.25
932.25
240.62
240.62
240.62
2080.09
2080.09
229.81
229.81
1053.53
976.74
976.74
389.71
389.71
2457.72
2457.72
2925.14
2925.14
2671.78
2671.78
1773.79
1773.79
2040.11
2040.11
115.14
115.14
115.14
538.72
538.72
1069.77
1069.77
1489.80
1489.80
1632.10
960.03
960.03
960.03
1036.80
1036.80
1036.80
952.67
952.67
952.67
761.44
761.44
897.26
39.20
39.20
2114.87
2114.87
636.61
636.61
636.61
2197.38
2052.58
2052.58
3159.86
3159.86
1235.74
466.28
984.23
984.23
1008.00
1008.00
857.76
857.76
1217.80
1217.80
1729.86
1729.86
1729.86
1431.82
1431.82
690.04
690.04
670.68
670.68
670.68
560.77
560.77
1199.40
1932.38
1577.87
1577.87
637.74
637.74
1917.05
1917.05
994.86
994.86
994.86
1735.93
1735.93
1735.93
619.90
619.90
740.67
740.67
1337.88
1643.28
1643.28
1698.86
1570.84
1570.84
1230.25
1230.25
2692.22
2692.22
2617.14
2617.14
330.49
330.49
1724.43
1724.43
1745.87
1745.87
132.08
132.08
902.99
902.99
797.95
797.95
389.12
389.12
1340.99
1340.99
2319.07
2319.07
3006.13
3006.13
1418.85
1418.85
2451.54
2451.54
735.10
735.10
51.87
51.87
1432.15
1432.15
1923.58
1923.58
1187.51
1187.51
2117.06
2117.06
170.87
170.87
470.19
470.19
542.76
542.76
778.95
778.95
457.02
457.02
1465.65
1465.65
1289.82
1289.82
1755.89
1755.89
1029.27
1029.27
681.14
681.14
908.36
908.36
757.60
757.60
1463.81
1463.81
449.64
449.64
2026.93
2026.93
2949.19
2949.19
643.03
643.03
812.14
812.14
1961.87
1961.87
991.83
991.83
403.30
403.30
1871.72
1871.72
3152.47
3152.47
2113.23
2113.23
2292.47
2292.47
2160.76
2160.76
1709.27
1709.27
2045.32
2045.32
1617.34
1617.34
221.29
221.29
2828.56
2828.56
628.33
628.33
305.51
305.51
929.83
929.83
1852.08
1852.08
1511.66
1511.66
1643.77
1643.77
1327.09
1327.09
924.50
924.50
285.42
285.42
1888.40
1888.40
1720.16
1720.16
423.83
423.83
2009.87
2009.87
1317.83
1317.83
2051.32
2051.32
2051.32
2051.32
329.33
1110.77
295.13
295.13
1319.35
1319.35
1429.27
1429.27
1081.56
1081.56
1984.22
1984.22
121.01
121.01
2617.31
2617.31
2490.66
2490.66
2529.47
2529.47
2529.47
2529.47
433.52
433.52
1992.74
1992.74
1584.10
1584.10
1097.84
1097.84
921.06
921.06
47.93
47.93
822.50
822.50
2161.59
2161.59
1149.23
1149.23
1501.45
1501.45
1331.13
1331.13
2573.06
2573.06
655.11
655.11
418.07
418.07
1494.56
1494.56
897.65
897.65
41.25
41.25
1267.30
1267.30
1267.30
1013.45
1013.45
1773.07
1084.96
1084.96
275.47
275.47
1684.31
1684.31
143.42
143.42
124.69
124.69
124.69
35.76
35.76
2534.93
1021.87
1021.87
1353.45
1353.45
309.87
309.87
1368.45
1368.45
1457.81
1457.81
1457.81
1856.29
1856.29
725.04
725.04
856.82
856.82
838.40
838.40
2518.89
2518.89
1137.29
1631.80
1631.80
1631.80
1728.47
1728.47
1076.54
1076.54
150.32
150.32
880.51
880.51
300.44
300.44
542.04
542.04
542.04
1585.29
1585.29
783.30
783.30
648.65
648.65
1282.58
1282.58
53.11
53.11
801.20
801.20
801.20
33.86
33.86
123.66
123.66
1822.72
1822.72
2050.80
2050.80
2050.80
2310.03
2310.03
1858.45
965.23
965.23
2450.53
1274.32
1801.43
1801.43
1530.56
1530.56
2252.78
2252.78
999.31
999.31
417.25
417.25
2034.79
2093.11
2093.11
2093.11
898.55
898.55
678.34
678.34
2254.38
2254.38
2355.55
1625.06
1625.06
1625.06
1517.43
1517.43
42.55
42.55
2656.20
2656.20
363.86
1729.38
1729.38
1729.38
2046.88
1333.89
1333.89
1333.89
1333.89
578.12
578.12
578.12
599.11
599.11
599.11
858.25
858.25
1120.95
1120.95
2161.78
643.32
643.32
2269.92
1542.52
1542.52
1542.52
530.89
530.89
1683.46
1683.46
1662.87
1662.87
269.21
269.21
2247.56
2247.56
173.22
173.22
56.11
56.11
10.00
10.00
1788.29
1788.29
1461.86
1461.86
1764.22
1764.22
132.14
132.14
1892.54
1892.54
1961.13
1961.13
382.97
382.97
2627.99
2627.99
1558.16
1558.16
1670.93
1670.93
899.08
899.08
2297.46
2297.46
1960.15
1960.15
1960.15
1960.15
1701.42
1701.42
2077.12
1436.03
1436.03
1021.09
1021.09
967.51
967.51
967.51
1518.36
1518.36
1890.08
1890.08
1319.03
1319.03
871.33
871.33
1563.82
1563.82
2025.93
2025.93
1117.80
1117.80
852.80
852.80
537.62
537.62
537.62
792.24
792.24
792.24
2142.10
2142.10
2142.10
645.47
645.47
1365.35
1365.35
1672.32
1672.32
2403.63
2403.63
1774.16
1774.16
1542.92
2363.22
2810.20
2810.20
2256.57
2256.57
2450.93
2907.12
2907.12
2077.88
2077.88
856.75
856.75
928.33
928.33
1372.78
1372.78
674.38
674.38
674.38
845.98
845.98
845.98
1943.82
1943.82
1739.99
1739.99
2290.99
2290.99
2004.85
2004.85
1562.42
1562.42
1693.33
1693.33
2295.84
2295.84
2739.47
2739.47
820.16
820.16
1480.64
1480.64
938.36
938.36
218.50
218.50
1373.25
1373.25
824.12
824.12
1861.29
1861.29
586.50
586.50
2111.27
2111.27
841.87
841.87
958.90
958.90
373.54
373.54
158.73
158.73
2115.87
2115.87
1182.62
1182.62
1182.62
1182.62
30.95
30.95
30.95
30.95
832.13
832.13
832.13
832.13
1347.26
1347.26
1889.81
1889.81
2815.75
2317.29
1431.84
1431.84
2400.23
2400.23
1472.96
1472.96
660.72
660.72
660.72
1712.21
1712.21
1712.21
2330.28
2330.28
2330.28
235.41
235.41
235.41
986.14
178.23
178.23
714.15
2180.34
818.38
2911.53
2911.53
907.64
907.64
1245.70
1245.70
1245.70
2446.72
2446.72
2446.72
2193.51
2193.51
1029.64
1029.64
1298.75
1298.75
2130.79
2130.79
690.54
690.54
889.45
889.45
1119.27
1119.27
871.52
871.52
1619.04
1619.04
1280.22
1280.22
325.37
325.37
70.84
70.84
991.30
991.30
1298.03
1298.03
2140.33
2140.33
1930.04
1930.04
2376.49
2376.49
60.11
60.11
1961.61
1961.61
1309.33
1309.33
1668.27
1668.27
2225.61
2225.61
110.42
110.42
770.06
770.06
1328.39
1328.39
557.04
557.04
2276.95
2276.95
1509.39
1509.39
378.50
378.50
2088.31
2088.31
2611.47
2611.47
1685.45
1685.45
66.34
66.34
702.70
702.70
1316.09
1316.09
757.47
757.47
1633.77
1633.77
1367.30
1367.30
1102.58
1102.58
1453.51
1453.51
24.96
24.96
52.11
52.11
52.11
861.23
2632.17
2632.17
2499.80
2499.80
986.86
986.86
370.87
370.87
1956.84
1956.84
1945.34
1945.34
463.22
463.22
2553.53
2553.53
2030.32
2030.32
932.37
932.37
1326.22
1326.22
51.67
51.67
854.98
854.98
551.61
551.61
26.60
26.60
63.67
63.67
246.66
246.66
675.91
675.91
45.75
45.75
2653.12
2653.12
1892.14
1892.14
1892.14
560.17
1825.90
1825.90
2173.17
2173.17
1115.11
1115.11
931.52
931.52
1066.73
1066.73
435.87
435.87
1909.83
1909.83
648.32
648.32
1841.11
1841.11
1236.02
1236.02
2077.40
2077.40
1320.65
1320.65
588.71
588.71
908.99
908.99
1969.38
1969.38
61.97
61.97
61.97
61.97
1317.13
1317.13
1317.13
403.13
403.13
403.13
69.81
69.81
1800.89
1800.89
268.11
2398.11
2398.11
2398.11
1625.41
91.70
1507.03
1507.03
1220.05
1220.05
59.41
59.41
2175.86
2175.86
2247.58
2247.58
350.83
350.83
2347.97
2347.97
1147.60
1147.60
1632.39
1632.39
1688.58
1688.58
1234.12
1234.12
1539.03
1539.03
1267.18
1267.18
2533.40
2533.40
957.42
957.42
1902.67
1902.67
1702.98
1702.98
827.11
827.11
797.29
797.29
2271.08
2271.08
41.71
41.71
1522.31
1522.31
278.72
278.72
2086.62
2086.62
563.39
563.39
815.21
815.21
51.69
51.69
1590.77
1590.77
1652.32
1652.32
819.47
819.47
395.11
395.11
1572.55
1572.55
808.72
808.72
1326.32
1326.32
69.85
69.85
1866.75
1866.75
421.79
421.79
891.68
891.68
891.68
255.14
255.14
2286.61
773.17
773.17
172.68
172.68
1676.77
1676.77
2335.91
2335.91
2175.18
2175.18
2424.60
2424.60
1585.64
1585.64
1780.42
1780.42
1950.37
1950.37
1738.54
1738.54
1536.26
1536.26
956.28
956.28
61.72
61.72
1233.94
1233.94
1276.29
1276.29
424.83
424.83
1576.74
1576.74
2632.21
2632.21
2070.00
2070.00
1666.74
1666.74
2363.91
2363.91
974.84
974.84
1568.64
1568.64
2582.93
2582.93
1144.23
1144.23
1602.49
1602.49
2287.64
2287.64
1380.69
1380.69
512.71
512.71
1607.04
1607.04
218.88
218.88
1439.06
1439.06
1699.80
1699.80
1412.52
1412.52
828.08
828.08
2001.16
2001.16
1254.76
1254.76
2217.20
2217.20
2138.08
2138.08
2550.27
2550.27
1556.24
1556.24
1595.18
1595.18
412.29
412.29
1818.89
1818.89
1208.54
1208.54
1840.22
1840.22
1002.83
1002.83
2072.60
2072.60
1170.03
1170.03
2233.42
2233.42
1328.82
1328.82
1709.54
1709.54
1919.65
1919.65
1847.48
1847.48
2064.88
2064.88
2024.33
2024.33
2351.51
2351.51
936.85
936.85
192.24
192.24
912.60
912.60
974.54
974.54
621.03
621.03
2404.09
2404.09
2015.35
2015.35
1308.00
1308.00
1674.81
1674.81
1769.34
1769.34
2911.59
2911.59
2198.80
2198.80
2569.52
2569.52
1703.69
1703.69
943.61
943.61
1115.29
1115.29
1243.40
1243.40
46.85
46.85
1744.89
1744.89
2648.83
2648.83
1128.84
1128.84
2103.02
2103.02
2251.86
2251.86
1048.10
1048.10
1774.95
1774.95
1690.87
1690.87
1756.73
1756.73
2339.06
2339.06
673.21
673.21
2003.48
2003.48
754.42
754.42
1974.49
1974.49
403.49
403.49
626.48
626.48
1140.72
1140.72
1140.72
726.92
726.92
726.92
151.98
151.98
1662.21
1662.21
1662.21
2575.99
2575.99
1336.93
1336.93
2131.44
2073.37
2073.37
152.46
152.46
1808.24
1808.24
1808.24
1224.53
1224.53
666.70
646.02
646.02
646.02
1705.15
1705.15
1076.65
1076.65
1076.65
2151.11
2151.11
2435.88
2435.88
2737.30
2737.30
1153.66
1153.66
1153.66
2516.32
2516.32
2481.33
2481.33
2211.19
2211.19
339.05
339.05
255.41
255.41
255.41
760.44
760.44
760.44
582.58
2249.26
2249.26
2249.26
1877.48
1342.53
1342.53
253.33
253.33
257.04
257.04
1925.95
1925.95
3035.20
3035.20
1240.88
1240.88
1697.62
1697.62
1752.10
1752.10
1565.01
1565.01
2299.05
2299.05
1096.10
1096.10
2235.49
2235.49
2013.79
2013.79
1341.99
1341.99
2440.64
2440.64
496.48
496.48
2007.70
2007.70
2042.86
2042.86
320.73
320.73
2437.88
2437.88
2437.88
36.84
1678.41
1678.41
1670.83
1670.83
1415.20
1415.20
1740.58
1740.58
872.22
872.22
1706.46
1706.46
62.79
62.79
2187.91
2187.91
524.43
524.43
524.43
857.06
1238.02
1238.02
777.99
777.99
210.31
210.31
87.94
87.94
1423.23
1423.23
1994.92
1994.92
1994.92
1994.92
70.67
70.67
431.60
431.60
431.60
431.60
431.60
431.60
63.85
63.85
63.85
1960.30
1960.30
1076.02
2861.90
1665.97
1467.90
1467.90
1363.09
1363.09
134.16
134.16
134.16
2791.34
2562.37
2562.37
1693.90
1693.90
988.15
988.15
846.27
846.27
1428.43
1428.43
369.08
369.08
369.08
1142.78
1892.54
1892.54
1694.08
1694.08
1151.16
1151.16
69.43
69.43
1831.72
1831.72
2436.91
2436.91
66.28
66.28
2829.19
2829.19
138.48
138.48
356.46
356.46
2258.83
2258.83
927.22
927.22
286.91
286.91
286.91
286.91
207.53
1749.15
1749.15
1749.15
1333.10
722.21
722.21
1147.20
2417.22
2417.22
2579.51
2579.51
2452.70
2452.70
1357.98
1357.98
138.44
138.44
1804.70
1804.70
827.74
827.74
1748.96
1748.96
1240.94
1240.94
2609.01
2609.01
360.76
360.76
360.76
360.76
360.76
608.77
608.77
213.86
213.86
213.86
1818.64
1818.64
1913.26
1065.78
1809.39
1368.96
2016.08
2016.08
2967.34
2967.34
1618.69
1618.69
3072.69
3072.69
3072.69
1762.58
1762.58
1414.01
1414.01
1410.75
1410.75
846.21
846.21
846.21
846.21
1472.69
1472.69
1576.61
1576.61
2442.42
2880.10
2165.68
2165.68
1392.18
1392.18
2294.72
2294.72
1977.38
1977.38
2492.19
2492.19
896.19
896.19
861.12
861.12
338.85
1110.81
1110.81
1110.81
976.82
976.82
976.82
1375.53
685.82
685.82
962.99
962.99
1991.05
1991.05
24.15
24.15
2368.52
2368.52
2368.52
971.80
971.80
971.80
2306.28
2306.28
529.00
529.00
529.00
1206.94
1206.94
80.06
1990.13
1758.19
1507.14
1507.14
2936.50
730.71
730.71
730.71
1394.74
1394.74
1352.88
1352.88
1170.51
1170.51
181.22
181.22
2717.08
2407.40
2407.40
2407.40
1952.27
1952.27
1698.17
1698.17
667.41
667.41
2262.01
2262.01
2929.72
2929.72
354.26
354.26
832.98
832.98
2297.11
2297.11
878.16
878.16
1026.09
1026.09
613.24
613.24
1919.82
1919.82
1381.85
1381.85
1930.75
1930.75
2071.63
2071.63
3049.50
3049.50
2183.03
2183.03
2183.03
2183.03
1935.03
1935.03
2317.25
2317.25
2785.97
2785.97
1743.54
1743.54
1081.00
1081.00
90.94
90.94
260.47
260.47
569.70
569.70
862.04
862.04
1948.94
1948.94
1717.55
1717.55
127.78
127.78
497.91
497.91
2004.01
2004.01
2515.25
2515.25
1791.65
1791.65
3147.02
3147.02
199.88
199.88
2699.70
2699.70
2279.91
2279.91
299.18
299.18
835.97
835.97
815.38
815.38
1457.91
1457.91
1566.07
1566.07
1942.64
1942.64
1928.97
1928.97
2067.67
2067.67
2746.42
2746.42
476.41
476.41
2272.56
2272.56
2583.95
2583.95
1188.03
1188.03
2326.15
2326.15
136.23
136.23
2936.64
2936.64
2174.07
2174.07
1749.14
1749.14
1267.14
1267.14
781.49
781.49
1610.18
1610.18
2762.96
2762.96
680.41
680.41
1045.55
1045.55
1559.83
1559.83
1826.55
1826.55
2019.08
2019.08
2640.14
2640.14
2490.66
2490.66
2687.24
2687.24
48.00
48.00
916.13
916.13
361.65
361.65
950.97
950.97
1500.03
1500.03
1344.82
1344.82
2604.22
2604.22
2590.30
2590.30
2527.64
2527.64
140.91
140.91
1587.98
1587.98
2329.72
2329.72
648.46
648.46
2832.99
2832.99
875.82
875.82
1243.66
1243.66
358.41
358.41
305.76
305.76
177.32
177.32
799.04
799.04
1094.91
1094.91
2002.74
2002.74
1660.65
1660.65
2533.60
2533.60
2845.47
2845.47
2401.93
2401.93
2203.25
2203.25
1113.23
1113.23
1970.02
1970.02
1209.93
1209.93
1209.93
644.62
644.62
644.62
490.30
490.30
490.30
1772.86
1772.86
1772.86
343.14
2112.88
2112.88
1645.83
75.50
75.50
75.50
1831.57
1831.57
917.69
917.69
1783.82
1783.82
2671.62
1469.05
2484.89
2460.30
2460.30
2437.00
2437.00
803.06
803.06
601.45
601.45
38.49
38.49
269.17
269.17
1689.68
1689.68
1327.63
1327.63
1327.63
1093.72
1093.72
1910.72
1910.72
235.16
235.16
955.02
195.19
195.19
2635.92
2635.92
2535.76
2535.76
904.36
904.36
2413.34
2413.34
1924.85
1924.85
1531.14
1531.14
47.85
47.85
1218.75
1218.75
1256.92
1256.92
1978.93
1978.93
845.56
845.56
2133.12
2133.12
2009.55
2009.55
427.38
427.38
3018.47
3018.47
1230.10
1230.10
1170.30
1170.30
1702.65
1702.65
119.73
119.73
1352.35
1352.35
1352.35
1352.35
1352.35
1352.35
72.53
72.53
72.53
942.51
538.63
538.63
1326.44
2175.95
2541.70
2541.70
375.54
375.54
731.45
731.45
731.45
2135.78
2135.78
98.69
98.69
1211.65
2110.95
2110.95
1280.14
1280.14
1280.14
1002.32
1002.32
1002.32
1869.07
1869.07
1987.87
1987.87
746.64
475.28
475.28
1516.68
148.10
148.10
2333.25
2333.25
1089.92
1089.92
1154.15
1154.15
617.97
617.97
2769.52
2769.52
290.47
290.47
763.72
763.72
1642.97
1642.97
1125.60
1125.60
2162.39
2162.39
1177.54
1177.54
909.92
909.92
1633.24
1633.24
2641.90
2641.90
2464.18
2464.18
862.96
862.96
2191.49
2191.49
1596.20
1596.20
2118.41
2118.41
2308.50
2308.50
1731.34
1731.34
2400.23
2400.23
2591.58
2591.58
1462.62
1462.62
2573.41
2573.41
1506.06
1506.06
29.20
29.20
946.93
946.93
1119.77
1119.77
1362.36
1362.36
1787.10
1787.10
873.11
873.11
1564.06
1564.06
2711.74
2711.74
2845.59
2845.59
2601.63
2601.63
2025.23
2025.23
709.33
709.33
1779.58
1779.58
707.07
707.07
483.88
483.88
1897.73
1897.73
2073.86
2073.86
2089.88
2089.88
87.13
87.13
3086.68
3086.68
608.87
608.87
884.04
884.04
1315.13
1315.13
502.66
502.66
1952.45
1952.45
1614.80
1614.80
1978.78
1978.78
1369.74
1369.74
90.70
90.70
2442.05
2442.05
1311.38
1311.38
2958.69
2958.69
2163.40
2163.40
1828.96
1828.96
1888.36
1888.36
2498.85
2498.85
3109.32
3109.32
1847.01
1847.01
2350.17
2350.17
1762.98
1762.98
2200.16
2200.16
1162.58
1162.58
2189.47
2189.47
1657.21
1657.21
923.02
923.02
2455.69
2455.69
2445.32
2445.32
133.85
133.85
86.75
86.75
1866.88
1866.88
1841.11
1841.11
1865.48
1865.48
1700.44
1700.44
78.05
78.05
1458.74
1458.74
2428.13
2428.13
79.99
79.99
79.99
1221.86
1221.86
1221.86
1221.86
1457.96
1457.96
1457.96
698.34
698.34
698.34
698.00
1299.90
2013.98
2013.98
1993.46
2296.77
1640.08
1640.08
894.83
2607.50
2607.50
2607.50
2583.50
2583.50
2583.50
2596.40
2596.40
2596.40
2596.40
757.06
1157.49
1157.49
1157.49
1157.49
1661.09
1661.09
2082.52
2097.14
1087.27
107.46
107.46
2273.97
2273.97
1371.01
1371.01
1371.01
1778.02
1929.69
1929.69
27.51
2231.22
303.54
303.54
168.56
168.56
1937.19
1937.19
2560.78
2560.78
2472.38
2472.38
1233.96
1233.96
673.02
673.02
799.09
799.09
1813.91
1813.91
2195.17
2195.17
1293.82
1293.82
2760.59
2760.59
2100.51
2100.51
2518.15
2518.15
1902.67
1902.67
1996.32
1996.32
1343.11
1343.11
799.93
799.93
696.59
696.59
1912.97
1912.97
1011.17
1011.17
1116.53
1116.53
908.29
908.29
1059.24
1059.24
2945.98
2945.98
3039.25
3039.25
2109.75
2109.75
264.98
264.98
264.98
264.98
131.57
131.57
1770.56
1770.56
1770.56
2263.17
2263.17
2263.17
2263.17
553.47
553.47
553.47
553.47
553.47
1255.88
607.50
607.50
192.05
192.05
992.86
992.86
2279.87
2808.71
2808.71
2216.97
2216.97
2213.52
2213.52
2398.16
2398.16
2208.61
2208.61
2511.79
2511.79
2717.25
2717.25
1671.28
1671.28
262.40
262.40
2031.41
2031.41
977.66
977.66
1334.43
1334.43
1715.99
1715.99
613.49
613.49
1833.40
1833.40
74.30
74.30
684.62
684.62
2656.37
2656.37
2221.55
2221.55
1590.10
1590.10
2182.36
2182.36
2464.09
2464.09
1804.98
1804.98
3174.88
3174.88
2896.42
2896.42
2896.42
263.28
1304.81
1304.81
2973.81
2973.81
2454.25
2454.25
1496.56
1496.56
1521.44
1521.44
2226.03
2226.03
2897.11
2897.11
1100.10
1100.10
1394.69
1394.69
2592.52
2592.52
3028.15
3028.15
2523.87
2523.87
284.99
284.99
966.41
966.41
1201.87
1201.87
952.87
952.87
1473.80
1473.80
82.28
82.28
369.54
369.54
2532.31
2532.31
2144.36
2144.36
2577.49
2577.49
85.43
85.43
1637.50
1637.50
2196.99
2196.99
1166.87
1166.87
1926.70
1926.70
278.27
278.27
2107.22
2107.22
704.24
704.24
609.55
609.55
822.43
822.43
1142.89
1142.89
1549.94
1549.94
1734.56
1734.56
1759.44
1759.44
1497.49
1497.49
517.04
517.04
517.04
1678.49
1678.49
2340.02
43.69
43.69
2167.89
2167.89
837.42
837.42
837.42
837.42
1948.56
1948.56
588.57
588.57
588.57
1997.87
2139.29
1229.67
103.92
103.92
2532.52
2532.52
1222.30
1222.30
1085.92
1085.92
1946.88
1946.88
2801.61
2801.61
2079.93
2079.93
926.44
926.44
543.50
543.50
1783.64
1783.64
367.08
367.08
2398.66
2398.66
125.93
125.93
576.80
576.80
1298.01
1298.01
521.64
521.64
2148.53
2148.53
2299.09
2299.09
2797.87
2797.87
3687.30
3687.30
2853.99
2853.99
2260.74
2260.74
2260.74
2260.74
2596.36
2596.36
1601.06
1601.06
2161.04
2161.04
1144.74
1144.74
2562.19
2562.19
335.43
335.43
2092.69
2092.69
2647.39
2647.39
1547.80
1547.80
1117.47
1117.47
1665.32
1665.32
2166.42
2166.42
2136.82
2136.82
1453.12
1453.12
381.10
381.10
883.62
883.62
2666.33
2666.33
1302.37
1302.37
886.89
886.89
775.78
775.78
81.08
81.08
712.06
712.06
1292.63
1292.63
751.79
751.79
2369.28
2369.28
2204.02
2204.02
2078.63
2078.63
1917.46
1917.46
550.70
550.70
2975.41
2975.41
2667.03
2667.03
1546.89
1546.89
762.52
762.52
932.76
932.76
558.04
558.04
500.37
500.37
608.10
608.10
1806.77
1806.77
1806.77
1806.77
2521.89
2521.89
60.50
60.50
1271.95
1271.95
1271.95
2469.71
2469.71
1714.25
2504.49
2504.49
435.34
435.34
249.20
249.20
81.64
81.64
81.64
81.64
689.72
689.72
689.72
955.69
955.69
1867.45
1867.45
43.42
43.42
43.42
2265.36
602.98
424.88
424.88
183.36
183.36
183.36
1507.64
1507.64
1353.46
1353.46
1550.03
1550.03
2347.84
2347.84
1344.60
1344.60
763.38
763.38
1690.53
1690.53
291.99
291.99
1257.07
1257.07
1497.86
1497.86
418.39
418.39
2166.26
2166.26
998.19
998.19
2048.04
2048.04
2019.22
2019.22
1763.29
1763.29
2180.25
2180.25
2106.02
2106.02
1546.54
1546.54
1169.78
1169.78
106.81
106.81
106.81
1037.91
1037.91
1037.91
1218.83
1218.83
2003.43
2003.43
1911.38
981.65
752.00
752.00
1255.30
1255.30
1058.18
1058.18
2669.55
2669.55
603.80
603.80
2996.13
2996.13
1862.78
1862.78
2579.27
2579.27
1888.35
1888.35
1563.11
1563.11
1098.79
1098.79
1334.18
1334.18
67.36
67.36
648.24
648.24
1358.77
1358.77
1476.35
1476.35
1346.36
1346.36
87.31
87.31
310.06
310.06
1089.64
1089.64
824.62
99.57
99.57
99.57
1377.75
1377.75
784.61
784.61
1121.97
1121.97
1121.97
688.09
688.09
1056.20
1056.20
192.28
192.28
838.95
1081.76
1081.76
666.27
666.27
1398.84
1398.84
1179.22
1179.22
256.69
256.69
606.80
606.80
1667.03
1667.03
2011.02
2011.02
2393.33
2393.33
2366.49
2366.49
341.90
341.90
341.90
341.90
1104.59
1104.59
1104.59
1061.71
1420.89
1420.89
1420.89
30.29
30.29
30.29
914.55
859.23
1748.64
1748.64
2222.41
2222.41
2141.65
2141.65
2889.62
2889.62
2352.60
2352.60
1769.05
1769.05
2526.35
2526.35
1788.31
1788.31
1589.84
1589.84
1723.95
1723.95
314.29
314.29
314.29
2118.52
2118.52
2118.52
3235.91
3235.91
404.72
1539.24
1604.39
1604.39
2580.61
2580.61
1977.82
1977.82
1395.50
1395.50
2239.75
2239.75
973.20
973.20
2129.87
2129.87
1243.07
1243.07
1625.07
1625.07
1316.20
1316.20
1896.30
1896.30
2226.41
2226.41
938.44
938.44
2432.50
2432.50
1961.69
1961.69
2326.79
2326.79
2726.68
2726.68
2606.17
2606.17
1261.44
1261.44
1768.29
1768.29
2179.10
2179.10
3218.33
3218.33
2727.70
2727.70
1246.07
1246.07
74.13
74.13
100.80
100.80
947.01
947.01
496.31
496.31
2472.80
2472.80
2472.80
2472.80
1526.17
1526.17
2171.39
2171.39
2379.44
2379.44
79.35
79.35
400.02
400.02
3187.77
3187.77
2338.66
2338.66
2216.15
2216.15
1069.38
1069.38
429.13
429.13
749.72
749.72
1654.83
1654.83
1723.65
1723.65
2721.00
2721.00
1444.06
1444.06
1459.08
1459.08
2288.68
2288.68
1566.94
1566.94
1145.90
1145.90
1498.18
1498.18
2897.49
2897.49
908.10
908.10
2211.89
2211.89
391.98
391.98
1089.58
1089.58
743.70
743.70
27.59
27.59
79.34
79.34
26.78
26.78
593.21
593.21
1504.18
1504.18
2158.78
2158.78
500.40
500.40
67.89
67.89
1360.67
1360.67
982.87
982.87
2070.74
2070.74
2291.80
2291.80
947.09
947.09
1462.80
1462.80
393.98
393.98
837.95
837.95
2281.96
2281.96
1739.39
1739.39
680.72
680.72
2422.35
2422.35
2483.29
2483.29
2483.29
2552.05
2521.83
2521.83
1782.14
1782.14
1248.51
1248.51
1694.49
1694.49
1235.19
1235.19
2246.27
2246.27
2246.27
34.13
34.13
425.74
425.74
945.62
2235.33
2235.33
928.37
928.37
2728.14
2728.14
1648.73
1648.73
242.92
242.92
1401.64
1401.64
1107.71
1107.71
867.50
867.50
867.50
2748.00
2530.82
2530.82
1543.92
1543.92
1122.72
1122.72
776.85
776.85
102.75
102.75
705.88
705.88
825.04
825.04
825.04
1974.75
1974.75
1236.88
3057.20
3057.20
2569.43
2569.43
1974.65
1974.65
1925.87
1925.87
1674.95
1674.95
649.56
649.56
2133.46
2133.46
1143.30
1143.30
1143.30
1044.69
1044.69
1044.69
117.42
117.42
1349.70
1349.70
458.23
1042.28
2169.16
2169.16
1916.53
1916.53
1013.28
1013.28
992.41
992.41
1946.30
1946.30
2473.29
2473.29
2807.69
2807.69
1569.25
1569.25
2895.28
2895.28
44.27
44.27
1131.82
1131.82
2209.83
2209.83
461.40
461.40
371.74
371.74
1105.56
1105.56
1204.65
1204.65
1160.30
1160.30
1928.46
1928.46
1125.64
1125.64
631.58
631.58
1622.48
1622.48
2007.18
2007.18
2556.49
2556.49
2437.80
2437.80
1064.56
1064.56
2016.32
2016.32
2016.32
715.71
715.71
852.37
852.37
1181.45
1181.45
980.50
621.34
621.34
119.73
119.73
2329.95
2329.95
490.34
490.34
2552.87
2552.87
70.55
70.55
2987.28
2987.28
336.09
336.09
516.90
516.90
2099.47
2099.47
24.33
24.33
566.49
566.49
1830.41
1830.41
974.91
974.91
358.12
358.12
876.12
876.12
233.90
233.90
1001.47
1001.47
41.12
41.12
2061.33
2061.33
135.79
135.79
2790.28
2790.28
1378.31
1378.31
1564.25
1564.25
2608.77
2608.77
1006.68
1006.68
535.38
535.38
947.51
947.51
885.55
885.55
1266.74
1266.74
536.30
536.30
1681.97
1681.97
1728.74
1728.74
179.54
179.54
2115.86
2115.86
1063.88
1063.88
2616.06
2616.06
2471.37
2471.37
152.42
152.42
2849.54
2849.54
597.92
597.92
753.40
753.40
516.40
516.40
2386.36
2386.36
1999.11
1999.11
1306.18
1306.18
2375.45
2375.45
2375.45
957.73
957.73
2522.28
2522.28
1081.40
29.20
29.20
2212.65
2212.65
1031.88
1031.88
2605.84
2605.84
1909.89
1909.89
1175.89
1175.89
498.52
498.52
1546.75
1546.75
1546.75
2333.48
2333.48
565.31
565.31
2940.65
130.37
130.37
1275.78
1275.78
2401.80
2401.80
2203.93
2203.93
2730.28
2730.28
1906.59
1906.59
2206.12
2206.12
1200.52
1200.52
332.89
332.89
261.98
261.98
2520.14
2520.14
220.66
220.66
1922.51
1922.51
2254.22
2254.22
2153.88
2153.88
1888.06
1888.06
2852.51
2852.51
2263.82
2263.82
2515.37
2515.37
1121.74
1121.74
1157.66
1157.66
126.13
126.13
1502.10
1502.10
2281.25
2281.25
477.34
477.34
1956.30
1956.30
1328.39
1328.39
1202.54
1202.54
1641.37
1641.37
1834.71
1834.71
1374.51
1374.51
2225.61
2225.61
459.72
459.72
46.37
46.37
1324.24
1324.24
388.88
388.88
1496.95
1496.95
10.00
10.00
2210.09
2210.09
2210.09
2210.09
183.39
183.39
183.39
1750.85
1249.45
1249.45
1305.17
2404.40
2404.40
1547.08
3021.76
3021.76
2336.98
2336.98
2277.81
2277.81
2585.16
2585.16
121.18
121.18
2414.70
2414.70
2414.70
1813.33
1813.33
1813.33
2205.44
2205.44
2205.44
2205.44
2205.44
316.56
316.56
2424.90
1266.37
1014.24
1128.46
1128.46
63.50
63.50
2451.96
1188.24
2789.90
2789.90
2189.58
2189.58
2783.10
2783.10
2721.54
2721.54
1775.60
1775.60
2614.42
2614.42
80.66
80.66
1620.16
1620.16
1131.11
1131.11
1612.69
1612.69
1805.34
1805.34
1840.04
1840.04
928.38
928.38
2093.06
2093.06
1285.66
1285.66
3087.52
3087.52
2518.86
2518.86
2430.27
2430.27
339.97
339.97
253.82
253.82
2570.42
2570.42
477.14
477.14
245.36
245.36
1933.38
1933.38
608.49
608.49
1003.46
1003.46
1048.02
1048.02
2598.90
2598.90
2185.95
2185.95
2074.42
2074.42
713.22
713.22
1585.02
1585.02
81.07
81.07
1074.14
1074.14
2146.25
2146.25
1414.29
1414.29
2385.24
2385.24
113.68
113.68
2792.74
2792.74
1690.00
1690.00
559.48
559.48
952.87
952.87
1054.62
1054.62
2448.84
2448.84
2024.62
2024.62
1006.62
1006.62
2220.45
2220.45
2467.93
2467.93
2036.72
2036.72
2072.36
2072.36
837.49
837.49
178.63
178.63
974.49
974.49
2295.60
2295.60
195.89
195.89
403.62
403.62
1420.48
1420.48
1420.48
1420.48
1887.72
1887.72
1206.00
1206.00
2004.47
2004.47
728.21
728.21
1318.63
1318.63
3003.43
3003.43
1817.26
1817.26
1954.72
1954.72
2250.74
2250.74
2738.97
2738.97
1930.74
1930.74
1932.35
1932.35
2440.22
2440.22
500.69
500.69
2705.71
2705.71
2583.85
2583.85
31.39
31.39
228.39
228.39
59.66
59.66
2579.39
2579.39
1033.64
1033.64
10.00
10.00
125.18
125.18
125.18
125.18
37.30
37.30
37.30
37.30
808.32
808.32
808.32
808.32
962.42
962.42
962.42
1119.05
1119.05
2293.67
2293.67
1732.27
1803.57
2032.45
2246.07
2365.33
2541.27
2541.27
382.12
382.12
2545.66
2545.66
1681.86
1681.86
2597.33
2597.33
1929.06
1929.06
140.36
140.36
581.98
581.98
2450.12
2450.12
1767.23
1767.23
2174.49
2174.49
918.43
918.43
2003.29
2003.29
2403.38
2403.38
182.68
182.68
1023.59
1023.59
1456.76
1456.76
1501.22
1501.22
3051.06
3051.06
2425.45
2425.45
500.89
500.89
56.25
56.25
68.87
68.87
556.00
556.00
557.05
557.05
557.05
1465.98
1112.01
1112.01
2060.21
2060.21
1712.05
1712.05
387.19
387.19
43.99
43.99
2547.78
2547.78
1289.48
1289.48
2997.39
2997.39
662.02
662.02
2143.01
2143.01
2143.01
1145.87
1145.87
465.08
465.08
628.95
628.95
2332.09
2332.09
2321.45
680.59
680.59
1038.15
1038.15
660.10
660.10
660.10
1471.29
2076.81
2076.81
1020.16
1020.16
2253.27
2253.27
587.47
587.47
1742.83
1742.83
1300.35
1300.35
24.26
24.26
24.26
2117.80
2178.72
2178.72
2178.72
1139.25
1139.25
1657.21
1657.21
1947.31
1947.31
2107.09
2107.09
1347.02
1347.02
379.86
379.86
2756.91
2756.91
68.93
68.93
2746.08
2746.08
1734.75
1734.75
2902.06
2902.06
124.88
124.88
1937.77
1937.77
2335.81
2335.81
1240.35
1240.35
899.76
899.76
859.07
859.07
777.60
777.60
2858.39
2858.39
160.93
160.93
2001.93
1906.81
1906.81
1906.81
2192.29
2192.29
1196.99
1196.99
2195.96
2195.96
308.79
308.79
2666.88
2666.88
1079.52
1079.52
1940.77
1940.77
903.87
903.87
681.15
681.15
538.37
538.37
1370.81
1370.81
1370.81
372.48
2896.07
2896.07
2188.57
2188.57
1181.60
1181.60
442.02
442.02
214.37
214.37
51.40
51.40
2027.48
2027.48
1404.49
1404.49
1952.83
1952.83
1229.86
1229.86
1063.79
1063.79
957.05
957.05
2957.14
2957.14
750.56
750.56
814.99
814.99
1503.96
1503.96
2182.88
2182.88
3290.70
3290.70
2804.05
2804.05
2154.10
2154.10
1923.39
1923.39
1409.00
1409.00
1393.36
1393.36
2402.07
2402.07
2082.36
2082.36
82.51
508.06
508.06
508.06
1828.35
1828.35
658.81
658.81
1645.81
1645.81
396.49
396.49
241.36
241.36
1550.19
1550.19
2327.82
2327.82
1422.23
1422.23
1182.54
1182.54
2602.28
2602.28
116.21
116.21
937.10
937.10
1924.14
1924.14
1235.19
1235.19
29.67
29.67
580.46
580.46
580.46
598.34
598.34
109.89
109.89
109.89
576.10
1387.79
336.81
336.81
149.64
149.64
2294.58
2294.58
776.98
776.98
1471.56
1471.56
2354.66
2354.66
2173.21
2173.21
239.73
239.73
239.73
1212.85
1753.56
1753.56
1241.08
1241.08
1578.57
1578.57
1956.06
1956.06
68.76
68.76
2225.61
2225.61
1699.85
1699.85
172.75
172.75
2319.30
2319.30
3127.25
3127.25
1013.38
1013.38
78.54
78.54
1237.11
1237.11
1520.31
1520.31
2504.41
2504.41
945.96
945.96
2198.06
2198.06
1348.39
1348.39
59.09
59.09
1083.77
1083.77
1627.89
1627.89
10.00
10.00
736.36
736.36
330.44
330.44
613.33
613.33
2190.55
2190.55
2250.17
2250.17
152.22
152.22
152.22
1834.33
1834.33
1834.33
2115.33
1650.98
2034.56
2034.56
1179.96
1179.96
158.84
158.84
1120.02
1120.02
812.05
812.05
2027.27
2027.27
535.69
535.69
2408.67
2408.67
1127.72
1127.72
1503.65
1503.65
1402.85
1402.85
2618.39
2618.39
724.71
724.71
1203.44
1203.44
1277.07
1277.07
2174.01
2174.01
893.00
893.00
486.57
486.57
302.67
302.67
1793.86
1793.86
2418.44
2418.44
1863.39
1863.39
1595.39
1595.39
1958.64
1958.64
306.54
306.54
84.66
84.66
960.65
960.65
960.65
969.67
969.67
791.08
791.08
1754.17
1754.17
1628.62
1580.30
1580.30
2007.38
2007.38
2692.51
2692.51
1600.69
1600.69
2946.24
2946.24
645.27
645.27
1850.16
1850.16
1369.67
1369.67
2367.95
2367.95
1034.45
1034.45
1458.25
1458.25
76.39
76.39
1898.39
1898.39
1364.14
1364.14
3071.32
3071.32
1783.16
1783.16
1358.87
1358.87
325.95
325.95
538.42
538.42
2472.54
2472.54
1500.91
1500.91
2413.77
2413.77
1372.62
1372.62
1804.76
1804.76
1958.95
1958.95
2048.75
2048.75
919.54
919.54
628.73
628.73
2075.85
2075.85
386.48
386.48
902.51
902.51
1539.17
1539.17
1050.28
1050.28
1059.20
1059.20
2292.57
2292.57
1611.05
1611.05
732.79
732.79
508.30
508.30
2497.53
2497.53
2259.45
2259.45
2562.60
2562.60
2293.47
2293.47
1516.10
1516.10
2130.38
2130.38
81.17
81.17
2170.74
2170.74
1731.31
1731.31
1776.07
1776.07
2394.21
2394.21
53.90
53.90
1396.57
1396.57
565.43
565.43
507.37
507.37
1553.74
1553.74
88.86
88.86
2589.07
2589.07
2589.07
2589.07
188.48
188.48
188.48
2863.03
2863.03
1486.81
1486.81
575.44
575.44
410.46
410.46
2597.75
2597.75
2027.86
2027.86
2177.26
1373.77
1373.77
2606.33
2606.33
1804.03
1804.03
833.58
833.58
1833.89
1833.89
87.54
87.54
809.68
809.68
809.68
2515.76
2515.76
221.94
221.94
2420.75
1330.08
1330.08
582.28
582.28
1210.77
1210.77
2142.49
2142.49
1326.07
1326.07
1466.06
1466.06
80.84
80.84
1252.62
1252.62
71.80
71.80
2176.58
2176.58
2909.75
2909.75
527.28
527.28
515.99
515.99
416.91
416.91
1987.62
1987.62
1032.32
1032.32
1994.13
1994.13
1641.76
1641.76
1336.05
1336.05
2048.05
2048.05
1167.07
1167.07
91.49
91.49
2205.13
2205.13
39.32
39.32
1195.74
1195.74
1657.92
1657.92
329.91
329.91
1423.86
1423.86
2046.06
2046.06
2046.06
81.79
2594.40
2594.40
1727.81
1727.81
44.16
44.16
44.16
174.04
174.04
174.04
1308.12
1308.12
2416.65
2335.83
2692.03
2692.03
1613.26
1613.26
2748.94
2748.94
80.06
80.06
1105.54
1105.54
1105.54
1168.93
1168.93
1168.93
706.54
706.54
2436.29
2436.29
1840.90
1840.90
1875.27
1875.27
1875.27
1592.27
1474.68
1474.68
959.38
1735.92
1735.92
1816.69
1935.70
1935.70
2685.38
2685.38
1326.01
1326.01
1309.74
1309.74
797.68
797.68
797.68
1340.60
944.57
944.57
78.96
78.96
1677.83
1677.83
1819.64
1819.64
1106.18
1106.18
1147.74
1147.74
2545.66
2545.66
697.90
697.90
2719.89
2719.89
2523.08
2523.08
194.21
194.21
792.97
792.97
1501.83
1501.83
1446.88
1446.88
926.20
926.20
891.10
891.10
2293.66
2293.66
2270.72
2270.72
2541.17
2541.17
2249.40
2249.40
3048.02
3048.02
2361.50
2361.50
2361.50
2361.50
433.93
433.93
2940.22
2940.22
2239.98
2239.98
2014.96
2014.96
2553.79
2553.79
1106.27
1106.27
897.82
897.82
1767.21
1767.21
1767.21
1767.21
1879.02
1879.02
2498.26
2498.26
650.16
650.16
2129.41
2129.41
1998.63
1998.63
2471.48
2471.48
1711.80
1711.80
2965.56
2965.56
1077.49
1077.49
1744.59
1744.59
2434.14
2434.14
1537.42
1537.42
1609.47
1609.47
2361.22
2361.22
645.68
645.68
1233.82
1233.82
2100.37
2100.37
2765.38
2765.38
2569.99
2569.99
2079.23
2079.23
65.27
65.27
1050.56
1050.56
2742.38
2742.38
1231.26
1231.26
1037.80
1037.80
1473.26
1473.26
1422.61
1422.61
194.12
194.12
2364.01
2364.01
2001.21
2001.21
38.60
38.60
2637.24
2637.24
1453.78
1453.78
285.59
285.59
90.11
90.11
1616.70
1616.70
523.46
523.46
63.57
63.57
1710.35
1710.35
2330.62
2330.62
2296.64
2296.64
537.90
537.90
1230.84
1230.84
364.21
364.21
2440.45
2440.45
2440.45
2440.45
1454.78
1454.78
1052.63
1052.63
740.61
740.61
1090.76
1090.76
351.43
351.43
810.50
810.50
2160.43
2160.43
1741.42
1741.42
2033.51
2033.51
2591.75
2591.75
417.51
417.51
493.74
493.74
949.15
949.15
1078.76
1078.76
1078.76
812.19
2473.88
2473.88
1202.94
1202.94
1202.94
2303.25
2303.25
2303.25
1498.55
1152.87
1794.47
1794.47
1766.78
1766.78
55.28
55.28
1593.33
1593.33
1593.33
2161.97
2161.97
2161.97
381.94
381.94
973.35
973.35
973.35
523.78
523.78
957.15
957.15
1818.25
2046.20
2046.20
2821.50
2916.15
1644.87
1644.87
2260.83
2260.83
1140.49
1140.49
678.83
678.83
1335.24
1335.24
2526.46
2526.46
2208.20
2208.20
2208.20
932.26
24.92
24.92
1034.56
1034.56
155.41
155.41
85.57
85.57
85.57
836.54
836.54
2139.51
2139.51
34.55
34.55
34.55
34.55
1368.32
1368.32
1368.32
2364.63
2364.63
829.23
829.23
1572.27
96.50
2670.57
2670.57
126.07
126.07
126.07
1739.02
1739.02
1750.12
1750.12
408.68
1199.83
1199.83
1199.83
2576.92
1861.14
1861.14
2573.34
2573.34
2368.34
2368.34
1810.08
1810.08
139.27
139.27
106.08
106.08
632.38
632.38
141.53
141.53
2565.80
2565.80
1701.31
1701.31
2038.18
2038.18
816.03
816.03
1784.31
1784.31
1443.12
1443.12
1093.15
1093.15
1820.26
1820.26
1440.20
1440.20
2272.26
2272.26
3104.77
3104.77
922.39
922.39
828.16
828.16
91.05
91.05
1708.99
1708.99
2044.20
2044.20
112.98
112.98
112.98
481.58
481.58
1730.13
1730.13
1197.17
466.25
466.25
1974.60
1974.60
1979.39
1979.39
1645.12
1645.12
2961.74
2961.74
75.93
75.93
114.72
114.72
1078.84
1078.84
1125.43
1125.43
1341.26
1341.26
2416.34
2416.34
962.66
962.66
962.66
1401.50
1401.50
1401.50
1418.34
1294.09
358.99
358.99
1149.00
1149.00
1544.76
1544.76
1519.95
1519.95
1587.72
1587.72
2431.02
2431.02
1809.92
1809.92
1448.78
1448.78
2473.00
2473.00
1819.05
1819.05
2598.21
2598.21
839.39
839.39
839.39
821.40
821.40
821.40
2178.64
2178.64
189.91
189.91
140.69
140.69
1261.76
136.24
2247.66
2247.66
1912.02
1912.02
35.10
35.10
553.78
553.78
553.78
553.78
32.73
32.73
2049.72
2049.72
2516.99
2649.84
2649.84
800.07
800.07
1119.54
658.25
658.25
53.75
53.75
1365.34
1365.34
131.72
131.72
2181.09
2181.09
2055.61
2055.61
1419.37
1419.37
75.19
75.19
1442.40
1442.40
1442.40
2991.80
1548.57
1548.57
1548.57
1436.16
2121.76
2121.76
2121.76
1978.49
1978.49
2092.99
2092.99
1340.46
1340.46
1418.98
1418.98
2218.68
2218.68
2178.94
2178.94
2693.84
2693.84
2579.61
2579.61
3239.80
3239.80
1489.26
1489.26
764.12
764.12
118.65
118.65
252.64
252.64
1497.25
1497.25
2375.69
2279.67
2279.67
2279.67
431.48
431.48
813.12
813.12
264.12
264.12
2695.11
2695.11
1790.28
1790.28
1161.23
1161.23
2142.33
2142.33
2219.76
2219.76
1408.34
1408.34
788.43
788.43
2223.52
2223.52
2187.31
2187.31
1373.61
1373.61
81.24
81.24
81.24
81.24
2636.24
2636.24
878.50
878.50
2160.11
2160.11
852.52
852.52
882.06
882.06
2912.06
2347.56
1851.11
1851.11
168.96
168.96
1882.31
1882.31
1510.33
1510.33
421.26
421.26
10.00
10.00
1373.04
1373.04
2139.95
2139.95
1978.52
1978.52
1601.36
1601.36
886.72
886.72
2642.60
2642.60
2514.91
2514.91
2179.89
2179.89
1649.93
1649.93
1739.26
1739.26
2194.77
2194.77
1289.67
1289.67
2738.33
2738.33
2578.10
2578.10
2557.52
2557.52
2303.38
2303.38
2169.29
2169.29
2027.27
2027.27
1758.70
1758.70
1758.70
1758.70
2574.07
2574.07
2313.43
2313.43
1368.15
1368.15
1852.03
1852.03
2613.29
2613.29
2930.68
2930.68
1778.23
1778.23
607.92
607.92
2102.27
2102.27
2461.96
2461.96
619.96
619.96
2475.68
2475.68
769.64
769.64
769.64
769.64
899.83
899.83
1734.22
1734.22
1146.24
1146.24
286.69
286.69
2082.40
2082.40
357.61
357.61
289.04
289.04
2825.16
2825.16
605.63
605.63
2180.35
2180.35
155.76
155.76
888.92
888.92
1005.29
1005.29
268.28
268.28
315.29
315.29
2509.38
2509.38
643.92
643.92
643.92
701.04
700.13
700.13
483.06
483.06
1639.70
1639.70
2292.92
2292.92
3050.62
3050.62
1499.74
1499.74
2596.73
2596.73
2628.16
2628.16
139.06
139.06
2471.04
2471.04
2328.83
2328.83
579.60
579.60
1900.76
1900.76
323.57
323.57
1942.26
1942.26
543.73
543.73
2653.56
2653.56
1746.41
1746.41
1786.27
1786.27
2287.80
2287.80
2328.97
2328.97
2635.38
2635.38
969.42
969.42
682.68
682.68
2188.91
2188.91
388.81
388.81
388.81
1585.88
1585.88
1585.88
1647.94
1647.94
2069.29
2069.29
1057.11
1057.11
2155.72
2155.72
2155.72
389.37
3168.17
3168.17
105.80
105.80
2006.47
2006.47
619.06
619.06
2526.19
2526.19
2140.67
2140.67
2185.26
2185.26
1333.93
1333.93
1469.27
1469.27
1144.63
1144.63
1237.58
1237.58
1237.58
1277.51
1277.51
829.38
992.59
992.59
2294.82
2294.82
2040.98
2040.98
2241.06
2241.06
2288.98
2288.98
425.17
425.17
1070.58
1070.58
1070.58
630.31
1341.66
1341.66
947.27
947.27
327.38
327.38
327.38
1726.72
1726.72
2015.80
559.84
559.84
2324.84
2324.84
2224.11
2224.11
547.16
547.16
2097.99
2097.99
244.79
244.79
2023.89
2023.89
2180.96
2180.96
580.54
580.54
1169.14
1169.14
2579.62
2579.62
2579.62
58.88
58.88
58.88
661.41
661.41
661.41
782.25
782.25
135.02
1599.31
682.91
682.91
585.77
585.77
173.62
2456.73
2456.73
3005.12
3005.12
1954.89
1954.89
2546.24
2546.24
2102.88
2102.88
2063.92
2063.92
2054.04
2054.04
1505.34
1505.34
944.11
944.11
2721.23
2721.23
2188.61
2188.61
2348.04
2348.04
2040.32
2040.32
1530.66
1530.66
2544.63
2544.63
1986.31
1986.31
2304.22
2304.22
2119.82
2119.82
2035.24
2035.24
2483.68
2483.68
495.97
495.97
110.56
110.56
1900.90
1900.90
1479.74
1479.74
1176.65
1176.65
1101.96
1101.96
957.36
957.36
823.85
823.85
1190.94
1190.94
1625.14
1625.14
935.94
935.94
1965.47
1965.47
927.88
927.88
1576.67
1576.67
2041.65
2041.65
2100.25
2100.25
75.56
75.56
1388.81
1388.81
886.78
886.78
508.10
508.10
431.22
431.22
2026.65
2026.65
1263.38
1263.38
1855.01
1855.01
159.39
159.39
1277.67
1277.67
1272.55
1272.55
2150.94
2150.94
1102.59
1102.59
1320.73
1320.73
1478.36
1478.36
2990.91
2990.91
247.62
247.62
73.29
73.29
165.30
165.30
2151.84
2151.84
2425.07
2425.07
719.72
719.72
506.40
506.40
145.88
145.88
1870.13
1870.13
2089.76
2089.76
1541.66
1541.66
2402.05
2402.05
2653.67
2653.67
2124.03
2124.03
1040.36
1040.36
1772.68
1772.68
58.06
58.06
677.35
677.35
1892.48
1892.48
60.55
60.55
1810.10
1810.10
508.07
508.07
1889.79
1889.79
1451.14
1451.14
1167.78
1167.78
1842.89
1842.89
1778.65
1778.65
1778.65
1778.65
2584.07
2584.07
2901.14
2901.14
432.06
432.06
1247.40
1247.40
785.99
785.99
1830.85
1830.85
863.76
863.76
2905.83
2905.83
1715.14
1715.14
2551.90
2551.90
2358.27
2358.27
1747.24
1747.24
1173.47
1173.47
1635.36
1635.36
1159.45
1159.45
2008.35
2008.35
1905.31
1905.31
2026.60
2026.60
710.98
710.98
697.27
697.27
79.44
79.44
213.96
213.96
2170.60
2170.60
1506.86
1506.86
792.19
792.19
1911.71
1911.71
2395.63
2395.63
2132.37
2132.37
1073.33
1073.33
1252.10
1252.10
2302.93
2302.93
3077.48
3077.48
1553.19
1553.19
1331.97
1331.97
1045.74
1045.74
130.05
130.05
2063.50
2063.50
1478.34
1478.34
1937.24
1937.24
1049.68
1049.68
698.00
698.00
85.28
85.28
30.70
30.70
1584.46
1584.46
2019.88
2019.88
2124.15
2124.15
517.51
517.51
1511.00
1511.00
394.74
394.74
57.28
57.28
1710.37
1710.37
669.37
669.37
787.40
787.40
949.53
949.53
2080.82
2080.82
2960.14
2960.14
46.28
46.28
3046.31
3046.31
505.96
505.96
2196.10
2196.10
82.89
82.89
2159.91
2159.91
892.62
892.62
793.89
793.89
234.27
234.27
1169.32
1169.32
1626.31
1626.31
366.91
366.91
820.36
820.36
1809.73
1809.73
1082.57
1082.57
991.77
991.77
1669.97
1669.97
2051.31
2051.31
678.78
678.78
2074.05
2074.05
2074.05
2074.05
2045.03
2045.03
2036.70
2036.70
1581.94
1581.94
737.79
737.79
1963.60
1963.60
1556.90
1556.90
1856.02
1856.02
130.88
130.88
1053.24
1053.24
2186.51
2186.51
2420.32
2420.32
2414.44
2414.44
442.79
442.79
1590.72
1590.72
2745.18
2745.18
762.20
762.20
762.20
1565.35
1565.35
172.36
1031.73
1031.73
43.74
43.74
1290.65
1290.65
680.75
680.75
1136.81
1136.81
2091.32
2091.32
2690.72
2690.72
702.13
702.13
2215.13
2215.13
678.08
678.08
2960.13
2960.13
451.28
451.28
1320.75
1320.75
729.98
729.98
413.28
413.28
273.70
273.70
1216.09
1216.09
60.76
60.76
1654.26
1654.26
1654.26
1654.26
2551.41
2551.41
1065.60
1065.60
1829.19
1829.19
2360.73
2360.73
1991.65
1991.65
3001.87
3001.87
1725.36
1725.36
1471.65
1471.65
1016.31
1016.31
276.69
276.69
2044.27
2044.27
400.42
400.42
2305.29
2305.29
2073.08
2073.08
1743.69
1743.69
68.94
68.94
2949.09
2949.09
70.56
70.56
1187.60
1187.60
1500.98
1500.98
2634.53
2634.53
2597.76
2597.76
1825.28
1825.28
826.38
826.38
71.85
71.85
2104.53
2104.53
71.92
71.92
867.55
867.55
3218.39
3218.39
2789.81
2789.81
1330.86
1330.86
1510.75
1510.75
2446.44
2446.44
1366.04
1366.04
2499.54
2499.54
2106.00
2106.00
1339.69
1339.69
2735.48
2735.48
2507.99
2507.99
2168.66
2168.66
670.52
670.52
2010.82
2010.82
2487.09
2487.09
2591.08
2591.08
2246.39
2246.39
904.80
904.80
1454.55
1454.55
2471.78
2471.78
298.69
298.69
821.07
821.07
821.07
892.78
892.78
1928.53
1928.53
1928.53
1280.14
1280.14
1280.14
1280.14
1547.17
1547.17
1547.17
1097.01
1097.01
1401.40
90.37
90.37
2349.16
1311.15
1311.15
1346.71
892.79
892.79
892.79
892.79
996.40
996.40
1785.88
1785.88
2040.91
2605.55
1888.01
1888.01
1228.38
1228.38
1712.16
1712.16
1712.16
1712.16
1823.62
1823.62
660.76
660.76
660.76
339.39
339.39
1746.33
2439.84
2300.61
2300.61
909.90
1127.89
1127.89
1870.81
1870.81
89.32
89.32
2182.68
2182.68
2182.68
85.42
85.42
2187.59
2187.59
1188.92
1188.92
363.89
1610.52
1610.52
1222.01
1222.01
1950.02
1950.02
2683.96
2683.96
1435.33
1435.33
2315.18
2315.18
164.48
164.48
2013.79
2013.79
1839.56
1839.56
2530.93
2530.93
2397.86
2397.86
2244.98
2244.98
64.21
64.21
24.15
24.15
81.54
81.54
81.54
2439.67
2439.67
305.89
305.89
1243.45
1243.45
1015.51
2133.05
2133.05
2353.74
2353.74
1530.10
1530.10
1902.39
1902.39
1696.63
1696.63
1634.57
1634.57
515.58
515.58
2157.05
2157.05
2157.05
2436.43
1834.23
1834.23
1834.23
346.77
346.77
346.77
907.71
907.71
907.71
1125.16
1125.16
680.19
3070.16
2758.31
1940.63
1940.63
81.81
81.81
85.66
85.66
85.66
400.62
400.62
143.29
143.29
647.97
2112.03
2112.03
2412.08
2412.08
1579.03
1579.03
233.73
233.73
2055.32
2055.32
49.90
49.90
1398.65
1398.65
1398.65
798.21
1863.35
1863.35
1863.35
2236.32
109.21
109.21
109.21
1999.58
1999.58
1366.89
1366.89
77.37
77.37
2859.48
2859.48
55.89
55.89
39.83
39.83
2418.02
2418.02
875.39
875.39
875.39
875.39
2592.61
2592.61
2592.61
1500.92
1500.92
2067.81
1943.11
1943.11
1257.68
1257.68
574.75
574.75
1685.98
1685.98
1913.50
1913.50
1682.27
1682.27
2241.20
2241.20
549.55
549.55
2557.57
2557.57
1097.74
1097.74
329.33
329.33
1435.95
1435.95
1006.25
1006.25
853.71
853.71
2363.15
2363.15
175.83
175.83
1274.58
1274.58
1691.17
1691.17
2239.53
2239.53
2549.82
2549.82
1135.40
1135.40
1879.25
1879.25
2023.73
2023.73
1014.06
1014.06
1582.07
1582.07
1746.04
1746.04
27.81
27.81
1295.47
1295.47
1531.96
1531.96
100.26
100.26
2889.80
2889.80
40.90
40.90
3258.42
3258.42
1658.27
1658.27
1354.18
1354.18
508.61
508.61
2265.22
2265.22
42.05
42.05
42.05
28.59
28.59
28.59
2078.43
2078.43
2078.43
2078.43
2078.43
610.96
610.96
2328.03
2328.03
234.27
234.27
362.70
1180.38
1180.38
2540.45
2880.43
1278.82
2875.04
1782.39
1782.39
2285.45
2285.45
2554.52
2554.52
1374.33
1374.33
719.68
719.68
1431.09
1431.09
2036.26
2036.26
1914.97
1914.97
1093.06
1093.06
1876.44
1876.44
1238.92
1238.92
2196.41
2196.41
1874.20
1874.20
537.89
537.89
2362.12
2362.12
2137.26
2137.26
2626.99
2626.99
2416.85
2416.85
58.37
58.37
665.91
665.91
2945.76
2945.76
132.71
132.71
2507.96
2507.96
792.71
792.71
882.46
882.46
1592.64
1592.64
747.09
747.09
69.44
69.44
2201.76
2201.76
2539.40
2539.40
1224.32
1224.32
895.60
895.60
157.79
157.79
516.08
516.08
2445.13
2445.13
2272.32
2272.32
1825.99
1825.99
1622.22
1622.22
586.96
586.96
544.81
544.81
895.40
895.40
67.42
67.42
3306.57
3306.57
2298.71
2298.71
2881.48
2881.48
1950.60
1950.60
1387.83
1387.83
2722.89
2722.89
1317.40
1317.40
1167.85
1167.85
507.23
