# 1Hz Kbps trace generated by import_real_world_traces.py
1215.35
545.22
1023.22
1023.22
149.44
149.44
1182.02
1182.02
1211.03
1211.03
1035.23
1178.21
1178.21
1197.57
1197.57
1197.57
624.55
624.55
44.09
217.19
217.19
10.00
10.00
1059.84
1059.84
1059.84
1184.37
1184.37
1184.37
542.72
542.72
42.29
42.29
1160.92
1176.15
1176.15
476.03
476.03
476.03
476.03
1275.75
99.32
1211.62
1211.62
1211.62
1211.62
1100.23
1100.23
1130.18
1130.18
415.49
415.49
415.49
638.76
638.76
1158.88
1158.88
1179.99
1165.90
1165.90
1165.90
1176.15
1176.15
277.99
277.99
1129.01
1129.01
13.38
13.38
1173.32
1147.38
1154.74
325.25
325.25
1156.27
1156.27
1074.40
1074.40
384.89
384.89
384.89
384.89
1168.44
1168.44
1168.44
1168.44
1162.30
678.89
678.89
678.89
1031.42
1031.42
1031.42
876.09
876.09
918.19
918.19
1176.99
1176.99
1227.17
1227.17
1227.17
1227.17
1227.17
1068.68
1068.68
695.11
1102.90
42.43
42.43
711.74
711.74
1175.88
1175.88
912.92
912.92
912.92
1162.50
1162.50
905.24
905.24
1202.24
1156.69
1156.69
1156.69
1203.66
1203.66
1155.49
1155.49
1158.49
44.20
44.20
1212.05
1212.05
1212.05
1061.87
1061.87
1061.87
386.16
386.16
1135.09
1135.09
1135.09
1167.32
968.17
968.17
1209.59
945.84
1150.97
150.21
182.63
1118.57
1118.57
1101.17
1101.17
1107.80
1107.80
1211.44
1211.44
1191.88
1191.88
1125.03
1125.03
558.22
558.22
108.88
108.88
1100.59
1100.59
1226.50
1226.50
1193.79
1193.79
493.51
493.51
1265.67
1265.67
814.85
814.85
1081.85
1081.85
1136.76
1136.76
655.46
655.46
1065.77
1065.77
1186.30
1186.30
183.25
183.25
740.00
740.00
1043.69
1043.69
1225.77
1225.77
1200.28
1200.28
1232.84
1232.84
1218.18
1218.18
1186.69
1186.69
240.96
240.96
1195.62
1195.62
1221.51
1221.51
1197.10
1197.10
404.65
404.65
1263.44
1263.44
1047.95
1047.95
1242.27
1242.27
604.09
604.09
1111.93
1111.93
1217.01
1217.01
167.36
167.36
37.04
37.04
81.91
81.91
1227.20
1227.20
1199.61
1199.61
1179.24
1179.24
1078.36
1078.36
821.65
821.65
620.04
620.04
10.00
10.00
1155.95
1155.95
1185.79
1185.79
1195.30
1162.88
1162.88
1162.88
938.48
938.48
938.48
1185.51
1185.51
142.21
142.21
1158.78
1158.78
219.69
219.69
317.74
317.74
317.74
217.40
217.40
217.40
577.08
577.08
277.86
277.86
1240.83
1177.09
1177.09
296.93
296.93
392.04
392.04
392.04
760.69
1171.85
1171.85
1226.31
1226.31
1221.49
1221.49
1221.49
32.27
32.27
721.59
721.59
10.00
10.00
164.70
164.70
256.64
256.64
152.81
152.81
1156.93
1156.93
1139.33
1139.33
1206.18
1187.96
1187.96
940.49
940.49
336.41
336.41
115.12
115.12
1103.68
1134.33
1134.33
1170.16
