# 1Hz Kbps trace generated by import_real_world_traces.py
1481.13
2180.08
2180.08
2464.48
2464.48
4750.62
4750.62
1800.42
1800.42
4807.19
4807.19
4710.49
4710.49
98.19
98.19
6217.82
6217.82
1673.08
1673.08
4406.53
4406.53
914.40
914.40
3787.54
3787.54
1571.15
1571.15
187.29
187.29
713.30
713.30
835.19
835.19
3279.93
3279.93
4806.19
4806.19
2636.72
2636.72
1992.11
1992.11
1534.16
1534.16
2893.43
2893.43
3749.58
3749.58
5167.11
5167.11
1857.60
1857.60
3664.34
3664.34
1372.12
1372.12
4208.83
4208.83
4223.90
4223.90
4119.19
4119.19
3756.41
3756.41
1186.61
1186.61
3049.73
3049.73
31.50
31.50
142.48
142.48
142.48
2622.22
2622.22
1902.95
1003.77
1003.77
65.74
65.74
689.23
689.23
3726.32
3726.32
2929.32
2929.32
3393.92
3393.92
1428.28
1428.28
5587.06
5587.06
1910.30
1910.30
1285.92
1285.92
4695.20
4695.20
1694.26
1694.26
2255.06
2255.06
2229.60
2229.60
1598.07
1598.07
987.48
987.48
2262.07
2262.07
3632.53
3632.53
2006.12
2006.12
1588.38
1588.38
2511.02
2511.02
4579.98
4579.98
5859.44
5859.44
155.84
155.84
518.76
518.76
425.99
425.99
339.98
339.98
1195.29
1195.29
3579.04
3579.04
2051.30
2051.30
1047.07
1047.07
225.17
225.17
5793.37
5793.37
499.88
499.88
6215.63
6215.63
4506.45
4506.45
2642.26
2642.26
41.38
41.38
2771.69
2771.69
1589.87
1589.87
6600.37
6600.37
567.54
567.54
1254.91
1254.91
1549.35
1549.35
941.63
941.63
684.88
684.88
2753.65
2753.65
262.25
262.25
776.63
776.63
1252.89
1252.89
56.56
56.56
563.68
563.68
3612.59
3612.59
6307.73
6307.73
287.20
287.20
577.88
577.88
48.45
48.45
661.05
661.05
454.53
454.53
161.00
161.00
22.84
22.84
3096.37
3096.37
101.73
101.73
844.69
844.69
322.91
322.91
105.50
105.50
46.17
46.17
21.28
21.28
3319.16
3319.16
1482.74
1482.74
5507.39
5507.39
70.88
70.88
399.83
399.83
917.33
917.33
783.22
783.22
783.22
164.89
299.61
299.61
475.17
475.17
2288.61
2288.61
423.17
423.17
4042.25
4042.25
10.00
10.00
588.50
588.50
16.26
16.26
978.08
978.08
92.85
92.85
19.74
19.74
2280.64
2280.64
1173.03
1173.03
5410.04
5410.04
3036.15
3036.15
3352.70
3352.70
3010.79
3010.79
1550.04
1550.04
385.97
385.97
60.77
60.77
827.83
827.83
824.17
824.17
212.75
212.75
25.81
25.81
3338.05
3338.05
349.98
349.98
1926.27
1926.27
1932.17
1932.17
2379.14
2379.14
2753.84
2753.84
2753.84
525.70
525.70
84.72
84.72
65.95
65.95
65.95
10.00
1401.97
1401.97
3602.08
2740.62
2740.62
2740.62
805.81
805.81
10.00
176.67
176.67
176.67
516.54
1263.88
1263.88
1263.88
3715.66
3715.66
4392.10
4392.10
5651.59
5651.59
12.14
12.14
2158.60
2158.60
13.07
13.07
128.21
128.21
537.60
537.60
4287.80
4287.80
3034.08
3034.08
88.00
2983.68
2983.68
2983.68
3056.11
3056.11
137.57
137.57
400.99
400.99
370.75
370.75
1399.44
1399.44
450.91
450.91
1118.53
277.63
277.63
277.63
3088.20
3088.20
2126.41
2126.41
2896.61
29.71
29.71
29.71
96.63
96.63
10.00
10.00
10.00
1252.01
1252.01
1252.01
1565.83
1565.83
963.14
38.06
38.06
1299.49
1299.49
807.97
547.96
547.96
128.73
128.73
1983.81
2398.63
2398.63
2398.63
417.58
417.58
337.39
337.39
207.77
872.56
872.56
872.56
2575.82
2575.82
64.82
64.82
83.62
83.62
1981.12
1981.12
50.66
50.66
551.46
551.46
3203.95
3203.95
1358.63
1358.63
170.83
170.83
1611.64
1611.64
1606.37
1606.37
1286.08
1286.08
2702.60
2702.60
712.15
712.15
2141.13
2141.13
479.65
479.65
1835.51
1835.51
36.05
36.05
1144.01
1144.01
1144.01
193.60
193.60
615.03
615.03
123.24
123.24
1832.43
1832.43
1832.43
10.00
10.00
206.81
206.81
1258.56
1258.56
2337.15
22.17
616.19
616.19
2629.64
2629.64
838.83
838.83
190.03
190.03
22.76
22.76
238.91
238.91
154.64
154.64
520.94
520.94
520.94
445.26
310.93
310.93
832.25
832.25
799.78
799.78
2792.90
2792.90
147.81
147.81
24.71
24.71
12.23
12.23
2387.67
2387.67
2668.49
2668.49
93.87
93.87
1701.68
1701.68
852.00
852.00
2607.48
2607.48
10.00
10.00
1185.52
1185.52
2787.14
2787.14
452.85
452.85
1522.79
1522.79
269.29
269.29
26.26
26.26
10.00
10.00
3125.34
3125.34
2056.45
2056.45
823.68
823.68
1308.77
1308.77
689.27
689.27
421.41
421.41
113.29
113.29
113.29
44.40
2557.96
2557.96
1025.92
1025.92
92.27
92.27
3011.86
3011.86
5115.11
5115.11
2643.23
2643.23
4394.80
4394.80
366.56
366.56
366.56
264.72
264.72
264.72
10.00
10.00
10.00
10.00
10.00
135.11
2009.93
4451.35
400.05
400.05
3378.13
3378.13
2138.64
2138.64
462.23
462.23
86.47
86.47
3676.33
3676.33
2182.42
2182.42
534.89
534.89
429.44
429.44
3114.68
3114.68
801.36
801.36
741.62
741.62
93.91
93.91
1988.07
1988.07
910.11
910.11
1805.42
1805.42
3244.57
3244.57
27.57
27.57
219.62
219.62
191.41
191.41
58.73
58.73
58.73
274.13
274.13
274.13
75.99
1947.35
1947.35
1947.35
10.66
10.66
772.47
835.84
111.49
111.49
29.69
29.69
2396.47
2396.47
633.02
633.02
2652.72
2652.72
89.84
89.84
84.59
84.59
401.13
401.13
474.54
474.54
23.66
23.66
441.64
441.64
2785.65
2785.65
71.36
71.36
223.19
223.19
114.40
114.40
448.38
448.38
521.66
521.66
609.50
609.50
3872.03
3872.03
451.42
451.42
1854.36
1854.36
10.00
10.00
2254.84
2254.84
719.38
719.38
1695.99
1695.99
1677.11
1677.11
1110.12
1110.12
1126.16
1126.16
623.73
623.73
235.75
235.75
126.91
126.91
126.91
89.44
89.44
313.19
313.19
2739.16
77.30
77.30
825.84
825.84
3462.60
3462.60
315.71
315.71
805.58
805.58
2426.20
2426.20
3893.98
3893.98
5039.62
5039.62
1032.72
1032.72
19.38
19.38
805.38
805.38
2935.73
2935.73
269.20
269.20
1545.27
1545.27
140.53
140.53
937.36
937.36
14.12
14.12
125.28
125.28
24.93
24.93
1716.30
1716.30
351.37
351.37
62.29
