# 1Hz Kbps trace generated by import_real_world_traces.py
2651.66
2905.80
2905.80
1478.18
1478.18
175.78
175.78
10.00
10.00
222.91
222.91
718.09
718.09
44.14
44.14
1364.70
1364.70
1936.60
1936.60
2775.65
2775.65
1312.04
1312.04
3497.73
3497.73
3640.03
3640.03
1318.24
1318.24
456.53
456.53
784.76
784.76
5198.41
5198.41
1539.58
1539.58
3731.10
3731.10
7551.71
7551.71
125.01
125.01
2899.76
2899.76
2072.32
2072.32
1569.96
1569.96
1569.96
1569.96
950.78
950.78
2827.81
2827.81
4215.66
4215.66
29.41
29.41
4891.02
4891.02
4916.81
4916.81
3046.02
3046.02
3046.02
3046.02
3830.49
3830.49
3758.39
3758.39
3758.39
3758.39
4457.06
4457.06
5356.74
5356.74
1222.11
1222.11
3760.86
3760.86
2138.99
2138.99
4797.76
4797.76
4154.63
4154.63
5519.17
5519.17
5649.81
5649.81
2522.70
2522.70
4381.80
4381.80
3656.02
3656.02
2340.71
2340.71
3640.16
3640.16
5640.09
5640.09
4406.42
4406.42
4715.34
4715.34
3739.52
3739.52
3357.13
3357.13
4386.77
4386.77
5088.52
5088.52
3036.01
