# 1Hz Kbps trace generated by import_real_world_traces.py
1153.61
626.31
446.31
596.73
306.94
306.94
253.02
253.02
402.40
402.40
432.09
432.09
673.13
673.13
616.12
616.12
111.73
111.73
1158.73
1158.73
647.19
647.19
1345.55
1345.55
1783.89
1783.89
1439.87
1439.87
2182.72
2182.72
2523.55
2523.55
2248.45
2248.45
2266.13
2266.13
2495.45
2495.45
2495.45
2495.45
3640.91
3640.91
3351.19
3351.19
3351.19
3351.19
149.28
149.28
955.68
955.68
10.00
10.00
1036.50
1036.50
1483.23
1483.23
3358.53
3358.53
3330.82
3330.82
10.00
10.00
1664.56
1664.56
10.00
10.00
10.87
10.87
1593.38
1593.38
31.16
31.16
1357.99
1357.99
19.97
19.97
2105.79
2105.79
1816.41
1816.41
81.05
81.05
12.03
12.03
2477.17
2477.17
2956.20
2956.20
304.58
304.58
2893.24
2893.24
2893.24
2893.24
2235.81
2235.81
406.09
406.09
1646.39
1646.39
3315.24
3315.24
1398.82
1398.82
10.00
10.00
10.00
10.00
235.00
235.00
1542.01
1542.01
1542.01
377.92
320.09
320.09
786.31
786.31
931.27
931.27
2988.21
2988.21
10.00
10.00
2445.43
2445.43
2324.76
2324.76
2910.74
2910.74
3035.88
3035.88
13.19
13.19
2893.30
2893.30
10.00
10.00
3208.87
3208.87
3208.87
3208.87
1798.83
1798.83
3040.86
3040.86
442.99
442.99
2926.42
2926.42
12.23
12.23
27.65
27.65
39.87
39.87
10.00
10.00
18.42
18.42
10.00
10.00
44.85
44.85
10.00
10.00
612.37
612.37
936.80
936.80
1396.55
1396.55
198.04
198.04
2352.98
2352.98
2352.98
2352.98
40.77
40.77
2424.59
2424.59
1885.12
1885.12
351.63
351.63
10.00
10.00
18.45
18.45
200.61
200.61
67.82
67.82
2653.42
2653.42
1260.19
1260.19
1815.64
1815.64
460.65
460.65
10.00
10.00
10.00
10.00
10.00
10.00
10.00
10.00
10.00
10.00
355.73
355.73
1386.93
1386.93
1272.88
1272.88
1272.88
10.00
10.00
10.00
377.89
377.89
1228.30
1228.30
315.79
315.79
1718.04
1718.04
1700.12
1700.12
2475.94
2475.94
474.78
474.78
140.30
140.30
1167.06
1167.06
1777.92
1777.92
2296.68
2296.68
240.90
