# 1Hz Kbps trace generated by import_real_world_traces.py
323.77
330.20
94.32
1448.84
1707.79
26.32
104.88
97.67
31.89
31.89
67.68
38.90
54.62
54.62
70.74
12.10
12.10
12.10
19.73
19.73
10.00
10.00
40.49
40.49
132.31
132.31
737.41
737.41
359.86
359.86
303.96
303.96
5605.05
288.94
288.94
288.94
656.37
656.37
754.38
754.38
68.23
68.23
151.18
10.00
10.00
10.00
95.98
95.98
3511.36
3511.36
29.12
29.12
2365.82
2365.82
78.63
78.63
132.85
132.85
281.27
281.27
187.88
187.88
10.00
10.00
10.00
10.00
54.11
54.11
3652.83
3652.83
57.67
57.67
87.49
87.49
1364.21
1364.21
52.55
52.55
328.56
328.56
10.00
10.00
571.87
571.87
39.45
39.45
73.91
73.91
36.45
36.45
193.89
193.89
40.32
40.32
171.92
171.92
102.50
102.50
63.92
63.92
1281.30
1281.30
304.50
304.50
1921.44
1921.44
293.40
293.40
37.04
37.04
3187.65
3187.65
3851.68
3851.68
26.12
26.12
4129.10
4129.10
10.00
10.00
4742.40
4742.40
19.61
19.61
66.67
66.67
355.50
355.50
10.00
10.00
290.31
290.31
54.52
54.52
54.52
10.00
10.00
41.98
148.69
148.69
33.79
33.79
55.24
55.24
10.00
10.00
12.37
12.37
3282.45
3282.45
3282.45
3282.45
3282.45
3282.45
3282.45
3282.45
837.74
837.74
606.16
606.16
10.00
10.00
1707.69
1707.69
1845.03
1845.03
1807.56
1807.56
1978.90
1978.90
2201.70
2201.70
2201.70
2201.70
2201.70
2201.70
625.29
625.29
1268.55
1268.55
602.81
602.81
2729.52
2729.52
2675.31
2675.31
2937.09
2937.09
3237.03
3237.03
943.49
943.49
199.24
199.24
3971.95
3971.95
3623.64
3623.64
4170.06
4170.06
4170.06
4170.06
4170.06
4170.06
4170.06
4170.06
4170.06
4170.06
10.00
10.00
1128.35
1128.35
1128.35
1128.35
41.70
41.70
129.65
129.65
223.55
223.55
289.05
289.05
346.60
346.60
412.09
412.09
412.09
598.07
598.07
598.07
10.00
10.00
707.98
707.98
1202.89
278.34
278.34
1403.48
1403.48
2004.15
2170.63
2170.63
2551.74
2551.74
1045.14
1045.14
12.42
12.42
10.00
10.00
883.42
883.42
1095.91
1095.91
1183.41
1183.41
1885.87
1885.87
1885.87
1885.87
1885.87
1885.87
1885.87
1885.87
1885.87
1885.87
1885.87
1885.87
10.00
10.00
10.00
10.00
10.00
10.00
10.00
10.00
10.00
10.00
10.00
10.00
10.00
10.00
10.00
263.50
268.25
378.92
17.66
17.66
523.41
109.96
109.96
497.50
251.61
251.61
1180.30
16.45
272.37
272.37
1167.46
48.72
48.72
65.45
627.06
627.06
335.38
1926.70
1926.70
2486.41
10.00
10.00
42.00
42.00
812.19
812.19
10.00
10.00
2669.43
2669.43
2785.07
2785.07
339.81
339.81
2700.23
2700.23
10.00
10.00
41.94
41.94
1117.59
1117.59
162.44
162.44
62.72
62.72
265.44
265.44
10.00
10.00
10.00
10.00
10.46
10.46
86.88
86.88
10.00
10.00
1154.23
1154.23
24.97
24.97
69.00
69.00
41.85
41.85
112.85
112.85
1800.79
1800.79
2584.35
2584.35
2679.44
2679.44
1458.76
1458.76
36.56
36.56
10.00
10.00
24.22
24.22
2198.72
2198.72
3685.35
3685.35
4590.31
4590.31
5925.29
5925.29
5869.46
5869.46
1087.43
1087.43
2236.56
2236.56
2236.56
2236.56
10.00
10.00
13.08
13.08
460.77
460.77
10.00
10.00
292.03
292.03
20.88
20.88
281.51
281.51
10.00
10.00
351.18
351.18
1746.43
1746.43
1919.45
1919.45
1919.45
1919.45
1919.45
1919.45
1919.45
1919.45
304.00
304.00
999.19
999.19
1377.65
1377.65
283.35
283.35
1479.88
1479.88
472.60
472.60
771.29
771.29
107.21
107.21
780.19
780.19
475.95
475.95
1016.65
1016.65
3154.56
3154.56
3453.22
3453.22
193.40
193.40
280.41
280.41
10.00
10.00
4044.94
4044.94
995.92
995.92
10.00
10.00
52.45
52.45
2930.33
2930.33
3971.68
3971.68
1901.57
1901.57
2275.55
2275.55
2275.55
2275.55
2843.15
2843.15
2843.15
2843.15
10.00
10.00
20.31
20.31
65.28
65.28
102.38
102.38
2426.68
2426.68
69.32
69.32
328.76
328.76
73.45
73.45
99.38
99.38
10.00
10.00
60.30
60.30
20.42
20.42
116.21
116.21
1936.04
1936.04
10.00
10.00
48.02
48.02
10.00
10.00
56.47
56.47
278.93
278.93
10.50
10.50
93.69
93.69
23.07
23.07
1142.44
1142.44
293.31
293.31
2649.42
2649.42
3213.10
3213.10
10.00
10.00
10.00
87.33
68.77
68.77
20.93
20.93
20.93
48.10
48.10
114.22
114.22
89.32
2820.38
2820.38
67.55
67.55
10.48
10.48
28.33
28.33
845.64
845.64
845.64
15.69
15.69
12.15
12.15
81.85
81.85
10.00
12.01
12.01
74.98
74.98
123.38
123.38
57.34
57.34
68.28
68.28
10.00
10.00
10.00
10.00
2850.32
2850.32
43.48
43.48
612.67
612.67
303.72
303.72
5060.76
5060.76
5060.76
5060.76
5060.76
5060.76
719.51
719.51
225.15
225.15
42.02
42.02
22.38
22.38
46.74
46.74
16.08
16.08
45.54
45.54
3456.52
3456.52
3134.45
3134.45
550.44
550.44
369.20
369.20
10.00
10.00
3745.98
3745.98
230.71
230.71
81.07
81.07
2810.58
2810.58
22.81
22.81
34.72
34.72
3987.66
3987.66
1513.78
1513.78
2636.52
2636.52
2732.41
2732.41
3083.88
3083.88
30.37
30.37
146.04
146.04
44.71
44.71
48.16
48.16
304.45
304.45
1660.48
1660.48
3403.53
3403.53
3563.82
3563.82
1134.59
1134.59
298.77
298.77
3233.52
3233.52
3233.52
3233.52
2545.59
2545.59
32.79
32.79
10.00
10.00
1138.34
1138.34
10.00
10.00
2808.46
2808.46
2862.38
2862.38
3026.63
3026.63
965.57
965.57
10.00
10.00
15.73
15.73
286.24
286.24
2706.33
2706.33
24.24
24.24
55.98
55.98
47.00
47.00
10.00
10.00
319.88
319.88
5878.10
5878.10
950.90
950.90
91.40
91.40
3654.52
3654.52
3654.52
3654.52
3654.52
3654.52
2010.55
2010.55
6183.53
6183.53
36.67
36.67
3166.84
3166.84
291.57
291.57
6644.36
6644.36
6644.36
6644.36
6644.36
6644.36
6644.36
6644.36
274.56
274.56
43.36
43.36
422.98
422.98
21.18
21.18
44.80
44.80
31.11
31.11
10.00
10.00
15.61
15.61
2714.22
2714.22
78.63
78.63
91.01
91.01
91.01
62.57
1923.66
1923.66
78.97
78.97
272.32
272.32
2818.37
2818.37
1146.52
1146.52
10.00
10.00
424.55
424.55
93.19
93.19
93.19
10.00
396.80
396.80
608.63
608.63
2841.62
2841.62
2841.62
2841.62
38.21
38.21
277.86
277.86
1748.30
1748.30
1863.68
1863.68
41.25
41.25
1415.86
1415.86
290.05
290.05
24.12
24.12
1522.24
1522.24
2846.02
2846.02
101.78
101.78
17.92
17.92
246.17
246.17
59.51
59.51
10.00
10.00
38.33
38.33
30.64
30.64
120.34
120.34
24.60
24.60
34.71
34.71
56.34
56.34
3239.92
3239.92
3671.80
3671.80
18.01
18.01
98.20
98.20
291.29
291.29
355.98
355.98
304.14
304.14
41.89
41.89
3300.91
3300.91
597.30
597.30
2347.77
2347.77
3509.88
3509.88
12.08
12.08
1474.20
1474.20
2216.26
2216.26
20.39
20.39
12.23
12.23
47.76
47.76
3466.92
3466.92
7560.55
7560.55
35.77
35.77
36.10
36.10
136.94
136.94
149.81
149.81
1856.30
1856.30
4475.77
4475.77
1151.06
1151.06
236.11
236.11
10.00
10.00
10.00
10.00
817.27
817.27
31.32
31.32
24.24
24.24
322.94
322.94
322.94
12.32
12.32
474.48
1077.59
1077.59
958.73
958.73
41.77
41.77
63.33
63.33
291.09
291.09
13.93
13.93
4307.03
4307.03
4307.03
4307.03
10.00
10.00
169.00
169.00
58.13
58.13
280.09
280.09
40.45
40.45
234.35
234.35
2309.21
2309.21
133.99
133.99
16.37
16.37
16.37
10.46
21.48
21.48
43.88
43.88
36.63
36.63
300.95
300.95
748.04
748.04
50.59
50.59
4012.51
4012.51
611.29
611.29
10.00
10.00
22.30
22.30
281.41
281.41
2011.22
2011.22
2011.22
371.66
78.69
78.69
67.37
67.37
12.08
12.08
10.00
10.00
1506.41
1506.41
10.00
10.00
33.09
33.09
10.00
10.00
26.19
26.19
1113.19
1113.19
1146.40
1146.40
1294.11
1294.11
45.85
45.85
1244.21
1244.21
1244.21
1244.21
1389.27
1389.27
1389.27
1389.27
1389.27
1389.27
1389.27
1389.27
1389.27
1389.27
1478.86
1478.86
1478.86
1478.86
1478.86
1478.86
1913.74
1913.74
2759.61
2759.61
2759.61
2759.61
304.26
304.26
26.39
26.39
1080.82
1080.82
6589.84
6589.84
100.94
100.94
12.37
12.37
10.00
10.00
519.14
519.14
7968.73
7968.73
7968.73
7968.73
7968.73
7968.73
7968.73
7968.73
7968.73
292.31
292.31
2801.69
2801.69
2801.69
2801.69
3338.69
3338.69
1799.50
1799.50
10.00
10.00
18.31
18.31
10.00
10.00
2360.03
2360.03
3251.18
3251.18
3593.18
3593.18
14.17
14.17
10.00
10.00
1765.52
1765.52
487.29
487.29
1210.31
1210.31
4030.47
4030.47
4030.47
4030.47
2220.16
2220.16
2220.16
2220.16
2220.16
2220.16
2220.16
2220.16
845.89
845.89
27.69
27.69
1768.93
1768.93
45.89
45.89
1855.19
1855.19
13.42
13.42
4250.97
4250.97
4250.97
4250.97
4250.97
4250.97
4250.97
4250.97
4492.55
4492.55
2335.04
2335.04
1231.01
1231.01
20.77
20.77
10.00
10.00
14.97
14.97
283.35
283.35
3161.71
3161.71
3161.71
3161.71
4095.60
4095.60
335.58
335.58
2581.72
2581.72
10.00
10.00
1743.22
1743.22
2474.71
2474.71
1708.42
1708.42
10.00
10.00
16.36
16.36
1908.08
1908.08
4198.14
4198.14
4198.14
4198.14
4198.14
4198.14
4198.14
4198.14
1419.28
1419.28
4587.31
4587.31
4587.31
4587.31
33.50
33.50
5660.96
5660.96
2548.96
2548.96
2625.43
2625.43
289.06
289.06
2408.28
2408.28
24.65
24.65
4150.74
4150.74
4150.74
4150.74
4150.74
4150.74
4150.74
4150.74
3176.95
3176.95
572.11
572.11
6525.22
6525.22
10.00
10.00
5009.45
5009.45
6523.62
6523.62
53.67
53.67
3781.09
3781.09
6697.19
6697.19
6697.19
6697.19
47.32
47.32
1621.21
1621.21
1767.40
1767.40
1767.40
1767.40
1767.40
1767.40
292.55
292.55
2974.68
2974.68
2974.68
2974.68
506.26
506.26
2375.35
2375.35
2491.50
2491.50
10.00
10.00
347.12
347.12
188.84
188.84
1062.57
1062.57
1062.57
1062.57
2379.99
2379.99
3127.50
3127.50
387.89
387.89
1321.08
1321.08
10.00
10.00
25.86
25.86
1816.14
1816.14
1816.14
1816.14
10.00
10.00
1165.28
1165.28
477.06
477.06
1294.33
1294.33
10.00
10.00
704.70
704.70
888.77
888.77
188.41
188.41
13.86
13.86
225.52
225.52
14.13
14.13
22.96
22.96
22.96
22.96
18.39
18.39
18.39
89.35
89.35
89.35
29.48
29.48
10.00
10.00
1352.74
53.89
53.89
82.66
82.66
27.49
188.55
39.06
4068.89
4068.89
428.40
428.40
355.63
355.63
1166.33
1166.33
409.27
409.27
1153.19
1153.19
1456.35
1456.35
10.00
10.00
10.00
10.00
1617.65
1617.65
1545.62
1545.62
1714.38
1714.38
833.15
833.15
1863.05
1863.05
1103.87
1103.87
10.00
10.00
270.50
270.50
287.91
287.91
2334.58
2334.58
2334.58
2334.58
2334.58
2334.58
273.38
273.38
2685.98
2685.98
856.72
856.72
3898.52
3898.52
3898.52
3898.52
3898.52
3898.52
3898.52
3898.52
3898.52
3898.52
3898.52
3898.52
3898.52
3898.52
10.00
10.00
10.00
10.00
10.00
10.00
10.00
10.00
10.00
10.00
98.02
98.02
121.28
146.82
146.82
254.60
250.51
271.87
271.87
204.23
193.81
387.08
387.08
450.83
698.14
698.14
735.54
735.54
943.06
943.06
1219.98
1219.98
1400.24
1400.24
387.36
387.36
507.88
507.88
13.59
13.59
913.73
913.73
2013.98
2013.98
738.92
738.92
10.00
10.00
3519.25
3519.25
3519.25
3519.25
3519.25
3519.25
3519.25
3519.25
14.85
14.85
3709.36
3709.36
3724.59
3724.59
303.16
303.16
3691.44
3691.44
3824.05
3824.05
1111.91
1111.91
204.89
204.89
10.39
10.39
1450.92
1450.92
289.30
289.30
1240.03
1240.03
1240.03
1240.03
1240.03
1240.03
1292.48
1292.48
288.83
288.83
2566.11
2566.11
273.89
273.89
2553.59
2553.59
2595.42
2595.42
2595.42
2595.42
2595.42
2595.42
2595.42
2595.42
2787.66
2787.66
16.36
16.36
2670.32
2670.32
685.89
685.89
943.23
943.23
3382.54
3382.54
3754.94
3754.94
4003.98
4003.98
4295.49
4295.49
4986.83
4986.83
5575.17
5575.17
2523.00
2523.00
2560.29
2560.29
1836.16
1836.16
6117.29
6117.29
6117.29
6117.29
6117.29
6117.29
6117.29
6117.29
6117.29
6117.29
6117.29
6117.29
6117.29
6117.29
6117.29
6117.29
6117.29
6117.29
6117.29
6117.29
6117.29
6117.29
6117.29
6117.29
6117.29
6117.29
6117.29
6117.29
142.38
142.38
438.63
438.63
529.52
529.52
529.52
743.49
743.49
10.00
10.00
1741.35
1155.25
1155.25
1036.55
1036.55
2306.97
2306.97
2609.55
2609.55
13.60
13.60
1966.84
1966.84
1685.37
1685.37
1478.90
1478.90
1391.02
1391.02
1812.08
1812.08
371.79
371.79
3106.33
3106.33
3106.33
3106.33
3181.54
3181.54
3181.54
3181.54
2246.38
2246.38
2246.38
2246.38
2246.38
2246.38
2246.38
2246.38
2246.38
2246.38
2246.38
2246.38
2246.38
2246.38
2246.38
2246.38
2806.89
2806.89
849.49
849.49
839.50
839.50
839.50
839.50
839.50
839.50
839.50
839.50
839.50
839.50
1071.40
1071.40
1316.60
1316.60
10.00
10.00
1405.66
1405.66
1776.23
1776.23
2361.52
2361.52
2602.75
2602.75
15.68
15.68
1240.49
1240.49
1963.61
1963.61
3521.69
3521.69
4411.32
4411.32
4411.32
4411.32
4411.32
4411.32
4411.32
4411.32
4411.32
4411.32
912.36
912.36
3605.07
3605.07
10.00
10.00
847.20
847.20
10.00
10.00
1045.00
1045.00
1388.27
1388.27
1194.38
1194.38
1777.01
1777.01
1860.29
1860.29
1913.11
1913.11
1937.86
1937.86
1261.87
1261.87
3002.58
3002.58
848.72
848.72
2273.79
2273.79
3793.11
3793.11
4129.05
4129.05
4129.05
4129.05
1438.38
1438.38
1438.38
10.00
2004.67
2004.67
4314.98
4314.98
47.13
47.13
4570.83
4570.83
4570.83
4570.83
4570.83
4570.83
10.00
10.00
1491.95
1491.95
2299.11
2299.11
1007.84
1007.84
78.27
78.27
3746.02
3746.02
3746.02
3746.02
3746.02
3746.02
3746.02
3746.02
3746.02
3746.02
10.00
10.00
10.00
10.00
10.00
10.00
10.00
10.00
10.00
10.00
10.00
10.00
10.00
265.47
359.37
507.09
500.62
500.62
393.60
713.39
846.01
1113.18
1113.18
1113.18
37.51
37.51
13.98
540.43
1484.65
1484.65
706.75
706.75
1823.86
1823.86
2065.32
2065.32
16.95
16.95
912.58
912.58
10.00
10.00
277.71
277.71
10.00
10.00
519.50
519.50
415.59
415.59
24.48
24.48
628.96
628.96
12.57
12.57
576.81
576.81
1523.18
1523.18
40.79
40.79
10.41
10.41
56.72
56.72
273.54
273.54
162.60
162.60
837.83
837.83
20.97
20.97
514.44
514.44
3187.45
3187.45
3187.45
3187.45
19.94
19.94
39.25
39.25
28.42
28.42
26.16
26.16
111.69
111.69
279.06
279.06
1495.68
1495.68
1175.71
1175.71
414.50
414.50
34.46
34.46
3773.38
3773.38
40.18
40.18
283.90
283.90
1409.18
1409.18
1410.95
1410.95
15.71
15.71
1863.12
1863.12
1524.14
1524.14
1740.96
1740.96
404.84
404.84
1041.29
1041.29
10.00
10.00
10.00
10.00
12.48
12.48
876.85
876.85
372.38
372.38
909.01
909.01
1562.61
1562.61
1562.61
1562.61
267.51
267.51
18.13
18.13
19.19
19.19
1410.21
1410.21
1410.21
1410.21
1410.21
1410.21
13.39
13.39
822.38
822.38
309.17
309.17
204.41
204.41
381.98
381.98
454.93
454.93
193.88
193.88
519.16
519.16
580.50
580.50
712.23
712.23
714.07
714.07
47.15
47.15
712.09
712.09
461.24
461.24
10.00
10.00
466.35
466.35
16.30
16.30
1115.72
1115.72
10.00
10.00
1362.04
1362.04
1204.48
1204.48
10.00
10.00
1528.96
1528.96
1589.93
1589.93
1584.72
1584.72
303.44
303.44
441.50
441.50
623.83
623.83
10.00
10.00
131.14
131.14
1684.61
1684.61
10.00
10.00
1280.12
1280.12
441.64
441.64
1221.02
1221.02
12.94
12.94
217.42
217.42
276.47
276.47
10.00
10.00
587.15
587.15
10.00
10.00
22.79
22.79
15.71
15.71
732.03
732.03
193.94
193.94
10.00
10.00
971.81
971.81
10.00
10.00
492.23
492.23
1407.76
1407.76
1354.69
1354.69
1158.42
1158.42
1686.93
1686.93
903.71
903.71
1413.63
1413.63
1959.97
1959.97
10.00
10.00
21.16
21.16
901.69
901.69
597.90
597.90
686.84
686.84
1596.50
1596.50
2084.57
2084.57
738.69
738.69
2318.22
2318.22
2318.22
2318.22
2318.22
2318.22
2318.22
2318.22
2318.22
2318.22
2318.22
2318.22
2318.22
2318.22
2318.22
2318.22
10.00
10.00
272.10
272.10
4120.89
4120.89
4120.89
4120.89
15.72
15.72
4028.27
4028.27
4028.27
4028.27
4028.27
4028.27
4028.27
4028.27
4028.27
4028.27
4502.11
4502.11
4859.44
4859.44
13.61
13.61
287.52
287.52
1524.54
1524.54
1698.63
1698.63
10.00
10.00
10.00
10.00
10.00
10.00
10.00
10.00
10.00
10.00
498.30
262.06
660.54
89.00
716.28
716.28
616.82
1002.27
1002.27
1250.53
1337.29
1337.29
998.23
998.23
998.23
1359.04
1912.60
1912.60
1912.60
2218.93
2218.93
2218.93
2218.93
2218.93
2218.93
2218.93
2218.93
2218.93
2218.93
2218.93
2218.93
2763.47
2763.47
3059.76
3059.76
3114.94
3114.94
1774.47
1774.47
10.00
10.00
2671.66
2671.66
2073.64
2073.64
182.57
2192.63
2192.63
2192.63
2395.87
2395.87
2395.87
2395.87
10.00
10.00
4049.39
4049.39
4049.39
4049.39
1788.99
1788.99
1795.72
1795.72
2529.87
2529.87
3920.99
3920.99
3920.99
3920.99
3920.99
3920.99
3920.99
3920.99
3920.99
3920.99
630.25
630.25
10.00
10.00
879.18
879.18
930.99
930.99
901.38
901.38
1396.71
1396.71
94.25
94.25
1856.82
1856.82
1592.23
1592.23
1807.81
1807.81
1733.63
1733.63
209.36
209.36
1266.01
1266.01
3651.08
3651.08
119.81
119.81
1441.42
1441.42
1783.74
1783.74
1783.74
1783.74
10.00
10.00
10.00
553.48
762.73
762.73
822.04
822.04
951.08
951.08
995.09
995.09
998.11
998.11
1000.05
1000.05
1072.33
1072.33
1074.59
1074.59
1086.17
1086.17
1094.19
1094.19
1094.19
1094.19
1094.19
1094.19
424.52
424.52
1171.75
1171.75
1192.77
1192.77
1326.47
1326.47
1453.58
1453.58
1453.58
1453.58
1453.58
1453.58
1453.58
1453.58
1453.58
1453.58
251.26
251.26
600.23
600.23
600.23
600.23
274.91
274.91
411.99
411.99
566.92
566.92
566.92
330.77
330.77
1257.27
1467.48
1467.48
1506.33
1506.33
1506.33
1506.33
1506.33
1506.33
1414.02
1414.02
1667.86
1667.86
1565.15
1565.15
10.00
10.00
3043.95
3043.95
3574.15
3574.15
444.46
444.46
444.46
444.46
10.00
10.00
278.44
278.44
3574.84
3574.84
3742.39
3742.39
3742.39
3742.39
2709.51
2709.51
2417.98
2417.98
303.18
303.18
245.70
245.70
1332.04
1332.04
383.02
383.02
470.34
470.34
2150.84
2150.84
2701.98
2701.98
3929.54
3929.54
4115.68
4115.68
4590.46
4590.46
2926.65
2926.65
15.75
15.75
294.65
294.65
2026.66
2026.66
5083.93
5083.93
5139.13
5139.13
5139.13
5139.13
12.88
12.88
5191.73
5191.73
3701.42
3701.42
1306.48
1306.48
22.77
22.77
20.50
20.50
435.65
435.65
303.71
303.71
35.00
35.00
1907.93
1907.93
18.62
18.62
110.77
110.77
20.95
20.95
30.09
30.09
753.85
753.85
600.10
600.10
2456.61
2456.61
679.22
679.22
433.32
433.32
12.56
12.56
565.71
565.71
2192.84
2192.84
2341.75
2341.75
10.00
10.00
16.43
16.43
894.79
894.79
303.88
303.88
141.72
141.72
439.47
439.47
2333.84
2333.84
1543.38
1543.38
1416.24
1416.24
2501.32
2501.32
403.98
403.98
64.57
64.57
1723.55
1723.55
39.70
39.70
1604.22
1604.22
675.30
675.30
1798.29
1798.29
44.13
44.13
22.88
22.88
53.65
53.65
415.17
415.17
50.32
50.32
286.76
286.76
1218.76
1218.76
1062.49
1062.49
24.94
24.94
83.94
83.94
816.95
816.95
4245.55
4245.55
2916.89
2916.89
1640.22
1640.22
97.94
97.94
10.00
10.00
136.07
136.07
16.14
16.14
57.97
57.97
44.03
44.03
12.43
12.43
110.05
110.05
1598.49
1598.49
1855.14
1855.14
304.38
304.38
1870.21
1870.21
13.21
13.21
99.90
99.90
2248.45
2248.45
2264.48
2264.48
2282.53
2282.53
2330.97
2330.97
1023.24
1023.24
2769.66
2769.66
1607.14
1607.14
2993.52
2993.52
3064.22
3064.22
394.12
394.12
1072.85
1072.85
3043.52
3043.52
2142.51
2142.51
3105.63
3105.63
12.37
12.37
3412.60
3412.60
2868.96
2868.96
3178.73
3178.73
281.48
281.48
3892.14
3892.14
901.13
901.13
39.82
39.82
3861.92
3861.92
4289.40
4289.40
3612.86
3612.86
10.00
10.00
5183.09
5183.09
5378.39
5378.39
10.00
10.00
1056.83
1056.83
1919.72
1919.72
1919.72
1919.72
13.75
13.75
1322.05
1322.05
1496.04
1496.04
1498.29
1498.29
14.88
14.88
1542.16
1542.16
1617.26
1617.26
1709.56
1709.56
10.00
10.00
482.23
482.23
779.48
779.48
829.58
829.58
498.10
498.10
151.64
151.64
235.69
235.69
2394.17
2394.17
2722.20
2722.20
10.00
10.00
2759.35
2759.35
631.45
631.45
12.22
12.22
21.65
21.65
275.76
275.76
701.08
701.08
2810.45
2810.45
2810.45
2810.45
10.00
10.00
3480.80
3480.80
1688.71
1688.71
1511.27
1511.27
1667.55
1667.55
1667.55
1667.55
3687.52
3687.52
3556.47
3556.47
2267.52
2267.52
4035.17
4035.17
33.61
33.61
560.89
560.89
1287.42
1287.42
1287.42
1287.42
1700.18
1700.18
4365.15
4365.15
10.00
10.00
41.31
41.31
17.06
17.06
1525.58
1525.58
817.36
817.36
2146.83
2146.83
2146.83
2146.83
2146.83
2146.83
2146.83
2146.83
6704.60
6704.60
6704.60
6704.60
6704.60
6704.60
6704.60
6704.60
807.30
807.30
2332.19
2332.19
2332.19
2332.19
2332.19
2332.19
2332.19
2332.19
303.33
303.33
303.33
52.34
946.45
946.45
20.95
20.95
10.00
10.00
1192.03
1192.03
1379.41
1379.41
1622.81
1622.81
2003.56
2003.56
2057.20
2057.20
2549.76
2549.76
2214.05
2214.05
1971.40
1971.40
2490.29
2490.29
3858.12
3858.12
4608.40
4608.40
10.00
10.00
4567.46
4567.46
4551.82
4551.82
4750.14
4750.14
1792.92
1792.92
2085.63
2085.63
286.80
286.80
1870.90
1870.90
1870.90
1870.90
1870.90
1870.90
1870.90
1870.90
1870.90
1870.90
1870.90
1870.90
10.49
10.49
10.49
10.49
10.49
10.49
10.49
10.49
428.98
428.98
204.77
77.26
667.22
52.12
825.73
825.73
10.00
10.00
517.92
517.92
1365.17
1365.17
1468.82
1468.82
1574.35
1574.35
52.47
52.47
57.58
57.58
952.04
952.04
620.08
620.08
931.86
931.86
1240.45
1240.45
265.11
265.11
2565.38
2565.38
393.03
393.03
2616.01
2616.01
2792.04
2792.04
2690.13
2690.13
3244.14
3244.14
3169.62
3169.62
178.26
178.26
10.00
10.00
10.00
10.00
54.57
54.57
917.02
917.02
251.32
251.32
2149.95
2149.95
821.84
821.84
3914.79
3914.79
3914.79
3914.79
10.00
10.00
12.89
12.89
35.07
35.07
4345.07
4345.07
3913.26
3913.26
4515.64
4515.64
1742.52
1742.52
908.45
908.45
1380.41
1380.41
1945.08
1945.08
1945.08
1945.08
288.96
288.96
70.44
70.44
790.74
790.74
474.97
474.97
10.00
10.00
268.17
268.17
10.00
10.00
187.15
187.15
293.00
293.00
83.49
83.49
124.84
124.84
27.38
27.38
14.25
14.25
139.75
139.75
139.75
237.22
237.22
307.44
452.58
452.58
546.66
546.66
294.10
294.10
202.06
202.06
10.00
10.00
769.23
769.23
960.38
960.38
712.11
712.11
16.97
16.97
805.75
805.75
665.57
665.57
15.72
15.72
10.00
10.00
303.72
303.72
34.31
34.31
13.10
13.10
27.11
27.11
37.86
37.86
37.86
37.86
309.46
309.46
10.00
581.44
762.37
762.37
836.32
836.32
1040.22
1040.22
22.59
22.59
944.95
944.95
1443.89
1443.89
303.74
303.74
1981.07
1981.07
981.54
981.54
183.87
183.87
31.11
31.11
31.11
36.75
36.75
64.16
64.16
125.74
125.74
94.16
94.16
58.10
58.10
10.00
117.97
117.97
12.42
12.42
10.00
10.00
17.10
17.10
17.10
10.00
10.00
10.00
52.27
52.27
45.09
45.09
3804.77
3804.77
53.26
53.26
125.58
125.58
2014.32
2014.32
1154.35
1154.35
549.03
549.03
972.30
972.30
10.00
10.00
52.57
52.57
341.13
341.13
228.48
228.48
172.94
172.94
80.93
80.93
113.69
113.69
64.94
64.94
10.00
10.00
89.99
89.99
371.78
371.78
10.00
10.00
20.36
20.36
183.32
183.32
243.41
243.41
98.35
98.35
66.03
66.03
6870.42
6870.42
2330.43
2330.43
5000.75
5000.75
10.00
10.00
44.29
44.29
260.32
260.32
10.00
10.00
12.36
12.36
28.24
28.24
45.82
45.82
45.82
45.82
258.79
429.29
532.50
532.50
662.81
662.81
662.81
821.85
821.85
759.42
759.42
817.45
1707.96
1707.96
2253.01
2253.01
2755.13
2755.13
324.52
324.52
2897.42
2897.42
561.04
561.04
4435.16
4435.16
286.60
286.60
1173.02
1173.02
10.00
10.00
12.18
12.18
199.36
199.36
303.77
303.77
10.00
10.00
287.15
287.15
10.00
10.00
4806.40
4806.40
304.07
304.07
1307.91
1307.91
1042.91
1042.91
88.35
88.35
60.39
60.39
60.39
10.00
10.00
539.89
181.66
181.66
782.76
782.76
2601.13
2601.13
2601.13
20.98
26.24
26.24
3665.44
3665.44
21.33
21.33
3795.71
3795.71
726.90
726.90
1521.04
1521.04
2358.67
2358.67
10.00
10.00
10.00
10.00
2303.79
2303.79
1023.60
1023.60
618.38
618.38
408.73
408.73
33.09
33.09
199.15
199.15
350.97
350.97
20.24
20.24
40.81
40.81
10.48
10.48
38.31
38.31
289.96
289.96
289.96
3054.85
3054.85
61.93
61.93
2456.84
2456.84
34.44
34.44
1144.82
1144.82
90.98
90.98
293.27
293.27
10.00
10.00
81.68
81.68
10.00
10.00
542.86
542.86
10.00
10.00
771.88
771.88
684.27
684.27
867.71
867.71
796.66
796.66
230.59
230.59
14.64
14.64
289.57
289.57
44.71
44.71
151.86
151.86
99.75
99.75
24.79
24.79
303.43
303.43
10.00
10.00
957.40
957.40
957.40
957.40
957.40
957.40
10.00
10.00
2659.68
2659.68
275.68
10.00
10.00
10.00
1833.39
1833.39
48.77
48.77
36.62
36.62
79.01
79.01
13.47
13.47
849.11
849.11
2239.39
2239.39
2071.85
2071.85
2339.25
2339.25
19.17
19.17
452.22
452.22
497.22
497.22
1703.32
1703.32
1764.61
1764.61
1764.61
1764.61
1764.61
1764.61
1764.61
1764.61
10.00
10.00
591.82
591.82
313.92
313.92
10.00
10.00
78.64
78.64
417.84
417.84
262.02
262.02
1123.32
1123.32
178.07
178.07
861.67
861.67
1054.83
1054.83
10.00
10.00
152.33
152.33
21.88
21.88
13.63
13.63
10.00
10.00
546.95
546.95
546.95
546.95
736.95
736.95
736.95
736.95
990.23
990.23
990.23
990.23
990.23
990.23
990.23
990.23
1071.27
1071.27
1610.60
1610.60
10.00
10.00
10.00
10.00
1350.68
1350.68
866.82
866.82
346.25
346.25
1672.43
1672.43
1672.43
1672.43
10.00
10.00
519.20
519.20
10.00
10.00
1719.61
1719.61
1713.92
1713.92
530.39
530.39
246.27
246.27
799.82
799.82
267.10
267.10
1288.03
1288.03
315.45
315.45
987.05
987.05
425.35
425.35
272.81
272.81
25.74
25.74
65.01
65.01
10.00
10.00
371.66
371.66
499.44
499.44
730.98
730.98
787.01
787.01
889.47
889.47
151.80
151.80
1023.74
1023.74
23.22
23.22
88.12
88.12
104.67
104.67
47.20
47.20
178.18
178.18
1974.87
1974.87
57.13
57.13
16.28
16.28
10.00
10.00
1841.06
1841.06
22.06
22.06
37.44
37.44
188.75
188.75
17.37
17.37
162.17
162.17
105.00
105.00
78.46
78.46
57.73
57.73
1098.46
1098.46
819.26
819.26
2846.68
2846.68
1529.82
1529.82
560.90
560.90
3904.36
3904.36
1463.24
1463.24
20.48
20.48
1894.82
1894.82
284.32
284.32
38.52
38.52
32.93
32.93
733.86
733.86
204.28
204.28
25.06
25.06
24.78
24.78
1157.45
1157.45
335.14
335.14
698.78
698.78
79.62
79.62
29.83
29.83
255.03
255.03
20.93
20.93
68.00
68.00
398.98
398.98
1565.83
1565.83
261.71
261.71
950.04
950.04
950.04
950.04
699.20
699.20
99.71
99.71
10.00
10.00
10.00
10.00
162.15
162.15
162.15
12.12
10.00
10.00
682.57
682.57
696.08
696.08
865.38
865.38
1075.41
1075.41
1362.58
1362.58
1480.88
1480.88
1710.45
1710.45
1319.38
1319.38
792.18
792.18
1942.22
1942.22
1942.22
1942.22
2203.58
2203.58
2400.26
2400.26
24.11
24.11
1390.56
1390.56
1390.56
1390.56
1390.56
1390.56
14.16
14.16
1217.48
1217.48
1205.93
1205.93
1205.93
1205.93
1277.33
1277.33
1584.89
1584.89
1770.17
1770.17
2278.05
2278.05
2557.69
2557.69
277.57
277.57
1795.45
1795.45
3302.49
3302.49
3392.47
3392.47
18.41
18.41
1857.15
1857.15
1857.15
1857.15
1857.15
1857.15
1857.15
1857.15
1857.15
1857.15
2181.01
2181.01
2181.01
2181.01
2181.01
2181.01
2181.01
2181.01
2181.01
2181.01
309.26
309.26
608.03
608.03
758.84
758.84
824.35
824.35
1056.99
1056.99
1719.03
1719.03
2189.49
2189.49
2311.34
2311.34
2311.34
2311.34
2403.27
2403.27
1660.10
1660.10
1901.52
1901.52
2117.32
2117.32
1240.28
1240.28
10.00
10.00
2841.33
2841.33
1248.06
1248.06
1438.57
1438.57
2933.73
2933.73
2933.76
2933.76
2971.97
2971.97
277.93
277.93
3182.70
3182.70
3788.11
3788.11
3738.77
3738.77
3747.27
3747.27
4008.21
4008.21
4371.95
4371.95
4580.79
4580.79
4774.29
4774.29
4842.02
4842.02
4842.02
4842.02
4842.02
4842.02
4842.02
4842.02
4842.02
4842.02
4842.02
4842.02
4842.02
4842.02
880.10
880.10
1657.33
1657.33
2320.80
2320.80
4793.54
4793.54
14.86
14.86
30.50
30.50
15.65
15.65
991.22
991.22
268.65
268.65
2197.75
2197.75
18.64
18.64
2228.40
2228.40
2228.40
2228.40
10.00
10.00
1082.36
1082.36
2203.68
2203.68
2203.68
2203.68
10.00
10.00
2149.40
2149.40
602.16
602.16
1019.77
1019.77
566.29
566.29
182.14
182.14
45.68
