# 1Hz Kbps trace generated by import_real_world_traces.py
844.55
1042.41
1042.41
887.26
887.26
1966.93
1966.93
2422.22
2422.22
2151.28
2151.28
3423.27
3423.27
3423.27
3423.27
3423.27
3423.27
3199.63
3199.63
3199.63
3199.63
3138.29
3138.29
3169.40
3169.40
2774.99
2774.99
2818.58
2818.58
3465.50
3465.50
1772.15
1772.15
3694.63
3694.63
3507.53
3507.53
2546.03
2546.03
2546.03
2546.03
2546.03
2546.03
3733.96
3733.96
3181.78
3181.78
3792.85
3792.85
2142.96
2142.96
3907.86
3907.86
2344.53
2344.53
2344.53
2344.53
4686.91
4686.91
4981.18
4981.18
5342.52
5342.52
5342.52
5342.52
5342.52
5342.52
5160.88
5160.88
5857.50
5857.50
6193.10
6193.10
5605.59
5605.59
7565.48
7565.48
7363.49
7363.49
6819.19
6819.19
4248.82
4248.82
7353.48
7353.48
7951.48
