# 1Hz Kbps trace generated by import_real_world_traces.py
4000.62
64.55
4006.93
4617.34
5339.48
5405.93
5405.93
5405.93
6455.30
6455.30
17.27
17.27
2606.29
2606.29
6515.06
6515.06
1482.04
1482.04
6849.21
6849.21
7435.25
7435.25
7502.62
7502.62
4552.93
4552.93
4343.30
4343.30
7147.66
7147.66
795.89
795.89
6443.62
6443.62
6272.64
6272.64
4865.96
4865.96
6877.30
6877.30
6466.49
6466.49
7243.97
7243.97
820.32
820.32
6920.01
6920.01
7316.54
7316.54
6423.33
6423.33
6894.37
6894.37
6636.89
6636.89
3973.78
3973.78
3973.78
3973.78
3973.78
3973.78
3973.78
3973.78
6791.66
6791.66
4152.08
4152.08
2358.78
2358.78
6943.16
6943.16
6560.41
6560.41
16.24
16.24
518.63
518.63
1294.43
1294.43
6773.04
6773.04
169.83
169.83
4467.27
4467.27
10.00
10.00
6467.71
6467.71
6467.71
6467.71
6467.71
6467.71
1055.39
1055.39
7020.71
7020.71
7020.71
7020.71
7020.71
7020.71
7343.15
7343.15
33.61
33.61
7031.22
7031.22
6688.60
6688.60
6688.60
6688.60
6688.60
6688.60
7201.79
7201.79
6285.28
6285.28
3824.76
3824.76
3824.76
3824.76
3824.76
3824.76
3824.76
3824.76
6829.76
6829.76
5568.72
5568.72
5568.72
5568.72
5680.73
5680.73
5679.21
5679.21
5679.21
5679.21
7133.46
7133.46
1155.46
1155.46
6298.55
6298.55
208.92
208.92
162.57
162.57
7665.60
7665.60
823.19
823.19
1220.68
1220.68
694.61
694.61
7120.89
7120.89
186.77
186.77
948.38
948.38
356.51
356.51
62.47
62.47
1900.77
1900.77
114.13
114.13
1627.29
1627.29
219.42
219.42
115.06
115.06
209.67
209.67
106.56
106.56
17.71
17.71
11.05
11.05
105.15
105.15
6024.70
6024.70
6024.70
6024.70
2852.16
2852.16
2149.04
2149.04
282.59
282.59
2807.09
2807.09
4507.28
4507.28
61.55
61.55
3625.32
3625.32
303.35
303.35
3242.63
3242.63
787.79
787.79
3996.34
3996.34
6916.18
6916.18
6680.88
6680.88
6471.48
6471.48
202.27
202.27
4085.11
4085.11
761.11
761.11
104.22
104.22
4042.43
4042.43
2776.06
2776.06
1251.46
1251.46
1233.47
1233.47
71.12
71.12
10.00
10.00
40.02
40.02
1865.58
1865.58
2844.57
2844.57
79.28
79.28
1878.68
1878.68
4692.78
4692.78
52.19
52.19
1903.14
1903.14
28.09
28.09
1529.98
1529.98
282.46
282.46
822.53
822.53
6978.52
6978.52
60.99
60.99
834.69
834.69
335.04
335.04
185.71
185.71
179.56
179.56
3884.52
3884.52
2294.70
2294.70
29.47
29.47
16.48
16.48
4749.47
4749.47
60.92
60.92
173.69
173.69
39.11
39.11
120.17
120.17
382.23
382.23
789.68
789.68
6141.63
6141.63
6766.38
6766.38
1013.42
1013.42
107.54
107.54
825.00
825.00
5571.20
5571.20
3159.00
3159.00
60.11
60.11
53.94
53.94
7141.85
7141.85
99.65
99.65
2119.94
2119.94
2541.09
2541.09
6387.52
6387.52
218.65
218.65
4403.60
4403.60
69.26
69.26
503.52
503.52
67.13
67.13
325.57
325.57
224.78
224.78
159.21
159.21
133.19
133.19
1259.34
1259.34
253.20
253.20
814.16
814.16
52.91
52.91
389.83
389.83
51.71
51.71
2047.75
2047.75
61.43
61.43
2830.02
2830.02
12.10
12.10
86.67
86.67
7151.68
7151.68
12.75
12.75
65.17
65.17
2293.03
2293.03
32.56
32.56
10.00
10.00
112.41
112.41
164.80
164.80
25.07
25.07
5355.84
5355.84
81.99
81.99
2305.26
2305.26
64.39
64.39
769.00
769.00
1123.00
1123.00
2332.84
2332.84
98.40
98.40
4602.09
4602.09
3045.29
3045.29
33.60
33.60
24.41
24.41
1322.54
1322.54
59.84
59.84
547.71
547.71
58.41
58.41
806.71
806.71
71.55
71.55
792.19
792.19
5169.56
5169.56
1412.10
1412.10
3338.73
3338.73
61.59
61.59
1406.72
1406.72
2396.71
2396.71
96.83
96.83
1135.60
1135.60
185.45
185.45
922.01
922.01
10.00
10.00
29.16
29.16
33.93
33.93
64.75
64.75
45.36
45.36
10.00
10.00
14.18
14.18
92.18
92.18
622.42
622.42
14.49
14.49
422.02
422.02
760.94
760.94
4625.83
4625.83
4038.82
4038.82
692.56
692.56
1206.06
1206.06
898.88
898.88
1986.33
1986.33
1082.10
1082.10
7032.60
7032.60
783.85
783.85
6399.66
6399.66
5931.30
5931.30
108.40
108.40
4361.50
4361.50
4361.50
4361.50
6648.24
6648.24
5345.74
5345.74
7292.06
7292.06
37.39
37.39
7064.34
7064.34
7064.34
7064.34
24.85
24.85
7056.92
7056.92
5192.25
5192.25
5192.25
5192.25
5837.20
5837.20
5837.20
5837.20
5837.20
5837.20
5837.20
5837.20
7296.04
7296.04
1386.70
1386.70
802.37
802.37
6849.12
6849.12
787.44
787.44
2847.06
2847.06
2847.06
2847.06
6975.95
6975.95
7089.61
7089.61
2167.72
2167.72
2300.87
2300.87
2460.65
2460.65
6654.36
6654.36
2575.89
2575.89
5540.85
5540.85
5540.85
5540.85
5218.17
5218.17
3421.95
3421.95
5959.91
5959.91
3008.43
3008.43
35.09
35.09
7057.63
7057.63
5860.11
5860.11
6338.59
6338.59
5313.77
5313.77
205.62
205.62
776.57
776.57
2131.58
2131.58
7473.94
7473.94
65.97
65.97
1150.87
1150.87
36.35
36.35
85.63
85.63
7166.90
7166.90
7166.90
7166.90
3712.61
3712.61
529.86
529.86
2065.11
2065.11
791.74
791.74
98.95
98.95
783.83
783.83
37.78
37.78
4633.67
4633.67
89.85
89.85
593.64
593.64
102.56
102.56
36.66
36.66
240.01
240.01
174.74
174.74
122.85
122.85
800.85
800.85
223.44
223.44
795.80
795.80
236.65
236.65
70.29
70.29
115.84
115.84
76.35
76.35
129.09
129.09
287.40
287.40
95.67
95.67
56.33
56.33
37.88
37.88
798.47
798.47
68.05
68.05
795.61
795.61
456.78
456.78
175.99
175.99
66.14
66.14
110.18
110.18
35.21
35.21
280.78
280.78
218.29
218.29
3954.93
3954.93
3954.93
3954.93
3954.93
3954.93
3954.93
3954.93
3954.93
3954.93
5960.49
5960.49
1376.88
1376.88
2481.16
2481.16
2984.40
2984.40
4305.00
4305.00
2225.18
2225.18
106.59
106.59
1860.97
1860.97
1363.01
1363.01
6882.33
6882.33
118.44
118.44
607.32
607.32
1342.96
1342.96
10.00
10.00
3074.39
3074.39
3376.17
3376.17
25.41
25.41
1253.84
1253.84
362.36
362.36
5886.74
5886.74
1195.34
1195.34
6452.17
6452.17
4453.88
4453.88
789.63
789.63
3886.33
3886.33
2679.64
2679.64
22.48
22.48
13.68
13.68
1489.32
1489.32
3316.26
3316.26
67.33
67.33
1012.18
1012.18
6331.66
6331.66
4868.19
4868.19
1106.50
1106.50
2875.59
2875.59
2463.34
2463.34
1578.11
1578.11
102.04
102.04
3520.54
3520.54
12.81
12.81
4709.37
4709.37
2898.86
2898.86
3677.08
3677.08
2531.94
2531.94
805.50
805.50
175.36
175.36
2386.40
2386.40
2858.98
2858.98
82.57
82.57
329.23
329.23
112.86
112.86
959.64
959.64
153.18
153.18
153.18
12.22
5788.22
5788.22
1893.02
1893.02
36.56
36.56
227.16
227.16
26.98
26.98
80.21
80.21
152.13
152.13
95.50
95.50
41.23
41.23
811.89
811.89
2203.39
2203.39
65.75
65.75
145.25
145.25
273.80
273.80
630.73
630.73
12.56
12.56
32.80
32.80
72.72
72.72
13.50
13.50
2969.70
2969.70
257.37
257.37
4967.94
4967.94
129.63
129.63
245.21
245.21
315.64
315.64
45.69
45.69
45.69
24.37
60.01
60.01
35.94
35.94
11.52
11.52
6614.18
6614.18
1093.94
1093.94
95.85
95.85
7177.99
7177.99
6885.67
6885.67
27.95
27.95
7130.61
7130.61
6666.26
6666.26
4358.88
4358.88
87.62
87.62
7166.32
7166.32
3319.06
3319.06
5946.22
5946.22
5946.22
5946.22
2067.74
2067.74
1750.81
1750.81
6488.95
6488.95
6715.26
6715.26
80.92
80.92
5162.72
5162.72
5727.47
5727.47
136.30
136.30
6736.16
6736.16
7239.90
7239.90
606.59
606.59
6829.95
6829.95
460.00
460.00
820.50
820.50
56.75
56.75
6803.38
6803.38
2599.48
2599.48
6749.12
6749.12
7550.78
7550.78
7550.78
7550.78
6676.36
6676.36
24.17
24.17
2628.99
2628.99
17.04
17.04
80.80
80.80
800.85
800.85
2598.21
2598.21
24.24
24.24
6501.65
6501.65
66.50
66.50
2955.32
2955.32
6061.10
6061.10
2145.78
2145.78
2870.19
2870.19
3532.15
3532.15
3532.15
3532.15
5465.58
5465.58
24.58
24.58
3016.07
3016.07
3566.83
3566.83
6964.67
6964.67
6764.97
6764.97
6764.97
6764.97
6764.97
6764.97
6764.97
6764.97
6844.56
6844.56
6844.56
7193.68
6951.95
