# 1Hz Kbps trace generated by import_real_world_traces.py
746.65
120.28
271.92
658.52
101.28
101.28
101.28
3415.30
507.21
507.21
63.21
123.92
123.92
147.21
147.21
147.21
60.57
4418.12
6708.30
2690.72
2028.30
2028.30
109.37
109.37
670.81
670.81
636.55
636.55
1730.24
1730.24
10.93
10.93
932.16
932.16
464.71
464.71
224.54
224.54
3463.35
3463.35
112.88
112.88
1152.73
1152.73
174.17
174.17
82.05
82.05
4042.37
4042.37
13.28
13.28
899.45
899.45
392.11
392.11
3033.51
3033.51
538.38
538.38
362.60
362.60
146.97
146.97
3416.55
3416.55
6614.72
6614.72
978.30
978.30
12.87
12.87
13.11
13.11
1748.24
1748.24
959.90
959.90
6253.44
6253.44
6162.06
6162.06
6162.06
6162.06
10.00
10.00
10.00
240.52
44.71
44.71
1353.50
1353.50
157.06
1171.16
4467.50
4467.50
1394.38
1394.38
3463.92
3463.92
42.39
42.39
6811.02
6811.02
3101.78
3101.78
1943.31
1943.31
5845.07
5845.07
413.92
413.92
527.35
527.35
968.51
968.51
382.53
382.53
6163.09
6163.09
1947.10
1947.10
6051.16
6051.16
31.29
31.29
1351.71
1351.71
744.64
744.64
4320.55
4320.55
31.92
31.92
7182.52
7182.52
3708.31
3708.31
988.60
988.60
117.08
117.08
3858.76
3858.76
1429.28
1429.28
15.07
15.07
3250.20
3250.20
70.22
70.22
948.96
948.96
940.61
940.61
173.69
173.69
33.80
33.80
1551.14
1551.14
915.92
915.92
4655.04
4655.04
4079.52
4079.52
5584.95
5584.95
856.45
856.45
58.78
58.78
49.90
49.90
4960.31
4960.31
103.23
103.23
26.52
26.52
1831.70
1831.70
3377.34
3377.34
948.99
948.99
13.43
13.43
851.75
851.75
188.79
188.79
2729.28
2729.28
10.00
10.00
2694.79
2694.79
487.21
487.21
254.15
254.15
10.00
10.00
207.82
207.82
1708.64
1708.64
1708.64
13.28
13.28
31.10
3030.95
3030.95
207.13
207.13
137.50
137.50
893.78
893.78
2720.62
2720.62
4327.81
4327.81
4327.81
4327.81
4327.81
4327.81
4943.81
4943.81
4943.81
4943.81
1181.40
1181.40
5647.37
5647.37
5647.37
5647.37
4823.59
4823.59
1309.65
1309.65
5966.59
5966.59
5966.59
5966.59
5451.86
5451.86
5451.86
5451.86
4295.50
4295.50
314.41
314.41
314.41
208.62
6078.91
6078.91
6448.55
6448.55
6448.55
6448.55
6448.55
6448.55
20.98
20.98
6981.99
6981.99
3200.13
3200.13
921.37
921.37
1611.23
1611.23
1901.75
1901.75
6765.70
6765.70
1870.39
1870.39
6288.75
6288.75
1964.11
1964.11
5024.90
5024.90
5619.03
5619.03
6783.06
6783.06
1455.48
1455.48
2529.17
2529.17
934.69
934.69
6028.32
6028.32
6028.32
6028.32
2313.81
2313.81
3104.37
3104.37
2826.16
2826.16
2826.16
2826.16
13.38
13.38
2949.01
2949.01
3289.74
3289.74
1905.61
1905.61
2908.98
2908.98
2714.47
2714.47
4119.47
4119.47
4119.47
4119.47
3322.26
3322.26
4691.82
4691.82
4103.33
4103.33
12.94
12.94
13.67
13.67
631.36
631.36
115.72
115.72
2975.75
2975.75
122.79
122.79
1538.09
1538.09
13.02
13.02
13.34
13.34
3338.03
3338.03
3338.03
3338.03
28.66
28.66
2894.51
2894.51
3372.41
3372.41
3372.41
3372.41
3372.41
3372.41
4466.45
4466.45
94.90
94.90
4012.90
4012.90
2728.25
2728.25
608.56
608.56
3427.70
3427.70
53.61
53.61
3251.59
3251.59
14.70
14.70
38.45
38.45
541.58
541.58
10.00
10.00
10.48
10.48
170.85
170.85
2862.46
2862.46
1876.34
1876.34
13.60
13.60
6894.59
6894.59
2686.43
2686.43
918.66
918.66
60.84
60.84
1960.90
1960.90
2133.20
2133.20
2145.39
2145.39
1074.39
1074.39
768.83
768.83
880.33
880.33
3176.08
3176.08
6119.97
6119.97
4599.51
4599.51
20.08
20.08
2380.04
2380.04
52.90
52.90
2421.30
2421.30
127.81
127.81
63.70
63.70
2610.05
2610.05
2610.05
574.07
574.07
3010.26
3010.26
5809.56
5809.56
434.42
434.42
58.48
58.48
208.73
208.73
3727.05
3727.05
4232.64
4232.64
968.21
968.21
1243.60
1243.60
12.21
12.21
2100.93
2100.93
2505.06
2505.06
951.52
951.52
44.67
44.67
3288.78
3288.78
4279.47
4279.47
1854.54
1854.54
1854.54
62.02
62.02
117.89
117.89
45.98
45.98
5011.22
5011.22
4148.22
4148.22
15.35
15.35
5690.42
5690.42
3650.85
3650.85
1310.12
1310.12
5921.52
5921.52
3559.03
3559.03
4973.60
4973.60
4024.32
4024.32
4091.05
4091.05
5229.38
5229.38
4824.29
4824.29
3317.16
3317.16
2893.58
2893.58
589.89
589.89
964.45
964.45
5855.71
5855.71
81.18
81.18
2412.14
2412.14
5731.22
5731.22
5731.22
5731.22
2316.95
2316.95
1289.55
1289.55
3755.43
3755.43
47.50
47.50
15.26
15.26
16.29
16.29
334.59
334.59
1073.35
1073.35
79.50
79.50
4117.22
4117.22
632.63
632.63
959.47
959.47
121.39
121.39
38.48
38.48
273.06
273.06
210.26
210.26
12.70
12.70
539.63
539.63
72.04
72.04
938.07
938.07
13.27
13.27
3334.78
3334.78
3334.78
3334.78
127.27
127.27
59.15
59.15
1805.13
1805.13
1206.55
1206.55
52.65
52.65
5807.49
5807.49
189.77
189.77
1039.88
1039.88
2276.23
2276.23
65.35
65.35
11.24
11.24
20.42
20.42
3345.23
3345.23
1798.48
1798.48
48.63
48.63
2034.01
2034.01
14.39
14.39
48.76
48.76
13.09
13.09
884.00
884.00
18.75
18.75
1691.02
1691.02
3499.79
3499.79
61.60
61.60
6346.52
6346.52
3372.10
3372.10
6854.82
6854.82
4692.64
4692.64
136.31
136.31
3907.93
3907.93
2099.96
2099.96
960.75
960.75
3536.68
3536.68
1583.87
1583.87
6859.03
6859.03
6859.03
6859.03
4326.53
4326.53
3181.20
3181.20
4961.94
4961.94
4961.94
4961.94
5555.03
5555.03
5419.62
5419.62
5419.62
5419.62
4811.34
4811.34
6728.62
6728.62
1436.11
1436.11
1652.08
1652.08
6077.88
6077.88
988.97
988.97
53.64
53.64
980.20
980.20
652.53
652.53
5866.95
5866.95
2378.40
2378.40
3349.36
3349.36
3733.46
3733.46
5964.49
5964.49
3915.01
3915.01
5728.46
5728.46
5290.85
5290.85
4536.53
4536.53
4879.19
4879.19
6082.68
6082.68
1037.64
1037.64
310.49
310.49
429.19
429.19
54.57
54.57
6487.36
6487.36
5259.12
5259.12
5259.12
5259.12
83.69
83.69
5461.30
5461.30
5840.22
5840.22
1063.30
1063.30
4543.73
4543.73
2330.77
2330.77
14.17
14.17
1058.55
1058.55
846.05
846.05
2727.34
2727.34
5713.60
5713.60
4283.05
4283.05
2303.64
2303.64
299.11
299.11
962.68
962.68
1507.48
1507.48
946.23
946.23
6879.56
6879.56
6879.56
6879.56
304.69
304.69
1883.42
1883.42
971.47
971.47
250.96
250.96
6267.31
6267.31
469.13
469.13
2838.78
2838.78
14.52
14.52
14.26
14.26
5054.69
5054.69
928.74
928.74
151.12
151.12
1281.50
1281.50
6613.90
6613.90
1896.44
1896.44
1921.02
1921.02
13.63
13.63
765.70
765.70
3632.64
3632.64
2117.78
2117.78
13.48
13.48
14.92
14.92
46.19
46.19
40.92
40.92
40.92
3099.58
61.07
61.07
4202.52
4202.52
5109.44
5109.44
4945.92
4945.92
6212.60
6212.60
1974.82
1974.82
77.16
77.16
1876.72
1876.72
33.62
33.62
10.00
10.00
20.65
20.65
530.68
530.68
3743.47
3743.47
4854.35
4854.35
3453.04
3453.04
1756.43
1756.43
139.31
139.31
139.31
3134.51
69.68
69.68
13.18
13.18
5585.02
5585.02
1355.66
1355.66
3816.33
3816.33
3911.56
3911.56
5310.15
5310.15
20.72
20.72
82.21
82.21
6107.72
6107.72
4379.91
4379.91
4750.80
4750.80
4912.83
4912.83
6007.03
6007.03
928.01
928.01
1002.50
1002.50
2183.69
2183.69
2566.17
2566.17
63.92
63.92
5492.04
5492.04
1690.21
1690.21
1727.54
1727.54
1727.54
1727.54
3134.42
3134.42
3491.97
3491.97
3491.97
3491.97
3491.97
3491.97
182.09
182.09
2946.33
2946.33
4171.71
4171.71
1805.28
1805.28
2924.67
2924.67
6212.05
6212.05
6839.78
6839.78
6859.22
6859.22
6859.22
6859.22
848.57
848.57
848.57
848.57
5419.85
5419.85
2415.84
2415.84
2675.75
2675.75
1258.41
1258.41
2938.52
2938.52
3540.76
3540.76
5509.04
5509.04
5135.98
5135.98
6166.65
6166.65
5675.64
5675.64
5709.14
5709.14
6255.94
6255.94
2742.70
2742.70
2539.30
2539.30
3444.82
3444.82
3444.82
3444.82
285.54
285.54
794.63
794.63
66.81
66.81
3197.75
3197.75
6683.91
6683.91
13.35
13.35
2195.51
2195.51
5576.18
5576.18
6236.54
6236.54
13.26
13.26
4451.29
4451.29
17.81
17.81
1908.14
1908.14
946.62
946.62
5403.96
5403.96
4580.56
4580.56
6835.85
6835.85
335.24
335.24
4662.38
4662.38
2678.96
2678.96
861.54
861.54
1898.75
1898.75
13.15
13.15
2542.66
2542.66
764.02
764.02
5529.14
5529.14
753.40
753.40
6684.47
6684.47
4146.56
4146.56
734.56
734.56
2894.65
2894.65
3069.81
3069.81
3069.81
3069.81
91.30
91.30
91.30
209.76
209.76
209.76
61.40
61.40
61.40
278.61
43.08
101.78
18.09
18.09
20.84
20.84
44.39
44.39
47.11
47.11
5743.13
5743.13
1682.26
1682.26
2861.30
2861.30
552.37
552.37
1539.98
1539.98
6168.41
6168.41
2647.55
2647.55
739.63
739.63
5281.81
5281.81
4350.26
4350.26
4658.70
4658.70
744.76
744.76
5661.78
5661.78
1426.44
1426.44
27.06
27.06
600.99
600.99
206.41
206.41
54.43
54.43
188.77
188.77
443.94
443.94
42.59
42.59
946.61
946.61
169.40
169.40
1441.51
1441.51
5286.30
5286.30
933.56
933.56
4812.83
4812.83
3819.04
3819.04
5902.85
5902.85
3253.90
3253.90
3958.01
3958.01
3799.04
3799.04
949.17
949.17
1155.72
1155.72
6545.89
6545.89
83.42
83.42
1015.82
1015.82
915.32
915.32
572.87
572.87
338.14
338.14
338.14
13.38
13.38
1367.14
65.34
65.34
226.61
226.61
26.98
26.98
1795.22
1795.22
4763.60
4763.60
160.19
160.19
270.34
270.34
15.03
15.03
13.63
13.63
6417.30
6417.30
6755.62
6755.62
116.19
116.19
18.17
18.17
180.41
180.41
42.10
42.10
259.66
259.66
437.45
437.45
1734.49
1734.49
39.42
39.42
2291.65
2291.65
13.46
13.46
962.91
962.91
1965.65
1965.65
1405.95
1405.95
44.08
44.08
194.39
194.39
896.93
896.93
140.53
140.53
13.34
13.34
13.34
10.00
10.00
10.00
13.33
13.33
13.33
13.33
31.38
31.38
31.38
31.38
354.23
354.23
354.23
354.23
12.50
12.50
12.50
1843.47
1843.47
44.18
5247.36
188.08
27.94
6674.90
172.71
1921.56
1921.56
1531.41
1531.41
63.03
63.03
950.02
950.02
5180.15
5180.15
55.39
55.39
3280.38
3280.38
662.26
662.26
3890.91
3890.91
139.55
139.55
5879.76
5879.76
822.56
822.56
2204.74
2204.74
4337.34
4337.34
16.23
16.23
958.83
958.83
1421.90
1421.90
6539.94
6539.94
2963.51
2963.51
7070.77
7070.77
4129.94
4129.94
12.98
12.98
2331.06
2331.06
2791.59
2791.59
4271.20
4271.20
964.42
964.42
28.06
28.06
1215.61
1215.61
4934.01
4934.01
4934.01
4934.01
964.02
964.02
1795.02
1795.02
4066.39
4066.39
101.94
101.94
13.35
13.35
15.95
15.95
13.15
13.15
937.70
937.70
13.76
13.76
922.92
922.92
3727.75
3727.75
3727.75
3727.75
928.35
928.35
40.09
40.09
15.41
15.41
2521.60
2521.60
1411.83
1411.83
42.79
42.79
3788.16
3788.16
921.23
921.23
640.70
640.70
946.89
946.89
946.89
946.89
4066.20
4066.20
7022.75
7022.75
5381.99
5381.99
59.67
59.67
5935.20
5935.20
5935.20
5935.20
1334.01
1334.01
2030.69
2030.69
6266.53
6266.53
6266.53
6266.53
966.96
966.96
204.29
204.29
3551.69
3551.69
3551.69
3551.69
3551.69
3551.69
3551.69
3551.69
4088.99
4088.99
4174.60
4174.60
4165.92
4165.92
3097.54
3097.54
5087.31
5087.31
5742.45
5742.45
916.19
916.19
25.27
25.27
79.70
79.70
17.26
17.26
3424.12
3424.12
965.35
965.35
57.41
57.41
590.41
590.41
17.42
17.42
42.04
42.04
43.44
43.44
2234.38
2234.38
1173.84
1173.84
2540.29
2540.29
1375.51
1375.51
2299.88
2299.88
108.57
108.57
3511.45
3511.45
3511.45
3511.45
3511.45
3511.45
3511.45
3511.45
6298.92
6298.92
912.30
912.30
1529.02
1529.02
992.19
992.19
123.92
123.92
70.17
70.17
281.85
281.85
125.20
125.20
930.27
930.27
2439.02
2439.02
62.41
62.41
15.06
15.06
15.06
133.08
133.08
138.87
138.87
3263.96
1349.67
1349.67
588.29
588.29
44.28
44.28
5899.12
5899.12
13.22
13.22
968.66
968.66
1663.14
1663.14
2519.45
2519.45
1453.78
1453.78
2119.92
2119.92
935.65
935.65
5436.67
5436.67
831.92
831.92
380.13
380.13
380.13
380.13
88.97
434.28
52.53
52.53
26.27
26.27
81.01
81.01
932.50
932.50
12.62
12.62
26.97
26.97
48.28
48.28
1488.64
1488.64
2848.16
2848.16
83.72
83.72
2200.86
2200.86
964.60
964.60
1251.31
1251.31
897.82
897.82
1565.45
1565.45
937.06
937.06
5067.75
5067.75
13.47
13.47
10.00
10.00
179.35
179.35
52.16
52.16
118.20
118.20
31.70
31.70
1289.04
1289.04
56.79
56.79
80.78
80.78
1288.39
1288.39
5612.56
5612.56
4277.67
4277.67
265.13
265.13
1503.14
1503.14
2019.29
2019.29
2465.44
2465.44
595.71
595.71
6859.56
6859.56
50.64
50.64
27.87
27.87
2687.23
2687.23
337.07
337.07
1844.00
1844.00
1005.04
1005.04
1317.99
1317.99
3400.92
3400.92
1986.75
1986.75
13.53
13.53
504.99
504.99
5424.29
5424.29
5780.69
5780.69
5766.63
5766.63
952.35
952.35
2024.94
2024.94
14.82
14.82
4638.66
4638.66
5034.07
5034.07
3238.31
3238.31
4331.18
4331.18
974.52
974.52
6168.45
6168.45
917.37
917.37
3402.58
3402.58
1883.55
1883.55
2352.54
2352.54
3311.80
3311.80
5148.27
5148.27
4580.36
4580.36
5023.35
5023.35
5784.80
5784.80
5784.80
5784.80
3170.41
3170.41
3170.41
3170.41
3170.41
3170.41
3309.26
3309.26
512.49
512.49
1964.87
1964.87
3414.31
3414.31
3414.31
3414.31
5224.67
5224.67
5224.67
5224.67
3603.15
3603.15
3929.70
3929.70
941.17
941.17
5132.96
5132.96
5132.96
5132.96
5132.96
5132.96
5132.96
5132.96
6325.43
6325.43
6325.43
6325.43
6325.43
6325.43
6325.43
6325.43
6325.43
6325.43
5499.20
5499.20
60.80
60.80
40.38
40.38
5983.55
5983.55
1238.62
1238.62
18.24
18.24
13.56
13.56
89.18
89.18
3499.36
3499.36
3014.49
3014.49
2873.99
2873.99
843.72
843.72
10.00
10.00
10.00
1764.53
2776.29
2776.29
44.19
44.19
6091.10
6091.10
400.02
400.02
189.86
189.86
16.91
16.91
34.27
34.27
95.25
95.25
95.25
147.53
147.53
147.53
147.53
147.53
147.53
147.53
29.33
29.33
29.33
29.33
1142.79
1142.79
1235.38
1235.38
602.80
602.80
602.80
3447.35
3447.35
160.26
160.26
3809.19
3809.19
396.57
396.57
1373.27
28.78
28.78
16.80
12.07
12.07
161.62
161.62
44.45
10.00
10.00
437.29
437.29
5013.18
5013.18
14.73
14.73
1405.25
1405.25
1405.25
1405.25
121.30
121.30
577.85
577.85
67.93
4443.30
5886.04
5886.04
6482.43
6482.43
496.48
496.48
4635.49
4635.49
14.30
14.30
237.64
237.64
14.37
14.37
87.00
87.00
40.43
40.43
1190.95
1190.95
12.50
12.50
15.38
15.38
43.33
43.33
43.33
39.65
39.65
806.65
806.65
183.03
183.03
2013.78
44.83
44.83
982.81
982.81
549.52
549.52
45.98
45.98
369.94
369.94
4274.13
4274.13
2632.94
2632.94
139.05
139.05
1192.26
1192.26
1192.26
90.65
90.65
61.42
61.42
61.42
2121.25
1010.27
1010.27
1223.16
1223.16
27.91
27.91
2425.06
2425.06
5577.31
5577.31
1996.05
1996.05
13.25
13.25
4114.94
4114.94
41.13
41.13
43.25
43.25
5001.21
5001.21
3289.74
3289.74
3825.57
3825.57
927.95
927.95
4494.09
4494.09
888.96
888.96
581.68
581.68
108.64
108.64
332.64
332.64
2765.51
2765.51
841.27
841.27
1969.34
1969.34
1394.05
1394.05
598.96
598.96
2823.25
2823.25
938.59
938.59
1756.50
1756.50
5779.53
5779.53
4951.48
4951.48
4467.60
4467.60
854.36
854.36
2564.52
2564.52
6516.01
6516.01
145.96
145.96
1762.39
1762.39
3581.19
3581.19
3372.95
3372.95
4865.59
4865.59
4865.59
4865.59
4865.59
4865.59
6394.44
6394.44
384.57
384.57
965.19
965.19
5270.64
5270.64
958.44
958.44
800.83
800.83
5328.49
5328.49
38.78
38.78
337.95
337.95
853.89
853.89
13.06
13.06
1190.46
1190.46
2951.50
2951.50
13.75
13.75
2545.71
2545.71
41.84
41.84
952.71
952.71
1115.88
1115.88
1338.78
1338.78
1430.35
1430.35
3616.36
3616.36
3616.36
3616.36
3616.36
3616.36
926.82
926.82
6516.43
6516.43
12.66
12.66
1248.95
1248.95
3463.16
3463.16
6874.80
6874.80
6874.80
6874.80
827.70
827.70
2543.11
2543.11
307.70
307.70
950.89
950.89
10.69
10.69
5445.01
5445.01
1942.96
1942.96
1613.12
1613.12
3364.05
3364.05
6006.14
6006.14
949.58
949.58
3013.28
3013.28
3013.28
3013.28
3013.28
3013.28
3013.28
3013.28
6923.82
6923.82
3435.51
3435.51
3435.51
3435.51
707.33
707.33
5415.34
5415.34
5415.34
5415.34
4088.89
4088.89
714.74
714.74
2905.93
2905.93
3350.08
3350.08
3350.08
3350.08
3350.08
42.04
42.04
196.80
3159.33
3159.33
3159.33
3159.33
88.81
88.81
1115.28
1115.28
453.23
453.23
453.23
14.25
14.25
3326.14
13.33
13.33
984.35
984.35
984.35
212.83
212.83
212.83
204.81
204.81
204.81
374.55
374.55
40.80
3968.32
6535.58
306.04
306.04
1460.12
1460.12
312.49
312.49
6874.41
6874.41
51.52
51.52
85.87
85.87
85.87
427.98
427.98
77.64
77.64
1786.74
496.29
496.29
496.29
903.86
903.86
5080.64
5080.64
269.25
269.25
12.97
12.97
65.36
65.36
850.38
850.38
850.38
403.31
13.28
13.28
200.80
200.80
2109.67
2109.67
2382.84
2382.84
43.09
43.09
1115.64
1115.64
2386.39
2386.39
221.37
221.37
6311.02
6311.02
48.51
48.51
19.61
19.61
143.17
143.17
1162.59
1162.59
16.40
16.40
66.18
66.18
787.97
787.97
4702.28
4702.28
2178.81
2178.81
13.11
13.11
2898.98
2898.98
1589.48
1589.48
4778.50
4778.50
799.21
799.21
134.26
134.26
962.66
962.66
462.89
462.89
284.01
284.01
162.01
162.01
4246.92
4246.92
100.16
100.16
752.37
752.37
5571.87
5571.87
1188.68
1188.68
1746.92
1746.92
16.64
16.64
57.60
57.60
74.50
74.50
74.50
184.34
184.34
184.34
184.34
764.77
764.77
764.77
764.77
438.76
438.76
438.76
3859.33
3859.33
3859.33
1347.81
1347.81
629.20
281.57
80.14
59.72
1026.17
1026.17
1951.58
61.79
61.79
49.79
49.79
13.29
13.29
28.96
28.96
981.24
981.24
2450.43
2450.43
5321.83
5321.83
5356.76
5356.76
2662.32
2662.32
3086.66
3086.66
5338.71
5338.71
4733.45
4733.45
945.80
945.80
4261.19
4261.19
25.65
25.65
1160.76
1160.76
42.45
42.45
32.76
32.76
90.09
90.09
13.01
13.01
13.01
30.40
30.40
10.00
10.00
20.72
20.72
2094.96
2094.96
474.67
474.67
6815.10
6815.10
5881.69
5881.69
1740.84
1740.84
76.49
76.49
5222.72
5222.72
13.66
13.66
4815.85
4815.85
2695.10
2695.10
136.39
136.39
4549.07
4549.07
60.23
60.23
125.44
125.44
40.26
40.26
1603.63
1603.63
61.30
61.30
60.11
60.11
123.22
123.22
316.25
316.25
288.85
288.85
289.61
289.61
11.09
11.09
182.91
182.91
4547.63
4547.63
80.21
80.21
1504.02
1504.02
4308.76
4308.76
2590.41
2590.41
2908.35
2908.35
4598.78
4598.78
1306.64
1306.64
12.69
12.69
1069.06
1069.06
271.45
271.45
83.15
83.15
3105.86
3105.86
974.31
974.31
1632.19
1632.19
10.00
10.00
118.46
118.46
118.46
245.36
245.36
245.36
285.79
285.79
285.79
59.42
59.42
1780.63
1780.63
2123.66
29.01
844.16
2103.64
2103.64
1296.52
1296.52
3419.70
3419.70
2725.85
2725.85
3598.94
3598.94
1107.96
1107.96
849.85
849.85
2107.42
2107.42
2730.76
2730.76
13.48
13.48
13.43
13.43
151.56
151.56
13.46
13.46
916.55
916.55
4443.85
4443.85
45.84
45.84
13.77
13.77
13.94
13.94
346.74
346.74
346.74
102.00
102.00
102.00
211.34
211.34
211.34
13.41
13.41
219.27
219.27
74.89
74.89
150.45
2737.72
1027.23
28.57
28.57
348.72
348.72
4425.69
4425.69
902.89
902.89
793.62
793.62
27.53
27.53
41.20
41.20
629.07
629.07
29.16
29.16
584.05
584.05
2168.96
2168.96
10.00
10.00
1772.68
1772.68
2006.21
2006.21
43.18
43.18
1556.61
1556.61
334.65
334.65
1227.89
1227.89
103.95
103.95
1467.77
1467.77
969.50
969.50
4160.32
4160.32
925.17
925.17
13.46
13.46
12.74
12.74
142.64
142.64
60.18
60.18
1260.68
1260.68
10.00
10.00
5657.86
5657.86
45.08
45.08
25.82
25.82
3736.07
3736.07
3288.25
3288.25
845.56
845.56
286.11
286.11
2065.14
2065.14
3540.06
3540.06
3859.84
3859.84
6143.51
6143.51
2136.49
2136.49
5443.48
5443.48
12.72
12.72
4314.21
4314.21
4425.89
4425.89
6402.73
6402.73
2702.53
2702.53
37.66
37.66
3114.88
3114.88
6559.65
6559.65
6559.65
6559.65
962.54
962.54
2638.97
2638.97
6204.22
6204.22
1680.30
1680.30
5218.51
5218.51
830.44
830.44
4067.57
4067.57
6551.51
6551.51
5442.39
5442.39
1389.86
1389.86
292.62
292.62
4687.17
4687.17
5615.18
5615.18
5615.18
5615.18
5615.18
5615.18
4206.44
4206.44
2557.99
2557.99
3623.64
3623.64
5736.68
5736.68
5736.68
5736.68
651.91
651.91
1031.98
1031.98
7033.28
7033.28
12.95
12.95
6669.74
6669.74
6672.90
6672.90
6672.90
6672.90
6672.90
6672.90
2378.30
2378.30
6723.11
6723.11
62.36
62.36
974.86
974.86
504.16
504.16
506.39
506.39
2091.45
2091.45
12.97
12.97
3381.65
3381.65
4619.31
4619.31
897.25
897.25
3487.11
3487.11
2818.64
2818.64
950.07
950.07
5086.76
5086.76
1423.45
1423.45
40.30
40.30
4802.14
4802.14
2245.26
2245.26
1599.67
1599.67
785.34
785.34
1207.15
1207.15
974.31
974.31
1754.09
1754.09
2327.06
2327.06
95.09
95.09
183.32
183.32
4864.12
4864.12
736.46
736.46
5081.32
5081.32
2747.69
2747.69
2264.75
2264.75
14.13
14.13
101.64
101.64
926.09
926.09
264.93
264.93
1021.16
1021.16
2244.75
2244.75
13.50
13.50
2174.17
2174.17
51.24
51.24
13.62
13.62
27.23
27.23
24.88
24.88
1010.97
1010.97
41.77
41.77
28.64
28.64
13.48
13.48
1252.78
1252.78
3116.20
3116.20
5313.14
5313.14
14.52
14.52
1387.14
1387.14
80.88
80.88
80.88
60.73
60.73
13.16
13.16
13.16
60.71
60.71
60.71
570.90
570.90
570.90
15.22
15.22
38.79
86.50
86.50
14.73
145.44
145.44
351.74
3716.03
2641.40
2641.40
6418.53
6418.53
1265.38
1265.38
3740.16
3740.16
80.70
80.70
5301.62
5301.62
654.28
654.28
5293.33
5293.33
3571.27
3571.27
575.09
575.09
6689.11
6689.11
54.02
54.02
1941.10
1941.10
169.93
169.93
185.44
185.44
3393.71
3393.71
82.77
82.77
1403.27
1403.27
1403.27
2326.52
2326.52
4606.65
4606.65
3830.89
3830.89
6301.68
6301.68
969.72
969.72
4566.31
4566.31
3021.77
3021.77
654.42
654.42
5864.90
5864.90
5335.30
5335.30
561.83
561.83
2449.47
2449.47
2261.91
2261.91
4858.93
4858.93
2191.59
2191.59
28.82
28.82
5701.83
5701.83
6175.35
6175.35
6785.57
6785.57
2921.41
2921.41
56.24
56.24
637.58
637.58
1357.63
1357.63
10.00
10.00
81.30
81.30
864.86
864.86
864.86
143.77
143.77
143.77
116.25
116.25
116.25
1489.44
1489.44
26.00
26.00
1583.31
1583.31
5510.79
1198.90
1198.90
1638.56
1638.56
47.52
47.52
13.35
13.35
2949.47
2949.47
46.32
46.32
1108.95
1108.95
132.06
132.06
351.37
351.37
351.37
19.44
19.44
19.44
13.08
13.08
11.80
11.80
3655.55
13.22
13.22
81.44
1013.22
1013.22
82.47
82.47
2050.79
2050.79
6085.41
6085.41
60.20
60.20
2874.61
2874.61
940.56
940.56
325.66
325.66
20.30
20.30
61.11
61.11
53.74
53.74
2721.60
2721.60
27.78
27.78
1741.20
1741.20
12.32
12.32
525.46
525.46
970.46
970.46
1669.28
1669.28
3782.25
3782.25
1660.36
1660.36
5154.22
5154.22
3626.74
3626.74
3980.10
3980.10
5140.16
5140.16
3625.23
3625.23
4250.90
4250.90
41.69
41.69
5637.22
5637.22
945.48
945.48
376.67
376.67
6874.99
6874.99
6063.96
6063.96
2746.87
2746.87
5565.92
5565.92
82.41
82.41
880.44
880.44
455.14
455.14
307.30
307.30
45.75
45.75
30.41
30.41
5317.45
5317.45
149.51
149.51
860.55
860.55
14.12
14.12
3728.18
3728.18
6262.15
6262.15
75.29
75.29
28.01
28.01
45.14
45.14
191.82
191.82
123.45
123.45
989.29
989.29
5756.20
5756.20
1572.51
1572.51
797.73
797.73
5026.48
5026.48
3950.30
3950.30
136.61
136.61
738.06
738.06
945.46
945.46
1875.33
1875.33
111.62
111.62
16.21
16.21
55.13
55.13
953.67
953.67
1626.83
1626.83
768.84
768.84
5520.12
5520.12
251.93
251.93
1672.50
1672.50
1765.20
1765.20
985.94
985.94
102.57
102.57
552.62
552.62
1823.99
1823.99
103.60
103.60
2133.63
2133.63
1236.19
1236.19
921.49
921.49
2750.54
2750.54
4418.84
4418.84
2751.86
2751.86
5468.20
5468.20
5468.20
5468.20
1755.73
1755.73
2990.00
2990.00
2806.61
2806.61
6384.11
6384.11
6677.34
6677.34
549.79
549.79
2305.90
2305.90
2397.91
2397.91
5274.85
5274.85
3723.01
3723.01
1271.34
1271.34
2366.60
2366.60
446.87
446.87
213.53
213.53
6012.38
6012.38
4474.35
4474.35
4474.35
4474.35
1359.37
1359.37
5781.84
5781.84
6539.77
6539.77
6539.77
6539.77
6384.13
6384.13
1321.47
1321.47
4878.69
4878.69
4878.69
4878.69
4878.69
4878.69
16.11
16.11
1438.43
1438.43
1438.43
1438.43
382.58
382.58
1982.51
1982.51
1514.16
1514.16
4121.53
4121.53
4121.53
4121.53
4121.53
4121.53
4121.53
4121.53
4121.53
4121.53
1154.44
1154.44
3340.52
3340.52
4650.40
4650.40
4021.38
4021.38
4002.41
4002.41
1224.40
1224.40
4196.72
4196.72
1115.85
1115.85
5628.17
5628.17
5905.33
5905.33
4502.55
4502.55
6960.97
6960.97
1422.93
1422.93
6286.38
6286.38
41.33
41.33
2967.50
2967.50
5434.89
5434.89
1650.97
1650.97
6626.68
6626.68
2580.30
2580.30
2580.30
2580.30
2899.65
2899.65
1184.05
1184.05
13.88
13.88
5802.61
5802.61
1020.81
1020.81
2573.96
2573.96
2573.96
2573.96
6937.58
6937.58
938.40
938.40
5687.67
5687.67
3262.60
3262.60
3693.16
3693.16
14.73
14.73
923.70
923.70
199.57
199.57
5326.07
5326.07
2826.42
2826.42
388.59
388.59
59.75
59.75
10.00
10.00
921.86
921.86
288.03
288.03
265.77
265.77
101.63
101.63
243.96
243.96
185.79
185.79
185.79
83.23
83.23
83.23
83.23
28.16
28.16
28.16
28.16
1780.87
1780.87
1780.87
1588.59
1588.59
3096.19
3096.19
3096.19
13.22
13.22
13.22
44.32
44.32
44.32
12.76
1101.68
1529.50
45.22
143.63
143.63
122.74
122.74
2130.46
20.38
6485.57
54.79
2991.98
4498.67
4498.67
4086.60
4086.60
1649.56
1649.56
3886.84
3886.84
291.06
291.06
285.42
285.42
176.10
176.10
14.75
14.75
11.51
11.51
106.84
106.84
13.43
13.43
1345.43
1345.43
2521.87
2521.87
796.57
796.57
6569.72
6569.72
3130.49
3130.49
4506.56
4506.56
62.81
62.81
1867.67
1867.67
916.38
916.38
13.52
13.52
163.23
163.23
820.96
820.96
78.45
78.45
960.71
960.71
41.56
41.56
21.00
21.00
13.23
13.23
13.62
13.62
252.91
252.91
28.89
28.89
924.01
924.01
142.44
142.44
88.20
88.20
1093.00
1093.00
26.00
26.00
936.33
936.33
20.97
20.97
13.65
13.65
513.48
513.48
94.62
94.62
2575.99
2575.99
11.00
11.00
950.57
950.57
998.67
998.67
501.40
501.40
1254.98
1254.98
55.96
55.96
41.88
41.88
223.88
223.88
1273.36
1273.36
791.98
791.98
104.36
104.36
974.57
974.57
1279.01
1279.01
2340.68
2340.68
2301.98
2301.98
2977.96
2977.96
1563.55
1563.55
30.71
30.71
1365.38
1365.38
274.70
274.70
3737.49
3737.49
2713.88
2713.88
41.61
41.61
897.80
897.80
282.21
282.21
118.59
118.59
374.45
374.45
374.45
40.57
40.57
274.47
496.75
496.75
3960.73
3960.73
1772.62
1772.62
215.73
215.73
3171.44
3171.44
2164.32
2164.32
912.54
912.54
484.62
484.62
967.58
967.58
603.33
603.33
5898.36
5898.36
722.02
722.02
1740.12
1740.12
5309.89
5309.89
5892.12
5892.12
6040.61
6040.61
482.63
482.63
844.03
844.03
1571.68
1571.68
2585.96
2585.96
4165.63
4165.63
112.79
112.79
412.52
412.52
203.23
203.23
161.98
161.98
1717.15
1717.15
230.48
230.48
20.78
20.78
1839.63
1839.63
1001.06
1001.06
971.42
971.42
5107.17
5107.17
27.63
27.63
3038.92
3038.92
825.64
825.64
75.29
75.29
15.03
15.03
18.07
18.07
152.83
152.83
13.22
13.22
98.06
98.06
939.56
939.56
186.42
186.42
273.14
273.14
878.95
878.95
424.26
424.26
2870.75
2870.75
492.82
492.82
56.53
56.53
6585.83
6585.83
18.41
18.41
318.93
318.93
15.75
15.75
159.39
159.39
19.54
19.54
3752.56
3752.56
884.85
884.85
88.74
88.74
108.62
108.62
212.49
212.49
18.99
18.99
2681.27
2681.27
452.88
452.88
1545.29
1545.29
1545.29
66.26
81.15
81.15
22.82
22.82
541.07
541.07
13.97
13.97
1463.10
1463.10
125.82
125.82
20.31
20.31
262.87
262.87
103.84
103.84
81.09
81.09
62.75
62.75
588.65
588.65
188.81
188.81
14.00
14.00
70.73
70.73
69.70
69.70
357.80
357.80
53.45
53.45
831.41
831.41
4157.03
4157.03
963.55
963.55
252.90
252.90
1141.43
1141.43
27.98
27.98
162.15
162.15
162.15
111.65
31.92
31.92
31.92
43.71
2065.49
2065.49
3487.00
3487.00
5909.04
5909.04
3122.78
3122.78
876.58
876.58
21.01
21.01
14.56
14.56
1332.32
1332.32
1384.37
1384.37
79.14
79.14
143.36
143.36
881.70
881.70
122.66
122.66
122.66
162.41
1164.42
1164.42
108.81
108.81
977.37
977.37
2325.52
2325.52
3745.18
3745.18
1135.93
1135.93
434.42
434.42
929.16
929.16
731.32
731.32
6613.98
6613.98
13.36
13.36
2250.86
2250.86
458.88
458.88
409.89
409.89
4313.22
4313.22
6277.94
6277.94
4266.22
4266.22
198.06
198.06
5119.07
5119.07
5573.93
5573.93
40.79
40.79
956.90
956.90
1176.73
1176.73
1767.49
1767.49
154.15
154.15
919.68
919.68
1229.57
1229.57
256.06
256.06
902.84
902.84
1990.96
1990.96
6000.37
6000.37
4351.40
4351.40
13.16
13.16
13.16
947.29
1915.40
1915.40
187.00
187.00
102.52
102.52
4392.30
4392.30
80.02
80.02
29.75
29.75
165.67
165.67
13.35
13.35
228.11
228.11
949.70
949.70
83.06
83.06
4056.68
4056.68
4969.91
4969.91
3428.56
3428.56
6704.43
6704.43
2456.93
2456.93
2741.28
2741.28
6405.80
6405.80
12.67
12.67
3510.80
3510.80
4434.86
4434.86
971.69
971.69
5534.63
5534.63
38.89
38.89
2275.25
2275.25
1945.46
1945.46
2888.49
2888.49
3389.48
3389.48
4737.56
4737.56
949.86
949.86
13.18
13.18
535.04
535.04
308.57
308.57
5876.64
5876.64
2488.24
2488.24
6781.32
6781.32
6781.32
62.63
1633.87
1633.87
1633.87
790.11
790.11
2204.61
2204.61
4128.97
4128.97
5164.33
5164.33
44.06
44.06
2622.82
2622.82
143.84
143.84
2013.14
2013.14
60.51
60.51
2505.78
2505.78
535.79
535.79
861.84
861.84
244.26
244.26
13.50
13.50
1547.51
1547.51
1915.45
1915.45
934.83
934.83
85.93
85.93
161.22
161.22
111.14
111.14
76.78
76.78
57.89
57.89
57.89
41.52
41.52
3407.91
3407.91
833.85
833.85
833.85
1455.08
1455.08
125.70
2096.23
2096.23
147.69
147.69
73.98
62.75
62.75
213.97
213.97
14.39
14.39
14.73
14.73
346.07
346.07
37.62
37.62
206.37
206.37
251.55
251.55
69.77
69.77
69.77
14.01
14.01
158.85
158.85
158.85
133.79
133.79
133.79
43.44
43.44
118.31
4915.44
4915.44
625.42
625.42
2195.25
2195.25
1412.56
1412.56
123.38
123.38
3430.53
3430.53
6838.36
6838.36
5032.97
5032.97
1195.13
1195.13
1827.45
1827.45
1865.62
1865.62
1865.62
1865.62
1865.62
1865.62
1865.62
1865.62
347.70
347.70
47.68
47.68
3354.58
3354.58
2871.07
2871.07
6693.40
6693.40
960.99
960.99
3263.86
3263.86
10.00
10.00
46.38
46.38
3676.04
3676.04
985.78
985.78
640.12
640.12
1944.43
1944.43
340.96
340.96
16.27
16.27
890.89
890.89
3696.23
3696.23
5000.15
5000.15
164.44
164.44
851.51
851.51
1111.32
1111.32
106.69
106.69
967.59
967.59
13.49
13.49
4658.16
4658.16
2131.12
2131.12
1876.57
1876.57
5344.30
5344.30
13.50
13.50
5599.12
5599.12
12.90
12.90
172.15
172.15
1007.27
1007.27
20.39
20.39
28.04
28.04
116.10
116.10
3565.86
3565.86
1795.98
1795.98
6333.95
6333.95
1062.23
1062.23
5261.92
5261.92
13.58
13.58
46.43
46.43
5264.49
5264.49
77.60
77.60
171.33
171.33
626.47
626.47
2715.16
2715.16
393.27
393.27
122.45
122.45
2464.35
2464.35
26.17
26.17
13.34
13.34
22.94
22.94
365.20
365.20
41.77
41.77
1085.33
1085.33
103.88
103.88
3276.77
3276.77
2116.40
2116.40
871.22
871.22
552.80
552.80
75.67
75.67
13.15
13.15
2575.65
2575.65
16.12
16.12
5113.74
5113.74
400.60
400.60
14.47
14.47
30.33
30.33
2957.75
2957.75
5042.08
5042.08
5768.56
5768.56
6558.98
6558.98
1646.49
1646.49
6347.91
6347.91
6323.55
6323.55
1990.39
1990.39
5662.07
5662.07
5422.35
5422.35
2924.00
2924.00
971.53
971.53
1071.78
1071.78
1411.58
1411.58
29.27
29.27
4258.28
4258.28
2706.24
2706.24
5121.77
5121.77
1316.35
1316.35
45.48
45.48
4285.99
4285.99
4688.36
4688.36
5058.81
5058.81
328.91
328.91
2559.40
2559.40
610.63
610.63
1374.94
1374.94
49.59
49.59
4213.31
4213.31
957.16
957.16
2590.46
2590.46
966.57
966.57
1998.02
1998.02
592.59
592.59
2806.30
2806.30
2806.30
2806.30
4896.61
4896.61
4896.61
4896.61
4896.61
4896.61
4896.61
4896.61
931.38
931.38
3464.68
3464.68
2615.51
2615.51
939.91
939.91
3409.32
3409.32
119.02
119.02
5265.74
5265.74
5265.74
5265.74
5265.74
5265.74
5265.74
5265.74
5265.74
5265.74
363.90
363.90
3100.54
3100.54
962.71
962.71
3537.56
3537.56
6843.89
6843.89
4375.28
4375.28
1508.62
1508.62
6395.67
6395.67
13.09
13.09
952.91
952.91
2640.93
2640.93
2640.93
2640.93
2640.93
2640.93
2640.93
2640.93
3301.42
3301.42
1668.49
1668.49
2331.94
2331.94
2331.94
2331.94
2331.94
2331.94
4052.78
4052.78
4052.78
4052.78
6395.19
6395.19
1106.28
1106.28
908.10
908.10
3092.19
3092.19
3092.19
3092.19
3092.19
3092.19
3092.19
3092.19
3850.48
3850.48
3850.48
3850.48
253.52
253.52
682.94
682.94
1839.74
1839.74
2223.80
2223.80
13.33
13.33
937.92
937.92
7012.20
7012.20
7012.20
7012.20
43.67
43.67
13.51
13.51
3475.26
3475.26
1692.50
1692.50
13.34
13.34
14.48
14.48
1133.80
1133.80
4913.80
4913.80
89.80
89.80
944.07
944.07
40.58
40.58
535.82
535.82
3054.85
3054.85
3841.39
3841.39
926.93
926.93
20.91
20.91
2439.06
2439.06
2593.60
2593.60
2890.29
2890.29
961.65
961.65
1509.63
1509.63
3246.82
3246.82
3246.82
3246.82
5011.92
5011.92
5011.92
5011.92
2449.41
2449.41
1134.18
1134.18
3615.12
3615.12
5877.77
5877.77
5877.77
5877.77
5534.79
5534.79
5534.79
5534.79
5534.79
5534.79
5534.79
5534.79
1088.24
1088.24
2196.34
2196.34
4793.21
4793.21
5788.69
5788.69
4618.73
4618.73
2122.60
2122.60
15.08
15.08
939.12
939.12
5474.40
5474.40
5474.40
5474.40
137.52
137.52
4209.25
4209.25
6409.07
6409.07
12.94
12.94
655.28
655.28
1100.92
1100.92
1515.50
1515.50
1515.50
1515.50
6087.06
6087.06
2273.57
2273.57
3033.42
3033.42
3167.11
3167.11
392.03
392.03
2202.36
2202.36
1401.79
1401.79
7066.01
7066.01
3198.62
3198.62
37.27
37.27
943.36
943.36
6712.34
6712.34
4664.95
4664.95
1570.19
1570.19
2104.97
2104.97
2130.98
2130.98
3892.23
3892.23
50.08
50.08
5205.83
5205.83
1617.45
1617.45
4548.69
4548.69
4004.73
4004.73
4091.72
4091.72
4436.11
4436.11
4436.11
4436.11
5041.78
5041.78
4087.94
4087.94
3888.39
3888.39
5884.52
5884.52
1615.14
1615.14
114.59
114.59
487.84
487.84
5477.89
5477.89
2162.94
2162.94
981.04
981.04
466.19
466.19
2847.86
2847.86
3290.87
3290.87
3290.87
3290.87
938.12
938.12
4127.76
4127.76
2589.58
2589.58
58.44
58.44
583.09
583.09
5983.32
5983.32
1639.26
1639.26
969.48
969.48
2960.21
2960.21
2960.21
2960.21
3311.96
3311.96
3311.96
3311.96
957.68
957.68
3796.74
3796.74
1670.87
1670.87
5712.93
5712.93
3393.71
3393.71
4315.77
4315.77
4315.77
4315.77
4315.77
4315.77
160.98
160.98
116.52
116.52
3605.24
3605.24
4103.69
4103.69
966.50
966.50
6516.63
6516.63
920.56
920.56
77.36
77.36
3289.22
3289.22
3289.22
3289.22
3289.22
3289.22
3289.22
3289.22
3289.22
3289.22
3289.22
3289.22
3289.22
3289.22
3289.22
3289.22
3289.22
3289.22
3289.22
3289.22
3289.22
3289.22
3289.22
3289.22
3289.22
3289.22
32.24
32.24
743.58
743.58
6030.69
6030.69
1980.27
1980.27
52.00
52.00
3490.69
3490.69
2798.37
2798.37
888.92
888.92
4321.59
4321.59
4036.96
4036.96
3353.67
3353.67
12.68
12.68
5014.43
5014.43
5104.10
5104.10
5104.10
3598.50
2151.35
2151.35
2151.35
37.12
37.12
328.34
328.34
4923.36
4923.36
1333.08
1333.08
4149.16
4149.16
2715.33
2715.33
65.53
65.53
13.26
13.26
14.86
14.86
623.97
623.97
19.55
19.55
4981.15
4981.15
4043.44
4043.44
2245.57
2245.57
2373.55
2373.55
6897.96
6897.96
3299.66
3299.66
2988.06
2988.06
193.00
193.00
1290.45
1290.45
31.57
31.57
4559.29
4559.29
6004.83
6004.83
12.95
12.95
1497.08
1497.08
6770.06
6770.06
12.57
12.57
5935.47
5935.47
4037.35
4037.35
1027.19
1027.19
6945.03
6945.03
6945.03
6945.03
14.34
14.34
475.31
475.31
4555.76
4555.76
5959.21
5959.21
955.01
955.01
4793.74
4793.74
44.80
44.80
1865.72
1865.72
688.97
688.97
1087.11
1087.11
2704.11
2704.11
2078.04
2078.04
5688.19
5688.19
14.46
14.46
2717.85
2717.85
881.23
881.23
2432.60
2432.60
52.27
52.27
2077.84
2077.84
2095.54
2095.54
1359.18
1359.18
1228.86
1228.86
2979.42
2979.42
953.39
953.39
953.39
953.39
5754.43
5754.43
2067.14
2067.14
3363.70
3363.70
3363.70
3363.70
5893.95
5893.95
62.35
62.35
1787.03
1787.03
108.79
108.79
6292.53
6292.53
2986.64
2986.64
17.19
17.19
2705.24
2705.24
33.06
33.06
6441.96
6441.96
2667.41
2667.41
3957.45
3957.45
14.69
14.69
5503.33
5503.33
3679.44
3679.44
1909.07
1909.07
2402.60
2402.60
13.21
13.21
4833.72
4833.72
4833.72
4833.72
50.35
50.35
972.05
972.05
972.05
972.05
972.05
972.05
3163.92
3163.92
246.18
246.18
2785.06
2785.06
4294.01
4294.01
1384.18
1384.18
7140.71
7140.71
7140.71
7140.71
7140.71
7140.71
1190.03
1190.03
817.67
817.67
2585.87
2585.87
2585.87
2585.87
28.39
28.39
2947.03
2947.03
2947.03
2947.03
2947.03
2947.03
2947.03
2947.03
3095.27
3095.27
13.29
13.29
543.90
543.90
1416.51
1416.51
5653.80
5653.80
6677.85
6677.85
1731.84
1731.84
1733.45
1733.45
6449.49
6449.49
2765.45
2765.45
3265.00
3265.00
3265.00
3265.00
3265.00
3265.00
3265.00
3265.00
3265.00
3265.00
12.84
12.84
6697.59
6697.59
553.95
553.95
5109.11
5109.11
4682.73
4682.73
321.92
321.92
526.57
526.57
4313.44
4313.44
4313.44
4313.44
4313.44
4313.44
4313.44
4313.44
4450.86
4450.86
6915.27
6915.27
1967.35
1967.35
3846.48
3846.48
3846.48
3846.48
29.24
29.24
3204.90
3204.90
3382.34
3382.34
13.42
13.42
2212.90
2212.90
4817.05
4817.05
5918.97
5918.97
56.68
56.68
4729.29
4729.29
16.73
16.73
19.92
19.92
926.23
926.23
20.91
20.91
20.91
20.91
1207.37
1207.37
1207.37
33.83
33.83
598.28
1727.78
1727.78
2238.73
2238.73
4008.99
2717.98
192.77
192.77
951.21
951.21
1044.65
1044.65
2679.36
2679.36
510.58
510.58
6360.06
6360.06
641.70
641.70
29.62
29.62
3435.48
3435.48
10.93
10.93
1138.07
1138.07
117.20
117.20
215.06
215.06
1403.64
1403.64
979.07
979.07
43.10
43.10
5124.89
5124.89
13.33
13.33
3940.14
3940.14
1532.41
1532.41
45.46
45.46
2363.62
2363.62
611.78
611.78
178.79
178.79
62.43
62.43
31.55
31.55
192.82
192.82
796.51
796.51
13.59
13.59
31.48
31.48
978.90
978.90
4385.24
4385.24
38.74
38.74
575.20
575.20
530.65
530.65
1848.82
1848.82
2731.62
2731.62
1605.77
1605.77
279.89
279.89
288.32
288.32
12.84
12.84
2251.83
2251.83
13.15
13.15
684.79
684.79
6520.12
6520.12
1119.85
1119.85
2412.14
2412.14
13.51
13.51
3374.77
3374.77
2356.70
2356.70
20.66
20.66
27.35
27.35
239.69
239.69
447.06
447.06
811.64
811.64
14.60
14.60
76.05
76.05
6351.43
6351.43
2112.44
2112.44
3426.86
3426.86
2517.88
2517.88
3010.99
3010.99
5507.38
5507.38
1061.21
1061.21
4883.61
4883.61
4460.73
4460.73
2611.46
2611.46
482.05
482.05
14.36
14.36
1324.62
1324.62
1444.97
1444.97
1388.12
1388.12
106.64
106.64
1753.39
1753.39
239.42
239.42
942.13
942.13
942.13
3226.36
64.73
64.73
5530.01
5530.01
1277.80
1277.80
1277.80
949.78
949.78
1854.65
1847.43
1847.43
1847.43
115.58
115.58
2988.47
2988.47
11.89
11.89
13.51
13.51
1193.45
1193.45
624.20
624.20
157.98
157.98
405.27
405.27
214.36
214.36
933.86
933.86
187.50
916.61
916.61
916.61
1086.28
1086.28
1902.58
1902.58
3030.22
3030.22
5025.87
5025.87
1222.80
1222.80
4681.82
4681.82
5833.14
5833.14
19.59
19.59
2744.78
2744.78
955.61
955.61
381.57
908.67
908.67
908.67
2130.71
2130.71
4745.01
4745.01
956.41
956.41
4677.92
4677.92
2672.99
2672.99
41.86
41.86
2767.49
2767.49
13.28
13.28
2898.12
2898.12
2134.65
2134.65
6515.14
969.04
969.04
969.04
76.74
76.74
411.03
411.03
163.83
163.83
274.94
274.94
949.21
949.21
3581.97
3581.97
1334.71
1334.71
3773.70
3773.70
2711.50
2711.50
2663.54
2663.54
2542.45
2542.45
4548.83
4548.83
5485.44
5485.44
373.50
373.50
15.82
15.82
1251.82
1251.82
3034.98
3034.98
66.74
66.74
37.79
37.79
225.79
225.79
2491.59
2491.59
2245.07
2245.07
3403.08
3403.08
7230.58
7230.58
2076.24
2076.24
6548.34
6548.34
3468.97
3468.97
4684.23
4684.23
953.30
953.30
41.72
41.72
87.36
87.36
1592.75
1592.75
687.89
687.89
1537.00
1537.00
1883.14
1883.14
848.20
848.20
3610.26
3610.26
1940.10
1940.10
54.46
54.46
2466.37
2466.37
1004.76
1004.76
257.15
257.15
1186.91
1186.91
2155.02
2155.02
311.84
311.84
2386.29
2386.29
4688.39
4688.39
931.42
931.42
13.36
13.36
23.88
23.88
2797.37
2797.37
3538.64
3538.64
6418.77
6418.77
5596.61
5596.61
5596.61
5596.61
3367.97
3367.97
6724.01
6724.01
6724.01
6724.01
2930.86
2930.86
4313.63
4313.63
1183.40
1183.40
5798.41
5798.41
5798.41
5798.41
5798.41
5798.41
5798.41
5798.41
5798.41
5798.41
6063.05
6063.05
2795.03
2795.03
527.21
527.21
1538.97
1538.97
1538.97
1538.97
958.86
958.86
2533.22
2533.22
1592.40
1592.40
1517.95
1517.95
3318.08
3318.08
2966.22
2966.22
16.53
16.53
3173.43
3173.43
6495.80
6495.80
5949.18
5949.18
5949.18
5949.18
5949.18
5949.18
4857.23
4857.23
2072.27
2072.27
14.91
14.91
5357.47
5357.47
6604.67
6604.67
6604.67
6604.67
777.67
777.67
5257.19
5257.19
837.57
837.57
2488.17
2488.17
887.12
887.12
2091.99
2091.99
2251.82
2251.82
2871.28
2871.28
2871.28
2871.28
2871.28
2871.28
3309.99
3309.99
3309.99
3309.99
5044.97
5044.97
5475.31
5475.31
5475.31
5475.31
4764.57
4764.57
4764.57
4764.57
4764.57
4764.57
4764.57
4764.57
4764.57
4764.57
5885.45
5885.45
6411.58
6411.58
6329.00
6329.00
6329.00
6329.00
6329.00
6329.00
6329.00
6329.00
5920.74
5920.74
5920.74
5920.74
5392.76
5392.76
5501.79
5501.79
5501.79
5501.79
2074.41
2074.41
6848.46
6848.46
5457.21
5457.21
2743.16
2743.16
953.75
953.75
5878.12
5878.12
883.87
883.87
156.59
156.59
3916.78
3916.78
73.75
73.75
101.94
101.94
145.59
145.59
1660.97
1660.97
248.37
248.37
96.37
96.37
3009.07
3009.07
982.93
982.93
29.66
29.66
4635.07
4635.07
6039.15
6039.15
2321.17
2321.17
5989.69
5989.69
5407.75
5407.75
54.08
54.08
1151.82
1151.82
836.41
836.41
409.14
409.14
6439.52
6439.52
1072.34
1072.34
2557.88
2557.88
2051.06
2051.06
2113.30
2113.30
1960.69
1960.69
252.39
252.39
12.29
12.29
2153.57
2153.57
334.56
334.56
785.04
785.04
279.80
279.80
4992.85
4992.85
1108.16
1108.16
1490.05
1490.05
894.79
894.79
3498.95
3498.95
1778.08
1778.08
1803.21
1803.21
708.06
708.06
48.38
48.38
3567.36
3567.36
2281.39
2281.39
2072.28
2072.28
28.28
28.28
977.37
977.37
54.01
54.01
6618.63
6618.63
4842.12
4842.12
982.36
982.36
4636.87
4636.87
1613.77
1613.77
6617.86
6617.86
5200.89
5200.89
5889.27
5889.27
2858.74
2858.74
4737.88
4737.88
968.51
968.51
1889.29
1889.29
1450.66
1450.66
59.40
59.40
1316.98
1316.98
6556.91
6556.91
50.58
50.58
1951.88
1951.88
13.33
13.33
2599.54
2599.54
5814.73
5814.73
84.15
84.15
1644.78
1644.78
28.40
28.40
18.01
18.01
744.33
744.33
4589.65
4589.65
3174.23
3174.23
3174.23
122.33
41.99
41.99
41.99
20.06
10.00
10.00
13.52
13.52
13.52
13.52
13.52
144.89
144.89
144.89
1912.76
13.55
3348.73
3348.73
4208.23
4208.23
5115.29
5115.29
3182.42
3182.42
2798.84
2798.84
47.43
47.43
2546.90
2546.90
2587.24
2587.24
6042.46
6042.46
2069.62
2069.62
16.24
16.24
2509.17
2509.17
56.40
56.40
2843.09
2843.09
2988.99
2988.99
2988.99
2988.99
6321.19
6321.19
6321.19
6321.19
6321.19
6321.19
5075.01
5075.01
3211.70
3211.70
3088.46
3088.46
374.94
374.94
4926.06
4926.06
96.21
96.21
6448.05
6448.05
926.42
926.42
2564.11
2564.11
2383.10
2383.10
3965.62
3965.62
545.61
545.61
3163.03
3163.03
1870.75
1870.75
1870.75
1870.75
5322.24
5322.24
3344.09
3344.09
1448.12
1448.12
6283.77
6283.77
4942.82
4942.82
4807.37
4807.37
3390.32
3390.32
5407.73
5407.73
5319.46
5319.46
5593.94
5593.94
49.60
49.60
5453.61
5453.61
13.29
13.29
814.66
814.66
3026.57
3026.57
3671.79
3671.79
2905.07
2905.07
4555.08
4555.08
4265.13
4265.13
50.43
50.43
6438.57
6438.57
6438.57
6438.57
6438.57
6438.57
964.74
964.74
805.11
805.11
3212.44
3212.44
3575.50
3575.50
1950.33
1950.33
17.08
17.08
957.53
957.53
848.35
848.35
1634.33
1634.33
145.76
145.76
377.92
377.92
5371.36
5371.36
12.04
12.04
1140.74
1140.74
963.36
963.36
13.25
13.25
1027.54
1027.54
16.71
16.71
42.32
42.32
14.51
14.51
278.10
278.10
828.89
828.89
56.46
56.46
852.62
852.62
786.16
786.16
1510.24
1510.24
949.12
949.12
13.41
13.41
379.09
379.09
3721.88
3721.88
1049.86
1049.86
109.55
109.55
105.08
105.08
75.36
75.36
374.80
374.80
66.00
66.00
1553.91
1553.91
6298.85
6298.85
4379.19
4379.19
245.90
245.90
2560.46
2560.46
2560.46
2560.46
2560.46
2560.46
2560.46
2560.46
4924.51
4924.51
789.38
789.38
1537.36
1537.36
77.32
77.32
169.70
169.70
12.70
12.70
46.06
46.06
5672.51
5672.51
1486.79
1486.79
4927.81
4927.81
1368.05
1368.05
38.47
38.47
781.70
781.70
13.46
13.46
49.20
49.20
6066.86
6066.86
266.62
266.62
7041.63
7041.63
892.58
892.58
5396.80
5396.80
2707.54
2707.54
918.58
918.58
6314.75
6314.75
874.34
874.34
1842.17
1842.17
3758.80
3758.80
6758.61
6758.61
2123.09
2123.09
7082.25
7082.25
4785.92
4785.92
918.07
918.07
369.53
369.53
31.83
31.83
1123.67
1123.67
19.19
19.19
942.71
942.71
392.89
392.89
595.14
595.14
5322.86
5322.86
223.61
223.61
422.28
422.28
908.61
908.61
137.57
137.57
53.24
53.24
1763.90
1763.90
236.34
236.34
1680.92
1680.92
6762.94
6762.94
2897.35
2897.35
1750.78
1750.78
5285.70
5285.70
3054.56
3054.56
14.35
14.35
14.33
14.33
3579.80
3579.80
348.10
348.10
174.06
174.06
6757.97
6757.97
1442.43
1442.43
1491.44
1491.44
1255.15
1255.15
918.21
918.21
73.69
73.69
73.69
5594.90
5594.90
5851.24
5851.24
3840.85
3840.85
960.03
960.03
1039.53
1039.53
5174.49
5174.49
495.28
495.28
2084.94
2084.94
4875.61
4875.61
71.51
71.51
981.14
981.14
13.49
13.49
201.29
201.29
100.84
100.84
1638.01
1638.01
237.88
237.88
237.88
10.00
10.00
828.20
593.59
593.59
4173.12
4173.12
14.51
14.51
189.69
189.69
2261.28
2261.28
223.09
223.09
41.02
41.02
20.91
20.91
2091.20
2091.20
104.59
104.59
428.27
428.27
428.27
124.27
124.27
26.79
26.79
100.50
100.50
1906.85
1681.28
1681.28
967.38
967.38
4954.81
4954.81
13.42
13.42
971.11
971.11
578.11
578.11
144.29
144.29
13.79
13.79
20.70
20.70
4653.59
4653.59
4653.59
40.31
40.31
3699.35
3699.35
63.12
63.12
976.59
976.59
4714.07
4714.07
420.24
420.24
37.50
37.50
1512.33
1512.33
4408.76
4408.76
1229.03
1229.03
2326.79
2326.79
18.10
18.10
4954.18
4954.18
1247.87
1247.87
154.36
154.36
935.09
935.09
862.01
862.01
13.30
13.30
289.16
289.16
28.43
28.43
2666.15
2666.15
3304.00
3304.00
322.55
322.55
20.26
20.26
6494.53
6494.53
1220.89
1220.89
3894.34
3894.34
2311.15
2311.15
13.27
13.27
78.03
78.03
749.23
749.23
1982.66
1982.66
780.41
780.41
1151.42
1151.42
80.57
80.57
14.10
14.10
18.93
18.93
1654.39
1654.39
24.88
24.88
543.16
543.16
543.16
737.92
3241.33
3241.33
83.73
83.73
6120.64
6120.64
2032.94
2032.94
290.91
290.91
850.52
850.52
4840.90
4840.90
3073.75
3073.75
85.44
85.44
6995.82
6995.82
20.95
20.95
74.20
74.20
2222.64
2222.64
13.91
13.91
154.07
154.07
3315.81
3315.81
863.12
863.12
6398.84
6398.84
890.06
890.06
1416.80
1416.80
201.06
201.06
13.24
13.24
14.79
14.79
2108.97
2108.97
519.36
519.36
28.16
28.16
63.58
63.58
1754.03
1754.03
6350.71
6350.71
750.93
750.93
1515.73
1515.73
2325.46
2325.46
15.19
15.19
388.62
388.62
847.55
847.55
3727.49
3727.49
1452.36
1452.36
1703.95
1703.95
238.57
238.57
970.30
970.30
13.53
13.53
2506.24
2506.24
2506.24
3906.47
3906.47
2285.28
2285.28
3480.70
3480.70
4013.81
4013.81
1368.14
1368.14
665.94
665.94
6703.89
6703.89
38.65
38.65
6003.62
6003.62
4058.34
4058.34
13.28
787.59
787.59
787.59
104.54
104.54
63.88
63.88
3585.79
3585.79
1859.86
1859.86
2397.04
2397.04
106.31
106.31
13.39
13.39
4097.09
4097.09
460.53
460.53
1389.73
1389.73
3984.51
103.19
103.19
103.19
47.78
47.78
104.38
104.38
5275.79
5275.79
141.24
141.24
24.54
24.54
13.44
13.44
6803.90
6803.90
87.17
87.17
188.95
188.95
60.13
60.13
13.58
1648.38
1648.38
1648.38
1666.71
1666.71
1693.18
1693.18
922.17
922.17
1511.84
1511.84
3061.60
3061.60
5147.30
5147.30
30.17
30.17
1450.04
1450.04
26.68
26.68
622.05
622.05
3144.65
3144.65
6337.64
6337.64
5816.23
5816.23
6777.50
6777.50
1354.06
1354.06
3307.19
3307.19
1740.84
1740.84
4603.34
4603.34
52.81
52.81
5867.77
5867.77
6967.18
6967.18
41.59
41.59
13.36
13.36
846.50
846.50
5370.92
5370.92
5423.44
5423.44
1433.81
1433.81
3607.94
3607.94
987.83
987.83
2208.91
2208.91
7418.67
7418.67
468.79
468.79
1865.18
1865.18
2330.03
2330.03
6076.55
6076.55
924.41
924.41
119.53
119.53
827.41
827.41
2657.27
2657.27
336.44
336.44
935.17
935.17
935.17
935.17
5982.22
5982.22
27.16
27.16
104.11
104.11
6132.18
6132.18
212.37
212.37
879.48
879.48
2332.03
2332.03
5574.27
5574.27
988.00
988.00
44.88
44.88
941.05
941.05
1697.73
1697.73
1205.20
1205.20
4254.19
4254.19
988.33
988.33
6749.66
6749.66
1594.83
1594.83
898.95
898.95
149.43
149.43
1673.89
1673.89
1269.46
1269.46
2175.82
2175.82
2175.82
2175.82
6053.57
6053.57
3628.22
3628.22
4916.71
4916.71
61.16
61.16
926.20
926.20
1531.32
1531.32
970.31
970.31
3083.76
3083.76
6130.15
6130.15
4306.54
4306.54
2415.99
2415.99
1091.17
1091.17
1775.42
1775.42
69.68
69.68
2488.73
2488.73
3641.07
3641.07
1391.30
1391.30
4401.61
4401.61
4401.61
4401.61
3238.65
3238.65
6626.28
6626.28
1258.26
1258.26
214.51
214.51
1061.18
1061.18
1061.18
1061.18
242.51
242.51
18.83
18.83
13.23
13.23
20.15
20.15
895.75
895.75
38.75
38.75
53.41
53.41
98.07
98.07
4666.15
4666.15
795.95
795.95
32.57
32.57
2050.85
2050.85
1028.88
1028.88
1065.57
1065.57
819.44
819.44
1465.34
1465.34
387.04
387.04
1227.53
1227.53
787.77
787.77
344.73
344.73
1658.33
1658.33
46.51
46.51
884.62
884.62
10.00
10.00
487.28
487.28
588.31
588.31
460.11
460.11
939.69
939.69
1861.04
1861.04
973.68
973.68
13.42
13.42
1104.52
1104.52
13.41
13.41
820.67
820.67
972.62
972.62
72.14
72.14
124.93
124.93
67.31
67.31
270.88
270.88
744.17
744.17
10.00
10.00
1562.61
1562.61
82.52
82.52
4990.43
4990.43
2507.84
2507.84
4575.12
4575.12
57.78
57.78
2918.22
2918.22
5601.48
5601.48
27.86
27.86
79.54
79.54
565.14
565.14
87.54
87.54
54.07
54.07
4640.24
4640.24
77.86
77.86
3412.18
3412.18
79.96
79.96
5376.97
5376.97
5339.85
5339.85
2082.39
2082.39
3172.22
3172.22
40.26
40.26
133.34
133.34
77.60
77.60
942.19
942.19
544.48
544.48
445.32
445.32
2468.95
2468.95
157.91
157.91
20.62
20.62
10.55
10.55
40.99
40.99
2909.23
2909.23
65.53
65.53
974.49
974.49
1760.80
1760.80
2800.70
2800.70
13.48
13.48
84.17
84.17
54.37
54.37
3939.92
3939.92
29.09
29.09
3386.78
3386.78
385.11
385.11
60.35
60.35
57.07
57.07
48.74
48.74
222.33
222.33
11.39
11.39
5828.03
5828.03
5033.04
5033.04
140.43
140.43
185.14
185.14
10.00
10.00
311.78
311.78
311.78
13.79
13.79
841.74
841.74
560.46
560.46
1607.34
1607.34
13.71
145.01
145.01
1976.38
1976.38
1930.70
1930.70
953.44
953.44
13.31
13.31
2516.14
2516.14
1418.02
1418.02
114.64
114.64
20.32
20.32
1716.04
1716.04
3092.68
3092.68
1416.73
1416.73
23.26
23.26
132.86
132.86
383.29
383.29
41.31
41.31
342.14
342.14
92.19
92.19
4397.36
4397.36
4577.79
4577.79
678.96
678.96
39.56
39.56
14.57
14.57
325.68
325.68
3470.83
3470.83
5340.46
5340.46
5323.93
5323.93
2658.78
2658.78
5046.46
5046.46
841.25
841.25
1726.74
1726.74
1726.74
1726.74
538.33
538.33
691.40
691.40
963.02
963.02
3318.67
3318.67
3034.67
3034.67
4670.12
4670.12
542.39
542.39
2538.63
2538.63
3818.08
3818.08
5266.86
5266.86
5266.86
5266.86
5266.86
5266.86
1083.79
1083.79
2427.67
2427.67
42.47
42.47
1689.28
1689.28
2587.66
2587.66
1825.93
1825.93
1045.10
1045.10
4359.31
4359.31
4359.31
4359.31
4359.31
4359.31
244.00
244.00
958.85
958.85
383.46
383.46
14.32
14.32
5173.17
5173.17
5173.17
5173.17
5173.17
5173.17
5321.95
5321.95
3544.19
3544.19
5121.69
5121.69
5121.69
5121.69
1243.77
1243.77
171.89
171.89
3413.78
3413.78
3413.78
3413.78
4031.56
4031.56
5361.41
5361.41
5707.64
5707.64
2083.81
2083.81
4628.51
4628.51
26.82
26.82
3102.22
3102.22
6421.91
6421.91
1851.82
1851.82
2672.58
2672.58
1130.63
1130.63
3020.01
3020.01
3020.01
3020.01
3020.01
3020.01
5164.30
5164.30
5648.36
5648.36
4303.83
4303.83
2985.33
2985.33
16.71
16.71
1880.89
1880.89
4643.51
4643.51
965.50
965.50
1271.24
1271.24
2090.32
2090.32
2714.45
2714.45
4672.70
4672.70
5555.43
5555.43
1571.41
1571.41
74.57
74.57
1131.40
1131.40
10.00
10.00
1650.84
1650.84
786.43
786.43
61.81
61.81
915.79
915.79
13.39
13.39
13.39
13.39
5370.12
5370.12
93.09
93.09
995.27
995.27
3979.32
3979.32
5906.48
5906.48
76.75
76.75
121.34
121.34
14.61
14.61
700.97
700.97
41.92
41.92
1862.05
1862.05
655.62
655.62
5182.05
5182.05
22.38
22.38
975.68
975.68
3333.75
3333.75
12.81
12.81
133.03
133.03
2044.04
2044.04
828.95
828.95
21.00
21.00
2293.51
2293.51
2542.45
2542.45
1055.95
1055.95
6607.43
6607.43
1436.55
1436.55
84.89
84.89
3779.69
3779.69
602.40
602.40
36.11
36.11
2285.86
2285.86
4162.19
4162.19
4027.12
4027.12
2577.12
2577.12
3948.29
3948.29
79.60
79.60
28.66
28.66
3706.80
3706.80
98.75
98.75
4555.73
4555.73
5583.18
5583.18
1207.94
1207.94
1571.92
1571.92
6170.01
6170.01
13.38
13.38
10.00
10.00
427.13
427.13
212.62
212.62
1369.70
1369.70
1369.70
158.42
158.42
158.42
2107.52
2107.52
4350.40
4350.40
62.13
5109.35
5977.70
5977.70
25.74
25.74
1061.39
1061.39
809.72
809.72
2937.94
2937.94
14.72
14.72
3576.60
3576.60
3208.16
3208.16
6139.47
6139.47
159.09
159.09
2054.67
2054.67
2118.46
2118.46
2562.70
2562.70
934.02
934.02
4352.70
4352.70
4352.70
4352.70
2418.89
2418.89
20.53
20.53
1485.17
1485.17
2085.78
2085.78
914.33
914.33
335.38
335.38
2796.03
2796.03
200.69
200.69
1065.37
1065.37
802.16
802.16
20.98
20.98
953.40
953.40
31.51
31.51
61.84
61.84
61.41
61.41
41.09
41.09
46.10
46.10
162.79
162.79
661.11
661.11
53.98
53.98
54.45
54.45
20.62
20.62
167.39
167.39
47.15
47.15
164.88
164.88
164.88
12.72
12.72
95.32
181.92
181.92
3879.37
3879.37
5100.46
5100.46
5765.98
5765.98
13.26
13.26
411.26
411.26
1475.21
1475.21
1091.07
1091.07
3796.66
3796.66
1075.47
1075.47
212.39
212.39
1250.21
1250.21
5277.38
5277.38
4744.93
4744.93
800.03
800.03
4618.93
4618.93
100.51
100.51
300.51
300.51
12.32
12.32
1773.88
1773.88
79.87
79.87
20.56
20.56
11.84
11.84
4655.48
4655.48
27.57
27.57
42.98
42.98
269.81
269.81
16.49
16.49
580.06
580.06
20.58
20.58
3993.15
3993.15
2538.40
2538.40
3741.79
3741.79
77.86
77.86
5351.01
5351.01
304.54
304.54
2670.08
2670.08
968.27
968.27
2520.09
2520.09
945.17
945.17
52.79
52.79
444.48
444.48
1664.86
1664.86
2336.66
2336.66
938.26
938.26
1186.48
1186.48
4003.99
4003.99
6085.18
6085.18
1440.60
1440.60
968.78
968.78
350.24
350.24
22.40
22.40
769.24
769.24
157.09
157.09
58.22
58.22
58.22
16.48
16.48
1554.44
1554.44
2676.18
2676.18
132.28
132.28
54.13
54.13
17.76
17.76
26.77
26.77
1853.24
1853.24
5498.31
5498.31
6522.52
6522.52
13.27
13.27
1684.96
1684.96
1049.21
1049.21
27.74
27.74
13.78
13.78
484.83
484.83
159.18
159.18
83.37
83.37
1121.48
1121.48
3049.63
3049.63
2445.71
2445.71
153.11
153.11
37.99
37.99
1384.20
1384.20
227.51
227.51
2449.43
2449.43
183.01
183.01
162.50
162.50
6351.38
6351.38
3311.19
3311.19
891.46
891.46
773.56
773.56
2755.23
2755.23
182.14
182.14
88.14
88.14
41.17
41.17
2236.83
2236.83
29.47
29.47
1323.60
1323.60
3350.61
3350.61
1133.62
1133.62
25.44
25.44
955.75
955.75
12.88
12.88
40.66
40.66
567.05
567.05
2250.75
2250.75
1418.79
1418.79
276.14
276.14
31.64
31.64
13.55
13.55
1651.56
1651.56
6546.13
6546.13
757.92
757.92
120.20
120.20
197.00
197.00
11.65
11.65
53.65
53.65
39.74
39.74
506.29
506.29
177.90
177.90
30.52
30.52
239.34
239.34
378.92
378.92
3726.89
3726.89
154.85
154.85
956.15
956.15
4861.91
4861.91
920.34
920.34
92.17
92.17
446.12
446.12
785.48
785.48
155.17
155.17
14.37
14.37
19.58
19.58
271.07
271.07
480.47
480.47
180.76
180.76
1367.93
1367.93
264.33
12.08
12.08
12.08
10.00
10.00
141.42
141.42
2524.48
2524.48
3390.18
3390.18
1584.67
1584.67
13.14
13.14
364.37
364.37
1123.03
1123.03
1315.12
1315.12
2323.42
2323.42
159.70
159.70
69.83
69.83
2319.27
2319.27
1968.58
1968.58
13.48
13.48
3141.64
3141.64
31.83
31.83
59.57
59.57
1732.01
1732.01
260.91
260.91
5846.57
5846.57
895.64
895.64
1155.99
1155.99
29.23
29.23
28.61
28.61
83.69
83.69
1711.20
1711.20
27.54
27.54
949.12
949.12
946.03
946.03
849.11
849.11
20.20
20.20
25.51
25.51
826.34
826.34
609.78
609.78
12.57
12.57
4358.84
4358.84
12.10
12.10
14.80
14.80
1285.32
1285.32
1246.08
1246.08
13.21
13.21
964.32
964.32
240.76
240.76
1648.47
1648.47
594.97
594.97
87.50
87.50
1001.44
1001.44
29.37
29.37
3798.02
3798.02
2952.38
2952.38
98.70
98.70
53.54
53.54
5557.08
5557.08
4665.44
4665.44
2293.03
2293.03
3043.78
3043.78
13.26
13.26
519.43
519.43
46.25
46.25
354.84
354.84
4329.82
4329.82
783.44
783.44
1574.54
1574.54
44.39
44.39
1191.80
1191.80
1452.55
1452.55
3972.43
3972.43
15.90
15.90
3234.72
3234.72
2769.04
2769.04
4962.87
4962.87
5642.69
5642.69
3632.44
3632.44
4025.74
4025.74
1481.50
1481.50
57.01
57.01
311.53
311.53
2264.07
2264.07
682.99
682.99
313.86
313.86
78.01
78.01
4739.01
4739.01
2686.02
2686.02
2275.10
2275.10
3776.83
3776.83
10.00
10.00
2460.14
2460.14
933.98
933.98
1517.20
1517.20
2546.31
2546.31
525.39
525.39
5722.35
5722.35
3159.75
3159.75
239.16
239.16
211.33
211.33
98.45
98.45
544.16
544.16
1596.05
1596.05
3107.44
3107.44
4427.43
4427.43
13.29
13.29
44.42
44.42
121.02
121.02
2823.49
2823.49
47.07
47.07
17.38
17.38
758.32
758.32
119.93
119.93
72.84
72.84
72.84
58.61
666.03
666.03
62.43
62.43
62.43
62.43
62.43
309.65
309.65
309.65
309.65
309.65
1138.62
1138.62
32.22
13.49
13.49
2316.43
2316.43
2316.43
272.26
272.26
272.26
2211.38
2211.38
24.91
25.26
340.93
20.96
20.96
348.23
13.38
198.89
198.89
60.62
1099.57
2244.87
2244.87
1614.57
1614.57
61.39
61.39
405.56
405.56
13.46
13.46
241.30
241.30
133.57
133.57
889.55
889.55
911.24
911.24
1130.39
1130.39
68.02
68.02
1707.89
1707.89
2069.97
2069.97
6908.51
6908.51
7138.97
7138.97
4749.12
4749.12
3082.10
3082.10
4695.55
4695.55
25.32
25.32
941.84
941.84
320.52
320.52
3417.46
3417.46
103.59
103.59
98.25
98.25
3172.09
3172.09
676.95
676.95
75.74
75.74
60.03
60.03
14.51
14.51
3326.34
3326.34
5460.40
5460.40
4104.66
4104.66
11.58
11.58
959.68
959.68
4688.01
4688.01
473.43
473.43
2835.15
2835.15
12.77
12.77
58.28
58.28
1649.46
1649.46
930.64
930.64
240.93
240.93
29.27
29.27
1274.69
1274.69
2140.49
2140.49
771.44
771.44
1041.98
1041.98
4095.88
4095.88
174.77
174.77
13.55
13.55
85.16
85.16
213.54
213.54
155.38
155.38
27.84
27.84
20.12
20.12
6065.45
6065.45
5854.58
5854.58
875.64
875.64
6178.13
6178.13
83.65
83.65
13.36
13.36
1572.51
1572.51
53.99
53.99
1172.44
1172.44
3440.36
3440.36
1327.89
1327.89
1286.38
1286.38
934.03
934.03
3172.28
3172.28
3172.28
3172.28
3509.23
3509.23
353.81
353.81
6406.16
6406.16
6406.16
6406.16
6406.16
6406.16
99.71
99.71
6349.11
6349.11
6349.11
6349.11
5937.95
5937.95
955.65
955.65
759.88
759.88
860.32
860.32
860.32
860.32
103.71
103.71
588.21
588.21
12.35
12.35
915.29
915.29
5135.36
5135.36
2486.54
2486.54
847.68
847.68
1084.51
1084.51
45.93
45.93
5126.52
5126.52
14.65
14.65
6406.58
6406.58
6187.33
6187.33
6552.96
6552.96
6552.96
6552.96
970.06
970.06
55.36
55.36
1852.95
1852.95
3070.21
3070.21
3070.21
3070.21
3070.21
3070.21
1975.95
1975.95
1982.81
1982.81
2386.25
2386.25
5572.10
5572.10
2233.59
2233.59
2233.59
2233.59
2233.59
2233.59
2233.59
2233.59
2233.59
2233.59
4374.97
4374.97
6085.05
6085.05
5947.99
5947.99
5947.99
5947.99
4902.39
4902.39
2803.48
2803.48
3829.25
3829.25
867.40
867.40
3212.82
3212.82
1778.97
1778.97
3338.61
3338.61
3338.61
3338.61
2742.66
2742.66
2742.66
2742.66
2742.66
2742.66
6302.84
6302.84
965.35
965.35
1130.42
1130.42
53.64
53.64
5081.86
5081.86
659.75
659.75
71.39
71.39
210.07
210.07
2226.46
2226.46
2102.00
2102.00
2213.38
2213.38
116.59
116.59
148.01
148.01
1861.37
1861.37
3140.82
3140.82
5476.47
5476.47
877.48
877.48
172.66
172.66
37.40
37.40
437.59
437.59
173.50
173.50
98.05
98.05
52.16
52.16
10.00
10.00
1062.90
1062.90
5613.34
5613.34
155.85
155.85
20.41
20.41
4138.95
4138.95
91.73
91.73
939.45
939.45
3281.22
3281.22
4466.68
4466.68
970.08
970.08
819.84
819.84
897.01
897.01
288.54
288.54
98.46
98.46
38.92
38.92
149.72
149.72
50.13
50.13
2333.63
2333.63
620.02
620.02
1243.26
1243.26
2300.02
2300.02
5189.23
5189.23
290.55
290.55
2125.34
2125.34
35.66
35.66
38.89
38.89
30.07
30.07
12.73
12.73
453.91
453.91
1677.72
1677.72
4989.43
4989.43
4989.43
342.53
342.53
852.66
852.66
5262.94
5262.94
4103.55
4103.55
364.01
364.01
3328.33
3328.33
87.85
87.85
3557.58
3557.58
5515.78
5515.78
44.47
44.47
119.00
119.00
18.34
18.34
144.45
144.45
914.97
914.97
182.53
182.53
1845.59
1845.59
721.69
721.69
2659.09
2659.09
42.64
42.64
12.99
12.99
1610.95
1610.95
1012.31
1012.31
23.30
23.30
241.84
241.84
938.61
938.61
946.78
946.78
13.46
13.46
13.32
13.32
5274.56
5274.56
2142.89
2142.89
37.73
37.73
6654.37
6654.37
4827.63
4827.63
3058.12
3058.12
4663.25
4663.25
3275.70
3275.70
88.72
88.72
915.38
915.38
99.16
99.16
1829.98
1829.98
1790.66
1790.66
148.54
148.54
1081.10
1081.10
28.98
28.98
1330.34
1330.34
3411.05
3411.05
66.80
66.80
4879.47
4879.47
3798.75
3798.75
3866.08
3866.08
1421.33
1421.33
51.88
51.88
18.80
18.80
35.56
35.56
107.38
107.38
13.46
13.46
189.17
189.17
109.11
109.11
58.60
58.60
58.60
197.64
197.64
197.64
89.60
89.60
89.60
118.36
118.36
118.36
112.30
112.30
348.90
1186.64
1186.64
221.53
221.53
1215.53
13.43
13.43
5584.19
2568.52
6050.94
6050.94
5160.40
5160.40
508.94
508.94
979.75
979.75
2684.10
2684.10
1180.79
1180.79
3121.95
3121.95
12.70
12.70
850.40
850.40
72.31
72.31
52.36
52.36
13.63
13.63
1970.50
1970.50
1002.15
1002.15
490.14
490.14
10.00
10.00
4153.88
4153.88
14.88
14.88
2166.74
2166.74
39.37
39.37
4257.27
4257.27
954.78
954.78
1172.76
1172.76
64.62
64.62
13.22
13.22
79.97
79.97
214.49
214.49
163.29
163.29
52.80
52.80
729.30
729.30
60.60
60.60
1455.23
1455.23
11.11
11.11
5100.26
5100.26
20.95
20.95
165.22
165.22
4394.22
4394.22
967.88
967.88
12.94
12.94
15.85
15.85
3259.96
3259.96
62.48
62.48
12.06
12.06
318.03
318.03
20.94
20.94
3406.18
3406.18
4253.23
4253.23
4598.83
4598.83
4447.61
4447.61
2634.04
2634.04
501.19
501.19
2654.42
2654.42
929.47
929.47
2985.81
2985.81
3552.93
3552.93
133.81
133.81
1194.98
1194.98
6295.65
6295.65
6029.24
6029.24
231.67
231.67
4972.54
4972.54
4972.54
4972.54
2264.97
2264.97
5091.29
5091.29
3373.11
3373.11
3373.11
3373.11
3373.11
3373.11
3373.11
3373.11
3373.11
3373.11
3373.11
3373.11
2633.11
2633.11
2514.34
2514.34
685.92
685.92
2233.90
2233.90
2639.62
2639.62
1630.67
1630.67
5951.03
5951.03
5951.03
5951.03
2724.93
2724.93
5645.54
5645.54
86.30
86.30
4970.52
4970.52
61.30
61.30
124.12
124.12
3072.83
3072.83
1254.42
1254.42
3842.39
3842.39
3303.74
3303.74
5756.68
5756.68
5344.49
5344.49
4898.40
4898.40
1978.60
1978.60
2515.40
2515.40
2515.40
2515.40
2515.40
2515.40
316.46
316.46
4778.03
4778.03
4033.36
4033.36
13.42
13.42
5075.87
5075.87
12.94
12.94
40.22
40.22
41.72
41.72
3209.48
3209.48
2847.34
2847.34
5061.95
5061.95
2816.63
2816.63
1818.41
1818.41
3595.41
3595.41
3595.41
3595.41
4217.95
4217.95
4217.95
4217.95
4217.95
4217.95
1860.69
1860.69
5918.23
5918.23
61.80
61.80
1150.55
1150.55
1150.55
1150.55
949.74
949.74
15.15
15.15
6090.98
6090.98
959.19
959.19
13.53
13.53
1944.77
1944.77
1871.52
1871.52
2916.23
2916.23
1389.67
1389.67
87.96
87.96
2512.61
2512.61
167.12
167.12
946.64
946.64
40.94
40.94
71.99
71.99
5343.58
5343.58
1837.11
1837.11
2648.11
2648.11
2130.41
2130.41
1368.28
1368.28
2743.70
2743.70
1399.47
1399.47
4571.95
4571.95
1480.23
1480.23
870.20
870.20
12.74
12.74
68.13
68.13
2985.90
2985.90
61.84
61.84
1451.28
1451.28
2375.51
2375.51
16.15
16.15
2687.31
2687.31
5573.42
5573.42
3772.53
3772.53
6233.29
6233.29
4329.27
4329.27
27.48
27.48
49.61
49.61
44.54
44.54
3026.53
3026.53
3607.64
3607.64
13.19
13.19
4141.00
4141.00
5083.15
5083.15
79.75
79.75
36.43
36.43
565.01
565.01
860.01
860.01
131.57
131.57
62.59
62.59
3094.60
3094.60
2900.39
2900.39
3979.21
3979.21
3642.61
