# 1Hz Kbps trace generated by import_real_world_traces.py
1172.37
1172.37
1138.67
1093.44
1093.44
1156.25
1142.60
1194.14
1194.14
568.76
1197.26
1197.26
1192.58
1192.58
482.98
1162.39
1119.61
359.77
359.77
1145.90
1145.90
51.34
51.34
83.43
83.43
1138.07
1138.07
192.94
192.94
273.82
273.82
1174.25
1174.25
195.99
195.99
1090.56
1090.56
184.79
184.79
1188.50
1188.50
197.23
197.23
1179.76
1179.76
1202.31
1202.31
647.95
647.95
1206.49
1206.49
1201.17
1201.17
1243.95
1243.95
1206.37
1206.37
32.92
32.92
1238.43
1238.43
1133.16
1133.16
1204.99
1204.99
1138.17
1138.17
394.84
394.84
1131.71
1131.71
1064.44
1064.44
656.01
656.01
1139.42
1139.42
1134.18
1134.18
1190.13
1190.13
831.32
831.32
1177.42
1177.42
1184.45
1184.45
1158.14
1158.14
280.34
280.34
1198.13
1198.13
1183.34
1183.34
138.44
138.44
17.09
17.09
1201.52
1201.52
668.99
668.99
1161.02
1161.02
1200.95
1200.95
1114.01
1114.01
434.01
434.01
713.36
713.36
1238.56
1238.56
866.84
866.84
893.70
893.70
184.69
184.69
1060.56
1060.56
1060.56
49.43
41.64
41.64
33.97
33.97
1180.64
1180.64
1187.77
1187.77
1179.58
1179.58
1197.45
1197.45
975.22
975.22
1125.27
1125.27
1208.04
1208.04
1208.04
191.29
191.29
1160.28
362.82
362.82
1068.06
1068.06
1146.95
1146.95
1125.50
1125.50
53.98
53.98
1106.75
1106.75
1174.81
1174.81
968.69
968.69
968.69
1146.70
1146.70
1136.66
1136.66
1136.66
1139.89
1139.89
1167.62
1118.02
1118.02
1130.28
1130.28
306.93
86.93
86.93
597.64
597.64
1072.09
1072.09
1316.06
1316.06
1308.88
1308.88
907.54
907.54
752.83
752.83
472.88
472.88
472.88
1078.29
1078.29
15.51
15.51
15.51
999.21
999.21
999.21
1189.32
1117.42
1117.42
61.77
61.77
1150.66
1150.66
228.31
228.31
29.26
29.26
1133.39
1133.39
81.56
81.56
1197.39
1197.39
1148.42
1148.42
17.38
17.38
962.16
962.16
203.08
203.08
537.76
537.76
354.74
354.74
68.35
68.35
1189.89
1189.89
1245.67
1245.67
558.65
558.65
543.39
543.39
1184.75
1184.75
1184.75
275.64
275.64
1176.93
1176.93
647.90
647.90
1080.52
1080.52
1188.10
97.79
97.79
811.08
811.08
1151.56
1151.56
1225.13
1225.13
1061.82
1061.82
1061.82
489.64
489.64
857.38
430.34
430.34
1228.53
1228.53
1194.98
1194.98
1130.67
1130.67
319.96
319.96
1190.69
1190.69
1107.32
1107.32
197.25
197.25
1026.04
1026.04
41.74
41.74
1155.16
1155.16
1194.99
1194.99
1138.26
1138.26
1211.68
1211.68
1190.39
1190.39
608.13
608.13
1175.87
1175.87
62.14
62.14
62.14
1183.53
1183.53
1183.53
1189.72
1189.72
1182.66
1179.47
1179.47
599.84
599.84
1082.28
1082.28
1211.56
1211.56
700.35
774.62
774.62
774.62
1090.28
845.32
845.32
1187.18
1187.18
170.25
170.25
1204.02
1204.02
1128.54
1128.54
1128.54
899.83
899.83
1142.11
1142.11
1003.37
1156.09
1156.09
495.57
495.57
1191.43
1191.43
20.79
20.79
26.72
26.72
26.72
124.26
124.26
1196.72
1196.72
1196.72
627.50
627.50
627.50
1158.75
1158.75
1260.02
1260.02
1142.58
1142.58
863.17
863.17
226.28
226.28
1140.77
1140.77
1085.01
565.67
1172.44
721.16
721.16
1041.78
1041.78
468.17
468.17
1218.09
1218.09
189.72
189.72
189.72
970.36
1048.21
1048.21
1286.16
1286.16
1237.85
1237.85
1237.85
1237.85
1204.00
458.94
1069.78
1069.78
655.95
655.95
655.95
1025.38
1025.38
1025.38
1146.15
1092.94
68.66
68.66
861.58
861.58
975.80
975.80
268.86
268.86
820.39
820.39
1109.21
1109.21
658.87
658.87
14.64
14.64
1083.52
1083.52
1220.21
1220.21
65.99
65.99
361.41
361.41
25.81
25.81
1109.32
1109.32
1124.63
1124.63
264.06
264.06
1199.92
1199.92
1191.82
1191.82
1146.49
1146.49
416.33
416.33
1197.92
1197.92
542.82
542.82
1072.96
1072.96
1215.80
1215.80
525.84
525.84
1128.91
1128.91
1201.99
1201.99
843.49
843.49
1192.47
1192.47
1228.09
1228.09
908.21
908.21
987.71
987.71
987.71
987.71
1082.54
1082.54
1162.08
1162.08
1192.22
1192.22
1214.00
1214.00
1144.32
1144.32
1190.44
1190.44
687.95
687.95
653.48
653.48
1181.41
1181.41
1246.04
1246.04
597.86
597.86
144.51
144.51
380.71
380.71
1024.01
1024.01
1226.20
1226.20
1152.87
1152.87
235.69
235.69
1254.16
1254.16
1128.62
1128.62
1183.05
1183.05
79.34
79.34
1415.26
1415.26
168.67
168.67
1154.86
1154.86
1145.71
1145.71
329.55
329.55
1208.70
1208.70
1171.24
1171.24
1192.32
1192.32
1162.23
1162.23
1291.41
1291.41
1192.75
1192.75
1196.45
1196.45
1225.64
1225.64
1146.69
1146.69
1144.85
1144.85
1228.07
1228.07
664.85
664.85
1226.75
1226.75
138.29
138.29
1221.51
1221.51
1055.19
1055.19
1187.99
1187.99
1115.74
1115.74
940.56
940.56
1209.37
1209.37
692.98
692.98
1153.94
1153.94
246.82
246.82
183.29
183.29
128.65
128.65
429.67
429.67
563.03
563.03
644.10
644.10
1124.13
1124.13
1203.14
1203.14
48.59
48.59
661.99
661.99
1172.97
1172.97
1204.55
1204.55
1204.55
1168.83
1165.79
1165.79
1098.51
1098.51
876.55
876.55
135.70
135.70
135.70
407.59
1083.50
1083.50
1128.30
1128.30
33.54
33.54
15.92
15.92
1105.48
1105.48
1272.01
1272.01
62.80
62.80
438.75
438.75
1195.60
1195.60
45.46
45.46
45.46
45.46
45.46
45.46
45.46
23.26
23.26
23.26
23.26
23.26
23.26
23.26
23.26
23.26
346.10
152.78
171.01
171.01
252.08
252.08
252.08
411.05
396.01
396.01
90.07
90.07
282.91
282.91
54.27
54.27
365.69
365.69
218.09
218.09
381.36
131.70
100.50
100.50
100.50
100.50
100.50
335.07
930.92
1150.07
1190.01
1195.91
1195.91
863.69
1164.77
1164.77
1165.13
138.93
1066.85
1066.85
637.37
1166.44
1166.44
1189.03
1189.03
1099.51
1219.64
1219.64
1224.77
1224.77
1191.24
1191.24
1125.81
1125.81
1062.87
1062.87
71.49
71.49
911.60
911.60
1145.26
1145.26
173.08
173.08
1209.25
1209.25
1124.98
1124.98
1124.98
1149.81
422.41
422.41
422.41
1122.12
1122.12
376.27
238.79
238.79
238.79
88.54
88.54
1229.03
1229.03
1191.99
1191.99
325.82
325.82
31.49
31.49
1248.43
1248.43
1206.84
1206.84
545.37
545.37
20.99
20.99
1360.63
1360.63
784.78
784.78
1007.94
1007.94
160.41
160.41
1047.31
1047.31
1179.00
1179.00
1101.83
1101.83
1184.52
1184.52
97.88
97.88
1165.31
1165.31
1236.09
1236.09
1168.43
1168.43
146.53
146.53
34.78
34.78
919.36
919.36
213.43
213.43
350.45
350.45
512.02
512.02
1153.61
1153.61
1148.56
1148.56
584.99
584.99
801.87
801.87
801.87
1046.38
1046.38
1145.41
1228.74
1228.74
1241.36
1241.36
1069.88
1069.88
1232.96
1232.96
1187.48
1187.48
1068.41
1068.41
1152.72
1152.72
1071.34
1071.34
449.82
449.82
1190.58
1190.58
1131.78
1131.78
1224.63
1224.63
1028.52
1028.52
1181.33
1181.33
1194.94
1194.94
1177.52
1177.52
139.53
139.53
33.40
33.40
39.20
39.20
1180.30
1180.30
939.66
939.66
1096.74
1096.74
1253.89
1253.89
271.74
271.74
91.60
91.60
1184.86
1184.86
667.69
667.69
868.72
868.72
1164.90
1164.90
1147.09
1147.09
1203.87
1203.87
1191.53
1191.53
1213.49
1213.49
1184.51
1184.51
1208.29
1208.29
1209.37
1209.37
95.84
95.84
246.36
246.36
58.93
58.93
314.06
314.06
1007.70
1007.70
521.47
521.47
1071.33
1071.33
620.82
620.82
48.12
48.12
909.59
909.59
1174.88
1174.88
29.82
29.82
296.96
296.96
1205.06
1205.06
1146.54
1146.54
1203.47
1203.47
544.17
544.17
947.91
947.91
39.44
39.44
1238.96
1238.96
462.78
462.78
1161.67
1161.67
1219.75
1219.75
456.85
456.85
1199.29
1199.29
1186.12
1186.12
949.84
949.84
664.40
664.40
1074.88
1074.88
24.73
24.73
34.04
34.04
1188.69
1188.69
1169.60
1169.60
1068.62
1068.62
1206.33
1206.33
241.80
241.80
33.40
33.40
54.95
54.95
52.84
52.84
799.96
799.96
299.93
299.93
1129.45
1129.45
1207.07
1207.07
1180.40
1180.40
20.87
20.87
975.18
975.18
82.22
82.22
1124.46
1124.46
16.38
16.38
362.46
362.46
1051.45
1051.45
403.73
403.73
1204.69
1204.69
1108.96
1108.96
10.00
10.00
1195.56
1195.56
155.21
155.21
1190.72
1190.72
801.55
801.55
1210.33
1210.33
558.35
558.35
650.53
650.53
702.41
702.41
1196.86
1196.86
1227.77
1227.77
1042.55
1042.55
1151.75
1151.75
271.56
271.56
726.33
726.33
1205.08
1205.08
1187.61
1187.61
1180.52
1180.52
987.55
987.55
489.64
489.64
70.61
70.61
1179.23
1179.23
363.86
363.86
812.15
812.15
658.22
658.22
1146.88
1146.88
1191.39
1191.39
1181.94
1181.94
596.99
596.99
436.36
436.36
1221.94
1221.94
894.42
894.42
31.98
31.98
1187.32
1187.32
1180.09
1180.09
1199.20
1199.20
21.60
21.60
836.51
836.51
1171.23
1171.23
110.90
110.90
935.65
935.65
467.03
467.03
1163.20
1163.20
668.57
668.57
225.34
225.34
1260.73
1260.73
1257.33
1257.33
814.06
814.06
1170.72
1170.72
1090.35
1090.35
747.58
747.58
1244.76
1244.76
1256.13
1256.13
604.24
604.24
1188.76
1188.76
930.50
930.50
666.14
666.14
1192.43
1192.43
1195.59
1195.59
854.39
854.39
1161.49
1161.49
146.27
146.27
968.15
968.15
887.17
887.17
1252.31
1252.31
644.14
644.14
1187.83
1187.83
161.81
161.81
1185.71
1185.71
1217.74
1217.74
1081.15
1081.15
1239.96
1239.96
1182.50
1182.50
1192.45
1192.45
523.03
523.03
1128.07
1128.07
1070.35
1070.35
1181.16
1181.16
1133.10
1133.10
93.37
93.37
1167.58
1167.58
1176.93
1176.93
1088.33
1088.33
984.91
984.91
1115.37
1115.37
355.47
355.47
1138.45
1138.45
962.49
962.49
1030.97
1030.97
98.97
98.97
32.26
32.26
599.49
599.49
611.05
611.05
688.97
688.97
1121.31
1121.31
1144.80
1144.80
95.12
95.12
1026.24
1026.24
460.38
460.38
1165.63
1165.63
789.70
789.70
1059.71
1059.71
477.81
477.81
1057.86
1057.86
613.29
613.29
31.73
31.73
880.27
880.27
841.03
841.03
139.89
139.89
1261.16
1261.16
1186.10
1186.10
1187.21
1187.21
215.42
215.42
203.07
203.07
273.98
273.98
1193.50
1193.50
1195.57
1195.57
1171.53
1171.53
1131.65
1131.65
1147.90
1147.90
1189.86
1189.86
1134.99
1134.99
1215.83
1215.83
1234.68
1234.68
1261.88
1261.88
225.75
225.75
1188.72
1188.72
946.95
946.95
69.01
69.01
566.61
566.61
1129.76
1129.76
321.02
321.02
321.02
175.18
175.18
175.18
1158.79
1158.79
1082.81
1082.81
1082.81
1223.46
1223.46
1220.31
1220.31
10.00
10.00
1137.28
1137.28
1203.02
1203.02
182.10
182.10
936.55
1229.96
1229.96
1229.96
1175.34
1175.34
1175.34
27.74
27.74
27.74
24.51
24.51
987.87
987.87
634.67
634.67
634.67
1168.78
1168.78
1077.46
1077.46
474.03
1165.79
1169.00
1169.00
396.10
1078.04
1213.28
1199.96
1165.63
1165.63
1208.91
1208.91
603.47
603.47
1077.00
1077.00
1059.11
1059.11
1138.17
1138.17
318.27
318.27
1036.86
1036.86
1164.06
1164.06
66.03
66.03
1225.79
1225.79
1202.69
1202.69
224.08
224.08
1176.20
1176.20
34.39
34.39
143.68
143.68
1202.11
1202.11
1209.16
1209.16
354.97
354.97
457.63
457.63
493.78
493.78
304.00
304.00
732.02
732.02
447.20
447.20
1098.94
1098.94
273.06
273.06
1193.31
1193.31
1184.56
1184.56
93.93
93.93
1219.09
1219.09
160.59
160.59
17.32
17.32
56.04
56.04
128.08
128.08
1152.00
1152.00
1029.41
1029.41
1031.24
1031.24
1052.94
1052.94
168.18
168.18
1197.91
1197.91
102.04
102.04
1128.55
1128.55
692.20
692.20
1149.12
1149.12
1063.36
1063.36
1133.74
1133.74
1133.74
957.89
1196.12
1196.12
1188.47
1188.47
1223.09
1223.09
1180.55
1180.55
1251.16
1251.16
16.46
16.46
1233.25
1233.25
1232.49
1232.49
235.74
235.74
1145.19
1145.19
770.83
770.83
1162.18
1162.18
1225.23
1225.23
123.66
123.66
1229.54
1229.54
639.94
639.94
1146.86
1146.86
478.52
478.52
1039.86
1039.86
1151.79
1151.79
1164.54
1164.54
373.57
373.57
830.68
830.68
1233.08
1233.08
475.09
475.09
1143.69
1143.69
1128.51
1128.51
1199.78
1199.78
1121.71
1121.71
16.63
16.63
1206.82
1206.82
10.00
10.00
1203.00
1203.00
292.37
292.37
1171.59
1171.59
1117.03
1117.03
1167.73
1167.73
93.24
93.24
910.25
910.25
1175.04
1175.04
150.01
150.01
935.30
935.30
1215.94
1215.94
48.50
48.50
1150.59
1150.59
93.31
93.31
242.45
242.45
943.32
943.32
110.62
110.62
294.02
294.02
636.28
636.28
225.02
225.02
225.02
1408.29
1408.29
1408.29
148.39
148.39
1090.92
1090.92
1146.84
1146.84
1176.62
1140.09
1140.09
1284.72
721.66
721.66
553.36
553.36
165.45
165.45
1174.63
1174.63
1193.82
1193.82
1199.45
1199.45
1162.09
1162.09
889.70
889.70
1206.35
1206.35
109.08
109.08
1135.45
1135.45
139.14
139.14
139.14
1163.35
1011.58
1011.58
1032.69
1032.69
1198.34
1198.34
247.44
247.44
1227.22
1227.22
696.01
696.01
1218.66
1218.66
226.79
226.79
525.61
525.61
1186.24
1186.24
1148.15
1148.15
1203.88
1203.88
153.38
153.38
1218.28
1218.28
553.73
553.73
1161.65
1161.65
1161.65
1059.61
1059.61
1211.29
29.19
29.19
352.13
352.13
751.32
751.32
281.28
281.28
685.63
685.63
1206.24
1206.24
165.54
165.54
825.47
825.47
1139.44
1139.44
1040.78
1040.78
396.10
396.10
396.10
145.49
145.49
1058.71
135.75
135.75
391.11
391.11
58.57
58.57
1176.75
1176.75
1146.92
1146.92
1215.35
1215.35
1188.23
1188.23
825.17
825.17
825.17
47.62
181.97
181.97
120.80
120.80
1288.32
1288.32
1145.72
1145.72
171.03
171.03
891.68
891.68
98.71
98.71
98.71
1128.08
1128.08
1128.08
1298.08
1298.08
1298.08
375.36
375.36
145.08
933.83
1123.56
1123.56
805.77
305.18
305.18
398.38
398.38
1174.21
1174.21
568.43
568.43
163.29
163.29
1221.55
1221.55
1137.86
1137.86
337.65
337.65
109.79
109.79
1221.13
1221.13
1063.91
1063.91
13.22
13.22
1203.20
1203.20
1145.98
1145.98
1204.38
1204.38
1310.84
1310.84
1182.98
1182.98
1279.23
1279.23
1151.85
1151.85
1118.75
1118.75
1215.02
1215.02
1138.97
1138.97
1152.65
1152.65
360.10
360.10
1256.86
1256.86
1204.21
1204.21
352.46
352.46
1237.85
1237.85
1094.55
1094.55
1217.44
1217.44
1236.08
1236.08
1202.78
1202.78
1296.91
1296.91
187.53
187.53
1198.95
1198.95
1242.10
1242.10
1084.20
1084.20
1161.68
1161.68
966.09
966.09
702.52
702.52
1180.22
1180.22
1082.49
1082.49
1204.29
1204.29
620.54
620.54
750.80
750.80
851.72
851.72
1210.72
1210.72
1210.72
1237.40
1255.24
1255.24
1202.98
1202.98
1228.46
1228.46
1228.46
1227.83
1227.83
1244.46
1244.46
1188.22
1188.22
1196.72
1196.72
638.29
638.29
983.22
983.22
10.00
10.00
1188.64
1188.64
84.98
84.98
137.22
137.22
1174.37
1174.37
1199.98
1199.98
473.79
473.79
253.41
253.41
269.03
269.03
1191.69
1191.69
31.15
31.15
265.45
265.45
43.87
43.87
1225.75
1225.75
173.53
173.53
1199.53
1199.53
306.33
306.33
1177.25
1177.25
1073.67
1073.67
1207.64
1207.64
1234.35
1234.35
1178.79
1178.79
965.19
965.19
1181.71
1181.71
1123.79
1123.79
1057.84
1057.84
553.62
553.62
1231.10
1231.10
1119.57
1119.57
1194.84
1194.84
1143.87
1143.87
1164.65
1164.65
1218.01
1218.01
1045.70
1045.70
1218.15
1218.15
1179.56
1179.56
100.22
100.22
1109.95
1109.95
995.45
995.45
35.63
35.63
1121.72
1121.72
36.56
36.56
1204.18
1204.18
1205.81
1205.81
1066.49
1066.49
1066.49
1093.47
1093.47
1175.26
1187.18
1187.18
917.25
917.25
269.51
269.51
1157.17
1157.17
299.71
299.71
1178.66
1178.66
95.60
95.60
1184.75
1184.75
1124.09
1124.09
1208.78
1208.78
1090.09
1090.09
389.09
389.09
443.67
443.67
250.03
250.03
276.12
276.12
276.12
1213.47
1213.47
1171.03
1171.03
1171.03
1171.03
1197.77
1197.77
899.00
899.00
1195.49
858.25
516.96
516.96
490.02
490.02
1086.52
274.60
274.60
1086.25
1086.25
1114.42
1114.42
602.30
602.30
1211.93
1211.93
462.18
462.18
1181.45
1181.45
699.09
699.09
1181.95
1181.95
1237.68
1237.68
103.80
103.80
158.47
158.47
174.35
174.35
1195.78
1195.78
308.25
308.25
115.36
115.36
1201.94
1201.94
1125.39
1125.39
227.21
227.21
1227.52
1227.52
1157.42
1157.42
1257.42
1257.42
391.06
391.06
539.05
539.05
1153.04
1153.04
1196.03
1196.03
92.17
92.17
1071.20
1071.20
1182.30
1182.30
1133.04
1133.04
1007.34
1007.34
245.02
245.02
1235.65
1235.65
1063.61
1063.61
846.23
846.23
1126.46
1126.46
1184.20
1184.20
1096.34
1096.34
846.06
846.06
1179.66
1179.66
1151.55
1151.55
1188.89
1188.89
1142.79
1142.79
1213.60
1213.60
1174.84
1174.84
1148.41
1148.41
557.91
557.91
1089.80
1089.80
1201.18
1201.18
83.34
83.34
1347.60
1347.60
86.69
86.69
1231.53
1231.53
1221.54
1221.54
1064.16
1064.16
731.43
731.43
1180.80
1180.80
1164.79
1164.79
1192.21
1192.21
1229.88
1229.88
252.67
252.67
786.97
786.97
1158.40
1158.40
392.08
392.08
1271.42
1271.42
1178.65
1178.65
391.58
391.58
678.53
678.53
301.00
301.00
44.54
44.54
200.78
200.78
573.89
573.89
1009.00
1009.00
1166.40
1166.40
1212.27
1212.27
1225.59
1225.59
1109.66
1109.66
1203.35
1203.35
1193.05
1193.05
1162.78
1162.78
1301.69
1301.69
805.75
805.75
15.92
15.92
1106.68
1106.68
1150.97
1150.97
1178.48
1178.48
94.42
94.42
1204.28
1204.28
1207.28
1207.28
1182.54
1182.54
1207.42
1207.42
20.95
20.95
740.29
740.29
682.10
682.10
1185.45
1185.45
1237.50
1237.50
255.04
255.04
1178.61
1178.61
1195.60
1195.60
1195.57
1195.57
1201.28
1201.28
1114.56
1114.56
666.04
666.04
1190.42
1190.42
611.40
611.40
683.44
683.44
1134.05
1134.05
407.00
407.00
652.16
652.16
83.63
83.63
1162.28
1162.28
1122.03
1122.03
1248.50
1248.50
1216.51
1216.51
715.69
715.69
305.32
305.32
1094.55
1094.55
66.59
66.59
1179.96
1179.96
630.26
630.26
794.34
794.34
853.64
853.64
1139.10
1139.10
327.50
327.50
1238.02
1238.02
129.11
129.11
244.81
244.81
34.30
34.30
1268.04
1268.04
1188.39
1188.39
150.90
150.90
1222.32
1222.32
1183.44
1183.44
531.22
531.22
1185.67
1185.67
1049.47
1049.47
1171.25
1171.25
283.61
283.61
237.13
237.13
1128.09
1128.09
1183.86
1183.86
857.75
857.75
141.71
141.71
261.33
261.33
50.39
50.39
50.39
61.95
1171.82
1171.82
1080.32
1080.32
33.88
33.88
1213.86
1213.86
1235.30
1235.30
1219.69
1219.69
1155.17
1155.17
1218.35
1218.35
949.86
949.86
1211.34
1211.34
400.46
400.46
1195.32
1195.32
812.97
812.97
1199.43
1199.43
1206.90
1206.90
1125.12
1125.12
276.23
276.23
1220.39
1220.39
1052.35
1052.35
1140.68
1140.68
1168.04
1168.04
448.75
448.75
1198.53
1198.53
1181.57
1181.57
210.14
210.14
1177.75
1177.75
1266.49
1266.49
130.98
130.98
1188.69
1188.69
1163.06
1163.06
1250.50
1250.50
731.63
731.63
902.37
902.37
437.22
437.22
1041.76
1041.76
406.97
406.97
1172.38
1172.38
1128.61
1128.61
1055.58
1055.58
573.76
573.76
496.48
496.48
1198.76
1198.76
1242.74
1242.74
320.86
320.86
1201.94
1201.94
1205.49
1205.49
1084.03
1084.03
1168.77
1168.77
1134.50
1134.50
224.49
224.49
1135.79
1135.79
1201.73
1201.73
1186.47
1186.47
256.28
256.28
1148.05
1148.05
1113.21
1113.21
714.75
714.75
407.02
407.02
1224.08
1224.08
778.19
778.19
141.93
141.93
1169.34
1169.34
874.11
874.11
1186.58
1186.58
1186.17
1186.17
1178.84
1178.84
1168.79
1168.79
1249.47
1249.47
221.26
221.26
70.77
70.77
34.54
34.54
34.54
1203.79
1203.79
1160.34
1286.19
1286.19
1286.19
1266.98
1266.98
881.12
881.12
1140.92
1140.92
1173.77
1173.77
1232.92
1232.92
553.42
