# 1Hz Kbps trace generated by import_real_world_traces.py
1064.35
259.67
1095.52
1127.77
198.05
221.70
221.70
28.44
28.44
1571.79
1571.79
853.17
853.17
925.95
925.95
596.92
596.92
319.33
319.33
274.60
274.60
11.88
11.88
1147.36
1147.36
1102.49
1102.49
1868.32
1868.32
2193.31
2193.31
13.53
13.53
344.59
344.59
1837.25
1837.25
2446.99
2446.99
82.76
82.76
630.30
630.30
274.74
274.74
1151.10
1151.10
1413.16
1413.16
1162.44
1162.44
751.85
751.85
24.79
24.79
569.60
569.60
359.24
359.24
1663.87
1663.87
2185.01
2185.01
2163.13
2163.13
2055.80
2055.80
1499.29
1499.29
838.31
838.31
62.86
62.86
116.86
116.86
600.63
600.63
389.40
389.40
664.62
664.62
705.90
705.90
43.28
43.28
43.28
521.05
99.55
99.55
567.13
567.13
418.61
418.61
443.55
443.55
443.55
11.60
11.60
186.28
186.28
186.28
186.28
563.02
563.02
563.02
563.02
563.02
563.02
563.02
578.97
578.97
311.57
311.57
25.52
25.52
25.52
878.38
878.38
1273.92
632.45
632.45
632.45
1207.29
1207.29
56.70
312.72
312.72
1756.60
1756.60
375.41
375.41
707.79
775.55
483.06
483.06
139.71
139.71
71.99
71.99
18.56
639.41
639.41
639.41
911.00
911.00
911.00
1265.11
1265.11
435.98
435.98
1183.84
1183.84
581.81
581.81
581.81
581.81
581.81
12.34
12.34
42.58
42.58
1148.96
1148.96
1148.96
132.97
983.05
983.05
983.05
57.14
57.14
57.14
763.58
763.58
638.25
661.15
661.15
265.66
265.66
265.66
950.34
950.34
836.21
191.96
191.96
1476.01
1632.74
805.49
1667.78
1185.08
1185.08
164.11
164.11
768.15
768.15
768.15
135.89
135.89
135.89
42.35
42.35
42.35
32.59
32.59
32.59
59.22
59.22
59.22
59.22
59.22
59.22
426.79
426.79
426.79
70.00
70.00
766.15
77.82
1306.30
1306.30
1885.81
1885.81
1243.15
1243.15
1243.15
1243.15
608.61
608.61
745.11
745.11
745.11
36.22
36.22
36.22
308.29
30.49
30.49
27.83
1121.28
836.40
836.40
776.44
106.38
106.38
109.59
109.59
18.78
18.78
2600.93
2600.93
1440.07
1440.07
2605.00
2605.00
11.41
11.41
206.31
206.31
206.31
281.20
281.20
281.20
76.82
827.12
827.12
1351.77
1351.77
10.00
10.00
10.00
365.85
365.85
49.84
1431.58
1759.40
1759.40
1264.46
1264.46
1347.46
1347.46
177.94
177.94
177.94
1487.19
1487.19
1487.19
1814.24
1814.24
1394.06
1394.06
10.00
10.00
1247.49
1247.49
1247.49
690.95
690.95
690.95
521.10
521.10
489.91
489.91
489.91
74.79
74.79
776.65
1103.10
1103.10
61.49
61.49
10.00
10.00
23.74
552.72
115.70
200.02
200.02
1512.23
1512.23
1555.85
1555.85
17.58
17.58
444.59
444.59
743.27
743.27
51.73
51.73
1387.39
1387.39
411.76
411.76
411.76
310.56
310.56
637.09
637.09
58.90
58.90
58.90
735.03
735.03
55.09
55.09
1458.17
1458.17
1189.72
1189.72
431.39
431.39
558.08
558.08
1544.57
1544.57
1592.52
1592.52
707.09
707.09
939.75
939.75
1866.33
1866.33
747.14
747.14
151.15
151.15
151.15
151.15
1186.36
