# 1Hz Kbps trace generated by import_real_world_traces.py
1835.45
1534.01
1697.89
1971.58
1971.58
981.68
981.68
1824.71
1824.71
1750.84
1750.84
1530.78
1530.78
1870.07
1870.07
1940.47
1940.47
1105.26
1105.26
1480.31
1480.31
1913.74
1913.74
1806.20
1806.20
1759.49
1759.49
1777.87
1777.87
1245.84
1245.84
1173.05
1173.05
1738.38
1738.38
1300.53
1300.53
1780.99
1780.99
1288.83
1288.83
1712.93
1712.93
1932.88
1932.88
1850.83
1850.83
1556.55
1556.55
1404.30
1404.30
1719.10
1719.10
1278.82
1278.82
1934.12
1934.12
1769.60
1769.60
1936.94
1936.94
1778.07
1778.07
1842.89
1842.89
1517.99
1517.99
1465.31
1465.31
1755.91
1755.91
1727.41
1727.41
1126.30
1126.30
1782.02
1782.02
1773.80
1773.80
1857.56
1857.56
1838.52
1838.52
1589.03
1589.03
1770.19
1770.19
1584.46
1584.46
1898.23
1898.23
1647.76
1647.76
1390.79
1390.79
1702.52
1702.52
1906.18
1906.18
1743.65
1743.65
1207.45
1207.45
1932.70
1932.70
1726.61
1726.61
1849.64
1849.64
1791.97
1791.97
1802.26
1802.26
1441.13
1441.13
1826.78
1826.78
1340.23
1340.23
1774.80
1774.80
1230.10
1230.10
1970.31
1970.31
1878.85
1878.85
1910.70
1910.70
1772.70
1772.70
1689.64
1689.64
1927.78
1927.78
1764.82
1764.82
1150.61
1150.61
1885.68
1885.68
1342.18
1342.18
1760.20
1760.20
1924.97
1924.97
1738.53
1738.53
1089.93
1089.93
1894.52
1894.52
1733.20
1733.20
1108.39
1108.39
1759.33
1759.33
1651.95
1651.95
1875.82
1875.82
1883.81
1883.81
1693.17
1693.17
1872.69
1872.69
1583.68
1583.68
1863.79
1863.79
1116.14
1116.14
1384.92
1384.92
1763.93
1763.93
1378.30
1378.30
1719.11
1719.11
1130.64
1130.64
1268.57
1268.57
1622.85
1622.85
1755.12
1755.12
1914.37
1914.37
1323.85
1323.85
1555.58
1555.58
1866.25
1866.25
991.70
991.70
1570.28
1570.28
1701.58
1701.58
1736.36
1736.36
1846.05
1846.05
1731.17
1731.17
1742.92
1742.92
1930.79
1930.79
1527.87
1527.87
1805.87
1805.87
1983.82
1983.82
1708.29
1708.29
1602.96
1602.96
1755.10
1755.10
1925.00
1925.00
1546.04
1546.04
1533.88
1533.88
1311.77
1311.77
1896.27
1896.27
1977.77
1977.77
1987.87
1987.87
1278.61
1278.61
1741.28
1741.28
1768.00
1768.00
1915.78
1915.78
1686.19
1686.19
1784.68
1784.68
981.15
981.15
1952.58
1952.58
1786.26
1786.26
1917.53
1917.53
1662.31
1662.31
1715.11
1715.11
1522.75
1522.75
1711.79
1711.79
1125.74
1125.74
1629.31
1629.31
1763.19
1763.19
1837.94
1837.94
1724.30
1724.30
1432.61
1432.61
1756.49
1756.49
450.72
450.72
1856.21
1856.21
1779.12
1779.12
1603.74
1603.74
1626.94
1626.94
1599.48
1599.48
1222.83
1222.83
304.40
304.40
1897.98
1897.98
1973.03
1973.03
994.98
994.98
1095.49
1095.49
1727.96
1727.96
1960.65
1960.65
1682.24
1682.24
1551.66
1551.66
2001.18
2001.18
1924.47
1924.47
1705.51
1705.51
1782.51
1782.51
1857.56
1857.56
1711.09
1711.09
1960.93
1960.93
1923.58
1923.58
1973.09
1973.09
1925.25
1925.25
1670.34
1670.34
1797.93
1797.93
1791.14
1791.14
1944.07
1944.07
989.45
989.45
1697.52
1697.52
1944.32
1944.32
1720.52
1720.52
1897.63
1897.63
1943.72
1943.72
586.42
586.42
1338.42
1338.42
1793.61
1793.61
1893.93
1893.93
1624.73
1624.73
1093.85
1093.85
1157.42
1157.42
1805.05
1805.05
1242.70
1242.70
1750.70
1750.70
1711.39
1711.39
1190.86
1190.86
1226.21
1226.21
1351.85
1351.85
1749.33
1749.33
1929.13
1929.13
1476.20
1476.20
1864.17
1864.17
1676.39
1676.39
1639.59
1639.59
1749.09
1749.09
1786.38
1786.38
916.75
916.75
1782.88
1782.88
1929.61
1929.61
1805.20
1805.20
1713.75
1713.75
1140.56
1140.56
1746.68
1746.68
1381.46
1381.46
1441.65
1441.65
1777.39
1777.39
1905.38
1905.38
1778.22
1778.22
1894.31
