# 1Hz Kbps trace generated by import_real_world_traces.py
282.04
282.04
10.00
592.28
665.77
618.73
806.01
866.92
866.92
132.17
709.89
709.89
492.80
492.80
492.80
681.15
763.79
775.43
548.25
719.62
719.62
645.71
645.71
645.71
679.66
679.66
81.45
81.45
81.45
81.45
221.00
221.00
221.00
776.60
776.60
328.62
328.62
328.62
710.12
714.62
915.17
915.17
691.58
691.58
691.58
788.00
788.00
788.00
788.00
788.00
788.00
788.00
302.27
170.12
170.12
758.16
758.16
758.16
312.00
312.00
631.04
631.04
631.04
710.32
710.32
532.14
532.14
170.95
770.97
770.97
647.65
916.43
938.19
902.90
257.28
933.95
933.95
740.39
740.39
754.59
754.59
853.00
853.00
637.14
637.14
799.88
799.88
572.67
572.67
811.99
811.99
379.78
379.78
822.81
822.81
697.87
697.87
930.73
930.73
854.90
854.90
936.08
936.08
965.23
965.23
508.21
508.21
76.06
76.06
729.76
729.76
127.94
127.94
416.56
416.56
748.49
748.49
12.12
12.12
12.12
819.75
819.75
823.73
823.73
823.73
572.68
572.68
835.12
751.24
