# 1Hz Kbps trace generated by import_real_world_traces.py
1660.13
69.35
640.96
640.96
78.02
22.86
232.52
2455.86
1168.42
33.36
33.36
385.70
385.70
42.16
42.16
1618.43
1618.43
21.93
21.93
1076.39
1076.39
8042.61
8042.61
25.91
25.91
5364.85
5364.85
1093.56
1093.56
1011.68
1011.68
3054.95
3054.95
198.42
198.42
1689.26
1689.26
9605.18
9605.18
780.18
780.18
3369.75
3369.75
188.30
188.30
208.16
208.16
90.35
90.35
73.04
73.04
680.24
680.24
5406.75
5406.75
4308.77
4308.77
1928.95
1928.95
1532.22
1532.22
5921.80
5921.80
6955.11
6955.11
1531.62
1531.62
256.09
256.09
104.42
104.42
6893.43
6893.43
155.07
155.07
2335.95
2335.95
266.49
266.49
7767.32
7767.32
7708.04
7708.04
5194.33
5194.33
7103.61
7103.61
8489.36
8489.36
10.00
10.00
61.37
61.37
33.57
33.57
133.67
133.67
5109.15
5109.15
410.59
410.59
1007.52
1007.52
2080.04
2080.04
53.76
53.76
2214.24
2214.24
60.20
60.20
6368.42
6368.42
1178.51
1178.51
637.11
637.11
286.63
286.63
223.78
223.78
34.23
34.23
587.26
587.26
5869.36
5869.36
30.89
30.89
2530.62
2530.62
36.73
36.73
1499.46
1499.46
5129.63
5129.63
4901.51
4901.51
4497.47
4497.47
2281.85
2281.85
1191.50
1191.50
427.13
427.13
5720.39
5720.39
181.67
181.67
6322.38
6322.38
5467.70
5467.70
3878.51
3878.51
172.98
172.98
1142.81
1142.81
213.87
213.87
43.22
43.22
50.01
50.01
1151.61
1151.61
84.56
84.56
2861.72
2861.72
5913.62
5913.62
682.35
682.35
758.72
758.72
2666.60
2666.60
805.05
805.05
5304.90
5304.90
5385.22
5385.22
76.63
76.63
5380.37
5380.37
1663.66
1663.66
1345.30
1345.30
5082.27
5082.27
1408.96
1408.96
167.25
167.25
10.00
10.00
1461.78
1461.78
2719.66
2719.66
3124.56
3124.56
4125.36
4125.36
52.36
52.36
28.16
28.16
28.16
5516.65
1916.93
1916.93
882.04
882.04
2239.26
2239.26
4078.16
4078.16
999.36
999.36
1497.03
1497.03
5279.10
5279.10
259.57
259.57
762.97
762.97
3414.81
3414.81
1219.97
1219.97
250.05
250.05
10.00
10.00
4400.30
4400.30
1051.61
1051.61
3829.06
3829.06
429.00
429.00
971.38
971.38
5675.35
5675.35
1339.86
1339.86
478.54
478.54
3968.10
3968.10
28.68
28.68
2492.99
2492.99
2234.17
2234.17
1375.18
1375.18
1325.32
1325.32
7093.06
7093.06
4629.07
4629.07
7072.04
7072.04
1220.12
1220.12
6563.18
6563.18
5115.58
5115.58
57.49
57.49
898.71
898.71
2912.50
2912.50
5119.15
5119.15
4201.66
4201.66
4712.87
4712.87
528.17
528.17
50.07
50.07
23.66
23.66
701.02
701.02
4059.38
4059.38
862.01
862.01
3197.54
3197.54
1728.00
1728.00
4566.12
4566.12
2006.30
2006.30
4513.60
4513.60
21.91
21.91
421.19
421.19
187.86
187.86
1328.24
1328.24
2143.54
2143.54
297.68
297.68
64.42
64.42
34.97
34.97
11.31
11.31
1228.95
1228.95
48.78
48.78
92.22
92.22
2065.87
2065.87
4297.72
4297.72
3657.08
3657.08
58.64
58.64
6467.77
6467.77
4828.11
4828.11
341.90
341.90
110.37
110.37
868.38
868.38
2484.25
2484.25
6253.26
6253.26
97.27
97.27
5173.40
5173.40
2692.91
2692.91
501.15
501.15
1435.09
1435.09
1547.14
1547.14
539.27
539.27
178.68
178.68
14.63
14.63
316.29
316.29
173.75
173.75
173.75
59.27
59.27
915.10
112.73
112.73
112.73
972.69
972.69
392.06
392.06
90.49
90.49
980.93
980.93
883.29
883.29
301.35
301.35
2939.84
2939.84
119.47
119.47
1816.36
1816.36
157.56
157.56
41.90
891.66
891.66
891.66
10.00
10.00
31.82
31.82
187.10
187.10
21.54
21.54
48.51
48.51
5192.06
5192.06
1850.44
1850.44
194.76
194.76
288.55
288.55
111.28
111.28
252.84
252.84
1581.87
1581.87
1823.75
1823.75
3213.35
3213.35
19.78
19.78
49.11
49.11
3911.40
3911.40
7116.36
7116.36
7190.84
7190.84
7264.24
7264.24
308.87
308.87
1771.34
1771.34
6509.81
6509.81
6909.26
6909.26
5944.19
5944.19
38.57
38.57
250.45
250.45
155.61
155.61
920.80
920.80
523.90
523.90
72.17
72.17
19.42
19.42
5360.83
5360.83
6627.10
6627.10
342.45
342.45
6452.02
6452.02
40.94
40.94
6980.04
6980.04
1984.75
1984.75
2757.00
2757.00
1100.65
1100.65
1848.63
1848.63
300.43
300.43
181.97
181.97
244.31
244.31
35.94
35.94
760.74
760.74
22.57
22.57
7728.66
7728.66
984.68
984.68
83.97
83.97
2426.26
2426.26
72.13
72.13
58.08
58.08
307.34
307.34
168.70
168.70
475.73
475.73
1668.33
1668.33
659.54
659.54
6578.98
6578.98
7057.07
7057.07
6888.43
6888.43
4777.21
4777.21
8277.22
8277.22
7331.77
7331.77
5123.78
5123.78
3585.21
3585.21
8069.68
8069.68
8216.66
8216.66
8165.19
8165.19
4872.62
4872.62
79.16
79.16
9455.46
9455.46
619.36
619.36
5959.11
5959.11
5959.11
5959.11
5959.11
5959.11
6233.56
6233.56
5476.31
5476.31
1296.75
1296.75
4800.21
4800.21
4089.23
4089.23
5629.29
5629.29
4567.44
4567.44
4567.44
4567.44
4226.66
4226.66
344.50
344.50
73.23
73.23
1373.00
1373.00
3379.84
3379.84
6926.83
6926.83
7827.71
7827.71
6467.74
6467.74
1629.11
1629.11
7610.59
7610.59
3784.71
3784.71
5473.90
5473.90
7656.92
7656.92
2607.02
2607.02
2607.02
2607.02
2235.26
2235.26
1863.35
1863.35
2687.46
2687.46
7146.79
7146.79
7146.79
7146.79
1625.67
1625.67
232.07
232.07
5772.61
5772.61
995.45
995.45
6631.08
6631.08
1519.10
1519.10
1519.10
1519.10
1507.79
1507.79
1593.44
1593.44
1593.44
1593.44
7078.55
7078.55
6744.31
6744.31
6181.03
6181.03
6181.03
6181.03
1477.58
1477.58
4656.95
4656.95
7443.97
7443.97
34.23
34.23
5886.47
5886.47
6956.67
6956.67
6303.47
6303.47
6303.47
6303.47
7049.39
7049.39
7049.39
7049.39
7049.39
7049.39
5214.74
5214.74
5903.88
5903.88
5903.88
5903.88
3415.84
3415.84
16.75
16.75
2573.99
2573.99
1499.11
1499.11
20.14
20.14
121.36
121.36
620.34
620.34
15.66
15.66
2236.19
2236.19
6385.53
6385.53
1554.68
1554.68
7304.75
7304.75
6351.32
6351.32
6601.79
6601.79
7686.46
7686.46
6423.03
6423.03
897.95
897.95
7011.17
7011.17
899.34
899.34
365.72
365.72
36.22
36.22
98.14
98.14
6132.95
6132.95
181.22
181.22
5917.73
5917.73
4806.68
4806.68
997.58
997.58
118.20
118.20
876.02
876.02
2219.07
2219.07
74.05
74.05
9096.17
9096.17
1735.11
1735.11
3046.57
3046.57
2529.05
2529.05
816.31
816.31
143.21
143.21
2049.38
2049.38
123.28
123.28
1042.27
1042.27
5779.65
5779.65
1545.48
1545.48
1068.26
1068.26
266.43
266.43
8309.57
8309.57
1370.36
1370.36
2686.79
2686.79
1127.41
1127.41
3597.70
3597.70
648.69
648.69
730.42
730.42
70.25
70.25
49.50
49.50
1636.55
1636.55
5585.93
5585.93
518.39
518.39
5372.05
5372.05
6313.58
6313.58
697.60
697.60
2281.50
2281.50
839.26
839.26
456.55
456.55
660.76
660.76
1149.40
1149.40
239.69
239.69
91.87
91.87
21.11
21.11
564.87
564.87
6119.82
6119.82
5143.27
5143.27
3298.93
3298.93
20.37
20.37
25.46
25.46
194.17
194.17
2357.95
2357.95
7216.33
7216.33
9404.28
9404.28
167.29
167.29
6203.38
6203.38
2118.48
2118.48
102.67
102.67
6310.11
6310.11
2138.70
2138.70
3001.64
3001.64
3340.80
3340.80
9051.28
9051.28
130.11
130.11
1114.34
1114.34
9091.54
9091.54
8644.94
8644.94
337.73
337.73
3716.96
3716.96
6207.29
6207.29
20.03
20.03
1521.11
1521.11
19.37
19.37
5532.19
5532.19
1486.29
1486.29
4759.02
4759.02
1746.14
1746.14
6877.78
6877.78
156.15
156.15
1125.56
1125.56
7214.14
7214.14
109.48
109.48
143.08
143.08
1476.24
1476.24
913.51
913.51
657.58
657.58
2430.42
2430.42
55.71
55.71
34.61
34.61
68.42
68.42
153.65
153.65
101.46
101.46
111.48
111.48
467.40
467.40
271.69
271.69
385.86
385.86
22.71
22.71
487.85
487.85
2159.46
2159.46
4657.45
4657.45
5651.02
5651.02
8376.28
8376.28
8781.47
8781.47
5550.48
5550.48
28.12
28.12
3318.69
3318.69
5858.35
5858.35
7702.21
7702.21
2802.20
2802.20
4275.29
4275.29
10.00
10.00
802.18
802.18
423.52
423.52
10.00
10.00
40.89
40.89
124.15
124.15
220.03
220.03
7963.22
7963.22
2656.30
2656.30
1594.92
1594.92
2341.40
2341.40
9950.34
9950.34
694.36
694.36
7006.20
7006.20
15.01
15.01
520.75
520.75
140.31
140.31
669.14
669.14
2270.02
2270.02
486.20
486.20
293.66
293.66
1598.44
1598.44
165.83
165.83
3915.80
3915.80
2664.51
2664.51
8395.54
8395.54
68.50
68.50
21.53
21.53
1117.22
1117.22
8184.42
8184.42
8465.13
8465.13
33.71
33.71
175.35
175.35
45.88
45.88
82.44
82.44
3739.53
3739.53
5731.61
5731.61
6998.55
6998.55
7008.46
7008.46
661.43
661.43
6397.79
6397.79
170.79
170.79
144.98
144.98
5839.11
5839.11
7669.99
7669.99
8806.69
8806.69
3279.74
3279.74
219.72
219.72
8753.17
8753.17
8774.73
8774.73
1616.00
1616.00
9192.71
9192.71
6680.03
6680.03
7943.48
7943.48
111.66
111.66
2255.58
2255.58
7297.49
7297.49
72.26
72.26
7375.49
7375.49
6800.44
6800.44
896.52
896.52
43.28
43.28
1382.71
1382.71
3148.77
3148.77
8101.69
8101.69
220.12
220.12
3156.88
3156.88
3948.80
3948.80
8395.45
8395.45
1327.48
1327.48
7590.18
7590.18
6836.52
6836.52
2694.66
2694.66
3644.21
3644.21
5371.47
5371.47
7323.59
7323.59
7040.46
7040.46
8425.58
8425.58
8695.73
8695.73
8948.83
8948.83
5783.89
5783.89
9681.84
9681.84
9681.84
9681.84
9681.84
9681.84
6687.92
6687.92
1619.60
1619.60
8434.89
8434.89
8120.00
8120.00
7174.43
7174.43
9375.47
9375.47
97.12
97.12
9080.93
9080.93
1283.26
1283.26
1906.44
1906.44
8487.53
8487.53
4074.02
4074.02
50.35
50.35
10085.06
10085.06
1683.63
1683.63
884.80
884.80
57.74
57.74
3237.06
3237.06
4504.90
4504.90
32.21
32.21
3085.73
3085.73
3085.73
3085.73
3085.73
3085.73
3085.73
8683.47
7656.12
7656.12
4342.64
4342.64
34.95
34.95
594.06
594.06
5613.38
5613.38
7470.03
7470.03
1065.80
1065.80
10.00
10.00
82.56
82.56
1542.43
1542.43
354.14
354.14
276.70
276.70
10.00
10.00
252.57
252.57
122.19
122.19
5869.28
5869.28
7197.94
7197.94
6181.12
6181.12
5538.60
5538.60
4335.47
4335.47
3439.40
3439.40
1069.69
1069.69
4244.78
4244.78
5307.47
5307.47
3010.20
3010.20
1883.27
1883.27
32.35
32.35
88.96
88.96
3722.27
3722.27
3677.52
3677.52
63.79
63.79
210.24
210.24
807.42
807.42
4663.55
4663.55
144.60
144.60
1400.49
1400.49
5098.95
5098.95
249.54
249.54
1213.35
1213.35
412.91
412.91
96.12
96.12
1711.86
1711.86
2338.62
2338.62
3671.26
3671.26
2234.60
2234.60
1239.59
1239.59
22.43
22.43
64.72
64.72
943.68
943.68
17.41
17.41
25.06
25.06
392.42
392.42
1071.11
1071.11
5966.98
5966.98
87.09
87.09
5075.81
5075.81
3436.86
3436.86
7067.83
7067.83
4456.66
4456.66
1473.15
1473.15
175.58
175.58
5442.13
5442.13
34.20
34.20
75.00
75.00
66.79
66.79
1007.35
1007.35
2462.47
2462.47
212.42
212.42
215.21
215.21
1545.06
1545.06
370.49
370.49
1465.62
1465.62
19.40
19.40
23.19
23.19
4295.14
4295.14
45.94
45.94
74.85
74.85
199.91
199.91
199.91
185.31
185.31
185.31
530.92
867.06
867.06
838.18
838.18
42.83
42.83
29.37
29.37
10.00
10.00
10.00
2343.44
2343.44
2343.44
2343.44
4208.85
5911.46
5911.46
5959.39
5959.39
2100.33
2100.33
1863.52
1863.52
53.13
53.13
6210.14
6210.14
6474.71
6474.71
7175.06
7175.06
7175.06
7175.06
3828.15
3828.15
911.53
911.53
99.05
99.05
54.11
54.11
5769.37
5769.37
262.93
262.93
3520.70
3520.70
4196.75
4196.75
3704.41
3704.41
236.38
236.38
715.88
715.88
131.16
131.16
5810.88
5810.88
2030.28
2030.28
2409.50
2409.50
56.90
56.90
1537.16
1537.16
1361.05
1361.05
2686.33
2686.33
6072.72
6072.72
19.91
19.91
2501.69
2501.69
5143.41
5143.41
6435.48
6435.48
3924.87
3924.87
24.09
24.09
4230.81
4230.81
1356.91
1356.91
1757.34
1757.34
2987.85
2987.85
24.38
24.38
3823.55
3823.55
1806.82
1806.82
26.33
26.33
1725.88
1725.88
902.54
902.54
21.00
21.00
6967.92
6967.92
1308.30
1308.30
2290.67
2290.67
1443.80
1443.80
6184.71
6184.71
217.72
217.72
5375.00
5375.00
246.88
246.88
4833.31
4833.31
100.43
100.43
2545.77
2545.77
19.05
19.05
16.59
16.59
1990.40
1990.40
177.88
177.88
474.37
474.37
2627.49
2627.49
213.71
213.71
321.27
321.27
34.19
34.19
89.80
89.80
377.68
377.68
77.45
77.45
1301.52
1301.52
353.51
353.51
682.10
682.10
30.84
30.84
146.30
146.30
2276.58
2276.58
571.38
571.38
45.92
45.92
27.50
27.50
45.16
45.16
1497.44
1497.44
21.51
21.51
617.80
617.80
123.77
123.77
36.51
36.51
64.10
64.10
726.57
726.57
608.77
608.77
213.54
213.54
67.97
67.97
1684.66
1684.66
93.04
93.04
1578.93
1578.93
24.71
24.71
712.89
712.89
1293.20
1293.20
141.72
141.72
2123.39
2123.39
5734.91
5734.91
23.58
23.58
28.61
28.61
467.82
467.82
96.36
96.36
93.97
93.97
130.91
130.91
333.49
333.49
1806.11
1806.11
5029.34
5029.34
4875.71
4875.71
1439.44
1439.44
664.06
664.06
1515.32
1515.32
296.40
296.40
1301.80
1301.80
828.94
828.94
45.67
45.67
14.55
14.55
228.46
228.46
3067.47
3067.47
5825.78
5825.78
477.29
477.29
5671.55
5671.55
3733.94
3733.94
1591.09
1591.09
6692.58
6692.58
1508.96
1508.96
59.33
59.33
776.73
776.73
1079.71
1079.71
406.83
406.83
228.88
228.88
271.55
271.55
146.99
146.99
3341.48
3341.48
364.39
364.39
1533.82
1533.82
2816.38
2816.38
197.25
197.25
96.74
96.74
1722.24
1722.24
60.88
60.88
20.59
20.59
294.46
294.46
217.18
217.18
13.02
13.02
1263.24
1263.24
468.85
468.85
22.99
22.99
581.90
581.90
18.98
18.98
70.20
70.20
313.86
313.86
10.00
10.00
68.11
68.11
3613.48
3613.48
24.84
24.84
2314.59
2314.59
876.72
876.72
6891.36
6891.36
4080.42
4080.42
5684.53
5684.53
5352.57
5352.57
7156.71
7156.71
2792.58
2792.58
1615.83
1615.83
3898.24
3898.24
5605.73
5605.73
5168.83
5168.83
3585.96
3585.96
2110.28
2110.28
1097.57
1097.57
64.57
64.57
41.71
41.71
78.66
78.66
2549.06
2549.06
1090.45
1090.45
2732.69
2732.69
4770.89
4770.89
422.73
422.73
5071.54
5071.54
1377.69
1377.69
97.12
97.12
14.47
14.47
1195.82
1195.82
427.00
427.00
15.28
15.28
25.13
25.13
25.30
25.30
559.13
559.13
3452.37
3452.37
89.47
89.47
64.49
64.49
437.25
437.25
74.78
74.78
1808.46
1808.46
4046.99
4046.99
327.79
327.79
44.15
44.15
281.07
281.07
10.00
10.00
99.20
99.20
210.03
210.03
3299.17
3299.17
1496.41
1496.41
304.68
304.68
24.24
24.24
64.63
64.63
187.47
187.47
57.17
57.17
377.96
377.96
90.45
90.45
11.59
11.59
27.33
27.33
429.75
429.75
429.75
557.18
98.56
98.56
1008.15
1008.15
1008.15
1008.15
1363.01
1363.01
191.72
191.72
2045.01
2045.01
1753.57
1753.57
83.89
83.89
2015.92
2015.92
2283.21
2283.21
2201.95
2201.95
12.70
12.70
2609.67
2609.67
1174.60
1174.60
2671.28
2671.28
143.71
143.71
1729.12
1729.12
2796.81
2796.81
2233.03
2233.03
62.97
62.97
2399.43
2399.43
1711.60
1711.60
3078.30
3078.30
2168.98
2168.98
2782.11
2782.11
3566.28
3566.28
2837.07
2837.07
1211.17
1211.17
3083.06
3083.06
3976.35
3976.35
1160.42
1160.42
540.24
540.24
60.59
60.59
211.29
211.29
2416.89
2416.89
2416.89
2416.89
3051.87
3051.87
4645.67
4645.67
592.92
592.92
5409.96
5409.96
298.02
298.02
914.14
914.14
439.44
439.44
2622.38
2622.38
2825.95
2825.95
4947.03
4947.03
4287.94
4287.94
1152.81
1152.81
5087.46
5087.46
4509.72
4509.72
5285.64
5285.64
707.81
707.81
1249.98
1249.98
5091.55
5091.55
5091.55
5091.55
35.81
35.81
3802.11
3802.11
5685.81
5685.81
5685.81
5685.81
3544.52
3544.52
3842.44
3842.44
27.45
27.45
3274.48
3274.48
767.21
767.21
5476.04
5476.04
3761.00
3761.00
3932.84
3932.84
1067.56
1067.56
488.46
488.46
1036.80
1036.80
5573.09
5573.09
3690.05
3690.05
915.98
915.98
338.22
338.22
31.66
31.66
2639.30
2639.30
4849.57
4849.57
374.40
374.40
10.00
10.00
37.40
37.40
346.41
346.41
1621.11
1621.11
1861.23
1861.23
1021.49
1021.49
55.26
55.26
217.04
217.04
234.35
234.35
2616.19
2616.19
2381.30
2381.30
5065.36
5065.36
33.78
33.78
94.69
94.69
1708.08
1708.08
41.79
41.79
4644.60
4644.60
1933.94
1933.94
2172.52
2172.52
2172.52
2172.52
2172.52
2172.52
2172.52
2172.52
75.24
75.24
3787.17
3787.17
3966.70
3966.70
1188.32
1188.32
4546.31
4546.31
290.65
290.65
1353.56
1353.56
11.78
11.78
549.76
549.76
874.15
874.15
2680.64
2680.64
199.78
199.78
286.06
286.06
3832.17
3832.17
6310.60
6310.60
447.14
447.14
958.03
958.03
156.50
156.50
3076.62
3076.62
106.54
106.54
10.00
10.00
36.55
36.55
140.31
140.31
331.54
331.54
104.73
104.73
7170.40
7170.40
4473.31
4473.31
3089.45
3089.45
6458.31
6458.31
6286.22
6286.22
1934.85
1934.85
1350.64
1350.64
22.88
22.88
3031.34
3031.34
73.97
73.97
3368.08
3368.08
695.33
695.33
1175.44
1175.44
114.55
114.55
3138.66
3138.66
6734.40
6734.40
1140.05
1140.05
7345.35
7345.35
6576.62
6576.62
1780.59
1780.59
7698.61
7698.61
4537.11
4537.11
9003.10
9003.10
6727.96
6727.96
68.11
68.11
6848.15
6848.15
484.15
484.15
3653.94
3653.94
5938.09
5938.09
694.95
694.95
70.02
70.02
391.32
391.32
95.72
95.72
2011.93
2011.93
195.19
195.19
1420.71
1420.71
693.79
693.79
100.66
100.66
226.05
226.05
1895.68
1895.68
33.97
33.97
298.84
298.84
58.52
58.52
68.85
68.85
3702.41
3702.41
78.80
78.80
295.65
295.65
90.62
90.62
65.32
65.32
150.27
150.27
103.26
103.26
19.80
19.80
2685.15
2685.15
810.00
810.00
161.38
161.38
5159.75
5159.75
4167.71
4167.71
2012.57
2012.57
310.08
310.08
6372.47
6372.47
4372.10
4372.10
1372.24
1372.24
500.43
500.43
6385.42
6385.42
6243.37
6243.37
2243.58
2243.58
317.87
317.87
2016.05
2016.05
4810.88
4810.88
55.16
55.16
5893.38
5893.38
1376.90
1376.90
24.56
24.56
4703.78
4703.78
839.92
839.92
5645.36
5645.36
54.33
54.33
108.77
108.77
2749.02
2749.02
5079.85
5079.85
4360.09
4360.09
247.91
247.91
1137.08
1137.08
1558.86
1558.86
466.52
466.52
499.99
499.99
5865.56
5865.56
5017.61
5017.61
1527.00
1527.00
2597.82
2597.82
4689.18
4689.18
338.72
338.72
4153.38
4153.38
3617.28
3617.28
1557.93
1557.93
5028.43
5028.43
77.58
77.58
337.89
337.89
2156.91
2156.91
12.24
12.24
3911.33
3911.33
5331.97
5331.97
2477.00
2477.00
5416.31
5416.31
1293.77
1293.77
1432.73
1432.73
16.43
16.43
10.00
10.00
412.73
412.73
930.19
930.19
6160.63
6160.63
15.40
15.40
128.28
128.28
2320.82
2320.82
1042.31
1042.31
8297.24
8297.24
740.31
740.31
36.27
36.27
5022.35
5022.35
1791.85
1791.85
5716.88
5716.88
1530.33
1530.33
69.75
69.75
69.75
1576.49
1576.49
33.75
33.75
940.03
940.03
26.16
26.16
321.80
321.80
458.42
458.42
859.57
859.57
21.47
21.47
1375.08
1375.08
122.85
1561.24
1561.24
1561.24
1359.93
1359.93
4749.88
4749.88
1649.69
1649.69
4366.22
4366.22
1574.10
1574.10
588.12
588.12
818.37
818.37
6655.19
6655.19
1594.05
1594.05
95.97
95.97
10719.97
4001.49
4001.49
4001.49
5368.59
5368.59
478.02
478.02
7723.44
7723.44
144.16
144.16
79.97
79.97
4028.90
4028.90
15.91
15.91
2326.93
2326.93
4705.35
4705.35
1508.86
1508.86
35.32
35.32
3568.30
3568.30
7205.97
7205.97
7454.28
7454.28
6658.98
6658.98
6804.61
6804.61
5781.05
5781.05
3184.69
3184.69
1794.69
1794.69
5708.01
5708.01
26.80
26.80
6501.24
6501.24
4742.40
4742.40
6916.77
6916.77
5709.20
5709.20
4747.12
4747.12
2215.26
2215.26
1267.32
1267.32
120.25
120.25
623.11
623.11
1996.04
1996.04
8071.59
8071.59
8516.09
8516.09
6193.00
6193.00
6288.24
6288.24
94.09
94.09
2793.07
2793.07
5090.43
5090.43
1244.28
1244.28
16.57
16.57
6569.48
6569.48
47.96
47.96
2816.96
2816.96
326.50
326.50
2748.18
2748.18
5694.31
5694.31
1084.47
1084.47
1114.79
1114.79
160.93
160.93
4758.57
4758.57
5597.04
5597.04
6220.39
6220.39
4599.18
4599.18
7453.76
7453.76
3782.42
3782.42
1857.50
1857.50
3526.69
3526.69
1673.72
1673.72
208.49
208.49
7689.54
7689.54
148.19
148.19
1423.94
1423.94
4066.63
4066.63
254.00
