# 1Hz Kbps trace generated by import_real_world_traces.py
5398.42
5078.77
5078.77
4711.51
4711.51
5320.96
5320.96
1045.46
1045.46
2161.52
2161.52
1880.27
1880.27
3873.59
3873.59
5071.61
5071.61
860.20
860.20
5325.80
5325.80
2822.84
2822.84
5624.83
5624.83
3610.72
3610.72
743.98
743.98
1629.56
1629.56
4936.84
4936.84
4742.04
4742.04
3264.30
3264.30
3266.00
3266.00
1654.97
1654.97
4607.26
4607.26
1372.13
1372.13
3174.92
3174.92
5334.68
5334.68
1169.75
1169.75
1240.50
1240.50
4863.68
4863.68
960.69
960.69
221.14
221.14
5008.96
5008.96
4435.45
4435.45
2121.16
2121.16
249.86
249.86
612.97
612.97
56.68
56.68
5440.81
5440.81
3662.72
3662.72
3259.51
3259.51
2888.62
2888.62
2506.55
2506.55
1848.18
1848.18
5092.72
5092.72
2328.13
2328.13
665.55
665.55
2345.99
2345.99
4513.87
4513.87
3127.18
3127.18
2704.13
2704.13
4491.32
4491.32
3137.09
3137.09
2057.36
2057.36
5138.27
5138.27
2596.73
2596.73
5381.54
5381.54
5030.33
5030.33
124.98
124.98
5110.52
5110.52
2429.38
2429.38
3522.72
3522.72
5453.10
5453.10
275.89
275.89
4720.26
4720.26
2069.63
2069.63
4518.22
4518.22
5336.67
5336.67
5148.29
5148.29
4793.30
4793.30
4429.37
4429.37
5139.87
5139.87
1171.00
1171.00
2747.63
2747.63
2296.85
2296.85
5342.39
5342.39
72.04
72.04
2126.39
2126.39
872.59
872.59
4872.63
4872.63
4753.68
4753.68
1118.06
1118.06
942.08
942.08
2268.79
2268.79
280.91
280.91
432.69
432.69
452.97
452.97
857.41
857.41
391.41
391.41
5244.76
5244.76
2492.37
2492.37
2016.70
2016.70
2813.16
2813.16
4350.19
4350.19
3901.87
3901.87
5221.86
5221.86
3052.79
3052.79
1063.70
1063.70
3150.07
3150.07
1951.39
1951.39
4809.43
4809.43
4489.54
4489.54
1585.94
1585.94
4785.94
4785.94
5078.41
5078.41
1953.76
1953.76
491.13
491.13
5155.64
5155.64
2062.14
2062.14
4998.11
4998.11
191.11
191.11
10.00
10.00
5006.77
5006.77
3595.51
3595.51
4923.28
4923.28
2044.70
2044.70
5266.23
5266.23
3075.39
3075.39
4619.58
4619.58
5546.40
5546.40
3345.78
3345.78
2901.98
2901.98
4613.60
4613.60
5393.88
5393.88
5426.86
5426.86
4705.40
4705.40
5317.45
5317.45
5649.70
5649.70
5031.79
5031.79
5272.99
5272.99
2417.28
2417.28
5091.91
5091.91
5808.88
5808.88
5480.94
5480.94
2367.42
2367.42
4764.93
4764.93
1715.46
1715.46
5402.00
5402.00
3293.45
3293.45
5546.34
5546.34
4612.50
4612.50
5818.10
5818.10
5275.37
5275.37
5275.37
5275.37
5191.16
5191.16
859.87
859.87
2285.99
2285.99
3354.17
3354.17
5414.85
5414.85
3523.00
3523.00
1665.20
1665.20
1937.36
1937.36
3983.60
3983.60
5189.50
5189.50
3587.14
3587.14
5181.53
5181.53
5181.53
5181.53
5181.53
5181.53
5181.53
5181.53
4845.13
4845.13
2817.81
2817.81
5029.74
5029.74
4966.96
4966.96
1903.45
1903.45
4426.36
4426.36
670.72
670.72
3388.23
3388.23
4423.28
4423.28
4841.03
4841.03
5753.44
5753.44
4958.36
4958.36
5442.60
5442.60
4068.34
4068.34
3568.72
3568.72
3417.56
3417.56
3439.76
3439.76
5455.85
5455.85
673.75
673.75
3963.33
3963.33
5340.50
5340.50
5614.18
5614.18
836.45
836.45
3903.00
3903.00
1619.32
1619.32
3417.32
3417.32
1993.17
1993.17
4980.58
4980.58
5083.85
5083.85
4793.70
4793.70
2048.52
2048.52
3121.33
3121.33
293.83
293.83
2100.50
2100.50
5419.52
5419.52
4428.36
4428.36
3403.39
3403.39
4640.05
4640.05
5137.31
5137.31
1236.02
1236.02
4861.33
4861.33
4582.98
4582.98
4737.67
4737.67
4737.67
53.13
3177.99
3177.99
5425.10
5425.10
5425.10
5255.09
5255.09
4191.05
5264.55
5264.55
5264.55
2091.73
2091.73
3500.35
3500.35
515.90
515.90
2149.66
2149.66
4580.87
4580.87
3389.68
3389.68
3020.89
3020.89
3886.22
3886.22
5089.72
5089.72
5584.37
5584.37
3710.90
3710.90
3380.67
3380.67
5266.88
5266.88
4707.13
4707.13
469.18
469.18
2067.53
2067.53
2557.73
2557.73
4670.34
4670.34
4673.03
4673.03
5091.42
5091.42
5275.09
5275.09
5095.45
5095.45
2143.65
2143.65
1142.38
1142.38
1316.90
1316.90
2786.98
2786.98
212.79
212.79
2089.03
2089.03
5357.64
5357.64
5262.40
5262.40
3958.57
3958.57
240.48
240.48
3914.77
3914.77
1038.02
1038.02
1444.70
1444.70
1209.24
1209.24
1165.70
1165.70
2930.04
2930.04
3520.65
3520.65
1904.36
1904.36
1518.23
1518.23
5772.05
5772.05
2537.59
2537.59
4216.45
4216.45
2081.76
2081.76
5166.56
5166.56
3447.02
3447.02
5502.01
5502.01
5206.70
5206.70
5081.86
5081.86
5701.88
5701.88
1904.81
1904.81
570.99
570.99
5455.09
5455.09
5001.93
5001.93
5036.39
5036.39
1668.70
1668.70
1727.62
1727.62
1514.87
1514.87
5073.29
5073.29
4710.80
4710.80
5148.45
5148.45
4997.47
4997.47
10.00
10.00
5424.45
5424.45
5130.49
5130.49
248.45
248.45
3244.76
3244.76
1429.08
1429.08
4802.09
4802.09
5806.63
5806.63
805.53
805.53
5203.31
5203.31
2690.21
2690.21
3313.07
3313.07
4951.43
4951.43
708.95
708.95
4802.30
4802.30
4946.40
4946.40
1013.39
1013.39
4751.06
4751.06
5203.36
5203.36
305.97
305.97
1027.33
1027.33
364.48
364.48
1665.89
1665.89
1406.21
1406.21
4925.33
4925.33
4868.02
4868.02
5325.90
5325.90
5229.34
5229.34
5571.05
5571.05
5465.51
5465.51
3617.67
3617.67
3562.35
3562.35
5476.41
5476.41
1952.03
1952.03
5719.54
5719.54
5611.88
5611.88
4825.41
4825.41
242.15
242.15
1534.80
1534.80
3446.17
3446.17
4365.72
4365.72
5119.20
5119.20
10.00
10.00
1538.93
1538.93
5167.96
5167.96
555.16
555.16
1821.76
1821.76
428.88
428.88
2636.87
2636.87
5195.72
5195.72
5012.22
5012.22
10.00
10.00
5418.53
5418.53
5523.42
5523.42
2626.57
2626.57
1938.72
1938.72
1288.24
1288.24
5172.37
5172.37
10.00
10.00
4794.75
4794.75
5222.62
5222.62
1306.93
1306.93
2887.34
2887.34
2731.12
2731.12
1880.92
1880.92
4729.38
4729.38
5201.08
5201.08
2681.45
2681.45
2811.60
2811.60
1162.58
1162.58
1622.84
1622.84
5389.35
5389.35
1001.74
1001.74
4856.87
4856.87
4097.68
4097.68
4600.64
4600.64
4774.22
4774.22
3137.32
3137.32
64.53
64.53
2500.30
2500.30
1253.77
1253.77
2179.14
2179.14
2465.99
2465.99
1792.24
1792.24
2276.32
2276.32
4967.14
4967.14
6234.88
6234.88
26.90
26.90
804.64
804.64
5167.42
5167.42
958.58
958.58
1977.72
1977.72
26.65
26.65
1183.83
1183.83
5059.99
5059.99
1121.11
1121.11
3752.20
3752.20
76.48
76.48
5084.48
5084.48
850.97
850.97
5060.97
5060.97
2122.56
2122.56
5156.26
5156.26
5263.01
5263.01
1091.76
1091.76
5140.38
5140.38
2851.45
2851.45
5468.63
5468.63
4509.94
4509.94
725.86
725.86
4371.88
4371.88
127.91
127.91
3814.29
3814.29
2052.69
2052.69
4628.35
4628.35
2790.20
2790.20
5431.78
5431.78
4944.78
4944.78
2395.04
2395.04
3875.37
3875.37
2094.49
2094.49
587.22
587.22
5124.30
5124.30
4966.83
4966.83
2503.05
2503.05
5350.15
5350.15
1211.00
1211.00
2803.05
2803.05
784.25
784.25
5392.23
5392.23
5395.69
5395.69
5846.63
5846.63
2893.21
2893.21
5350.23
5350.23
4585.71
4585.71
4453.51
4453.51
5223.59
5223.59
5278.70
5278.70
1294.76
1294.76
2462.24
2462.24
3167.54
3167.54
4887.24
4887.24
2353.12
2353.12
2496.33
2496.33
1678.67
1678.67
5205.68
5205.68
5487.02
5487.02
3597.03
3597.03
1390.89
1390.89
2269.34
2269.34
5031.88
5031.88
5246.03
5246.03
1844.58
1844.58
5332.09
5332.09
4201.10
4201.10
3930.50
3930.50
2078.14
2078.14
5499.90
5499.90
5468.35
5468.35
5122.64
5122.64
3357.78
3357.78
5055.25
5055.25
4714.94
4714.94
4869.16
4869.16
2200.80
2200.80
4423.36
4423.36
3523.60
3523.60
4991.03
4991.03
2110.48
2110.48
1590.25
1590.25
2116.97
2116.97
2445.01
2445.01
1077.53
1077.53
3951.55
3951.55
5220.66
5220.66
2089.09
2089.09
725.53
725.53
1132.50
1132.50
1261.17
1261.17
3442.26
3442.26
5723.95
5723.95
4568.70
4568.70
4255.47
4255.47
2445.97
2445.97
2932.62
2932.62
2862.34
2862.34
1259.07
1259.07
3435.00
3435.00
3967.24
3967.24
709.24
709.24
5270.39
5270.39
4220.56
4220.56
2137.14
2137.14
5299.91
5299.91
4481.10
4481.10
3242.60
3242.60
4680.65
4680.65
5828.85
5828.85
4581.32
4581.32
4806.60
4806.60
494.67
494.67
4205.98
4205.98
3557.43
3557.43
4931.86
4931.86
5802.97
5802.97
3476.11
3476.11
5038.47
5038.47
5278.67
5278.67
2740.80
2740.80
4990.40
4990.40
3095.80
3095.80
2956.25
2956.25
4687.55
4687.55
2934.24
2934.24
4512.48
4512.48
3273.02
3273.02
3273.02
3273.02
5453.98
5453.98
5025.43
5025.43
5048.39
5048.39
4908.66
4908.66
5428.49
5428.49
2941.18
2941.18
4564.18
4564.18
964.26
964.26
4291.88
4291.88
363.44
363.44
4896.83
4896.83
5296.81
5296.81
3167.37
3167.37
5407.65
5407.65
5443.30
5443.30
4381.20
4381.20
5653.21
5653.21
3720.17
3720.17
543.15
543.15
5328.83
5328.83
1286.50
1286.50
5753.90
5753.90
2619.36
2619.36
5066.23
5066.23
5448.70
5448.70
2092.18
2092.18
3339.14
3339.14
5236.60
5236.60
6117.00
6117.00
4882.12
4882.12
4934.81
4934.81
4481.33
4481.33
4601.64
4601.64
5389.47
5389.47
5346.14
5346.14
2471.64
2471.64
5307.41
5307.41
2094.77
2094.77
4933.47
4933.47
1901.03
1901.03
5561.05
5561.05
5710.80
5710.80
2753.53
2753.53
5494.83
5494.83
5084.59
5084.59
5274.73
5274.73
5405.12
5405.12
2880.47
2880.47
4689.10
4689.10
4689.10
4689.10
313.46
313.46
1935.58
1935.58
3960.35
3960.35
5016.08
5016.08
2106.92
2106.92
4541.85
4541.85
5272.55
5272.55
2176.30
2176.30
1629.22
1629.22
5111.27
5111.27
570.02
570.02
1807.14
1807.14
4724.99
4724.99
2791.37
2791.37
4917.86
4917.86
876.74
876.74
5404.49
5404.49
2149.42
2149.42
3479.80
3479.80
4491.99
4491.99
735.69
735.69
2624.14
2624.14
4033.10
4033.10
2080.42
2080.42
4950.77
4950.77
2853.26
2853.26
3233.09
3233.09
4016.20
4016.20
5290.34
5290.34
4050.58
4050.58
2372.02
2372.02
5284.64
5284.64
245.30
245.30
5069.22
5069.22
23.61
23.61
2537.06
2537.06
4555.85
4555.85
334.37
334.37
690.21
690.21
4662.35
4662.35
2119.47
2119.47
741.76
741.76
1400.78
1400.78
553.47
553.47
768.02
768.02
2097.29
2097.29
1219.94
1219.94
4494.09
4494.09
5489.84
5489.84
5801.01
5801.01
5499.13
5499.13
560.01
560.01
4664.57
4664.57
3158.50
3158.50
2161.06
2161.06
10.00
10.00
5241.30
5241.30
2103.67
2103.67
379.97
379.97
4933.53
4933.53
1569.90
1569.90
2884.20
2884.20
2260.27
2260.27
634.26
634.26
5169.44
5169.44
5091.88
5091.88
2132.54
2132.54
4775.84
4775.84
5397.71
5397.71
3429.63
3429.63
5313.36
5313.36
5236.59
5236.59
5021.09
5021.09
4764.27
4764.27
435.03
435.03
4867.14
4867.14
2210.63
2210.63
4300.33
4300.33
4697.30
4697.30
3565.60
3565.60
2209.03
2209.03
4538.11
4538.11
4294.20
4294.20
4861.13
4861.13
4001.25
4001.25
3123.64
3123.64
4940.99
4940.99
962.25
962.25
2146.91
2146.91
1848.63
1848.63
2070.07
2070.07
533.40
533.40
4837.62
4837.62
5009.50
5009.50
5190.73
5190.73
4938.99
4938.99
3491.76
3491.76
2528.04
2528.04
2567.97
2567.97
3330.27
3330.27
3436.49
3436.49
2010.22
2010.22
5250.31
5250.31
5389.86
5389.86
3100.61
3100.61
5943.00
5943.00
4038.33
4038.33
5374.81
5374.81
3786.20
3786.20
5451.25
5451.25
2827.72
2827.72
2327.14
2327.14
3209.49
3209.49
571.61
571.61
2041.48
2041.48
1723.03
1723.03
4592.24
4592.24
5418.15
5418.15
2583.05
2583.05
4879.47
4879.47
3001.53
3001.53
1354.34
1354.34
1470.16
1470.16
4908.97
4908.97
5273.91
5273.91
5002.89
5002.89
3140.70
3140.70
5391.30
5391.30
2526.76
2526.76
1246.32
1246.32
396.57
396.57
2095.84
2095.84
2235.83
2235.83
2035.92
2035.92
5376.33
5376.33
5331.22
5331.22
2094.49
2094.49
2856.97
2856.97
2159.38
2159.38
4881.72
4881.72
5320.90
5320.90
820.45
820.45
5378.33
5378.33
2109.26
2109.26
683.84
683.84
5015.26
5015.26
4686.67
4686.67
5326.81
5326.81
2172.30
2172.30
5498.30
5498.30
4709.41
4709.41
5633.49
5633.49
1109.65
1109.65
2093.53
2093.53
246.29
246.29
2105.43
2105.43
3538.16
3538.16
25.72
25.72
4090.19
4090.19
3527.28
3527.28
2029.33
2029.33
4510.32
4510.32
4634.57
4634.57
5370.99
5370.99
4841.63
4841.63
4841.63
3582.15
3582.15
3077.35
2052.26
2052.26
2052.26
792.24
792.24
414.60
414.60
1520.74
1520.74
3598.46
2129.65
2129.65
2129.65
4611.47
4611.47
2076.74
2076.74
547.54
547.54
467.00
467.00
5343.82
5343.82
5191.85
5191.85
948.54
948.54
250.27
250.27
1985.66
1985.66
1969.98
1969.98
389.03
389.03
4680.39
4680.39
588.72
588.72
3857.29
3857.29
3953.10
3953.10
4654.97
4654.97
4323.41
4323.41
1635.89
1635.89
3536.05
3536.05
1451.34
1451.34
65.58
65.58
2069.27
2069.27
4123.96
4123.96
2127.15
2127.15
5600.97
5600.97
2068.64
2068.64
5806.45
5806.45
5002.60
5002.60
2863.53
2863.53
5127.26
5127.26
5109.24
5109.24
5175.20
5175.20
2133.62
2133.62
5465.69
5465.69
5461.63
5461.63
2637.10
2637.10
2604.13
2604.13
5414.33
5414.33
4377.81
4377.81
4922.21
4922.21
5420.55
5420.55
5386.49
5386.49
5204.78
5204.78
4315.99
4315.99
4839.76
4839.76
2735.37
2735.37
4553.91
4553.91
4989.35
4989.35
3274.51
3274.51
3447.06
3447.06
5279.19
5279.19
5604.49
5604.49
5413.97
5413.97
4618.31
4618.31
2311.99
2311.99
4419.34
4419.34
4693.47
4693.47
5279.56
5279.56
5390.44
5390.44
3637.57
3637.57
5232.65
5232.65
3436.82
3436.82
4801.48
4801.48
5325.15
5325.15
4822.12
4822.12
3189.37
3189.37
4896.12
4896.12
3260.77
3260.77
5322.13
5322.13
5057.18
5057.18
2900.56
2900.56
2053.56
2053.56
5423.64
5423.64
4829.29
4829.29
5026.64
5026.64
5256.25
5256.25
5053.84
5053.84
5018.16
5018.16
1042.09
1042.09
2106.23
2106.23
4967.66
4967.66
5370.73
5370.73
5638.60
5638.60
2126.68
2126.68
527.54
527.54
4567.92
4567.92
3842.07
3842.07
1045.62
1045.62
2883.15
2883.15
4677.16
4677.16
5291.57
5291.57
5185.33
5185.33
5817.04
5817.04
5037.82
5037.82
4993.68
4993.68
3315.04
3315.04
21.14
21.14
3271.01
3271.01
4752.06
4752.06
3174.55
3174.55
412.46
412.46
4054.91
4054.91
2144.37
2144.37
3969.25
3969.25
2778.05
2778.05
4987.46
4987.46
3371.51
3371.51
2898.87
2898.87
4300.45
4300.45
4451.39
4451.39
839.68
839.68
5151.40
5151.40
5167.71
5167.71
2908.39
2908.39
2041.37
2041.37
3253.10
3253.10
3490.96
3490.96
4302.38
4302.38
4938.07
4938.07
112.89
112.89
260.18
260.18
3741.90
3741.90
2650.29
2650.29
2318.05
2318.05
883.93
883.93
5468.30
5468.30
4543.01
4543.01
5385.77
5385.77
2351.56
2351.56
2448.60
2448.60
4776.42
4776.42
322.57
322.57
5525.92
5525.92
2325.46
2325.46
4577.98
4577.98
1546.04
1546.04
5232.26
5232.26
5245.47
5245.47
5318.24
5318.24
142.77
142.77
2102.08
2102.08
2180.63
2180.63
411.53
411.53
5070.42
5070.42
830.42
830.42
2107.72
2107.72
4487.27
4487.27
4487.27
4487.27
4312.80
4312.80
4908.78
4908.78
2171.86
2171.86
5276.34
5276.34
5343.04
5343.04
75.95
75.95
4641.53
4641.53
1958.05
1958.05
1177.00
1177.00
2097.65
2097.65
2474.32
2474.32
2045.45
2045.45
2950.97
2950.97
5688.43
5688.43
2105.71
2105.71
128.55
128.55
3588.04
3588.04
4530.80
4530.80
1799.26
1799.26
3845.66
3845.66
87.20
87.20
4602.84
4602.84
2200.65
2200.65
3790.78
3790.78
1381.79
1381.79
3096.36
3096.36
4372.84
4372.84
5498.47
5498.47
5483.66
5483.66
4734.40
4734.40
4396.04
4396.04
2354.61
2354.61
517.32
517.32
2827.93
2827.93
2527.04
2527.04
647.84
647.84
3192.04
3192.04
4782.52
4782.52
2179.28
2179.28
4082.52
4082.52
5623.77
5623.77
5506.27
5506.27
4842.49
4842.49
797.89
797.89
5077.02
5077.02
5061.69
5061.69
1328.62
1328.62
3790.70
3790.70
1416.53
1416.53
1725.07
1725.07
2204.64
2204.64
4738.62
4738.62
2897.80
2897.80
4408.33
4408.33
5471.56
5471.56
3290.23
3290.23
4767.72
4767.72
5552.31
5552.31
1063.28
1063.28
4028.30
4028.30
4074.72
4074.72
5113.31
5113.31
5148.40
5148.40
3438.00
3438.00
2899.57
2899.57
2971.13
2971.13
5058.20
5058.20
4271.79
4271.79
1022.59
1022.59
2098.41
2098.41
3290.20
3290.20
4118.42
4118.42
5426.35
5426.35
886.94
886.94
1092.56
1092.56
5058.38
5058.38
5034.41
5034.41
4838.34
4838.34
5462.03
5462.03
4782.58
4782.58
4438.03
4438.03
2943.89
2943.89
5072.20
5072.20
169.48
169.48
1364.33
1364.33
1609.23
1609.23
1398.97
1398.97
2624.62
2624.62
2199.91
2199.91
2002.84
2002.84
2797.47
2797.47
3827.17
3827.17
2647.66
2647.66
2452.92
2452.92
4953.27
4953.27
5095.54
5095.54
3827.63
3827.63
5396.23
5396.23
5364.35
5364.35
5093.02
5093.02
5560.88
5560.88
5214.48
5214.48
114.42
114.42
1233.57
1233.57
3226.89
3226.89
2940.54
2940.54
3667.60
3667.60
5494.92
5494.92
4849.12
4849.12
1768.17
1768.17
2920.79
2920.79
3870.97
3870.97
3949.18
3949.18
5381.29
5381.29
5494.31
5494.31
4151.14
4151.14
2836.79
2836.79
2069.13
2069.13
4707.60
4707.60
4916.55
4916.55
4365.16
4365.16
4365.16
4365.16
2369.19
2369.19
5327.68
5327.68
666.67
666.67
2381.18
2381.18
5062.48
5062.48
3591.92
3591.92
5037.15
5037.15
5299.09
5299.09
5304.29
5304.29
5313.33
5313.33
5313.33
5313.33
5313.33
5313.33
2969.45
2969.45
2940.24
2940.24
835.06
835.06
3296.98
3296.98
5365.92
5365.92
3215.45
3215.45
2371.11
2371.11
4869.66
4869.66
3222.79
3222.79
2838.04
2838.04
5685.37
5685.37
1327.13
1327.13
5462.52
5462.52
5301.67
5301.67
3495.88
3495.88
5639.78
5639.78
1982.67
1982.67
992.74
992.74
4415.19
4415.19
2710.13
2710.13
4038.82
4038.82
2610.91
2610.91
4034.89
4034.89
5442.22
5442.22
1010.71
1010.71
5176.06
5176.06
5228.91
5228.91
5094.12
5094.12
2158.30
2158.30
759.87
759.87
5103.48
5103.48
5095.12
5095.12
5225.51
5225.51
5041.36
5041.36
3315.83
3315.83
3869.75
3869.75
2357.49
2357.49
4709.62
4709.62
1318.23
1318.23
708.59
708.59
1787.10
1787.10
119.92
119.92
3738.61
3738.61
2129.36
2129.36
5195.10
5195.10
2102.19
2102.19
4425.54
4425.54
4199.27
4199.27
2135.27
2135.27
134.23
134.23
2975.70
2975.70
2538.32
2538.32
4300.61
4300.61
1359.92
1359.92
2861.57
2861.57
4122.11
4122.11
3291.76
3291.76
4031.18
4031.18
2785.22
2785.22
387.25
387.25
4923.15
4923.15
2596.75
2596.75
1605.22
1605.22
231.36
231.36
2707.42
2707.42
5029.89
5029.89
3974.63
3974.63
2128.25
2128.25
5663.67
5663.67
5026.39
5026.39
3241.95
3241.95
4211.04
4211.04
582.92
582.92
1962.55
1962.55
2745.37
2745.37
4950.09
4950.09
4409.39
4409.39
181.98
181.98
924.35
924.35
4569.05
4569.05
942.68
942.68
1879.71
1879.71
1212.26
1212.26
2473.86
2473.86
4128.74
4128.74
444.44
444.44
2425.07
2425.07
195.11
195.11
2007.32
2007.32
3287.79
3287.79
405.76
405.76
5331.51
5331.51
5346.29
5346.29
2124.68
2124.68
1030.70
1030.70
1232.37
1232.37
2239.50
2239.50
2339.44
2339.44
2087.29
2087.29
2836.02
2836.02
2042.40
2042.40
5401.81
5401.81
2400.00
2400.00
2709.43
2709.43
4131.79
4131.79
4966.38
4966.38
5113.48
5113.48
5663.62
5663.62
1524.05
1524.05
5012.43
5012.43
3459.46
3459.46
4239.65
4239.65
421.83
421.83
578.60
578.60
317.66
317.66
5463.15
5463.15
4830.25
4830.25
2113.82
2113.82
5542.50
5542.50
3383.07
3383.07
5070.18
5070.18
2368.84
2368.84
2115.09
2115.09
5406.65
5406.65
1992.42
1992.42
1382.39
1382.39
427.59
427.59
251.75
251.75
4800.27
4800.27
4718.06
4718.06
5255.97
5255.97
2963.01
2963.01
1975.52
1975.52
1425.31
1425.31
708.60
708.60
4253.86
4253.86
2102.98
2102.98
1230.67
1230.67
5445.55
5445.55
2243.26
2243.26
3874.16
3874.16
30.29
30.29
1931.48
1931.48
10.00
10.00
1800.47
1800.47
5339.32
5339.32
4886.97
4886.97
2717.19
2717.19
1567.71
1567.71
268.52
268.52
4280.10
4280.10
4897.36
4897.36
4498.24
4498.24
2029.65
2029.65
1859.89
1859.89
324.86
324.86
4582.06
4582.06
3298.93
3298.93
5550.89
5550.89
5295.31
5295.31
1991.90
1991.90
4799.83
4799.83
2544.39
2544.39
1839.99
1839.99
1590.30
1590.30
4638.30
4638.30
4960.84
4960.84
1355.29
1355.29
6234.95
6234.95
4439.20
4439.20
3345.63
3345.63
2365.93
2365.93
3096.77
3096.77
6218.81
6218.81
2676.17
2676.17
855.45
855.45
4230.61
4230.61
2321.16
2321.16
4180.95
4180.95
4788.75
4788.75
4336.98
4336.98
4811.77
4811.77
5297.29
5297.29
3810.66
3810.66
3599.61
3599.61
2722.81
2722.81
5068.10
5068.10
3129.12
3129.12
5090.07
5090.07
1488.77
1488.77
1986.51
1986.51
2615.61
2615.61
1372.34
1372.34
5472.28
5472.28
2899.13
2899.13
3954.22
3954.22
4415.00
4415.00
949.90
949.90
2381.54
2381.54
10.00
10.00
128.62
128.62
1851.49
1851.49
3733.84
3733.84
4378.31
4378.31
885.16
885.16
545.80
545.80
182.20
182.20
2684.50
2684.50
2684.50
3678.88
428.81
428.81
10.00
10.00
10.00
223.45
223.45
4936.05
4936.05
3337.59
3337.59
5091.94
5091.94
5053.90
5053.90
2635.42
2635.42
1259.84
1259.84
4387.86
4387.86
3851.06
3851.06
1857.66
1857.66
3049.91
3049.91
3819.49
3819.49
1119.71
1119.71
128.98
128.98
508.67
508.67
3414.63
3414.63
4260.49
4260.49
236.67
236.67
391.73
391.73
4656.07
4656.07
142.39
142.39
4277.81
4277.81
4132.95
4132.95
3446.59
3446.59
5372.19
5372.19
5394.41
5394.41
5369.29
5369.29
2075.76
2075.76
1904.76
1904.76
3507.20
3507.20
59.58
59.58
3506.36
3506.36
2333.67
2333.67
2526.32
2526.32
2066.97
2066.97
2213.27
2213.27
2892.49
2892.49
4292.86
4292.86
5300.56
5300.56
5147.71
5147.71
5301.77
5301.77
3251.32
3251.32
645.01
645.01
1918.29
1918.29
2958.40
2958.40
3123.64
3123.64
5309.17
5309.17
2788.70
2788.70
42.41
42.41
557.88
557.88
1441.32
1441.32
1889.47
1889.47
5114.73
5114.73
419.92
419.92
5431.82
5431.82
2900.30
2900.30
1909.81
1909.81
5249.67
5249.67
3992.61
3992.61
2322.10
2322.10
4559.70
4559.70
5146.07
5146.07
230.52
230.52
5158.18
5158.18
5115.95
5115.95
4829.99
4829.99
942.99
942.99
129.14
129.14
4480.25
4480.25
5026.89
5026.89
10.00
10.00
5178.74
5178.74
894.10
894.10
1741.68
1741.68
5365.53
5365.53
5233.81
5233.81
1528.53
1528.53
5036.71
5036.71
3380.45
3380.45
5123.64
5123.64
1117.88
1117.88
2325.05
2325.05
3937.45
3937.45
3150.01
3150.01
5333.49
5333.49
5264.50
5264.50
5159.50
5159.50
3865.98
3865.98
3911.34
3911.34
5180.19
5180.19
4687.18
4687.18
3717.76
3717.76
360.07
360.07
2045.84
2045.84
4276.79
4276.79
5040.95
5040.95
5040.95
5040.95
3174.59
3174.59
398.06
398.06
4357.98
4357.98
2446.47
2446.47
5041.47
5041.47
5041.47
5041.47
3043.08
3043.08
2788.67
2788.67
5070.03
5070.03
1221.99
1221.99
3953.77
3953.77
2118.28
2118.28
5448.92
5448.92
4574.49
4574.49
6029.78
6029.78
5166.70
5166.70
3464.20
3464.20
2238.50
2238.50
1986.87
1986.87
5376.66
5376.66
4750.74
4750.74
5393.26
5393.26
4644.26
4644.26
3668.95
3668.95
5413.40
5413.40
5529.35
5529.35
3288.30
3288.30
5125.98
5125.98
5423.02
5423.02
2447.64
2447.64
5300.44
5300.44
5479.69
5479.69
6594.47
6594.47
3324.58
3324.58
4757.40
4757.40
2654.47
2654.47
3745.76
3745.76
5437.56
5437.56
5537.30
5537.30
2074.41
2074.41
4884.83
4884.83
4870.61
4870.61
2054.05
2054.05
5435.22
5435.22
5471.74
5471.74
1878.34
1878.34
5458.40
5458.40
5684.54
5684.54
5425.80
5425.80
4652.88
4652.88
3953.70
3953.70
5885.36
5885.36
593.06
593.06
5374.10
5374.10
4175.57
4175.57
3544.82
3544.82
4224.37
4224.37
4171.48
4171.48
4905.36
4905.36
5489.83
5489.83
5422.45
5422.45
2083.94
2083.94
5247.32
5247.32
5481.88
5481.88
2023.39
2023.39
4282.25
4282.25
10.00
10.00
24.09
24.09
3140.12
3140.12
5374.90
5374.90
3182.44
3182.44
4170.49
4170.49
3410.61
3410.61
5806.60
5806.60
4429.55
4429.55
2043.02
2043.02
5058.81
5058.81
4771.60
4771.60
5033.79
5033.79
5657.51
5657.51
2762.85
2762.85
4642.60
4642.60
2443.24
2443.24
3073.33
3073.33
4351.80
4351.80
2022.89
2022.89
4991.39
4991.39
2025.57
2025.57
3208.41
3208.41
1257.24
1257.24
5247.27
5247.27
5935.89
5935.89
5295.94
5295.94
5368.07
5368.07
258.86
258.86
1009.13
1009.13
4620.02
4620.02
4442.41
4442.41
1406.43
1406.43
3686.36
3686.36
3833.69
3833.69
3564.56
3564.56
4568.08
4568.08
5231.34
5231.34
2117.07
2117.07
1258.91
1258.91
1573.05
1573.05
27.61
27.61
2622.76
2622.76
5271.05
5271.05
5321.29
5321.29
661.95
661.95
3333.68
3333.68
1237.02
1237.02
2800.35
2800.35
2966.93
2966.93
5424.93
5424.93
973.51
973.51
3776.70
3776.70
3868.51
3868.51
58.67
58.67
5486.62
5486.62
4501.17
4501.17
2026.14
2026.14
2736.29
2736.29
4695.61
4695.61
2018.87
2018.87
3510.74
3510.74
2472.20
2472.20
4919.17
4919.17
4246.84
4246.84
1931.17
1931.17
2674.51
2674.51
2110.98
2110.98
2827.60
2827.60
4990.89
4990.89
563.67
563.67
5055.24
5055.24
4860.36
4860.36
2304.48
2304.48
4529.52
4529.52
10.00
10.00
5478.50
5478.50
647.56
647.56
5352.50
5352.50
4935.70
4935.70
5238.79
5238.79
5233.27
5233.27
1989.92
1989.92
3725.62
3725.62
4496.68
4496.68
4671.14
4671.14
5494.75
5494.75
2301.87
2301.87
232.92
232.92
5413.27
5413.27
313.66
313.66
2840.16
2840.16
5014.83
5014.83
2788.22
2788.22
2228.34
2228.34
5265.28
5265.28
5265.28
5265.28
5223.15
5223.15
5015.71
5015.71
4676.10
4676.10
5473.03
5473.03
3282.75
3282.75
2980.69
2980.69
4092.87
4092.87
2798.75
2798.75
31.81
31.81
2292.50
2292.50
1151.12
1151.12
2632.37
2632.37
5781.46
5781.46
4918.24
4918.24
5459.17
5459.17
5310.19
5310.19
5370.43
5370.43
4907.04
4907.04
2125.58
2125.58
5270.71
5270.71
4333.37
4333.37
1147.92
1147.92
1950.39
1950.39
5393.06
5393.06
1392.65
1392.65
2039.55
2039.55
4942.58
4942.58
4089.46
4089.46
4769.78
4769.78
4014.66
4014.66
3589.06
3589.06
4982.99
4982.99
5412.66
5412.66
3856.95
3856.95
4485.38
4485.38
34.56
34.56
1340.38
1340.38
1711.63
1711.63
4397.88
4397.88
4852.23
4852.23
5441.75
5441.75
62.99
62.99
5518.98
5518.98
5362.79
5362.79
3336.44
3336.44
330.39
330.39
5090.41
5090.41
2222.60
2222.60
26.79
26.79
5368.78
5368.78
3448.87
3448.87
3377.34
3377.34
2211.64
2211.64
5537.21
5537.21
5257.66
5257.66
4294.99
4294.99
4869.66
4869.66
4409.54
4409.54
3996.94
3996.94
335.73
335.73
1948.03
1948.03
4926.26
4926.26
1902.50
1902.50
4015.54
4015.54
36.49
36.49
188.53
188.53
3998.41
3998.41
4322.99
4322.99
5285.25
5285.25
1134.39
1134.39
898.72
898.72
3026.40
3026.40
4191.14
4191.14
4222.40
4222.40
5378.28
5378.28
964.85
964.85
1729.73
1729.73
3405.84
3405.84
5281.63
5281.63
2912.72
2912.72
5122.92
5122.92
121.67
121.67
5507.58
5507.58
5445.41
5445.41
4892.25
4892.25
3581.12
3581.12
527.20
527.20
2238.76
2238.76
1417.67
1417.67
63.45
63.45
531.63
531.63
5385.30
5385.30
5669.91
5669.91
786.53
786.53
770.10
770.10
2176.22
2176.22
1926.33
1926.33
5396.04
5396.04
911.87
911.87
5620.35
5620.35
3347.03
3347.03
5330.06
5330.06
5473.95
5473.95
5282.68
5282.68
4968.15
4968.15
5049.45
5049.45
5365.39
5365.39
247.96
247.96
5450.26
5450.26
4459.64
4459.64
4519.52
4519.52
2161.76
2161.76
5316.95
5316.95
60.72
60.72
2136.10
2136.10
4925.02
4925.02
3481.03
3481.03
2195.29
2195.29
24.53
24.53
581.90
581.90
787.31
787.31
2203.70
2203.70
590.18
590.18
2125.75
2125.75
875.19
875.19
3183.42
3183.42
2018.60
2018.60
1642.61
1642.61
4855.07
4855.07
4170.81
4170.81
4322.16
4322.16
5247.07
5247.07
5217.39
5217.39
2107.60
2107.60
3851.07
3851.07
2110.69
2110.69
28.27
28.27
4237.51
4237.51
2099.58
2099.58
5127.86
5127.86
5618.18
5618.18
5119.09
5119.09
838.21
838.21
3264.26
3264.26
3502.26
3502.26
5538.63
5538.63
5333.96
5333.96
2892.05
2892.05
5346.11
5346.11
2851.78
2851.78
2140.81
2140.81
4239.77
4239.77
5371.58
5371.58
5768.90
5768.90
3561.49
3561.49
5134.46
5134.46
1622.62
1622.62
2417.64
2417.64
4340.62
4340.62
4742.14
4742.14
2953.28
2953.28
5403.23
5403.23
4644.51
4644.51
5390.29
5390.29
5390.29
5390.29
5390.29
5390.29
5468.20
5468.20
2447.25
2447.25
760.58
760.58
760.82
760.82
5317.67
5317.67
5687.98
5687.98
3382.70
3382.70
5342.92
5342.92
5505.84
5505.84
5416.44
5416.44
2191.27
2191.27
2797.64
2797.64
5189.26
5189.26
5318.20
5318.20
5318.20
5318.20
3356.20
3356.20
3107.58
3107.58
5570.67
5570.67
5285.62
5285.62
4539.86
4539.86
5200.61
5200.61
4690.13
4690.13
4690.13
4690.13
818.30
818.30
5049.01
5049.01
3294.21
3294.21
2911.56
2911.56
2911.56
2934.84
5334.39
5334.39
5541.62
5541.62
5541.62
5502.90
3210.19
3210.19
3210.19
3550.52
3550.52
4158.28
1982.28
1982.28
1982.28
5448.63
5448.63
5583.90
5583.90
2620.92
2620.92
176.83
176.83
5281.98
5281.98
5460.22
5460.22
2113.56
2113.56
1834.83
1834.83
3415.79
3415.79
4185.44
4185.44
5769.02
5769.02
2694.97
2694.97
2575.68
2575.68
4290.44
4290.44
2365.33
2365.33
1101.01
1101.01
367.33
367.33
3125.90
3125.90
3434.14
3434.14
4961.29
4961.29
4498.56
4498.56
978.12
978.12
1182.50
1182.50
5235.84
5235.84
3576.66
3576.66
5332.79
5332.79
1855.16
1855.16
2711.23
2711.23
5709.87
5709.87
2443.86
2443.86
5050.40
5050.40
5142.53
5142.53
1128.03
1128.03
4183.55
4183.55
2353.36
2353.36
2334.18
2334.18
5383.35
5383.35
3111.45
3111.45
1544.27
1544.27
4730.20
4730.20
2111.16
2111.16
3050.39
3050.39
5294.69
5294.69
4503.30
4503.30
4985.29
4985.29
837.11
837.11
3001.80
3001.80
4719.75
4719.75
4637.07
4637.07
5346.02
5346.02
2490.61
2490.61
1494.38
1494.38
4640.44
4640.44
4962.12
4962.12
4375.08
4375.08
5283.44
5283.44
3039.97
3039.97
1832.99
1832.99
4913.49
4913.49
5330.57
5330.57
2347.01
2347.01
4821.88
4821.88
3489.56
3489.56
515.39
515.39
2118.92
2118.92
5387.80
5387.80
973.67
973.67
23.82
23.82
5315.93
5315.93
1677.48
1677.48
2994.97
2994.97
5404.26
5404.26
5026.06
5026.06
1760.08
1760.08
3122.08
3122.08
1640.89
1640.89
3712.46
3712.46
2910.59
2910.59
2030.39
2030.39
4622.06
4622.06
376.19
376.19
5108.24
5108.24
1027.67
1027.67
2085.95
2085.95
5046.66
5046.66
5519.24
5519.24
4144.51
4144.51
4416.57
4416.57
5381.41
5381.41
189.79
189.79
2771.64
2771.64
5135.22
5135.22
3651.54
3651.54
2801.20
2801.20
5020.26
5020.26
4659.20
4659.20
4893.35
4893.35
3682.75
3682.75
1256.29
1256.29
189.81
189.81
3978.65
3978.65
3327.00
3327.00
2082.88
2082.88
1663.43
1663.43
4888.09
4888.09
133.26
133.26
277.26
277.26
2176.93
2176.93
1118.62
1118.62
5658.85
5658.85
5199.93
5199.93
793.71
793.71
3683.98
3683.98
819.00
819.00
4653.46
4653.46
901.24
901.24
5352.86
5352.86
1170.04
1170.04
2858.95
2858.95
2110.63
2110.63
5305.93
5305.93
2416.71
2416.71
3081.24
3081.24
5318.01
5318.01
1622.16
1622.16
1746.11
1746.11
1802.41
1802.41
5161.86
5161.86
783.55
783.55
2871.92
2871.92
5202.14
5202.14
2015.50
2015.50
5160.20
5160.20
5037.63
5037.63
5211.64
5211.64
5121.14
5121.14
3367.34
3367.34
4379.95
4379.95
3828.67
3828.67
5363.05
5363.05
3052.10
3052.10
4986.71
4986.71
2621.38
2621.38
2113.75
2113.75
2506.15
2506.15
5424.93
5424.93
242.82
242.82
5455.56
5455.56
5387.06
5387.06
5073.36
5073.36
2134.25
2134.25
3850.57
3850.57
463.53
463.53
5320.87
5320.87
4437.04
4437.04
2519.82
2519.82
5383.56
5383.56
175.44
175.44
1410.57
1410.57
4981.46
4981.46
1770.47
1770.47
4064.36
4064.36
1622.93
1622.93
5344.63
5344.63
40.64
40.64
3740.67
3740.67
152.81
152.81
2112.35
2112.35
4538.29
4538.29
1856.02
1856.02
5597.31
5597.31
5274.73
5274.73
974.61
974.61
2286.85
2286.85
3549.24
3549.24
2641.39
2641.39
1772.92
1772.92
5477.82
5477.82
5191.09
5191.09
2162.51
2162.51
5327.02
5327.02
2056.00
2056.00
124.00
124.00
3059.82
3059.82
1366.56
1366.56
2098.22
2098.22
2513.62
2513.62
1574.18
1574.18
5169.95
5169.95
5435.36
5435.36
5275.72
5275.72
1678.52
1678.52
995.97
995.97
2040.62
2040.62
4787.83
4787.83
4115.04
4115.04
4738.27
4738.27
5356.92
5356.92
1589.00
1589.00
3187.27
3187.27
3191.03
3191.03
4669.21
4669.21
5463.62
5463.62
2476.97
2476.97
3817.27
3817.27
2631.24
2631.24
5440.24
5440.24
2714.60
2714.60
2098.43
2098.43
4385.69
4385.69
4142.85
4142.85
3081.74
3081.74
5131.82
5131.82
4521.19
4521.19
5620.56
5620.56
1667.63
1667.63
2828.68
2828.68
4436.63
4436.63
1189.37
1189.37
1408.49
1408.49
2676.65
2676.65
5359.66
5359.66
2124.47
2124.47
5895.33
5895.33
3393.88
3393.88
5046.19
5046.19
5451.10
5451.10
5451.10
5451.10
2926.68
2926.68
4993.60
4993.60
3439.88
3439.88
5479.63
5479.63
5136.02
5136.02
3800.22
3800.22
5322.53
5322.53
5511.77
5511.77
5094.29
5094.29
5558.28
5558.28
5402.77
5402.77
5513.39
5513.39
4687.10
4687.10
5137.85
5137.85
4787.99
4787.99
4879.37
4879.37
5468.41
5468.41
5091.54
5091.54
3708.57
3708.57
4642.24
4642.24
3532.75
3532.75
5006.75
5006.75
5454.31
5454.31
4324.32
4324.32
5191.99
5191.99
5543.82
5543.82
4066.47
4066.47
4337.35
4337.35
2903.44
2903.44
619.70
619.70
2994.25
2994.25
5875.84
5875.84
5167.94
5167.94
5347.69
5347.69
3603.14
3603.14
6033.81
6033.81
5237.12
5237.12
4924.21
4924.21
485.34
485.34
5514.18
5514.18
5401.38
5401.38
3106.25
3106.25
5332.53
5332.53
4079.32
4079.32
5096.01
5096.01
5070.23
5070.23
2811.37
2811.37
2099.12
2099.12
3220.90
3220.90
5152.24
5152.24
5398.44
5398.44
4755.89
4755.89
5066.96
5066.96
984.25
984.25
2932.75
2932.75
4640.08
4640.08
2064.85
2064.85
547.40
547.40
137.36
137.36
4923.60
4923.60
2709.39
2709.39
4433.41
4433.41
5081.08
5081.08
3359.96
3359.96
4211.49
4211.49
4666.53
4666.53
2143.08
2143.08
4947.31
4947.31
2092.46
2092.46
3482.80
3482.80
1063.44
1063.44
4728.81
4728.81
5366.83
5366.83
5202.82
5202.82
4996.26
4996.26
5588.48
5588.48
4256.06
4256.06
2818.89
2818.89
4498.19
4498.19
4869.91
4869.91
2020.53
2020.53
786.03
786.03
5548.03
5548.03
5325.27
5325.27
1262.71
1262.71
2001.03
2001.03
5346.83
5346.83
2709.44
2709.44
4670.09
4670.09
2913.50
2913.50
5430.91
5430.91
233.80
233.80
3105.24
3105.24
3656.24
3656.24
1877.95
1877.95
5420.37
5420.37
2631.64
2631.64
5105.08
5105.08
4633.38
4633.38
1402.52
1402.52
5454.17
5454.17
4255.22
4255.22
2786.67
2786.67
935.28
935.28
336.11
336.11
785.99
785.99
5199.48
5199.48
4625.41
4625.41
775.84
775.84
5650.47
5650.47
1832.48
1832.48
126.63
126.63
5012.86
5012.86
5014.04
5014.04
5435.15
5435.15
92.08
92.08
3818.91
3818.91
4506.26
4506.26
5468.11
5468.11
4952.53
4952.53
3379.68
3379.68
1049.27
1049.27
2927.83
2927.83
3136.18
3136.18
185.81
185.81
4331.33
4331.33
2122.02
2122.02
5364.17
5364.17
2946.88
2946.88
705.68
705.68
5351.94
5351.94
4472.87
4472.87
3309.15
3309.15
5160.16
5160.16
2790.05
2790.05
1258.08
1258.08
1845.45
1845.45
2214.15
2214.15
5007.85
5007.85
2497.58
2497.58
2519.47
2519.47
3704.52
3704.52
5081.14
5081.14
2709.01
2709.01
1682.96
1682.96
2031.13
2031.13
2907.91
2907.91
4605.37
4605.37
3750.11
3750.11
4651.59
4651.59
2173.89
2173.89
2303.13
2303.13
4484.19
4484.19
3295.01
3295.01
4975.83
4975.83
5639.45
5639.45
509.92
509.92
2482.76
2482.76
1419.29
1419.29
5418.58
5418.58
5912.51
5912.51
5286.05
5286.05
5684.42
5684.42
5617.68
5617.68
2422.83
2422.83
1051.27
1051.27
1302.71
1302.71
1136.73
1136.73
5429.33
5429.33
2124.01
2124.01
2124.01
2124.01
787.97
787.97
2753.54
2753.54
240.88
240.88
2160.22
2160.22
3232.18
3232.18
5276.84
5276.84
5183.08
5183.08
4847.66
4847.66
4773.13
4773.13
5363.33
5363.33
3223.67
3223.67
2980.40
2980.40
5372.02
5372.02
5161.40
5161.40
4177.57
4177.57
2075.15
2075.15
1754.79
1754.79
4340.55
4340.55
4340.55
4340.55
5495.14
5495.14
1031.04
1031.04
2190.86
2190.86
3758.74
3758.74
4514.44
4514.44
1377.49
1377.49
4708.31
4708.31
5606.39
5606.39
5381.02
5381.02
711.86
711.86
4923.87
4923.87
2361.65
2361.65
2881.39
2881.39
5284.55
5284.55
5284.55
5284.55
5251.15
5251.15
322.21
322.21
5280.53
5280.53
5261.88
5261.88
4513.12
4513.12
5205.82
5205.82
5357.59
5357.59
2921.02
2921.02
3707.57
3707.57
2788.87
2788.87
4228.92
4228.92
453.40
453.40
5124.56
5124.56
4940.89
4940.89
2918.19
2918.19
5404.77
5404.77
5084.93
5084.93
1979.67
1979.67
5498.32
5498.32
4963.14
4963.14
5567.01
5567.01
5651.86
5651.86
2134.42
2134.42
4818.81
4818.81
5732.00
5732.00
562.60
562.60
429.57
429.57
1647.81
1647.81
2830.32
2830.32
5300.24
5300.24
5482.78
5482.78
5195.13
5195.13
120.75
120.75
5021.59
5021.59
5410.97
5410.97
4952.05
4952.05
4749.01
4749.01
4093.34
4093.34
2655.36
2655.36
5722.70
5722.70
5024.76
5024.76
2123.55
2123.55
5616.19
5616.19
5295.70
5295.70
206.15
206.15
4560.31
4560.31
3212.52
3212.52
3610.23
3610.23
1191.61
1191.61
4254.99
4254.99
4634.28
4634.28
4657.51
4657.51
4685.96
4685.96
4808.74
4808.74
5258.53
5258.53
801.85
801.85
5660.54
5660.54
2310.74
2310.74
629.88
629.88
4913.00
4913.00
4913.00
685.43
1601.16
1601.16
1601.16
2441.50
2441.50
2745.17
569.70
569.70
569.70
2026.69
4631.15
4631.15
1383.45
1383.45
1383.45
3576.13
3576.13
5290.31
5290.31
112.00
112.00
2512.66
2512.66
1176.01
1176.01
4845.27
4845.27
2008.98
2008.98
3705.98
3705.98
102.76
102.76
4902.48
4902.48
2248.36
2248.36
4127.28
4127.28
5328.11
5328.11
5607.14
5607.14
3772.91
3772.91
4738.90
4738.90
4581.75
4581.75
5136.40
5136.40
2127.09
2127.09
4411.02
4411.02
3326.17
3326.17
2110.69
2110.69
703.87
703.87
5186.77
5186.77
3089.68
3089.68
2416.94
2416.94
5554.64
5554.64
4164.35
4164.35
5956.80
5956.80
4470.73
4470.73
4710.35
4710.35
5250.68
5250.68
1134.24
1134.24
4792.58
4792.58
1061.39
1061.39
2125.87
2125.87
5377.59
5377.59
2956.36
2956.36
2685.66
2685.66
4888.42
4888.42
5149.15
5149.15
3722.83
3722.83
4926.89
4926.89
1108.80
1108.80
2917.52
2917.52
2575.56
2575.56
5211.32
5211.32
5367.55
5367.55
1332.85
1332.85
2895.58
2895.58
3518.73
3518.73
5450.73
5450.73
5082.14
5082.14
1480.89
1480.89
5337.21
5337.21
1965.30
1965.30
2032.51
2032.51
3413.45
3413.45
4533.69
4533.69
5520.94
5520.94
147.75
147.75
4738.63
4738.63
1397.62
1397.62
4600.51
4600.51
3937.74
3937.74
5416.50
5416.50
3813.33
3813.33
3208.61
3208.61
2580.04
2580.04
2843.41
2843.41
4927.03
4927.03
2080.14
2080.14
5319.09
5319.09
2834.08
2834.08
1680.56
1680.56
4655.27
4655.27
4869.68
4869.68
4887.54
4887.54
6064.13
6064.13
2912.42
2912.42
4123.40
4123.40
5201.24
5201.24
5623.93
5623.93
5362.53
5362.53
2771.15
2771.15
5666.57
5666.57
3994.65
3994.65
4799.32
4799.32
4302.25
4302.25
2010.16
2010.16
4706.96
4706.96
4906.65
4906.65
5317.90
5317.90
5103.29
5103.29
2142.42
2142.42
5425.15
5425.15
3154.55
3154.55
4600.92
4600.92
5035.19
5035.19
5385.64
5385.64
5273.77
5273.77
5207.02
5207.02
5291.99
5291.99
5172.17
5172.17
4276.87
4276.87
5603.91
5603.91
5324.88
5324.88
4506.81
4506.81
5231.15
5231.15
5343.94
5343.94
3790.21
3790.21
1403.42
1403.42
2045.23
2045.23
3730.66
3730.66
3749.70
3749.70
4142.87
4142.87
5167.46
5167.46
1619.37
1619.37
3707.32
3707.32
3820.01
3820.01
3820.01
3820.01
3725.70
3725.70
4859.72
4859.72
4202.17
4202.17
4894.40
4894.40
4894.40
4894.40
4894.40
4894.40
4894.40
4894.40
4894.40
4894.40
4894.40
4894.40
1061.67
1061.67
2201.95
2201.95
2964.78
2964.78
5116.53
5116.53
1578.75
1578.75
4640.35
4640.35
4695.16
4695.16
287.39
287.39
3772.13
3772.13
2891.22
2891.22
5507.83
5507.83
2533.00
2533.00
5414.45
5414.45
4083.09
4083.09
5529.72
5529.72
3150.37
3150.37
1168.14
1168.14
2927.58
2927.58
5486.61
5486.61
4879.21
4879.21
2304.81
2304.81
3185.36
3185.36
2247.41
2247.41
5481.00
5481.00
469.25
469.25
4427.26
4427.26
1395.39
1395.39
4971.42
4971.42
3379.75
3379.75
2223.25
2223.25
2413.47
2413.47
2783.76
2783.76
4950.51
4950.51
4892.41
4892.41
5019.66
5019.66
3071.96
3071.96
5474.24
5474.24
3071.92
3071.92
5458.13
5458.13
4117.25
4117.25
5110.36
5110.36
5175.17
5175.17
2869.92
2869.92
5291.62
5291.62
5485.08
5485.08
3132.02
3132.02
2438.56
2438.56
5224.15
5224.15
1740.64
1740.64
5596.15
5596.15
516.59
516.59
4290.78
4290.78
2922.51
2922.51
2776.73
2776.73
2467.02
2467.02
4162.09
4162.09
4740.11
4740.11
5442.66
5442.66
4658.72
4658.72
380.95
380.95
749.17
749.17
2126.80
2126.80
815.17
815.17
2171.95
2171.95
5515.85
5515.85
2676.46
2676.46
563.38
563.38
381.27
381.27
1969.98
1969.98
907.32
907.32
4082.32
4082.32
4824.62
4824.62
4799.72
4799.72
2842.84
2842.84
5391.03
5391.03
282.57
282.57
3069.96
3069.96
2459.54
2459.54
2551.20
2551.20
4619.17
4619.17
1538.23
1538.23
509.09
509.09
5309.20
5309.20
479.21
479.21
422.60
422.60
4307.59
4307.59
4197.92
4197.92
5298.31
5298.31
5081.37
5081.37
1166.62
1166.62
5444.00
5444.00
5471.48
5471.48
5182.50
5182.50
3888.20
3888.20
5524.89
5524.89
5665.90
5665.90
5210.66
5210.66
2130.68
2130.68
2212.37
2212.37
3084.77
3084.77
2398.22
2398.22
2923.28
2923.28
33.51
33.51
5558.74
5558.74
1893.45
1893.45
4790.28
4790.28
3033.75
3033.75
3551.64
3551.64
5004.13
5004.13
4528.50
4528.50
5234.69
5234.69
5557.10
5557.10
857.79
857.79
4339.71
4339.71
5206.24
5206.24
4792.07
4792.07
2221.94
2221.94
4609.11
4609.11
4936.43
4936.43
4742.41
4742.41
1824.54
1824.54
2037.57
2037.57
2931.72
2931.72
2679.70
2679.70
4932.81
4932.81
1232.67
1232.67
2093.02
2093.02
942.61
942.61
5623.98
5623.98
3141.68
3141.68
3225.92
3225.92
5509.69
5509.69
1780.98
1780.98
2098.84
2098.84
4003.87
4003.87
5461.23
5461.23
3540.94
3540.94
3144.98
3144.98
5602.16
5602.16
5148.37
5148.37
5729.00
5729.00
4957.59
4957.59
3036.60
3036.60
1452.59
1452.59
5332.72
5332.72
5802.44
5802.44
5481.79
5481.79
4919.77
4919.77
4346.82
4346.82
5217.61
5217.61
5372.17
5372.17
3953.94
3953.94
1676.33
1676.33
3318.55
3318.55
2707.46
2707.46
3643.59
3643.59
4619.97
4619.97
5433.34
5433.34
4970.47
4970.47
5246.12
5246.12
4981.66
4981.66
959.52
959.52
1907.08
1907.08
4985.88
4985.88
3064.99
3064.99
1060.57
1060.57
250.58
250.58
5133.00
5133.00
5121.07
5121.07
1458.78
1458.78
5073.54
5073.54
2119.40
2119.40
4181.52
4181.52
4411.83
4411.83
3044.78
3044.78
4962.41
4962.41
2784.37
2784.37
1224.98
1224.98
2644.50
2644.50
1237.82
1237.82
847.83
847.83
2318.93
2318.93
4999.86
4999.86
5363.44
5363.44
565.04
565.04
5011.74
5011.74
4906.66
4906.66
5077.07
5077.07
2395.60
2395.60
1604.46
1604.46
5396.12
5396.12
3390.77
3390.77
4708.96
4708.96
3423.81
3423.81
2934.89
2934.89
5280.65
5280.65
1163.04
1163.04
4768.92
4768.92
3908.85
3908.85
1074.72
1074.72
2647.06
2647.06
5404.25
5404.25
2726.15
2726.15
1538.09
1538.09
2964.70
2964.70
4633.60
4633.60
3785.99
3785.99
5223.53
5223.53
4702.55
4702.55
1933.61
1933.61
4696.65
4696.65
1149.70
1149.70
2350.23
2350.23
5296.84
5296.84
5487.26
5487.26
2630.79
2630.79
5165.51
5165.51
2154.36
2154.36
1360.48
1360.48
2452.42
2452.42
5479.98
5479.98
303.68
303.68
843.91
843.91
49.99
49.99
1963.83
1963.83
1051.75
1051.75
5035.81
5035.81
27.43
27.43
2092.71
2092.71
146.08
146.08
5283.25
5283.25
5274.43
5274.43
5365.97
5365.97
5275.37
5275.37
5220.86
5220.86
5440.66
5440.66
1240.96
1240.96
3797.18
3797.18
3280.74
3280.74
4882.83
4882.83
4820.93
4820.93
2127.26
2127.26
10.00
10.00
1838.51
1838.51
3659.95
3659.95
26.81
26.81
5504.56
5504.56
395.79
395.79
2372.16
2372.16
5782.98
5782.98
601.05
601.05
456.59
456.59
1252.57
1252.57
2111.89
2111.89
842.49
842.49
2732.90
2732.90
1368.58
1368.58
253.04
253.04
4101.91
4101.91
808.40
808.40
1667.60
1667.60
1090.59
1090.59
2268.68
2268.68
1792.13
1792.13
2083.61
2083.61
2262.82
2262.82
5197.21
5197.21
2912.57
2912.57
2912.72
2912.72
405.11
405.11
2819.84
2819.84
5206.75
5206.75
5392.98
5392.98
833.93
833.93
2126.62
2126.62
5025.88
5025.88
3374.18
3374.18
4873.64
4873.64
3675.67
3675.67
1179.89
1179.89
2603.16
2603.16
4524.69
4524.69
3137.43
3137.43
5477.73
5477.73
615.58
615.58
5337.51
5337.51
4848.10
4848.10
317.12
317.12
5547.49
5547.49
1971.00
1971.00
1019.54
1019.54
2382.87
2382.87
5160.61
5160.61
2462.21
2462.21
3065.30
3065.30
22.83
22.83
3397.83
3397.83
1660.03
1660.03
5331.28
5331.28
1408.44
1408.44
4441.46
4441.46
3681.28
3681.28
4429.63
4429.63
5726.87
5726.87
3904.23
3904.23
2334.07
2334.07
2931.41
2931.41
2776.85
2776.85
1763.96
1763.96
1087.08
1087.08
4538.98
4538.98
5055.46
5055.46
379.36
379.36
5534.94
5534.94
4720.62
4720.62
3134.46
3134.46
4654.74
4654.74
3252.73
3252.73
1115.52
1115.52
4845.13
4845.13
1934.57
1934.57
1308.94
1308.94
2016.05
2016.05
5552.70
5552.70
2745.73
2745.73
5435.04
5435.04
379.75
379.75
5258.52
5258.52
4706.22
4706.22
4706.22
5192.06
5192.06
1978.47
666.81
666.81
666.81
4311.83
5254.65
5254.65
5254.65
2506.66
2506.66
3113.47
1337.27
1337.27
1337.27
4195.15
4195.15
2128.03
1978.76
1978.76
1978.76
756.25
756.25
5495.18
5495.18
3546.47
3546.47
2772.70
2772.70
2886.75
2886.75
1047.74
1047.74
4758.24
4758.24
4042.18
4042.18
3011.66
3011.66
5276.03
5276.03
3305.88
3305.88
2094.71
2094.71
2947.55
2947.55
4506.69
4506.69
5164.56
5164.56
1628.81
1628.81
3700.23
3700.23
3489.77
3489.77
4243.96
4243.96
1018.35
1018.35
4662.98
4662.98
2718.60
2718.60
223.61
223.61
2021.56
2021.56
4656.51
4656.51
3865.65
3865.65
3145.87
3145.87
4902.33
4902.33
3104.69
3104.69
5037.26
5037.26
4450.64
4450.64
2662.85
2662.85
2808.78
2808.78
5131.26
5131.26
4916.42
4916.42
1822.99
1822.99
4611.07
4611.07
1642.27
1642.27
5163.90
5163.90
2863.78
2863.78
2775.17
2775.17
5288.60
5288.60
5288.60
5288.60
3748.48
3748.48
3365.86
3365.86
2425.96
2425.96
4406.93
4406.93
4377.24
4377.24
4709.13
4709.13
3446.10
3446.10
3824.31
3824.31
3030.44
3030.44
3588.16
3588.16
1721.33
1721.33
4515.38
4515.38
4623.09
4623.09
1299.75
1299.75
4657.75
4657.75
4657.75
4657.75
2870.32
2870.32
4132.10
4132.10
4585.38
4585.38
2101.37
2101.37
3680.45
3680.45
2726.48
2726.48
4535.57
4535.57
4924.68
4924.68
3255.16
3255.16
4403.57
4403.57
2501.93
2501.93
4796.15
4796.15
367.57
367.57
3615.30
3615.30
3410.76
3410.76
5747.29
5747.29
4567.75
4567.75
4385.12
4385.12
2950.27
2950.27
1977.32
1977.32
4567.23
4567.23
3274.59
3274.59
2411.85
2411.85
4058.08
4058.08
5030.33
5030.33
5048.86
5048.86
3738.94
3738.94
4933.24
4933.24
4431.47
4431.47
5063.41
5063.41
4721.99
4721.99
1985.71
1985.71
4088.97
4088.97
4204.49
4204.49
3719.32
3719.32
2967.72
2967.72
3618.39
3618.39
4421.02
4421.02
3715.55
3715.55
627.55
627.55
4373.23
4373.23
1959.13
1959.13
3611.83
3611.83
2841.83
2841.83
4468.88
4468.88
62.05
62.05
5092.93
5092.93
5972.61
5972.61
548.65
548.65
680.07
680.07
2732.45
2732.45
4361.79
4361.79
4719.53
4719.53
1826.41
1826.41
261.15
261.15
3854.88
3854.88
882.68
882.68
2225.76
2225.76
3982.20
3982.20
3291.68
3291.68
3614.03
3614.03
437.06
437.06
1106.14
1106.14
1521.39
1521.39
2507.18
2507.18
2203.14
2203.14
703.16
703.16
3181.77
3181.77
5215.86
5215.86
3284.96
3284.96
664.80
664.80
1665.47
1665.47
2001.85
2001.85
4501.16
4501.16
2312.63
2312.63
3555.70
3555.70
4157.81
4157.81
4855.46
4855.46
928.94
928.94
250.85
250.85
2033.58
2033.58
4376.74
4376.74
3434.17
3434.17
1489.76
1489.76
61.87
61.87
5187.17
5187.17
2841.86
2841.86
4927.32
4927.32
2819.98
2819.98
2930.01
2930.01
3552.33
3552.33
3069.10
3069.10
4696.05
4696.05
3340.20
3340.20
5506.46
5506.46
1059.80
1059.80
2009.59
2009.59
4183.25
4183.25
2640.68
2640.68
5121.10
5121.10
4279.06
4279.06
1752.97
1752.97
2791.36
2791.36
1967.00
1967.00
4348.18
4348.18
5551.14
5551.14
57.40
57.40
404.12
404.12
4027.34
4027.34
4282.64
4282.64
2979.45
2979.45
4822.11
4822.11
4307.44
4307.44
4007.54
4007.54
1517.26
1517.26
843.67
843.67
2648.76
2648.76
4335.31
4335.31
4469.95
4469.95
4258.05
4258.05
4793.22
4793.22
5438.50
5438.50
113.49
113.49
5512.55
5512.55
1594.82
1594.82
3469.29
3469.29
1729.45
1729.45
2774.78
2774.78
4357.81
4357.81
3178.67
3178.67
2435.56
2435.56
4875.03
4875.03
4178.06
4178.06
2951.98
2951.98
1061.91
1061.91
4286.00
4286.00
1097.91
1097.91
2989.94
2989.94
2547.95
2547.95
3223.58
3223.58
4089.35
4089.35
4799.78
4799.78
2292.19
2292.19
4062.33
4062.33
4405.10
4405.10
1252.47
1252.47
5138.03
5138.03
5334.19
5334.19
5481.54
5481.54
3940.03
3940.03
1543.29
1543.29
4999.36
4999.36
1725.38
1725.38
4193.73
4193.73
2672.01
2672.01
5396.92
5396.92
4578.47
4578.47
4783.14
4783.14
1665.67
1665.67
3066.88
3066.88
1665.00
1665.00
2103.44
2103.44
4221.73
4221.73
2052.12
2052.12
285.24
285.24
3572.94
3572.94
3707.63
3707.63
4220.33
4220.33
4668.70
4668.70
3942.82
3942.82
3195.10
3195.10
4694.56
4694.56
2809.76
2809.76
2220.06
2220.06
4527.11
4527.11
4727.83
4727.83
2715.05
2715.05
5563.35
5563.35
3101.04
3101.04
4743.58
4743.58
3552.53
3552.53
3076.28
3076.28
5362.02
5362.02
5049.58
5049.58
4259.54
4259.54
4339.41
4339.41
297.00
297.00
4185.84
4185.84
1419.63
1419.63
3017.58
3017.58
3785.65
3785.65
4474.71
4474.71
4513.55
4513.55
4956.48
4956.48
5379.26
5379.26
2733.19
2733.19
4354.98
4354.98
4852.22
4852.22
529.98
529.98
2140.61
2140.61
1377.76
1377.76
1004.11
1004.11
2669.43
2669.43
5298.65
5298.65
3252.66
3252.66
4504.41
4504.41
2005.67
2005.67
671.81
671.81
4243.86
4243.86
67.86
67.86
2164.31
2164.31
1866.76
1866.76
4752.96
4752.96
3613.66
3613.66
3011.87
3011.87
5130.88
5130.88
4284.78
4284.78
3778.00
3778.00
2726.81
2726.81
1269.97
1269.97
5079.97
5079.97
3994.30
3994.30
4634.72
4634.72
4404.74
4404.74
2372.43
2372.43
628.59
628.59
175.41
175.41
4767.29
4767.29
2255.24
2255.24
2072.80
2072.80
2016.44
2016.44
4586.16
4586.16
5125.15
5125.15
4971.54
4971.54
2482.50
2482.50
1232.79
1232.79
93.97
93.97
1078.11
1078.11
4921.97
4921.97
5433.50
5433.50
4449.09
4449.09
214.88
214.88
5792.95
5792.95
1722.13
1722.13
4002.64
4002.64
1856.71
1856.71
3652.65
3652.65
5309.17
5309.17
1633.07
1633.07
4594.39
4594.39
175.19
175.19
5171.50
5171.50
1816.90
1816.90
1773.48
1773.48
3444.20
3444.20
59.32
59.32
3620.06
3620.06
1000.26
1000.26
309.12
309.12
365.06
365.06
506.47
506.47
2599.28
2599.28
2734.70
2734.70
5199.94
5199.94
879.32
879.32
981.60
981.60
5386.65
5386.65
4786.94
4786.94
3879.13
3879.13
1451.73
1451.73
52.91
52.91
1886.12
1886.12
1495.72
1495.72
2094.94
2094.94
926.47
926.47
914.90
914.90
4171.57
4171.57
3537.56
3537.56
4369.59
4369.59
4811.04
4811.04
1333.71
1333.71
1954.80
1954.80
4563.48
4563.48
4223.83
4223.83
1035.72
1035.72
231.08
231.08
4731.51
4731.51
343.98
343.98
2320.53
2320.53
829.66
829.66
2435.61
2435.61
3243.07
3243.07
4905.93
4905.93
2367.23
2367.23
5125.73
5125.73
1910.92
1910.92
4306.32
4306.32
2239.13
2239.13
4100.44
4100.44
1856.30
1856.30
1784.17
1784.17
4878.24
4878.24
832.61
832.61
325.04
325.04
2055.15
2055.15
1649.07
1649.07
878.44
878.44
1930.73
1930.73
3274.20
3274.20
2034.32
2034.32
4508.66
4508.66
590.66
590.66
339.99
339.99
760.34
760.34
1896.35
1896.35
4500.11
4500.11
4749.84
4749.84
4551.25
4551.25
3387.11
3387.11
2187.99
2187.99
2755.57
2755.57
4629.15
4629.15
4672.19
4672.19
4904.68
4904.68
4264.68
4264.68
870.13
870.13
763.22
763.22
3649.32
3649.32
23.65
23.65
843.24
843.24
5041.90
5041.90
2851.48
2851.48
3758.30
3758.30
4984.31
4984.31
1424.87
1424.87
4764.01
4764.01
4795.50
4795.50
5334.76
5334.76
5223.98
5223.98
405.57
405.57
5625.17
5625.17
4422.67
4422.67
5011.12
5011.12
3830.96
3830.96
4822.66
4822.66
2022.62
2022.62
2409.32
2409.32
4653.00
4653.00
3692.36
3692.36
321.71
321.71
4491.07
4491.07
1724.11
1724.11
318.69
318.69
5111.77
5111.77
4107.76
4107.76
4686.12
4686.12
174.64
174.64
4827.48
4827.48
538.86
538.86
1777.11
1777.11
1176.75
1176.75
4276.12
4276.12
4911.41
4911.41
3392.99
3392.99
4529.03
4529.03
4183.98
4183.98
4919.14
4919.14
4222.61
4222.61
5675.82
5675.82
2089.43
2089.43
4242.73
4242.73
5229.86
5229.86
2680.92
2680.92
4827.85
4827.85
55.21
55.21
2357.13
2357.13
1788.76
1788.76
3253.41
3253.41
5121.85
5121.85
2126.27
2126.27
4333.57
4333.57
315.71
315.71
4464.63
4464.63
2290.32
2290.32
23.73
23.73
4798.57
4798.57
5114.22
5114.22
2544.79
2544.79
3068.42
3068.42
5793.13
5793.13
5587.39
5587.39
5042.90
5042.90
3560.84
3560.84
5122.19
5122.19
4572.26
4572.26
5266.20
5266.20
5232.05
5232.05
1965.17
1965.17
4873.10
4873.10
313.93
313.93
553.21
553.21
4309.11
4309.11
5179.12
5179.12
1990.88
1990.88
4025.05
4025.05
4415.38
4415.38
1159.11
1159.11
4678.53
4678.53
2568.58
2568.58
4385.12
4385.12
4012.63
4012.63
3735.26
3735.26
4660.60
4660.60
2461.42
2461.42
2644.39
2644.39
2384.33
2384.33
1720.68
1720.68
5495.94
5495.94
2341.74
2341.74
567.65
567.65
5213.19
5213.19
1740.56
1740.56
2026.69
2026.69
1555.62
1555.62
3199.11
3199.11
4261.99
4261.99
682.79
682.79
2402.76
2402.76
4587.75
4587.75
2614.97
2614.97
4600.75
4600.75
4600.75
2042.40
3885.61
3885.61
4636.43
4636.43
4636.43
1814.49
4289.01
4289.01
4289.01
2392.86
2392.86
3962.88
774.72
774.72
774.72
2154.55
2154.55
431.04
431.04
3577.96
3577.96
5222.90
5222.90
3103.45
3103.45
3019.63
3019.63
4598.24
4598.24
4796.03
4796.03
4586.09
4586.09
3019.53
3019.53
2783.58
2783.58
241.64
241.64
4866.84
4866.84
5582.88
5582.88
4848.26
4848.26
3984.42
3984.42
4357.09
4357.09
3955.27
3955.27
299.85
299.85
4940.89
4940.89
1991.48
1991.48
1622.25
1622.25
1764.86
1764.86
3640.92
3640.92
1784.26
1784.26
229.53
229.53
173.35
173.35
1493.33
1493.33
2092.62
2092.62
4419.70
4419.70
5028.70
5028.70
1864.05
1864.05
2409.30
2409.30
415.20
415.20
359.12
359.12
126.37
126.37
430.87
430.87
769.11
769.11
2524.77
2524.77
4367.26
4367.26
4640.55
4640.55
3247.52
3247.52
4947.01
4947.01
2993.93
2993.93
3193.37
3193.37
4438.56
4438.56
2221.02
2221.02
934.76
934.76
2428.98
2428.98
3235.37
3235.37
3778.94
3778.94
1829.59
1829.59
4516.01
4516.01
4269.26
4269.26
1262.14
1262.14
4381.99
4381.99
5058.19
5058.19
59.18
59.18
1519.49
1519.49
589.14
589.14
1738.98
1738.98
1807.31
1807.31
2204.27
2204.27
1611.43
1611.43
4857.08
4857.08
4907.71
4907.71
4436.81
4436.81
5033.12
5033.12
4832.47
4832.47
4944.04
4944.04
2830.19
2830.19
2374.47
2374.47
2223.01
2223.01
1076.62
1076.62
4007.75
4007.75
5042.75
5042.75
1444.19
1444.19
648.74
648.74
1767.56
1767.56
2768.08
2768.08
508.07
508.07
75.07
75.07
3295.29
3295.29
2157.10
2157.10
565.68
565.68
4413.03
4413.03
2743.36
2743.36
5439.35
5439.35
4209.02
4209.02
3751.03
3751.03
193.28
193.28
2015.19
2015.19
1710.21
1710.21
2045.69
2045.69
3637.91
3637.91
4962.56
4962.56
3607.06
3607.06
1170.97
1170.97
2136.28
2136.28
3657.54
3657.54
3444.28
3444.28
3169.05
3169.05
2880.41
2880.41
4799.15
4799.15
2456.81
2456.81
4528.48
4528.48
5475.91
5475.91
139.42
139.42
5398.58
5398.58
4960.60
4960.60
4838.20
4838.20
2778.64
2778.64
5236.66
5236.66
2002.58
2002.58
5350.79
5350.79
997.43
997.43
5357.11
5357.11
558.02
558.02
352.96
352.96
2748.14
2748.14
4206.08
4206.08
939.66
939.66
2512.49
2512.49
3254.62
3254.62
5062.26
5062.26
2560.87
2560.87
5121.36
5121.36
2914.88
2914.88
4364.14
4364.14
2901.61
2901.61
4973.25
4973.25
4857.63
4857.63
3099.26
3099.26
3257.09
3257.09
451.46
451.46
5241.16
5241.16
5588.77
5588.77
3194.95
3194.95
5588.18
5588.18
5451.06
5451.06
5063.72
5063.72
2580.32
2580.32
4898.52
4898.52
5480.08
5480.08
3098.87
3098.87
4608.82
4608.82
2479.28
2479.28
4013.66
4013.66
4013.66
4013.66
5508.20
5508.20
5403.09
5403.09
4327.18
4327.18
4946.11
4946.11
4946.11
4946.11
3533.98
3533.98
1849.93
1849.93
5282.11
5282.11
5443.64
5443.64
2111.49
2111.49
5621.37
5621.37
4033.61
4033.61
5482.91
5482.91
5482.91
5482.91
5258.92
5258.92
4518.06
4518.06
1187.05
1187.05
87.80
87.80
633.29
633.29
31.06
31.06
5296.76
5296.76
2067.20
2067.20
5267.56
5267.56
4086.17
4086.17
5363.64
5363.64
5401.72
5401.72
4708.84
4708.84
938.93
938.93
4426.59
4426.59
4424.29
4424.29
3284.30
3284.30
3653.14
3653.14
182.25
182.25
2143.62
2143.62
61.93
61.93
881.98
881.98
178.41
178.41
3857.61
3857.61
4666.70
4666.70
2277.69
2277.69
1929.65
1929.65
2796.62
2796.62
2159.57
2159.57
666.36
666.36
128.61
128.61
4522.08
4522.08
5191.09
5191.09
5533.05
5533.05
4367.28
4367.28
20.41
20.41
5348.73
5348.73
2881.36
2881.36
5175.43
5175.43
4728.40
4728.40
4846.20
4846.20
4663.21
4663.21
1611.40
1611.40
2013.15
2013.15
679.80
679.80
462.13
462.13
533.23
533.23
5352.08
5352.08
2226.00
2226.00
5068.91
5068.91
2904.65
2904.65
10.00
10.00
3319.13
3319.13
1123.54
1123.54
4391.61
4391.61
2576.14
2576.14
4591.30
4591.30
2424.24
2424.24
2724.73
2724.73
5454.11
5454.11
5286.20
5286.20
4343.24
4343.24
1596.66
1596.66
5213.03
5213.03
1284.62
1284.62
2633.74
2633.74
5098.93
5098.93
5004.10
5004.10
3544.30
3544.30
2856.92
2856.92
5415.42
5415.42
480.41
480.41
5021.82
5021.82
2665.17
2665.17
1829.23
1829.23
5499.32
5499.32
3126.93
3126.93
4285.48
4285.48
3277.90
3277.90
3199.00
3199.00
4663.94
4663.94
5760.00
5760.00
2750.61
2750.61
3458.41
3458.41
5240.35
5240.35
2382.92
2382.92
5454.70
5454.70
5042.97
5042.97
3976.15
3976.15
627.78
627.78
28.88
28.88
5342.63
5342.63
5348.15
5348.15
2728.07
2728.07
4993.78
4993.78
5413.67
5413.67
5252.74
5252.74
1222.98
1222.98
2474.31
2474.31
3064.90
3064.90
1708.24
1708.24
4769.43
4769.43
1648.70
1648.70
5427.33
5427.33
1339.00
1339.00
5657.40
5657.40
5057.47
5057.47
5467.24
5467.24
1998.07
1998.07
5302.12
5302.12
2618.01
2618.01
5413.53
5413.53
2049.32
2049.32
5470.79
5470.79
5146.97
5146.97
4574.44
4574.44
5277.51
5277.51
5193.53
5193.53
2964.04
2964.04
5081.11
5081.11
4820.45
4820.45
4876.76
4876.76
5751.61
5751.61
5451.70
5451.70
1467.59
1467.59
3530.95
3530.95
1736.97
1736.97
2590.45
2590.45
76.12
76.12
5302.69
5302.69
4821.89
4821.89
5275.97
5275.97
3366.15
3366.15
5372.00
5372.00
5262.60
5262.60
5132.19
5132.19
1876.78
1876.78
5102.45
5102.45
5440.98
5440.98
2108.63
2108.63
5196.47
5196.47
5058.27
5058.27
5561.47
5561.47
5575.61
5575.61
2969.22
2969.22
1462.40
1462.40
2094.32
2094.32
5220.92
5220.92
3308.21
3308.21
4736.33
4736.33
5284.98
5284.98
999.14
999.14
2591.91
2591.91
5561.71
5561.71
4874.97
4874.97
4811.26
4811.26
5228.67
5228.67
5423.03
5423.03
2416.70
2416.70
595.41
595.41
144.96
144.96
3778.52
3778.52
3151.80
3151.80
2846.08
2846.08
3821.47
3821.47
3715.64
3715.64
719.89
719.89
6159.41
6159.41
4810.56
4810.56
886.85
886.85
691.64
691.64
4926.57
4926.57
306.40
306.40
4701.57
4701.57
3582.18
3582.18
2109.03
2109.03
3472.67
3472.67
514.96
514.96
4950.96
4950.96
1704.14
1704.14
2408.31
2408.31
3874.86
