# 1Hz Kbps trace generated by import_real_world_traces.py
1113.89
1113.89
526.06
526.06
807.77
807.77
950.85
1324.17
1324.17
198.51
198.51
1643.71
1643.71
1142.70
1142.70
1142.70
1142.70
1370.02
1370.02
1973.77
1973.77
79.71
79.71
906.25
906.25
1202.90
1202.90
2179.94
2179.94
1512.86
1512.86
2168.64
2168.64
435.91
435.91
1244.50
1244.50
438.83
438.83
1613.68
1613.68
236.24
236.24
236.24
930.95
930.95
930.95
10.00
10.00
10.00
10.65
1296.51
740.41
740.41
10.00
10.00
10.00
87.96
87.96
87.96
58.01
58.01
10.00
2583.16
218.83
3249.00
3249.00
2158.27
2158.27
639.52
639.52
1910.64
1910.64
728.79
728.79
2469.58
2469.58
1331.84
1331.84
1028.75
1028.75
150.57
150.57
3012.72
3012.72
439.20
439.20
10.00
10.00
10.00
130.52
130.52
130.52
29.31
29.31
29.31
10.00
10.00
25.00
25.00
1161.14
1161.14
285.25
10.00
10.00
440.71
440.71
10.00
10.00
365.99
365.99
10.00
10.00
892.41
892.41
10.00
10.00
10.00
10.00
10.00
10.00
3034.51
3034.51
421.62
421.62
1787.59
1787.59
804.54
804.54
10.00
10.00
110.90
110.90
358.91
358.91
1198.43
1198.43
61.95
61.95
451.08
451.08
451.08
21.91
21.91
26.54
26.54
58.77
45.54
45.54
12.02
12.02
10.00
10.00
209.98
209.98
209.98
12.57
777.19
777.19
236.97
236.97
304.94
304.94
10.00
10.00
4000.02
4000.02
10.00
10.00
181.27
181.27
446.03
446.03
10.00
10.00
1083.87
1083.87
190.27
190.27
355.27
355.27
355.27
59.50
59.50
1015.87
424.57
424.57
2057.95
2057.95
2057.95
2249.38
2249.38
2546.67
10.00
10.00
26.80
26.80
414.10
414.10
414.10
10.00
10.00
10.00
82.19
82.19
10.00
10.00
10.00
10.00
10.00
10.00
10.00
20.24
20.24
295.61
295.61
55.77
31.00
31.00
69.82
274.46
75.31
75.31
78.29
78.29
88.10
481.85
2527.94
2527.94
479.04
479.04
23.15
23.15
410.32
410.32
668.65
668.65
1223.15
1223.15
3002.84
3002.84
3002.84
3002.84
377.61
377.61
28.96
28.96
285.59
285.59
10.00
10.00
559.68
559.68
3239.06
3239.06
3047.97
3047.97
3047.97
3047.97
3047.97
3047.97
28.52
28.52
10.00
10.00
20.97
20.97
3807.57
3807.57
2236.73
2236.73
947.98
947.98
1394.08
1394.08
2011.98
2011.98
2251.33
2251.33
912.63
912.63
435.50
435.50
1016.40
1016.40
1016.40
1016.40
4290.75
4290.75
1943.19
1943.19
2150.02
2150.02
2231.98
2231.98
2231.98
2231.98
13.23
13.23
74.18
74.18
2204.43
2204.43
4120.88
4120.88
436.71
436.71
48.86
48.86
281.00
281.00
2188.16
2188.16
100.96
100.96
419.01
419.01
1949.91
1949.91
1214.89
1214.89
2187.26
2187.26
2187.26
2187.26
1022.29
1022.29
10.00
10.00
425.92
425.92
425.92
425.92
102.67
102.67
1530.30
1530.30
1530.30
1530.30
2103.58
2103.58
5308.78
5308.78
10.00
10.00
856.26
856.26
2088.64
2088.64
460.97
460.97
460.97
460.97
3792.17
3792.17
3792.17
3792.17
3792.17
3792.17
3792.17
3792.17
3792.17
3792.17
3792.17
3792.17
171.65
171.65
4015.90
4015.90
424.30
424.30
1784.74
1784.74
417.86
417.86
4005.20
4005.20
128.37
128.37
128.37
178.10
178.10
52.69
60.45
60.45
13.62
13.62
427.75
427.75
3593.97
3593.97
10.00
10.00
14.65
14.65
91.05
91.05
42.49
42.49
36.11
36.11
632.29
632.29
841.12
841.12
921.26
921.26
1232.07
1232.07
2052.57
2052.57
1575.87
1575.87
1575.87
1575.87
1575.87
1575.87
1575.87
2100.41
2100.41
2100.41
2100.41
227.54
227.54
3423.10
3423.10
3718.89
3718.89
156.77
156.77
109.81
109.81
52.00
52.00
53.89
53.89
33.27
33.27
16.56
10.00
10.00
10.00
150.92
150.92
150.92
24.77
24.77
24.77
18.51
18.51
18.51
18.51
18.51
10.00
115.75
115.75
10.00
495.84
222.19
10.00
1075.84
1075.84
187.50
187.50
10.00
10.00
10.00
10.00
10.00
10.00
156.72
156.72
10.00
10.00
30.95
30.95
36.92
36.92
36.92
36.92
10.00
10.00
549.07
549.07
10.00
60.70
60.70
40.49
40.49
36.16
10.00
10.00
56.50
56.50
20.77
20.77
10.00
10.00
447.18
447.18
10.71
10.71
102.92
102.92
1446.99
1446.99
86.33
86.33
398.22
398.22
908.05
908.05
3923.23
3923.23
3923.23
3923.23
10.00
10.00
1682.28
1682.28
825.86
825.86
10.00
10.00
1635.63
1635.63
26.25
26.25
10.00
10.00
62.23
62.23
418.75
418.75
227.17
227.17
2177.57
2177.57
2862.13
2862.13
1535.87
1535.87
1298.64
1298.64
233.42
233.42
1177.07
1177.07
393.13
393.13
794.25
794.25
1111.71
1111.71
2352.97
2352.97
2352.97
2352.97
40.50
40.50
3214.15
3214.15
3281.81
3281.81
3281.81
1410.93
4000.03
4000.03
21.30
21.30
10.00
10.00
5361.30
5361.30
4476.45
4476.45
4476.45
4476.45
4476.45
4476.45
1531.17
1531.17
2281.52
2281.52
2281.52
2281.52
31.32
31.32
10.00
10.00
1033.66
1033.66
3306.50
3306.50
412.52
412.52
1514.26
1514.26
2194.61
2194.61
2194.61
2194.61
2402.93
2402.93
2402.93
2402.93
2402.93
2402.93
2402.93
2402.93
2402.93
2402.93
2402.93
2402.93
5084.07
5084.07
5084.07
5084.07
5084.07
5084.07
5084.07
5084.07
5084.07
5084.07
84.61
84.61
2179.82
2179.82
410.99
410.99
520.55
520.55
540.30
540.30
300.74
300.74
549.25
549.25
760.93
760.93
938.79
938.79
929.51
929.51
1047.24
1047.24
1078.87
1078.87
26.09
26.09
45.41
45.41
311.59
311.59
691.77
691.77
691.77
691.77
26.34
26.34
1170.69
1170.69
1394.78
1394.78
40.44
40.44
1384.88
1384.88
10.00
10.00
472.40
472.40
746.48
746.48
67.51
67.51
21.50
21.50
1688.12
1688.12
393.92
393.92
166.45
166.45
436.60
436.60
10.00
10.00
838.19
838.19
838.19
313.62
313.62
841.25
411.90
411.90
26.04
26.04
26.04
150.18
389.85
389.85
29.47
29.47
216.10
216.10
1108.79
1108.79
1108.79
1108.79
10.00
10.00
10.00
10.00
10.00
10.00
10.00
10.00
10.00
64.74
18.78
88.12
88.12
332.22
61.32
74.89
16.06
16.06
411.29
411.29
10.00
10.00
10.00
10.00
146.33
146.33
44.69
44.69
382.86
382.86
18.76
18.76
85.15
85.15
11.02
11.02
15.20
15.20
15.20
222.69
1741.26
1741.26
252.95
252.95
40.40
40.40
40.40
40.40
10.00
104.79
55.02
55.02
418.50
418.50
160.79
160.79
4015.33
4015.33
35.22
35.22
49.16
49.16
1639.27
1639.27
64.00
64.00
304.25
304.25
20.11
20.11
16.35
16.35
56.59
56.59
10.00
10.00
21.36
21.36
1215.32
1215.32
1215.32
10.00
10.00
10.00
233.64
44.33
891.40
891.40
10.00
10.00
424.96
424.96
23.46
23.46
2733.13
2733.13
21.55
21.55
1435.42
1435.42
477.96
477.96
43.16
43.16
573.62
573.62
573.62
573.62
573.62
135.69
135.69
13.30
2225.77
34.89
34.89
41.77
10.00
10.00
10.00
10.00
581.07
581.07
16.62
16.62
407.42
407.42
29.59
29.59
33.67
33.67
10.00
10.00
2713.60
2713.60
396.22
396.22
165.80
165.80
10.71
10.71
10.00
10.00
115.38
115.38
10.00
10.00
10.00
10.00
10.00
10.00
120.36
120.36
119.52
119.52
102.89
102.89
1215.95
1215.95
433.55
433.55
1167.49
1167.49
2080.89
2080.89
59.54
59.54
1797.20
1797.20
275.36
275.36
781.83
781.83
781.83
781.83
781.83
781.83
110.27
110.27
1144.98
1144.98
12.85
12.85
12.85
12.85
12.85
12.85
637.28
815.94
130.59
130.59
985.45
985.45
1165.95
1165.95
1140.25
1140.25
1361.93
1361.93
1584.33
1584.33
1620.52
1620.52
1694.64
1694.64
10.00
10.00
10.00
10.00
311.36
161.02
402.24
402.24
1104.24
1104.24
1275.36
1275.36
10.00
10.00
223.44
223.44
398.80
398.80
12.30
12.30
575.41
575.41
1213.32
1213.32
3698.79
3698.79
407.36
407.36
1123.60
1123.60
3422.69
3422.69
3452.78
3452.78
2945.50
2945.50
10.00
10.00
3886.25
3886.25
3886.25
3886.25
3886.25
3886.25
4431.63
4431.63
350.00
350.00
96.71
96.71
96.71
1772.85
10.00
10.00
919.24
919.24
984.55
984.55
2071.55
2071.55
10.00
10.00
10.00
10.00
4677.86
4677.86
1864.75
1864.75
1864.75
1864.75
1864.75
1864.75
1864.75
1864.75
1864.75
1864.75
2524.06
2524.06
2524.06
2524.06
11.27
11.27
5285.23
5285.23
5285.23
5285.23
136.08
136.08
2128.68
2128.68
2128.68
2128.68
2128.68
2128.68
2128.68
2128.68
5822.94
5822.94
5822.94
32.78
32.78
12.33
12.33
69.65
63.83
63.83
1847.95
1847.95
16.15
16.15
823.24
823.24
823.24
63.87
63.87
653.78
472.99
472.99
167.44
167.44
49.03
49.03
49.03
59.39
59.39
59.39
10.00
10.00
83.42
1411.68
1411.68
18.78
661.19
661.19
10.00
10.00
1758.90
1758.90
3452.79
3452.79
417.30
417.30
63.56
63.56
2770.09
2770.09
522.13
522.13
31.02
31.02
1417.72
1417.72
10.00
10.00
83.23
83.23
400.59
400.59
660.78
660.78
304.53
304.53
304.53
304.53
10.00
10.00
661.02
661.02
15.53
15.53
2308.03
2308.03
1026.33
10.00
10.00
1155.94
10.00
10.00
10.00
10.00
10.00
10.00
32.70
32.70
370.41
370.41
26.43
26.43
431.10
431.10
10.00
10.00
10.97
10.97
11.52
11.52
1273.29
1273.29
210.23
210.23
10.00
10.00
10.00
10.00
1835.67
1835.67
40.58
40.58
382.75
382.75
10.00
10.00
382.52
382.52
24.38
24.38
41.30
41.30
1333.82
1333.82
3736.41
3736.41
3698.21
3698.21
10.00
10.00
10.00
31.91
239.25
239.25
155.04
155.04
402.17
402.17
402.17
1990.50
11.39
11.39
11.39
11.39
11.39
11.39
13.38
13.38
13.38
20.21
20.21
20.21
165.46
10.00
10.00
10.00
10.00
186.96
44.33
311.15
311.15
810.75
810.75
67.15
67.15
13.38
10.00
10.00
15.98
15.98
10.00
10.00
20.29
20.29
432.44
432.44
21.66
21.66
79.29
79.29
1614.66
1614.66
20.61
20.61
2240.25
2240.25
234.86
234.86
928.94
928.94
976.15
976.15
976.15
1163.36
1163.36
1163.36
1265.51
570.99
570.99
570.99
107.26
107.26
107.26
15.93
15.93
15.93
11.61
11.61
36.46
75.51
75.51
156.93
156.93
146.08
146.08
175.61
10.00
10.00
10.00
44.23
611.25
10.00
1189.55
1189.55
1435.88
1435.88
10.00
10.00
3652.15
3652.15
3652.15
3652.15
3490.77
3490.77
688.46
688.46
4428.09
4428.09
399.85
399.85
50.56
50.56
57.43
57.43
10.00
10.00
437.45
437.45
255.95
255.95
161.30
161.30
654.43
654.43
115.49
115.49
33.16
33.16
33.16
228.68
228.68
62.69
62.69
26.83
26.83
108.21
289.77
289.77
88.88
88.88
64.08
64.08
929.17
929.17
19.86
19.86
1214.08
1214.08
562.67
562.67
32.21
32.21
32.21
31.77
5937.31
5937.31
179.72
179.72
101.58
101.58
1900.32
1900.32
396.71
396.71
396.71
396.71
396.71
10.00
10.00
10.00
10.00
10.00
25.96
25.96
25.96
20.39
44.85
13.45
1635.25
1635.25
18.87
141.03
141.03
50.03
1174.02
1174.02
1106.55
1106.55
440.34
440.34
4910.10
4910.10
5276.26
5276.26
18.82
18.82
5717.68
5717.68
20.53
20.53
10.00
10.00
10.00
3147.78
333.30
333.30
15.25
15.25
28.35
28.35
73.68
73.68
11.63
11.63
11.63
26.98
26.98
26.98
874.61
874.61
874.61
10.00
10.00
10.00
10.00
33.96
33.96
33.96
21.10
21.10
21.10
45.73
45.73
18.27
66.81
66.81
10.00
75.76
2187.80
1165.60
1165.60
401.58
401.58
264.93
264.93
29.57
29.57
53.30
53.30
53.30
67.06
10.00
10.00
20.51
20.51
87.13
87.13
10.00
10.00
10.00
10.00
10.00
10.00
10.00
10.00
479.87
479.87
10.00
10.00
53.43
53.43
444.81
444.81
670.35
670.35
1034.57
1034.57
1034.57
848.52
218.72
218.72
10.00
10.00
46.41
46.41
19.91
19.91
2990.45
2990.45
77.76
77.76
77.76
10.00
10.00
10.00
3085.51
3085.51
10.00
10.00
107.99
107.99
217.28
217.28
86.92
86.92
95.75
95.75
2127.73
2127.73
3055.07
3055.07
5078.41
5078.41
4971.57
4971.57
4971.57
4971.57
4971.57
4971.57
5261.91
5261.91
5261.91
5261.91
445.69
445.69
2650.89
2650.89
2650.89
2650.89
2870.90
2870.90
24.14
24.14
1540.51
1540.51
1540.51
1540.51
408.81
408.81
10.00
10.00
937.50
937.50
2533.03
2533.03
3004.47
3004.47
15.02
15.02
10.87
10.87
71.75
71.75
4172.69
4172.69
4449.96
4449.96
4889.62
4889.62
4889.62
4889.62
4889.62
4889.62
1556.90
1556.90
1784.25
1784.25
405.91
405.91
48.60
48.60
741.92
741.92
1389.42
1389.42
10.00
10.00
10.00
10.00
200.65
200.65
288.81
288.81
496.43
496.43
666.95
835.27
765.10
765.10
290.72
290.72
1235.24
1235.24
1506.05
1506.05
674.92
674.92
76.11
76.11
1458.20
1458.20
1891.76
1891.76
395.19
395.19
2674.85
2674.85
33.06
33.06
402.71
402.71
2216.73
2216.73
10.00
10.00
20.09
20.09
4459.07
4459.07
1015.01
1015.01
4449.35
4449.35
3149.26
3149.26
10.81
10.81
13.61
13.61
1806.57
1806.57
458.97
458.97
450.32
450.32
1448.53
1448.53
582.20
582.20
2647.11
2647.11
2647.11
2647.11
15.63
15.63
10.00
10.00
699.90
699.90
146.31
146.31
38.14
38.14
33.99
33.99
10.00
10.00
10.00
477.76
477.76
477.76
19.62
19.62
1237.08
387.90
387.90
387.90
34.18
2143.37
2143.37
27.45
41.24
41.24
1691.01
1691.01
243.11
243.11
12.94
12.94
3155.73
3155.73
366.90
366.90
306.78
306.78
113.06
113.06
13.85
13.85
43.33
43.33
10.00
10.00
1589.52
1589.52
719.09
719.09
65.25
65.25
62.11
62.11
131.99
131.99
131.99
131.99
131.99
13.53
13.53
13.53
254.82
254.82
10.00
10.00
10.00
39.65
10.00
10.00
10.00
504.51
504.51
15.94
15.94
14.59
14.59
830.31
628.39
628.39
793.54
793.54
10.30
10.30
1629.62
1629.62
15.11
15.11
10.00
10.00
4546.93
4546.93
960.89
960.89
1078.18
1078.18
1363.34
1363.34
61.18
61.18
148.16
148.16
148.16
148.16
128.50
128.50
128.50
10.00
10.00
924.15
924.15
63.48
177.35
1784.53
2426.42
2426.42
467.62
467.62
29.19
29.19
575.37
575.37
10.00
10.00
122.47
122.47
599.49
599.49
119.83
119.83
417.56
417.56
95.12
95.12
25.26
25.26
10.00
10.00
20.32
20.32
1304.57
1304.57
285.20
285.20
28.95
28.95
1905.77
1905.77
1905.77
1905.77
1011.53
1011.53
1914.15
1914.15
10.00
10.00
3075.50
3075.50
62.25
62.25
10.00
10.00
614.61
614.61
257.15
257.15
93.54
93.54
93.54
93.54
93.54
93.54
10.00
10.00
10.00
17.39
25.53
44.42
219.47
2332.46
10.76
10.76
369.27
369.27
10.00
10.00
107.00
107.00
10.41
10.41
1805.25
1805.25
564.94
564.94
564.94
564.94
254.81
254.81
254.81
10.96
10.96
10.96
78.96
78.96
13.26
13.26
857.06
2593.11
20.45
151.57
488.15
488.15
27.08
27.08
10.00
10.00
158.92
158.92
4024.42
4024.42
1905.14
1905.14
49.91
49.91
79.94
79.94
10.00
10.00
49.58
49.58
40.85
40.85
97.17
97.17
233.64
233.64
10.00
10.00
2133.22
2133.22
10.00
10.00
2084.28
2084.28
36.26
36.26
433.92
433.92
2347.68
2347.68
395.80
395.80
1585.06
1585.06
307.21
307.21
3043.62
3043.62
3008.26
3008.26
2546.32
2546.32
2378.92
2378.92
3403.71
3403.71
10.00
10.00
1184.86
1184.86
16.32
16.32
3923.79
3923.79
3704.71
3704.71
10.00
10.00
10.00
10.00
106.95
106.95
351.80
351.80
10.00
10.00
1277.31
1277.31
398.34
398.34
10.00
10.00
76.03
76.03
425.86
425.86
94.74
94.74
427.73
427.73
10.00
10.00
996.96
996.96
996.96
81.21
81.21
81.21
81.21
81.21
34.47
34.47
426.60
305.01
11.08
1395.31
10.00
10.00
10.00
10.00
85.58
85.58
435.09
435.09
10.00
10.00
10.00
10.00
1067.74
1067.74
56.95
56.95
484.22
484.22
2165.95
2165.95
425.58
425.58
10.00
10.00
10.00
10.00
39.21
39.21
57.62
57.62
37.47
37.47
174.29
174.29
34.90
34.90
4477.60
4477.60
399.61
399.61
10.00
10.00
10.00
10.00
279.32
279.32
279.32
19.55
41.63
41.63
1544.93
1544.93
71.62
71.62
1067.54
1067.54
2406.85
2406.85
178.56
178.56
692.10
692.10
692.10
692.10
692.10
692.10
694.65
694.65
694.65
694.65
694.65
694.65
1104.08
1104.08
10.00
10.00
10.00
10.00
10.00
10.00
232.70
232.70
297.65
297.65
10.00
10.00
679.53
790.24
790.24
790.24
10.59
10.59
1082.03
1082.03
1140.53
1140.53
151.75
151.75
332.13
332.13
1418.85
1418.85
1523.34
1523.34
1523.34
1523.34
1523.34
1523.34
1808.38
1808.38
1808.38
1808.38
1808.38
1808.38
1808.38
1808.38
1808.38
1808.38
1447.83
1447.83
2207.91
2207.91
2439.51
2439.51
2439.51
2439.51
10.00
10.00
623.43
623.43
2573.79
2573.79
14.63
14.63
3041.96
3041.96
1405.73
1405.73
2592.13
2592.13
3134.65
3134.65
3218.71
3218.71
3387.79
3387.79
3161.24
3161.24
3934.97
3934.97
486.05
486.05
1097.97
1097.97
10.00
10.00
2010.24
2010.24
1310.41
1310.41
11.09
11.09
74.48
74.48
2266.03
2266.03
85.00
85.00
4589.45
4589.45
4589.45
4589.45
4590.15
4590.15
4590.15
4590.15
4590.15
4590.15
4590.15
4590.15
1082.76
1082.76
4532.07
4532.07
64.85
64.85
2190.29
2190.29
4177.45
4177.45
1813.40
1813.40
2095.54
2095.54
3289.06
3289.06
321.38
321.38
431.67
431.67
35.15
35.15
35.15
35.15
40.92
607.21
156.71
156.71
2270.36
2270.36
1044.99
1044.99
398.81
398.81
10.00
10.00
10.00
10.00
10.00
98.59
52.60
52.60
39.95
39.95
39.95
39.95
72.90
72.90
72.90
13.85
13.85
20.49
20.49
20.49
92.77
92.77
92.77
92.77
10.37
10.37
10.00
35.05
131.33
131.33
34.30
1081.63
1081.63
102.19
33.33
33.33
33.33
112.27
112.27
23.26
23.26
313.51
313.51
37.07
37.07
16.51
16.51
131.90
131.90
1685.88
10.00
10.00
10.00
74.80
74.80
45.38
1053.24
1053.24
93.67
93.67
93.67
366.22
10.00
10.00
167.77
167.77
208.92
208.92
104.91
104.91
372.04
372.04
328.79
328.79
200.57
200.57
10.00
10.00
30.14
30.14
2722.02
2722.02
747.36
747.36
17.07
17.07
240.26
240.26
53.03
53.03
16.40
16.40
55.11
55.11
1101.37
1101.37
81.78
81.78
10.00
10.00
124.52
124.52
1801.32
1801.32
98.94
98.94
98.94
239.90
212.63
212.63
33.81
33.81
57.03
57.03
3508.40
3508.40
10.00
10.00
2656.14
2656.14
48.50
48.50
2744.18
2744.18
10.00
10.00
440.53
440.53
570.57
570.57
570.57
570.57
119.57
119.57
119.57
119.57
10.00
10.00
895.37
895.37
113.30
113.30
10.00
10.00
10.00
10.00
1165.40
1165.40
1165.40
198.16
10.00
10.00
381.90
381.90
50.36
50.36
50.36
4592.44
1613.46
1613.46
25.18
25.18
1383.32
1383.32
1383.32
580.19
33.63
33.63
33.63
5540.05
26.01
26.01
24.59
24.59
110.13
110.13
110.13
5231.62
2199.57
2199.57
10.00
10.00
10.00
4576.53
4576.53
10.00
10.00
453.54
453.54
453.54
28.00
28.00
28.00
68.31
68.31
61.25
62.62
2223.32
2223.32
13.74
13.74
431.16
431.16
10.00
10.00
435.29
435.29
10.00
10.00
10.00
10.00
1897.81
919.74
919.74
919.74
3894.08
3894.08
997.71
997.71
997.71
997.71
997.71
997.71
997.71
997.71
997.71
997.71
997.71
997.71
997.71
997.71
997.71
997.71
997.71
997.71
997.71
997.71
997.71
997.71
997.71
997.71
997.71
31.72
28.76
18.11
10.00
10.00
61.85
192.12
192.12
31.04
204.83
256.94
256.94
417.69
501.94
501.94
616.49
769.87
656.89
456.95
456.95
456.95
456.95
456.95
456.95
456.95
456.95
456.95
456.95
456.95
456.95
456.95
456.95
456.95
456.95
456.95
456.95
456.95
456.95
456.95
456.95
456.95
456.95
456.95
456.95
456.95
456.95
456.95
456.95
456.95
456.95
456.95
456.95
456.95
456.95
456.95
456.95
456.95
456.95
456.95
456.95
27.73
