# 1Hz Kbps trace generated by import_real_world_traces.py
458.63
4306.26
2259.51
2792.22
2792.22
5125.09
5125.09
5125.09
5125.09
16.84
16.84
5540.60
5540.60
1595.31
1595.31
5722.46
5722.46
5400.93
5400.93
2013.37
2013.37
1589.43
1589.43
4007.39
4007.39
4007.39
4007.39
5169.94
5169.94
5169.94
5169.94
5169.94
5169.94
16.96
16.96
3234.03
3234.03
144.28
144.28
6807.14
6807.14
3291.50
3291.50
3291.50
3291.50
1661.08
1661.08
5262.91
5262.91
4285.30
4285.30
4285.30
4285.30
4285.30
4285.30
805.39
805.39
2436.72
2436.72
6695.21
6695.21
850.58
850.58
6467.80
6467.80
6579.61
6579.61
3855.12
3855.12
300.00
300.00
51.86
51.86
34.06
34.06
193.10
193.10
6624.07
6624.07
1805.50
1805.50
2866.64
2866.64
3064.55
3064.55
11.05
11.05
6868.02
6868.02
6918.86
6918.86
1368.79
1368.79
3753.83
3753.83
7251.96
7251.96
7668.89
7668.89
6859.89
6859.89
7223.47
