# 1Hz Kbps trace generated by import_real_world_traces.py
2684.34
2854.25
1706.04
2878.81
3221.91
2537.15
2499.58
2180.18
2731.54
20.84
20.84
2405.00
2405.00
2553.49
2553.49
2219.86
2219.86
2311.30
2311.30
1835.98
1835.98
2572.28
2572.28
2832.01
2832.01
2217.97
2217.97
1950.90
1950.90
2094.59
2094.59
1880.95
1880.95
2302.07
2302.07
2723.69
2723.69
2678.10
2678.10
2623.38
2623.38
2447.51
2447.51
512.72
512.72
2741.64
2741.64
2689.43
2689.43
2206.81
2206.81
2423.03
2423.03
2521.22
2521.22
2627.58
2627.58
2509.65
2509.65
2548.01
2548.01
2832.74
2832.74
2382.83
2382.83
3025.99
3025.99
2406.39
2406.39
1992.37
1992.37
2286.23
2286.23
2700.66
2700.66
3209.71
3209.71
2216.33
2216.33
2486.39
2486.39
2319.02
2319.02
1740.39
1740.39
2644.90
2644.90
2730.85
2730.85
2642.46
2642.46
3129.65
3129.65
2638.06
2638.06
2892.72
2892.72
2816.31
2816.31
2779.53
2779.53
2996.69
2996.69
2734.71
2734.71
2479.58
2479.58
3065.63
3065.63
2738.99
2738.99
2826.63
2826.63
2121.22
2121.22
3049.94
3049.94
3015.72
3015.72
2978.06
2978.06
3139.82
3139.82
3271.09
3271.09
1947.43
1947.43
2912.80
2912.80
3172.35
3172.35
2803.60
2803.60
2574.65
2574.65
2574.65
2966.29
2937.09
2937.09
2814.79
2814.79
2845.81
2845.81
2488.95
2488.95
2641.18
2641.18
2508.58
2508.58
3021.15
3021.15
2729.44
2729.44
2668.80
2668.80
3236.71
3236.71
2542.60
2542.60
2860.23
2860.23
2720.91
2720.91
3008.72
3008.72
2762.49
2762.49
2848.04
2848.04
2848.04
3066.46
2475.84
2475.84
2976.83
2976.83
2654.25
2654.25
2490.34
2490.34
1720.70
1720.70
3281.57
3281.57
2924.30
2924.30
2689.73
2689.73
2473.37
2473.37
2902.07
2902.07
2701.94
2701.94
2926.51
2926.51
2964.88
2964.88
3071.45
3071.45
2554.09
2554.09
269.60
269.60
3163.52
3163.52
3163.52
2793.53
3208.09
3208.09
2885.95
2885.95
102.77
102.77
2550.47
2550.47
2940.80
2940.80
2940.80
3294.72
624.49
624.49
2215.39
2215.39
2215.39
1119.62
2631.25
2631.25
2312.00
2312.00
2646.96
2646.96
3025.57
3025.57
2195.46
2195.46
2979.19
2979.19
2534.60
2534.60
1957.83
1957.83
2553.19
2553.19
2473.99
2473.99
2434.57
2434.57
3322.94
3322.94
2193.77
2193.77
2863.54
2863.54
3313.44
3313.44
3313.44
3152.25
2965.03
2965.03
2965.03
2965.03
2965.03
2965.03
3214.65
3214.65
624.81
624.81
692.80
692.80
3111.54
3111.54
2641.27
2641.27
3248.42
3248.42
3248.42
3458.26
3458.26
3481.10
3481.10
2946.75
2946.75
3315.22
3315.22
4107.56
4107.56
3465.76
3465.76
3465.76
3069.10
3069.10
638.55
638.55
2904.00
2904.00
3459.12
3459.12
1585.98
1585.98
1804.30
1804.30
3151.15
3151.15
2480.95
2480.95
2480.95
1628.36
1628.36
1912.79
1912.79
2246.18
2246.18
2385.89
2385.89
811.89
811.89
811.89
684.24
684.24
1063.47
1177.11
1177.11
1659.89
1659.89
2440.59
2440.59
1201.04
1201.04
1064.38
1064.38
1064.38
1064.38
322.29
730.25
665.22
665.22
680.89
680.89
592.57
592.57
592.57
592.57
325.89
325.89
325.89
325.89
325.89
1056.08
1056.08
792.30
1943.08
1534.11
52.75
52.75
2066.77
2066.77
917.82
917.82
429.94
429.94
292.62
292.62
949.13
949.13
861.21
861.21
1261.33
1261.33
701.92
701.92
544.23
544.23
495.73
495.73
1398.34
1398.34
975.96
975.96
1267.89
1267.89
600.55
600.55
600.55
600.55
312.94
312.94
312.94
574.31
807.67
807.67
807.67
454.96
454.96
454.96
454.96
739.15
739.15
1511.44
1511.44
959.18
1662.53
1369.25
1369.25
1369.25
1369.25
387.87
387.87
387.87
504.56
504.56
1684.57
1684.57
1663.63
1663.63
458.98
458.98
458.98
458.98
458.98
159.35
159.35
2697.84
2067.32
2281.71
2599.82
2599.82
2599.82
558.28
558.28
558.28
558.28
1135.18
1135.18
1135.18
1138.24
1643.04
2548.02
2548.02
544.56
544.56
544.56
817.56
817.56
1783.03
1783.03
1983.70
1983.70
455.48
455.48
1371.86
1371.86
1371.86
995.93
995.93
1954.68
1509.44
70.78
2544.06
2505.38
2790.27
2790.27
2069.49
479.05
1977.62
1977.62
1669.72
1669.72
1639.27
1639.27
1097.16
1097.16
2248.95
2248.95
1718.50
1718.50
755.71
755.71
699.78
899.95
899.95
735.12
735.12
735.12
398.44
398.44
10.00
10.00
10.00
10.00
663.07
663.07
663.07
1789.51
1789.51
1258.46
1258.46
2426.33
1909.16
2422.54
2247.75
2247.75
2479.12
2479.12
2208.43
2208.43
2550.97
2550.97
2603.07
2603.07
1713.16
1713.16
789.96
789.96
1009.18
1009.18
1007.18
1007.18
1120.85
1120.85
2038.37
2038.37
1929.88
1929.88
1943.24
1943.24
296.47
296.47
772.96
772.96
1779.41
1779.41
2902.42
2902.42
492.71
492.71
2041.69
2041.69
2785.32
2785.32
1741.52
1741.52
1423.83
1423.83
1703.07
1703.07
1747.97
1747.97
3124.30
3124.30
2645.33
2645.33
2609.71
2609.71
2403.20
2403.20
2358.05
2358.05
57.20
57.20
2235.02
2235.02
369.66
369.66
1059.56
1059.56
2236.29
2236.29
1688.74
1688.74
1624.05
1624.05
1259.15
1259.15
1259.15
1259.15
1259.15
1259.15
1259.15
1259.15
1108.43
2402.35
2529.35
2529.35
2529.35
2529.35
2529.35
2529.35
2529.35
2529.35
2529.35
2529.35
2529.35
2529.35
2529.35
2529.35
2529.35
2529.35
2529.35
2529.35
2529.35
2529.35
2529.35
2529.35
2529.35
2529.35
2529.35
2529.35
2529.35
2529.35
2529.35
2529.35
2529.35
2529.35
2529.35
2529.35
2529.35
2529.35
2529.35
2529.35
2529.35
2529.35
2529.35
2529.35
2529.35
2529.35
2529.35
2529.35
2529.35
2529.35
2529.35
2529.35
2529.35
2529.35
2529.35
2529.35
2529.35
2529.35
2529.35
2529.35
2353.73
