# 1Hz Kbps trace generated by import_real_world_traces.py
947.66
616.57
616.57
616.57
616.57
616.57
555.02
555.02
555.02
156.52
14.68
488.05
688.82
10.00
10.00
10.00
390.60
10.00
10.00
763.07
763.07
763.07
185.22
185.22
223.22
489.23
489.23
52.66
357.37
357.37
357.37
278.42
278.42
460.14
460.14
460.14
270.97
270.97
423.99
460.57
460.57
609.62
10.00
10.00
583.27
583.27
583.27
583.27
10.00
10.00
444.60
312.90
312.90
312.90
365.55
365.55
520.94
155.27
407.59
518.64
518.64
498.22
498.22
498.22
498.22
10.00
10.00
475.33
365.74
285.71
285.71
537.81
537.81
537.81
210.06
210.06
677.56
677.56
677.56
981.35
10.00
10.00
525.34
525.34
525.34
212.69
212.69
212.69
356.53
356.53
356.53
427.97
427.97
427.97
10.00
808.80
566.46
10.00
10.00
10.00
375.48
375.48
394.24
10.00
10.00
10.00
304.86
304.86
10.00
10.00
209.51
209.51
450.85
450.85
513.46
513.46
513.46
513.46
10.00
10.00
10.00
10.00
588.46
588.46
1056.37
10.00
10.00
10.00
10.00
292.37
906.65
451.93
414.75
67.81
67.81
67.81
402.00
402.00
402.00
405.21
10.00
10.00
318.44
318.44
567.01
567.01
310.58
310.58
310.58
310.58
351.97
351.97
301.06
301.06
197.95
197.95
197.95
197.95
197.95
141.83
141.83
10.00
10.00
10.00
10.00
10.00
10.00
10.00
10.00
10.00
10.00
10.00
243.83
279.38
279.38
475.94
510.30
776.11
776.11
776.11
369.76
369.76
369.76
10.00
10.00
10.00
10.00
589.46
589.46
10.00
10.00
10.00
10.00
613.18
613.18
232.51
34.35
34.35
551.39
424.62
250.87
10.00
10.00
126.27
126.27
126.27
59.43
469.94
469.94
459.73
459.73
592.74
592.74
1151.96
1151.96
810.83
810.83
882.01
882.01
156.40
156.40
156.40
156.40
156.40
156.40
156.40
156.40
156.40
308.35
561.86
10.00
272.51
272.51
272.51
604.82
10.00
10.00
10.00
10.00
10.00
797.57
797.57
797.57
797.57
77.75
77.75
77.75
77.75
77.75
809.82
443.40
420.40
420.40
420.40
192.30
1049.85
1049.85
1049.85
1023.95
1023.95
1104.89
1190.17
1190.17
1190.17
1190.17
1190.17
846.33
846.33
846.33
846.33
846.33
846.33
143.98
570.95
128.96
366.36
564.51
564.51
564.51
917.81
191.03
191.03
191.03
421.14
421.14
421.14
10.00
555.74
555.74
555.74
189.32
476.54
302.92
302.92
302.92
302.92
213.72
213.72
278.42
213.85
213.85
701.54
701.54
701.54
701.54
10.00
10.00
10.00
490.97
490.97
10.00
10.00
50.86
50.86
529.68
529.68
529.68
390.52
390.52
390.52
420.88
145.76
516.15
516.15
868.94
10.00
10.00
450.15
450.15
450.15
126.56
126.56
388.19
388.19
492.09
492.09
492.09
10.00
579.97
578.76
578.76
578.76
329.72
329.72
166.04
166.04
10.00
10.00
281.42
281.42
10.00
10.00
506.17
506.17
780.46
440.34
657.14
657.14
214.79
214.79
214.79
214.79
458.55
458.55
458.55
10.00
290.83
290.83
10.00
347.43
347.43
347.43
347.43
10.00
10.00
507.42
507.42
507.42
62.90
664.85
664.85
505.60
505.60
505.60
505.60
783.83
10.00
10.00
908.28
908.28
457.98
457.98
457.98
443.36
443.36
443.36
443.36
205.16
205.16
688.36
1192.36
1192.36
495.79
495.79
417.50
565.32
565.32
565.32
565.32
565.32
565.32
10.00
10.00
525.22
525.22
525.22
798.04
10.00
637.58
637.58
339.17
339.17
519.02
519.02
519.02
10.00
316.74
316.74
316.74
316.74
316.74
429.40
429.40
429.40
10.00
631.97
631.97
631.97
426.31
426.31
177.82
177.82
177.82
177.82
177.82
10.00
10.00
103.66
103.66
103.66
90.86
90.86
90.86
387.21
387.21
558.88
558.88
567.28
567.28
614.66
614.66
763.58
744.29
744.29
201.72
201.72
201.72
395.76
395.76
395.76
535.63
535.63
641.82
340.21
340.21
340.21
567.45
567.45
567.45
567.45
385.08
436.11
436.11
436.11
10.00
578.80
578.80
10.00
360.19
200.41
200.41
10.00
10.00
374.79
374.79
374.79
201.00
201.00
113.82
113.82
113.82
113.82
113.82
10.00
10.00
287.50
287.50
572.96
602.05
602.05
171.41
393.33
393.33
393.33
393.33
10.00
10.00
10.00
1070.42
10.00
10.00
10.00
582.13
582.13
10.00
10.00
10.00
10.00
10.00
346.42
346.42
10.00
378.34
197.00
197.00
197.00
92.74
92.74
92.74
399.59
399.59
399.59
399.59
10.00
10.00
10.00
366.88
366.88
292.21
292.21
328.06
328.06
531.61
531.61
351.19
10.00
10.00
10.00
119.10
119.10
119.10
464.13
168.49
371.84
371.84
371.84
371.84
725.97
725.97
363.51
363.51
363.51
670.19
670.19
670.19
10.00
695.78
695.78
695.78
381.32
381.32
381.32
627.04
350.08
350.08
350.08
10.00
10.00
10.00
10.00
10.00
351.81
351.81
351.81
710.10
710.10
710.10
431.00
431.00
239.45
312.26
312.26
312.26
312.26
10.00
10.00
143.20
143.20
168.12
517.30
517.30
517.30
517.30
10.00
325.52
325.52
293.71
296.84
296.84
296.84
432.32
432.32
177.32
177.32
177.32
724.80
724.80
724.80
724.80
10.00
623.87
623.87
623.87
211.05
388.30
388.30
388.30
977.26
499.63
499.63
190.94
732.82
732.82
10.00
10.00
10.00
10.00
10.00
402.47
564.88
268.05
268.05
438.09
438.09
438.09
350.95
468.49
57.97
360.71
360.71
360.71
413.29
413.29
413.29
413.29
199.91
199.91
199.91
717.36
717.36
902.61
902.61
10.00
10.00
514.22
514.22
514.22
403.84
403.84
403.84
550.78
550.78
234.55
234.55
234.55
302.15
302.15
302.15
52.17
52.17
593.92
171.90
541.82
541.82
541.82
383.68
383.68
383.68
333.33
333.33
333.33
333.33
641.41
525.90
525.90
297.23
297.23
297.23
633.63
633.63
294.53
294.53
51.76
51.76
386.44
386.44
130.32
130.32
130.32
736.47
57.00
57.00
57.00
140.58
140.58
140.58
140.58
140.58
293.86
542.87
594.40
594.40
169.79
169.79
295.96
49.89
49.89
331.80
468.12
468.12
468.12
205.90
205.90
205.90
244.69
244.69
179.91
179.91
179.91
179.91
179.91
487.21
487.21
487.21
10.00
259.45
259.45
259.45
368.98
354.59
372.14
372.14
372.14
560.06
503.93
503.93
503.93
503.93
503.93
503.93
503.93
503.93
503.93
503.93
503.93
503.93
503.93
369.21
348.68
251.25
744.19
429.69
429.69
276.98
276.98
276.98
276.98
276.98
421.99
421.99
421.99
421.99
364.44
469.94
504.56
504.56
504.56
398.37
398.37
138.14
138.14
353.34
10.00
538.50
538.50
538.50
131.34
131.34
131.34
131.34
131.34
205.81
205.81
205.81
196.47
196.47
10.00
10.00
160.34
160.34
195.29
195.29
195.29
128.93
10.00
306.63
306.63
200.38
200.38
200.38
10.00
366.12
366.12
10.00
10.00
10.00
418.31
627.59
627.59
307.05
307.05
307.05
307.05
466.73
466.73
320.68
320.68
320.68
406.42
123.61
18.85
18.85
10.00
10.00
10.00
103.04
794.89
794.89
365.22
365.22
365.22
10.00
365.58
365.58
391.75
10.00
10.00
10.00
399.01
399.01
399.01
399.01
415.05
480.25
561.35
561.35
561.35
561.35
468.21
468.21
468.21
314.67
201.76
201.76
201.76
122.31
122.31
118.71
436.87
436.87
278.62
278.62
204.47
348.11
348.11
320.60
171.73
171.73
209.00
209.00
209.00
209.00
209.00
238.11
294.74
294.74
358.85
259.31
259.31
629.32
629.32
338.07
338.07
338.07
127.39
430.46
430.46
430.46
63.21
63.21
530.53
530.53
194.93
147.96
147.96
147.96
290.82
10.00
10.00
500.04
500.04
525.68
525.68
525.68
507.92
507.92
507.92
507.92
10.00
10.00
10.00
10.00
144.20
144.20
144.20
144.20
362.05
222.23
186.17
186.17
186.17
186.17
186.17
176.18
176.18
176.18
176.18
115.92
213.85
192.45
192.45
236.44
442.76
442.76
1008.48
1008.48
1078.22
1078.22
1453.11
1453.11
517.51
517.51
488.77
488.77
925.70
925.70
1078.10
1078.10
929.64
929.64
498.63
