# 1Hz Kbps trace generated by import_real_world_traces.py
516.71
287.51
479.07
550.14
775.32
775.32
1277.89
1277.89
1529.93
2053.61
2053.61
3363.02
3363.02
2694.75
2694.75
2377.47
2377.47
3477.20
3477.20
3019.53
3019.53
1592.94
1592.94
3423.87
3423.87
4125.33
4125.33
5227.18
5227.18
5690.18
5690.18
5535.88
5535.88
5535.88
5535.88
4156.54
4156.54
5804.26
5804.26
5804.26
5804.26
1601.72
1601.72
4091.67
4091.67
4626.92
4626.92
6519.03
6519.03
5381.59
5381.59
6064.40
6064.40
6155.20
6155.20
7464.37
7464.37
1071.24
1071.24
1657.70
1657.70
4937.67
4937.67
4937.67
4937.67
7562.98
7562.98
7562.98
7562.98
7562.98
7562.98
5833.18
5833.18
44.17
44.17
5096.23
5096.23
6863.19
6863.19
7496.10
7496.10
6535.18
6535.18
7794.03
7794.03
665.90
665.90
21.72
21.72
487.23
487.23
6453.51
6453.51
4531.66
4531.66
4961.50
4961.50
4315.47
4315.47
5927.01
5927.01
5927.01
5927.01
3886.33
3886.33
7797.31
7797.31
188.56
188.56
5125.89
5125.89
5125.89
5125.89
5125.89
5125.89
5125.89
5125.89
5125.89
5125.89
4160.70
4160.70
542.00
542.00
559.24
559.24
29.52
29.52
496.70
496.70
38.24
38.24
49.95
49.95
675.16
675.16
4381.90
4381.90
453.81
453.81
2309.29
2309.29
158.00
158.00
5894.92
5894.92
108.12
108.12
533.02
533.02
66.10
66.10
3125.03
3125.03
3227.35
3227.35
443.00
443.00
23.28
23.28
2654.70
2654.70
14.38
14.38
10.00
10.00
54.90
54.90
1419.21
1419.21
1419.21
226.76
226.76
36.42
36.42
114.66
114.66
413.75
413.75
2164.30
2164.30
37.91
37.91
10.00
10.00
105.84
105.84
505.73
505.73
1715.50
1715.50
1876.59
1876.59
1261.48
1261.48
3848.02
3848.02
532.55
532.55
136.61
10.00
10.00
10.00
3284.45
3284.45
185.82
185.82
130.51
130.51
3687.45
3687.45
562.90
562.90
4336.34
4336.34
52.82
52.82
5130.86
5130.86
5739.32
5739.32
5777.79
5777.79
8036.93
8036.93
538.18
538.18
4134.92
4134.92
3076.84
3076.84
6770.01
6770.01
8574.02
8574.02
5986.13
5986.13
2578.44
2578.44
8316.38
8316.38
6848.94
6848.94
6848.94
6848.94
1675.81
1675.81
128.93
128.93
547.70
547.70
5416.52
5416.52
5371.88
5371.88
10.00
10.00
3006.49
3006.49
5647.59
5647.59
10.00
10.00
689.20
689.20
3513.51
3513.51
22.55
22.55
26.03
26.03
10.00
10.00
2214.55
2214.55
2214.55
2214.55
2301.04
2301.04
2301.04
2301.04
2884.33
2884.33
2884.33
2884.33
2884.33
2884.33
2884.33
2884.33
2884.33
2884.33
2884.33
2884.33
10.00
10.00
10.00
10.00
39.03
39.03
18.03
18.03
171.46
171.46
14.37
14.37
37.20
37.20
453.61
453.61
37.89
37.89
929.81
929.81
134.57
134.57
348.47
348.47
1997.23
1997.23
512.00
512.00
440.49
440.49
83.04
83.04
16.19
16.19
12.63
12.63
203.82
203.82
393.94
393.94
41.18
41.18
19.69
19.69
30.37
30.37
6433.22
6433.22
596.60
596.60
6476.69
6476.69
521.75
521.75
78.47
78.47
225.30
225.30
21.20
21.20
2245.39
2245.39
5240.97
5240.97
5877.00
5877.00
2004.24
2004.24
4755.52
4755.52
6055.86
6055.86
708.07
708.07
7126.51
7126.51
6787.18
6787.18
6787.18
6787.18
6787.18
6787.18
6787.18
6787.18
6787.18
6787.18
6787.18
6787.18
20.98
20.98
26.57
26.57
26.57
26.57
267.96
385.99
385.99
636.87
636.87
776.71
647.44
647.44
281.81
281.81
1455.49
1455.49
126.22
126.22
39.63
39.63
41.99
41.99
346.66
346.66
10.00
10.00
366.09
366.09
89.19
89.19
488.15
488.15
873.10
873.10
1572.25
1572.25
10.00
10.00
2690.95
2690.95
507.18
507.18
1026.47
1026.47
508.21
508.21
105.16
105.16
472.61
472.61
247.84
247.84
18.63
18.63
1212.38
1212.38
3670.08
3670.08
1344.52
1344.52
2687.09
2687.09
3635.26
3635.26
3635.26
3635.26
3635.26
3635.26
3635.26
3635.26
3635.26
3635.26
3635.26
3635.26
30.10
30.10
454.92
454.92
442.29
442.29
704.26
704.26
837.41
837.41
1000.79
1000.79
1091.77
1091.77
1044.18
1044.18
1057.62
1057.62
58.32
58.32
573.11
573.11
809.01
809.01
170.33
170.33
152.94
152.94
71.80
71.80
47.77
47.77
385.90
385.90
63.71
63.71
10.00
10.00
10.00
10.00
31.73
31.73
11.46
11.46
238.48
238.48
381.09
381.09
10.00
10.00
11.75
11.75
10.00
10.00
179.00
179.00
502.16
502.16
123.90
123.90
39.07
39.07
2072.86
2072.86
2211.37
2211.37
25.33
25.33
327.98
327.98
536.43
536.43
662.73
662.73
3053.93
3053.93
42.43
42.43
624.60
624.60
499.97
499.97
2088.17
2088.17
1678.03
1678.03
3521.30
3521.30
2141.72
2141.72
470.90
470.90
1775.07
1775.07
3686.50
3686.50
2537.33
2537.33
2057.89
2057.89
19.30
19.30
2721.67
2721.67
26.04
26.04
3718.27
3718.27
4234.36
4234.36
3156.16
3156.16
4169.26
4169.26
15.67
15.67
2879.23
2879.23
945.83
945.83
2385.23
2385.23
811.89
811.89
43.32
43.32
3251.14
3251.14
10.00
10.00
24.40
24.40
4654.94
4654.94
4160.87
4160.87
4160.87
4160.87
4230.52
4230.52
5244.52
5244.52
5884.53
5884.53
162.62
162.62
57.99
57.99
168.93
168.93
17.83
17.83
380.66
380.66
4623.35
4623.35
42.68
42.68
11.47
11.47
61.37
61.37
427.76
427.76
27.47
27.47
1907.97
1907.97
10.00
10.00
10.00
227.40
227.40
416.24
509.56
509.56
636.65
636.65
10.00
10.00
1960.00
1960.00
2238.51
2238.51
937.74
937.74
1027.07
1027.07
1129.58
1129.58
1625.95
1625.95
135.37
135.37
983.36
983.36
212.37
212.37
244.56
244.56
10.00
10.00
253.15
253.15
160.17
160.17
3242.65
3242.65
904.80
904.80
1478.18
1478.18
4157.26
4157.26
3668.34
3668.34
219.05
219.05
4666.23
4666.23
3449.43
3449.43
4591.98
4591.98
2854.33
