# 1Hz Kbps trace generated by import_real_world_traces.py
40.52
232.34
467.16
779.72
161.54
523.50
1217.56
1217.56
49.94
49.94
1957.07
1957.07
550.19
550.19
2294.22
2294.22
327.78
327.78
2381.06
2381.06
89.93
89.93
28.23
28.23
10.00
10.00
1212.11
1212.11
293.96
293.96
633.68
633.68
126.76
126.76
16.71
16.71
410.23
410.23
10.00
10.00
29.22
29.22
1217.16
1217.16
45.78
45.78
435.57
435.57
132.66
132.66
73.27
73.27
1520.45
1520.45
259.02
259.02
304.34
304.34
1440.22
1440.22
1399.47
1399.47
1046.92
1046.92
1510.85
1510.85
664.30
664.30
1881.36
1881.36
112.09
112.09
1918.25
1918.25
920.81
920.81
14.71
14.71
458.78
458.78
911.75
911.75
404.96
404.96
190.03
190.03
2407.32
2407.32
2327.23
2327.23
724.21
724.21
460.32
460.32
1199.65
1199.65
1199.65
786.79
786.79
1251.77
1251.77
889.71
1253.12
1253.12
410.21
410.21
913.56
913.56
772.51
772.51
1346.94
1346.94
201.51
201.51
717.88
717.88
332.35
332.35
120.79
120.79
1295.42
1295.42
2247.26
2247.26
23.39
23.39
32.27
32.27
976.07
976.07
1175.21
1175.21
1238.33
1238.33
77.47
77.47
1714.89
1714.89
2017.07
2017.07
2017.07
2017.07
14.71
14.71
587.65
587.65
443.55
443.55
893.09
893.09
1760.93
1760.93
305.41
305.41
334.81
334.81
1493.25
1493.25
1493.25
109.59
1452.88
1452.88
1017.67
1017.67
494.15
494.15
561.68
561.68
293.95
293.95
689.85
689.85
811.47
811.47
30.34
30.34
136.06
136.06
136.06
136.06
136.06
136.06
72.14
26.88
500.49
706.49
642.67
642.67
347.84
347.84
44.13
44.13
102.92
102.92
454.19
454.19
526.75
526.75
102.61
102.61
1136.86
1136.86
1644.70
1644.70
502.53
502.53
571.52
571.52
571.52
458.61
458.61
905.74
905.74
1313.41
1932.33
1932.33
239.83
239.83
101.81
101.81
558.39
558.39
681.65
681.65
1643.96
1643.96
555.94
555.94
471.96
471.96
200.15
200.15
200.15
246.13
246.13
284.53
296.14
296.14
1515.81
1515.81
1601.20
1601.20
246.25
246.25
2236.33
2236.33
571.85
571.85
454.10
454.10
1314.19
1314.19
1314.19
354.92
354.92
761.27
761.27
123.17
123.17
595.22
595.22
595.22
167.10
248.33
248.33
1226.83
1226.83
1226.83
77.47
77.47
77.47
208.64
208.64
208.64
169.78
169.78
169.78
635.13
815.82
815.82
406.98
406.98
20.19
216.00
1215.92
1215.92
1215.92
1215.92
1215.92
22.73
22.73
760.80
760.80
10.00
10.00
897.14
271.78
271.78
271.78
233.66
1191.48
915.30
915.30
31.76
31.76
609.90
609.90
609.90
290.45
290.45
290.45
652.96
652.96
652.96
652.96
71.46
71.46
112.52
112.52
28.44
74.24
680.15
680.15
605.70
605.70
766.18
766.18
981.28
745.64
10.00
10.00
798.19
798.19
798.19
792.23
929.75
929.75
1296.30
1296.30
76.08
76.08
62.65
62.65
1194.53
1194.53
274.42
274.42
383.88
383.88
2091.73
2091.73
379.56
379.56
842.68
842.68
1847.40
1847.40
2225.81
2225.81
768.70
768.70
2459.49
2459.49
685.63
685.63
107.38
107.38
21.05
21.05
15.53
15.53
1629.99
1629.99
1546.86
1546.86
154.62
154.62
1432.21
1432.21
559.22
559.22
1916.42
1916.42
2045.43
2045.43
1752.10
1752.10
519.74
519.74
304.79
304.79
455.06
455.06
724.82
724.82
1141.96
1141.96
1272.55
1272.55
1187.39
1187.39
371.14
371.14
324.96
324.96
1104.62
1104.62
132.86
132.86
1005.35
1005.35
235.46
235.46
817.75
817.75
614.99
614.99
1439.88
1439.88
273.84
273.84
221.83
221.83
91.28
91.28
218.86
218.86
1359.28
1359.28
747.53
747.53
1009.91
1009.91
1022.00
1022.00
121.14
121.14
72.43
72.43
1157.79
1157.79
121.21
121.21
2173.18
2173.18
80.27
80.27
122.02
122.02
1457.98
1457.98
1044.11
1044.11
74.86
74.86
1042.31
1042.31
1660.40
1660.40
2113.63
2113.63
234.32
234.32
141.79
141.79
434.25
434.25
168.45
168.45
184.90
184.90
180.15
180.15
394.35
394.35
254.60
254.60
288.07
288.07
263.46
263.46
1793.86
1793.86
263.13
263.13
328.00
328.00
456.08
456.08
286.27
286.27
127.47
127.47
710.43
710.43
906.69
906.69
225.60
225.60
926.26
926.26
420.83
420.83
437.34
437.34
1093.12
1093.12
1236.25
1236.25
1124.68
1124.68
669.21
669.21
201.65
201.65
768.71
768.71
816.53
816.53
849.06
849.06
319.12
319.12
973.92
973.92
973.92
10.00
10.00
10.00
564.28
564.28
133.58
745.47
745.47
973.08
150.91
150.91
944.30
944.30
143.00
143.00
55.87
55.87
55.87
857.07
857.07
349.33
349.33
827.84
827.84
827.84
206.72
206.72
206.72
579.25
579.25
1550.05
1097.22
1097.22
423.69
367.80
367.80
605.38
605.38
795.45
795.45
160.51
160.51
933.10
933.10
538.40
983.15
983.15
1129.46
1129.46
139.46
139.46
220.97
220.97
252.92
252.92
962.62
962.62
1381.50
1381.50
148.98
148.98
785.85
785.85
1684.58
1684.58
587.78
587.78
587.78
100.80
100.80
1488.25
301.17
301.17
142.71
142.71
58.68
58.68
992.77
992.77
992.77
10.00
10.00
10.00
1056.80
1056.80
1050.75
636.34
636.34
636.34
74.97
74.97
1964.13
1078.37
2095.90
2095.90
664.26
664.26
731.67
731.67
275.27
275.27
194.86
194.86
513.73
513.73
923.01
923.01
923.01
115.69
115.69
1467.48
745.40
745.40
1371.96
1371.96
118.43
118.43
1394.67
1394.67
1888.83
1888.83
348.80
348.80
50.49
50.49
739.82
739.82
1612.34
1612.34
10.00
10.00
2127.55
2127.55
1827.22
1827.22
523.66
523.66
2395.98
2395.98
109.02
109.02
155.30
155.30
334.19
334.19
137.48
137.48
2014.03
2014.03
2159.73
2159.73
20.68
20.68
10.00
10.00
393.51
393.51
1256.85
1256.85
546.06
546.06
570.11
570.11
543.54
543.54
261.78
261.78
290.17
290.17
477.12
477.12
1938.86
1938.86
121.05
121.05
648.43
648.43
60.99
60.99
1541.42
1541.42
2350.20
2350.20
2418.68
2418.68
643.55
643.55
991.21
991.21
2336.01
2336.01
2322.22
2322.22
1462.33
1462.33
1811.10
1811.10
10.00
10.00
757.87
757.87
1173.23
1173.23
2255.25
2255.25
1981.84
1981.84
2281.30
2281.30
20.61
20.61
1221.11
1221.11
2198.86
2198.86
2279.97
2279.97
1896.85
1896.85
2290.57
2290.57
581.93
581.93
695.58
695.58
231.80
231.80
672.24
672.24
489.71
489.71
1639.84
1639.84
1639.84
1639.84
99.45
99.45
2253.02
2253.02
2016.60
2016.60
2003.16
2003.16
1414.38
1414.38
10.00
10.00
2323.62
2323.62
193.53
193.53
2303.56
2303.56
1485.02
1485.02
2266.77
2266.77
1540.68
1540.68
2200.33
2200.33
767.05
767.05
255.01
255.01
2256.45
2256.45
1551.65
1551.65
182.49
182.49
2399.36
2399.36
1525.49
1525.49
168.72
168.72
249.27
249.27
2329.20
2329.20
1655.04
1655.04
2211.11
2211.11
2351.10
2351.10
166.39
166.39
2393.28
2393.28
1106.81
1106.81
2314.35
2314.35
1848.46
1848.46
1423.56
1423.56
1802.45
1802.45
2267.59
2267.59
2283.38
2283.38
535.59
535.59
2174.79
2174.79
1194.27
1194.27
2346.36
2346.36
725.89
725.89
2376.91
2376.91
825.85
825.85
757.33
757.33
1848.60
1848.60
746.80
746.80
1089.93
1089.93
2118.73
2118.73
2444.05
2444.05
2110.31
2110.31
693.78
693.78
182.22
182.22
737.57
737.57
2312.09
2312.09
1732.69
1732.69
865.64
865.64
1356.83
1356.83
558.10
558.10
795.15
795.15
278.13
278.13
526.06
526.06
2365.93
2365.93
740.67
740.67
574.30
574.30
2355.63
2355.63
1946.47
1946.47
10.00
10.00
830.12
830.12
156.88
156.88
732.21
732.21
29.21
29.21
520.32
520.32
2140.06
2140.06
2073.90
2073.90
2275.67
2275.67
2333.66
2333.66
1846.97
1846.97
874.05
874.05
2277.07
2277.07
1582.61
1582.61
103.33
103.33
736.43
736.43
450.91
450.91
1086.45
1086.45
132.78
132.78
20.71
20.71
1704.31
1704.31
2320.99
2320.99
1866.88
1866.88
2293.83
2293.83
453.05
453.05
137.61
137.61
61.91
61.91
1980.19
1980.19
1807.09
1807.09
1630.01
1630.01
161.17
161.17
902.83
902.83
727.42
727.42
1249.44
1249.44
81.67
81.67
298.97
298.97
311.28
311.28
20.80
20.80
1713.42
1713.42
724.84
724.84
19.95
19.95
85.72
85.72
480.49
480.49
404.61
404.61
60.42
60.42
2036.93
2036.93
732.21
732.21
261.90
261.90
1360.38
1360.38
1499.57
1499.57
1414.33
1414.33
749.22
749.22
441.76
441.76
375.59
375.59
1826.98
1826.98
961.83
961.83
71.07
71.07
2358.56
2358.56
1816.26
1816.26
324.32
324.32
149.38
149.38
718.46
718.46
2036.57
2036.57
710.91
710.91
170.56
170.56
2296.62
2296.62
2002.30
2002.30
2297.59
2297.59
355.79
355.79
41.37
41.37
2022.08
2022.08
2209.40
2209.40
381.50
381.50
1821.81
1821.81
2265.85
2265.85
19.94
19.94
896.38
896.38
598.62
598.62
37.11
37.11
2021.08
2021.08
303.44
303.44
101.09
101.09
105.19
105.19
1150.13
1150.13
319.78
319.78
191.65
191.65
10.49
10.49
732.59
732.59
404.47
404.47
1143.07
1143.07
1501.24
1501.24
290.46
290.46
580.57
580.57
2309.02
2309.02
740.39
740.39
164.42
164.42
223.50
223.50
748.03
748.03
1623.96
1623.96
1623.96
1623.96
2159.68
2159.68
2324.34
2324.34
638.80
638.80
2241.11
2241.11
1122.17
1122.17
2295.81
2295.81
310.33
310.33
1750.12
1750.12
659.21
659.21
2297.78
2297.78
1615.94
1615.94
2126.12
2126.12
1719.63
1719.63
1471.68
1471.68
2343.75
2343.75
178.39
178.39
878.87
878.87
2260.80
2260.80
245.33
245.33
2125.56
2125.56
2335.45
2335.45
2375.91
2375.91
220.18
220.18
1483.93
1483.93
2199.70
2199.70
2337.26
2337.26
1414.37
1414.37
2203.20
2203.20
2280.60
2280.60
2069.04
2069.04
2304.78
2304.78
2109.53
2109.53
2041.40
2041.40
2308.52
2308.52
309.12
309.12
1060.29
1060.29
1696.38
1696.38
645.06
645.06
2315.75
2315.75
60.64
60.64
678.51
678.51
1137.32
1137.32
724.65
724.65
177.06
177.06
465.12
465.12
2114.26
2114.26
317.91
317.91
2286.88
2286.88
205.97
205.97
346.07
346.07
420.70
420.70
134.72
134.72
2049.97
2049.97
336.95
336.95
2340.19
2340.19
2201.30
2201.30
372.00
372.00
959.72
959.72
196.19
196.19
735.82
735.82
501.43
501.43
281.92
281.92
210.02
210.02
2409.93
2409.93
10.00
10.00
2218.95
2218.95
282.21
282.21
453.67
453.67
357.48
357.48
1408.87
1408.87
2119.90
2119.90
648.34
648.34
2173.50
2173.50
959.33
959.33
1409.27
1409.27
785.40
785.40
149.11
149.11
1678.38
1678.38
2287.64
2287.64
1041.03
1041.03
2311.94
2311.94
2102.60
2102.60
1577.25
1577.25
561.93
561.93
204.59
204.59
84.54
84.54
2255.52
2255.52
103.25
103.25
537.24
537.24
404.95
404.95
508.10
508.10
2318.33
2318.33
631.86
631.86
373.71
373.71
211.79
211.79
223.91
223.91
2246.35
2246.35
456.41
456.41
2346.95
2346.95
349.27
349.27
1995.15
1995.15
403.30
403.30
367.09
367.09
367.09
277.76
277.76
791.51
791.51
1528.10
1528.10
2493.35
2493.35
591.11
591.11
1906.20
1906.20
1605.23
1605.23
1668.69
1668.69
164.59
164.59
2074.31
2074.31
2331.25
2331.25
470.30
470.30
2343.24
2343.24
377.51
377.51
631.40
631.40
1042.87
1042.87
564.09
564.09
135.03
135.03
216.50
216.50
1146.63
1146.63
1233.15
1233.15
2279.83
2279.83
2191.26
2191.26
709.86
709.86
120.08
120.08
1926.02
1926.02
1651.95
1651.95
1289.44
1289.44
912.93
912.93
186.74
186.74
2046.45
2046.45
483.88
483.88
2357.62
2357.62
2258.84
2258.84
135.55
135.55
1362.73
1362.73
2247.69
2247.69
202.53
202.53
372.26
372.26
2184.29
2184.29
2352.64
2352.64
192.37
192.37
124.85
124.85
2430.00
2430.00
1187.17
1187.17
185.57
185.57
28.33
28.33
2020.20
2020.20
1786.97
1786.97
1969.25
1969.25
143.87
143.87
12.03
12.03
2329.87
2329.87
760.34
760.34
2300.05
2300.05
1903.35
1903.35
1680.00
1680.00
2427.49
2427.49
2383.32
2383.32
2383.32
2383.32
2383.32
2383.32
2179.59
2179.59
10.00
10.00
2002.65
2002.65
1863.45
1863.45
1952.40
1952.40
2502.69
2502.69
2032.63
2032.63
339.91
339.91
695.25
695.25
891.17
891.17
2071.38
2071.38
1997.06
1997.06
2158.77
2158.77
2333.18
2333.18
145.98
145.98
2092.52
2092.52
266.06
266.06
2312.92
2312.92
2155.24
2155.24
480.20
480.20
383.73
383.73
87.92
87.92
836.91
836.91
169.73
169.73
2183.42
2183.42
2280.56
2280.56
140.09
140.09
2333.51
2333.51
1243.00
1243.00
2319.93
2319.93
1735.39
1735.39
1705.08
1705.08
2506.65
2506.65
1392.83
1392.83
757.18
757.18
1092.55
1092.55
111.16
111.16
2135.23
2135.23
2262.75
2262.75
75.06
75.06
2236.84
2236.84
685.87
685.87
1746.80
1746.80
2293.26
2293.26
1881.39
1881.39
2536.63
2536.63
700.91
700.91
2254.98
2254.98
280.22
280.22
138.01
138.01
1625.92
1625.92
55.34
55.34
13.26
13.26
14.18
14.18
1175.29
1175.29
830.47
830.47
158.88
158.88
198.10
198.10
2369.59
2369.59
586.99
586.99
361.42
361.42
241.77
241.77
111.99
111.99
806.14
806.14
1031.12
1031.12
15.04
15.04
44.60
44.60
2003.86
2003.86
2158.73
2158.73
221.15
221.15
1552.22
1552.22
14.90
14.90
332.19
332.19
1071.92
1071.92
2331.34
2331.34
1177.91
1177.91
79.02
79.02
1821.56
1821.56
60.21
60.21
2345.63
2345.63
2508.97
2508.97
2253.91
2253.91
1478.45
1478.45
289.62
289.62
669.58
669.58
1430.22
1430.22
725.31
725.31
64.75
64.75
1048.84
1048.84
2266.46
2266.46
1253.94
1253.94
2106.15
2106.15
41.81
41.81
2171.15
2171.15
2319.70
2319.70
816.91
816.91
2335.88
2335.88
82.22
82.22
2437.08
2437.08
20.19
20.19
2224.53
2224.53
709.54
709.54
2450.71
2450.71
50.13
50.13
997.28
997.28
679.85
679.85
61.32
61.32
205.24
205.24
1369.17
1369.17
783.87
783.87
1817.24
1817.24
2209.44
2209.44
404.39
404.39
440.85
440.85
65.42
65.42
15.33
15.33
657.26
657.26
2209.13
2209.13
608.03
608.03
1040.31
1040.31
169.74
169.74
661.68
661.68
191.82
191.82
2308.80
2308.80
310.11
310.11
2254.60
2254.60
2229.37
2229.37
310.45
310.45
869.67
869.67
807.12
807.12
733.04
733.04
2282.06
2282.06
2329.41
2329.41
754.63
754.63
10.06
10.06
641.16
641.16
2345.19
2345.19
868.08
868.08
201.11
201.11
33.96
33.96
86.27
86.27
583.33
583.33
144.88
144.88
2175.71
2175.71
2240.16
2240.16
19.98
19.98
238.34
238.34
46.76
46.76
104.64
104.64
2279.85
2279.85
1949.52
1949.52
81.96
81.96
393.73
393.73
2172.32
2172.32
744.56
744.56
45.05
45.05
746.11
746.11
1940.29
1940.29
1558.13
1558.13
2272.55
2272.55
1974.31
1974.31
28.49
28.49
2307.74
2307.74
96.05
96.05
181.92
181.92
80.42
80.42
84.44
84.44
34.58
34.58
2283.46
2283.46
1535.83
1535.83
79.56
79.56
329.48
329.48
196.89
196.89
13.17
13.17
850.45
850.45
84.01
84.01
1771.39
1771.39
265.68
265.68
605.52
605.52
33.25
33.25
2085.10
2085.10
377.21
377.21
2301.94
2301.94
2342.63
2342.63
2062.27
2062.27
732.48
732.48
329.51
329.51
225.19
225.19
803.03
803.03
881.87
881.87
237.70
237.70
1552.06
1552.06
15.57
15.57
2297.40
2297.40
2324.70
2324.70
75.80
75.80
41.69
41.69
15.18
15.18
15.18
15.18
15.18
15.18
15.18
15.18
15.18
15.18
15.18
15.18
15.18
15.18
15.18
15.18
383.87
2163.28
2200.28
1736.91
353.46
353.46
1819.94
1819.94
735.38
735.38
891.25
891.25
467.33
467.33
110.43
110.43
181.45
181.45
92.96
92.96
29.21
29.21
734.86
734.86
1252.67
1252.67
79.20
79.20
2027.29
2027.29
612.11
612.11
735.44
735.44
1180.90
1180.90
27.93
27.93
862.34
862.34
2370.18
2370.18
438.85
438.85
604.96
604.96
748.41
748.41
134.04
134.04
1036.05
1036.05
1841.35
1841.35
66.59
66.59
749.42
749.42
170.16
170.16
389.52
389.52
103.34
103.34
122.87
122.87
21.05
21.05
900.89
900.89
590.57
590.57
192.65
192.65
1814.80
1814.80
40.77
40.77
253.07
253.07
115.70
115.70
20.61
20.61
1268.79
1268.79
123.73
123.73
2349.78
2349.78
106.35
106.35
2334.37
2334.37
734.41
734.41
51.89
51.89
270.41
270.41
231.25
231.25
82.14
82.14
806.00
806.00
1257.54
1257.54
85.34
85.34
1909.90
1909.90
2347.50
2347.50
2347.50
2347.50
499.72
499.72
721.59
721.59
2243.29
2243.29
2257.95
2257.95
2257.95
2257.95
157.61
157.61
2361.97
2361.97
2282.73
2282.73
2050.64
2050.64
2408.38
2408.38
2396.23
2396.23
2415.65
2415.65
2429.28
2429.28
2429.28
2429.28
1027.05
1027.05
2242.48
2242.48
1758.08
1758.08
2328.74
2328.74
56.90
56.90
2343.26
2343.26
2176.72
2176.72
198.06
198.06
1329.08
1329.08
22.01
22.01
1830.13
1830.13
2274.15
2274.15
67.12
67.12
13.72
13.72
993.87
993.87
2027.43
2027.43
2253.24
2253.24
2050.55
2050.55
1775.75
1775.75
2305.47
2305.47
2305.47
2305.47
2203.32
2203.32
2386.68
2386.68
1374.43
1374.43
2296.51
2296.51
1946.03
1946.03
14.20
14.20
2317.99
2317.99
1360.50
1360.50
2292.72
2292.72
38.80
38.80
644.25
644.25
1965.34
1965.34
36.09
36.09
214.27
214.27
1703.72
1703.72
2456.15
2456.15
941.74
941.74
1970.20
1970.20
2254.08
2254.08
20.57
20.57
237.40
237.40
730.05
730.05
1897.12
1897.12
185.48
185.48
2307.77
2307.77
2251.21
2251.21
29.14
29.14
150.34
150.34
428.36
428.36
768.26
768.26
2275.04
2275.04
2216.30
2216.30
186.11
186.11
161.23
161.23
201.56
201.56
2081.30
2081.30
2138.19
2138.19
59.80
59.80
722.22
722.22
27.99
27.99
1446.22
1446.22
2258.80
2258.80
2294.54
2294.54
2317.58
2317.58
257.41
257.41
731.40
731.40
2259.81
2259.81
2326.76
2326.76
14.16
14.16
442.62
442.62
728.68
728.68
87.61
87.61
2200.70
2200.70
2219.55
2219.55
1709.16
1709.16
2290.78
2290.78
29.84
29.84
735.63
735.63
2331.30
2331.30
91.52
91.52
2007.88
2007.88
2307.38
2307.38
2332.83
2332.83
1659.21
1659.21
2240.60
2240.60
2343.76
2343.76
2294.32
2294.32
41.39
41.39
454.83
454.83
27.69
27.69
2252.73
2252.73
1927.31
1927.31
1471.47
1471.47
28.62
28.62
497.74
497.74
61.93
61.93
77.88
77.88
36.99
36.99
2320.40
2320.40
406.27
406.27
251.97
251.97
710.38
710.38
1633.08
1633.08
11.35
11.35
29.64
29.64
193.26
193.26
618.48
618.48
16.40
16.40
1861.93
1861.93
2311.10
2311.10
2494.28
2494.28
421.31
421.31
119.06
119.06
1338.31
1338.31
479.73
479.73
29.34
29.34
2135.61
2135.61
1111.08
1111.08
662.61
662.61
995.24
995.24
1729.13
1729.13
709.75
709.75
1505.71
1505.71
2228.82
2228.82
2094.99
2094.99
26.87
26.87
2498.15
2498.15
196.52
196.52
1563.83
1563.83
2518.32
2518.32
592.62
592.62
1660.77
1660.77
216.18
216.18
14.76
14.76
347.59
347.59
1314.11
1314.11
2117.96
2117.96
689.88
689.88
2004.09
2004.09
1261.75
1261.75
1951.78
1951.78
741.65
741.65
596.09
596.09
292.04
292.04
108.36
108.36
368.04
368.04
325.55
325.55
496.05
496.05
163.00
163.00
23.68
23.68
1044.57
1044.57
87.49
87.49
466.83
466.83
77.04
77.04
1530.10
1530.10
1530.10
1530.10
1530.10
941.53
261.12
261.12
918.95
918.95
595.01
595.01
717.84
717.84
717.84
636.81
636.81
327.77
327.77
1366.63
1366.63
856.76
856.76
2269.29
2269.29
2216.67
2216.67
403.44
403.44
2402.73
2402.73
279.14
279.14
87.37
87.37
747.84
747.84
245.94
245.94
73.13
73.13
497.18
497.18
1571.86
1571.86
701.45
701.45
380.59
380.59
1829.50
1829.50
1749.21
1749.21
1781.78
1781.78
1472.08
1472.08
1748.08
1748.08
811.86
811.86
689.73
689.73
662.99
662.99
1860.82
1860.82
339.90
339.90
2410.50
2410.50
2410.50
2410.50
1763.78
1763.78
1123.24
1123.24
1787.66
1787.66
628.38
628.38
2377.53
2377.53
235.26
235.26
430.64
430.64
721.03
721.03
106.80
106.80
435.17
435.17
684.31
684.31
240.32
240.32
1853.41
1853.41
669.97
669.97
812.51
812.51
2142.93
2142.93
140.69
140.69
54.99
54.99
1571.29
1571.29
1092.80
1092.80
1863.28
1863.28
126.31
126.31
32.97
32.97
53.95
53.95
85.32
85.32
1185.55
1185.55
169.24
169.24
1619.46
1619.46
336.52
336.52
1040.98
1040.98
2118.35
2118.35
2161.36
2161.36
33.67
33.67
10.00
10.00
15.06
15.06
2014.56
2014.56
742.39
742.39
39.29
39.29
1254.77
1254.77
12.60
12.60
159.25
159.25
208.62
208.62
2303.97
2303.97
1453.58
1453.58
165.75
165.75
1297.15
1297.15
1875.33
1875.33
94.18
94.18
2327.96
2327.96
736.31
736.31
2174.29
2174.29
274.35
274.35
130.94
130.94
1118.21
1118.21
73.21
73.21
742.49
742.49
37.58
37.58
35.59
35.59
29.89
29.89
2158.28
2158.28
202.13
202.13
25.11
25.11
77.96
77.96
62.56
62.56
2323.31
2323.31
29.94
29.94
913.08
913.08
726.80
726.80
1851.57
1851.57
2405.33
2405.33
2470.06
2470.06
987.51
987.51
1741.43
1741.43
235.78
235.78
702.17
702.17
488.28
488.28
2250.46
2250.46
2354.92
2354.92
89.79
89.79
152.32
152.32
116.47
116.47
324.18
324.18
347.97
347.97
2270.92
2270.92
1525.54
1525.54
67.61
67.61
2388.36
2388.36
2271.37
2271.37
449.55
449.55
735.25
735.25
10.00
10.00
733.72
733.72
71.02
71.02
146.05
146.05
1995.92
1995.92
2156.71
2156.71
2156.71
1686.14
399.55
399.55
749.50
749.50
1497.63
1497.63
40.45
40.45
25.55
25.55
1570.29
1570.29
735.76
735.76
136.66
136.66
2282.06
2282.06
1339.80
1339.80
56.56
56.56
991.90
991.90
2231.70
2231.70
2199.88
2199.88
2458.45
2458.45
2350.14
2350.14
129.95
129.95
580.00
580.00
1819.58
1819.58
1441.60
1441.60
1175.67
1175.67
1706.73
1706.73
1891.49
1891.49
2125.29
2125.29
2379.37
2379.37
2346.73
2346.73
245.10
245.10
228.49
228.49
20.93
20.93
671.04
671.04
2068.13
2068.13
2319.51
2319.51
790.89
790.89
321.67
321.67
2609.19
2609.19
1293.94
1293.94
344.93
344.93
2164.83
2164.83
2377.08
2377.08
2403.82
2403.82
216.89
216.89
163.79
163.79
1412.16
1412.16
2328.41
2328.41
1138.60
1138.60
2337.14
2337.14
2175.98
2175.98
104.46
104.46
2354.65
2354.65
1967.06
1967.06
216.75
216.75
2105.04
2105.04
2337.50
2337.50
156.06
156.06
744.55
744.55
2226.19
2226.19
93.19
93.19
2280.37
2280.37
2299.60
2299.60
20.67
20.67
368.01
368.01
730.05
730.05
1829.06
1829.06
2280.95
2280.95
201.92
201.92
1252.24
1252.24
14.31
14.31
1702.81
1702.81
106.70
106.70
2291.07
2291.07
2278.43
2278.43
721.87
721.87
196.68
196.68
711.90
711.90
1748.17
1748.17
2065.73
2065.73
2116.62
2116.62
320.87
320.87
754.13
754.13
1294.04
1294.04
1909.97
1909.97
155.81
155.81
2134.51
2134.51
2332.45
2332.45
2330.23
2330.23
13.18
13.18
2194.91
2194.91
13.07
13.07
315.38
315.38
53.30
53.30
14.78
14.78
318.32
318.32
1087.58
1087.58
2310.12
2310.12
2310.12
2310.12
2310.12
2310.12
2310.12
2310.12
2310.12
2310.12
2310.12
2310.12
2310.12
2310.12
2310.12
2310.12
2310.12
2310.12
408.30
408.30
75.12
75.12
1470.16
1470.16
12.61
12.61
2362.74
2362.74
20.86
20.86
412.57
412.57
15.21
15.21
138.00
138.00
548.19
548.19
2304.51
2304.51
1041.59
1041.59
706.95
706.95
69.72
69.72
339.14
339.14
1827.28
1827.28
123.68
123.68
720.42
720.42
81.59
81.59
669.52
669.52
1893.95
1893.95
287.48
287.48
1776.34
1776.34
1109.97
1109.97
65.78
65.78
2383.23
2383.23
456.25
456.25
329.41
329.41
322.92
322.92
947.99
947.99
79.12
79.12
2311.48
2311.48
2249.45
2249.45
279.16
279.16
2289.78
2289.78
2227.83
2227.83
720.18
720.18
2371.72
2371.72
2034.44
2034.44
2325.76
2325.76
2295.35
2295.35
951.88
951.88
120.14
120.14
2232.81
2232.81
2152.86
2152.86
297.89
297.89
2353.26
2353.26
2284.59
2284.59
1959.40
1959.40
381.66
381.66
746.24
746.24
105.80
105.80
38.41
38.41
217.81
217.81
1671.75
1671.75
734.51
734.51
77.87
77.87
1327.48
1327.48
365.98
365.98
295.28
295.28
461.29
461.29
289.27
289.27
26.87
26.87
20.27
20.27
477.39
477.39
140.05
140.05
38.83
38.83
38.83
1165.51
1165.51
38.94
10.41
10.41
11.48
11.48
1038.33
1038.33
1718.49
1718.49
28.15
28.15
10.00
10.00
2343.26
2343.26
84.41
84.41
14.13
14.13
948.71
948.71
21.01
21.01
442.96
442.96
16.48
16.48
2215.78
2215.78
396.72
396.72
745.08
745.08
2483.84
2483.84
326.28
326.28
2272.96
2272.96
1561.70
1561.70
347.45
347.45
2322.33
2322.33
736.97
736.97
2336.92
2336.92
2142.65
2142.65
2279.11
2279.11
2295.51
2295.51
2398.09
2398.09
2220.32
2220.32
2362.09
2362.09
1783.77
1783.77
2242.89
2242.89
2199.59
2199.59
1794.71
1794.71
2361.82
2361.82
486.76
486.76
1956.54
1956.54
1427.07
1427.07
1152.78
1152.78
750.49
750.49
55.75
55.75
703.12
703.12
40.25
40.25
2269.05
2269.05
2361.53
2361.53
2312.67
2312.67
747.49
747.49
266.99
266.99
2430.50
2430.50
182.09
182.09
257.19
257.19
724.16
724.16
151.68
151.68
14.67
14.67
1092.41
1092.41
2552.85
2552.85
238.24
238.24
2174.01
2174.01
2172.14
2172.14
898.72
898.72
1928.95
1928.95
91.40
91.40
1721.12
1721.12
1567.62
1567.62
2275.97
2275.97
693.96
693.96
2354.03
2354.03
2337.86
2337.86
786.49
786.49
2298.11
2298.11
2166.27
2166.27
2098.38
2098.38
2268.42
2268.42
1528.85
1528.85
157.56
157.56
46.80
46.80
1440.56
1440.56
1440.56
502.60
62.14
62.14
1059.22
1059.22
2300.14
2300.14
2300.14
1191.33
1191.33
770.32
770.32
265.63
265.63
39.93
2283.19
2283.19
2203.78
2203.78
1574.45
1574.45
1574.45
2350.55
2250.84
2250.84
2036.20
2036.20
2036.20
2324.50
2324.50
2315.98
171.80
171.80
171.80
152.26
152.26
2452.97
2452.97
2269.02
2269.02
2090.35
2090.35
1431.14
1431.14
1848.28
1848.28
2360.96
2360.96
2197.39
2197.39
2301.74
2301.74
123.22
123.22
401.01
401.01
722.52
11.86
11.86
11.86
185.48
185.48
1008.52
1008.52
119.07
49.37
