# 1Hz Kbps trace generated by import_real_world_traces.py
1937.13
3393.40
4245.35
3196.18
3196.18
2777.43
2777.43
4446.42
4446.42
4067.01
4067.01
4058.20
4058.20
4533.11
4533.11
848.88
848.88
4831.50
4831.50
3823.06
3823.06
3134.36
3134.36
3748.67
3748.67
3531.47
3531.47
3813.53
3813.53
3123.61
3123.61
4408.85
4408.85
4439.48
4439.48
4558.97
4558.97
4558.97
4558.97
4558.97
4558.97
3256.87
3256.87
3317.96
3317.96
3317.96
3317.96
3317.96
3317.96
3317.96
3317.96
3317.96
5068.71
5068.71
4964.09
4964.09
2127.17
2127.17
4261.94
4261.94
420.66
420.66
420.66
2976.45
2976.45
4796.34
4796.34
4796.34
1551.62
3843.62
3843.62
3843.62
929.97
929.97
410.70
410.70
2908.69
2908.69
2659.16
2659.16
2659.16
2659.16
2659.16
2659.16
5046.94
5046.94
2036.42
2036.42
3219.76
3219.76
3219.76
3219.76
3219.76
3219.76
1445.34
1445.34
2450.80
2450.80
1936.18
1936.18
5111.37
5111.37
2768.63
2768.63
2768.63
2768.63
2768.63
2768.63
2768.63
2768.63
2768.63
2768.63
4285.51
4285.51
4418.61
4418.61
2340.42
2340.42
4914.26
4914.26
4914.26
