# 1Hz Kbps trace generated by import_real_world_traces.py
524.05
637.24
856.74
856.74
856.74
856.74
856.74
856.74
856.74
856.74
856.74
856.74
856.74
856.74
856.74
856.74
856.74
856.74
856.74
856.74
856.74
856.74
856.74
856.74
856.74
856.74
856.74
981.53
981.53
1163.53
1163.53
1163.53
1163.53
1163.53
1163.53
1163.53
1163.53
1163.53
1163.53
1163.53
1163.53
1163.53
1163.53
1163.53
1163.53
1163.53
1163.53
1163.53
1163.53
1163.53
1163.53
1163.53
1163.53
1163.53
1163.53
1163.53
1163.53
1156.49
1156.49
1156.49
1156.49
1156.49
1135.19
1262.49
1262.49
1262.49
1262.49
1222.43
1222.43
1222.43
1240.23
1240.23
1249.14
1249.14
1257.74
1257.74
1257.74
1257.74
1257.74
1257.74
1257.74
799.60
799.60
1249.52
1249.52
1249.52
1249.52
1259.28
1259.28
1337.78
1337.78
1307.10
