# 1Hz Kbps trace generated by import_real_world_traces.py
381.85
2295.23
915.05
915.05
14.00
870.02
1553.92
1553.92
168.84
168.84
168.84
168.84
2664.45
755.92
945.71
945.71
1263.16
1377.80
1166.71
2342.36
2635.48
2661.76
2661.76
2145.80
2145.80
2317.24
2317.24
2317.24
780.61
379.92
379.92
1289.50
1289.50
1418.65
1418.65
408.40
408.40
2535.36
2535.36
2029.42
2029.42
1759.72
1759.72
106.29
106.29
1478.60
1478.60
864.72
864.72
1532.76
1532.76
1633.06
1633.06
28.49
28.49
692.22
692.22
2581.11
2581.11
2695.84
2695.84
394.63
394.63
2720.38
2720.38
706.56
706.56
780.91
780.91
2535.29
2535.29
3414.85
3414.85
1131.65
1131.65
1204.69
1204.69
1807.69
1807.69
2987.07
2987.07
1089.20
1089.20
832.63
832.63
1034.26
1034.26
1985.01
1985.01
733.68
733.68
1566.09
1566.09
1325.76
1325.76
3104.76
3104.76
997.57
997.57
1458.87
1458.87
1324.27
1324.27
1638.71
1638.71
1263.97
1263.97
1372.04
1372.04
2161.15
2161.15
2608.06
2608.06
2608.06
10.00
1952.06
1952.06
1700.49
1700.49
1909.96
1909.96
45.33
45.33
1007.98
1007.98
1007.98
675.96
1611.64
1611.64
449.99
449.99
1158.74
1158.74
425.76
425.76
3302.58
3302.58
2179.22
2179.22
22.40
22.40
2636.05
2636.05
2928.03
2928.03
354.26
354.26
3166.09
3166.09
4198.59
4198.59
1356.39
1356.39
4158.63
4158.63
3250.89
3250.89
3079.26
3079.26
4389.62
4389.62
2400.65
2400.65
979.40
979.40
979.40
381.96
381.96
402.20
402.20
18.84
18.84
455.63
455.63
455.63
473.59
473.59
473.59
1192.72
281.65
210.89
749.77
749.77
749.77
749.77
937.87
937.87
937.87
937.87
937.87
937.87
937.87
851.44
851.44
778.00
778.00
778.00
636.25
636.25
636.25
707.23
707.23
707.23
707.23
184.13
746.56
746.56
1170.44
1220.49
1170.90
1012.17
363.12
363.12
214.44
1322.93
2129.26
1442.60
1442.60
248.16
248.16
684.13
684.13
1303.93
1303.93
721.19
721.19
17.75
17.75
1516.64
1516.64
21.65
21.65
2306.80
2306.80
1750.71
1750.71
3761.43
3761.43
1620.56
1620.56
3750.98
3750.98
3750.98
3750.98
3750.98
3750.98
3750.98
3750.98
22.36
22.36
1602.97
1602.97
2348.39
2348.39
4135.76
4135.76
681.73
681.73
3647.27
3647.27
3712.68
3712.68
1377.37
1377.37
4134.25
4134.25
1271.76
1271.76
1242.62
1242.62
1242.62
1242.62
793.00
793.00
886.26
886.26
29.83
29.83
29.83
694.29
694.29
694.29
558.02
558.02
558.02
558.02
465.63
465.63
465.63
467.00
635.26
574.44
574.44
574.44
694.94
694.94
866.87
866.87
853.37
853.37
1416.02
322.45
322.45
806.91
893.75
893.75
893.75
684.79
684.79
684.79
684.79
684.79
225.52
225.52
2437.56
23.22
3193.47
3193.47
1756.02
1756.02
3403.93
3403.93
3146.37
3146.37
3146.37
3146.37
3555.11
3555.11
1706.15
1706.15
1916.87
1916.87
1429.77
1429.77
967.22
967.22
603.95
603.95
1365.29
1365.29
2202.64
2202.64
1658.64
1658.64
771.37
771.37
2713.92
2713.92
668.35
668.35
1837.07
1837.07
662.79
662.79
2666.11
2666.11
1202.79
1202.79
1202.79
1202.79
1202.79
1202.79
1202.79
1202.79
692.96
2790.41
2790.41
2102.78
406.25
273.58
273.58
451.15
750.61
750.61
580.69
580.69
291.60
291.60
1599.05
1599.05
1092.48
1092.48
580.61
580.61
730.54
730.54
2600.57
2600.57
190.64
190.64
83.40
83.40
52.19
52.19
890.64
890.64
10.00
10.00
176.53
176.53
1531.05
1531.05
2138.17
2138.17
1000.45
1000.45
12.28
12.28
10.00
10.00
2629.82
2629.82
1985.92
1985.92
919.22
919.22
3349.52
3349.52
393.97
393.97
2034.35
2034.35
1000.57
1000.57
1267.58
1267.58
16.15
16.15
1684.47
1684.47
118.52
118.52
2184.88
2184.88
2378.77
2378.77
1195.00
1195.00
3048.65
3048.65
1152.64
1152.64
2967.42
2967.42
1925.53
1925.53
1075.53
1075.53
1029.99
1029.99
326.03
326.03
495.48
495.48
1270.15
1270.15
786.00
786.00
238.38
238.38
798.36
798.36
1706.59
1706.59
362.73
362.73
12.64
12.64
28.53
28.53
475.00
475.00
841.06
841.06
454.36
454.36
13.55
13.55
1970.32
1970.32
447.60
447.60
1258.74
1258.74
419.78
419.78
1018.62
1018.62
184.90
184.90
315.22
315.22
1615.03
1615.03
2231.10
2231.10
2399.13
2399.13
1069.97
1069.97
1722.35
1722.35
2384.91
2384.91
835.30
835.30
1236.46
1236.46
1398.43
1398.43
1301.39
1301.39
1692.89
1692.89
308.12
308.12
835.08
835.08
4305.36
4305.36
155.75
155.75
1639.53
1639.53
341.23
341.23
2856.35
2856.35
12.71
12.71
201.73
201.73
52.66
52.66
715.74
715.74
2707.22
2707.22
10.00
10.00
808.36
808.36
1239.42
1239.42
1610.63
1610.63
895.18
895.18
406.82
406.82
995.40
995.40
1127.65
1127.65
188.26
188.26
1290.94
1290.94
608.32
608.32
10.88
10.88
983.47
983.47
1168.77
1168.77
476.93
476.93
1381.48
1381.48
42.81
42.81
636.85
636.85
698.44
698.44
10.00
10.00
1787.23
1787.23
934.35
934.35
2867.66
2867.66
647.83
647.83
1339.21
1339.21
1391.75
1391.75
2768.40
2768.40
769.07
769.07
342.37
342.37
2769.69
2769.69
2331.14
2331.14
409.41
409.41
748.96
748.96
2556.00
2556.00
1520.46
1520.46
280.31
280.31
3103.88
3103.88
869.19
869.19
1198.61
1198.61
1585.81
1585.81
395.76
395.76
61.12
61.12
1630.06
1630.06
1942.22
1942.22
2184.98
2184.98
704.44
704.44
3047.14
3047.14
703.92
703.92
703.92
29.86
29.86
1421.61
1366.36
1366.36
18.67
18.67
1247.42
1247.42
68.93
68.93
2525.64
2525.64
921.03
921.03
2878.17
2878.17
527.14
527.14
2408.22
2408.22
34.97
34.97
1565.81
1565.81
78.69
78.69
1310.10
1310.10
3276.92
3276.92
10.39
10.39
182.79
182.79
18.63
18.63
1304.79
1304.79
514.51
514.51
2823.24
2823.24
1134.86
1134.86
1134.86
856.14
856.14
685.74
1941.74
1941.74
800.25
800.25
544.50
544.50
955.33
955.33
1014.75
1014.75
730.07
730.07
10.00
10.00
1095.39
1095.39
846.02
846.02
1374.55
1374.55
1032.80
1032.80
2047.37
2047.37
2302.05
2302.05
312.36
312.36
621.74
621.74
1410.64
1410.64
659.23
659.23
197.33
197.33
275.41
275.41
1225.49
1225.49
667.77
667.77
2132.65
2132.65
26.07
26.07
702.62
702.62
1240.52
1240.52
1344.52
1344.52
572.99
572.99
341.27
341.27
341.27
1757.92
2403.47
2403.47
1763.79
1763.79
884.60
884.60
771.20
771.20
771.20
556.02
767.42
767.42
1465.80
1465.80
288.94
288.94
1728.17
1728.17
1275.69
1275.69
425.18
425.18
2376.39
2376.39
727.19
727.19
711.77
711.77
220.39
220.39
2729.00
2729.00
2729.00
2729.00
1651.45
1651.45
789.92
789.92
1421.67
1421.67
398.44
398.44
246.16
246.16
931.77
931.77
931.77
931.77
1659.28
1659.28
3428.72
3428.72
289.11
289.11
3485.46
3485.46
3485.46
3485.46
2103.63
2103.63
832.16
832.16
1027.99
1027.99
1165.37
1165.37
2874.92
2874.92
619.19
619.19
10.00
10.00
1743.85
1743.85
684.43
684.43
2819.37
2819.37
78.45
78.45
3683.41
3683.41
465.54
465.54
374.08
374.08
57.30
57.30
269.72
269.72
1730.38
1730.38
109.81
109.81
36.01
36.01
36.01
36.01
327.97
327.97
327.97
28.32
28.32
28.32
981.41
1036.55
296.15
296.15
1627.91
1627.91
788.35
788.35
1105.56
1105.56
345.82
345.82
454.35
454.35
907.88
907.88
698.61
698.61
2111.38
2111.38
3157.18
3157.18
2938.02
2938.02
404.13
404.13
1299.23
1299.23
2715.67
2715.67
1687.61
1687.61
450.71
450.71
2389.52
2389.52
1365.44
1365.44
410.83
410.83
976.01
976.01
2143.83
2143.83
163.33
163.33
964.73
964.73
2442.27
2442.27
224.10
224.10
159.65
159.65
1874.43
1874.43
915.14
915.14
853.52
853.52
1514.60
1514.60
22.65
22.65
1580.69
1580.69
827.67
827.67
1244.98
1244.98
1304.01
1304.01
2822.70
2822.70
2822.70
2822.70
1317.36
1317.36
50.39
50.39
1748.32
1748.32
434.48
434.48
2334.62
2334.62
154.48
154.48
2979.28
2979.28
466.20
466.20
1298.25
1298.25
726.80
726.80
1891.66
1891.66
2316.28
2316.28
1489.71
1489.71
903.54
903.54
508.92
508.92
1770.37
1770.37
1122.50
1122.50
988.16
988.16
1942.24
1942.24
1063.72
1063.72
946.87
946.87
1274.59
1274.59
2655.47
2655.47
1612.72
1612.72
2851.91
2851.91
1029.38
1029.38
46.54
46.54
1265.84
1265.84
2393.34
2393.34
2085.01
2085.01
1618.88
1618.88
161.67
161.67
795.97
795.97
316.74
316.74
1370.72
1370.72
48.25
48.25
529.39
529.39
529.39
979.36
1222.73
1222.73
14.38
14.38
590.32
590.32
590.32
557.07
732.96
732.96
30.39
30.39
1096.22
1096.22
1065.87
1065.87
831.08
831.08
590.72
590.72
3982.50
3982.50
2305.95
2305.95
1909.10
1909.10
1094.41
1094.41
42.81
42.81
517.16
517.16
925.67
925.67
925.67
1895.02
933.66
933.66
566.69
566.69
1100.34
1100.34
1127.54
1127.54
1629.91
1629.91
3346.19
3346.19
421.74
421.74
421.74
995.62
3328.33
3328.33
10.00
10.00
492.40
492.40
492.40
4820.50
1956.10
1956.10
1825.98
1825.98
1637.40
1637.40
1637.40
585.41
1245.00
1245.00
1458.93
1458.93
1745.13
1745.13
730.14
730.14
1927.43
1927.43
1133.17
1133.17
497.67
497.67
2293.92
2293.92
324.51
324.51
272.64
272.64
166.09
166.09
247.05
247.05
247.05
786.57
786.57
1302.98
631.61
631.61
10.00
10.00
10.00
620.44
309.46
309.46
595.59
595.59
10.00
10.00
10.00
1374.35
2325.09
2325.09
798.36
798.36
10.00
10.00
544.58
544.58
1087.71
1087.71
3321.02
3321.02
1080.03
1080.03
745.97
745.97
1434.49
1434.49
397.84
397.84
109.71
109.71
1828.87
1828.87
1828.87
127.36
14.53
14.53
268.85
268.85
2178.30
2178.30
2178.30
1672.57
588.88
588.88
931.85
931.85
10.00
10.00
1748.42
1748.42
1748.42
4819.08
10.00
10.00
1660.44
1660.44
1589.83
1589.83
1589.83
10.42
931.39
931.39
211.16
211.16
1742.75
1742.75
1742.75
341.98
1412.82
1412.82
46.95
46.95
579.58
579.58
258.99
258.99
258.99
1934.47
1934.47
3267.81
3267.81
998.54
998.54
328.17
328.17
488.81
488.81
3091.89
3091.89
39.23
39.23
541.70
541.70
1386.26
1386.26
1006.30
1006.30
2496.41
2496.41
2371.59
2371.59
394.48
394.48
411.02
411.02
1048.53
1048.53
246.79
246.79
98.70
98.70
1390.59
1390.59
1481.70
1481.70
210.99
210.99
1934.66
1934.66
20.11
20.11
22.12
22.12
53.84
53.84
1129.91
1129.91
11.35
11.35
987.26
987.26
179.73
179.73
2598.38
2598.38
636.27
636.27
1755.75
1755.75
5566.52
5566.52
1545.17
1545.17
179.54
179.54
1307.35
1307.35
5445.09
5445.09
11.35
11.35
1902.57
1902.57
1336.29
1336.29
10.00
10.00
12.30
12.30
1583.79
1583.79
4519.14
4519.14
1613.39
1613.39
1709.15
1709.15
2333.86
2333.86
1139.56
1139.56
4139.23
4139.23
10.00
10.00
5055.85
5055.85
2634.98
2634.98
449.60
449.60
172.33
172.33
173.43
173.43
2891.81
2891.81
2967.61
2967.61
890.89
890.89
774.63
774.63
692.96
692.96
11.60
11.60
10.00
10.00
642.32
642.32
1787.63
1787.63
2331.26
2331.26
2493.89
2493.89
661.52
661.52
1710.68
1710.68
3028.30
3028.30
10.51
10.51
1856.73
1856.73
109.40
109.40
1604.20
1604.20
626.73
626.73
3275.08
3275.08
81.62
81.62
2109.47
2109.47
789.97
789.97
42.01
42.01
89.91
89.91
1429.47
1429.47
1709.34
1709.34
3108.42
3108.42
133.81
133.81
555.49
555.49
10.36
10.36
2063.97
2063.97
354.42
354.42
511.83
511.83
83.46
83.46
3414.21
3414.21
1486.62
1486.62
180.92
180.92
556.47
556.47
5930.25
5930.25
1907.91
1907.91
1881.80
1881.80
231.65
231.65
2406.44
2406.44
87.80
87.80
1155.21
1155.21
1948.02
1948.02
2564.21
2564.21
18.79
18.79
802.53
802.53
1628.32
1628.32
2378.88
2378.88
11.31
11.31
1575.40
1575.40
1494.26
1494.26
1837.95
1837.95
1583.18
1583.18
522.20
522.20
862.08
862.08
3679.45
3679.45
1702.05
1702.05
100.33
100.33
46.16
46.16
4390.12
4390.12
658.41
658.41
65.73
65.73
3391.58
3391.58
2245.98
2245.98
1580.28
1580.28
363.77
363.77
1951.47
1951.47
691.15
691.15
1550.35
1550.35
32.47
32.47
1598.07
1598.07
1905.00
1905.00
78.96
78.96
4514.08
4514.08
1887.40
1887.40
1928.09
1928.09
11.59
11.59
10.17
10.17
43.80
43.80
2829.82
2829.82
2039.33
2039.33
4246.06
4246.06
3241.78
3241.78
481.95
481.95
1942.44
1942.44
2074.86
2074.86
73.84
73.84
1722.39
1722.39
3321.03
3321.03
584.51
584.51
55.95
55.95
2552.42
2552.42
1955.73
1955.73
24.56
24.56
2092.34
2092.34
821.17
821.17
10.00
10.00
392.70
392.70
152.68
152.68
85.18
85.18
4937.52
4937.52
623.43
623.43
2188.67
2188.67
1441.83
1441.83
257.99
257.99
396.92
396.92
18.29
18.29
62.48
62.48
4234.15
4234.15
1849.98
1849.98
42.27
42.27
1942.49
1942.49
1575.37
1575.37
2876.38
2876.38
2799.10
2799.10
1452.40
1452.40
53.92
53.92
1216.48
1216.48
1337.35
1337.35
2611.73
2611.73
1211.52
1211.52
1436.62
1436.62
3864.94
3864.94
5709.07
5709.07
1039.08
1039.08
587.89
587.89
2617.35
2617.35
543.25
543.25
45.91
45.91
1312.14
1312.14
692.93
692.93
144.78
144.78
4622.90
4622.90
549.83
549.83
1429.17
1429.17
431.28
431.28
265.59
265.59
1130.84
1130.84
280.25
280.25
590.92
590.92
2662.86
2662.86
25.34
25.34
1501.32
1501.32
1063.76
1063.76
643.34
643.34
181.60
181.60
2088.88
2088.88
541.12
541.12
119.79
119.79
15.62
15.62
18.23
18.23
411.86
411.86
10.04
10.04
1010.58
1010.58
1614.44
1614.44
1882.23
1882.23
32.79
32.79
1652.06
1652.06
2017.48
2017.48
250.18
250.18
2705.32
2705.32
33.82
33.82
1844.98
1844.98
2699.09
2699.09
1005.69
1005.69
760.10
760.10
546.31
546.31
112.56
112.56
2284.35
2284.35
1243.24
1243.24
578.15
578.15
1747.10
1747.10
1876.97
1876.97
482.00
482.00
4492.51
4492.51
114.61
114.61
27.80
27.80
1092.16
1092.16
5271.33
5271.33
102.25
102.25
695.99
695.99
696.93
696.93
456.06
456.06
78.85
78.85
122.02
122.02
27.78
27.78
516.65
516.65
53.42
53.42
2059.07
2059.07
1519.07
1519.07
1786.26
1786.26
1867.21
1867.21
1211.39
1211.39
2962.16
2962.16
243.26
243.26
570.96
570.96
2500.94
2500.94
2106.46
2106.46
1218.97
1218.97
456.12
456.12
10.55
10.55
4143.95
4143.95
1942.90
1942.90
283.11
283.11
1020.95
1020.95
543.31
543.31
2376.27
2376.27
10.00
10.00
89.48
89.48
1340.58
1340.58
2132.29
2132.29
1544.91
1544.91
1305.00
1305.00
1666.43
1666.43
1848.74
1848.74
2397.12
2397.12
278.17
278.17
2831.26
2831.26
1383.23
1383.23
1585.11
1585.11
204.22
204.22
162.41
162.41
856.74
856.74
1444.12
1444.12
3309.25
3309.25
2725.43
2725.43
1724.04
1724.04
3614.11
3614.11
45.95
45.95
1861.36
1861.36
4588.52
4588.52
1844.93
1844.93
5913.58
5913.58
1886.46
1886.46
6509.95
6509.95
98.89
98.89
110.27
110.27
9754.98
9754.98
229.89
229.89
5452.51
5452.51
8924.78
8924.78
10.00
10.00
12864.90
12864.90
193.94
193.94
268.82
268.82
6960.24
6960.24
6599.53
6599.53
92.50
92.50
1924.30
1924.30
6061.20
6061.20
3571.16
3571.16
10055.99
10055.99
2967.21
2967.21
2716.04
2716.04
593.71
593.71
1875.02
1875.02
116.59
116.59
4648.18
4648.18
4433.67
4433.67
3448.45
3448.45
27.43
27.43
27.43
177.44
3593.75
3593.75
69.88
69.88
7264.64
7264.64
2113.87
2113.87
224.62
224.62
1780.69
1780.69
7888.37
7888.37
1942.02
1942.02
5763.59
5763.59
369.34
369.34
6152.55
6152.55
4493.02
4493.02
618.84
618.84
1406.45
1406.45
495.77
495.77
5478.47
5478.47
5478.47
5478.47
7859.44
7859.44
445.49
445.49
2373.23
