# 1Hz Kbps trace generated by import_real_world_traces.py
409.29
444.99
195.67
198.14
91.63
480.23
137.69
291.66
507.58
507.58
702.40
702.40
24.32
24.32
624.48
624.48
515.27
515.27
992.59
992.59
851.93
851.93
339.58
339.58
320.48
320.48
192.79
192.79
98.78
98.78
196.29
196.29
506.03
506.03
219.29
219.29
143.80
143.80
652.21
652.21
133.62
133.62
1272.87
1272.87
878.54
878.54
436.63
436.63
436.63
56.15
723.25
723.25
13.11
13.11
285.54
285.54
686.48
686.48
235.30
235.30
10.00
10.00
781.41
781.41
781.41
781.41
90.73
37.44
586.63
586.63
796.94
796.94
840.40
840.40
590.08
590.08
590.08
590.08
54.01
54.01
611.23
611.23
1344.46
1344.46
1437.26
1437.26
1437.26
1437.26
609.43
174.42
998.22
