# 1Hz Kbps trace generated by import_real_world_traces.py
2875.82
5755.11
7640.83
20.15
20.15
19.93
19.93
2209.23
2209.23
1012.47
1012.47
115.97
115.97
6455.18
6455.18
13730.22
13730.22
13313.13
13313.13
1036.22
1036.22
756.96
756.96
824.17
824.17
363.50
363.50
2572.34
2572.34
830.75
830.75
3938.19
3938.19
803.55
803.55
4261.22
4261.22
1288.88
1288.88
5180.15
5180.15
19.94
19.94
783.54
783.54
783.54
16807.06
825.50
825.50
57.71
57.71
57.71
3395.27
80.41
80.41
301.55
301.55
301.55
1006.15
1006.15
906.50
906.50
206.02
206.02
20.29
262.49
262.49
262.49
1462.63
4356.39
4356.39
4359.58
4359.58
4628.11
4628.11
29.20
29.20
774.94
774.94
2935.83
2935.83
1056.81
1056.81
11876.76
11876.76
106.36
106.36
989.45
989.45
118.57
118.57
114.42
114.42
301.83
301.83
160.67
160.67
454.43
454.43
5794.48
5794.48
828.08
828.08
8468.05
8468.05
11789.65
11789.65
128.03
128.03
11922.72
11922.72
976.55
976.55
12893.31
12893.31
39.49
39.49
7251.50
7251.50
13.55
13.55
639.13
639.13
423.05
423.05
978.37
978.37
2473.69
2473.69
1024.32
1024.32
432.38
432.38
823.11
823.11
34.48
34.48
109.39
109.39
1034.46
1034.46
7016.89
7016.89
971.97
971.97
10298.27
10298.27
37.08
37.08
986.05
986.05
222.80
222.80
1027.37
1027.37
777.75
777.75
581.88
581.88
47.40
47.40
175.70
175.70
6203.93
6203.93
131.54
131.54
10173.95
10173.95
13537.64
13537.64
832.84
832.84
1044.17
1044.17
199.80
199.80
1093.22
1093.22
1093.22
54.94
54.94
713.45
713.45
19.75
19.75
6530.04
6530.04
1028.50
1028.50
281.86
281.86
1036.87
1036.87
1453.40
1453.40
1508.35
1508.35
961.57
961.57
1893.20
1893.20
97.00
97.00
40.42
40.42
2184.31
2184.31
301.24
301.24
309.17
309.17
973.13
973.13
7207.03
102.07
102.07
102.07
216.56
216.56
4643.29
4643.29
824.73
824.73
4919.17
4919.17
10605.21
10605.21
11464.78
11464.78
6147.46
6147.46
14837.49
14837.49
168.38
168.38
740.71
740.71
3680.89
3680.89
1045.77
1045.77
6011.10
6011.10
48.22
48.22
800.35
800.35
18327.31
18327.31
813.13
813.13
310.85
310.85
10.00
10.00
20.28
20.28
214.82
214.82
830.50
830.50
7299.93
7299.93
779.27
779.27
18290.13
18290.13
56.40
