# 1Hz Kbps trace generated by import_real_world_traces.py
713.80
475.30
475.30
836.56
836.56
836.56
836.56
836.56
836.56
836.56
836.56
836.56
836.56
836.56
836.56
836.56
836.56
836.56
836.56
836.56
836.56
836.56
836.56
836.56
836.56
241.75
241.75
342.10
342.10
467.53
467.53
506.22
506.22
542.89
542.89
865.30
865.30
918.82
918.82
993.87
993.87
993.87
993.87
993.87
993.87
977.10
977.10
977.10
977.10
977.10
977.10
977.10
977.10
977.10
977.10
977.10
977.10
977.10
977.10
977.10
977.10
977.10
977.10
977.10
977.10
977.10
977.10
977.10
977.10
1024.58
1024.58
1024.58
1024.58
556.80
556.80
556.80
556.80
556.80
556.80
556.80
556.80
556.80
556.80
586.81
586.81
586.81
586.81
586.81
586.81
586.81
586.81
586.81
586.81
1028.37
1028.37
930.01
930.01
930.01
930.01
925.78
925.78
925.78
925.78
1028.04
1028.04
1028.04
1028.04
1028.04
1028.04
1028.04
1028.04
1035.29
1035.29
1035.29
1035.29
1035.29
1035.29
1242.83
1242.83
226.48
226.48
557.50
557.50
557.50
557.50
584.77
584.77
584.77
584.77
584.77
584.77
584.77
584.77
584.77
584.77
584.77
584.77
584.77
584.77
588.77
588.77
588.77
588.77
588.77
588.77
428.66
428.66
422.62
422.62
431.04
431.04
431.04
431.04
431.04
431.04
545.35
545.35
545.35
545.35
576.39
576.39
830.96
830.96
992.73
992.73
1086.12
1086.12
1766.77
1766.77
940.53
940.53
1124.02
1124.02
1124.02
1124.02
1124.02
1124.02
1124.02
1124.02
803.95
803.95
1014.37
1014.37
879.01
879.01
879.01
879.01
879.01
