# 1Hz Kbps trace generated by import_real_world_traces.py
1715.13
1747.07
1852.00
1016.84
1016.84
4416.92
4416.92
5050.88
5050.88
927.97
927.97
4190.90
4190.90
4148.77
4148.77
4843.72
4843.72
2261.20
2261.20
955.02
955.02
400.25
400.25
6558.18
6558.18
5530.27
5530.27
480.98
480.98
480.98
595.80
595.80
6266.80
978.06
978.06
978.06
49.51
49.51
53.64
53.64
4615.47
4615.47
146.08
146.08
247.00
247.00
3561.95
3561.95
2322.63
2322.63
3324.08
3324.08
1111.35
1111.35
5418.67
5418.67
5614.91
5614.91
5557.03
5557.03
6396.68
6396.68
6264.01
6264.01
944.34
944.34
944.34
3526.95
3526.95
3416.46
3416.46
4789.98
4789.98
3428.78
3428.78
1254.91
1254.91
4617.67
4617.67
542.90
542.90
298.17
298.17
2422.97
2422.97
3980.05
3980.05
40.87
40.87
4566.25
4566.25
4566.25
119.79
119.79
10.00
10.00
368.20
368.20
3267.36
3267.36
3267.36
5206.65
5206.65
1044.00
1044.00
1680.58
1680.58
1608.91
1608.91
5844.27
5844.27
5844.27
892.44
892.44
4807.95
4807.95
929.27
929.27
3637.60
3637.60
992.85
992.85
1331.75
1331.75
5759.65
5759.65
1629.77
1629.77
1629.77
6753.90
6753.90
4560.27
4560.27
853.24
853.24
79.42
79.42
2077.51
2077.51
208.72
208.72
2001.31
2001.31
5868.01
5868.01
5868.01
1589.77
1589.77
568.97
568.97
2119.58
2119.58
53.13
53.13
2108.74
2108.74
884.94
884.94
13.54
13.54
13.54
1748.90
1748.90
2085.30
2085.30
1756.74
1756.74
1391.86
1391.86
1983.10
1983.10
914.61
914.61
841.99
841.99
841.99
557.17
557.17
142.94
142.94
142.94
3250.56
3250.56
248.92
248.92
1811.04
1811.04
2708.07
2708.07
2708.07
3959.01
3959.01
4587.88
4587.88
637.94
637.94
126.76
126.76
158.91
158.91
158.91
13.29
13.29
55.19
55.19
150.90
150.90
493.63
493.63
493.63
169.31
169.31
464.51
464.51
956.52
956.52
5424.47
5424.47
1878.10
1878.10
1878.10
6258.59
6258.59
6740.47
