# 1Hz Kbps trace generated by import_real_world_traces.py
975.15
1288.72
2979.01
2979.01
4678.71
4678.71
3618.01
3618.01
14.53
14.53
1001.09
1001.09
1786.58
1786.58
1786.58
1786.58
1786.58
1786.58
4057.41
4057.41
3441.85
3441.85
3441.85
3441.85
2706.08
2706.08
4334.50
4334.50
1884.75
1884.75
3712.03
3712.03
4774.14
4774.14
3549.05
3549.05
4372.84
4372.84
3149.00
3149.00
3537.78
3537.78
3804.07
3804.07
3486.99
3486.99
3544.88
3544.88
435.42
435.42
2837.71
2837.71
954.34
954.34
3401.44
3401.44
4961.48
4961.48
2929.87
2929.87
561.28
561.28
3810.59
3810.59
4250.17
4250.17
3702.93
3702.93
5148.42
5148.42
3701.52
3701.52
5277.51
5277.51
3128.94
3128.94
3802.48
3802.48
870.09
870.09
3896.26
3896.26
4595.94
4595.94
4397.43
4397.43
1782.51
1782.51
1101.96
1101.96
1793.50
1793.50
3796.22
3796.22
4016.37
4016.37
2765.00
2765.00
125.68
125.68
3498.41
3498.41
3311.31
3311.31
3311.31
3311.31
3311.31
3311.31
3311.31
3311.31
3952.09
3952.09
4934.37
4934.37
3888.35
3888.35
4203.46
4203.46
4203.46
4203.46
4203.46
4203.46
3344.30
3344.30
4961.53
4961.53
5095.07
5095.07
2992.42
2992.42
4348.79
4348.79
2037.02
2037.02
1055.90
1055.90
1738.05
1738.05
1738.05
3992.42
3621.06
