# 1Hz Kbps trace generated by import_real_world_traces.py
1327.88
3535.64
2163.19
3336.14
3336.14
3751.24
3751.24
3551.62
3551.62
995.54
995.54
508.96
508.96
2176.04
2176.04
2176.04
461.85
461.85
678.33
15.24
15.24
28.38
28.38
65.86
65.86
1001.46
1001.46
3442.21
3442.21
40.56
40.56
67.32
67.32
971.19
971.19
38.23
38.23
1806.35
1806.35
2577.55
2577.55
1118.07
1118.07
2805.03
2805.03
562.85
562.85
895.80
895.80
3042.21
3042.21
198.00
198.00
3417.55
3417.55
2487.18
2487.18
99.12
99.12
1344.49
1344.49
1344.49
354.71
354.71
354.71
354.71
21.68
21.68
2145.15
2145.15
3193.53
3113.45
3113.45
116.60
116.60
496.39
496.39
1257.43
1257.43
10.00
10.00
18.32
18.32
1356.94
1356.94
13.88
13.88
13.88
82.56
82.56
82.56
29.98
29.98
427.25
427.25
1019.78
1019.78
55.43
55.43
328.88
328.88
3190.54
3190.54
59.19
59.19
55.31
55.31
2365.46
2365.46
69.65
69.65
2046.87
2046.87
1045.30
1045.30
2346.91
2346.91
589.17
589.17
1071.80
1071.80
3187.74
3187.74
3005.27
3005.27
1678.81
1678.81
1196.25
1196.25
3175.50
3175.50
2233.53
2233.53
624.10
624.10
226.35
226.35
1338.37
1338.37
1338.37
10.00
10.00
10.00
10.00
650.54
650.54
650.54
1221.45
1221.45
1221.45
2105.61
2105.61
1100.86
1188.54
273.75
3317.76
3198.49
1006.12
1006.12
1006.12
3143.34
3143.34
2479.84
2479.84
1509.74
1509.74
3270.16
3270.16
27.67
27.67
536.08
536.08
1984.22
1984.22
3684.90
3684.90
3689.38
3689.38
13.96
13.96
13.96
13.96
13.96
300.28
300.28
300.28
300.28
1463.35
1463.35
40.44
40.44
40.44
16.66
684.96
684.96
186.40
186.40
186.40
428.24
21.55
21.55
21.55
105.64
814.38
814.38
814.38
45.81
45.81
25.42
25.42
151.89
3245.43
2982.15
3375.36
2592.61
2592.61
1334.30
1334.30
549.04
549.04
3364.53
3364.53
3095.39
3095.39
867.69
55.63
55.63
55.63
210.08
210.08
1806.80
1806.80
187.39
3246.93
3246.93
3246.93
61.76
61.76
36.18
36.18
1757.63
1757.63
1757.63
981.36
51.47
51.47
1351.85
1351.85
2260.95
2260.95
2003.26
2003.26
2003.26
2003.26
558.68
558.68
558.68
558.68
558.68
61.41
61.41
61.67
61.67
61.67
17.33
17.33
17.33
373.93
373.93
3890.44
3890.44
43.46
43.46
35.15
35.15
21.35
21.35
40.66
37.39
1387.44
14.19
14.19
3417.90
1746.59
4276.20
