# 1Hz Kbps trace generated by import_real_world_traces.py
589.50
772.77
888.09
888.09
909.62
909.62
909.62
915.26
915.26
915.26
596.44
22.81
803.31
803.31
803.31
867.20
867.20
1033.41
1033.41
497.65
497.65
497.65
720.57
499.72
499.72
762.55
783.36
657.96
657.96
553.27
553.27
610.05
610.05
236.16
978.62
1081.24
1081.24
992.89
992.89
999.02
999.02
999.02
10.00
932.77
932.77
46.21
46.21
113.83
113.83
846.90
846.90
832.47
832.47
51.81
51.81
51.81
846.33
846.33
846.33
846.33
429.56
429.56
173.37
173.37
173.37
850.61
850.61
850.61
257.94
645.38
484.73
484.73
576.44
576.44
604.76
604.76
604.76
1036.51
1036.51
1040.65
1040.65
1152.74
1152.74
1031.88
1031.88
940.38
940.38
1138.59
1110.63
611.24
933.37
929.73
929.73
868.05
868.05
1158.26
1158.26
945.10
945.10
913.19
913.19
941.42
941.42
1099.05
1099.05
241.15
241.15
253.95
253.95
1116.09
1116.09
1000.40
1000.40
1029.31
1029.31
790.87
790.87
1011.28
1011.28
870.70
870.70
699.38
699.38
962.67
962.67
1150.93
1150.93
805.96
805.96
811.32
811.32
895.17
895.17
866.97
866.97
866.97
943.54
943.54
766.14
766.14
766.14
926.28
926.28
926.28
1064.85
1064.85
923.40
