# 1Hz Kbps trace generated by import_real_world_traces.py
2502.06
1661.52
1661.52
7869.26
7869.26
1461.62
1461.62
2414.29
2414.29
2437.23
2437.23
4159.86
4159.86
1042.52
1042.52
1042.52
3146.10
3146.10
4808.08
4808.08
2625.11
2625.11
1220.55
1220.55
2889.83
2889.83
6586.69
6586.69
5604.96
5604.96
5844.35
5844.35
6020.86
6020.86
6020.86
6020.86
6372.04
6372.04
6149.11
6149.11
6174.17
6174.17
7657.57
7657.57
6032.88
6032.88
7655.48
7655.48
1024.42
1024.42
7651.29
7651.29
5599.35
5599.35
4999.40
4999.40
4999.40
4999.40
993.83
993.83
3147.69
3147.69
5455.11
5455.11
595.42
595.42
466.08
466.08
6095.12
6095.12
4963.48
4963.48
6871.57
6871.57
5713.85
5713.85
6824.95
6824.95
5118.71
5118.71
784.80
784.80
2994.88
2994.88
4374.02
4374.02
885.80
885.80
8097.45
8097.45
8290.03
8290.03
6794.72
6794.72
1657.96
1657.96
5435.64
5435.64
1833.06
1833.06
6794.34
6794.34
6013.10
6013.10
2436.45
2436.45
6112.94
6112.94
4342.68
4342.68
4921.97
4921.97
11.57
11.57
3170.95
3170.95
1097.80
1097.80
5399.22
5399.22
1472.46
1472.46
4699.44
4699.44
4274.45
4274.45
4274.45
4274.45
5534.75
5534.75
5073.88
5073.88
6021.46
6021.46
5721.80
5721.80
202.81
202.81
3926.17
3926.17
6380.66
6380.66
5181.23
5181.23
3663.10
3663.10
3805.40
3805.40
385.63
385.63
37.44
37.44
34.54
34.54
34.54
34.54
235.73
5791.66
1859.78
1859.78
1859.78
1859.78
5438.63
5438.63
2510.80
2510.80
4267.92
4267.92
4267.92
4267.92
1209.07
1209.07
2378.84
2378.84
5392.25
5392.25
4766.44
4766.44
4430.94
4430.94
5451.74
5451.74
4900.33
4900.33
3448.45
3448.45
3448.45
3448.45
3344.04
3344.04
3344.04
3344.04
48.44
48.44
52.83
52.83
130.59
130.59
532.76
532.76
645.55
645.55
1342.20
1342.20
1121.94
1121.94
1121.94
1121.94
2447.10
2447.10
1981.94
1981.94
1380.15
1380.15
1950.86
1950.86
2282.55
2282.55
2367.15
2367.15
3188.32
3188.32
1734.20
1734.20
1777.09
1777.09
3731.78
3731.78
3935.35
3935.35
4262.74
4262.74
3034.42
3034.42
5154.65
5154.65
5154.65
5154.65
5154.65
5154.65
5736.29
5736.29
6058.70
6058.70
1106.19
1106.19
4993.51
4993.51
3553.35
3553.35
4533.20
4533.20
5326.72
5326.72
5161.63
5161.63
5161.63
5161.63
5161.63
5161.63
6510.04
6510.04
4813.05
4813.05
4857.64
4857.64
5665.38
5665.38
5337.87
5337.87
6517.28
6517.28
6517.28
6517.28
6517.28
6517.28
2963.53
2963.53
6590.41
6590.41
4726.50
4726.50
3960.47
3960.47
23.90
23.90
1136.39
1136.39
3782.09
3782.09
4329.50
4329.50
2630.99
2630.99
4841.77
4841.77
38.46
38.46
3807.88
3807.88
53.98
53.98
3101.12
3101.12
1428.94
1428.94
866.86
866.86
49.10
49.10
1423.85
1423.85
1897.61
1897.61
1897.61
1897.61
1897.61
1897.61
1897.61
273.25
3083.86
3083.86
2311.34
2311.34
4685.78
4685.78
4582.35
4582.35
5630.60
5630.60
5914.13
5914.13
5068.41
5068.41
6397.76
6397.76
4973.44
4973.44
6129.78
6129.78
5907.37
5907.37
3310.80
3310.80
6243.77
6243.77
6000.06
6000.06
6000.06
6000.06
5704.55
5704.55
6137.12
6137.12
6137.12
6137.12
6137.12
6137.12
6449.89
6449.89
4838.21
4838.21
3315.90
3315.90
7282.57
7282.57
4519.59
4519.59
5777.96
5777.96
5777.96
5777.96
5777.96
5777.96
5777.96
5777.96
35.80
35.80
1597.88
1597.88
2592.47
2592.47
3658.13
3658.13
4417.06
4417.06
4123.90
4123.90
3979.77
3979.77
3242.85
3242.85
2494.04
2494.04
2494.04
2494.04
2641.70
2641.70
6666.28
6666.28
1333.62
1333.62
243.15
243.15
726.87
726.87
7098.44
7098.44
2554.41
2554.41
6963.70
6963.70
182.09
182.09
2013.94
2013.94
85.16
85.16
831.45
831.45
3999.33
3999.33
4366.71
4366.71
4123.71
4123.71
1337.83
1337.83
89.42
89.42
1667.99
1667.99
4602.60
4602.60
2520.29
2520.29
4387.59
4387.59
4424.28
4424.28
5780.50
5780.50
3128.48
3128.48
1121.29
1121.29
693.94
693.94
293.46
293.46
1370.44
1370.44
3231.54
3231.54
2050.72
2050.72
85.91
85.91
3766.82
3766.82
3766.82
491.20
4232.82
4232.82
3097.58
3097.58
893.05
893.05
699.39
699.39
309.45
309.45
4067.67
4067.67
1655.66
1655.66
3020.77
3020.77
1043.07
1043.07
19.42
19.42
75.94
75.94
2768.08
2768.08
4736.06
4736.06
27.01
27.01
1852.22
1852.22
2964.49
2964.49
1188.49
1188.49
1519.64
1519.64
4493.94
4493.94
422.13
422.13
16.72
16.72
1015.38
1015.38
1173.56
1173.56
1968.36
1968.36
5328.85
5328.85
124.44
124.44
5334.86
5334.86
4143.67
4143.67
67.34
67.34
54.26
54.26
77.98
77.98
2700.93
2700.93
6365.12
6365.12
3963.62
3963.62
294.88
294.88
4311.65
4311.65
3250.22
3250.22
223.19
223.19
431.38
431.38
1567.00
1567.00
6482.69
6482.69
213.30
213.30
6884.20
6884.20
5005.27
5005.27
5390.74
5390.74
94.97
94.97
23.65
23.65
2314.81
2314.81
151.37
151.37
4147.34
4147.34
5111.70
5111.70
5020.49
5020.49
2162.02
2162.02
3836.10
3836.10
181.29
181.29
5828.00
5828.00
28.65
28.65
268.14
268.14
4974.37
4974.37
1565.29
1565.29
3574.01
3574.01
903.58
903.58
48.52
48.52
1755.96
1755.96
93.87
93.87
49.41
49.41
4359.71
4359.71
559.33
559.33
273.65
273.65
4671.66
4671.66
3939.02
3939.02
2887.78
2887.78
72.56
72.56
4027.70
4027.70
5245.53
5245.53
3480.39
3480.39
652.13
652.13
5311.88
5311.88
5311.88
3355.50
5212.92
5212.92
10.00
10.00
526.91
526.91
800.90
800.90
1146.09
1146.09
115.63
115.63
2642.68
2642.68
210.41
210.41
1545.30
1545.30
662.37
662.37
128.60
128.60
110.73
110.73
3798.64
3798.64
17.75
17.75
3536.27
3536.27
2519.66
2519.66
4725.81
4725.81
2788.90
2788.90
3562.72
3562.72
649.56
649.56
1476.76
1476.76
646.70
646.70
1611.39
1611.39
2606.68
2606.68
2219.47
2219.47
4063.18
4063.18
1698.64
1698.64
4612.27
4612.27
2687.03
2687.03
642.98
642.98
170.75
170.75
3276.34
3276.34
1173.09
1173.09
5019.80
5019.80
3117.33
3117.33
5465.69
5465.69
5217.47
5217.47
4648.04
4648.04
5079.23
5079.23
3217.08
3217.08
25.57
25.57
4557.26
4557.26
4076.51
4076.51
2604.72
2604.72
2882.70
2882.70
3430.15
3430.15
2948.03
2948.03
2983.67
2983.67
4351.06
4351.06
5569.69
5569.69
5139.06
5139.06
4703.95
4703.95
4557.91
4557.91
48.65
48.65
15.97
15.97
4024.44
4024.44
4030.85
4030.85
781.09
781.09
1602.70
1602.70
2435.12
2435.12
46.09
46.09
592.10
592.10
1300.92
1300.92
4525.00
4525.00
3888.31
3888.31
215.60
215.60
3135.64
3135.64
1116.74
1116.74
31.42
31.42
2919.87
2919.87
905.70
905.70
2640.75
2640.75
1440.85
1440.85
2235.37
2235.37
2582.93
2582.93
2705.32
2705.32
168.38
168.38
1335.32
1335.32
2553.91
2553.91
501.80
501.80
91.34
91.34
2002.13
2002.13
2369.98
2369.98
1831.50
1831.50
701.04
701.04
2350.27
2350.27
272.87
272.87
1004.03
1004.03
2274.77
2274.77
1802.73
1802.73
3666.42
3666.42
2087.96
2087.96
3295.03
3295.03
3051.63
3051.63
3051.63
3051.63
3051.63
3051.63
97.50
600.96
142.13
142.13
1397.21
1397.21
1203.60
1203.60
2755.41
2755.41
2690.58
2690.58
647.46
647.46
781.17
781.17
1508.06
1508.06
2618.67
2618.67
3365.77
3365.77
3180.69
3180.69
3729.80
3729.80
1718.76
1718.76
3711.65
3711.65
2137.71
2137.71
4096.74
4096.74
2123.04
2123.04
3606.24
3606.24
1611.13
1611.13
1540.84
1540.84
43.39
43.39
1172.61
1172.61
5023.10
5023.10
1873.97
1873.97
1677.15
1677.15
4088.55
4088.55
3934.46
3934.46
3934.46
3934.46
4668.27
4668.27
1078.09
1078.09
2279.28
2279.28
1849.30
1849.30
1237.15
1237.15
5248.77
5248.77
1104.99
1104.99
5853.52
5853.52
2639.39
2639.39
3077.60
3077.60
2854.77
2854.77
2837.40
2837.40
7105.17
7105.17
4860.35
4860.35
3275.09
3275.09
6127.71
6127.71
985.85
985.85
5278.61
5278.61
4897.71
4897.71
553.54
553.54
1894.95
1894.95
3005.64
3005.64
2041.93
2041.93
3548.19
3548.19
3313.58
3313.58
3671.97
3671.97
4322.51
4322.51
2088.78
2088.78
5407.85
5407.85
1990.55
1990.55
3985.51
3985.51
1166.59
1166.59
40.07
40.07
4433.21
4433.21
3772.95
3772.95
3488.73
3488.73
3327.70
3327.70
3703.20
3703.20
4000.68
4000.68
1500.98
1500.98
3517.62
3517.62
3780.52
3780.52
4905.58
4905.58
4389.64
4389.64
3860.26
3860.26
1111.39
1111.39
190.10
190.10
29.82
29.82
1556.56
1556.56
853.02
853.02
1822.38
1822.38
984.30
984.30
26.78
26.78
47.03
47.03
187.27
187.27
435.01
435.01
3851.70
3851.70
1445.52
1445.52
2017.08
2017.08
5015.11
5015.11
4048.03
4048.03
5215.10
5215.10
637.96
637.96
2453.72
2453.72
22.67
22.67
5424.75
5424.75
2084.40
2084.40
4371.05
4371.05
17.30
17.30
1434.13
1434.13
63.98
63.98
32.89
32.89
58.55
58.55
58.55
2329.98
2329.98
2647.61
2647.61
345.90
345.90
2657.91
2657.91
3547.36
3547.36
126.51
4294.35
4294.35
4294.35
24.80
24.80
12.08
12.08
1620.91
1620.91
3551.40
3551.40
279.41
279.41
3853.15
3853.15
3853.15
3853.15
4155.68
4155.68
4155.68
4155.68
3955.49
3955.49
3955.49
1483.38
1483.38
1483.38
2643.74
2643.74
46.34
46.34
1014.70
1014.70
4679.66
4679.66
45.51
45.51
3194.04
3194.04
3194.04
3194.04
32.25
32.25
4272.20
4272.20
2349.73
2349.73
4689.42
4607.12
4607.12
4607.12
3103.07
3103.07
5164.03
5164.03
3972.45
3972.45
5121.48
5121.48
6506.48
6506.48
6270.53
6270.53
6431.65
6431.65
7114.00
7114.00
7114.00
7114.00
7114.00
7114.00
7114.00
7114.00
7114.00
7114.00
6495.45
6495.45
910.76
910.76
2244.53
2244.53
137.78
137.78
6534.68
6534.68
6534.68
6534.68
6534.68
6534.68
6969.58
6969.58
8493.99
8493.99
520.79
520.79
5164.03
5164.03
2555.65
2555.65
7547.93
7547.93
207.30
207.30
2276.24
2276.24
7954.78
7954.78
5218.94
5218.94
5218.94
5218.94
5218.94
5218.94
3199.68
3199.68
2684.27
2684.27
758.07
758.07
3955.06
3955.06
2441.39
2441.39
2554.99
2554.99
2341.62
2341.62
3631.40
3631.40
2615.55
2615.55
1647.19
1647.19
4686.93
4686.93
580.73
580.73
4914.25
4914.25
718.68
718.68
718.68
718.68
718.68
39.83
39.83
10.00
10.00
50.36
