# 1Hz Kbps trace generated by import_real_world_traces.py
1540.21
660.49
1113.45
1171.85
1171.85
32.22
32.22
460.60
460.60
1084.38
1084.38
689.00
689.00
126.88
126.88
10.00
10.00
1000.80
1000.80
40.08
40.08
13.21
13.21
1204.45
1204.45
333.97
333.97
1354.86
1354.86
10.00
10.00
32.20
32.20
68.27
68.27
13.92
13.92
1706.81
1706.81
55.16
55.16
72.45
72.45
12.80
12.80
1255.71
1255.71
34.31
34.31
499.40
499.40
151.75
151.75
145.98
145.98
2266.15
2266.15
1423.13
1423.13
19.02
19.02
83.43
83.43
111.28
111.28
18.95
18.95
564.33
564.33
1310.97
1310.97
3015.18
3015.18
2722.95
2722.95
261.57
261.57
46.09
46.09
3439.98
3439.98
32.82
32.82
1954.03
1954.03
136.54
136.54
1873.29
1873.29
130.27
130.27
79.20
79.20
132.63
132.63
34.93
34.93
2750.82
2750.82
3950.75
3950.75
135.76
135.76
213.99
213.99
38.95
38.95
534.21
534.21
22.94
22.94
44.33
44.33
128.72
128.72
36.28
36.28
10.15
10.15
133.10
133.10
10.00
10.00
14.79
14.79
16.35
16.35
97.40
97.40
140.28
140.28
999.70
999.70
29.72
29.72
2820.30
2820.30
2476.87
2476.87
2393.94
2393.94
680.16
680.16
2212.64
2212.64
799.28
799.28
2309.49
2309.49
39.88
39.88
1700.90
1700.90
574.20
574.20
690.61
690.61
2684.80
2684.80
33.52
33.52
53.71
53.71
3070.47
3070.47
2929.18
2929.18
2929.18
2929.18
2929.18
2929.18
73.71
73.71
1450.37
1450.37
58.27
58.27
2884.83
2884.83
10.00
