# 1Hz Kbps trace generated by import_real_world_traces.py
2597.00
1746.80
2060.86
2546.55
2546.55
1837.47
1837.47
4631.27
4631.27
5390.84
5390.84
10.00
10.00
31.47
31.47
6443.08
6443.08
297.55
297.55
6711.22
6711.22
2177.98
2177.98
6651.72
6651.72
4798.32
4798.32
4798.32
4798.32
36.90
36.90
7212.28
7212.28
8474.73
8474.73
33.37
33.37
3573.95
3573.95
650.57
650.57
352.42
352.42
10.00
10.00
27.38
27.38
229.18
229.18
10.00
10.00
110.04
110.04
1446.52
1446.52
192.78
192.78
14.28
14.28
30.60
30.60
10.00
10.00
609.73
609.73
38.03
38.03
68.03
68.03
23.84
23.84
437.87
437.87
37.55
37.55
7144.90
7144.90
687.21
687.21
5863.89
5863.89
27.44
27.44
5786.78
5786.78
4534.05
4534.05
8566.76
8566.76
10.00
10.00
123.50
123.50
836.93
836.93
325.89
325.89
28.00
28.00
764.29
764.29
10.23
10.23
23.73
23.73
61.24
61.24
692.11
692.11
9774.80
9774.80
620.22
620.22
129.60
129.60
2153.76
2153.76
12.72
12.72
163.65
163.65
623.96
623.96
261.12
261.12
261.12
147.23
708.25
708.25
3543.54
3543.54
688.55
688.55
695.29
695.29
1080.33
1080.33
15.72
15.72
190.34
190.34
10.00
10.00
4113.05
4113.05
649.28
649.28
39.61
39.61
2435.27
2435.27
12.79
12.79
10.00
10.00
10.00
379.24
514.57
514.57
514.57
765.19
1048.48
1048.48
1171.50
1171.50
668.41
668.41
1571.06
1571.06
537.30
537.30
2185.93
2185.93
2142.89
2142.89
24.84
24.84
24.84
1812.79
10.00
10.00
68.74
68.74
775.15
775.15
775.15
3712.70
1535.21
1535.21
12.62
12.62
3551.11
3551.11
3551.11
3851.98
10.00
10.00
73.25
73.25
3754.82
3754.82
3754.82
10.04
36.62
36.62
1754.38
1754.38
671.60
671.60
671.60
1446.00
85.31
85.31
1061.42
1061.42
1061.42
37.09
17.46
17.46
1220.43
1220.43
8930.93
8930.93
2247.67
2247.67
2247.67
7768.68
9303.57
9303.57
10265.29
10265.29
10265.29
11220.19
11220.19
11220.19
11220.19
11220.19
11220.19
666.52
666.52
3563.00
3563.00
3563.00
414.66
414.66
414.66
683.55
683.55
2608.11
2612.40
2612.40
592.63
592.63
592.63
726.58
610.00
610.00
610.00
2058.02
2058.02
183.56
183.56
24.85
28.07
28.07
650.46
650.46
650.46
244.18
244.18
594.56
6844.02
6844.02
6844.02
2292.97
2292.97
3308.30
3319.44
3319.44
3319.44
19.32
19.32
6901.39
30.84
30.84
7983.36
7983.36
7983.36
6702.64
6702.64
612.41
3793.24
3793.24
3793.24
4219.15
4219.15
9668.03
7702.76
7702.76
970.53
970.53
970.53
9076.79
9076.79
610.71
3203.32
3203.32
3203.32
10157.32
10157.32
4577.75
4577.75
4577.75
4577.75
1027.00
1027.00
54.91
2773.44
2773.44
2773.44
3148.28
3148.28
3148.28
3321.12
3321.12
3321.12
4236.76
4236.76
10429.50
10429.50
10268.71
10268.71
10268.71
10268.71
10268.71
10268.71
2593.20
10019.65
10019.65
10019.65
10019.65
10019.65
10019.65
10019.65
10019.65
10019.65
10019.65
10019.65
10019.65
10019.65
10019.65
1463.87
1463.87
1463.87
17.22
17.22
1761.48
1761.48
482.90
482.90
1835.63
1835.63
574.58
2328.91
2328.91
2328.91
2662.80
2662.80
2431.07
3192.38
3192.38
3192.38
3075.88
3075.88
4046.44
4046.44
3526.42
3526.42
4688.19
4688.19
4507.38
4507.38
5416.22
5416.22
6788.15
6788.15
29.18
29.18
1161.21
1161.21
2177.33
2177.33
5578.32
5578.32
5051.53
5051.53
7665.60
7665.60
7665.60
7665.60
2695.50
2695.50
655.07
655.07
7931.15
7931.15
292.79
292.79
1936.95
1936.95
7158.53
7158.53
99.35
99.35
4674.27
4674.27
52.62
52.62
89.54
89.54
617.04
617.04
54.05
54.05
632.61
632.61
999.55
999.55
152.59
152.59
1379.77
1379.77
982.62
982.62
662.99
662.99
3311.91
3311.91
9914.07
9914.07
9914.07
9914.07
919.33
919.33
55.12
55.12
93.56
93.56
988.01
988.01
5886.61
5886.61
6062.39
6062.39
6062.39
6062.39
630.31
630.31
37.26
37.26
225.09
225.09
5876.54
5876.54
45.02
45.02
120.39
120.39
4697.61
4697.61
125.71
125.71
663.37
663.37
1262.58
1262.58
7082.60
7082.60
94.62
94.62
1866.47
1866.47
7669.29
7669.29
8277.20
8277.20
636.41
636.41
9010.91
9010.91
122.86
122.86
8254.24
8254.24
307.32
307.32
643.23
643.23
1590.09
1590.09
8959.22
8959.22
773.86
773.86
10.00
10.00
678.08
678.08
5387.23
5387.23
684.47
684.47
938.75
938.75
1551.47
1551.47
175.49
175.49
10.00
10.00
34.15
34.15
2293.34
2293.34
1819.74
1819.74
10005.82
10005.82
410.82
410.82
639.58
639.58
78.09
78.09
10229.73
10229.73
10229.73
10229.73
9191.93
9191.93
9161.45
9161.45
10307.20
10307.20
680.01
680.01
3467.54
3467.54
698.85
698.85
470.28
470.28
10.00
10.00
694.89
694.89
2000.33
2000.33
577.10
577.10
8820.39
8820.39
7170.92
7170.92
11.96
11.96
9556.73
9556.73
691.66
691.66
8240.81
8240.81
2296.31
2296.31
12.84
12.84
157.83
157.83
1279.45
1279.45
8780.24
8780.24
9902.40
9902.40
1282.30
1282.30
1858.10
1858.10
10115.05
10115.05
10.30
10.30
10001.55
10001.55
29.52
29.52
10.03
10.03
9523.84
9523.84
1974.22
1974.22
641.03
641.03
11601.18
11601.18
635.26
635.26
5947.66
5947.66
10.00
10.00
48.66
48.66
190.15
190.15
643.04
643.04
4017.45
4017.45
9216.98
9216.98
8627.91
8627.91
24.26
24.26
10.00
10.00
141.72
141.72
54.95
54.95
79.29
79.29
403.77
403.77
804.66
804.66
301.65
301.65
633.87
633.87
113.27
113.27
583.31
583.31
42.39
42.39
47.48
47.48
193.48
193.48
324.53
324.53
303.28
303.28
62.26
62.26
593.08
593.08
10.00
10.00
1019.66
1019.66
451.61
451.61
273.17
273.17
1360.81
1360.81
441.07
441.07
392.97
392.97
25.75
25.75
89.12
89.12
537.95
537.95
44.08
44.08
425.50
425.50
279.62
279.62
1995.27
1995.27
2027.23
2027.23
1341.61
1341.61
2941.49
2941.49
2799.28
2799.28
3108.63
3108.63
20.71
20.71
3338.13
3338.13
19.97
19.97
3912.74
3912.74
55.09
55.09
3803.68
3803.68
2426.26
2426.26
642.34
642.34
948.00
948.00
4475.63
4475.63
758.40
758.40
12.79
12.79
624.04
624.04
159.85
159.85
10.00
10.00
136.86
136.86
1831.43
1831.43
4013.72
4013.72
1275.25
1275.25
1549.90
1549.90
3682.87
3682.87
3659.30
3659.30
1861.31
1861.31
5193.86
5193.86
1612.70
1612.70
5315.63
5315.63
646.10
646.10
2004.54
2004.54
3091.30
3091.30
714.08
714.08
1943.71
1943.71
1844.58
1844.58
172.28
172.28
10.00
10.00
4964.04
4964.04
4964.04
4964.04
4222.79
4222.79
22.27
22.27
5085.24
5085.24
5330.19
5330.19
5166.24
5166.24
4402.46
4402.46
4786.15
4786.15
5352.10
5352.10
5908.74
5908.74
5908.74
5908.74
5908.74
5908.74
5908.74
5908.74
5908.74
5908.74
5908.74
5908.74
5908.74
5908.74
6117.57
3798.91
3089.45
3089.45
12.58
12.58
4530.26
4530.26
1730.83
1730.83
5919.73
5919.73
3914.97
3914.97
6485.31
6485.31
6602.05
6602.05
7474.09
7474.09
7142.25
7142.25
3298.64
3298.64
3432.39
3432.39
113.83
113.83
2987.44
2987.44
3447.67
3447.67
37.60
37.60
4009.98
4009.98
4009.98
4009.98
99.34
99.34
5898.67
5898.67
5898.67
5898.67
3740.19
3740.19
47.01
47.01
59.28
59.28
732.93
732.93
37.66
37.66
260.09
260.09
26.26
26.26
10.00
10.00
622.44
622.44
102.45
102.45
24.03
24.03
1887.71
1887.71
3953.16
3953.16
20.09
20.09
2398.01
2398.01
522.09
522.09
65.10
65.10
1232.28
1232.28
27.59
27.59
293.43
293.43
1378.50
1378.50
3300.35
3300.35
4718.55
4718.55
2319.63
2319.63
4946.72
4946.72
28.73
28.73
74.17
74.17
170.62
170.62
12.66
12.66
5932.30
5932.30
1981.71
1981.71
3089.93
3089.93
6026.59
6026.59
2992.12
2992.12
1775.06
1775.06
714.20
714.20
515.67
515.67
623.18
623.18
128.56
128.56
5652.65
5652.65
11.40
11.40
622.18
622.18
1187.57
1187.57
14.24
14.24
2900.78
2900.78
2011.27
2011.27
1338.77
1338.77
115.91
115.91
3484.25
3484.25
5442.52
5442.52
59.40
59.40
66.28
66.28
2308.70
2308.70
5422.45
5422.45
6072.85
6072.85
285.06
285.06
1524.14
1524.14
540.72
540.72
38.59
38.59
10.00
10.00
187.12
187.12
1986.82
1986.82
1590.45
1590.45
8543.37
8543.37
5983.29
5983.29
10.49
10.49
606.42
606.42
5434.35
5434.35
635.25
635.25
3956.52
3956.52
165.02
165.02
12.78
12.78
10.00
10.00
79.65
79.65
112.68
112.68
76.54
76.54
442.97
442.97
104.73
104.73
38.41
38.41
10.00
10.00
637.51
637.51
60.99
60.99
1431.07
1431.07
11.10
11.10
539.78
539.78
643.31
643.31
3304.07
3304.07
3399.35
3399.35
10427.65
10427.65
9340.21
9340.21
8184.12
8184.12
8184.12
8184.12
643.37
643.37
148.91
148.91
1358.65
1358.65
10.00
10.00
38.73
38.73
20.66
20.66
2585.31
2585.31
3261.33
3261.33
3257.65
3257.65
3398.03
3398.03
4039.92
4039.92
1804.62
1804.62
640.20
640.20
2072.34
2072.34
5609.58
5609.58
3536.75
3536.75
5641.41
5641.41
673.12
673.12
187.93
187.93
3470.83
3470.83
20.34
20.34
90.72
90.72
1149.00
1149.00
4355.23
4355.23
626.36
626.36
7156.24
7156.24
89.92
89.92
36.97
36.97
8140.83
8140.83
7906.66
7906.66
8528.08
8528.08
78.58
78.58
6247.68
6247.68
8828.88
8828.88
8728.92
8728.92
9520.36
9520.36
9385.83
9385.83
2628.06
2628.06
4241.79
4241.79
4946.45
4946.45
229.04
229.04
3633.29
3633.29
4912.55
4912.55
4912.55
4912.55
10.00
10.00
9673.31
9673.31
655.22
655.22
5437.64
5437.64
9803.42
9803.42
9803.42
9803.42
9803.42
9803.42
12.84
12.84
3216.88
3216.88
3216.88
3216.88
3862.56
3862.56
39.61
39.61
39.61
710.56
1201.91
1201.91
1448.59
1448.59
1449.17
1449.17
1642.51
1642.51
1953.10
1953.10
372.07
372.07
372.07
3226.98
3383.30
3383.30
3721.98
3721.98
3721.98
25.18
2523.55
2523.55
1647.96
1647.96
21.43
21.43
3831.02
3831.02
4009.41
4009.41
4325.74
4325.74
4369.54
4369.54
4709.73
4709.73
4709.73
4709.73
4709.73
4226.64
3814.39
3814.39
4243.28
4243.28
1078.05
1078.05
5738.86
5738.86
5840.86
5840.86
5823.28
5823.28
5823.28
6515.44
6673.61
6673.61
2170.94
2170.94
18.40
18.40
18.40
235.94
6035.37
6035.37
2806.53
2806.53
6493.40
6493.40
86.83
86.83
7047.88
7047.88
6573.88
6573.88
6573.88
7301.54
7142.40
7142.40
7080.65
7080.65
6926.71
6926.71
6926.71
8118.34
95.90
95.90
7823.27
7823.27
7823.27
980.15
8392.39
8392.39
687.21
687.21
8763.83
8763.83
8763.83
8763.83
663.57
663.57
3351.60
3351.60
3351.60
10281.57
10281.57
10281.57
10.68
10.68
10.68
12.66
82.90
82.90
641.99
641.99
3378.50
3378.50
10636.16
10636.16
3949.45
3949.45
11539.60
11539.60
11539.60
9986.91
9986.91
9986.91
9986.91
9986.91
9986.91
9986.91
9986.91
9986.91
9986.91
9986.91
9986.91
9986.91
9986.91
9986.91
9986.91
9986.91
9986.91
9986.91
9986.91
2341.51
2341.51
2100.08
3292.33
3292.33
3292.33
4339.28
4339.28
2580.69
38.08
38.08
64.13
64.13
64.13
56.30
56.30
10.16
5209.62
5209.62
5209.62
6042.03
6483.44
6483.44
49.81
49.81
6065.50
6065.50
6065.50
9075.79
9075.79
3522.18
17.43
17.43
17.43
9665.54
9665.54
9801.72
12.19
12.19
12.19
460.71
460.71
487.67
487.67
10.00
10.00
10292.29
11.16
11.16
4626.26
4626.26
4626.26
658.71
658.71
41.56
628.57
628.57
628.57
10.00
10.00
10071.14
10071.14
5926.53
5926.53
122.55
122.55
686.56
686.56
86.27
9630.69
9630.69
9630.69
8983.67
8983.67
9900.47
732.66
732.66
732.66
10451.17
10451.17
688.22
688.22
10.10
41.07
41.07
41.07
12.79
12.79
262.66
262.66
31.30
31.30
10.00
10.00
12492.90
12492.90
251.87
251.87
620.42
620.42
2935.85
2935.85
37.72
37.72
645.71
645.71
196.56
196.56
180.38
180.38
3180.85
10.00
10.00
10.00
3276.42
3276.42
398.88
398.88
624.24
624.24
9199.08
9199.08
7089.38
7089.38
3658.83
3658.83
4597.93
4597.93
5085.90
5085.90
10888.44
10888.44
10953.40
10953.40
288.62
288.62
10.31
10.31
9706.21
9706.21
10.00
10.00
631.18
631.18
4301.54
4301.54
4301.54
4301.54
4324.78
4324.78
381.27
381.27
622.21
622.21
3220.02
3220.02
3854.43
3854.43
10.00
10.00
2771.86
2771.86
643.52
643.52
5758.99
5758.99
5860.39
5860.39
6012.81
6012.81
6377.26
6377.26
668.19
668.19
5563.43
5563.43
7183.34
7183.34
168.89
168.89
10.00
10.00
10.00
10.00
10.00
10.00
2629.47
2629.47
1692.88
1692.88
18.76
18.76
10.00
10.00
10252.39
10252.39
7343.21
7343.21
4955.23
4955.23
624.72
624.72
9345.54
9345.54
5144.21
5144.21
9799.99
9799.99
10381.54
10381.54
678.81
678.81
10.00
10.00
5114.57
5114.57
5114.57
5114.57
5114.57
5114.57
2747.27
2747.27
11.06
11.06
4496.70
4496.70
6932.52
6932.52
9724.38
9724.38
11213.79
11213.79
11213.79
11213.79
9480.55
9480.55
9918.92
9918.92
9918.92
9918.92
98.83
98.83
46.53
46.53
645.54
645.54
62.22
62.22
10426.32
10426.32
9666.52
9666.52
5033.61
5033.61
7332.62
7332.62
10004.53
10004.53
10004.53
10004.53
9596.89
9596.89
818.62
818.62
9474.16
9474.16
9474.16
9474.16
9474.16
9474.16
9474.16
9474.16
6412.91
6412.91
51.29
51.29
4864.15
4864.15
97.71
97.71
1931.46
1931.46
6537.32
6537.32
9206.42
9206.42
7851.00
7851.00
9899.05
9899.05
9899.05
9899.05
9899.05
9899.05
87.13
87.13
53.03
53.03
3281.06
3281.06
3281.06
3281.06
3281.06
3281.06
3281.06
3281.06
3281.06
3281.06
3281.06
3281.06
3625.81
3625.81
3995.72
3995.72
3995.72
3995.72
5613.23
5613.23
9736.19
9736.19
2826.87
2826.87
23.48
23.48
4255.32
4255.32
4255.32
4255.32
4255.32
4255.32
4255.32
4255.32
4255.32
4255.32
5214.14
5214.14
17.76
17.76
6191.18
6191.18
6745.71
6745.71
6745.71
6745.71
1970.71
1970.71
1022.26
1022.26
7047.51
7047.51
2545.64
2545.64
7099.18
7099.18
7041.37
7041.37
6892.08
6892.08
1950.39
1950.39
3082.25
3082.25
3082.25
3082.25
3082.25
3082.25
3082.25
3082.25
7227.95
7227.95
7164.46
7164.46
7164.46
7164.46
7164.46
7164.46
7164.46
7164.46
7164.46
7164.46
7164.46
7164.46
7164.46
7164.46
7164.46
7164.46
3771.73
3771.73
2966.67
2966.67
3759.06
3759.06
3891.78
3891.78
4292.05
4292.05
4764.72
4764.72
4764.72
4764.72
4764.72
4764.72
4764.72
4764.72
4764.72
4764.72
4764.72
4764.72
4764.72
4764.72
4764.72
4764.72
4630.91
4630.91
5634.87
5634.87
638.40
638.40
1966.48
1966.48
635.30
635.30
1859.15
1859.15
7013.70
7013.70
6169.53
6169.53
7359.29
7359.29
6462.68
6462.68
8000.89
8000.89
7633.85
7633.85
4963.32
4963.32
4963.32
4963.32
4963.32
4963.32
2027.59
2027.59
8810.26
8810.26
4656.28
4656.28
1798.26
1798.26
3907.31
3907.31
4424.84
4424.84
4424.84
4424.84
4448.28
4448.28
4448.28
4448.28
25.00
25.00
715.78
715.78
1850.44
1850.44
1894.61
1894.61
2253.14
2253.14
2334.67
2334.67
3031.64
3031.64
10.00
10.00
25.91
25.91
619.99
619.99
4325.79
4325.79
5066.03
5066.03
742.89
742.89
5711.71
5711.71
5711.71
5711.71
37.64
37.64
642.97
642.97
1912.78
1912.78
7337.62
7337.62
6883.25
6883.25
8096.25
8096.25
670.49
670.49
8295.40
8295.40
8361.36
8361.36
31.04
31.04
7584.49
7584.49
648.79
648.79
73.31
73.31
10650.33
10650.33
10.00
10.00
43.77
43.77
11431.68
11431.68
1743.34
1743.34
685.89
685.89
10.00
10.00
213.41
213.41
23.34
23.34
92.98
92.98
682.95
682.95
11001.81
11001.81
615.74
615.74
73.14
73.14
5752.42
5752.42
12.55
12.55
8044.05
8044.05
631.21
631.21
213.31
213.31
29.28
29.28
10.00
10.00
92.35
92.35
2671.74
2671.74
10.26
10.26
684.06
684.06
290.24
290.24
2979.62
2979.62
67.49
67.49
210.52
210.52
611.80
611.80
8517.52
8517.52
10.00
10.00
2068.67
2068.67
5703.65
5703.65
628.60
628.60
3687.68
3687.68
660.46
660.46
561.65
561.65
10.67
10.67
12.67
12.67
18.34
18.34
628.70
628.70
5968.98
5968.98
10.00
10.00
9556.02
9556.02
3173.42
3173.42
6414.41
6414.41
1278.49
1278.49
671.34
671.34
124.18
124.18
47.74
47.74
133.14
133.14
5632.22
5632.22
2475.41
2475.41
10.00
10.00
10.78
10.78
312.17
312.17
54.78
54.78
630.25
630.25
7789.42
7789.42
7789.42
7789.42
7789.42
7789.42
9193.62
9193.62
12.70
12.70
10.63
10.63
92.43
92.43
8953.80
8953.80
100.78
100.78
45.71
45.71
10147.80
10147.80
8455.16
8455.16
5037.07
5037.07
4016.86
4016.86
10.00
10.00
8487.83
8487.83
96.23
96.23
754.18
754.18
11560.85
11560.85
4540.44
4540.44
9739.20
9739.20
10015.62
10015.62
589.94
589.94
664.36
664.36
10.00
10.00
641.60
641.60
6100.45
6100.45
10813.86
10813.86
10813.86
10813.86
9152.20
9152.20
9974.16
9974.16
19.73
19.73
3375.59
3375.59
141.08
141.08
125.58
125.58
11359.97
11359.97
10.00
10.00
632.78
632.78
10.00
10.00
10.00
10.00
9250.74
9250.74
7135.68
7135.68
669.68
669.68
8867.89
8867.89
24.64
24.64
10749.29
10749.29
36.05
36.05
9211.11
9211.11
7566.41
7566.41
630.03
630.03
11200.36
11200.36
4304.38
4304.38
12.75
12.75
88.03
88.03
678.11
678.11
19.15
19.15
653.36
653.36
11.56
11.56
6088.44
6088.44
685.31
685.31
307.44
307.44
633.71
633.71
10957.92
10957.92
682.55
682.55
2588.11
2588.11
9460.36
9460.36
647.81
647.81
74.31
74.31
7238.48
7238.48
172.52
172.52
48.63
48.63
713.74
713.74
9838.31
9838.31
645.32
645.32
48.29
48.29
3873.63
3873.63
6854.63
6854.63
6854.63
6854.63
6854.63
6854.63
6854.63
6854.63
6854.63
6854.63
68.65
68.65
4604.25
4604.25
4664.25
4664.25
29.21
29.21
3351.11
3351.11
3351.11
3351.11
29.57
29.57
29.57
29.57
843.76
1201.68
1513.96
1513.96
1558.69
1558.69
1797.67
1797.67
17.26
17.26
2455.54
2455.54
2709.90
2709.90
3032.84
3032.84
3693.46
3693.46
999.22
999.22
3760.65
3760.65
1104.62
1104.62
4271.80
4271.80
4317.69
4317.69
11.01
11.01
4172.79
4172.79
5106.34
5106.34
3377.45
3377.45
12.57
12.57
5412.70
5412.70
2939.22
2939.22
6893.56
6893.56
4049.81
4049.81
7141.76
7141.76
7118.41
7118.41
669.46
669.46
7896.54
7896.54
7896.54
7896.54
7896.54
7896.54
1946.13
1946.13
7112.84
7112.84
7896.14
7896.14
7896.14
7896.14
7896.14
7896.14
2557.90
2557.90
5837.17
5837.17
10.00
10.00
3610.14
3610.14
548.04
548.04
2320.19
2320.19
1061.13
1061.13
2942.29
2942.29
20.33
20.33
2644.13
2644.13
3087.11
3087.11
18.95
18.95
4146.34
4146.34
12.79
12.79
4374.26
4374.26
4293.17
4293.17
135.32
135.32
4099.73
4099.73
5038.00
5038.00
2875.32
2875.32
1336.32
1336.32
5085.87
5085.87
628.59
628.59
5664.79
5664.79
7925.96
7925.96
7925.96
6337.75
8079.21
8079.21
8519.61
8519.61
8519.61
184.97
184.97
6637.32
7539.76
7539.76
10.80
10.80
23.53
23.53
10012.78
10012.78
9979.02
9979.02
9979.02
9979.02
9979.02
9979.02
9979.02
9979.02
9979.02
9979.02
9979.02
9979.02
2462.29
2462.29
2856.34
2856.34
2856.34
2922.99
3140.17
3140.17
19.87
19.87
19.87
3490.92
3667.04
3667.04
28.52
28.52
608.00
608.00
3230.64
3230.64
3230.64
263.26
12.61
12.61
4936.37
4936.37
4936.37
4936.37
4936.37
4936.37
4936.37
4936.37
5248.76
5248.76
5248.76
147.84
7741.70
7741.70
3210.47
3210.47
218.68
218.68
218.68
8249.76
4659.76
4659.76
8734.65
8734.65
8734.65
10.01
8988.41
8988.41
1166.26
1166.26
1166.26
5601.06
5601.06
9559.06
9559.06
9559.06
9559.06
9559.06
9559.06
9559.06
473.04
473.04
2569.98
2569.98
2569.98
9474.65
9312.91
9312.91
9312.91
9312.91
9312.91
9312.91
9312.91
9312.91
3073.57
3073.57
3073.57
57.59
6457.49
6457.49
6457.49
3609.06
3609.06
3609.06
3609.06
3609.06
3609.06
3609.06
64.02
64.02
788.12
788.12
2560.61
2560.61
2560.61
5721.20
5721.20
5721.20
5721.20
5721.20
3871.34
3871.34
3871.34
3871.34
3871.34
4167.04
4274.13
4274.13
4274.13
4274.13
4274.13
5125.26
5251.72
5251.72
5251.72
599.21
599.21
2263.66
1892.52
1892.52
1892.52
2066.33
2066.33
4584.37
12.72
12.72
12.72
6707.63
6707.63
1486.90
1486.90
6453.81
2821.30
2821.30
2821.30
79.03
79.03
7555.02
740.03
740.03
740.03
194.94
194.94
626.03
626.03
3662.70
3662.70
8425.72
8425.72
1059.47
1059.47
176.65
42.93
42.93
42.93
258.70
2932.92
2932.92
2932.92
18.32
18.32
10.00
10.00
10162.52
10162.52
265.96
265.96
2769.48
2769.48
11.93
11.93
36.18
36.18
12.69
12.69
10.00
10.00
677.67
677.67
10.00
10.00
628.54
628.54
10.02
10.02
8782.76
8782.76
677.14
677.14
65.95
65.95
628.49
628.49
10.00
10.00
10.00
10.00
7058.21
7058.21
7520.15
7520.15
635.60
635.60
10.00
10.00
680.59
680.59
2945.08
2945.08
10.00
10.00
71.09
71.09
2543.79
2543.79
5320.49
5320.49
1117.45
1117.45
10.00
10.00
300.38
300.38
1323.23
1323.23
4825.62
4825.62
36.77
36.77
626.96
626.96
82.25
82.25
100.76
100.76
8714.68
8714.68
74.48
74.48
17.91
17.91
349.97
349.97
8636.01
8636.01
456.67
456.67
8984.96
8984.96
4051.77
4051.77
85.92
85.92
636.96
636.96
425.25
425.25
4282.36
4282.36
9184.70
9184.70
768.71
768.71
9170.15
9170.15
9149.18
9149.18
129.81
129.81
9389.92
9389.92
3533.61
3533.61
4786.44
4786.44
537.98
537.98
636.52
636.52
1553.26
1553.26
9665.97
9665.97
9836.70
9836.70
77.17
77.17
10541.76
10541.76
54.68
54.68
58.13
58.13
8350.08
8350.08
9467.82
9467.82
9467.82
9467.82
41.65
41.65
10474.87
10474.87
9153.66
9153.66
9330.80
9330.80
9330.80
9330.80
44.88
44.88
669.76
669.76
3117.53
