# 1Hz Kbps trace generated by import_real_world_traces.py
3807.65
1992.09
2894.49
2894.49
17.76
17.76
33.26
33.26
26.12
26.12
69.42
69.42
3255.66
3255.66
18.32
18.32
43.87
43.87
10.00
10.00
296.16
296.16
659.26
659.26
300.90
300.90
284.39
284.39
11.65
11.65
285.83
285.83
623.14
623.14
257.90
257.90
2259.95
2259.95
3529.32
3529.32
5309.76
5309.76
654.75
654.75
3618.31
3618.31
2613.47
2613.47
187.15
187.15
44.38
44.38
11.09
11.09
2415.97
2415.97
618.82
618.82
952.93
952.93
659.68
659.68
24.68
24.68
469.05
469.05
19.28
19.28
78.88
78.88
620.00
620.00
205.74
205.74
94.56
94.56
34.98
34.98
133.28
133.28
20.12
20.12
3749.10
3749.10
3413.80
3413.80
3332.54
3332.54
10.71
10.71
138.51
138.51
696.65
696.65
4130.77
4130.77
3480.15
