# 1Hz Kbps trace generated by import_real_world_traces.py
1864.04
1855.23
1638.71
1953.89
1852.91
1551.19
1959.67
1172.93
1172.93
1847.88
1847.88
1708.25
1708.25
1775.55
1775.55
1862.53
1862.53
1235.07
1235.07
1685.91
1685.91
1390.02
1390.02
1724.77
1724.77
1979.11
1979.11
1798.80
1798.80
1785.54
1785.54
1929.02
1929.02
1695.24
1695.24
957.92
957.92
1789.27
1789.27
1893.88
1893.88
1054.48
1054.48
1716.05
1716.05
940.00
940.00
1864.68
1864.68
1913.09
1913.09
133.04
133.04
1961.81
1961.81
1048.55
1048.55
1735.42
1735.42
1282.62
1282.62
1869.01
1869.01
1768.73
1768.73
1874.20
1874.20
1641.20
1641.20
1052.12
1052.12
1391.01
1391.01
1734.45
1734.45
1558.76
1558.76
1789.87
1789.87
1352.93
1352.93
1937.00
1937.00
1924.74
1924.74
1763.83
1763.83
934.12
934.12
1385.39
1385.39
1937.51
1937.51
951.19
951.19
1450.18
1450.18
1113.92
1113.92
1755.20
1755.20
1960.77
1960.77
1183.22
1183.22
1893.88
1893.88
1627.38
1627.38
1743.79
1743.79
1717.17
1717.17
1873.69
1873.69
1247.81
1247.81
1165.79
1165.79
1563.81
1563.81
1734.08
1734.08
1613.44
1613.44
1750.38
1750.38
1835.21
1835.21
1779.98
1779.98
1965.44
1965.44
1784.33
1784.33
1369.51
1369.51
1953.51
1953.51
1656.92
1656.92
1712.29
1712.29
1738.52
1738.52
930.12
930.12
1599.12
1599.12
1790.21
1790.21
1299.59
1299.59
1777.34
1777.34
1048.49
1048.49
1738.91
1738.91
1923.40
1923.40
1969.16
1969.16
1772.54
1772.54
1913.92
1913.92
1814.97
1814.97
1836.03
1836.03
1761.85
1761.85
1045.06
1045.06
1747.91
1747.91
1623.85
1623.85
1748.70
1748.70
1659.75
1659.75
87.10
87.10
1131.70
1131.70
1888.63
1888.63
1245.88
1245.88
1755.49
1755.49
1709.24
1709.24
1802.93
1802.93
1886.19
1886.19
1162.06
1162.06
1634.94
1634.94
1135.68
1135.68
1770.35
1770.35
1913.56
1913.56
1743.04
1743.04
1344.58
1344.58
1805.56
1805.56
1678.16
1678.16
1721.91
1721.91
1741.37
1741.37
1695.96
1695.96
1479.30
1479.30
1873.92
1873.92
1867.12
1867.12
1412.71
1412.71
1412.71
45.28
1800.40
1800.40
1938.38
1938.38
1938.38
1946.79
1946.79
1674.54
1684.97
1684.97
1684.97
1761.65
1761.65
1617.60
1617.60
1273.04
1273.04
1523.52
1523.52
1643.89
1643.89
1705.13
1705.13
987.84
1749.62
1749.62
1749.62
1040.23
1040.23
1840.50
1840.50
1837.49
1837.49
1468.85
1468.85
2043.39
2043.39
1929.01
1929.01
1784.33
1784.33
1803.76
1803.76
872.20
872.20
1704.36
1704.36
1266.98
1750.55
1750.55
1750.55
1887.70
1887.70
1719.67
1719.67
1554.93
1554.93
1069.78
1069.78
1886.13
1886.13
1354.42
1354.42
1915.17
1915.17
1486.07
1486.07
1260.59
1260.59
1624.89
1624.89
1218.70
1886.13
1886.13
1886.13
1932.58
1932.58
1950.84
1950.84
1670.79
1670.79
1911.69
1911.69
1505.62
755.64
755.64
755.64
1488.99
