# 1Hz Kbps trace generated by import_real_world_traces.py
2070.62
3194.13
68.78
1928.86
1928.86
712.41
712.41
10.00
10.00
3096.58
3096.58
3096.58
3096.58
3581.80
3581.80
807.81
807.81
10.28
10.28
2399.43
2399.43
3457.56
3457.56
3457.56
3457.56
3457.56
3457.56
97.20
97.20
3989.44
3989.44
2270.34
2270.34
58.42
58.42
1497.76
1497.76
1914.17
1914.17
6348.49
6348.49
1340.09
1340.09
3229.19
3229.19
3229.19
3229.19
3229.19
3229.19
3229.19
3229.19
3229.19
3229.19
3229.19
3229.19
3229.19
3229.19
241.34
241.34
10.87
10.87
4546.33
4546.33
5560.46
5560.46
5990.47
5990.47
5544.87
5544.87
5576.23
5576.23
6241.98
6241.98
6099.70
6099.70
6305.58
6305.58
5885.72
5885.72
5004.54
5004.54
5004.54
5004.54
5004.54
5004.54
5966.98
5966.98
713.16
713.16
673.79
673.79
6380.08
6380.08
1782.80
1782.80
100.37
100.37
5025.06
5025.06
1017.51
1017.51
3689.85
3689.85
80.03
80.03
617.20
617.20
828.35
