# 1Hz Kbps trace generated by import_real_world_traces.py
116.95
180.91
263.76
355.04
476.52
596.00
596.00
596.00
596.00
596.00
596.00
596.00
596.00
596.00
596.00
596.00
596.00
596.00
596.00
596.00
596.00
596.00
596.00
596.00
429.24
793.41
793.41
793.41
793.41
793.41
793.41
793.41
793.41
793.41
793.41
793.41
793.41
793.41
793.41
793.41
793.41
793.41
793.41
793.41
793.41
793.41
793.41
793.41
793.41
793.41
793.41
793.41
793.41
793.41
793.41
793.41
793.41
793.41
793.41
793.41
793.41
793.41
793.41
793.41
793.41
793.41
793.41
793.41
793.41
793.41
793.41
793.41
793.41
793.41
793.41
793.41
793.41
793.41
793.41
793.41
793.41
793.41
793.41
793.41
793.41
793.41
793.41
852.89
852.89
852.89
852.89
852.89
852.89
852.89
852.89
852.89
852.89
852.89
874.67
874.67
874.67
874.67
874.67
874.67
874.67
874.67
670.73
670.73
670.73
670.73
670.73
670.73
807.95
807.95
807.95
807.95
807.95
807.95
807.95
807.95
807.95
807.95
926.48
926.48
926.48
926.48
926.48
926.48
926.48
926.48
1009.50
1009.50
1009.50
1009.50
1009.50
1009.50
1009.50
1009.50
1009.50
1009.50
1009.50
1009.50
1009.50
1009.50
1009.50
1009.50
1009.50
1009.50
1009.50
1009.50
1009.50
1009.50
1009.50
1009.50
1009.50
1009.50
1009.50
1009.50
1009.50
1009.50
1009.50
1009.50
1009.50
1009.50
1009.50
1009.50
1009.50
1009.50
1009.50
1009.50
1009.50
1009.50
1009.50
1009.50
1009.50
1009.50
1009.50
1009.50
1009.50
1009.50
1009.50
1009.50
1009.50
1009.50
1009.50
1009.50
1009.50
1009.50
1009.50
1009.50
1009.50
1009.50
1009.50
1009.50
1009.50
1009.50
1009.50
1009.50
1009.50
1009.50
1009.50
1009.50
1009.50
1009.50
1009.50
1009.50
1009.50
1009.50
1089.21
1089.21
1089.21
1089.21
1089.21
1089.21
1089.21
1089.21
1089.21
1089.21
1089.21
1089.21
1089.21
1089.21
1089.21
1089.21
1089.21
1089.21
1089.21
1089.21
1089.21
1089.21
1089.21
1089.21
1089.21
1089.21
1089.21
1089.21
1089.21
1089.21
1089.21
1089.21
1089.21
1089.21
1089.21
1089.21
1089.21
1089.21
1089.21
1089.21
1089.21
1089.21
1089.21
1089.21
1089.21
1089.21
1089.21
1089.21
1089.21
1089.21
1089.21
1089.21
1089.21
1089.21
1089.21
1089.21
1089.21
1089.21
1089.21
1089.21
1089.21
1089.21
1089.21
1089.21
1089.21
1089.21
1089.21
1089.21
1089.21
1089.21
1089.21
1237.21
1237.21
1237.21
1237.21
1237.21
1237.21
1237.21
1237.21
1237.21
1237.21
1237.21
1237.21
1237.21
1237.21
1237.21
1237.21
1237.21
1237.21
1237.21
1237.21
1237.21
1237.21
1237.21
1237.21
1237.21
1237.21
1237.21
1237.21
1237.21
1237.21
1237.21
1237.21
1237.21
1237.21
1237.21
1237.21
1237.21
1237.21
1237.21
1237.21
1237.21
1237.21
1237.21
1237.21
1237.21
1237.21
1237.21
1237.21
1237.21
1237.21
1237.21
1237.21
1237.21
1237.21
1237.21
1237.21
1237.21
1237.21
1237.21
1237.21
1237.21
1237.21
1237.21
1237.21
1237.21
1237.21
1237.21
1237.21
1237.21
1237.21
1237.21
1237.21
1237.21
1237.21
1237.21
1237.21
1237.21
1237.21
1237.21
1237.21
1237.21
1237.21
1237.21
1237.21
1237.21
1237.21
1237.21
1237.21
1237.21
1237.21
1237.21
1237.21
1237.21
1237.21
1237.21
1237.21
1237.21
1237.21
1237.21
1237.21
1237.21
1237.21
1237.21
1237.21
1237.21
1237.21
1237.21
1237.21
1237.21
1237.21
1237.21
1237.21
1237.21
1237.21
1237.21
1237.21
1237.21
1237.21
1237.21
1237.21
1237.21
1237.21
1237.21
1237.21
1237.21
1237.21
1237.21
1237.21
1237.21
1237.21
1237.21
1237.21
1237.21
1237.21
1237.21
1237.21
1237.21
1237.21
1237.21
1237.21
1237.21
1237.21
1237.21
1237.21
1237.21
1237.21
1237.21
1237.21
1237.21
1237.21
1237.21
1237.21
1237.21
1237.21
1237.21
1237.21
1237.21
1237.21
1237.21
1237.21
1237.21
1237.21
1237.21
1237.21
1237.21
1237.21
1237.21
1237.21
1237.21
1237.21
1237.21
1237.21
1237.21
1237.21
1237.21
1237.21
1237.21
1237.21
1237.21
1237.21
1237.21
1237.21
1237.21
1237.21
1237.21
