# 1Hz Kbps trace generated by import_real_world_traces.py
1781.12
2845.86
2845.86
2845.86
2845.86
2845.86
2845.86
2845.86
2845.86
2845.86
2845.86
2845.86
2845.86
2845.86
2845.86
2845.86
2845.86
2845.86
2845.86
2845.86
2845.86
2845.86
2845.86
2845.86
2845.86
2845.86
2845.86
2845.86
2845.86
2735.50
2735.50
2735.50
2735.50
2735.50
2735.50
2735.50
2735.50
2735.50
2735.50
2735.50
2735.50
2735.50
2735.50
2735.50
2735.50
2735.50
2735.50
2735.50
2735.50
2735.50
2735.50
2735.50
2735.50
2735.50
2735.50
2735.50
2735.50
2735.50
2735.50
2735.50
2735.50
2735.50
2735.50
2735.50
2735.50
2735.50
2735.50
2735.50
2735.50
2735.50
2735.50
2735.50
2735.50
2735.50
2735.50
2735.50
2735.50
2735.50
2735.50
2735.50
2735.50
3116.31
3116.31
4359.24
4359.24
4359.24
4359.24
4359.24
4359.24
4359.24
4359.24
4359.24
4359.24
4359.24
4359.24
4359.24
4359.24
4359.24
4359.24
4359.24
4359.24
4359.24
4359.24
3809.86
3809.86
3757.18
3757.18
3122.94
3122.94
2590.60
2590.60
2857.69
2857.69
2857.69
2857.69
3384.80
3384.80
3384.80
3384.80
3384.80
3384.80
3384.80
3384.80
3384.80
3384.80
3384.80
3384.80
3384.80
3384.80
3384.80
3384.80
3384.80
3384.80
3229.30
3229.30
3229.30
3229.30
3229.30
3229.30
3229.30
3229.30
3229.30
3229.30
3229.30
3229.30
3229.30
3229.30
3229.30
3229.30
3229.30
3229.30
3229.30
3229.30
3402.22
3402.22
3429.95
3429.95
3429.95
3429.95
3429.95
3429.95
3429.95
3429.95
3429.95
3429.95
3429.95
3429.95
3429.95
3429.95
3429.95
3429.95
3429.95
3429.95
3429.95
3429.95
3429.95
3429.95
3209.97
3209.97
2538.46
2538.46
2538.46
2538.46
2538.46
2538.46
2538.46
2538.46
2538.46
2538.46
2538.46
2538.46
2538.46
2538.46
2538.46
2538.46
2538.46
2538.46
2538.46
2538.46
2538.46
2538.46
2538.46
2538.46
2538.46
2538.46
2538.46
2538.46
2538.46
2538.46
2538.46
2538.46
2538.46
2538.46
2538.46
