# 1Hz Kbps trace generated by import_real_world_traces.py
2987.83
4714.09
1596.37
1596.37
5830.06
5830.06
5830.06
8311.21
7119.27
7119.27
7119.27
6154.36
6154.36
3531.67
3531.67
7798.48
7798.48
9214.37
9214.37
1168.16
1168.16
7256.39
7256.39
6691.70
6691.70
6691.70
6691.70
6691.70
7009.66
5192.15
5192.15
5192.15
2378.90
2378.90
4891.51
7380.58
7380.58
5731.58
5731.58
5731.58
1152.00
3946.71
3946.71
3946.71
1523.74
1523.74
4407.24
4407.24
7453.38
7453.38
4282.63
4282.63
7407.59
7407.59
3295.26
3295.26
1399.36
1399.36
5066.80
5066.80
6044.62
6044.62
6591.40
6591.40
3035.49
3035.49
1374.30
1374.30
1931.79
1931.79
4341.06
4341.06
4853.53
4853.53
7878.96
7878.96
7798.92
7798.92
4342.27
4342.27
7142.63
7142.63
3953.42
3953.42
8450.23
8450.23
4781.43
4781.43
4666.54
4666.54
3627.22
3627.22
6506.86
6506.86
7196.13
7196.13
4509.49
4509.49
338.21
338.21
6944.62
6944.62
4424.26
4424.26
8151.05
8151.05
8151.05
8151.05
8151.05
8151.05
7163.05
7163.05
7505.56
7505.56
5578.37
5578.37
8793.32
8793.32
5532.83
5532.83
4629.58
4629.58
5552.61
5552.61
7674.67
7674.67
6410.97
6410.97
5462.48
5462.48
7461.53
7461.53
8944.26
8944.26
4719.61
4719.61
377.21
377.21
5337.68
5337.68
3038.10
3038.10
4642.28
4642.28
3771.84
3771.84
4534.27
4534.27
3859.86
3859.86
4474.60
4474.60
5329.74
5329.74
5253.90
5253.90
3320.13
3320.13
7065.05
7065.05
5525.58
5525.58
8197.70
8197.70
9257.43
9257.43
7404.66
7404.66
2573.37
2573.37
9097.91
9097.91
7365.63
7365.63
6259.10
6259.10
2523.75
2523.75
4542.38
4542.38
3298.17
3298.17
7342.29
7342.29
6973.11
6973.11
1880.77
1880.77
40.19
40.19
8263.60
8263.60
3631.40
3631.40
3651.54
3651.54
4863.85
4863.85
7199.19
7199.19
5185.68
5185.68
4381.24
4381.24
6765.79
6765.79
95.32
95.32
7145.85
7145.85
1551.61
1551.61
6010.65
6010.65
1069.93
1069.93
1778.88
1778.88
8121.95
8121.95
1725.95
1725.95
8171.46
8171.46
5189.67
5189.67
8531.91
8531.91
1512.83
1512.83
6741.83
6741.83
8559.15
8559.15
7361.65
7361.65
1698.28
1698.28
6969.18
6969.18
6969.18
6969.18
6969.18
6969.18
6969.18
6969.18
6969.18
6969.18
6969.18
6969.18
6969.18
6969.18
6969.18
6969.18
6969.18
6969.18
5026.75
5026.75
5359.67
5359.67
6691.42
6691.42
5292.91
5292.91
712.44
712.44
8249.81
8249.81
345.36
345.36
4863.24
4863.24
1750.75
1750.75
9158.60
9158.60
5146.07
5146.07
5146.07
5146.07
8361.03
8361.03
3941.57
3941.57
488.85
488.85
5421.06
5421.06
4914.95
4914.95
5565.58
5565.58
4900.40
4900.40
6126.70
6126.70
6760.49
6760.49
6625.31
6625.31
1484.10
1484.10
5629.31
5629.31
241.77
241.77
6935.55
6935.55
10618.81
10618.81
2288.27
2288.27
6765.88
6765.88
2623.36
2623.36
2481.95
2481.95
7717.83
7717.83
1421.44
1421.44
180.69
180.69
5209.25
5209.25
5818.14
5818.14
96.30
96.30
4079.61
4079.61
126.32
126.32
895.16
895.16
129.13
129.13
4923.94
4923.94
4974.68
4974.68
4593.10
4593.10
1437.70
1437.70
908.19
908.19
6038.41
6038.41
5566.13
5566.13
4516.91
4516.91
4724.41
4724.41
3864.76
3864.76
4545.88
4545.88
2689.66
2689.66
4377.71
4377.71
36.30
36.30
1646.48
1646.48
3192.70
3192.70
3802.67
3802.67
8572.98
8572.98
1879.94
1879.94
7660.18
7660.18
8972.56
8972.56
3155.54
3155.54
4223.67
4223.67
4619.84
4619.84
5516.54
5516.54
2859.13
2859.13
3654.89
3654.89
4118.85
4118.85
5035.41
5035.41
8633.86
8633.86
320.14
320.14
8467.38
8467.38
7433.10
7433.10
9723.75
9723.75
1368.78
1368.78
8291.45
8291.45
4339.86
4339.86
7217.72
7217.72
9213.06
9213.06
8673.57
8673.57
5800.40
5800.40
8558.79
8558.79
8256.98
8256.98
6765.25
6765.25
7315.37
7315.37
8641.26
8641.26
5006.70
5006.70
6737.74
6737.74
501.06
501.06
1634.02
1634.02
6757.15
6757.15
1196.26
1196.26
3513.36
3513.36
3294.10
3294.10
4667.17
4667.17
8008.15
8008.15
8527.74
8527.74
6948.92
6948.92
7570.00
7570.00
8083.78
8083.78
6845.39
6845.39
45.55
45.55
8016.46
8016.46
5198.01
5198.01
4959.46
4959.46
1458.71
1458.71
6585.32
6585.32
3171.28
3171.28
7382.87
7382.87
1460.93
1460.93
2944.75
2944.75
31.68
31.68
3858.90
3858.90
3813.81
3813.81
1162.48
1162.48
5510.11
5510.11
1354.92
1354.92
3110.49
3110.49
5010.15
5010.15
2151.34
2151.34
2601.13
2601.13
5057.20
5057.20
5221.50
5221.50
5221.50
5221.50
5076.95
5076.95
4938.44
4938.44
3755.35
3755.35
4140.34
4140.34
4140.34
4140.34
4140.34
4140.34
4140.34
4140.34
4140.34
4140.34
4756.49
4756.49
5635.69
5635.69
544.75
544.75
2701.96
2701.96
4951.21
4951.21
4835.41
4835.41
3548.48
3548.48
3685.11
3685.11
7454.82
7454.82
5998.34
5998.34
5777.48
5777.48
1563.03
1563.03
276.62
276.62
8657.94
8657.94
8657.94
8657.94
8657.94
8657.94
8657.94
8657.94
8657.94
8657.94
3879.60
3879.60
5324.54
5324.54
6635.20
6635.20
4537.06
4537.06
1103.90
1103.90
8856.03
8856.03
1617.31
1617.31
8879.59
8879.59
7965.65
7965.65
4490.05
4490.05
8645.91
8645.91
26.02
26.02
4077.64
4077.64
245.06
245.06
4932.52
4932.52
7043.90
7043.90
6763.55
6763.55
4799.46
4799.46
1014.70
1014.70
4553.04
4553.04
1000.52
1000.52
2717.33
2717.33
2717.33
2717.33
8242.01
8242.01
7978.94
7978.94
8444.66
8444.66
122.27
122.27
6125.71
6125.71
6125.71
6125.71
3977.96
3977.96
1837.52
1837.52
6739.90
6739.90
636.24
636.24
2861.93
2861.93
6913.88
6913.88
6966.65
6966.65
5531.60
5531.60
5280.09
5280.09
637.73
637.73
3011.50
3011.50
8696.96
8696.96
6706.48
6706.48
70.17
70.17
729.10
729.10
2264.53
2264.53
1402.81
1402.81
4722.02
4722.02
6486.87
6486.87
8218.16
8218.16
5007.42
5007.42
6967.27
6967.27
7338.22
7338.22
7362.62
7362.62
8668.01
8668.01
3246.42
3246.42
6874.63
6874.63
4204.65
4204.65
9961.45
9961.45
9571.24
9571.24
3276.96
3276.96
3220.98
3220.98
9006.71
9006.71
951.43
951.43
7860.43
7860.43
3796.84
3796.84
2054.79
2054.79
3884.30
3884.30
247.57
247.57
1311.92
1311.92
1931.04
1931.04
1294.18
1294.18
19.17
19.17
5513.47
5513.47
5321.94
5321.94
1693.47
1693.47
5376.54
5376.54
2008.32
2008.32
4005.60
4005.60
4700.94
4700.94
6311.58
6311.58
1305.32
1305.32
1199.28
1199.28
7197.47
7197.47
8750.36
8750.36
1944.63
1944.63
8206.84
8206.84
7628.52
7628.52
1065.58
1065.58
4652.17
4652.17
8899.95
8899.95
4902.88
4902.88
35.98
35.98
4342.45
4342.45
6466.83
6466.83
4300.10
4300.10
9215.16
9215.16
6132.79
6132.79
3611.46
3611.46
2623.73
2623.73
5513.07
5513.07
4720.74
4720.74
682.97
682.97
7108.93
7108.93
6203.64
6203.64
5740.43
5740.43
346.74
346.74
5016.36
5016.36
86.85
86.85
4036.09
4036.09
966.45
966.45
7349.08
7349.08
6346.30
6346.30
968.07
968.07
3018.61
3018.61
1375.37
1375.37
7392.79
7392.79
5021.88
5021.88
8763.08
8763.08
6560.07
6560.07
6884.04
6884.04
2382.25
2382.25
5107.21
5107.21
951.04
951.04
4324.05
4324.05
7716.28
7716.28
6900.99
6900.99
6275.81
6275.81
5840.82
5840.82
7343.34
7343.34
2393.41
2393.41
7972.73
7972.73
5526.04
5526.04
295.49
295.49
1167.02
1167.02
5103.48
5103.48
6646.54
6646.54
1760.55
1760.55
5876.91
5876.91
6896.16
6896.16
8495.50
8495.50
6059.14
6059.14
1527.67
1527.67
5210.29
5210.29
8303.09
8303.09
8585.56
8585.56
5582.68
5582.68
6349.44
6349.44
5775.35
5775.35
7028.18
7028.18
3828.80
3828.80
7351.85
7351.85
1217.52
1217.52
6773.74
6773.74
6429.84
6429.84
8217.79
8217.79
1683.29
1683.29
2573.37
2573.37
799.23
799.23
8776.93
8776.93
4549.78
4549.78
6631.58
6631.58
5514.76
5514.76
8160.94
8160.94
17.14
17.14
6069.94
6069.94
3892.43
3892.43
6718.76
6718.76
8566.91
8566.91
6800.36
6800.36
3739.21
3739.21
3805.13
3805.13
1193.68
1193.68
8149.22
8149.22
1475.05
1475.05
7292.42
7292.42
8358.47
8358.47
5772.85
5772.85
3102.33
3102.33
529.26
529.26
4170.54
4170.54
7206.43
7206.43
6100.53
6100.53
387.13
387.13
3231.98
3231.98
3231.98
10291.88
1389.73
1389.73
340.12
340.12
3889.24
3889.24
2073.49
2073.49
7800.92
7800.92
5461.64
5461.64
1021.98
1021.98
259.95
259.95
8594.48
8594.48
4519.62
4519.62
922.19
922.19
6383.74
6383.74
3448.33
3448.33
3878.89
3878.89
2356.54
2356.54
360.35
360.35
4985.05
4985.05
1233.29
1233.29
3041.00
3041.00
4030.81
4030.81
562.99
562.99
4128.57
4128.57
3424.92
3424.92
6306.27
6306.27
5949.77
5949.77
7209.51
7209.51
4013.40
4013.40
8136.86
8136.86
5232.54
5232.54
1515.28
1515.28
1515.28
4780.76
3622.99
3622.99
1408.11
1408.11
376.04
376.04
1313.89
1313.89
1313.89
9449.41
792.06
792.06
1431.53
1431.53
6717.47
6717.47
6425.79
6425.79
7522.66
7522.66
3787.22
3787.22
5522.35
5522.35
7860.47
7860.47
2534.77
2534.77
42.65
42.65
8374.38
8374.38
7177.26
7177.26
1634.18
1634.18
2204.86
2204.86
63.35
63.35
63.35
5628.73
5772.32
5772.32
5282.61
5282.61
5282.61
7097.63
7097.63
5137.84
2439.83
2439.83
2439.83
5080.28
5080.28
6413.52
6413.52
3148.72
3148.72
1802.76
554.17
554.17
554.17
4295.56
4295.56
1805.80
1805.80
3671.98
3671.98
829.78
829.78
7290.52
7290.52
4209.57
4209.57
4354.00
4354.00
5871.71
5871.71
2792.27
2792.27
2783.30
2783.30
1551.65
1551.65
4840.26
4840.26
4985.96
4985.96
3881.51
3881.51
7025.89
7025.89
4790.67
4790.67
822.07
822.07
2866.12
2866.12
2652.40
2652.40
5962.98
5962.98
2928.51
2928.51
1031.67
1031.67
5616.81
5616.81
7573.89
7573.89
4598.18
4598.18
4563.91
4563.91
4492.19
4492.19
1633.44
1633.44
3414.49
3414.49
4839.13
4839.13
1051.88
1051.88
5902.78
5902.78
4496.78
4496.78
3340.45
3340.45
2697.47
2697.47
7177.05
7177.05
8556.76
8556.76
5856.59
5856.59
3484.90
3484.90
6889.53
6889.53
2793.48
2793.48
5181.29
5181.29
5770.41
5770.41
2291.10
2291.10
1373.23
1373.23
7862.85
7862.85
7862.85
7862.85
4099.46
4099.46
7635.50
7635.50
3960.71
3960.71
5901.85
5901.85
7469.12
7469.12
8487.60
8487.60
2612.11
2612.11
4795.22
4795.22
6895.55
6895.55
1984.58
1984.58
18.58
18.58
1521.16
1521.16
5321.71
5321.71
4469.88
4469.88
34.60
34.60
5993.69
5993.69
6376.09
6376.09
3153.46
3153.46
3936.31
3936.31
425.26
425.26
3778.53
3778.53
4988.70
4988.70
2642.86
2642.86
1739.01
1739.01
2933.12
2933.12
7878.38
7878.38
1344.38
1344.38
2652.54
2652.54
1843.06
1843.06
611.78
611.78
5157.93
5157.93
2734.89
2734.89
5799.51
5799.51
5313.70
5313.70
2589.04
2589.04
4245.22
4245.22
1908.93
1908.93
8416.51
8416.51
6698.73
6698.73
18.52
18.52
1494.95
1494.95
1815.23
1815.23
7669.62
7669.62
6913.49
6913.49
37.02
37.02
679.38
679.38
3383.60
3383.60
4360.58
4360.58
5309.62
5309.62
1962.45
1962.45
3483.01
3483.01
2083.45
2083.45
2770.98
2770.98
390.24
390.24
2738.54
2738.54
3250.26
3250.26
2764.14
2764.14
3956.97
3956.97
8058.87
8058.87
1535.58
1535.58
7063.41
7063.41
6985.05
6985.05
3931.40
3931.40
1055.15
1055.15
1174.47
1174.47
6712.31
6712.31
5676.64
5676.64
2811.80
2811.80
9394.54
9394.54
9620.63
9620.63
941.20
941.20
8061.36
8061.36
7632.79
7632.79
6513.28
6513.28
2142.44
2142.44
3228.69
3228.69
9153.31
9153.31
1596.87
1596.87
5441.87
5441.87
7705.10
7705.10
6333.94
6333.94
4676.13
4676.13
5153.11
5153.11
7536.41
7536.41
7400.95
7400.95
2351.81
2351.81
3370.02
3370.02
4956.65
4956.65
2290.51
2290.51
5562.82
5562.82
7337.73
7337.73
4474.93
4474.93
3365.49
3365.49
4842.31
4842.31
8954.20
8954.20
2015.67
2015.67
8219.92
8219.92
296.80
296.80
6925.18
6925.18
3997.40
3997.40
8028.01
8028.01
1087.21
1087.21
8946.51
8946.51
1338.46
1338.46
4077.70
4077.70
1212.22
1212.22
2204.28
2204.28
2329.09
2329.09
1687.09
1687.09
3507.04
3507.04
5596.84
5596.84
5040.84
5040.84
9458.96
9458.96
6604.49
6604.49
4104.13
4104.13
7505.75
7505.75
5542.85
5542.85
1572.02
1572.02
7949.62
7949.62
3660.87
3660.87
6426.14
6426.14
7474.98
7474.98
109.74
109.74
583.21
583.21
1110.92
1110.92
5268.34
5268.34
2491.89
2491.89
7064.51
7064.51
168.85
168.85
5876.52
5876.52
5308.68
5308.68
5299.25
5299.25
2404.15
2404.15
810.05
810.05
5072.18
5072.18
6284.83
6284.83
7498.41
7498.41
1330.72
1330.72
5502.01
5502.01
845.77
845.77
1997.21
1997.21
1469.33
1469.33
1778.28
1778.28
1423.17
1423.17
2077.75
2077.75
1939.59
1939.59
75.41
75.41
5483.68
5483.68
4278.99
4278.99
4731.88
4731.88
1271.51
1271.51
4295.20
4295.20
4295.20
4295.20
4482.69
4482.69
4482.69
4482.69
5913.94
5913.94
7906.26
7906.26
7906.26
7906.26
7906.26
7906.26
8514.44
8514.44
5218.69
5218.69
498.66
498.66
6004.04
6004.04
6794.66
6794.66
6816.45
6816.45
6048.70
6048.70
6048.70
6048.70
6048.70
6048.70
807.81
807.81
7471.55
7471.55
7065.71
7065.71
7065.71
7065.71
6815.33
6815.33
7962.57
7962.57
6822.32
6822.32
419.24
419.24
2853.02
2853.02
3802.14
3802.14
3946.63
3946.63
6318.93
6318.93
7281.36
7281.36
5435.41
5435.41
5435.41
5435.41
5016.41
5016.41
2048.56
2048.56
7733.51
7733.51
1342.72
1342.72
5790.88
5790.88
3100.57
3100.57
3332.91
3332.91
5341.47
5341.47
1859.77
1859.77
2564.51
2564.51
1920.27
1920.27
4300.07
4300.07
3010.52
3010.52
6036.33
6036.33
6036.33
6036.33
6036.33
6036.33
6036.33
6036.33
7746.18
7746.18
8060.48
8060.48
8378.21
8378.21
7212.95
7212.95
6047.57
6047.57
281.08
281.08
3943.93
3943.93
990.97
990.97
4375.36
4375.36
4189.24
4189.24
7375.29
7375.29
2033.33
2033.33
386.79
386.79
1656.61
1656.61
6366.30
6366.30
3978.45
3978.45
5955.96
5955.96
5003.41
5003.41
3043.91
3043.91
7743.44
7743.44
7590.09
7590.09
94.01
94.01
3458.34
3458.34
8099.74
8099.74
3311.25
3311.25
3294.72
3294.72
5426.54
5426.54
2159.64
2159.64
5217.05
5217.05
5536.31
5536.31
5894.01
5894.01
4591.97
4591.97
105.88
105.88
15.17
15.17
8083.49
8083.49
729.08
729.08
6242.71
6242.71
6314.31
6314.31
1830.40
1830.40
8062.86
8062.86
2334.37
2334.37
8323.57
8323.57
4369.34
4369.34
5034.80
5034.80
2318.22
2318.22
4697.70
4697.70
2472.01
2472.01
5203.59
5203.59
1568.62
1568.62
707.34
707.34
7331.87
7331.87
3341.62
3341.62
5675.52
5675.52
8759.12
8759.12
5499.33
5499.33
825.86
825.86
18.74
18.74
6334.27
6334.27
4768.29
4768.29
6478.91
6478.91
5266.16
5266.16
7931.83
7931.83
5364.37
5364.37
6674.82
6674.82
8431.96
8431.96
1780.68
1780.68
2184.88
2184.88
315.61
315.61
9549.83
9549.83
5183.64
5183.64
3954.56
3954.56
1949.56
1949.56
1081.90
1081.90
3248.05
3248.05
1362.10
1362.10
3455.95
3455.95
3461.78
3461.78
4544.24
4544.24
4987.57
4987.57
2546.29
2546.29
6069.27
6069.27
4958.39
4958.39
3211.89
3211.89
7763.81
7763.81
2787.48
2787.48
7900.47
7900.47
5240.76
5240.76
1504.88
1504.88
10.00
10.00
154.20
154.20
4656.95
4656.95
6786.42
6786.42
1686.00
1686.00
1018.49
1018.49
8126.41
8126.41
6054.08
6054.08
3752.21
3752.21
670.99
670.99
6499.22
6499.22
2101.62
2101.62
4215.58
4215.58
2968.52
2968.52
1216.61
1216.61
3759.34
3759.34
5341.25
5341.25
4765.84
4765.84
2417.58
2417.58
5800.74
5800.74
5218.28
5218.28
2688.24
2688.24
58.79
58.79
1027.54
1027.54
19.13
19.13
1038.38
1038.38
5990.61
5990.61
8256.25
8256.25
8305.05
8305.05
8966.65
8966.65
4792.84
4792.84
6460.69
6460.69
8001.81
8001.81
5442.47
5442.47
6834.74
6834.74
8043.35
8043.35
9196.48
9196.48
1198.64
1198.64
3663.83
3663.83
3028.01
3028.01
7328.22
7328.22
7328.22
7328.22
7328.22
7328.22
7328.22
7328.22
7328.22
7328.22
7328.22
7328.22
7328.22
7328.22
7328.22
7328.22
6158.86
6158.86
5800.86
5800.86
4448.88
4448.88
2822.81
2822.81
6550.68
6550.68
4758.10
4758.10
6793.18
6793.18
7339.32
7339.32
6952.71
6952.71
4992.17
4992.17
5275.50
5275.50
5853.72
5853.72
10.00
10.00
9148.20
9148.20
2132.52
2132.52
2132.52
6851.40
817.57
817.57
3923.43
3923.43
5070.52
5070.52
2946.21
2946.21
3010.24
3010.24
3116.88
3116.88
2207.32
2207.32
2638.37
2638.37
26.49
26.49
5595.72
5595.72
1968.19
1968.19
7032.43
7032.43
7212.09
7212.09
5975.00
5975.00
5097.06
5097.06
22.43
22.43
7491.82
7491.82
5472.89
5472.89
2454.31
2454.31
5825.64
5825.64
2722.60
2722.60
4465.90
4465.90
5800.07
5800.07
6406.97
6406.97
3945.23
3945.23
415.14
415.14
7964.65
7964.65
573.26
573.26
6057.80
6057.80
1114.84
1114.84
8609.44
8609.44
2800.91
2800.91
3118.23
3118.23
6813.78
6813.78
835.98
835.98
5260.78
5260.78
5124.22
5124.22
7408.78
7408.78
1368.50
1368.50
5111.69
5111.69
7719.52
7719.52
3030.03
3030.03
5090.82
5090.82
3449.06
3449.06
3449.06
5385.12
4546.16
4546.16
5331.00
5331.00
6319.49
6319.49
2881.16
2881.16
3793.14
3793.14
5195.97
5195.97
3841.14
3841.14
6247.58
6247.58
4814.20
4814.20
54.14
54.14
2764.49
2764.49
6236.82
6236.82
4963.58
4963.58
1750.80
1750.80
4714.95
4714.95
5264.28
5264.28
2038.39
2038.39
1386.08
1386.08
17.66
17.66
2968.62
2968.62
8669.07
8669.07
41.45
41.45
81.93
81.93
5209.32
5209.32
4077.19
4077.19
6041.93
6041.93
1726.52
1726.52
1676.54
1676.54
8424.60
8424.60
8697.42
8697.42
4559.48
4559.48
5642.73
5642.73
8516.69
8516.69
7202.11
7202.11
1746.71
1746.71
8438.30
8438.30
6485.97
6485.97
3038.99
3038.99
6953.32
6953.32
4598.44
4598.44
5204.06
5204.06
6267.81
6267.81
21.24
21.24
2286.22
2286.22
5635.86
5635.86
8389.19
8389.19
2103.82
2103.82
65.23
65.23
6142.27
6142.27
6142.27
7100.73
4355.52
4355.52
4355.52
4355.52
4355.52
6459.80
6459.80
6459.80
6459.80
6459.80
6459.80
6459.80
6459.80
454.77
454.77
21.00
21.00
6477.04
6477.04
4568.05
4568.05
3726.48
3726.48
6685.48
6685.48
4908.36
4908.36
4842.86
4842.86
3739.09
3739.09
4075.98
4075.98
4296.81
4296.81
5947.33
5947.33
5947.33
5947.33
5947.33
5947.33
5947.33
5947.33
5908.72
5908.72
1144.45
1144.45
221.23
221.23
7956.52
7956.52
7608.48
7608.48
2014.45
2014.45
3338.33
3338.33
7858.74
7858.74
2496.95
2496.95
3174.64
3174.64
3729.81
3729.81
3729.81
3729.81
7837.88
7837.88
1341.96
1341.96
4557.24
4557.24
5655.64
5655.64
6179.54
6179.54
7105.91
7105.91
6567.89
6567.89
6498.48
6498.48
5152.71
5152.71
4764.70
4764.70
5565.12
5565.12
6274.42
6274.42
853.42
853.42
7377.96
7377.96
5926.69
5926.69
4322.61
4322.61
3511.71
3511.71
4524.16
4524.16
2777.67
2777.67
197.22
197.22
1370.32
1370.32
8500.74
8500.74
18.86
18.86
3507.69
3507.69
2180.95
2180.95
6064.95
6064.95
19.85
19.85
3348.53
3348.53
7986.03
7986.03
3148.03
3148.03
4423.49
4423.49
5114.39
5114.39
1377.15
1377.15
2197.27
2197.27
6928.23
6928.23
1580.02
1580.02
19.79
19.79
2422.98
2422.98
4732.63
4732.63
7752.64
7752.64
5518.94
5518.94
648.18
648.18
6663.48
6663.48
1761.03
1761.03
1965.82
1965.82
3321.56
3321.56
59.39
59.39
1618.11
1618.11
7402.99
7402.99
6834.91
6834.91
5476.59
5476.59
6599.26
6599.26
6223.44
6223.44
5291.75
5291.75
7557.06
7557.06
5357.62
5357.62
1023.16
1023.16
6430.95
6430.95
5419.03
5419.03
1654.78
1654.78
6092.84
6092.84
8196.04
8196.04
1460.05
1460.05
2495.74
2495.74
3727.20
3727.20
5331.10
5331.10
768.56
768.56
936.95
936.95
9303.66
9303.66
2099.59
2099.59
3835.95
3835.95
1327.36
1327.36
1912.81
1912.81
6086.46
6086.46
18.16
18.16
4089.02
4089.02
1136.66
1136.66
14.36
14.36
6403.95
6403.95
2670.48
2670.48
3082.66
3082.66
2348.68
2348.68
5248.14
5248.14
7419.47
7419.47
6966.65
6966.65
9268.89
9268.89
6192.47
6192.47
6192.47
6192.47
6192.47
6192.47
6192.47
6192.47
6192.47
6192.47
4842.05
4842.05
6675.09
6675.09
3682.28
3682.28
7530.36
7530.36
8204.20
8204.20
7411.93
7411.93
1503.23
1503.23
2886.68
2886.68
3201.84
3201.84
2538.24
2538.24
8691.20
8691.20
703.43
703.43
8679.72
8679.72
6643.78
6643.78
1842.70
1842.70
3906.20
3906.20
1162.97
1162.97
7016.96
7016.96
6274.65
6274.65
5590.03
5590.03
3720.15
3720.15
3449.50
3449.50
5764.64
5764.64
5011.91
5011.91
7180.44
7180.44
1422.50
1422.50
4203.98
4203.98
1873.70
1873.70
8032.89
8032.89
7739.82
7739.82
6329.11
6329.11
5877.82
5877.82
1371.64
1371.64
8105.74
8105.74
1340.65
1340.65
3251.65
3251.65
722.64
722.64
7116.05
7116.05
389.40
389.40
254.41
254.41
75.98
75.98
4115.60
4115.60
2372.52
2372.52
4135.62
4135.62
297.88
297.88
6125.47
6125.47
414.96
414.96
6082.06
6082.06
7664.41
7664.41
4255.97
4255.97
5793.49
5793.49
93.25
93.25
3180.12
3180.12
266.37
266.37
2246.52
2246.52
5814.57
5814.57
373.89
373.89
7735.64
7735.64
3664.92
3664.92
22.20
22.20
7754.51
7754.51
4901.40
4901.40
473.30
473.30
5957.19
5957.19
3538.91
3538.91
3526.89
3526.89
2629.95
2629.95
2392.32
2392.32
8652.38
8652.38
76.68
76.68
2309.27
2309.27
33.71
33.71
1865.91
1865.91
6438.37
6438.37
5078.85
5078.85
7096.38
7096.38
77.44
77.44
8366.57
8366.57
5059.88
5059.88
18.95
18.95
4226.93
4226.93
7441.53
7441.53
7222.87
7222.87
6539.42
6539.42
7508.02
7508.02
3105.69
3105.69
1719.46
1719.46
1830.21
1830.21
6577.29
6577.29
510.61
510.61
5499.44
5499.44
3803.85
3803.85
569.46
569.46
7863.93
7863.93
2689.48
2689.48
3903.40
3903.40
4065.39
4065.39
6177.59
6177.59
4594.02
4594.02
3744.09
3744.09
3042.60
3042.60
3093.61
3093.61
6455.70
6455.70
5111.84
5111.84
8135.97
8135.97
2051.89
2051.89
6195.60
6195.60
2923.22
2923.22
1123.05
1123.05
7537.96
7537.96
2742.03
2742.03
8469.75
8469.75
5569.35
5569.35
8264.08
8264.08
7424.75
7424.75
2045.69
2045.69
6991.53
6991.53
1325.82
1325.82
5875.40
5875.40
3189.56
3189.56
5211.82
5211.82
6226.72
6226.72
6226.72
6226.72
4827.67
4827.67
6736.16
6736.16
1462.14
1462.14
5792.76
5792.76
6890.31
6890.31
1794.76
1794.76
106.27
106.27
6510.33
6510.33
5658.41
5658.41
5658.41
5658.41
8161.30
8161.30
6563.13
6563.13
8143.85
8143.85
8143.85
8143.85
5936.58
5936.58
5936.58
5936.58
5936.58
5936.58
5936.58
5936.58
5936.58
5936.58
5936.58
5936.58
4497.70
4497.70
6117.50
6117.50
7241.09
7241.09
7241.09
7241.09
7241.09
7241.09
5896.94
5896.94
5896.94
5896.94
5896.94
5896.94
5896.94
5896.94
4660.07
4660.07
5493.03
5493.03
4245.76
4245.76
4129.65
4129.65
5319.54
5319.54
3913.30
3913.30
3079.85
3079.85
410.91
410.91
1742.96
1742.96
210.12
210.12
2331.55
2331.55
7674.63
7674.63
2411.60
2411.60
4763.16
4763.16
4334.24
4334.24
5112.12
5112.12
2539.89
2539.89
6073.67
6073.67
6901.48
6901.48
6850.05
6850.05
6850.05
6850.05
8560.86
8560.86
1758.82
1758.82
4300.79
4300.79
1538.25
1538.25
3963.88
3963.88
2378.04
2378.04
1555.07
1555.07
1980.59
1980.59
1432.22
1432.22
8497.99
8497.99
7414.59
7414.59
8268.10
8268.10
4206.47
4206.47
5962.14
5962.14
8287.91
8287.91
1259.43
1259.43
3237.90
3237.90
1527.02
1527.02
1524.86
1524.86
8783.88
8783.88
7111.56
7111.56
7411.97
7411.97
1876.84
1876.84
3342.13
3342.13
4490.18
4490.18
4350.67
4350.67
6247.96
6247.96
4324.18
4324.18
5751.44
5751.44
7188.16
7188.16
5462.24
5462.24
1138.04
1138.04
980.96
980.96
2580.73
2580.73
5886.56
5886.56
4430.86
4430.86
6166.68
6166.68
2935.43
2935.43
7559.94
7559.94
1313.09
1313.09
6828.44
6828.44
2331.21
2331.21
2626.92
2626.92
3992.31
3992.31
9882.52
9882.52
3936.21
3936.21
8423.72
8423.72
7772.97
7772.97
7962.79
7962.79
1653.69
1653.69
8431.89
8431.89
1473.21
1473.21
7075.15
7075.15
1684.85
1684.85
1894.78
1894.78
1307.06
1307.06
2362.84
2362.84
4117.14
4117.14
8295.48
8295.48
7770.68
7770.68
8628.99
8628.99
4232.88
4232.88
6142.75
6142.75
1453.55
1453.55
9226.73
9226.73
36.57
36.57
18.07
18.07
8417.36
8417.36
3015.83
3015.83
7643.41
7643.41
7643.41
7643.41
7422.14
7422.14
5681.13
5681.13
1478.64
1478.64
8847.56
8847.56
4006.73
4006.73
3159.29
3159.29
3159.29
8291.06
6937.61
6937.61
8691.58
8691.58
8691.58
8691.58
8691.58
8691.58
8691.58
8691.58
3717.93
3717.93
3717.93
7389.33
7389.33
7389.33
7389.33
7389.33
1582.55
1582.55
3521.68
3521.68
814.38
814.38
6485.88
6485.88
3357.27
3357.27
3102.68
3102.68
5650.79
5650.79
1367.16
1367.16
2243.35
2243.35
2390.10
2390.10
5706.90
5706.90
7558.40
7558.40
8273.80
8273.80
5489.70
5489.70
295.02
295.02
8143.32
8143.32
4094.31
4094.31
6108.59
6108.59
4207.13
4207.13
2637.64
2637.64
2134.43
2134.43
3912.80
3912.80
6419.42
6419.42
4529.40
4529.40
2547.34
2547.34
1241.36
1241.36
9028.11
9028.11
1690.60
1690.60
9282.05
9282.05
9282.05
9282.05
6468.19
6468.19
9023.10
9023.10
9315.59
9315.59
7654.65
7654.65
3578.82
3578.82
7630.48
7630.48
7630.48
7630.48
4612.81
4612.81
3934.86
3934.86
7313.64
7313.64
5225.92
5225.92
6539.59
6539.59
3922.75
3922.75
6903.91
6903.91
4709.21
4709.21
4709.21
4709.21
8183.08
8183.08
8952.86
8952.86
2266.34
2266.34
7887.80
7887.80
21.85
21.85
21.85
8116.53
1430.62
1430.62
6899.49
6899.49
6899.49
6899.49
6277.46
6277.46
4730.14
4730.14
6897.29
6897.29
6949.19
6949.19
7507.47
7507.47
3789.38
3789.38
428.22
428.22
8224.58
8224.58
6098.13
6098.13
623.93
623.93
1455.66
1455.66
8456.21
8456.21
6541.93
6541.93
6060.41
6060.41
8355.42
8355.42
7656.90
7656.90
2588.03
2588.03
9353.66
9353.66
9353.66
9353.66
7669.49
7669.49
7669.49
7669.49
7669.49
7669.49
1616.64
1616.64
3048.85
3048.85
4428.52
4428.52
7177.12
7177.12
7177.12
7177.12
7177.12
7177.12
7177.12
7177.12
5430.57
5430.57
62.38
62.38
62.38
3615.41
2282.97
2282.97
7243.72
7243.72
28.91
28.91
5737.46
5737.46
4182.88
4182.88
2134.10
2134.10
3748.85
3748.85
8382.87
8382.87
6989.92
6989.92
42.69
42.69
3067.92
3067.92
7201.70
7201.70
4742.78
4742.78
4592.38
4592.38
3575.47
3575.47
8900.83
8900.83
2011.96
2011.96
8024.55
8024.55
3487.77
3487.77
3264.68
3264.68
1663.88
1663.88
3502.64
3502.64
7944.12
7944.12
7944.12
3343.24
5334.59
5334.59
3345.13
3345.13
3345.13
5366.30
5296.85
5296.85
1219.15
1219.15
1219.15
1396.18
1396.18
1832.18
1832.18
6934.43
6934.43
8735.95
8735.95
3951.24
3951.24
833.97
833.97
544.84
544.84
4274.37
4274.37
2173.37
2173.37
3326.00
3326.00
7091.11
7091.11
5078.85
5078.85
5131.21
5131.21
7720.48
7720.48
8129.98
8129.98
1722.73
1722.73
3306.86
3306.86
3521.59
3521.59
1775.08
1775.08
7561.22
7561.22
44.86
44.86
7475.96
7475.96
1878.97
1878.97
1357.70
1357.70
7782.28
7782.28
2227.78
2227.78
545.81
545.81
2860.44
2860.44
1480.66
1480.66
18.31
18.31
2998.98
2998.98
58.92
58.92
7711.04
7711.04
1334.84
1334.84
1893.49
1893.49
4729.66
4729.66
2073.22
2073.22
1460.57
1460.57
7245.48
7245.48
7703.00
7703.00
5751.47
5751.47
4764.31
4764.31
1432.84
1432.84
135.05
135.05
5695.78
5695.78
5032.65
5032.65
8022.42
8022.42
8162.10
8162.10
6375.48
6375.48
7358.25
7358.25
1427.52
1427.52
3204.13
3204.13
3762.30
3762.30
9348.12
9348.12
3429.47
3429.47
5082.90
5082.90
196.22
196.22
5619.11
5619.11
6138.63
6138.63
1481.84
1481.84
7931.88
7931.88
7606.48
7606.48
9207.90
9207.90
8420.03
8420.03
5168.59
5168.59
6858.58
6858.58
1188.39
1188.39
5718.19
5718.19
1386.90
1386.90
3005.12
3005.12
3337.99
3337.99
8891.62
8891.62
1186.32
1186.32
790.52
790.52
6879.00
6879.00
6174.53
6174.53
5211.89
5211.89
8289.69
8289.69
8005.93
8005.93
4699.42
4699.42
4699.42
4699.42
8123.61
8123.61
5754.52
5754.52
3842.30
3842.30
3433.09
3433.09
3877.76
3877.76
2609.59
2609.59
5516.98
5516.98
3662.79
3662.79
861.64
861.64
4234.26
4234.26
4455.49
4455.49
6143.96
6143.96
5083.72
5083.72
5307.80
5307.80
6816.87
6816.87
4854.80
4854.80
5529.28
5529.28
4727.37
4727.37
5907.89
5907.89
7164.83
7164.83
1951.85
1951.85
4348.66
4348.66
3852.74
3852.74
3240.64
3240.64
7200.39
7200.39
4385.38
4385.38
6289.47
6289.47
6289.47
6289.47
6405.99
6405.99
7150.41
7150.41
7851.03
7851.03
5382.60
5382.60
869.53
869.53
723.32
723.32
7804.22
7804.22
7879.25
7879.25
2151.99
2151.99
7673.34
7673.34
4670.27
4670.27
6737.41
6737.41
43.04
43.04
4400.73
4400.73
6878.02
6878.02
6534.51
6534.51
5903.20
5903.20
3919.66
3919.66
6789.94
6789.94
7097.45
7097.45
1814.68
1814.68
1286.04
1286.04
5623.37
5623.37
5623.37
5623.37
7983.27
7983.27
4586.79
4586.79
5613.04
5613.04
7519.22
7519.22
6822.97
6822.97
7980.85
7980.85
7826.18
7826.18
7708.00
7708.00
3332.38
3332.38
7805.11
7805.11
7805.11
7805.11
3713.91
3713.91
3838.94
3838.94
7494.78
7494.78
4194.11
4194.11
7496.57
7496.57
7856.66
7856.66
2493.35
2493.35
2292.07
2292.07
3553.85
3553.85
6557.14
6557.14
2444.19
2444.19
7245.88
7245.88
7014.69
7014.69
4343.32
4343.32
5555.29
5555.29
604.52
604.52
6709.31
6709.31
4644.98
4644.98
3896.16
3896.16
3025.35
3025.35
6081.78
6081.78
7040.48
7040.48
4927.54
4927.54
5216.13
5216.13
378.42
378.42
263.95
263.95
8656.31
8656.31
7319.67
7319.67
1483.11
1483.11
2674.28
2674.28
117.64
117.64
5395.30
5395.30
2539.93
2539.93
4818.43
4818.43
6780.44
6780.44
6698.65
6698.65
3588.27
3588.27
281.70
281.70
1709.02
1709.02
3214.91
3214.91
4106.11
4106.11
3066.52
3066.52
4591.66
4591.66
4456.16
4456.16
3711.68
3711.68
6073.30
6073.30
5000.77
5000.77
5531.44
5531.44
2599.64
2599.64
7863.08
7863.08
4258.78
4258.78
14.43
14.43
998.34
998.34
6230.06
6230.06
1079.75
1079.75
2862.11
2862.11
3725.16
3725.16
208.66
208.66
3637.77
3637.77
1199.79
1199.79
4510.20
4510.20
526.26
526.26
4847.46
4847.46
15.93
15.93
1326.57
1326.57
7105.27
7105.27
8024.67
8024.67
8340.60
8340.60
6791.93
6791.93
1796.64
1796.64
6917.20
6917.20
7762.45
7762.45
4342.33
4342.33
7429.47
7429.47
7749.46
7749.46
4475.29
4475.29
2610.87
2610.87
3562.77
3562.77
1890.63
1890.63
4679.90
4679.90
6913.10
6913.10
7009.35
7009.35
7284.03
7284.03
664.46
664.46
8399.67
8399.67
8634.70
8634.70
82.88
82.88
1658.35
1658.35
1649.92
1649.92
1649.92
18.84
6540.26
6540.26
3456.52
3456.52
145.81
145.81
5844.67
5844.67
551.15
551.15
1908.29
1908.29
4906.06
4906.06
7195.99
7195.99
7293.67
7293.67
7293.67
7293.67
7293.67
7293.67
5618.31
5618.31
7624.71
7624.71
7126.07
7126.07
5024.24
5024.24
4462.48
4462.48
5395.56
5395.56
4344.43
4344.43
1117.78
1117.78
7078.46
7078.46
164.25
164.25
6762.37
6762.37
7174.89
7174.89
6336.55
6336.55
2295.74
2295.74
8497.17
8497.17
8139.94
8139.94
6734.12
6734.12
4795.48
4795.48
2791.43
2791.43
2941.53
2941.53
8742.43
8742.43
648.88
648.88
1362.51
1362.51
3678.16
3678.16
21.62
21.62
5755.71
5755.71
3722.87
3722.87
448.47
448.47
8045.38
8045.38
4278.71
4278.71
6951.72
6951.72
5824.44
5824.44
1145.38
1145.38
3175.47
3175.47
5957.63
5957.63
1006.58
1006.58
217.07
217.07
4645.04
4645.04
2976.21
2976.21
6392.12
6392.12
5683.97
5683.97
4934.12
4934.12
1532.42
1532.42
6880.73
6880.73
6470.10
6470.10
7400.29
7400.29
7827.66
7827.66
5341.70
5341.70
2447.24
2447.24
974.93
974.93
861.16
861.16
1322.23
1322.23
4541.49
4541.49
2081.71
2081.71
4451.60
4451.60
6286.00
6286.00
5056.10
5056.10
512.93
512.93
5089.65
5089.65
3288.84
3288.84
5646.39
5646.39
5646.39
5646.39
3115.56
3115.56
5097.96
5097.96
2028.83
2028.83
3611.72
3611.72
4042.49
4042.49
7450.65
7450.65
4243.45
4243.45
2819.66
2819.66
8333.98
8333.98
3196.97
3196.97
7256.42
7256.42
7720.64
7720.64
4931.88
4931.88
5459.60
5459.60
7323.53
7323.53
4673.63
4673.63
5629.00
5629.00
3590.05
3590.05
3281.41
3281.41
5897.14
5897.14
288.21
288.21
8860.75
8860.75
3482.91
3482.91
3197.27
3197.27
6945.61
6945.61
8112.97
8112.97
7966.95
7966.95
12.49
12.49
6995.07
6995.07
7809.41
7809.41
8604.80
8604.80
800.12
800.12
3846.01
3846.01
4335.33
4335.33
1580.32
1580.32
3969.57
3969.57
3238.62
3238.62
2498.20
2498.20
6079.27
6079.27
8793.83
8793.83
4947.17
4947.17
3306.67
3306.67
18.26
18.26
7995.96
7995.96
876.96
876.96
6715.72
6715.72
3169.44
3169.44
5383.36
5383.36
1063.55
1063.55
3726.03
3726.03
6450.25
6450.25
2046.56
2046.56
7219.70
7219.70
597.49
597.49
841.04
841.04
6034.92
6034.92
1676.12
1676.12
896.21
896.21
5041.77
5041.77
8014.06
8014.06
4851.95
4851.95
4852.80
4852.80
4785.01
4785.01
4657.61
4657.61
7264.38
7264.38
6378.85
6378.85
1496.23
1496.23
2050.08
2050.08
1327.82
1327.82
1212.96
1212.96
5103.73
5103.73
343.51
343.51
1652.34
1652.34
44.82
44.82
3161.41
3161.41
136.98
136.98
4081.38
4081.38
334.69
334.69
1450.61
1450.61
7199.00
7199.00
5115.82
5115.82
6878.71
6878.71
6730.10
6730.10
5897.36
5897.36
3275.04
3275.04
258.52
258.52
652.37
652.37
4917.79
4917.79
2225.75
2225.75
6220.03
6220.03
7003.52
7003.52
7439.68
7439.68
6856.19
6856.19
6240.31
6240.31
6594.14
6594.14
1161.56
1161.56
5378.34
5378.34
3607.29
3607.29
3607.29
3607.29
6079.88
6079.88
4518.47
4518.47
5902.86
5902.86
7400.91
7400.91
5183.20
5183.20
3763.58
3763.58
4854.87
4854.87
136.36
136.36
7063.02
7063.02
6709.96
6709.96
1612.95
1612.95
7675.58
7675.58
4725.89
4725.89
4725.89
4725.89
6159.84
6159.84
7195.28
7195.28
8037.37
8037.37
22.05
22.05
3168.71
3168.71
6392.28
6392.28
1426.50
1426.50
9047.70
9047.70
4887.32
4887.32
6131.00
6131.00
2486.82
2486.82
1421.62
1421.62
1371.92
1371.92
6715.81
6715.81
5942.07
5942.07
7291.29
7291.29
5916.86
5916.86
7012.48
7012.48
6964.49
6964.49
4612.44
4612.44
6718.99
6718.99
7844.28
7844.28
7363.17
7363.17
7363.17
7363.17
6777.19
6777.19
5082.05
5082.05
7435.75
7435.75
8985.70
8985.70
1151.41
1151.41
1151.41
1151.41
6103.82
6103.82
3401.84
3401.84
7185.24
7185.24
3843.63
3843.63
6317.40
6317.40
7189.79
7189.79
7286.89
7286.89
1492.05
1492.05
2804.42
2804.42
2804.42
2804.42
2804.42
2804.42
344.96
344.96
5256.52
5256.52
3913.89
3913.89
5513.23
5513.23
25.79
25.79
2902.02
2902.02
5168.46
5168.46
3149.49
3149.49
5988.32
5988.32
3836.24
3836.24
3836.24
3836.24
4369.38
4369.38
5713.09
5713.09
5713.09
5713.09
5713.09
5556.88
2411.63
2411.63
386.75
386.75
5929.41
5929.41
6364.99
6364.99
5406.22
5406.22
2123.77
2123.77
6137.32
6137.32
6414.52
6414.52
7638.88
7638.88
1264.26
1264.26
1268.46
1268.46
5092.94
5092.94
5760.35
5760.35
7210.82
7210.82
6789.68
6789.68
6081.10
6081.10
6250.51
6250.51
1137.97
1137.97
6057.63
6057.63
6057.63
7004.21
3648.86
3648.86
4986.50
4986.50
4986.50
1140.03
4596.67
4596.67
4596.67
1952.68
1952.68
3034.83
3034.83
6504.18
6504.18
8796.07
8796.07
7052.48
7052.48
7677.70
7677.70
1728.87
1728.87
9719.96
9719.96
378.58
378.58
833.84
833.84
1526.28
1526.28
8054.76
8054.76
2873.65
2873.65
6422.77
6422.77
17.06
17.06
2942.86
2942.86
3101.82
3101.82
5218.33
5218.33
8480.31
8480.31
3610.66
3610.66
5160.74
5160.74
765.79
765.79
7524.99
7524.99
5333.97
5333.97
3947.32
3947.32
2909.12
2909.12
4995.39
4995.39
3967.68
3967.68
6896.03
6896.03
8810.45
8810.45
5926.25
5926.25
7284.90
7284.90
5856.07
5856.07
72.17
72.17
5997.70
5997.70
4207.57
4207.57
4990.75
4990.75
1569.99
1569.99
1643.95
1643.95
7200.69
7200.69
4588.93
4588.93
6814.34
6814.34
2321.03
2321.03
4559.62
4559.62
2354.73
2354.73
3773.37
3773.37
1403.53
1403.53
2825.33
2825.33
654.73
654.73
34.89
34.89
7929.85
7929.85
4546.82
4546.82
106.81
106.81
1623.32
1623.32
2263.29
2263.29
2491.64
2491.64
1086.05
1086.05
6790.04
6790.04
2395.05
2395.05
2300.16
2300.16
7394.81
7394.81
3920.05
3920.05
2672.27
2672.27
8019.32
8019.32
5373.01
5373.01
4187.53
4187.53
2860.29
2860.29
8301.73
8301.73
4994.91
4994.91
52.99
52.99
1412.58
1412.58
1014.76
1014.76
5572.94
5572.94
1364.02
1364.02
5149.79
5149.79
100.61
100.61
6853.68
6853.68
7295.52
7295.52
4836.70
4836.70
3147.17
3147.17
7974.29
7974.29
8036.19
8036.19
6866.90
6866.90
6866.90
6866.90
8142.66
8142.66
6214.78
6214.78
2569.38
2569.38
4493.30
4493.30
1235.58
1235.58
1958.95
1958.95
5265.26
5265.26
4566.23
4566.23
3690.30
3690.30
7293.22
7293.22
7014.55
7014.55
4161.41
4161.41
5553.87
5553.87
5987.37
5987.37
4365.78
4365.78
2025.99
2025.99
596.79
596.79
6279.96
6279.96
5729.88
5729.88
6635.31
6635.31
6274.67
6274.67
4770.74
4770.74
8449.80
8449.80
3292.61
3292.61
5272.57
5272.57
3682.09
3682.09
5816.74
5816.74
1470.52
1470.52
6160.80
6160.80
1584.08
1584.08
7309.39
7309.39
1469.47
1469.47
4287.69
4287.69
6079.24
6079.24
1733.68
1733.68
4811.19
4811.19
2230.17
2230.17
8918.67
8918.67
9222.21
9222.21
3914.49
3914.49
6957.83
6957.83
3875.41
3875.41
1041.63
1041.63
821.53
821.53
247.63
247.63
6581.43
6581.43
4021.12
4021.12
4345.99
4345.99
8140.35
8140.35
3104.71
3104.71
7967.70
7967.70
4219.48
4219.48
6933.90
6933.90
6964.43
6964.43
3779.32
3779.32
6001.48
6001.48
7853.90
7853.90
1208.74
1208.74
969.55
969.55
2085.00
2085.00
6516.55
6516.55
4250.26
4250.26
7451.89
7451.89
42.12
42.12
3292.47
3292.47
7572.16
7572.16
6185.03
6185.03
2938.86
2938.86
6813.90
6813.90
7751.66
7751.66
3945.17
3945.17
8228.85
8228.85
6203.21
6203.21
3497.95
3497.95
19.14
19.14
6068.17
6068.17
6922.63
6922.63
7486.19
7486.19
3028.33
3028.33
8112.82
8112.82
5695.41
5695.41
5595.44
5595.44
2351.38
2351.38
4696.81
4696.81
1185.28
1185.28
4088.86
4088.86
6734.10
6734.10
4047.10
4047.10
5989.52
5989.52
3913.14
3913.14
6332.19
6332.19
6399.31
6399.31
4101.68
4101.68
4339.98
4339.98
6176.70
6176.70
5970.67
5970.67
4399.23
4399.23
498.41
498.41
7884.52
7884.52
8267.70
8267.70
8267.70
8267.70
3082.38
3082.38
4693.22
4693.22
7345.47
7345.47
5937.47
5937.47
5937.47
5279.73
6171.18
6171.18
5079.08
5079.08
6263.38
6263.38
20.56
20.56
3629.00
3629.00
6786.14
6786.14
6778.04
6778.04
7402.86
7402.86
3936.84
3936.84
6231.98
6231.98
7485.02
7485.02
3803.78
3803.78
8184.00
8184.00
5852.42
5852.42
2038.21
2038.21
6566.05
6566.05
1851.86
1851.86
390.40
390.40
7831.00
7831.00
1433.69
1433.69
4171.22
4171.22
4394.23
4394.23
4394.23
4394.23
4012.22
4012.22
5272.84
5272.84
6926.45
6926.45
3193.47
3193.47
9181.57
9181.57
3172.04
3172.04
3479.14
3479.14
7045.58
7045.58
1182.68
1182.68
320.60
320.60
1237.15
1237.15
7109.15
7109.15
23.47
23.47
2716.41
2716.41
7776.02
7776.02
1167.86
1167.86
5149.41
5149.41
1128.86
1128.86
5350.93
5350.93
5685.84
5685.84
5986.62
5986.62
5220.07
5220.07
7057.53
7057.53
3865.19
3865.19
3465.10
3465.10
3270.28
3270.28
3270.28
3270.28
3270.28
3270.28
3398.23
3398.23
5131.99
5131.99
7917.99
7917.99
116.64
116.64
5470.14
5470.14
5355.56
5355.56
548.42
548.42
900.55
900.55
1323.11
1323.11
6807.64
6807.64
2893.32
2893.32
6520.10
6520.10
6425.18
6425.18
1736.57
1736.57
8546.32
8546.32
4495.98
4495.98
4863.79
4863.79
2973.24
2973.24
4215.58
4215.58
5999.92
5999.92
4199.47
4199.47
2280.91
2280.91
5295.78
5295.78
3075.58
3075.58
2681.69
2681.69
68.17
68.17
567.61
567.61
3366.90
3366.90
17.17
17.17
3950.36
3950.36
1375.14
1375.14
5056.58
5056.58
1421.29
1421.29
6269.10
6269.10
6527.12
6527.12
2495.56
2495.56
4219.31
4219.31
14.37
14.37
174.60
174.60
5976.68
5976.68
3350.60
3350.60
7842.28
7842.28
3242.33
3242.33
2729.50
2729.50
5921.28
5921.28
8353.00
8353.00
259.37
259.37
1536.16
1536.16
3449.44
3449.44
3580.74
3580.74
796.66
796.66
6712.45
6712.45
3207.92
3207.92
7669.63
7669.63
1065.60
1065.60
2053.60
2053.60
1646.28
1646.28
5420.07
5420.07
3943.13
3943.13
1528.07
1528.07
1776.61
1776.61
101.39
101.39
2813.58
2813.58
3615.79
3615.79
1401.55
1401.55
2287.24
2287.24
8537.29
8537.29
1158.43
1158.43
7864.11
7864.11
4001.11
4001.11
3892.86
3892.86
7672.63
7672.63
41.82
41.82
2708.13
2708.13
4973.57
4973.57
2683.00
2683.00
1399.89
1399.89
3045.11
3045.11
1699.53
1699.53
2295.03
2295.03
3271.24
3271.24
6407.08
6407.08
5744.61
5744.61
5772.42
5772.42
7044.71
7044.71
7141.06
7141.06
305.27
305.27
4025.96
4025.96
336.01
336.01
1043.12
1043.12
5035.42
5035.42
5721.47
5721.47
5331.03
5331.03
1072.58
1072.58
1712.40
1712.40
5646.30
5646.30
1982.71
1982.71
7586.00
7586.00
1500.84
1500.84
74.86
74.86
5325.04
5325.04
4107.05
4107.05
1956.46
1956.46
5907.77
5907.77
4768.26
4768.26
7756.64
7756.64
8576.65
8576.65
1404.40
1404.40
5979.68
5979.68
4637.75
4637.75
1897.99
1897.99
3464.60
3464.60
3114.83
3114.83
5661.07
5661.07
5077.77
5077.77
271.11
271.11
757.77
757.77
8902.19
8902.19
4652.43
4652.43
8081.12
8081.12
8283.86
8283.86
6878.04
6878.04
4292.00
4292.00
2016.14
2016.14
1178.14
1178.14
3710.46
3710.46
1816.73
1816.73
2798.16
2798.16
101.21
101.21
17.63
17.63
7693.26
7693.26
5424.88
5424.88
6796.25
6796.25
7013.76
7013.76
4704.80
4704.80
7528.02
7528.02
5985.48
5985.48
6572.00
6572.00
6107.96
6107.96
8008.26
8008.26
5466.88
5466.88
7285.40
7285.40
5432.17
5432.17
5153.02
5153.02
5644.05
5644.05
6855.93
6855.93
151.37
151.37
7421.53
7421.53
1925.07
1925.07
5140.83
5140.83
2991.34
2991.34
6281.12
6281.12
7672.91
7672.91
9602.00
9602.00
8033.44
8033.44
2247.28
2247.28
8166.85
8166.85
5661.01
5661.01
846.41
846.41
9819.63
9819.63
6990.83
6990.83
4852.38
4852.38
7472.68
7472.68
4698.52
4698.52
3909.97
3909.97
3799.46
3799.46
5996.36
5996.36
2381.02
2381.02
1908.53
1908.53
8060.72
8060.72
2469.12
2469.12
7522.81
7522.81
9350.38
9350.38
9140.79
9140.79
6167.50
6167.50
5610.22
5610.22
19.15
19.15
59.50
59.50
25.76
25.76
6908.18
6908.18
3333.13
3333.13
3828.85
3828.85
5071.75
5071.75
6755.37
6755.37
6745.18
6745.18
5652.39
5652.39
1660.80
1660.80
6452.14
6452.14
4166.12
4166.12
6343.88
6343.88
18.11
18.11
6276.76
6276.76
3577.20
3577.20
5367.39
5367.39
5690.18
5690.18
4857.18
4857.18
1325.42
1325.42
5023.29
5023.29
66.38
66.38
6941.92
6941.92
3746.77
3746.77
8490.11
8490.11
1099.58
1099.58
2975.66
2975.66
19.69
19.69
6464.53
6464.53
275.51
275.51
17.86
17.86
3133.69
3133.69
2575.70
2575.70
1335.86
1335.86
6639.89
6639.89
7182.17
7182.17
4094.26
4094.26
84.48
84.48
1474.81
1474.81
681.83
681.83
4491.58
4491.58
1981.31
1981.31
1981.31
3862.41
2930.29
2930.29
3909.04
3909.04
1124.00
1124.00
127.78
127.78
3987.04
3987.04
3978.62
3978.62
5602.63
5602.63
1518.62
1518.62
4041.94
4041.94
2548.34
2548.34
1075.33
1075.33
784.37
784.37
3225.69
3225.69
4888.67
4888.67
5976.92
5976.92
4089.04
4089.04
4558.06
4558.06
4224.59
4224.59
5504.03
5504.03
5721.76
5721.76
1885.94
1885.94
5673.04
5673.04
4289.50
4289.50
5763.73
5763.73
4000.76
4000.76
3114.65
3114.65
7126.28
7126.28
3032.07
3032.07
4793.25
4793.25
4800.57
4800.57
2118.31
2118.31
3408.43
3408.43
3558.61
3558.61
1463.47
1463.47
4166.02
4166.02
8301.34
8301.34
4633.84
4633.84
5829.70
5829.70
5829.70
22.49
22.49
8187.08
8187.08
5539.36
5539.36
8145.51
8145.51
2219.66
2219.66
8045.79
8045.79
6150.20
6150.20
1442.84
1442.84
7086.16
7086.16
7749.89
7749.89
4747.48
4747.48
3879.26
3879.26
1880.41
1880.41
417.01
417.01
2104.46
2104.46
3828.00
3828.00
4388.38
4388.38
1370.78
1370.78
6764.28
6764.28
3790.91
3790.91
6884.48
6884.48
6803.15
6803.15
2029.88
2029.88
16.97
16.97
8333.03
8333.03
885.79
885.79
138.37
138.37
2719.06
2719.06
8195.28
8195.28
4967.71
4967.71
6540.16
6540.16
8336.77
8336.77
900.27
900.27
17.16
17.16
117.85
117.85
1375.58
1375.58
8377.08
8377.08
2013.99
2013.99
3594.14
3594.14
8013.49
8013.49
2473.45
2473.45
2439.66
2439.66
3472.94
3472.94
3431.74
3431.74
6339.70
6339.70
5429.77
5429.77
1456.60
1456.60
5866.46
5866.46
5530.41
5530.41
7142.66
7142.66
5039.89
5039.89
5039.89
5039.89
5039.89
5039.89
5039.89
5039.89
6743.55
6743.55
7248.20
7248.20
5418.70
5418.70
6250.28
6250.28
1373.44
1373.44
5379.60
5379.60
5447.94
5447.94
21.25
21.25
4315.69
4315.69
4523.24
4523.24
6455.48
6455.48
1043.74
1043.74
18.13
18.13
6199.23
6199.23
6199.23
6199.23
3969.93
3969.93
6568.99
6568.99
5232.11
5232.11
4327.62
4327.62
6350.04
6350.04
4627.52
4627.52
4627.52
4627.52
4406.01
4406.01
6797.30
6797.30
6988.60
6988.60
4880.78
4880.78
5495.61
5495.61
7433.72
7433.72
1295.48
1295.48
956.80
956.80
5952.13
5952.13
3342.33
3342.33
6401.39
6401.39
8583.82
8583.82
5727.56
5727.56
7770.98
7770.98
3220.23
3220.23
7222.20
7222.20
7059.70
7059.70
7369.37
7369.37
7803.91
7803.91
1981.85
1981.85
2637.31
2637.31
1320.03
1320.03
1068.72
1068.72
4648.37
4648.37
1167.35
1167.35
6751.27
6751.27
4234.40
4234.40
5085.74
5085.74
4404.38
4404.38
5479.23
5479.23
1337.46
1337.46
5906.24
5906.24
6407.45
6407.45
4805.99
4805.99
6661.94
6661.94
5653.21
5653.21
7071.04
7071.04
7279.63
7279.63
1402.81
1402.81
4365.78
4365.78
745.11
745.11
1751.38
1751.38
29.00
29.00
6912.77
6912.77
3695.47
3695.47
2008.57
2008.57
7151.44
7151.44
3667.65
3667.65
1688.23
1688.23
7187.59
7187.59
6751.16
6751.16
1255.50
1255.50
7766.01
7766.01
1350.37
1350.37
1979.67
1979.67
2736.78
2736.78
3323.32
3323.32
4623.53
4623.53
8186.06
8186.06
5130.08
5130.08
3853.30
3853.30
3006.17
3006.17
7499.04
7499.04
4892.30
4892.30
6980.54
6980.54
3719.31
3719.31
19.29
19.29
466.58
466.58
1849.61
1849.61
6549.27
6549.27
3047.82
3047.82
2835.17
2835.17
7902.55
7902.55
5470.59
5470.59
2611.01
2611.01
3129.20
3129.20
4148.63
4148.63
3577.46
3577.46
2488.61
2488.61
6009.49
6009.49
1216.21
1216.21
3371.49
3371.49
5944.57
5944.57
4888.16
4888.16
8076.45
8076.45
4330.80
4330.80
5027.29
5027.29
5450.03
5450.03
4842.81
4842.81
7051.42
7051.42
7419.49
7419.49
8503.27
8503.27
1361.41
1361.41
7345.57
7345.57
1433.37
1433.37
6025.94
6025.94
4857.35
4857.35
5286.84
5286.84
1460.60
1460.60
7875.37
7875.37
8472.90
8472.90
17.99
17.99
2513.91
2513.91
4499.28
4499.28
2472.88
2472.88
17.58
17.58
3386.52
3386.52
6805.69
6805.69
7436.31
7436.31
1638.14
1638.14
2731.20
2731.20
2473.03
2473.03
3276.36
3276.36
5393.58
5393.58
5894.99
5894.99
7053.68
7053.68
4159.49
4159.49
1956.76
1956.76
2194.94
2194.94
4585.96
4585.96
464.31
464.31
6826.86
6826.86
6826.86
6826.86
6826.86
6826.86
6826.86
6826.86
6595.06
6595.06
5894.66
5894.66
5708.71
5708.71
3379.93
3379.93
4764.48
4764.48
1076.61
1076.61
5588.98
5588.98
3371.44
3371.44
6740.35
6740.35
7753.30
7753.30
7753.30
7753.30
6975.58
6975.58
4949.82
4949.82
8568.94
8568.94
8568.94
8568.94
4006.74
4006.74
4184.44
4184.44
1966.97
1966.97
6282.35
6282.35
400.14
400.14
3936.00
3936.00
3285.61
3285.61
6772.66
6772.66
1668.45
1668.45
59.27
59.27
3555.38
3555.38
4376.77
4376.77
6616.70
6616.70
795.79
795.79
7443.06
7443.06
5209.28
5209.28
396.91
396.91
6556.25
6556.25
7465.46
7465.46
7846.26
7846.26
7821.16
7821.16
8355.15
8355.15
4938.59
4938.59
6432.97
6432.97
4500.70
4500.70
6146.28
6146.28
6445.03
6445.03
6144.59
6144.59
7781.96
7781.96
5165.11
5165.11
5165.11
5165.11
5165.11
5165.11
255.43
255.43
42.79
42.79
1963.26
1963.26
89.28
89.28
101.47
101.47
1975.13
1975.13
7987.15
7987.15
4326.45
4326.45
4361.10
4361.10
3348.19
3348.19
6474.44
6474.44
5474.57
5474.57
4497.67
4497.67
2167.70
2167.70
5820.35
5820.35
3365.29
3365.29
4245.82
4245.82
390.00
390.00
1645.94
1645.94
5028.34
5028.34
2496.64
2496.64
7012.45
7012.45
1626.01
1626.01
2010.95
2010.95
273.65
273.65
4204.14
4204.14
7272.73
7272.73
507.38
507.38
2117.28
2117.28
263.63
263.63
1548.54
1548.54
2025.57
2025.57
5372.01
5372.01
27.90
27.90
7901.94
7901.94
1598.78
1598.78
4754.83
4754.83
4342.05
4342.05
6337.85
6337.85
3235.14
3235.14
5028.86
5028.86
5016.94
5016.94
6345.70
6345.70
1386.21
1386.21
53.05
53.05
4941.93
4941.93
5850.67
5850.67
3835.92
3835.92
4955.74
4955.74
227.28
227.28
4168.55
4168.55
3038.38
3038.38
7187.89
7187.89
2053.37
2053.37
1523.26
1523.26
566.69
566.69
1911.68
1911.68
4288.27
4288.27
25.63
25.63
1806.96
1806.96
5138.76
5138.76
7262.15
7262.15
4952.37
4952.37
7333.31
7333.31
125.79
125.79
6372.18
6372.18
1517.67
1517.67
7615.19
7615.19
6287.32
6287.32
4419.99
4419.99
925.13
925.13
7539.06
7539.06
1813.62
1813.62
1690.36
1690.36
40.06
40.06
3187.34
3187.34
2587.79
2587.79
92.51
92.51
4907.40
4907.40
6837.54
6837.54
17.14
17.14
3530.91
3530.91
5136.98
5136.98
8004.96
8004.96
8028.27
8028.27
2269.42
2269.42
76.23
76.23
7101.86
7101.86
7400.07
7400.07
4464.22
4464.22
3555.39
3555.39
5431.07
5431.07
6952.68
6952.68
1375.72
1375.72
588.78
588.78
6063.16
6063.16
3040.09
3040.09
7630.05
7630.05
7698.99
7698.99
8045.46
8045.46
3166.57
3166.57
5790.62
5790.62
4193.84
4193.84
6910.56
6910.56
19.09
19.09
4103.48
4103.48
8145.57
8145.57
1264.83
1264.83
7349.35
7349.35
5411.95
5411.95
3872.49
3872.49
906.33
906.33
4282.89
4282.89
5497.86
5497.86
3159.68
3159.68
8013.93
8013.93
7159.19
7159.19
3734.83
3734.83
8091.45
8091.45
1492.04
1492.04
5101.62
5101.62
5487.92
5487.92
8087.89
8087.89
2465.57
2465.57
2545.05
2545.05
7375.73
7375.73
5011.20
5011.20
5305.58
5305.58
9023.76
9023.76
123.77
123.77
6599.34
6599.34
3750.50
3750.50
8977.69
8977.69
3315.20
3315.20
3275.08
3275.08
5543.73
5543.73
1471.54
1471.54
3036.39
3036.39
1264.08
1264.08
7556.99
7556.99
6885.63
6885.63
806.50
806.50
87.22
87.22
1445.61
1445.61
4836.12
4836.12
6748.76
6748.76
4124.93
4124.93
2893.25
2893.25
7491.01
7491.01
8973.84
8973.84
7869.01
7869.01
7244.39
7244.39
1992.35
1992.35
609.89
609.89
8324.12
8324.12
1508.48
1508.48
1516.14
1516.14
7769.97
7769.97
3158.54
3158.54
1498.39
1498.39
6222.73
6222.73
8269.25
8269.25
7320.14
7320.14
6473.65
6473.65
7240.31
7240.31
5590.93
5590.93
71.93
71.93
4551.90
4551.90
5401.23
5401.23
5882.79
5882.79
6920.77
6920.77
3433.40
3433.40
4712.82
4712.82
94.17
94.17
3033.08
3033.08
7277.31
7277.31
1754.92
1754.92
4914.37
4914.37
4488.28
4488.28
4669.03
4669.03
6902.49
6902.49
3361.69
3361.69
6430.25
6430.25
8650.43
8650.43
1423.19
1423.19
6152.14
6152.14
2081.45
2081.45
1385.01
1385.01
559.58
559.58
5923.21
5923.21
372.37
372.37
2590.57
2590.57
123.47
123.47
7590.97
7590.97
6215.96
6215.96
3571.94
3571.94
18.19
18.19
2466.04
2466.04
6794.91
6794.91
7952.00
7952.00
281.61
281.61
6535.61
6535.61
7934.25
7934.25
5149.75
5149.75
8350.20
8350.20
8139.47
8139.47
6407.00
6407.00
6295.81
6295.81
2665.01
2665.01
7256.75
7256.75
4563.53
4563.53
4082.43
4082.43
5931.95
5931.95
4707.47
4707.47
5307.10
5307.10
1971.88
1971.88
3896.94
3896.94
5445.45
5445.45
5445.45
650.35
5846.42
5846.42
2568.55
2568.55
6055.90
6055.90
2822.32
2822.32
3922.67
3922.67
5521.18
5521.18
2182.91
2182.91
210.81
210.81
5557.78
5557.78
3167.12
3167.12
6343.29
6343.29
6700.55
6700.55
2777.91
2777.91
3075.82
3075.82
3645.01
3645.01
4754.01
4754.01
2175.81
2175.81
2165.45
2165.45
595.30
595.30
19.66
19.66
5231.94
5231.94
3914.50
3914.50
4675.00
4675.00
3660.25
3660.25
5808.15
5808.15
2309.78
2309.78
4361.44
4361.44
5425.33
5425.33
5425.33
3150.19
7790.72
7790.72
1624.20
1624.20
1624.20
8025.14
2997.93
2997.93
2997.93
6429.09
6429.09
3753.93
3753.93
7549.58
7549.58
7322.42
7322.42
42.01
42.01
8210.35
8210.35
7937.83
7937.83
1550.45
1550.45
7263.91
7263.91
1328.96
1328.96
2888.58
2888.58
1787.65
1787.65
5781.89
5781.89
1266.53
1266.53
6468.41
6468.41
2774.37
2774.37
6150.88
6150.88
6468.68
6468.68
4890.76
4890.76
1686.31
1686.31
3298.40
3298.40
5524.94
5524.94
3820.17
3820.17
2607.46
2607.46
7607.83
7607.83
6378.11
6378.11
2743.81
2743.81
2008.43
2008.43
4122.95
4122.95
1919.63
1919.63
5701.54
5701.54
18.16
18.16
1601.41
1601.41
8093.01
8093.01
23.52
23.52
1504.10
1504.10
7056.98
7056.98
7408.27
7408.27
6555.65
6555.65
6219.29
6219.29
7109.66
7109.66
161.61
161.61
2761.20
2761.20
6918.36
6918.36
4260.47
4260.47
8104.94
8104.94
1999.79
1999.79
1600.88
1600.88
4646.14
4646.14
5337.27
5337.27
8497.28
8497.28
5067.25
5067.25
8698.48
8698.48
6228.40
6228.40
2337.65
2337.65
6987.04
6987.04
5756.36
5756.36
4341.03
4341.03
7740.13
7740.13
6034.11
6034.11
3723.19
3723.19
852.76
852.76
600.01
600.01
3127.30
3127.30
2882.82
2882.82
1277.14
1277.14
4349.36
4349.36
6911.93
6911.93
4176.99
4176.99
3349.40
3349.40
4501.90
4501.90
8299.60
8299.60
50.62
50.62
6095.06
6095.06
588.32
588.32
58.26
58.26
1415.22
1415.22
3676.33
3676.33
8065.42
8065.42
324.25
324.25
1536.24
1536.24
1280.02
1280.02
2716.11
2716.11
1557.23
1557.23
8266.01
8266.01
8040.75
8040.75
134.73
134.73
1100.85
1100.85
6382.23
6382.23
5376.05
5376.05
1831.82
1831.82
1427.84
1427.84
6061.72
6061.72
5377.30
5377.30
7683.85
7683.85
5440.20
5440.20
3228.97
3228.97
7015.02
7015.02
4730.19
4730.19
2471.96
2471.96
66.02
66.02
5152.70
5152.70
3193.05
3193.05
2640.60
2640.60
1859.55
1859.55
6059.64
6059.64
7042.87
7042.87
21.69
21.69
5302.18
5302.18
4700.52
4700.52
3824.53
3824.53
6233.85
6233.85
1928.98
1928.98
2051.86
2051.86
1499.70
1499.70
608.72
608.72
4449.10
4449.10
2105.18
2105.18
28.72
28.72
5255.49
5255.49
3477.92
3477.92
6130.49
6130.49
4877.68
4877.68
4392.30
4392.30
5482.87
5482.87
327.65
327.65
1877.86
1877.86
2208.87
2208.87
6943.30
6943.30
4726.41
4726.41
2902.47
2902.47
6071.37
6071.37
5103.59
5103.59
5103.59
5103.59
5103.59
5103.59
5103.59
5103.59
8156.08
8156.08
61.34
61.34
7075.33
7075.33
4915.98
4915.98
6292.72
6292.72
3640.26
3640.26
7791.55
7791.55
3503.27
3503.27
6101.29
6101.29
2772.33
2772.33
634.42
634.42
3994.80
3994.80
2818.09
2818.09
4068.35
4068.35
1257.73
1257.73
3935.93
3935.93
6240.63
6240.63
7087.39
7087.39
7087.39
7087.39
2961.34
2961.34
7131.46
7131.46
8063.88
8063.88
4549.38
4549.38
5257.08
5257.08
3410.87
3410.87
5260.31
5260.31
6740.16
6740.16
5522.91
5522.91
7671.27
7671.27
5813.90
5813.90
5004.15
5004.15
5004.15
5004.15
7147.92
7147.92
6866.41
6866.41
3043.14
3043.14
4341.83
4341.83
4341.83
4341.83
4341.83
4341.83
4403.88
4403.88
235.05
235.05
800.21
800.21
1371.75
1371.75
3147.76
3147.76
3147.76
3147.76
3147.76
3147.76
1757.35
1757.35
2362.40
2362.40
1811.26
1811.26
2313.40
2313.40
2722.24
2722.24
2722.24
2722.24
3102.64
3102.64
2981.10
2981.10
6281.92
6281.92
5294.38
5294.38
5150.49
5150.49
74.35
74.35
173.00
173.00
6887.98
6887.98
842.85
842.85
5906.51
5906.51
4512.70
4512.70
1493.24
1493.24
6734.88
6734.88
7209.57
7209.57
7209.57
7209.57
2858.41
2858.41
1043.88
1043.88
12.67
12.67
4226.70
4226.70
4670.33
4670.33
7944.00
7944.00
8974.72
8974.72
1169.18
1169.18
1711.73
1711.73
7903.93
7903.93
7833.02
7833.02
4668.02
4668.02
4644.07
4644.07
7557.65
7557.65
3954.05
3954.05
557.34
557.34
2225.54
2225.54
3629.76
3629.76
4765.06
4765.06
3417.26
3417.26
1199.75
1199.75
5087.25
5087.25
4241.47
4241.47
2855.90
2855.90
4329.09
4329.09
6530.73
6530.73
1505.46
1505.46
1805.40
1805.40
1051.28
1051.28
4747.10
4747.10
4300.38
4300.38
97.32
97.32
7122.80
7122.80
953.49
953.49
8292.00
8292.00
1297.57
1297.57
4025.08
4025.08
4740.23
4740.23
3397.59
3397.59
4513.53
4513.53
669.06
669.06
5492.11
5492.11
5480.70
5480.70
5756.91
5756.91
7581.60
7581.60
6244.84
6244.84
5238.23
5238.23
236.39
236.39
26.06
26.06
7539.91
7539.91
7464.55
7464.55
860.23
860.23
7458.64
7458.64
6219.30
6219.30
2098.35
2098.35
797.18
797.18
4257.51
4257.51
4405.93
4405.93
4699.40
4699.40
4699.40
4699.40
4699.40
4699.40
4699.40
4699.40
4699.40
4699.40
670.60
670.60
1926.92
1926.92
2494.22
2494.22
2978.03
2978.03
2908.49
2908.49
2908.49
2908.49
1366.89
1366.89
4275.66
4275.66
3503.33
3503.33
1952.92
1952.92
4822.02
4822.02
5305.98
5305.98
101.53
101.53
3585.31
3585.31
5014.33
5014.33
5653.00
5653.00
3354.85
3354.85
3246.43
3246.43
4497.21
4497.21
5668.55
5668.55
399.71
399.71
3104.58
3104.58
3170.99
3170.99
5300.23
5300.23
4496.94
4496.94
5863.87
5863.87
6540.11
6540.11
5049.11
5049.11
1209.27
1209.27
132.37
132.37
19.53
19.53
7536.08
7536.08
1062.71
1062.71
179.01
179.01
5846.81
5846.81
39.91
39.91
2620.98
2620.98
5495.18
5495.18
1410.26
1410.26
9062.55
9062.55
221.18
221.18
4450.82
4450.82
8725.95
8725.95
8725.95
8725.95
8725.95
8725.95
946.23
946.23
3423.94
3423.94
5298.35
5298.35
53.98
53.98
4906.85
4906.85
6684.04
6684.04
107.52
107.52
2497.24
2497.24
1280.97
1280.97
4257.33
4257.33
3628.46
3628.46
5151.16
5151.16
4043.42
4043.42
8007.30
8007.30
6564.17
6564.17
1310.79
1310.79
433.96
433.96
2369.57
2369.57
3633.18
3633.18
3633.18
3633.18
2116.78
2116.78
18.12
18.12
4041.62
4041.62
7841.06
7841.06
18.63
18.63
25.34
25.34
5092.41
5092.41
5092.41
5092.41
5092.41
5092.41
3069.79
3069.79
5337.41
5337.41
4746.81
4746.81
2121.20
2121.20
1162.40
1162.40
4857.52
4857.52
4603.29
4603.29
4542.20
4542.20
4201.07
4201.07
48.30
48.30
5426.36
5426.36
3959.28
3959.28
5733.17
5733.17
5733.17
5733.17
5733.17
5733.17
3617.40
3617.40
4782.90
4782.90
6486.35
6486.35
5566.98
5566.98
5566.98
5566.98
2346.24
2346.24
2861.62
2861.62
5295.09
5295.09
2602.74
2602.74
3922.41
3922.41
81.42
81.42
6557.57
6557.57
3339.11
3339.11
2858.31
2858.31
3061.10
3061.10
3304.35
3304.35
2363.97
2363.97
2528.42
2528.42
4028.40
4028.40
4068.48
4068.48
4134.03
4134.03
6578.43
6578.43
6197.88
6197.88
6350.06
6350.06
6327.65
6327.65
6673.96
6673.96
5476.30
5476.30
727.72
727.72
3746.19
3746.19
41.74
41.74
2817.06
2817.06
210.31
210.31
970.02
970.02
1403.45
1403.45
3027.84
3027.84
2500.59
2500.59
5946.22
5946.22
2083.65
2083.65
1445.21
1445.21
3190.90
3190.90
3527.76
3527.76
4632.57
4632.57
4043.39
4043.39
2483.41
2483.41
3351.98
3351.98
6241.88
6241.88
6861.70
6861.70
5261.43
5261.43
7155.13
7155.13
5876.65
5876.65
6181.92
6181.92
3319.75
3319.75
7657.44
7657.44
7835.07
7835.07
7966.88
7966.88
7966.88
2861.91
157.16
157.16
2752.59
2752.59
5025.95
5025.95
5025.95
5025.95
5025.95
5025.95
141.94
141.94
6329.41
6329.41
2013.31
2013.31
978.67
978.67
2181.75
2181.75
5497.58
5497.58
348.65
348.65
649.50
649.50
2830.54
2830.54
3774.12
3774.12
3162.08
3162.08
5941.35
5941.35
836.73
836.73
8402.94
8402.94
12.74
12.74
7275.30
7275.30
7893.12
7893.12
5613.15
5613.15
897.98
897.98
3281.93
3281.93
5854.75
5854.75
5854.75
5854.75
5224.59
5224.59
1461.42
1461.42
5877.06
5877.06
1410.25
1410.25
6031.85
6031.85
6031.85
6031.85
5968.85
5968.85
5968.85
5968.85
5968.85
5968.85
5968.85
5968.85
6719.93
6719.93
6932.59
6932.59
4160.20
4160.20
4381.19
4381.19
4212.22
4212.22
6886.09
6886.09
6520.53
6520.53
4095.09
4095.09
5627.84
5627.84
5551.41
5551.41
6087.14
6087.14
4405.89
4405.89
6505.73
6505.73
6505.73
6505.73
6505.73
6505.73
6505.73
6505.73
5876.20
5876.20
4045.38
4045.38
5071.77
5071.77
5071.77
5071.77
6151.30
6151.30
3484.29
3484.29
6042.56
6042.56
6042.56
792.27
1389.97
1389.97
4332.30
4332.30
4717.20
4717.20
4022.55
4022.55
5011.01
5011.01
16.60
16.60
16.60
591.42
3799.59
3799.59
4429.61
4429.61
386.36
386.36
5563.05
5563.05
6589.69
6589.69
6876.28
6876.28
1824.34
1824.34
3013.09
3013.09
8764.45
8764.45
13.73
13.73
4315.65
4315.65
4315.65
1995.54
4876.89
4876.89
5965.20
5965.20
6204.87
6204.87
15.76
15.76
4147.15
4147.15
4279.71
4279.71
5399.19
5399.19
5399.19
5399.19
5399.19
5399.19
5399.19
5399.19
5399.19
5399.19
5399.19
5399.19
5399.19
5399.19
5399.19
5399.19
5399.19
2702.63
2702.63
3145.31
3145.31
4763.16
4763.16
5310.25
5310.25
4669.61
4669.61
358.94
358.94
3142.38
3142.38
46.85
46.85
1467.18
1467.18
1635.41
1635.41
6537.51
6537.51
4361.16
4361.16
43.04
43.04
2579.68
2579.68
4452.06
4452.06
4434.65
4434.65
4842.43
4842.43
298.32
298.32
6135.80
6135.80
5200.84
5200.84
6636.68
6636.68
3556.32
3556.32
3629.90
3629.90
7034.29
7034.29
4965.58
4965.58
6945.37
6945.37
2788.27
2788.27
2715.91
2715.91
5208.24
5208.24
2663.44
2663.44
3685.07
3685.07
3951.41
3951.41
634.01
634.01
6170.97
6170.97
6011.15
6011.15
1272.57
1272.57
5407.72
5407.72
1386.02
1386.02
1477.05
1477.05
4491.28
4491.28
6141.98
6141.98
3792.81
3792.81
2599.35
2599.35
3568.31
3568.31
4673.67
4673.67
4738.79
4738.79
5452.40
5452.40
6007.18
6007.18
3037.84
3037.84
3225.81
3225.81
5824.26
5824.26
7530.24
7530.24
2781.65
2781.65
1862.43
1862.43
6503.19
6503.19
96.26
96.26
5845.36
5845.36
588.84
588.84
5962.61
5962.61
224.26
224.26
5406.81
5406.81
3521.33
3521.33
3951.66
3951.66
1203.31
1203.31
3396.99
3396.99
2332.25
2332.25
1763.01
1763.01
1709.01
1709.01
5319.28
5319.28
2236.10
2236.10
6372.94
6372.94
1537.87
1537.87
1719.82
1719.82
1697.18
1697.18
2166.19
2166.19
2042.85
2042.85
2453.21
2453.21
2714.00
2714.00
4158.86
4158.86
3972.04
3972.04
2270.08
2270.08
1093.86
1093.86
3443.48
3443.48
3007.81
3007.81
4200.91
4200.91
355.37
355.37
3426.14
3426.14
5408.07
5408.07
4492.55
4492.55
2323.64
2323.64
3466.90
3466.90
4635.68
4635.68
3607.13
3607.13
1346.68
1346.68
5537.11
5537.11
3375.24
3375.24
222.68
222.68
63.70
63.70
113.67
113.67
3327.08
3327.08
110.37
110.37
818.73
818.73
328.91
328.91
5704.99
5704.99
3763.88
3763.88
1561.25
1561.25
4454.19
4454.19
6414.08
6414.08
6605.04
6605.04
2176.12
2176.12
910.48
910.48
3717.79
3717.79
7053.04
7053.04
1854.84
1854.84
192.88
192.88
812.95
812.95
5777.69
5777.69
1004.79
1004.79
5052.57
5052.57
44.44
44.44
4155.27
4155.27
137.53
137.53
4278.20
4278.20
4288.20
4288.20
3983.26
3983.26
3054.79
3054.79
803.39
803.39
4361.94
4361.94
1212.48
1212.48
623.98
623.98
5554.56
5554.56
3820.58
3820.58
3454.89
3454.89
339.68
339.68
1921.17
1921.17
6271.16
6271.16
2411.26
2411.26
1491.62
1491.62
4920.40
4920.40
10.00
10.00
3412.85
3412.85
1212.60
1212.60
466.68
466.68
173.75
173.75
4535.88
4535.88
2585.47
2585.47
5223.73
5223.73
3542.86
3542.86
1370.35
1370.35
523.40
523.40
194.84
194.84
13.69
13.69
13.69
505.99
930.08
930.08
2034.93
2034.93
3842.91
3842.91
1076.39
1076.39
1248.14
1248.14
3277.13
3277.13
1082.87
1082.87
2607.44
2607.44
3239.80
3239.80
955.29
955.29
2877.91
2877.91
4539.32
4539.32
4458.16
4458.16
3275.75
3275.75
3092.01
3092.01
4914.32
4914.32
1987.97
1987.97
5929.67
5929.67
3332.35
3332.35
3495.52
3495.52
3495.52
312.41
312.41
1611.65
1611.65
3402.86
4708.15
4708.15
1518.71
1518.71
3283.25
3283.25
4582.01
4582.01
4279.91
4279.91
925.39
925.39
3419.09
3419.09
2498.53
2498.53
2410.82
2410.82
3039.58
3039.58
4173.06
4173.06
6121.02
6121.02
5474.86
5474.86
2575.26
2575.26
5090.73
5090.73
6461.01
6461.01
283.41
283.41
2591.44
2591.44
3359.68
3359.68
2572.78
2572.78
2452.66
2452.66
4495.95
4495.95
10.00
10.00
1233.33
1233.33
2799.53
2799.53
2985.32
2985.32
1108.76
1108.76
3776.20
3776.20
4064.02
4064.02
997.65
997.65
3057.72
3057.72
3955.50
3955.50
4415.11
4415.11
1812.85
1812.85
27.23
27.23
3622.52
3622.52
104.62
104.62
2744.03
2744.03
2579.00
2579.00
1655.72
1655.72
2172.42
2172.42
3809.73
3809.73
3029.53
3029.53
4382.03
4382.03
4439.01
4439.01
4306.96
4306.96
3810.45
3810.45
4543.23
4543.23
4327.22
4327.22
4169.22
4169.22
2471.44
2471.44
529.62
529.62
3862.72
3862.72
5002.21
5002.21
4993.69
4993.69
4192.34
4192.34
7191.64
7191.64
8782.30
8782.30
800.12
800.12
4684.97
4684.97
7665.92
7665.92
4273.34
4273.34
2504.25
2504.25
4120.62
4120.62
4320.76
4320.76
2057.52
2057.52
1530.97
1530.97
3895.04
3895.04
3895.04
3895.04
8306.17
8306.17
3555.82
3555.82
877.78
877.78
5163.65
5163.65
3733.35
3733.35
6214.96
6214.96
6215.36
6215.36
6215.36
6215.36
3528.36
3528.36
2160.38
2160.38
4422.99
4422.99
5986.65
5986.65
3140.98
3140.98
2768.60
2768.60
1553.00
1553.00
3561.74
3561.74
39.13
39.13
573.26
573.26
2257.09
2257.09
1292.83
1292.83
1837.48
1837.48
4313.61
4313.61
3666.29
3666.29
3685.32
3685.32
3940.26
3940.26
92.43
92.43
3897.88
3897.88
5479.63
5479.63
2497.33
2497.33
781.99
781.99
3768.49
3768.49
4422.91
4422.91
2565.65
2565.65
3385.29
3385.29
2939.13
2939.13
2939.13
2939.13
5229.73
5229.73
4193.97
4193.97
5823.30
5823.30
4873.93
4873.93
236.20
236.20
5538.04
5538.04
6843.05
6843.05
4690.92
4690.92
2804.77
2804.77
316.49
316.49
3565.05
3565.05
1626.06
1626.06
538.59
538.59
159.87
159.87
2831.36
2831.36
2169.85
2169.85
1730.59
1730.59
3819.79
3819.79
2756.02
2756.02
3267.27
3267.27
3267.27
1486.21
1486.21
1486.21
1486.21
1011.52
1011.52
1714.02
2082.05
3563.03
1061.24
1061.24
1982.61
1982.61
4950.75
4950.75
163.28
163.28
237.27
237.27
3142.45
3142.45
1894.03
1894.03
2746.73
2746.73
2726.90
2726.90
2702.76
2702.76
2719.36
2719.36
715.61
715.61
2614.39
2614.39
766.40
766.40
36.95
36.95
10.00
10.00
2337.56
2337.56
4566.69
4566.69
3762.21
3762.21
2007.92
2007.92
686.26
686.26
6398.30
6398.30
4878.10
4878.10
478.07
478.07
3298.13
3298.13
1932.96
1932.96
7250.99
7250.99
1540.58
1540.58
1236.50
1236.50
616.05
616.05
4069.46
4069.46
4615.29
4615.29
2385.34
2385.34
2856.57
2856.57
7748.69
7748.69
4555.04
4555.04
2344.78
2344.78
2778.08
2778.08
2498.24
2498.24
7129.29
7129.29
8222.75
8222.75
2573.22
2573.22
267.10
267.10
2696.73
2696.73
5995.62
5995.62
3786.31
3786.31
456.85
456.85
2484.82
2484.82
4765.59
4765.59
1056.01
1056.01
36.47
36.47
1971.56
1971.56
1971.56
1551.89
2551.31
2551.31
1931.95
1931.95
1166.67
1166.67
73.49
73.49
134.13
134.13
36.49
36.49
1872.81
1872.81
2835.37
2835.37
1279.24
1279.24
1402.66
1402.66
4443.18
4443.18
1965.42
1965.42
4656.84
4656.84
1885.56
1885.56
1885.56
533.55
533.55
2272.73
3828.58
3828.58
3157.57
3157.57
3753.71
3753.71
5315.41
5315.41
4105.22
4105.22
1683.53
1683.53
1554.00
1554.00
1207.78
1207.78
5076.62
5076.62
8975.27
8975.27
1107.03
1107.03
1228.84
1228.84
5532.34
5532.34
3939.22
3939.22
747.04
747.04
3921.98
3921.98
5423.22
5423.22
348.99
348.99
2053.00
2053.00
3142.31
3142.31
7562.54
7562.54
3493.55
3493.55
3493.55
1668.15
1668.15
1235.01
3111.23
3111.23
6499.79
6499.79
3685.30
3685.30
540.22
540.22
2027.83
2027.83
2623.57
2623.57
10.00
10.00
1485.53
1485.53
4174.28
4174.28
2479.49
2479.49
3222.26
3222.26
3207.44
3207.44
3657.32
3657.32
3657.32
4120.78
2029.73
2029.73
1358.85
1358.85
2213.59
2213.59
1486.96
1486.96
2787.71
2787.71
591.83
591.83
918.75
918.75
3854.79
3854.79
2963.46
2963.46
4058.75
4058.75
3398.68
3398.68
2526.29
2526.29
1661.42
1661.42
2769.30
2769.30
39.87
39.87
1820.96
1820.96
4961.07
4961.07
1920.49
1920.49
3214.71
3214.71
4650.39
4650.39
2155.53
2155.53
15.52
15.52
5897.01
5897.01
6566.20
6566.20
488.35
488.35
488.35
10.00
10.00
1689.55
1826.37
1826.37
4394.07
4394.07
1931.78
1931.78
4632.15
4632.15
8113.24
8113.24
1799.68
1799.68
3038.86
3038.86
799.18
799.18
4651.74
4651.74
1790.59
1790.59
460.43
460.43
4068.60
4068.60
6439.17
6439.17
3780.64
3780.64
2170.34
2170.34
19.32
19.32
3692.15
3692.15
2165.32
2165.32
1851.14
1851.14
5779.24
5779.24
1695.34
1695.34
494.09
494.09
384.18
384.18
2025.70
2025.70
1264.42
1264.42
3470.34
3470.34
3539.18
3539.18
3446.67
3446.67
901.60
901.60
1014.05
1014.05
10.06
10.06
4322.66
4322.66
142.54
142.54
2461.77
2461.77
3476.79
3476.79
6374.99
6374.99
102.81
102.81
210.98
210.98
233.34
233.34
2345.88
2345.88
1110.68
1110.68
4976.07
4976.07
5053.63
5053.63
959.60
959.60
216.69
216.69
216.69
1523.79
2387.61
2387.61
3112.13
3112.13
2335.09
2335.09
2344.87
2344.87
1966.50
1966.50
4680.01
4680.01
2660.08
2660.08
221.05
221.05
127.18
127.18
127.18
1542.90
1542.90
2548.36
2548.36
1887.04
1887.04
5588.25
5588.25
4205.21
4205.21
5512.34
5512.34
398.78
398.78
440.93
440.93
741.91
741.91
1065.25
1065.25
4599.76
4599.76
3439.77
3439.77
4931.23
4931.23
2687.93
2687.93
353.10
353.10
654.56
654.56
544.18
544.18
2846.84
2846.84
2978.32
2978.32
918.60
918.60
2503.64
2503.64
3640.62
3640.62
2057.79
2057.79
3487.86
3487.86
2738.45
2738.45
2242.43
2242.43
1400.73
1400.73
18.86
18.86
1094.27
1094.27
3314.45
3314.45
1024.16
1024.16
3680.48
3680.48
2385.24
2385.24
1335.91
1335.91
2263.34
2263.34
594.16
594.16
2354.71
2354.71
2443.87
2443.87
1268.40
1268.40
2700.92
2700.92
3458.75
3458.75
1747.42
1747.42
1520.87
1520.87
84.02
84.02
3938.74
3938.74
2352.37
2352.37
708.44
708.44
3218.33
3218.33
2973.64
2973.64
252.05
252.05
585.41
585.41
446.74
446.74
3304.71
3304.71
2338.52
2338.52
2441.26
2441.26
2448.20
2448.20
3419.61
3419.61
2451.48
2451.48
1724.37
1724.37
2733.94
2733.94
4852.42
4852.42
4118.62
4118.62
3521.96
3521.96
1129.17
1129.17
2597.69
2597.69
4857.57
4857.57
708.12
708.12
5060.06
5060.06
3510.17
3510.17
1415.94
1415.94
5328.64
5328.64
14.13
14.13
2670.47
2670.47
4821.70
4821.70
2833.39
2833.39
10.00
10.00
4150.10
4150.10
35.13
35.13
5240.15
5240.15
5240.15
5240.15
5762.66
5762.66
658.12
658.12
5813.50
5813.50
3585.97
3585.97
2916.51
2916.51
3660.80
3660.80
3170.22
3170.22
2236.99
2236.99
892.38
892.38
2125.12
2125.12
3527.11
3527.11
2362.12
2362.12
51.99
51.99
2556.48
2556.48
2911.46
2911.46
573.42
573.42
3733.34
3733.34
4821.50
4821.50
3378.03
3378.03
2605.00
2605.00
5198.88
5198.88
1369.63
1369.63
4842.16
4842.16
3561.71
3561.71
5322.81
5322.81
4145.90
4145.90
5052.84
5052.84
4127.29
4127.29
4127.29
4127.29
1194.50
1194.50
1767.28
1767.28
2378.93
2378.93
2364.21
2364.21
459.21
459.21
4683.03
4683.03
2078.66
2078.66
107.52
107.52
939.10
939.10
2131.36
2131.36
12.70
12.70
3781.99
3781.99
4134.33
4134.33
565.24
565.24
18.03
18.03
77.00
77.00
1323.07
1323.07
1361.43
1361.43
728.20
728.20
3430.65
3430.65
4527.51
4527.51
1383.03
1383.03
4309.33
4309.33
2624.71
2624.71
2861.36
2861.36
3478.32
3478.32
633.40
633.40
4485.36
4485.36
2512.93
2512.93
2512.93
1880.69
1880.69
2322.71
2640.45
2640.45
4118.76
4118.76
3157.09
3157.09
6800.73
6800.73
585.38
585.38
5704.64
5704.64
2612.78
2612.78
399.64
399.64
2178.07
2178.07
6650.04
6650.04
968.32
968.32
1126.56
1126.56
1238.48
1238.48
1453.02
1453.02
15.38
15.38
2103.07
2103.07
2723.15
2723.15
1317.48
1317.48
2049.26
2049.26
1498.93
1498.93
2251.79
2251.79
2591.73
2591.73
1954.38
1954.38
58.13
58.13
1545.53
1545.53
1259.11
1259.11
2459.77
2459.77
4327.51
4327.51
5541.12
5541.12
1952.98
1952.98
1192.32
1192.32
2563.05
2563.05
3092.62
3092.62
1061.35
1061.35
2821.76
2821.76
3549.05
3549.05
51.90
51.90
2421.83
2421.83
2133.26
2133.26
541.83
541.83
2772.12
2772.12
1433.79
1433.79
3746.39
3746.39
3194.02
3194.02
5939.07
5939.07
13.11
13.11
421.91
421.91
2965.78
2965.78
3062.76
3062.76
300.56
300.56
3213.15
3213.15
4148.66
4148.66
123.80
123.80
2893.01
2893.01
2810.96
2810.96
5034.65
5034.65
5037.05
5037.05
4313.77
4313.77
253.01
253.01
833.15
833.15
3960.34
3960.34
2577.61
2577.61
2324.50
2324.50
4216.36
4216.36
5862.89
5862.89
3878.39
3878.39
573.95
573.95
4268.66
4268.66
3253.64
3253.64
4613.53
4613.53
806.67
806.67
2238.62
2238.62
2599.01
2599.01
1317.43
1317.43
2218.98
2218.98
3003.02
3003.02
4578.84
4578.84
4955.64
4955.64
1885.60
1885.60
2667.59
2667.59
1312.50
1312.50
1733.77
1733.77
10.00
10.00
2036.15
2036.15
5291.41
5291.41
689.77
689.77
689.77
1473.00
3063.95
3063.95
2678.57
2678.57
3506.03
3506.03
5090.59
5090.59
5090.59
5090.59
3607.71
3607.71
4585.50
4585.50
629.43
629.43
3224.88
3224.88
6904.02
6904.02
1325.11
1325.11
4360.67
4360.67
1152.73
1152.73
266.87
266.87
6053.61
6053.61
1784.84
1784.84
207.48
207.48
1476.68
1476.68
6328.13
6328.13
10.83
10.83
3672.01
3672.01
3727.96
3727.96
2124.42
2124.42
2457.25
2457.25
4961.29
4961.29
3994.43
3994.43
668.49
668.49
1992.02
1992.02
19.10
19.10
5626.67
5626.67
3121.41
3121.41
1711.27
1711.27
4224.62
4224.62
4506.78
4506.78
1026.09
1026.09
1387.43
1387.43
4000.68
4000.68
7077.82
7077.82
2029.91
2029.91
1165.50
1165.50
3650.88
3650.88
2837.89
2837.89
6197.02
6197.02
13.96
13.96
3942.78
3942.78
3629.94
3629.94
4291.51
4291.51
2761.35
2761.35
2567.68
2567.68
2294.83
2294.83
2763.47
2763.47
3619.68
3619.68
3057.03
3057.03
3377.66
3377.66
1277.15
1277.15
2046.18
2046.18
4804.88
4804.88
1922.27
1922.27
2263.52
2263.52
6161.70
6161.70
565.93
565.93
478.97
478.97
478.97
10.00
3143.57
3143.57
1735.10
1735.10
1054.75
1054.75
74.85
74.85
1761.25
1761.25
1708.64
1708.64
3890.86
3890.86
3658.05
3658.05
1268.80
1268.80
3783.22
3783.22
1080.21
1080.21
5962.50
5962.50
5915.19
5915.19
2153.76
2153.76
3266.53
3266.53
5897.98
5897.98
2304.74
2304.74
2304.74
132.89
1586.88
1586.88
2893.68
2893.68
3031.59
3031.59
3584.63
3584.63
3574.40
3574.40
3574.40
3574.40
3574.40
3574.40
3574.40
3574.40
2805.46
2805.46
2805.46
2805.46
2805.46
2805.46
2633.21
2633.21
1483.28
1483.28
2993.65
2993.65
2993.65
2993.65
2328.27
2328.27
2947.69
2947.69
3731.92
3731.92
181.93
181.93
2831.06
2831.06
3248.78
3248.78
2740.06
2740.06
4315.95
4315.95
2141.94
2141.94
2231.14
2231.14
2231.14
2231.14
4437.04
4437.04
102.20
102.20
221.56
221.56
1828.65
1828.65
4870.80
4870.80
3207.17
3207.17
4105.71
4105.71
154.36
154.36
4132.29
4132.29
3411.64
3411.64
1757.71
1757.71
3783.77
3783.77
4409.98
4409.98
2210.43
2210.43
3275.92
3275.92
4607.40
4607.40
2654.06
2654.06
17.88
17.88
1601.62
1601.62
3502.12
3502.12
1153.53
1153.53
3065.45
3065.45
4025.48
4025.48
5159.21
5159.21
3416.27
3416.27
3199.65
3199.65
4863.57
4863.57
4477.43
4477.43
3900.62
3900.62
4659.44
4659.44
979.05
979.05
6300.12
6300.12
6300.12
6300.12
4414.41
4414.41
4411.37
4411.37
2044.89
2044.89
5822.00
5822.00
2092.06
2092.06
154.89
154.89
3912.08
3912.08
2439.22
2439.22
4241.92
4241.92
3345.40
3345.40
4918.15
4918.15
1557.61
1557.61
171.79
171.79
3634.11
3634.11
1960.08
1960.08
6187.75
6187.75
6914.08
6914.08
136.56
136.56
4024.82
4024.82
4024.82
137.75
49.68
49.68
4937.66
4937.66
4374.28
4374.28
4088.53
4088.53
470.09
470.09
1933.61
1933.61
2619.70
2619.70
1313.16
1313.16
4219.99
4219.99
2982.17
2982.17
3672.58
3672.58
5093.40
5093.40
3112.61
3112.61
1367.03
1367.03
1367.03
4088.19
2084.91
2084.91
2666.56
2666.56
4124.58
4124.58
75.15
75.15
13.23
13.23
3762.79
3762.79
3416.65
3416.65
5349.08
5349.08
5349.08
1607.62
3177.40
3177.40
2421.59
2421.59
5022.35
5022.35
2047.54
2047.54
1223.94
1223.94
4189.32
4189.32
733.43
733.43
10.00
10.00
1815.77
1815.77
1652.65
1652.65
1177.10
1177.10
1986.09
1986.09
16.02
16.02
982.41
982.41
4115.40
4115.40
1549.51
1549.51
3458.44
3458.44
3895.25
3895.25
372.82
372.82
2739.40
2739.40
1162.12
1162.12
6004.83
6004.83
1051.32
1051.32
1180.03
1180.03
56.68
56.68
3193.29
3193.29
5382.48
5382.48
699.53
699.53
3731.64
3731.64
3144.81
3144.81
2850.59
2850.59
788.46
788.46
1164.16
1164.16
2813.40
2813.40
3019.76
3019.76
1266.34
1266.34
2252.44
2252.44
1767.48
1767.48
2430.09
2430.09
2838.30
2838.30
680.74
680.74
2841.81
2841.81
1080.29
1080.29
191.32
191.32
564.96
564.96
1129.85
1129.85
1855.01
1855.01
10.00
10.00
795.40
795.40
1563.14
1563.14
2102.80
2102.80
1751.90
1751.90
1560.10
1560.10
1560.10
2639.38
1680.17
1680.17
533.34
533.34
1385.02
1385.02
3084.50
3084.50
3084.50
3084.50
93.81
93.81
93.81
93.81
1023.77
1023.77
1630.63
1630.63
662.28
662.28
662.28
662.28
662.28
773.30
976.54
976.54
1776.18
589.82
589.82
722.43
38.37
38.37
38.37
1624.34
1624.34
1624.34
192.03
192.03
835.46
501.42
501.42
489.34
1673.53
1673.53
1154.00
1154.00
1677.65
1677.65
1707.44
1707.44
1452.60
1452.60
1452.60
1452.60
1181.30
1181.30
2132.75
2132.75
1988.36
1988.36
2431.56
2431.56
2759.83
2759.83
2711.16
2711.16
2283.46
2283.46
3165.35
3165.35
3165.35
2198.98
2198.98
3358.84
3358.84
1759.94
1759.94
1759.94
1759.94
1759.94
1759.94
39.12
39.12
1667.34
1667.34
2594.91
2594.91
2490.32
2490.32
3140.03
3140.03
2001.31
2001.31
59.47
59.47
951.32
951.32
1446.50
1446.50
1446.50
1446.50
2455.14
2455.14
2291.88
2291.88
1729.10
1729.10
1053.09
1053.09
1749.79
1749.79
1359.39
1359.39
3626.58
3626.58
3234.71
3234.71
2066.30
2066.30
3092.41
3092.41
4158.67
4158.67
193.26
193.26
3517.67
3517.67
3961.79
3961.79
453.29
453.29
1342.86
1342.86
34.05
34.05
1084.85
1084.85
888.52
888.52
315.01
315.01
3058.90
3058.90
4476.58
4476.58
5329.80
5329.80
4751.10
4751.10
1265.35
1265.35
4108.69
4108.69
18.65
18.65
1708.41
1708.41
2661.90
2661.90
3494.38
3494.38
3688.18
3688.18
1412.37
1412.37
19.54
19.54
5603.81
5603.81
4844.74
4844.74
10.00
10.00
3329.09
3329.09
5076.94
5076.94
2098.36
2098.36
1189.45
1189.45
1402.18
1402.18
3243.22
3243.22
293.15
293.15
1057.40
1057.40
2352.86
2352.86
17.11
17.11
1474.46
1474.46
200.05
200.05
6411.76
6411.76
2399.90
2399.90
6898.82
6898.82
2975.38
2975.38
2983.55
2983.55
1744.69
1744.69
3877.37
3877.37
6135.33
6135.33
10.00
10.00
1890.49
1890.49
14.05
14.05
1411.24
1411.24
4304.55
4304.55
1845.28
1845.28
36.58
36.58
451.92
451.92
2307.66
2307.66
3151.34
3151.34
2012.41
2012.41
1474.03
1474.03
2192.43
2192.43
20.25
20.25
305.86
305.86
1152.43
1152.43
683.06
683.06
2884.97
2884.97
1102.43
1102.43
7872.81
7872.81
7872.81
7872.81
1448.06
1448.06
7714.58
7714.58
2827.56
2827.56
2724.99
2724.99
4015.80
4015.80
3550.35
3550.35
6884.98
6884.98
6029.70
6029.70
6029.70
6029.70
6029.70
6029.70
6137.65
6137.65
192.56
192.56
1319.03
1319.03
4358.70
4358.70
2482.28
2482.28
2970.56
2970.56
4600.77
4600.77
3066.89
3066.89
7987.94
7987.94
1245.14
1245.14
1038.15
1038.15
22.58
22.58
4258.53
4258.53
6489.29
6489.29
2456.87
2456.87
4485.42
4485.42
56.26
56.26
2079.31
2079.31
5078.06
5078.06
3536.33
3536.33
6106.45
6106.45
7012.36
7012.36
45.57
45.57
667.37
667.37
3452.32
3452.32
69.27
69.27
2601.98
2601.98
2535.44
2535.44
2535.44
2535.44
2535.44
2535.44
22.14
22.14
5193.09
5193.09
5193.09
5193.09
3028.36
3028.36
5735.55
5735.55
6115.26
6115.26
64.69
64.69
5061.51
5061.51
5061.51
5061.51
4772.69
4772.69
530.15
530.15
5764.36
5764.36
4508.63
4508.63
1167.12
1167.12
6585.16
6585.16
6585.16
6585.16
4697.38
4697.38
6301.08
6301.08
6618.14
6618.14
990.92
990.92
5691.73
5691.73
3304.41
3304.41
767.54
767.54
2073.42
2073.42
5031.59
5031.59
1263.71
1263.71
5252.87
5252.87
495.18
495.18
6125.28
6125.28
6131.14
6131.14
6133.01
6133.01
3311.90
3311.90
6040.18
6040.18
7116.07
7116.07
5179.42
5179.42
5149.92
5149.92
7069.50
7069.50
2169.35
2169.35
2619.22
2619.22
1599.35
1599.35
3441.80
3441.80
5849.32
5849.32
10.15
10.15
1202.04
1202.04
2246.17
2246.17
3328.81
3328.81
6416.38
6416.38
27.15
27.15
8148.21
8148.21
5895.38
5895.38
2404.77
2404.77
3734.08
3734.08
1001.21
1001.21
1959.53
1959.53
2548.85
2548.85
3149.21
3149.21
7261.56
7261.56
5927.84
5927.84
686.34
686.34
70.15
70.15
2618.39
2618.39
4370.78
4370.78
1230.42
1230.42
1166.46
1166.46
3471.37
3471.37
5387.37
5387.37
3410.13
3410.13
61.36
61.36
1456.69
1456.69
5520.74
5520.74
139.35
139.35
139.35
922.19
922.19
1461.91
1461.91
1461.91
1461.91
953.63
953.63
953.63
953.63
762.86
762.86
762.86
762.86
762.86
792.42
1145.92
1145.92
66.60
899.65
899.65
899.65
14.01
14.01
14.01
14.01
729.05
729.05
729.05
879.67
879.67
99.02
419.00
419.00
79.10
79.10
955.44
955.44
955.44
820.47
1011.75
1011.75
1011.75
538.56
538.56
699.32
930.86
930.86
930.86
363.76
363.76
987.08
118.69
606.62
667.67
667.67
629.40
949.72
1362.80
1362.80
898.17
898.17
898.17
210.00
210.00
210.00
952.05
952.05
952.05
952.05
34.81
34.81
34.81
34.81
34.81
34.81
647.27
784.33
1346.98
1279.18
927.45
108.76
108.76
874.68
874.68
874.68
874.68
874.68
874.68
18.25
18.25
1554.14
1682.93
2815.74
2757.82
1732.07
1732.07
2265.71
2265.71
1524.24
1524.24
1524.24
1524.24
1524.24
1524.24
595.55
595.55
1037.26
1823.71
1823.71
1054.13
1054.13
829.62
829.62
1788.77
1788.77
1294.67
1294.67
1294.67
1294.67
1294.67
143.49
1691.77
1691.77
83.46
83.46
83.46
83.46
805.02
805.02
1282.10
600.89
596.06
2252.84
1858.73
1238.66
1238.66
219.70
219.70
2561.93
2561.93
2561.93
122.71
122.71
122.71
122.71
122.71
717.50
717.50
717.50
44.26
44.26
44.26
44.26
183.16
183.16
403.11
666.92
124.43
124.43
847.59
847.59
847.59
413.39
413.39
468.68
468.68
571.05
571.05
571.05
571.05
37.81
37.81
255.14
543.88
543.88
1194.00
774.62
22.29
978.15
978.15
978.15
978.15
139.14
1042.10
1042.10
1042.10
210.24
210.24
731.80
991.58
991.58
543.25
474.15
474.15
345.51
345.51
228.05
228.05
621.27
621.27
663.13
665.25
1183.41
1183.41
883.39
883.39
883.39
974.53
974.53
269.46
269.46
1983.91
1624.95
1624.95
730.06
1332.26
1332.26
1628.48
1428.87
1428.87
1195.64
1195.64
1370.25
1370.25
574.80
574.80
2177.57
2177.57
2177.57
99.14
99.14
409.35
409.35
409.35
498.79
498.79
498.79
1888.37
481.88
481.88
481.88
481.88
708.49
708.49
116.51
116.51
116.51
396.17
396.17
1076.46
1076.46
1076.46
598.34
1140.54
548.19
929.14
606.50
606.50
619.11
619.11
558.43
558.43
558.43
390.83
718.19
723.60
723.60
909.97
909.97
909.97
909.97
909.97
909.97
441.36
441.36
441.36
441.36
441.36
28.59
28.59
39.32
967.48
967.48
991.34
991.34
991.34
556.67
905.83
905.83
914.61
914.61
934.91
934.91
241.39
745.65
1149.78
1109.92
1404.63
897.98
897.98
431.42
431.42
431.42
120.07
670.05
670.05
609.57
609.57
609.57
386.62
386.62
290.60
290.60
830.26
830.26
972.81
907.41
907.41
830.65
830.65
830.65
625.58
965.08
965.08
177.79
177.79
234.92
234.92
234.92
1248.10
1133.70
1133.70
318.19
318.19
728.27
728.27
728.27
702.59
494.19
494.19
494.19
123.56
123.56
865.81
1093.95
1093.95
1397.40
1397.40
10.00
10.00
10.00
59.98
1412.37
1412.37
1158.04
1158.04
871.29
871.29
871.29
1483.83
1177.28
1177.28
1284.98
1284.98
228.01
228.01
1612.32
1612.32
321.19
321.19
589.23
589.23
744.98
744.98
744.98
1218.37
1218.37
34.08
34.08
513.69
513.69
1372.76
1414.61
1414.61
1062.42
1062.42
797.43
797.43
244.34
244.34
1357.77
1357.77
884.49
884.49
1870.80
1870.80
1217.66
1217.66
1217.66
1578.74
1956.90
1956.90
1951.47
1951.47
1951.47
226.80
279.18
279.18
560.08
560.08
560.08
1678.30
1269.70
1269.70
1269.70
243.02
243.02
1121.26
1121.26
2179.12
2179.12
1225.77
1225.77
1225.77
1225.77
1750.28
1750.28
2283.90
1661.02
1661.02
2086.25
2086.25
683.53
683.53
2620.71
2620.71
553.74
553.74
151.85
151.85
151.85
814.13
630.85
630.85
630.85
1880.71
1880.71
1506.08
1506.08
2219.94
2219.94
263.53
263.53
1283.75
1283.75
1283.75
1283.75
10.00
10.00
1594.41
1594.41
100.61
100.61
100.61
10.00
10.00
150.57
150.57
150.57
1629.44
832.70
1324.05
421.67
421.67
1141.63
1141.63
161.42
513.93
513.93
774.06
1162.72
1162.72
1535.59
1535.59
94.98
94.98
1427.68
1427.68
1427.68
921.37
2021.05
2021.05
2021.05
541.90
119.65
119.65
119.65
1741.78
1741.78
2828.56
2828.56
1075.91
1075.91
1117.59
1577.36
1577.36
752.26
752.26
752.26
267.44
267.44
1238.80
1751.09
1751.09
1751.09
1445.70
1445.70
490.31
490.31
19.98
19.98
2197.71
2197.71
509.64
509.64
1721.54
70.75
70.75
70.75
349.15
2997.51
2997.51
2997.51
498.06
160.01
160.01
160.01
590.36
1109.72
1109.72
274.48
274.48
274.48
73.39
575.77
575.77
734.84
734.84
734.84
1447.22
1447.22
1892.00
644.40
644.40
644.40
1984.91
1984.91
595.38
595.38
302.51
302.51
1632.71
1632.71
2331.38
2331.38
1719.33
1719.33
1719.33
1336.25
1336.25
614.00
614.00
159.10
159.10
1474.52
1474.52
1474.52
1631.12
2357.50
1750.04
1750.04
1904.47
1904.47
63.77
63.77
2810.34
2810.34
1699.58
1699.58
519.56
519.56
1583.25
1583.25
1640.96
1640.96
2356.13
2356.13
2599.95
2599.95
380.00
380.00
380.00
291.46
291.46
172.93
172.93
1440.97
1440.97
1440.97
401.91
401.91
1087.31
1087.31
399.12
2169.32
2169.32
1581.04
1581.04
10.00
10.00
575.29
575.29
1273.93
347.92
347.92
347.92
553.83
1506.87
1506.87
2162.28
2162.28
2248.04
2248.04
453.01
453.01
555.01
555.01
12.79
12.79
12.79
1014.95
1014.95
925.63
1767.68
1767.68
1995.60
1995.60
85.25
85.25
769.12
769.12
844.59
844.59
844.59
1080.91
1080.91
1477.63
871.12
871.12
872.52
872.52
20.77
20.77
1706.02
1706.02
1931.89
1931.89
1669.51
1669.51
194.38
194.38
786.43
786.43
1007.60
1007.60
2253.38
2253.38
2237.56
2237.56
2645.34
2645.34
1798.85
1798.85
2806.51
2806.51
1181.05
1181.05
1484.59
1484.59
2002.61
2002.61
2703.65
2703.65
1129.23
1129.23
10.00
10.00
1969.85
1969.85
2711.32
2711.32
194.10
194.10
2831.84
2831.84
976.37
976.37
2333.94
2333.94
10.00
10.00
19.01
19.01
3431.11
3431.11
3428.11
3428.11
1600.63
1600.63
2081.97
2081.97
2528.22
2528.22
3689.49
3689.49
3146.46
3146.46
1986.31
1986.31
413.61
413.61
2929.41
2929.41
1264.48
1264.48
1341.91
1341.91
14.17
14.17
5874.54
5874.54
178.69
178.69
3328.15
3328.15
5266.72
5266.72
3355.10
3355.10
2843.81
2843.81
2407.27
2407.27
290.84
290.84
3804.82
3804.82
3742.11
3742.11
3725.45
3725.45
886.88
886.88
2162.64
2162.64
1161.22
1161.22
3297.39
3297.39
3787.02
3787.02
1652.31
1652.31
1930.92
1930.92
1642.94
1642.94
1356.78
1356.78
3670.37
3670.37
179.36
179.36
4101.17
4101.17
4080.60
4080.60
4770.16
4770.16
2942.35
2942.35
96.66
96.66
1266.07
1266.07
2880.60
2880.60
2604.86
2604.86
2822.34
2822.34
2822.34
2822.34
661.86
661.86
1331.71
1331.71
3157.80
3157.80
102.88
102.88
1904.66
1904.66
1709.85
1709.85
1437.36
1437.36
2734.64
2734.64
1813.69
1813.69
1835.85
1835.85
2950.33
2950.33
1620.66
1620.66
21.71
21.71
647.32
647.32
1593.36
1593.36
587.60
587.60
2419.25
2419.25
160.84
160.84
1310.44
1310.44
29.81
29.81
20.14
20.14
1081.57
1081.57
624.01
624.01
1309.45
1309.45
1952.95
1952.95
2065.09
2065.09
2168.09
2168.09
2600.86
2600.86
1701.90
1701.90
1685.14
1685.14
995.84
995.84
1580.76
1580.76
2358.34
2358.34
1968.41
1968.41
715.11
715.11
3012.32
3012.32
719.21
719.21
1837.92
1837.92
397.71
397.71
3200.60
3200.60
3007.09
3007.09
1592.04
1592.04
2156.05
2156.05
561.67
561.67
2907.78
2907.78
4179.45
4179.45
3214.33
3214.33
3073.44
3073.44
1296.75
1296.75
1080.65
1080.65
443.39
443.39
1091.26
1091.26
2249.99
2249.99
1343.13
1343.13
27.07
27.07
1871.95
1871.95
1799.27
1799.27
938.66
938.66
1558.93
1558.93
1197.14
1197.14
2486.21
2486.21
2192.25
2192.25
2086.95
2086.95
3056.97
3056.97
2340.38
2340.38
3075.95
3075.95
13.70
13.70
1829.47
1829.47
2264.31
2264.31
1780.87
1780.87
2457.42
2457.42
1463.42
1463.42
2442.69
2442.69
327.29
327.29
2925.44
2925.44
1744.85
1744.85
3552.12
3552.12
123.13
123.13
3085.79
3085.79
600.12
600.12
1172.19
1172.19
3183.42
3183.42
98.81
98.81
4005.27
4005.27
4619.41
4619.41
233.73
233.73
1138.07
1138.07
3275.06
3275.06
3301.16
3301.16
517.71
517.71
617.94
617.94
2364.34
2364.34
1536.21
1536.21
2505.50
2505.50
2505.50
197.43
197.43
805.16
1908.89
1908.89
212.45
212.45
1444.81
1444.81
3323.08
3323.08
2466.72
2466.72
2466.72
735.82
2046.35
2046.35
3641.07
3641.07
3320.56
3320.56
882.66
882.66
1788.67
1788.67
1838.55
1838.55
2857.09
2857.09
1201.43
1201.43
2003.16
2003.16
1196.69
1196.69
1902.84
1902.84
1323.37
1323.37
2527.94
2527.94
26.13
26.13
918.56
918.56
570.15
570.15
1607.29
1607.29
211.69
211.69
1863.46
1863.46
2504.22
2504.22
690.35
690.35
970.37
970.37
970.37
203.67
203.67
2538.84
2538.84
2020.06
1858.32
1858.32
2730.50
2730.50
474.73
474.73
801.68
801.68
45.37
45.37
3281.30
3281.30
1108.51
1108.51
1108.51
2035.83
101.25
101.25
2301.83
2301.83
382.99
382.99
3483.12
3483.12
503.34
503.34
1363.20
1363.20
1363.20
203.71
203.71
1222.49
957.48
957.48
1435.04
1435.04
673.78
673.78
819.48
819.48
2328.27
2328.27
41.11
41.11
2450.36
2450.36
1969.29
1969.29
234.32
234.32
2954.41
2954.41
1585.35
1585.35
1426.49
1426.49
2296.23
2296.23
2418.37
2418.37
1983.95
1983.95
3240.92
3240.92
1798.15
1798.15
2014.43
2014.43
704.94
704.94
1138.90
1138.90
1361.17
1361.17
2044.34
2044.34
2227.45
2227.45
3366.43
3366.43
34.28
34.28
2388.61
2388.61
1788.08
1788.08
1322.05
1322.05
2040.56
2040.56
2427.69
2427.69
10.00
10.00
3310.67
3310.67
1302.30
1302.30
2215.81
2215.81
2215.81
1129.87
1129.87
1490.97
434.17
434.17
2511.47
2511.47
1363.23
1363.23
920.19
920.19
1686.66
1686.66
1440.66
1440.66
1986.13
1986.13
1976.95
1976.95
1179.44
1179.44
1917.96
1917.96
1917.96
1917.96
2167.52
2167.52
1391.21
1391.21
3047.07
3047.07
726.26
726.26
424.94
424.94
1953.69
1953.69
10.57
10.57
1518.32
1518.32
1518.32
323.19
1847.24
1847.24
2358.06
2358.06
989.81
989.81
2544.04
2544.04
721.50
721.50
2287.77
2287.77
2010.68
2010.68
1819.30
1819.30
1797.26
1797.26
2608.02
2608.02
1716.05
1716.05
1198.98
1198.98
10.00
10.00
2288.89
2288.89
448.10
448.10
2461.22
2461.22
20.28
20.28
1928.19
1928.19
328.16
328.16
2177.41
2177.41
2666.71
2666.71
1489.62
1489.62
1442.08
1442.08
1589.42
1589.42
685.92
685.92
3225.74
3225.74
373.95
373.95
654.65
654.65
2158.22
2158.22
846.33
846.33
2006.01
2006.01
538.21
538.21
2021.06
2021.06
1548.05
1548.05
1566.82
1566.82
1391.08
1391.08
2755.60
2755.60
1709.29
1709.29
1671.01
1671.01
2765.89
2765.89
1431.30
1431.30
2793.50
2793.50
51.33
51.33
46.34
46.34
1319.00
1319.00
2299.07
2299.07
2299.07
958.54
2758.42
2758.42
237.07
237.07
673.08
673.08
673.08
2632.26
3447.16
3447.16
54.35
54.35
2854.45
2854.45
1716.10
1716.10
1716.10
904.13
904.13
742.81
2327.87
2327.87
2327.87
512.69
512.69
1590.81
1208.53
1208.53
2024.60
2024.60
372.24
372.24
360.22
360.22
614.70
614.70
112.16
112.16
141.21
141.21
1603.55
1603.55
915.27
915.27
2447.71
2447.71
2447.71
1815.36
990.92
990.92
2358.87
2358.87
72.90
72.90
72.90
1417.77
1402.51
1402.51
1843.94
1843.94
2963.98
2963.98
83.79
83.79
188.09
188.09
188.09
512.50
512.50
1015.46
1015.46
1843.06
1843.06
1248.22
2708.06
2708.06
2708.06
2901.71
2004.48
2004.48
2006.07
2006.07
343.68
343.68
3515.60
3515.60
2410.06
2410.06
2480.25
2480.25
1430.57
1430.57
1443.76
1443.76
1443.76
288.43
288.43
140.70
140.70
622.27
622.27
90.29
90.29
90.29
375.59
375.59
1272.65
1943.61
1906.69
1906.69
1906.69
886.67
886.67
1134.86
973.35
973.35
973.35
2148.26
2427.52
2427.52
1641.91
1641.91
1641.91
661.28
661.28
2126.70
2126.70
444.52
444.52
1532.53
2247.39
2247.39
2247.39
2077.78
2077.78
214.24
1527.54
1527.54
2659.11
2659.11
1360.30
1360.30
1360.30
200.62
200.62
1454.48
1454.48
903.51
903.51
2999.43
505.76
505.76
1301.74
1301.74
2529.90
2529.90
2455.86
2455.86
2080.49
2080.49
802.87
802.87
802.87
1994.90
779.32
779.32
779.32
3024.40
3024.40
1735.87
523.55
523.55
2418.16
2418.16
2418.16
2947.39
2947.39
2975.28
2975.28
2792.06
2792.06
1703.79
1703.79
1438.39
352.67
352.67
4162.62
4162.62
3541.52
3541.52
400.63
400.63
400.63
2494.27
1962.70
1962.70
1962.70
2370.44
1915.48
1915.48
4031.92
4031.92
3661.52
3661.52
2627.33
2627.33
2627.33
153.48
153.48
509.78
1155.69
1155.69
1155.69
2068.66
105.61
105.61
1953.98
1953.98
453.28
453.28
2041.03
2041.03
2041.03
2041.03
1037.05
2215.43
2250.87
2250.87
1773.99
1773.99
1773.99
71.94
21.26
21.26
688.59
688.59
2759.96
2759.96
1633.27
1633.27
1788.63
1788.63
2776.96
2776.96
2770.97
2770.97
1174.04
1174.04
1864.24
1864.24
1864.24
2195.04
2195.04
2817.58
2817.58
1118.73
1997.55
1997.55
2771.06
2771.06
2913.30
2913.30
2913.30
1649.47
1649.47
2346.16
2346.16
24.96
24.96
2305.67
2305.67
406.37
406.37
947.11
947.11
3348.20
3348.20
3625.26
3625.26
451.89
451.89
2657.52
2657.52
1460.58
1460.58
3061.76
3061.76
1269.54
1269.54
1253.45
1253.45
2861.42
2861.42
18.52
18.52
18.52
215.38
215.38
2101.83
3873.83
3873.83
1922.07
1922.07
2298.11
2298.11
1864.22
1864.22
1610.97
1610.97
1610.97
207.16
207.16
2233.91
3594.62
3594.62
691.87
691.87
3864.18
3864.18
10.72
10.72
154.51
154.51
2353.91
2353.91
1768.97
1768.97
948.21
948.21
1193.30
1193.30
14.26
14.26
14.26
1104.56
1104.56
1104.56
1939.94
974.16
2000.85
2000.85
2903.17
2903.17
2330.20
2330.20
1014.08
1014.08
661.78
661.78
219.89
219.89
517.88
517.88
1450.30
1450.30
624.58
624.58
1999.34
1999.34
2960.56
2960.56
1719.73
1719.73
3485.60
3485.60
2789.44
2789.44
16.50
16.50
10.00
10.00
3626.42
3626.42
2068.57
2068.57
2068.57
187.96
187.96
187.96
1632.47
732.77
732.77
1471.23
1471.23
1471.23
895.49
435.30
435.30
1318.91
1318.91
1318.91
1473.69
2196.49
2196.49
2180.86
763.31
763.31
1182.28
1182.28
63.58
63.58
10.00
10.00
10.00
10.00
10.00
10.00
80.55
80.55
80.55
526.35
526.35
340.34
1452.05
2434.12
2390.26
2390.26
3851.81
3851.81
1640.21
1640.21
1497.13
1497.13
441.77
441.77
37.18
37.18
2195.31
2195.31
1218.93
1218.93
55.86
55.86
2363.47
2363.47
38.69
38.69
226.67
226.67
2526.17
2526.17
2251.13
2251.13
2846.85
2846.85
3613.52
3613.52
3824.89
3824.89
5188.77
5188.77
1892.63
1892.63
1600.75
1600.75
2375.74
2375.74
621.42
621.42
4304.75
4304.75
4300.87
4300.87
546.33
546.33
2781.89
2781.89
2777.33
2777.33
10.00
10.00
10.00
635.83
635.83
635.83
59.01
2139.38
439.83
439.83
161.46
161.46
1188.62
1188.62
1188.62
707.96
707.96
707.96
10.63
10.63
10.63
971.53
1300.74
1300.74
1098.16
1635.41
2409.89
2409.89
246.95
246.95
36.65
36.65
2353.64
2353.64
137.22
137.22
3333.20
3333.20
1882.65
1882.65
977.25
977.25
1590.41
1590.41
2232.17
2232.17
2640.69
2640.69
1596.78
1596.78
1288.09
1288.09
1507.73
1507.73
10.00
10.00
733.22
733.22
783.90
783.90
391.06
391.06
282.31
282.31
2374.58
2374.58
2142.17
2142.17
2142.17
394.32
394.32
2115.82
1115.69
1115.69
1115.69
122.01
122.01
122.01
1473.78
142.44
142.44
142.44
1018.50
1018.50
198.67
310.14
310.14
624.16
624.16
2460.97
1586.14
1586.14
44.31
44.31
1880.68
1880.68
1905.28
1905.28
889.88
889.88
1898.94
1898.94
1088.49
1088.49
211.96
211.96
211.96
21.00
21.00
628.73
1552.42
1552.42
624.14
624.14
203.22
203.22
1238.36
1238.36
1001.49
1001.49
64.09
64.09
64.09
320.64
310.50
310.50
32.13
32.13
2925.20
2925.20
176.04
176.04
176.04
241.50
1884.83
1884.83
1939.23
1939.23
11.50
11.50
1071.12
1071.12
1733.88
1733.88
821.96
821.96
2191.09
2191.09
1879.68
1879.68
319.31
319.31
1096.46
1096.46
10.00
10.00
2126.37
2126.37
1752.28
1752.28
3358.59
3358.59
1853.47
1853.47
103.05
103.05
486.92
486.92
1443.56
1443.56
1446.48
1446.48
2022.91
2022.91
2743.89
2743.89
3015.56
3015.56
1679.38
1679.38
1924.85
1924.85
3457.22
3457.22
2034.02
2034.02
2034.02
708.38
3232.17
3232.17
1892.69
1892.69
4514.01
4514.01
43.86
43.86
640.33
640.33
1010.33
1010.33
773.93
773.93
773.93
773.93
892.52
892.52
892.52
892.52
1961.39
1961.39
1961.39
1961.39
1961.39
1961.39
1961.39
1961.39
1174.91
1174.91
1174.91
1174.91
1174.91
1174.91
1878.20
1878.20
1878.20
1878.20
1198.41
1198.41
2358.38
2358.38
1989.19
1989.19
1417.52
1417.52
1853.25
1853.25
1490.05
1490.05
1786.82
1786.82
2324.29
2324.29
10.00
10.00
111.23
111.23
2204.00
2204.00
2761.57
2761.57
1207.66
1207.66
2768.54
2768.54
2514.05
2514.05
1828.44
1828.44
3137.68
3137.68
534.63
534.63
2860.51
2860.51
60.74
60.74
612.21
612.21
1873.61
1873.61
837.38
837.38
886.54
886.54
1266.44
1266.44
1892.21
1892.21
1619.11
1619.11
1514.95
1514.95
1514.95
1297.99
1297.99
170.18
170.18
1138.59
2024.58
2024.58
1615.37
1615.37
795.01
795.01
707.90
707.90
1092.85
1092.85
2339.84
2339.84
1440.85
1440.85
816.99
816.99
1995.95
1995.95
1995.95
1363.71
919.46
919.46
1303.92
1303.92
2107.94
2107.94
897.60
897.60
570.73
570.73
2251.13
2251.13
942.89
942.89
1092.62
1092.62
1237.72
1237.72
755.21
755.21
1564.45
1564.45
429.40
429.40
2333.07
2333.07
935.32
935.32
935.32
1483.93
1483.93
1483.93
343.66
343.66
1224.92
1224.92
927.91
927.91
284.06
10.00
10.00
2695.10
1944.66
1944.66
1608.91
1608.91
1608.91
1747.30
1661.18
1661.18
450.26
450.26
450.26
798.34
972.91
972.91
972.91
1659.67
3036.19
3036.19
929.83
929.83
1533.67
1533.67
1465.27
1465.27
1465.27
754.82
19.06
19.06
1914.84
1914.84
2131.06
2131.06
1937.08
1937.08
1675.30
1675.30
1447.98
1447.98
1447.98
3124.03
2069.00
2069.00
1724.54
1724.54
1724.54
1663.84
1663.84
1663.84
1663.84
2213.28
1334.53
1334.53
3174.15
3174.15
2547.07
2547.07
2547.07
514.10
1224.09
1224.09
1224.09
1224.09
1224.09
1634.03
1634.03
695.31
695.31
1526.61
1526.61
2812.73
2812.73
2325.12
2325.12
742.01
742.01
3173.83
630.18
630.18
3179.61
3179.61
3179.61
397.90
397.90
2360.51
1492.41
1492.41
679.75
679.75
679.75
1234.27
2878.22
2878.22
2878.22
2988.10
1216.41
1216.41
2380.18
2380.18
1603.27
1603.27
123.51
123.51
270.74
270.74
3527.72
3527.72
3527.72
2441.73
178.12
178.12
2571.15
2571.15
2748.25
2748.25
2748.25
3501.77
3501.77
786.22
786.22
786.22
786.22
1749.24
2516.93
2516.93
1027.23
1027.23
2998.02
2998.02
1125.60
1125.60
22.25
22.25
22.25
139.18
893.75
893.75
893.75
1013.07
1013.07
441.78
441.78
1316.08
848.49
848.49
848.49
1123.85
1123.85
1123.85
1123.85
1372.88
1877.17
1877.17
787.66
787.66
787.66
1163.48
1659.96
1659.96
1659.96
451.50
1249.38
1249.38
32.47
32.47
32.47
1922.01
1922.01
452.57
1427.93
1427.93
1427.93
1706.42
1706.42
191.23
851.11
851.11
851.11
2139.26
560.73
560.73
560.73
726.51
272.85
272.85
1175.97
1175.97
1175.97
1175.97
1163.72
1163.72
633.29
1506.23
1415.09
1415.09
1415.09
1016.99
1016.99
859.87
859.87
1187.76
1369.78
1369.78
1369.78
1112.07
1291.10
1291.10
1291.10
520.49
520.49
1200.11
1200.11
798.70
798.70
1007.95
1007.95
58.44
58.44
1848.60
1848.60
127.44
127.44
127.44
127.44
647.32
647.32
1039.68
1039.68
1054.72
1148.57
807.59
807.59
807.59
1159.62
1460.48
1338.57
1338.57
1338.57
189.33
189.33
668.57
784.48
784.48
784.48
1230.03
1230.03
1162.64
2187.06
2187.06
2187.06
16.10
913.29
913.29
913.29
1175.29
1175.29
126.16
126.16
1110.60
1110.60
2513.53
2513.53
589.52
589.52
982.75
982.75
836.35
836.35
3715.36
3715.36
1305.18
1305.18
63.39
63.39
548.55
548.55
1201.49
1201.49
1201.49
1201.49
642.07
1756.01
439.07
439.07
2802.70
2802.70
1745.81
1745.81
1092.34
1092.34
2769.51
2769.51
1021.01
1021.01
2459.72
2459.72
2488.88
2488.88
847.94
847.94
1438.00
1438.00
220.92
220.92
1792.12
1792.12
1792.12
1792.12
317.10
1278.94
1278.94
853.91
853.91
1130.84
1130.84
1462.35
1462.35
1462.35
403.32
403.32
403.32
31.50
3360.61
4477.50
4789.71
4789.71
28.89
28.89
3338.17
3338.17
4068.56
4068.56
35.32
35.32
12.39
12.39
197.52
197.52
1188.45
1188.45
1385.92
1385.92
23.67
23.67
23.67
164.77
164.77
65.02
65.02
107.47
107.47
167.96
167.96
147.22
147.22
58.12
58.12
305.46
1711.25
1711.25
1148.35
1148.35
1938.57
1938.57
44.33
44.33
44.33
44.33
44.33
98.53
98.53
840.86
1668.46
1380.99
568.41
568.41
1022.11
1022.11
46.15
46.15
80.66
80.66
88.14
88.14
1768.90
1768.90
10.00
10.00
10.00
22.22
22.22
1228.78
317.94
317.94
2676.26
2676.26
407.80
407.80
1174.08
1174.08
1688.91
1688.91
1992.47
1992.47
1410.62
1410.62
454.79
454.79
795.90
795.90
1101.40
1101.40
1480.44
1480.44
161.31
161.31
935.61
935.61
2568.04
2568.04
2229.05
2229.05
1696.79
1696.79
674.94
674.94
2192.89
2192.89
2161.01
2161.01
585.11
585.11
1437.93
1437.93
392.29
392.29
1999.71
1999.71
1728.24
1728.24
558.91
558.91
1706.06
1706.06
1585.90
1585.90
1652.06
1652.06
1181.36
1181.36
2127.25
2127.25
902.46
902.46
902.46
203.04
203.04
203.04
87.47
1515.82
243.63
243.63
912.89
912.89
12.81
12.81
583.73
583.73
2055.36
2055.36
2759.17
2759.17
2422.60
2422.60
3801.48
3801.48
3127.50
3127.50
2075.27
2075.27
959.14
959.14
1717.73
1717.73
650.22
650.22
47.72
47.72
47.72
87.49
1170.48
1170.48
2917.11
2917.11
749.28
749.28
200.49
200.49
579.65
579.65
579.65
144.18
144.18
864.11
1293.14
1293.14
2715.94
2715.94
2451.68
2451.68
2430.60
2430.60
3644.06
3644.06
1914.26
1914.26
2082.89
2082.89
1597.28
1597.28
1580.37
1580.37
1710.74
1710.74
2224.43
2224.43
1368.96
1368.96
558.08
558.08
754.58
754.58
1749.08
1749.08
1207.34
1207.34
31.61
31.61
1936.26
1936.26
2196.83
2196.83
990.15
990.15
38.94
38.94
1993.92
1993.92
1040.29
1040.29
2662.45
2662.45
1798.84
1798.84
2569.47
2569.47
273.79
273.79
157.43
157.43
1482.98
1482.98
1622.65
1622.65
1901.90
1901.90
539.54
539.54
130.03
130.03
1397.90
1397.90
1721.36
1721.36
851.27
851.27
1099.81
1099.81
3573.10
3573.10
1659.54
1659.54
2220.12
2220.12
1195.88
1195.88
258.61
258.61
3823.18
3823.18
806.40
806.40
238.18
238.18
3900.78
3900.78
3054.85
3054.85
10.00
10.00
1174.19
1174.19
232.33
232.33
3498.30
3498.30
1177.21
1177.21
1223.65
1223.65
1778.95
1778.95
1632.98
1632.98
986.74
986.74
2331.77
2331.77
926.90
926.90
3212.48
3212.48
1422.17
1422.17
746.72
746.72
2245.89
2245.89
1886.06
1886.06
859.74
859.74
1932.71
1932.71
219.66
219.66
2291.51
2291.51
1450.24
1450.24
92.32
92.32
1182.14
1182.14
1766.44
1766.44
1377.57
1377.57
510.45
510.45
2136.03
2136.03
2343.84
2343.84
2045.65
2045.65
1569.65
1569.65
1411.19
1411.19
2004.75
2004.75
1510.47
1510.47
321.38
321.38
767.15
767.15
2873.61
2873.61
1257.30
1257.30
2584.96
2584.96
2914.02
2914.02
4200.63
4200.63
4200.63
1685.90
341.59
341.59
1548.27
1548.27
1965.67
1965.67
1453.41
1453.41
611.93
611.93
1073.29
1073.29
481.13
481.13
144.92
144.92
311.95
311.95
1522.62
1522.62
1918.93
1918.93
1885.24
1885.24
1626.05
1626.05
66.54
66.54
1384.19
1384.19
137.68
137.68
790.17
790.17
1875.60
1875.60
1058.79
1058.79
285.10
285.10
1281.25
1281.25
1538.97
1538.97
1069.09
1069.09
191.03
191.03
2342.48
2342.48
428.04
428.04
428.04
10.00
10.00
10.00
1538.02
926.82
926.82
158.33
158.33
158.33
326.46
326.46
1063.04
787.44
787.44
787.44
787.44
924.95
380.05
380.05
274.20
274.20
55.54
284.63
284.63
148.88
148.88
148.88
605.52
605.52
359.04
359.04
1761.97
723.42
723.42
723.42
412.40
412.40
866.55
1761.01
1761.01
1761.01
852.61
120.04
120.04
2380.58
2380.58
1649.36
1926.88
1926.88
1926.88
701.70
701.70
1476.57
1476.57
229.02
3307.72
3307.72
1020.61
1020.61
2406.39
2406.39
1026.80
1026.80
287.62
287.62
1233.76
1233.76
187.61
187.61
26.40
26.40
3706.36
3706.36
3706.36
380.97
380.97
1585.18
1585.18
2023.58
1477.05
1477.05
1477.05
18.27
18.27
968.42
1791.68
1791.68
1666.36
1666.36
1666.36
191.75
191.75
191.75
1095.20
1095.20
1460.74
1800.47
1800.47
2820.78
13.14
13.14
122.98
122.98
323.42
323.42
392.68
392.68
392.68
398.44
398.44
1105.83
1105.83
1601.55
1988.21
1988.21
1865.16
1865.16
1652.57
1652.57
2099.98
2099.98
2813.03
2813.03
2236.98
2236.98
3247.05
3247.05
1641.39
1641.39
2689.61
2689.61
2690.25
2690.25
2712.13
2712.13
15.91
15.91
10.00
10.00
4251.24
4251.24
2921.20
2921.20
1721.43
1721.43
921.42
921.42
2155.10
2155.10
10.00
10.00
407.19
407.19
3143.67
3143.67
3143.67
3143.67
443.27
443.27
2177.85
2177.85
2177.85
1626.75
99.17
99.17
2408.16
2408.16
2288.00
2288.00
478.63
478.63
2666.65
2666.65
1542.09
1542.09
632.05
632.05
2899.65
2899.65
1335.71
1335.71
1357.56
1357.56
3364.21
3364.21
1945.29
1945.29
1945.29
1945.29
14.89
14.89
4668.63
4668.63
4668.63
4668.63
1513.90
1513.90
10.00
10.00
3535.02
3535.02
1906.08
1906.08
2779.23
2779.23
3455.81
3455.81
1963.72
1963.72
1514.12
1514.12
1760.34
1760.34
2409.00
2409.00
865.90
865.90
1683.11
1683.11
327.13
327.13
1284.57
1284.57
1418.58
1418.58
1489.19
1489.19
4093.27
4093.27
2981.09
2981.09
4347.85
4347.85
4347.85
4347.85
4347.85
4347.85
3829.31
3829.31
4957.64
4957.64
2864.18
2864.18
4117.39
4117.39
4694.48
4694.48
4694.48
4043.48
434.32
434.32
1488.68
1488.68
4936.73
