# 1Hz Kbps trace generated by import_real_world_traces.py
1177.57
1213.93
299.58
1042.84
26.18
57.80
57.80
182.30
182.30
2224.43
2224.43
215.14
215.14
644.19
644.19
856.75
856.75
236.68
236.68
1894.63
1894.63
39.60
39.60
463.37
463.37
562.23
562.23
1206.29
1206.29
953.42
953.42
977.35
977.35
2247.40
2247.40
12.90
12.90
16.06
16.06
2435.15
2435.15
16.94
16.94
3775.02
3775.02
1884.54
1884.54
1884.54
1884.54
612.69
612.69
15.02
15.02
577.74
577.74
25.29
25.29
825.23
825.23
3144.37
3144.37
25.66
25.66
1141.09
1141.09
2296.68
2296.68
3962.20
3962.20
10.00
10.00
3730.00
3730.00
4391.44
4391.44
2251.51
2251.51
1537.44
1537.44
3397.57
3397.57
2490.15
2490.15
4646.68
4646.68
4615.37
4615.37
4644.54
4644.54
1876.05
1876.05
3582.02
3582.02
3879.23
3879.23
1644.92
1644.92
3698.61
3698.61
3306.73
3306.73
600.94
600.94
3025.66
3025.66
3025.66
3025.66
12.39
12.39
1633.61
1633.61
22.20
22.20
3947.15
3947.15
623.31
623.31
4442.14
4442.14
4442.14
4442.14
4927.60
4927.60
4927.60
4927.60
616.39
616.39
4289.25
4289.25
3008.25
3008.25
5153.83
5153.83
4399.46
4399.46
2458.28
2458.28
3214.53
3214.53
5196.64
5196.64
15.61
15.61
4471.50
4471.50
2049.73
2049.73
3199.66
3199.66
1920.44
1920.44
5517.13
5517.13
5517.13
5517.13
3549.45
3549.45
2278.57
2278.57
2913.07
2913.07
4307.91
4307.91
4307.91
4307.91
2701.22
2701.22
4280.00
4280.00
743.53
743.53
4144.49
4144.49
4144.49
4144.49
4144.49
4144.49
4102.94
4102.94
606.64
606.64
10.00
10.00
4040.96
4040.96
3961.63
3961.63
3961.63
3961.63
1374.93
1374.93
1672.63
1672.63
916.92
916.92
2627.52
2627.52
4490.39
4490.39
2482.59
2482.59
3295.51
3295.51
40.78
40.78
3624.96
3624.96
3624.96
628.71
10.00
10.00
2677.24
2677.24
2677.24
1350.74
1350.74
26.02
26.02
1048.29
598.73
598.73
598.73
591.71
591.71
1196.66
1196.66
124.91
124.91
1583.65
1583.65
54.34
54.34
2380.41
2380.41
140.72
140.72
1496.57
1496.57
2029.19
2029.19
306.82
306.82
10.43
10.43
3676.63
3676.63
27.39
27.39
1849.17
1849.17
213.88
213.88
78.20
78.20
298.07
298.07
18.11
18.11
25.73
25.73
636.23
636.23
225.65
225.65
10.00
10.00
10.00
10.00
188.43
188.43
42.44
42.44
800.02
800.02
277.61
277.61
932.38
932.38
289.14
289.14
114.52
114.52
2475.21
2475.21
643.12
643.12
1929.43
1929.43
456.76
456.76
2422.21
2422.21
1543.70
1543.70
563.23
563.23
3114.50
3114.50
2197.10
2197.10
3108.96
3108.96
813.14
813.14
2949.10
2949.10
2607.61
2607.61
589.47
589.47
1798.01
1798.01
653.02
653.02
264.84
264.84
186.77
186.77
277.12
277.12
2288.55
2288.55
318.44
318.44
10.00
10.00
21.46
21.46
1102.50
1102.50
3488.34
3488.34
579.42
579.42
1540.21
1540.21
4148.32
4148.32
12.06
12.06
1667.94
1667.94
27.93
27.93
2014.30
2014.30
1572.08
1572.08
1844.71
1844.71
1250.35
1250.35
2165.00
2165.00
1945.45
1945.45
4194.64
4194.64
544.49
544.49
3483.79
3483.79
436.68
436.68
10.00
10.00
3097.19
3097.19
199.44
199.44
1071.64
1071.64
1766.13
1766.13
228.74
228.74
114.52
114.52
117.21
117.21
12.42
12.42
72.30
72.30
45.48
45.48
10.00
10.00
1115.97
1115.97
1299.47
1299.47
2056.41
2056.41
13.01
13.01
13.33
13.33
26.16
26.16
1579.25
1579.25
31.30
31.30
21.10
21.10
406.42
406.42
11.64
11.64
26.39
26.39
47.81
47.81
17.36
17.36
2482.25
2482.25
111.75
111.75
1753.80
1753.80
152.98
152.98
2282.71
2282.71
10.00
10.00
1283.65
1283.65
135.66
135.66
2066.95
2066.95
91.97
91.97
10.00
10.00
10.00
10.00
65.22
65.22
902.43
902.43
239.59
239.59
10.00
10.00
18.29
18.29
2575.58
2575.58
20.20
20.20
1343.62
1343.62
2945.04
2945.04
31.85
31.85
3489.29
3489.29
3236.95
3236.95
3738.02
3738.02
188.58
188.58
10.00
10.00
3956.77
3956.77
4472.07
4472.07
4366.84
4366.84
2908.05
2908.05
4374.68
4374.68
4640.30
4640.30
4640.30
4640.30
2994.83
2994.83
4584.64
4584.64
84.09
84.09
1620.44
1620.44
676.90
676.90
1990.12
1990.12
1765.31
1765.31
684.86
684.86
1413.74
1413.74
5785.91
5785.91
977.55
977.55
12.54
12.54
10.00
10.00
14.73
14.73
1290.40
1290.40
562.67
562.67
118.71
118.71
10.00
10.00
304.25
304.25
10.00
10.00
2727.20
2727.20
4378.51
4378.51
1350.28
1350.28
572.81
572.81
58.09
58.09
711.02
711.02
122.42
122.42
661.87
661.87
29.67
29.67
3169.86
3169.86
10.00
10.00
365.56
365.56
639.58
639.58
10.00
10.00
5015.08
5015.08
888.07
888.07
224.58
224.58
719.08
719.08
38.45
38.45
4600.39
4600.39
258.85
258.85
2580.35
2580.35
3117.90
3117.90
45.21
45.21
619.37
619.37
1476.00
1476.00
33.27
33.27
467.54
467.54
1697.14
1697.14
3837.85
3837.85
3431.55
3431.55
1730.71
1730.71
3680.57
3680.57
10.47
10.47
662.04
662.04
4109.09
4109.09
5505.48
5505.48
1722.51
1722.51
2464.53
2464.53
4593.79
4593.79
4593.79
4593.79
4593.79
4593.79
4593.79
4593.79
4972.90
4972.90
5596.73
5596.73
2556.89
2556.89
435.03
435.03
1679.87
1679.87
514.12
514.12
2640.85
2640.85
2760.58
2760.58
2760.58
2760.58
3306.96
3306.96
3306.96
3306.96
3306.96
3306.96
3306.96
3306.96
3306.96
3306.96
3306.96
3306.96
3306.96
3306.96
11.12
11.12
1461.04
1461.04
1410.50
1410.50
1517.17
1517.17
1999.50
1999.50
2203.84
2203.84
2204.20
2204.20
2191.88
2191.88
2489.08
2489.08
242.11
242.11
2521.08
2521.08
622.91
622.91
1350.79
1350.79
2561.17
2561.17
2072.24
2072.24
2072.24
2072.24
2922.23
2922.23
22.11
22.11
2562.05
2562.05
546.77
546.77
605.49
605.49
3705.61
3705.61
3584.02
3584.02
2021.89
2021.89
1840.66
1840.66
1840.66
1840.66
4160.52
4160.52
5067.59
5067.59
5067.59
5067.59
5067.59
5067.59
4445.92
4445.92
4495.43
4495.43
4495.43
4495.43
4495.43
4495.43
3993.11
3993.11
3021.70
3021.70
4008.51
4008.51
3806.39
3806.39
3892.09
3892.09
4080.21
4080.21
4106.98
4106.98
4161.89
4161.89
4178.59
4178.59
4178.59
4178.59
505.21
505.21
296.91
296.91
290.71
290.71
11.73
11.73
1983.54
1983.54
553.66
553.66
187.28
187.28
602.27
602.27
119.62
119.62
1261.44
1261.44
598.02
598.02
305.27
305.27
10.00
10.00
51.94
51.94
13.59
13.59
11.79
11.79
39.29
39.29
38.79
38.79
75.36
75.36
488.04
488.04
1631.87
1631.87
898.18
898.18
20.59
20.59
170.68
170.68
17.82
17.82
10.00
10.00
126.42
126.42
439.91
439.91
61.45
61.45
45.52
45.52
287.66
287.66
560.28
560.28
3191.44
3191.44
24.56
24.56
694.67
694.67
124.95
124.95
559.05
559.05
25.41
25.41
1015.72
1015.72
74.73
74.73
56.90
56.90
844.19
844.19
53.63
53.63
30.03
30.03
2862.13
2862.13
2306.65
2306.65
587.95
587.95
89.45
89.45
567.42
567.42
27.28
27.28
1612.94
1612.94
2367.55
2367.55
139.68
139.68
606.32
606.32
358.83
358.83
1368.57
1368.57
52.46
52.46
138.06
138.06
608.03
608.03
672.65
672.65
589.08
589.08
3473.50
3473.50
39.98
39.98
1566.59
1566.59
76.44
76.44
10.00
10.00
1795.87
1795.87
487.11
487.11
1305.03
1305.03
48.19
48.19
10.00
10.00
394.48
394.48
45.61
45.61
20.84
20.84
770.84
770.84
720.84
720.84
2407.30
2407.30
18.84
18.84
2363.22
2363.22
588.20
588.20
125.43
125.43
41.89
41.89
2864.39
2864.39
2195.31
2195.31
530.46
530.46
27.05
27.05
219.59
219.59
1312.46
1312.46
39.92
39.92
492.53
492.53
2473.95
2473.95
655.33
655.33
1186.73
1186.73
1241.19
1241.19
10.00
10.00
3289.46
3289.46
579.98
579.98
19.09
19.09
13.29
13.29
12.53
12.53
53.81
53.81
51.59
51.59
227.38
227.38
714.32
714.32
390.02
390.02
57.00
57.00
21.24
21.24
210.94
210.94
1171.24
1171.24
40.02
40.02
41.06
41.06
329.14
329.14
59.33
59.33
583.01
583.01
10.00
10.00
562.01
562.01
33.92
33.92
1818.87
1818.87
53.36
53.36
20.59
20.59
2063.32
2063.32
3407.55
3407.55
3105.65
3105.65
3151.58
3151.58
1554.94
1554.94
2204.16
2204.16
10.68
10.68
10.00
10.00
136.56
136.56
37.54
37.54
37.41
37.41
1082.75
1082.75
1781.56
1781.56
3009.80
3009.80
2359.30
2359.30
462.57
462.57
879.67
879.67
33.33
33.33
518.90
518.90
576.98
576.98
10.00
10.00
42.85
42.85
90.73
90.73
1871.10
1871.10
37.80
37.80
2201.72
2201.72
148.25
148.25
390.20
390.20
58.62
58.62
12.21
12.21
130.79
130.79
1780.17
1780.17
917.07
917.07
44.14
44.14
10.69
10.69
98.48
98.48
549.10
549.10
10.00
10.00
2932.65
2932.65
80.02
80.02
168.44
168.44
593.37
593.37
10.00
10.00
19.48
19.48
45.05
45.05
43.01
43.01
2830.05
2830.05
2320.35
2320.35
22.06
22.06
37.29
37.29
132.75
132.75
97.78
97.78
536.30
536.30
14.70
14.70
52.20
52.20
477.92
477.92
17.92
17.92
10.00
10.00
10.00
477.77
33.34
33.34
25.54
25.54
951.27
951.27
10.00
10.00
10.00
10.00
129.36
129.36
168.29
168.29
109.62
109.62
523.74
523.74
288.09
288.09
896.51
896.51
603.11
603.11
142.41
142.41
139.76
139.76
94.99
94.99
671.47
671.47
1157.63
1157.63
1266.09
1266.09
2071.19
2071.19
10.00
10.00
1699.48
1699.48
2725.58
2725.58
2053.65
2053.65
2194.10
2194.10
2308.29
2308.29
571.23
571.23
69.44
69.44
56.13
56.13
101.23
101.23
13.43
13.43
27.64
27.64
184.69
184.69
552.71
552.71
306.88
306.88
2377.16
2377.16
381.85
381.85
3365.14
3365.14
169.98
169.98
1024.84
1024.84
3126.11
3126.11
13.40
13.40
11.48
11.48
2984.24
2984.24
956.53
956.53
3556.86
3556.86
412.59
412.59
2450.37
2450.37
24.78
24.78
685.36
685.36
2384.84
2384.84
29.05
29.05
2106.69
2106.69
29.63
29.63
126.74
126.74
10.00
10.00
1068.14
1068.14
695.17
695.17
63.24
63.24
10.00
10.00
1778.17
1778.17
1967.89
1967.89
643.48
643.48
805.70
805.70
805.70
16.90
722.01
722.01
722.01
70.22
70.22
677.92
677.92
188.94
188.94
494.60
494.60
1157.82
1157.82
2249.69
2249.69
112.12
112.12
114.94
114.94
14.16
14.16
582.69
542.51
542.51
542.51
3704.91
3704.91
2992.96
2992.96
17.51
17.51
1921.86
1921.86
549.98
549.98
18.14
18.14
246.35
246.35
1900.12
1900.12
5003.92
5003.92
4018.96
4018.96
3410.47
1332.17
1332.17
1332.17
2844.66
2844.66
1988.91
1988.91
3112.28
3112.28
15.55
10.00
10.00
10.00
19.31
19.31
733.77
733.77
253.27
253.27
3115.04
3115.04
3589.98
3589.98
2324.36
1984.71
1984.71
1984.71
215.15
215.15
303.65
303.65
10.00
10.00
703.98
703.98
527.85
527.85
100.33
100.33
386.79
386.79
186.37
186.37
38.78
38.78
133.72
133.72
60.93
60.93
64.98
64.98
669.11
669.11
64.73
64.73
149.82
149.82
374.31
374.31
10.53
10.53
977.67
977.67
2135.81
2135.81
417.39
417.39
315.05
315.05
41.05
41.05
50.55
50.55
10.00
10.00
92.64
92.64
79.04
79.04
31.47
31.47
70.75
70.75
604.94
604.94
1141.36
1141.36
63.77
63.77
101.26
101.26
109.18
109.18
586.84
586.84
478.27
478.27
567.29
567.29
60.57
60.57
127.38
127.38
703.20
703.20
93.85
93.85
27.52
27.52
32.89
32.89
24.28
24.28
10.00
10.00
51.15
51.15
586.60
586.60
176.69
176.69
572.54
572.54
40.01
40.01
37.81
37.81
1479.64
1479.64
870.58
870.58
551.89
551.89
1132.25
1132.25
2338.69
2338.69
966.74
966.74
2367.10
2367.10
3630.19
3630.19
3576.78
3576.78
1234.64
1234.64
68.24
68.24
307.50
307.50
1172.30
1172.30
27.57
27.57
598.78
598.78
248.94
248.94
3583.61
3583.61
26.02
26.02
425.17
425.17
1752.68
1752.68
2861.30
2861.30
2861.30
2861.30
2082.52
2082.52
1632.28
1632.28
3129.87
3129.87
2312.90
2312.90
524.65
524.65
2300.64
2300.64
1694.08
1694.08
51.11
51.11
10.00
10.00
4395.57
4395.57
179.18
179.18
483.85
483.85
120.31
120.31
38.91
38.91
3872.64
3872.64
699.08
699.08
3350.02
3350.02
186.55
186.55
513.09
513.09
3714.63
3714.63
3148.99
3148.99
3139.17
3139.17
3013.82
3013.82
21.96
21.96
10.00
10.00
10.00
10.00
721.79
721.79
34.84
34.84
1426.87
1426.87
3269.29
3269.29
315.42
315.42
71.58
71.58
55.36
55.36
551.63
551.63
276.87
276.87
487.52
487.52
46.24
46.24
1184.34
1184.34
2070.25
2070.25
377.99
377.99
17.07
17.07
89.94
89.94
175.31
175.31
10.00
10.00
58.28
58.28
616.50
616.50
323.66
323.66
614.08
614.08
36.06
36.06
379.30
379.30
12.19
12.19
121.32
121.32
24.62
24.62
936.29
936.29
54.02
54.02
253.75
253.75
643.87
643.87
1937.82
1937.82
1038.14
1038.14
570.83
570.83
10.00
10.00
3428.55
3428.55
1782.50
1782.50
3269.78
3269.78
1498.88
1498.88
1101.59
1101.59
365.13
365.13
2458.82
2458.82
4260.49
4260.49
4738.98
4738.98
5132.28
5132.28
4172.88
4172.88
5011.15
5011.15
3493.44
3493.44
11.91
11.91
4273.81
4273.81
4973.92
4973.92
3517.26
3517.26
4625.24
4625.24
4924.19
4924.19
798.39
798.39
596.51
596.51
703.11
703.11
4233.75
4233.75
644.17
644.17
1496.51
1496.51
1772.95
1772.95
1438.92
1438.92
10.00
10.00
914.28
914.28
1684.27
1684.27
4131.56
4131.56
4131.56
4131.56
3433.55
3433.55
3494.89
3494.89
3494.89
3494.89
3494.89
3494.89
3649.05
3649.05
3759.45
3759.45
3759.45
3759.45
4534.45
4534.45
4534.45
4534.45
4499.15
4499.15
1752.66
1752.66
4191.67
4191.67
4191.67
4191.67
4123.46
4123.46
4531.79
4531.79
4554.27
4554.27
2109.39
2109.39
3369.91
3369.91
1167.48
1167.48
627.55
627.55
2979.11
2979.11
1851.30
1851.30
3199.63
3199.63
3420.27
3420.27
2407.39
2407.39
3121.89
3121.89
3601.83
3601.83
3924.91
3924.91
3812.41
3812.41
4424.45
4424.45
4036.88
4036.88
3032.55
3032.55
4853.49
4853.49
3840.86
3840.86
4870.54
4870.54
4588.35
4588.35
4588.35
4588.35
3974.97
3974.97
3974.97
3974.97
2662.09
2662.09
3765.38
3765.38
2481.15
2481.15
4057.62
4057.62
4229.81
4229.81
4369.02
4369.02
689.24
689.24
1340.25
1340.25
4118.43
4118.43
4118.43
4118.43
4132.04
4132.04
2998.69
2998.69
2998.69
2998.69
3655.23
3655.23
10.06
10.06
4288.57
4288.57
4478.22
4478.22
4478.22
4478.22
4478.22
4478.22
4478.22
4478.22
4478.22
4478.22
4478.22
4478.22
47.84
47.84
20.47
20.47
10.16
10.16
479.61
479.61
563.37
563.37
314.56
314.56
28.52
28.52
876.76
876.76
528.79
528.79
1251.99
1251.99
408.68
408.68
18.78
18.78
1563.09
1563.09
1732.42
1732.42
1961.39
1961.39
2049.60
2049.60
2169.90
2169.90
2051.15
2051.15
1406.13
1406.13
3154.14
3154.14
695.25
695.25
3813.99
3813.99
2961.65
2961.65
2370.19
2370.19
3509.39
3509.39
1396.33
1396.33
5910.36
5910.36
208.89
208.89
1896.48
1896.48
2626.27
2626.27
4746.94
4746.94
1107.09
1107.09
535.48
535.48
1161.34
1161.34
1797.53
1797.53
1826.76
1826.76
591.26
591.26
549.48
549.48
689.38
689.38
28.96
28.96
12.27
12.27
49.87
49.87
1083.53
1083.53
3348.31
3348.31
3103.48
3103.48
199.83
199.83
2845.79
2845.79
3421.11
3421.11
3972.48
3972.48
3972.48
3972.48
3972.48
3972.48
4089.61
4089.61
4089.61
4089.61
519.56
519.56
4025.11
4025.11
20.41
20.41
1943.16
1943.16
3882.89
3882.89
3882.89
3882.89
3882.89
3882.89
3882.89
3882.89
3882.89
3882.89
3882.89
3882.89
4313.47
4313.47
477.20
477.20
1623.02
1623.02
1275.00
1275.00
4041.32
4041.32
575.76
575.76
745.85
745.85
3151.66
3151.66
78.24
78.24
3078.67
3078.67
10.00
10.00
2546.39
2546.39
3027.99
3027.99
10.77
10.77
1623.03
1623.03
1623.03
1623.03
17.09
17.09
585.32
585.32
585.32
585.32
585.32
585.32
585.32
585.32
585.32
585.32
26.49
26.49
26.49
123.15
165.53
165.53
395.40
395.40
540.06
540.06
540.06
761.63
1539.22
1539.22
1525.52
1525.52
25.23
25.23
1986.97
1986.97
1878.48
1878.48
2228.41
2228.41
145.79
145.79
2232.34
2232.34
58.47
58.47
2193.39
2193.39
2624.72
2624.72
2353.90
2353.90
2599.60
2599.60
2543.70
2543.70
1367.97
1367.97
2573.51
2573.51
1524.06
1524.06
2803.87
2803.87
2803.87
2803.87
10.00
10.00
2816.23
2816.23
11.21
11.21
1282.96
1282.96
566.38
566.38
1051.26
1051.26
1083.46
1083.46
1083.46
1083.46
2883.64
2883.64
2278.60
2278.60
2968.75
2968.75
2968.75
2968.75
3090.58
3090.58
3234.69
3234.69
3130.65
3130.65
992.38
992.38
2053.37
2053.37
3287.56
3287.56
3287.56
3287.56
3354.61
3354.61
187.46
187.46
12.50
12.50
2028.82
2028.82
583.46
583.46
25.63
25.63
857.17
857.17
973.88
973.88
1314.65
1314.65
2724.37
2724.37
3479.26
3479.26
2674.70
2674.70
3625.88
3625.88
414.97
414.97
26.88
26.88
1666.62
1666.62
10.00
10.00
49.68
49.68
592.61
592.61
1086.75
1086.75
17.98
17.98
3964.67
3964.67
3913.01
3913.01
3739.18
3739.18
3830.76
3830.76
4087.95
4087.95
2793.59
2793.59
2776.64
2776.64
4718.66
4718.66
3715.56
3715.56
2056.92
2056.92
2592.53
2592.53
30.26
30.26
601.68
601.68
3007.94
3007.94
611.56
611.56
74.68
74.68
5306.42
5306.42
3242.24
3242.24
5327.79
5327.79
1029.67
1029.67
4995.31
4995.31
5261.94
5261.94
351.26
351.26
63.87
63.87
1655.16
1655.16
50.36
50.36
2314.29
2314.29
1660.42
1660.42
10.00
10.00
668.21
668.21
3941.52
3941.52
575.46
575.46
4722.72
4722.72
4801.45
4801.45
3131.98
3131.98
3131.98
3131.98
13.64
13.64
27.68
27.68
597.93
597.93
2272.61
2272.61
4427.91
4427.91
12.91
12.91
1047.73
1047.73
584.61
584.61
2352.36
2352.36
2141.16
2141.16
3830.28
3830.28
5134.82
5134.82
2901.55
2901.55
1786.18
1786.18
532.32
532.32
723.20
723.20
1330.32
1330.32
4324.94
4324.94
10.26
10.26
3098.21
3098.21
10.18
10.18
4244.75
4244.75
662.25
662.25
2323.15
2323.15
2323.15
2323.15
46.26
46.26
2279.72
2279.72
1092.77
1092.77
4183.61
4183.61
4251.31
4251.31
4251.31
4251.31
4251.31
4251.31
4251.31
4251.31
4251.31
4251.31
4251.31
4251.31
4251.31
4251.31
4251.31
4251.31
4251.31
4251.31
4382.80
4382.80
1641.46
1641.46
4392.26
4392.26
4462.84
4462.84
4197.13
4197.13
4611.95
4611.95
3866.25
3866.25
3866.25
3866.25
3866.25
3866.25
10.00
10.00
2766.68
2766.68
4123.90
4123.90
4123.90
4123.90
4123.90
977.79
977.79
4049.42
4049.42
4064.05
4064.05
4064.05
4064.05
4064.05
4064.05
2341.43
2341.43
2341.43
2341.43
2341.43
2341.43
2341.43
2341.43
3376.48
3376.48
3621.56
3621.56
3621.56
3621.56
2710.45
2710.45
1622.81
1622.81
3367.56
3367.56
3367.56
3367.56
3367.56
3367.56
4079.88
4079.88
4521.48
4521.48
4521.48
4521.48
4521.48
4521.48
4288.63
4288.63
2848.14
2848.14
3717.93
3717.93
3717.93
3717.93
3717.93
3717.93
11.63
11.63
1984.66
1984.66
2949.36
2949.36
2949.36
2949.36
2949.36
2949.36
2949.36
2949.36
2949.36
2949.36
3583.96
3583.96
3924.98
3924.98
3924.98
3924.98
3924.98
3924.98
3924.98
3924.98
3924.98
3924.98
1162.92
1162.92
2760.77
2760.77
1253.99
1253.99
2627.88
2627.88
2989.34
2989.34
1948.50
1948.50
2949.70
2949.70
3270.89
3270.89
2748.54
2748.54
14.01
14.01
76.15
10.00
10.00
10.00
24.61
24.61
38.97
38.97
65.20
65.20
45.75
45.75
48.13
48.13
10.00
10.00
1602.87
1602.87
2916.85
2916.85
3194.57
3194.57
1441.46
1441.46
2938.32
2938.32
3269.79
3269.79
1962.62
1962.62
1850.87
1850.87
26.15
26.15
834.07
834.07
2043.60
2043.60
2653.95
2653.95
292.96
292.96
10.00
10.00
601.02
601.02
2258.76
2258.76
114.59
114.59
2197.09
2197.09
633.63
633.63
2523.00
2523.00
20.51
20.51
45.58
45.58
3042.41
3042.41
403.22
403.22
12.31
12.31
39.07
39.07
15.52
15.52
40.39
40.39
2436.00
2436.00
2471.11
2471.11
4642.69
4642.69
859.14
859.14
14.79
14.79
2898.66
2898.66
30.85
30.85
3071.46
3071.46
575.76
575.76
13.82
13.82
575.82
575.82
3410.54
3410.54
953.89
953.89
49.95
49.95
15.59
15.59
574.85
574.85
4199.67
4199.67
2755.78
2755.78
4057.12
4057.12
10.00
10.00
12.57
12.57
338.47
338.47
10.00
10.00
83.23
83.23
425.08
425.08
143.24
143.24
49.49
49.49
155.63
155.63
92.99
92.99
2134.22
2134.22
988.61
988.61
3667.44
3667.44
3498.69
3498.69
3232.77
3232.77
4522.42
4522.42
3669.97
3669.97
10.00
10.00
1716.12
1716.12
2263.26
2263.26
1992.05
1992.05
2538.11
2538.11
26.95
26.95
1963.52
1963.52
3291.88
3291.88
4419.13
4419.13
2071.05
2071.05
623.11
623.11
1498.38
1498.38
1521.71
1521.71
19.06
19.06
4072.97
4072.97
1896.34
1896.34
3928.83
3928.83
790.41
790.41
272.56
272.56
2725.67
2725.67
31.07
31.07
1740.10
1740.10
523.91
523.91
144.37
144.37
1349.98
1349.98
3050.26
3050.26
3131.45
3131.45
809.01
809.01
10.00
10.00
545.93
545.93
3338.27
3338.27
3181.44
3181.44
12.51
12.51
28.42
28.42
10.00
10.00
190.15
190.15
1787.76
1787.76
2911.62
2911.62
50.31
50.31
3007.36
3007.36
706.06
706.06
18.07
18.07
295.88
295.88
533.18
533.18
3077.83
3077.83
2194.20
2194.20
2069.14
2069.14
3107.39
3107.39
4199.92
4199.92
1774.30
1774.30
1383.50
1383.50
4327.62
4327.62
4327.62
4327.62
1469.28
1469.28
31.68
31.68
2397.68
2397.68
1231.97
1231.97
999.04
999.04
539.50
539.50
986.55
986.55
590.93
590.93
10.00
10.00
1020.21
1020.21
895.13
895.13
1256.24
1256.24
1275.88
1275.88
829.57
829.57
2382.76
2382.76
2975.19
2975.19
2831.24
2831.24
3146.32
3146.32
1102.86
1102.86
2150.22
2150.22
1872.70
1872.70
1994.45
1994.45
4119.75
4119.75
2442.21
2442.21
31.81
31.81
2390.69
2390.69
13.11
13.11
2204.78
2204.78
672.77
672.77
3960.60
3960.60
63.79
63.79
4633.47
4633.47
73.08
73.08
1143.08
1143.08
21.39
21.39
167.40
167.40
631.30
631.30
4396.35
4396.35
243.99
243.99
1906.16
1906.16
82.12
82.12
3275.07
3275.07
1744.56
1744.56
599.08
599.08
1428.97
1428.97
462.31
462.31
10.00
10.00
10.00
10.00
599.45
599.45
29.11
29.11
5145.70
5145.70
4959.77
4959.77
15.49
