# 1Hz Kbps trace generated by import_real_world_traces.py
545.17
332.18
617.86
617.86
503.88
340.63
340.63
422.49
422.49
378.21
378.21
297.11
297.11
563.85
563.85
10.00
10.00
10.00
492.69
676.04
917.99
565.86
986.79
876.90
876.90
897.06
897.06
1222.22
1222.22
726.24
726.24
40.86
40.86
14.58
14.58
680.81
680.81
815.79
815.79
753.90
753.90
383.27
383.27
419.74
419.74
589.64
589.64
528.33
528.33
334.15
334.15
390.12
390.12
304.83
304.83
618.47
618.47
675.65
675.65
670.86
670.86
571.26
571.26
881.10
881.10
881.10
327.42
327.42
327.42
327.42
403.25
403.25
403.25
403.25
409.55
409.55
409.55
409.55
409.55
261.19
261.19
261.19
261.19
421.82
421.82
421.82
229.31
229.31
251.62
251.62
42.62
42.62
42.62
193.72
193.72
245.16
245.16
442.06
442.06
415.27
576.42
376.50
376.50
365.93
365.93
478.73
641.73
641.73
378.11
378.11
467.30
540.57
21.30
21.30
21.30
536.11
421.27
421.27
13.21
13.21
13.21
13.21
285.03
285.03
285.03
431.13
614.43
833.76
1016.91
1016.91
1016.91
481.80
232.56
232.56
232.56
232.56
572.75
572.75
155.85
825.56
825.56
825.56
825.56
825.56
554.66
554.66
1140.86
1140.86
47.09
47.09
47.09
577.54
577.54
577.54
577.54
62.68
62.68
602.66
844.19
844.19
578.08
91.38
91.38
323.27
323.27
333.74
338.24
338.24
338.24
364.23
364.23
504.92
504.92
214.28
214.28
348.01
348.01
313.70
313.70
15.34
15.34
317.70
317.70
457.50
457.50
457.50
457.50
408.11
339.47
339.47
280.75
280.75
460.65
378.08
378.08
339.59
339.59
339.59
339.59
339.59
15.45
334.56
334.56
363.48
223.27
223.27
306.10
306.10
357.08
357.08
357.08
221.23
221.23
221.23
268.66
268.66
273.19
339.39
339.39
339.39
72.95
404.13
473.22
473.22
300.39
300.39
384.87
427.19
427.19
427.19
427.19
259.53
259.53
259.53
222.02
222.02
375.72
375.72
299.75
299.75
408.16
408.16
394.36
192.28
271.80
271.80
271.80
72.23
72.23
72.23
286.69
286.69
234.70
234.70
252.50
72.55
72.55
116.93
116.93
99.96
99.96
406.33
268.70
268.70
268.70
17.23
17.23
502.41
462.48
462.48
462.48
18.27
18.27
18.27
19.90
19.90
109.18
109.18
405.29
448.17
448.17
33.34
33.34
70.96
70.96
344.69
344.69
53.30
53.30
292.05
292.05
292.05
87.58
87.58
18.58
105.71
185.94
199.73
199.73
199.73
265.94
265.94
265.94
267.72
386.99
486.18
486.18
288.63
288.63
288.63
156.35
156.35
288.75
288.75
288.75
263.92
263.92
343.52
343.52
222.82
222.82
355.59
462.55
462.55
462.55
385.55
385.55
554.07
554.07
303.96
303.96
655.80
655.80
361.54
361.54
361.54
10.00
10.00
10.00
154.45
681.69
681.69
681.69
357.81
675.03
675.03
576.18
576.18
572.76
527.89
527.89
470.29
470.29
470.29
438.13
438.13
570.29
570.29
503.39
366.18
366.18
387.25
387.25
408.45
408.45
346.44
346.44
346.44
423.58
423.58
518.99
563.03
563.03
330.61
502.99
502.99
764.66
764.66
49.76
49.76
404.10
404.10
404.10
22.62
22.62
22.62
22.62
437.99
437.99
392.99
392.99
392.99
238.96
238.96
403.82
403.82
321.76
331.59
506.49
506.49
333.67
333.67
375.88
375.88
432.94
432.57
562.60
562.60
207.22
207.22
478.17
478.17
280.27
280.27
280.27
277.72
277.72
452.41
452.41
449.20
449.20
303.84
303.84
509.79
452.82
452.82
507.33
507.33
258.39
530.32
530.32
530.32
466.82
466.82
466.82
466.82
243.84
243.84
243.84
390.73
708.34
653.58
504.82
504.82
589.29
192.91
192.91
192.91
684.48
684.48
670.89
670.89
670.89
617.80
617.80
22.57
22.57
22.57
49.27
49.27
49.27
49.27
49.27
12.07
12.07
12.07
436.39
257.18
504.16
504.16
706.42
684.41
684.41
684.41
684.41
684.41
684.41
684.41
743.13
743.13
743.13
333.37
313.64
10.00
10.00
70.31
70.31
323.65
323.65
266.67
266.67
266.67
349.59
470.35
470.35
245.60
245.60
517.94
517.94
517.94
517.94
517.94
517.94
517.94
564.49
564.49
723.81
723.81
605.71
165.89
165.89
547.80
558.16
558.16
398.51
398.51
398.51
226.87
226.87
41.88
638.93
638.93
638.93
638.93
638.93
638.93
638.93
638.93
584.23
87.57
87.57
407.01
407.01
109.06
473.07
473.07
710.04
710.04
710.04
125.14
370.29
370.29
370.29
370.29
370.29
370.29
594.43
594.43
194.88
194.88
194.88
10.00
10.00
298.02
298.02
378.22
378.22
378.22
298.57
298.57
682.53
430.86
267.27
267.27
80.72
396.68
396.68
438.51
438.51
337.83
337.83
337.83
26.51
26.51
26.51
205.82
205.82
28.54
28.54
28.54
351.37
351.37
40.38
40.38
40.38
301.92
341.15
197.80
293.54
293.54
312.82
359.87
359.87
442.59
442.59
537.78
537.78
537.78
624.38
624.38
624.38
624.38
55.75
55.75
55.75
55.75
50.22
50.22
50.22
435.96
435.96
410.47
410.47
352.52
352.52
303.13
303.13
303.13
303.13
237.88
362.31
362.31
613.37
613.37
613.37
350.33
350.33
350.33
555.98
555.98
555.98
40.37
40.37
547.69
547.69
547.69
471.62
471.62
471.62
471.62
626.77
626.77
10.00
677.91
1052.31
716.02
716.02
81.26
576.42
576.42
125.86
819.85
819.85
1097.02
1097.02
1097.02
645.80
645.80
645.80
645.80
338.81
338.81
338.81
338.81
902.95
902.95
902.95
441.19
613.39
465.50
465.50
484.71
596.31
673.60
881.36
881.36
175.47
175.47
175.47
175.47
47.23
47.23
47.23
47.23
47.23
25.89
25.89
25.89
10.00
10.00
718.14
718.14
164.09
164.09
164.09
411.33
411.33
19.38
19.38
19.38
362.00
362.00
362.00
278.84
278.84
278.84
166.93
166.93
380.95
10.00
10.00
578.00
466.22
421.61
421.61
590.83
145.17
145.17
145.17
122.34
122.34
382.12
382.12
480.04
480.04
402.72
454.90
454.90
379.20
21.35
21.35
391.06
391.06
357.63
357.63
138.01
931.10
931.10
277.70
442.06
442.06
442.06
565.41
565.41
565.41
534.43
534.43
534.43
393.04
17.79
904.28
904.28
904.28
410.62
410.62
398.48
398.48
581.27
581.27
177.85
177.85
177.85
177.85
177.85
424.36
424.36
111.08
111.08
78.39
654.23
654.23
654.23
654.23
376.09
596.05
596.05
765.04
729.85
362.05
503.02
503.02
503.02
503.02
58.31
58.31
58.31
303.63
615.76
615.76
615.76
511.80
511.80
623.51
625.42
625.42
625.42
524.81
524.81
389.98
747.22
747.22
831.14
831.14
914.28
914.28
526.79
376.97
376.97
488.90
488.90
488.90
10.00
10.00
268.93
315.87
315.87
315.87
524.43
524.43
524.43
795.51
345.29
345.29
345.29
345.29
345.29
33.43
33.43
451.90
10.00
756.46
157.26
749.14
749.14
645.67
645.67
613.49
613.49
613.49
545.00
545.00
238.92
238.92
238.92
786.57
786.57
786.57
64.33
64.33
484.98
472.28
472.28
604.87
604.87
667.64
667.64
667.64
568.52
568.52
56.33
783.27
783.27
414.70
414.70
535.39
423.44
423.44
423.44
505.25
505.25
505.45
505.45
505.45
356.61
356.61
291.99
291.99
420.54
420.54
420.54
305.05
305.05
305.05
252.96
252.96
317.34
317.34
266.20
266.20
266.20
266.20
220.31
220.31
224.63
241.45
380.83
319.47
319.47
319.47
331.44
413.94
413.94
413.94
276.83
469.83
288.37
288.37
10.00
10.00
352.11
352.11
116.33
116.33
485.21
628.70
628.70
628.70
405.79
405.79
405.79
405.79
275.29
275.29
547.05
547.05
547.05
355.33
355.33
355.33
260.94
260.94
457.03
457.03
601.99
425.92
701.84
428.80
532.61
532.61
680.96
1044.53
1044.53
1044.53
117.92
117.92
117.92
140.71
140.71
552.47
552.47
552.47
552.47
543.71
566.03
566.03
356.52
356.52
486.44
486.44
507.86
507.86
826.61
826.61
591.19
591.19
746.84
746.84
83.18
83.18
744.14
744.14
744.14
599.46
599.46
609.86
551.89
491.84
491.84
491.84
468.46
596.45
596.45
596.45
669.21
669.21
749.26
749.26
618.19
964.84
964.84
235.78
396.64
396.64
347.11
722.75
222.06
1066.02
341.86
341.86
426.99
1200.57
1200.57
1317.80
1317.80
848.78
848.78
334.36
334.36
172.52
172.52
1180.19
1180.19
1582.83
1582.83
412.15
412.15
546.79
546.79
571.00
571.00
523.04
523.04
563.82
563.82
79.13
79.13
601.83
601.83
738.77
738.77
917.78
917.78
109.33
109.33
615.93
615.93
615.93
446.57
446.57
934.18
934.18
786.28
786.28
572.34
587.00
587.00
462.64
462.64
462.64
462.64
462.64
487.70
487.70
429.85
429.85
437.81
437.81
211.09
632.43
632.43
506.73
506.73
697.87
697.87
643.51
647.35
556.26
556.26
506.12
506.12
587.18
587.18
455.67
455.67
676.24
676.24
587.96
587.96
810.05
810.05
540.05
540.05
206.05
206.05
525.70
525.70
442.38
442.38
604.01
604.01
333.54
333.54
10.00
10.00
77.83
77.83
455.56
455.56
493.60
493.60
471.64
471.64
471.64
400.00
400.00
400.00
400.00
365.05
365.05
365.05
293.06
293.06
293.06
293.06
361.19
472.85
472.85
472.85
409.22
409.22
409.22
215.25
215.25
393.02
393.02
350.09
629.25
655.66
655.66
232.08
232.08
232.08
331.34
331.34
490.04
490.04
763.04
763.04
763.04
497.37
497.37
545.33
480.72
480.72
460.13
653.80
653.80
298.19
298.19
298.19
67.11
67.11
326.88
638.36
609.49
348.63
815.76
741.18
741.18
900.37
900.37
900.37
900.37
900.37
900.37
114.78
114.78
478.40
478.40
478.40
478.40
478.40
478.40
104.12
104.12
104.12
104.12
487.62
949.89
741.04
741.04
295.46
295.46
606.79
606.79
780.58
780.58
780.58
780.58
780.58
250.41
250.41
250.41
250.41
449.03
453.37
453.37
541.28
541.28
541.28
541.28
1040.92
1040.92
1040.92
1040.92
579.27
579.27
462.76
462.76
450.16
450.16
916.96
1098.43
413.08
413.08
413.08
527.73
527.73
527.73
527.73
511.35
511.35
727.84
426.21
834.40
1057.01
1057.01
596.94
596.94
596.94
10.00
628.29
628.29
210.81
210.81
496.37
496.37
496.37
496.37
496.37
273.13
273.13
273.13
273.13
273.13
529.10
529.10
529.10
529.10
529.10
318.53
318.53
318.53
585.91
739.45
739.45
739.45
760.23
831.83
651.58
190.98
122.98
342.15
342.15
342.15
22.72
941.15
941.15
552.85
552.85
224.72
192.15
192.15
803.96
803.96
854.82
854.82
448.13
448.13
365.84
365.84
331.84
331.84
583.76
583.76
583.76
583.76
440.83
440.83
767.90
767.90
435.45
435.45
435.45
435.45
365.93
365.93
365.93
609.56
609.56
609.56
495.06
495.06
495.06
495.06
495.06
264.67
264.67
264.67
264.67
142.44
405.11
405.11
643.23
643.23
204.96
477.63
477.63
91.92
91.92
84.53
25.11
25.11
25.11
99.14
396.07
694.01
694.01
694.01
694.01
391.18
391.18
391.18
29.30
29.30
346.99
346.99
100.15
694.16
694.16
694.16
700.08
722.22
194.85
194.85
527.33
527.33
288.90
288.90
288.90
851.27
851.27
10.00
500.09
500.09
203.06
203.06
516.55
516.55
516.55
516.55
17.62
17.62
538.34
538.34
69.96
69.96
69.96
69.96
385.15
700.36
700.36
700.36
514.73
628.68
628.68
10.00
10.00
10.00
437.41
437.41
392.81
392.81
463.97
578.46
578.46
693.57
693.57
442.25
442.25
442.25
594.72
594.72
594.72
639.97
639.97
715.80
715.80
730.11
739.54
739.54
739.54
739.54
503.78
503.78
503.78
129.08
129.08
129.08
561.19
737.06
737.06
737.06
693.82
693.82
726.21
588.19
588.19
445.95
445.95
445.95
445.95
287.54
287.54
287.54
287.54
438.73
438.73
498.08
770.05
770.05
755.78
755.78
66.49
431.90
431.90
431.90
10.00
419.97
419.97
285.00
285.00
431.63
431.63
431.63
177.71
177.71
548.43
548.43
625.58
625.58
849.96
592.39
592.39
592.39
676.05
676.05
676.05
340.13
340.13
340.13
350.07
350.07
666.72
689.94
689.94
233.11
233.11
275.73
828.15
828.15
392.03
392.03
595.15
595.15
334.74
334.74
334.74
33.25
33.25
33.25
33.25
369.86
369.86
299.38
299.38
425.64
425.64
425.64
295.17
364.57
364.57
354.85
354.85
16.87
16.87
300.26
300.26
300.26
285.58
247.99
247.99
191.79
341.65
298.96
298.96
298.96
22.64
22.64
22.64
56.70
56.70
56.70
12.92
175.70
204.93
204.93
210.09
210.09
210.09
188.59
188.59
188.59
188.59
10.00
163.55
163.55
198.94
198.94
156.32
187.28
290.56
290.56
209.58
209.58
139.25
139.25
139.25
81.00
81.00
199.79
241.86
241.86
169.55
169.55
311.46
415.00
407.90
407.90
372.34
372.34
372.34
30.96
30.96
232.18
232.18
232.18
245.10
245.10
402.12
402.12
359.11
359.11
336.74
336.74
332.84
332.84
332.84
54.95
54.95
54.95
10.81
10.81
10.81
204.77
204.77
204.77
204.77
204.77
204.77
102.43
235.99
322.53
211.32
212.90
212.90
39.00
269.27
269.27
269.27
269.27
57.31
57.31
146.61
301.96
301.96
283.64
273.41
273.41
310.20
310.39
452.38
452.38
452.38
452.38
356.29
356.29
356.29
356.29
10.58
286.56
286.56
286.56
286.56
286.56
286.56
143.23
202.08
202.08
110.07
137.87
137.87
137.87
137.87
27.29
27.29
129.63
129.63
129.63
147.65
147.65
157.91
157.91
157.91
144.69
144.69
145.96
145.96
171.34
346.77
343.95
451.51
451.51
355.36
305.33
305.33
401.43
329.25
329.25
329.25
329.25
329.25
353.77
353.77
353.77
353.77
353.77
218.03
218.03
143.88
143.88
143.88
303.47
303.47
303.47
209.10
300.44
300.44
300.44
181.80
181.80
181.80
181.80
149.36
149.36
156.93
194.37
194.37
296.41
296.41
255.67
310.70
516.81
516.81
528.54
528.54
528.54
260.02
260.02
260.02
260.02
260.02
260.02
437.56
485.88
30.20
30.20
465.49
612.54
612.54
49.98
49.98
49.98
244.84
244.84
244.84
244.84
322.92
322.92
322.92
322.92
311.91
390.79
503.30
163.12
537.19
537.19
615.59
615.59
615.59
1056.56
1056.56
433.36
433.36
433.36
345.50
345.50
586.45
586.45
421.35
312.54
312.54
312.54
312.54
419.08
595.92
595.92
112.82
112.82
112.82
23.15
23.15
434.83
10.00
10.00
85.13
236.47
236.47
17.63
17.63
17.63
98.58
98.58
70.26
22.37
22.37
459.95
459.95
459.95
459.95
594.80
594.80
594.80
623.59
623.59
530.45
530.45
530.45
497.60
618.99
618.99
903.70
903.70
903.70
365.98
365.98
487.77
487.77
589.45
589.45
589.45
575.71
575.71
356.34
356.34
351.20
351.20
383.39
383.39
10.00
10.00
56.37
56.37
17.06
27.76
27.76
56.47
494.17
494.17
494.17
528.68
528.68
380.41
380.41
380.41
380.41
484.24
484.24
484.24
116.84
403.80
902.26
500.88
501.49
501.49
177.06
177.06
410.94
410.94
331.96
331.96
140.94
140.94
290.00
290.00
55.10
55.10
16.93
16.93
158.63
158.63
349.82
203.99
296.07
296.07
296.07
296.07
296.07
18.27
18.27
239.26
239.26
239.26
11.00
11.00
81.03
755.08
755.08
488.60
256.76
256.76
437.72
419.74
419.74
550.20
550.20
550.20
527.40
527.40
593.98
593.98
593.98
631.35
631.35
558.24
558.24
369.25
369.25
369.25
10.00
10.00
460.85
460.85
114.12
114.12
114.12
114.12
30.08
30.08
414.44
449.63
449.63
140.09
140.09
140.09
140.09
29.71
29.71
10.00
160.33
150.17
205.80
169.12
169.12
171.86
170.54
197.66
242.00
242.00
277.37
277.37
10.00
10.00
10.00
202.91
202.91
202.91
177.02
177.02
177.02
177.02
144.18
10.00
161.06
161.06
215.54
215.54
172.75
172.75
341.37
356.28
356.28
524.61
340.94
340.94
319.51
319.51
284.47
284.47
284.47
228.09
228.09
228.09
228.09
126.37
126.37
126.37
143.43
143.43
202.96
177.40
177.40
177.29
177.29
175.82
244.89
244.89
244.89
277.49
102.77
102.77
113.28
113.28
300.96
339.16
339.16
337.33
426.41
426.41
426.41
10.00
10.00
10.00
222.59
222.59
222.59
343.13
343.13
319.00
319.00
175.14
307.26
307.26
257.68
257.68
258.03
307.43
307.43
111.70
204.46
204.46
32.01
32.01
32.01
10.00
10.00
10.00
10.00
46.91
46.91
291.78
291.78
206.37
206.37
206.37
228.50
228.50
228.50
392.19
257.43
257.43
257.43
199.50
199.50
106.26
256.14
256.14
237.71
237.71
237.71
200.20
200.20
200.20
200.20
117.19
117.19
159.73
159.73
29.75
29.75
117.79
117.79
10.00
165.90
165.90
24.77
24.77
256.09
222.91
222.91
247.71
247.71
247.71
282.42
282.42
282.42
458.12
642.76
642.76
48.24
48.24
453.82
429.28
429.28
429.28
286.80
339.55
339.55
339.55
339.55
339.55
339.55
97.75
97.75
97.75
97.75
10.00
10.00
120.24
120.24
44.59
260.79
260.79
464.02
464.02
43.16
43.16
43.16
43.16
56.07
56.07
205.29
205.29
205.29
13.34
13.34
13.34
74.79
74.79
74.79
446.07
383.93
383.93
567.33
567.33
441.48
559.35
559.35
38.12
38.12
38.12
120.42
120.42
120.42
120.42
120.42
190.10
190.10
190.10
190.10
243.89
231.96
231.96
132.63
243.51
10.00
517.10
362.35
362.35
463.78
463.78
463.78
463.78
380.65
380.65
261.02
261.02
261.02
351.66
192.49
192.49
499.74
499.74
10.00
10.00
358.43
672.18
672.18
672.18
361.82
417.49
417.49
218.17
218.17
218.17
67.42
67.42
282.70
282.70
282.70
417.12
417.12
584.51
584.51
584.51
69.41
69.41
22.82
22.82
22.82
211.05
211.05
211.05
136.63
136.63
258.51
305.31
305.31
124.90
129.47
495.97
366.62
364.99
364.99
238.18
369.68
369.68
369.68
269.09
269.09
269.09
425.69
425.69
467.95
467.95
467.95
467.95
467.95
87.54
87.54
87.54
236.30
236.30
236.30
182.48
182.48
221.16
221.16
221.16
205.43
205.43
270.36
270.36
221.52
392.77
392.77
389.53
496.95
496.95
222.89
222.89
268.69
268.69
247.12
247.12
247.12
258.95
258.95
258.95
16.33
293.39
293.39
242.12
281.40
190.23
265.40
293.89
269.21
269.21
269.21
119.30
119.30
119.30
123.30
123.30
123.30
134.27
134.27
134.27
45.12
45.12
45.12
45.12
178.97
178.97
205.96
188.58
188.58
233.85
34.41
34.41
143.66
225.45
225.45
192.73
192.73
265.97
303.75
246.70
246.70
49.67
49.67
65.89
65.89
202.91
202.91
234.72
234.72
234.72
166.81
166.81
166.81
175.85
175.85
175.85
196.27
196.27
196.27
42.02
42.02
10.51
10.51
155.61
36.21
36.21
188.16
188.16
217.79
217.79
217.79
153.60
153.60
158.58
158.58
210.44
225.11
225.11
150.75
150.75
236.19
239.60
239.60
330.36
330.36
283.83
306.82
306.82
306.82
247.19
247.19
247.19
247.19
247.19
220.69
220.69
220.69
187.07
307.23
307.23
307.23
132.34
132.34
132.34
286.24
286.24
141.28
257.61
257.61
402.29
41.74
41.74
41.74
96.20
96.20
96.20
12.68
178.19
178.19
178.19
178.19
139.78
139.78
143.48
143.48
169.67
138.19
230.30
239.81
239.81
139.68
212.24
212.24
12.43
12.43
59.01
59.01
10.00
210.96
210.96
210.96
173.61
173.61
173.61
185.58
185.58
185.58
185.58
170.36
170.36
170.36
160.75
160.75
160.75
174.71
174.71
167.57
236.24
236.24
227.00
227.00
236.46
337.11
355.23
208.10
208.10
208.10
262.38
262.38
262.38
206.89
206.89
410.12
410.12
258.42
258.42
337.65
337.65
438.61
438.61
319.50
319.50
306.86
306.86
306.86
306.86
321.07
301.05
365.21
365.21
365.21
310.05
463.16
608.19
608.19
280.42
280.42
131.68
490.01
490.01
490.01
218.20
218.20
218.20
218.20
335.80
335.80
274.12
274.12
257.49
257.49
323.58
323.58
323.58
323.58
220.65
220.65
301.69
301.69
240.02
367.60
367.60
339.96
262.42
262.42
262.42
489.73
324.00
286.94
293.29
293.29
383.99
383.99
348.00
348.00
299.65
299.65
299.65
299.65
398.01
398.01
338.83
338.83
143.30
143.30
143.30
143.30
268.28
431.60
504.85
504.85
500.41
500.41
388.37
388.37
388.37
388.37
412.81
412.81
412.81
412.81
196.70
196.70
196.70
273.33
273.33
221.32
221.32
221.32
57.99
135.31
135.31
207.56
217.83
217.83
217.83
121.80
157.36
157.36
157.36
140.19
140.19
119.21
119.21
181.12
156.12
156.12
156.12
130.94
107.35
107.35
107.35
107.35
29.77
29.77
29.77
187.79
187.79
187.79
121.68
100.93
100.93
134.15
134.15
134.15
172.91
172.91
172.91
172.91
172.91
31.13
146.70
164.08
164.08
168.85
152.52
152.52
197.18
197.18
197.18
171.39
171.39
114.05
114.05
117.41
117.41
142.77
142.77
144.73
153.03
171.06
171.06
131.11
131.11
181.89
181.89
176.40
176.40
176.57
176.57
167.53
167.53
124.54
124.54
124.54
124.54
124.54
10.00
10.00
186.74
12.85
12.85
12.85
193.79
193.79
165.56
165.56
160.00
160.00
151.46
151.46
151.46
186.60
200.17
200.17
57.05
57.05
115.75
115.75
115.75
128.70
62.15
198.20
198.20
58.23
33.31
33.31
141.02
141.02
111.17
111.17
196.88
196.88
196.88
36.29
36.29
36.29
171.95
171.95
227.20
214.16
214.16
163.66
163.66
132.07
141.89
141.89
141.89
141.89
80.58
80.58
80.58
125.90
125.90
210.70
210.70
198.17
168.17
58.41
58.41
201.19
201.19
201.19
151.40
151.40
192.33
192.33
10.00
10.00
86.93
86.93
86.93
139.33
139.33
139.33
117.84
145.00
145.00
165.61
165.61
195.03
195.03
195.03
49.99
158.20
158.20
158.20
158.20
138.80
134.89
134.89
134.89
180.08
180.08
125.29
125.29
125.29
176.99
199.18
199.18
218.17
218.17
175.20
175.20
175.20
15.60
15.60
100.46
100.46
151.56
151.56
190.10
255.39
241.02
241.02
284.94
284.94
284.94
205.38
205.38
205.38
205.38
258.73
166.85
166.85
166.85
175.94
175.94
80.69
80.69
80.69
193.10
193.10
173.15
250.29
194.78
194.78
224.89
224.89
224.89
147.66
147.66
328.30
328.30
12.47
207.92
95.44
95.44
95.44
95.44
232.58
395.34
395.34
395.34
110.20
110.20
405.83
405.83
214.31
214.31
326.27
494.43
494.43
284.82
175.30
175.30
175.30
336.30
336.30
145.37
145.37
74.72
74.72
232.03
232.03
232.03
232.03
210.75
259.97
237.04
237.04
237.04
21.97
21.97
277.19
277.19
277.19
81.15
81.15
81.15
194.81
194.81
194.81
203.62
203.62
258.47
258.47
169.97
169.97
199.30
199.30
173.75
173.75
324.68
324.68
22.71
22.71
205.63
205.63
205.63
237.91
239.67
239.67
239.67
192.65
192.65
192.65
97.49
97.49
318.16
318.16
318.16
299.09
299.09
299.09
299.09
148.36
184.00
184.00
184.00
184.00
45.24
172.54
172.54
210.61
242.23
187.66
187.66
174.20
174.20
174.20
92.38
174.33
210.02
210.02
156.36
156.36
144.35
244.09
244.09
162.73
162.73
313.28
313.28
245.44
245.44
355.47
355.47
244.33
244.33
189.63
189.63
201.31
201.31
201.31
278.36
278.36
216.80
216.80
162.88
162.88
162.88
100.87
224.63
224.63
179.04
179.04
179.04
179.56
179.56
225.63
225.63
214.75
214.75
214.75
215.26
215.26
250.78
250.78
250.78
287.83
287.83
31.73
31.73
31.73
50.45
208.38
256.19
256.19
231.85
212.78
212.78
382.78
247.64
247.64
247.64
247.64
221.61
221.61
221.61
169.12
169.12
169.12
219.30
219.30
284.78
275.77
291.53
304.80
304.80
431.99
431.99
517.49
517.49
543.96
668.75
668.75
402.20
623.63
623.63
512.55
512.55
512.55
28.69
468.15
620.50
620.50
623.04
623.04
438.15
438.15
438.15
473.79
473.79
473.79
473.79
339.24
339.24
339.24
317.56
317.56
408.64
408.64
408.64
408.64
408.64
19.83
507.01
391.06
391.06
391.06
391.06
10.00
10.00
10.00
10.00
17.57
17.57
253.84
253.84
253.84
86.19
86.19
357.86
415.44
317.32
287.49
10.00
10.00
490.47
490.47
490.47
584.09
584.09
584.09
15.42
15.42
335.18
335.18
335.18
249.62
249.62
249.62
249.62
129.05
129.05
256.54
256.54
272.63
272.63
250.20
250.20
15.89
282.74
282.74
25.69
25.69
448.64
280.47
462.22
386.70
386.70
143.27
143.27
680.17
902.91
902.91
902.91
319.05
319.05
608.47
608.47
608.47
608.47
85.45
85.45
85.45
577.25
577.25
565.08
565.08
372.62
443.40
931.66
931.66
19.46
19.46
513.37
513.37
513.37
568.70
568.70
412.86
412.86
412.86
322.76
557.26
557.26
351.36
351.36
351.36
40.61
464.71
864.95
864.95
537.16
452.95
452.95
452.95
452.95
27.35
27.35
298.59
298.59
290.95
290.95
18.39
567.51
567.51
65.73
65.73
10.00
431.77
431.77
627.31
742.32
742.32
527.51
863.47
863.47
863.47
863.47
485.97
511.82
511.82
555.18
555.18
555.18
555.18
555.18
285.65
285.65
418.05
418.05
418.05
325.45
299.75
299.75
79.61
912.07
168.81
168.81
168.81
59.13
59.13
119.62
119.62
119.62
350.05
350.05
350.05
466.79
466.79
71.57
608.30
516.33
516.33
23.32
23.32
269.12
269.12
98.63
83.16
83.16
236.57
236.57
236.57
460.27
460.27
460.27
479.31
479.31
479.31
30.40
30.40
437.10
536.41
50.47
30.85
30.85
30.85
30.85
30.85
30.85
30.85
30.85
218.77
57.32
485.39
485.39
573.01
694.16
146.24
94.73
122.06
122.06
315.89
315.89
315.89
31.29
126.18
126.18
66.58
66.58
10.00
126.22
126.22
126.22
126.22
799.33
799.33
22.51
22.51
39.96
54.59
54.59
368.48
563.68
563.68
563.68
563.68
339.20
339.20
339.20
494.25
494.25
494.25
10.14
10.14
491.55
491.55
491.55
404.91
551.47
175.43
175.43
184.40
184.40
184.40
124.93
33.70
33.70
726.13
726.13
412.00
214.22
214.22
214.22
138.46
13.99
13.99
371.65
371.65
323.48
323.48
249.66
249.66
10.48
52.00
52.00
52.00
193.35
193.35
10.68
270.30
270.30
130.30
130.30
592.89
592.89
592.89
295.85
295.85
454.65
454.65
454.65
454.65
350.04
350.04
450.22
517.29
665.48
32.06
32.06
180.96
33.85
33.85
33.85
599.23
599.23
203.26
203.26
168.72
168.72
168.72
668.73
668.73
668.73
571.68
590.23
573.15
573.15
573.15
774.04
774.04
774.04
684.44
684.44
535.29
535.29
472.26
472.26
131.24
131.24
131.24
10.00
10.00
10.00
10.00
178.64
178.64
178.64
289.38
289.38
251.40
170.86
170.86
203.71
129.12
40.09
40.09
71.19
71.19
97.27
340.94
340.94
264.08
14.13
14.13
247.72
247.72
247.72
247.72
284.37
362.83
362.83
317.57
293.44
293.44
293.44
78.18
255.25
255.25
104.02
104.02
19.18
19.18
335.00
335.00
50.51
50.51
334.73
396.68
83.18
83.18
83.18
201.14
201.14
53.08
53.08
441.50
441.50
19.33
107.42
10.00
452.70
452.70
452.70
452.70
452.70
452.70
452.70
396.13
396.13
433.28
433.28
433.28
49.86
49.86
49.86
49.86
238.77
238.77
238.77
253.06
253.06
246.24
246.24
377.15
377.15
15.69
424.25
424.25
10.00
10.00
266.95
266.95
10.00
10.00
10.00
366.25
472.55
472.55
529.02
529.02
529.02
529.02
109.33
109.33
10.00
331.40
334.92
334.92
376.25
376.25
446.48
446.48
446.48
11.79
11.79
11.79
11.79
11.79
142.54
142.54
355.87
355.87
255.93
255.93
258.74
258.74
284.18
421.56
421.56
492.91
492.91
264.32
328.21
328.21
328.21
328.21
219.54
219.54
309.19
309.19
299.39
299.39
298.03
298.03
208.85
208.85
270.39
270.39
10.00
10.00
193.66
193.66
255.65
308.05
288.97
288.97
292.83
292.83
396.01
396.01
307.78
278.76
278.76
396.28
396.28
301.54
404.58
404.58
404.58
404.58
404.58
258.25
258.25
258.25
419.06
354.17
551.04
398.94
488.13
488.13
480.34
480.34
480.34
480.34
480.34
480.34
480.34
480.34
480.34
480.34
480.34
480.34
523.60
562.73
562.73
352.57
243.23
533.07
533.07
533.07
291.53
445.24
445.24
465.48
396.30
336.08
388.99
317.06
317.06
345.21
345.21
242.62
242.62
242.62
199.39
199.39
199.39
226.35
226.35
284.11
284.11
154.15
154.15
460.82
590.72
590.72
367.48
340.62
461.22
461.22
344.86
344.86
344.86
371.29
371.29
371.29
371.29
371.29
17.40
17.40
17.40
247.00
334.59
334.59
433.19
433.19
337.42
337.42
302.91
302.91
271.51
375.77
375.77
385.73
385.73
115.09
115.09
369.59
440.39
440.39
539.05
539.05
539.05
539.05
18.00
446.91
436.33
436.33
436.33
436.33
677.78
366.23
366.23
366.23
366.23
13.07
76.62
234.61
234.61
234.61
170.02
349.74
349.74
21.35
15.31
15.31
15.31
377.46
392.97
445.29
445.29
56.85
391.43
316.59
316.59
316.59
462.48
462.48
462.48
462.48
240.20
240.20
240.20
204.81
204.81
313.37
313.37
345.46
451.96
451.96
301.47
722.00
722.00
553.63
553.63
553.63
553.63
491.07
491.07
491.07
491.07
287.41
287.41
287.41
96.67
496.49
496.49
200.92
200.92
199.80
199.80
50.80
10.00
10.00
10.00
43.90
43.90
43.90
324.81
324.81
220.03
504.71
504.71
504.71
504.71
504.71
20.84
20.84
20.84
19.53
19.53
213.19
213.19
318.56
386.71
247.92
240.83
240.83
290.25
290.25
14.69
14.69
313.89
413.71
413.71
359.19
197.44
197.44
140.86
105.79
438.44
438.44
438.44
438.44
10.65
10.65
10.65
509.51
509.51
66.78
66.78
529.62
529.62
532.70
436.54
98.31
98.31
98.31
98.31
50.81
50.81
809.03
809.03
133.72
133.72
133.72
72.59
455.04
455.04
474.02
474.02
474.02
550.10
550.10
550.10
45.57
20.57
20.57
25.89
25.89
23.12
23.12
339.30
339.30
326.06
326.06
326.06
326.06
385.17
385.17
385.17
385.17
284.28
284.28
284.28
284.28
16.75
103.07
125.21
125.21
191.16
152.69
182.61
182.61
182.61
10.00
81.79
152.77
283.92
283.92
56.68
71.39
71.39
71.39
10.00
10.00
92.34
516.60
516.60
516.60
11.52
11.52
511.71
26.94
28.07
105.18
105.18
554.15
554.15
937.28
937.28
458.81
458.81
458.81
458.81
458.81
458.81
254.19
254.19
254.19
279.91
183.81
183.81
183.81
60.55
20.20
20.20
20.20
20.20
35.94
29.74
29.74
29.74
345.42
345.42
325.51
325.51
465.78
465.78
82.56
82.56
11.89
11.89
41.33
17.96
17.96
615.09
615.09
790.50
818.10
718.59
718.59
10.00
576.32
576.32
576.32
556.22
556.22
352.57
352.57
352.57
352.57
48.22
48.22
30.78
30.78
30.78
26.87
26.87
440.31
440.31
438.71
438.71
31.26
31.26
54.08
54.08
54.08
54.08
221.59
221.59
221.59
258.70
277.67
193.99
194.49
194.49
194.49
93.11
93.11
156.77
156.77
205.64
303.61
237.44
201.69
201.69
201.69
42.92
42.92
199.16
199.16
148.62
148.62
148.62
148.62
148.62
185.42
185.42
10.00
10.00
14.16
14.16
13.50
13.50
20.04
20.04
20.04
10.00
10.00
51.00
10.15
113.24
97.80
82.85
97.28
121.06
121.06
121.06
135.27
135.27
135.27
60.88
145.67
145.67
145.67
145.71
137.36
137.36
108.73
181.66
181.66
131.82
131.82
147.34
147.34
201.46
201.46
201.46
201.46
201.46
201.46
10.00
122.83
122.83
106.51
106.51
92.71
92.71
128.93
22.78
139.50
139.50
231.34
231.34
339.60
488.17
458.70
458.70
458.70
458.70
458.70
458.70
201.82
201.82
424.44
424.44
341.39
341.39
225.88
589.29
589.29
292.62
577.46
577.46
40.39
40.39
40.39
326.49
326.49
326.49
326.49
308.27
347.78
347.78
432.35
432.35
432.35
432.35
414.19
414.19
442.04
442.04
86.62
343.74
530.47
530.47
508.33
508.33
623.90
623.90
450.88
450.88
483.92
404.21
404.21
404.21
404.21
506.36
841.84
841.84
841.84
40.04
40.04
40.04
40.04
40.04
40.04
206.70
206.70
437.46
437.46
437.46
606.00
606.00
529.35
96.53
420.72
420.72
420.72
616.74
547.76
547.76
498.25
664.34
664.34
10.00
10.00
423.51
423.51
423.51
10.00
10.00
10.00
220.83
220.83
307.60
272.72
272.72
130.15
130.15
130.15
406.17
409.39
442.85
405.48
405.48
405.48
366.05
366.05
366.05
232.65
232.65
166.64
166.64
122.85
122.85
451.16
409.47
409.47
226.70
226.70
681.52
458.39
458.39
458.39
419.67
419.67
419.67
419.67
332.18
332.18
332.18
332.18
196.75
196.75
196.75
186.68
186.68
186.68
286.51
294.54
294.54
472.74
372.55
489.20
489.20
199.43
437.37
437.37
437.37
279.02
279.02
279.02
231.56
55.92
55.92
55.92
170.78
170.78
418.82
470.58
360.49
555.12
544.68
499.07
499.07
499.07
808.77
808.77
808.77
808.77
27.46
27.46
95.72
95.72
285.20
52.71
52.71
52.71
10.00
10.00
10.00
10.00
22.61
22.61
356.39
356.39
228.79
228.79
344.39
344.39
358.19
279.76
279.76
492.12
492.12
492.12
431.92
431.92
600.55
342.88
342.88
72.45
72.45
393.11
393.11
367.92
367.92
15.65
15.65
340.03
340.03
340.03
125.35
125.35
180.64
180.64
180.64
10.00
10.00
60.96
60.96
60.96
10.00
10.00
148.82
228.07
228.07
369.35
296.21
296.21
136.09
19.83
19.83
19.83
10.00
10.00
234.12
234.12
234.12
201.56
50.10
50.10
50.10
20.90
20.90
222.97
473.62
473.62
43.18
510.26
296.27
282.49
323.49
323.49
138.37
138.37
138.37
718.64
718.64
718.64
377.61
377.61
601.86
864.53
864.53
839.21
839.21
839.21
839.21
492.27
492.27
492.27
514.05
514.05
514.05
514.05
710.88
225.49
225.49
225.49
43.50
43.50
43.50
43.50
174.99
174.99
287.28
287.28
287.28
306.10
280.82
280.82
280.82
280.82
245.10
245.10
245.10
304.85
329.36
258.31
258.31
258.31
271.02
271.02
434.47
379.36
392.33
581.64
581.64
331.76
331.76
615.78
615.78
615.78
383.98
689.64
689.64
468.43
401.83
597.16
597.16
10.00
10.00
355.19
355.19
355.19
335.51
566.25
566.25
481.60
481.60
300.08
300.08
388.16
388.16
241.76
241.76
63.51
63.51
63.51
63.51
258.46
258.46
254.51
254.51
254.51
254.51
130.72
130.72
130.72
179.18
179.18
179.18
152.80
152.80
152.80
227.28
227.28
267.41
225.15
225.15
225.15
225.15
186.44
186.44
195.66
195.66
247.69
234.66
234.66
223.67
245.44
245.44
370.23
233.82
233.82
233.82
233.82
204.78
204.78
306.80
306.80
306.80
332.20
332.20
425.90
425.90
360.28
360.28
475.85
377.05
498.98
498.98
464.55
464.55
423.06
496.11
551.21
551.21
459.56
459.56
434.22
434.22
215.93
215.93
377.30
377.30
147.22
147.22
85.99
85.99
85.99
85.99
85.99
247.66
247.66
247.66
247.66
220.41
220.41
220.41
282.25
282.25
465.00
553.15
462.49
462.49
353.13
616.68
616.68
385.16
385.16
346.96
444.08
444.08
42.57
42.57
346.54
346.54
15.14
15.14
10.00
10.00
10.00
186.17
186.17
186.17
380.36
380.36
380.36
380.36
102.89
102.89
102.89
558.34
558.34
366.83
366.83
366.83
366.83
366.83
17.96
17.96
17.96
253.07
253.07
466.76
466.76
394.52
394.52
373.08
367.53
367.53
498.93
498.93
345.88
333.65
333.65
152.91
152.91
152.91
10.00
480.58
480.58
10.00
10.00
249.36
44.76
48.34
558.26
558.26
89.90
89.90
447.26
447.26
447.26
447.26
345.49
345.49
345.49
500.62
500.62
515.39
515.39
502.70
502.70
69.59
69.59
387.78
387.78
387.78
48.67
48.67
20.10
20.10
10.00
10.00
630.42
416.93
416.93
468.88
442.68
442.68
62.70
62.70
542.51
542.51
460.18
323.74
323.74
323.74
263.82
10.84
546.24
546.24
546.24
568.39
570.51
570.51
597.57
597.57
597.57
597.57
224.04
224.04
224.04
564.37
564.37
480.26
480.26
605.98
605.98
605.98
605.98
605.98
318.57
318.57
318.57
318.57
247.96
199.74
199.74
199.74
239.71
295.88
295.88
10.00
214.70
214.70
238.11
238.11
277.36
277.36
290.50
290.50
271.42
385.12
445.50
445.50
325.88
463.41
463.41
403.07
348.36
240.51
397.21
397.21
397.21
397.21
611.91
611.91
131.92
736.92
724.36
551.34
551.34
779.50
779.50
779.50
299.22
299.22
11.56
11.56
11.56
11.56
11.56
146.76
146.76
146.76
34.40
34.40
289.56
289.56
501.25
517.80
517.80
568.12
568.12
962.95
962.95
113.79
113.79
113.79
41.78
41.78
41.78
16.32
56.00
56.00
26.54
517.59
513.12
513.12
513.12
513.12
327.55
327.55
635.26
453.98
453.98
542.61
542.61
627.92
627.92
627.92
300.79
300.79
300.79
495.69
222.82
460.37
460.37
10.00
10.00
545.98
545.98
10.00
10.00
28.31
28.31
475.80
92.69
92.69
93.47
45.83
45.83
45.83
45.83
449.46
449.46
449.46
290.33
290.33
59.96
59.96
477.07
190.59
214.44
214.44
162.88
162.88
68.70
101.81
101.81
101.81
101.81
10.00
10.00
10.00
423.38
566.09
566.09
566.09
164.83
611.56
611.56
500.24
500.24
10.00
10.00
801.04
801.04
30.19
30.19
30.19
14.84
700.20
14.75
14.75
589.12
589.12
589.12
589.12
212.35
212.35
212.35
759.61
221.99
221.99
74.70
74.70
331.54
331.54
331.54
331.54
252.70
252.70
355.13
355.13
25.84
25.84
25.84
27.04
27.04
27.04
53.35
53.35
10.00
41.81
41.81
10.97
10.97
79.39
96.07
96.07
10.49
10.49
309.92
309.92
28.04
466.55
10.00
10.00
359.91
304.70
295.70
295.70
409.36
409.36
172.79
550.34
550.34
550.34
550.34
550.34
550.34
550.34
550.34
550.34
550.34
16.91
10.68
10.68
95.38
95.38
10.60
10.60
456.48
456.48
456.48
18.80
280.65
280.65
280.65
159.37
277.63
277.63
277.63
382.83
382.83
17.35
17.35
242.52
25.55
25.55
25.55
18.21
361.23
375.51
375.51
24.22
130.19
53.90
53.90
52.39
369.09
369.09
397.12
584.85
830.64
830.64
226.76
226.76
588.01
588.01
588.01
163.07
163.07
163.07
42.70
42.70
294.43
60.80
60.80
60.80
37.51
37.51
37.51
390.46
62.58
62.58
62.58
484.31
484.31
10.00
10.00
10.00
10.00
10.00
42.68
42.68
42.68
10.00
10.00
10.00
270.97
270.97
273.27
273.27
555.72
367.56
367.56
539.24
539.24
645.52
645.52
321.31
321.31
429.13
429.13
429.13
338.83
338.83
338.83
338.83
160.33
160.33
160.33
21.69
21.69
310.47
134.23
134.23
134.23
48.52
48.52
10.00
10.00
10.00
21.09
21.09
21.09
10.00
18.89
18.89
16.65
96.19
96.19
96.19
66.89
247.27
291.98
291.98
186.65
142.57
90.70
90.70
377.19
377.19
74.31
270.12
34.22
34.22
34.22
34.22
200.02
200.02
200.02
209.06
209.06
77.57
77.57
77.57
193.31
193.31
193.31
290.48
312.64
312.64
231.79
231.79
402.82
402.82
396.41
396.41
396.41
23.47
23.47
170.91
170.91
83.00
29.97
29.97
311.15
10.00
10.00
359.07
184.26
184.26
184.26
184.26
317.19
317.19
317.19
401.08
410.19
410.19
257.89
257.89
82.34
82.34
386.71
386.71
134.86
134.86
134.86
201.40
201.40
32.12
11.99
11.99
168.64
168.64
306.49
306.49
378.23
378.23
25.86
25.86
25.86
47.23
47.23
35.28
35.28
50.21
50.21
52.59
172.18
172.18
172.18
10.00
10.00
88.56
88.56
189.92
189.92
346.89
346.89
346.89
305.07
305.07
417.33
417.33
380.34
380.34
349.11
349.11
395.47
256.21
256.21
256.21
262.48
262.48
296.44
296.44
296.05
296.05
276.91
276.91
438.54
438.54
221.99
343.58
480.78
480.78
616.34
616.34
546.85
546.85
711.71
711.71
1029.16
1029.16
1029.16
568.71
567.64
567.64
567.64
305.23
305.23
446.15
446.15
446.15
446.15
518.50
518.50
518.50
518.50
72.88
72.88
72.88
576.00
576.00
369.98
844.32
844.32
276.08
722.17
580.45
580.45
698.10
698.10
487.23
487.23
457.84
302.84
317.33
281.81
281.81
409.28
409.28
519.84
471.11
471.11
540.34
540.34
564.96
564.96
641.87
641.87
639.51
639.51
639.51
534.92
534.92
534.92
512.89
662.57
662.57
662.57
662.57
204.80
204.80
204.80
204.80
344.31
344.31
344.31
344.31
502.01
502.01
509.46
576.84
576.84
602.32
602.32
602.32
682.44
970.91
486.56
952.69
442.64
721.24
721.24
721.24
18.62
18.62
137.95
137.95
476.91
476.91
472.28
472.28
472.28
226.11
226.11
226.11
226.11
226.11
587.53
502.33
737.68
516.40
516.40
516.40
378.82
378.82
476.00
476.00
361.12
439.80
439.80
439.80
381.99
381.99
381.99
381.99
305.28
305.28
305.28
305.28
305.28
305.28
93.33
93.33
230.69
402.90
157.55
232.36
232.36
61.76
61.76
130.16
288.46
160.20
160.20
200.20
66.21
66.21
66.21
14.86
12.26
12.26
12.26
457.33
10.00
10.00
294.25
545.13
545.13
572.24
385.78
385.78
385.78
385.78
268.82
268.82
268.82
268.82
262.38
434.07
434.07
600.38
600.38
523.22
523.22
523.22
470.91
470.91
470.91
373.14
373.14
318.71
318.71
318.71
356.06
356.06
523.85
523.59
523.59
613.66
613.66
613.66
409.57
621.70
621.70
621.70
457.92
457.92
438.06
438.06
239.20
239.20
269.74
269.74
232.59
232.59
145.11
145.11
19.82
19.82
19.82
112.27
314.89
314.89
28.36
345.93
345.93
239.74
239.74
79.52
79.52
147.38
147.38
10.00
77.78
77.78
254.70
254.70
291.56
291.56
296.10
296.10
296.10
269.65
269.65
42.75
42.75
42.75
44.49
44.49
205.59
205.59
360.97
360.97
288.24
288.24
288.24
255.71
255.71
269.20
269.20
269.20
276.86
317.08
317.08
433.63
433.63
255.30
255.30
309.52
309.52
292.69
292.69
292.95
292.95
292.95
223.97
223.97
20.79
20.79
140.83
126.83
126.83
132.00
203.15
203.15
277.62
277.62
277.62
10.00
10.00
148.97
148.97
267.41
109.99
109.99
31.49
31.49
31.49
97.77
97.77
17.96
238.28
238.28
250.69
337.54
363.62
462.67
438.71
438.71
438.71
473.41
473.41
297.46
297.46
297.46
502.10
502.10
57.50
57.50
514.55
514.55
539.01
539.01
375.90
375.90
375.90
375.90
375.90
375.90
14.55
14.55
14.55
14.55
14.55
175.13
175.13
175.13
10.00
10.00
256.33
198.84
198.84
312.69
312.69
213.50
191.07
191.07
253.78
303.94
282.68
282.68
245.28
205.92
205.92
10.00
10.00
42.85
42.85
290.99
290.99
71.34
314.14
314.14
27.25
27.25
401.90
401.90
453.46
466.09
413.40
31.54
31.54
118.38
118.38
118.38
58.16
58.16
377.54
377.54
377.54
377.54
367.09
155.28
279.37
279.37
408.97
408.97
408.97
408.97
498.15
498.15
276.73
276.73
276.73
116.83
116.83
169.29
774.19
774.19
760.38
760.38
760.38
10.00
10.00
10.00
434.54
579.40
418.06
418.06
43.45
43.45
43.45
712.07
712.07
522.38
522.38
722.19
722.19
464.61
464.61
464.61
79.83
79.83
79.83
60.63
60.63
60.63
394.82
394.82
417.12
545.94
552.15
552.15
552.15
552.15
466.58
466.58
466.58
271.55
271.55
288.77
288.77
288.77
466.00
466.00
587.55
587.55
477.43
433.95
594.49
607.08
542.96
408.74
408.74
426.20
426.20
426.20
307.64
307.64
297.56
532.83
584.20
584.20
645.84
587.50
587.50
10.83
10.83
402.35
402.35
648.28
648.28
557.09
557.09
557.09
495.14
495.14
495.14
476.16
657.43
555.85
555.85
555.85
919.29
919.29
586.71
586.71
586.71
475.81
527.15
527.15
823.80
276.67
276.67
347.04
347.04
347.04
623.68
623.68
623.68
465.22
465.22
465.22
554.22
554.22
554.22
457.84
457.84
457.84
382.77
382.77
544.62
544.62
544.62
389.15
389.15
389.15
135.00
135.00
135.00
247.80
247.80
194.47
508.98
10.00
10.00
757.21
757.21
542.33
542.33
542.33
364.12
521.86
789.92
789.92
405.32
645.50
469.57
346.99
346.99
296.35
296.35
296.35
296.35
81.61
81.61
81.61
586.50
532.59
532.59
532.59
269.68
269.68
559.12
559.12
624.85
624.85
624.85
624.85
528.53
528.53
528.53
528.53
528.53
612.23
612.23
612.23
612.23
280.27
280.27
10.00
10.00
23.33
23.33
403.86
403.86
403.86
288.78
288.78
104.58
104.58
104.58
488.94
268.31
268.31
297.08
297.08
442.48
489.47
611.95
611.95
614.70
614.70
614.70
614.70
381.48
381.48
381.48
532.54
532.54
512.99
512.99
400.59
400.59
533.78
360.54
360.54
426.68
426.68
426.68
275.40
275.40
275.40
10.00
10.00
10.00
441.16
441.16
420.03
103.17
103.17
356.07
356.07
530.43
530.43
203.91
203.91
451.53
451.53
30.39
30.39
30.39
29.17
29.17
24.33
140.00
140.00
289.97
431.84
431.84
341.64
427.25
360.09
522.63
522.63
522.63
541.93
541.93
541.93
385.93
448.27
448.27
444.62
613.73
613.73
613.73
134.42
92.45
92.45
92.45
407.57
407.57
11.21
1066.98
10.75
10.75
10.75
10.75
38.28
38.28
38.28
38.28
38.28
38.28
10.55
10.55
10.55
10.55
10.55
99.25
282.46
282.46
156.75
156.75
369.49
465.46
582.32
588.39
588.39
588.39
141.17
778.48
506.31
506.31
10.00
10.00
683.80
683.80
10.00
10.00
10.00
10.00
10.00
10.00
83.75
83.75
134.04
439.83
439.83
110.93
110.93
56.90
56.90
254.84
254.84
971.00
971.00
11.50
11.50
370.23
370.23
621.32
621.32
621.32
765.63
765.63
765.63
532.22
532.22
718.64
847.23
265.28
265.28
265.28
110.63
539.74
539.74
539.74
233.52
233.52
233.52
333.25
333.25
489.82
489.82
629.37
706.09
706.09
498.90
498.90
231.95
231.95
159.78
159.78
17.34
17.34
823.57
823.57
361.61
361.61
125.18
125.18
741.93
741.93
10.00
10.00
76.83
76.83
999.09
999.09
1067.97
1067.97
228.89
228.89
70.07
10.00
10.00
10.00
10.00
10.21
10.21
10.21
404.40
404.40
390.62
390.62
466.55
356.64
356.64
239.38
239.38
239.38
30.86
30.86
177.83
43.02
43.02
12.08
12.08
216.27
216.27
208.32
208.32
75.77
380.87
35.12
35.12
472.75
472.75
55.75
182.65
353.36
353.36
738.28
738.28
738.28
548.35
548.35
548.35
548.35
548.35
548.35
548.35
412.92
412.92
581.86
11.57
854.63
854.63
494.02
494.02
494.02
549.60
549.60
54.09
54.09
10.00
10.00
43.72
43.72
43.72
28.68
612.53
612.53
368.08
368.08
368.08
368.08
368.08
264.71
264.71
146.32
146.32
146.32
78.41
10.00
176.52
176.52
31.34
31.34
15.91
15.91
37.02
37.02
48.51
409.93
409.93
132.22
401.24
401.24
413.55
490.37
388.46
635.44
635.44
696.38
696.38
696.38
112.26
211.15
211.15
211.15
69.50
69.50
324.98
324.98
325.05
325.05
344.73
344.73
488.35
488.35
610.05
610.05
149.98
149.98
149.98
284.65
51.42
51.42
217.45
217.45
217.45
16.66
16.66
258.73
258.73
258.73
107.22
107.22
490.62
490.62
18.56
18.56
18.56
18.56
91.58
91.58
198.73
198.73
64.54
64.54
272.42
272.42
272.42
416.48
416.48
170.41
383.96
383.96
362.67
362.67
294.16
289.94
340.76
88.13
368.45
368.45
433.09
587.01
587.01
533.10
533.10
504.01
504.01
504.01
33.39
33.39
33.39
33.39
10.00
10.00
80.30
322.40
322.40
99.35
99.35
444.96
444.96
626.89
626.89
596.72
596.72
660.40
30.43
673.75
673.75
10.00
10.00
10.00
10.00
87.82
87.82
87.82
250.70
250.70
250.70
10.00
217.93
217.93
286.79
286.79
324.61
526.13
526.13
464.38
464.38
15.79
15.79
15.79
15.79
15.79
152.61
152.61
152.61
544.20
544.20
426.29
426.29
426.29
296.61
296.61
296.61
311.99
585.68
585.68
803.71
326.07
403.36
161.98
161.98
250.70
77.17
77.17
77.17
211.21
211.21
211.21
211.21
211.21
90.32
90.32
90.32
375.28
375.28
138.21
138.21
466.00
474.52
474.52
10.00
10.00
10.00
152.75
152.75
152.75
82.84
45.92
296.69
109.39
859.56
358.72
234.23
957.20
427.70
427.70
61.78
61.78
61.78
405.91
405.91
405.91
405.91
385.58
385.58
138.00
422.82
422.82
422.82
422.82
347.76
347.76
347.76
327.57
327.57
285.23
315.36
377.64
377.64
399.33
868.06
868.06
422.09
422.09
422.09
10.00
10.00
10.00
270.00
270.00
270.00
270.00
270.00
180.12
251.75
349.97
342.94
342.94
262.66
262.66
393.48
393.48
249.75
314.27
550.62
550.62
339.07
339.07
494.09
494.09
494.09
455.80
361.83
457.63
457.63
519.57
519.57
526.94
526.94
526.94
235.69
235.69
559.93
559.93
559.93
682.99
682.99
682.99
162.15
162.15
486.49
486.49
486.49
454.24
454.24
546.05
546.05
460.14
460.14
528.27
528.27
637.20
266.22
266.22
266.22
266.22
56.81
56.81
56.81
56.81
56.81
272.82
212.68
212.68
212.68
212.68
212.68
15.60
15.60
180.54
255.69
375.99
375.99
251.14
251.14
251.14
52.13
277.50
309.70
309.70
309.70
309.70
348.77
401.42
401.42
237.55
237.55
237.55
450.96
450.96
748.33
748.33
790.44
790.44
790.44
506.02
506.02
504.77
87.88
87.88
87.88
396.11
396.11
396.11
341.24
87.77
87.77
87.77
87.77
19.17
19.17
361.31
361.31
361.31
207.75
439.21
340.01
340.01
340.01
340.01
340.01
75.54
75.54
275.54
359.46
359.46
359.46
64.56
343.25
343.25
67.91
67.91
548.69
257.32
257.32
257.32
73.65
73.65
73.65
449.27
449.27
449.27
46.19
46.19
46.19
94.23
94.23
115.39
115.39
115.39
33.77
33.77
35.34
35.34
232.65
232.65
359.54
397.44
397.44
298.82
298.82
285.32
285.32
10.00
10.00
10.00
22.75
68.53
68.53
68.53
42.37
42.37
167.51
167.51
167.51
167.51
10.00
219.80
404.42
510.39
510.39
11.01
48.69
48.69
85.29
598.42
598.42
435.61
435.61
435.61
69.51
69.51
69.51
69.51
42.39
42.39
42.39
42.39
35.84
10.00
10.00
10.00
242.08
242.08
242.08
110.34
346.81
346.81
377.21
377.21
34.67
251.39
251.39
110.00
16.45
16.45
333.08
68.27
68.27
326.14
326.14
34.72
310.95
248.35
347.30
752.20
752.20
80.98
80.98
80.98
591.43
591.43
591.43
550.88
550.88
550.88
725.04
725.04
725.04
725.04
585.03
585.03
580.13
641.48
560.61
560.61
560.61
560.61
647.10
647.10
10.00
10.00
10.00
339.64
339.64
150.34
150.34
69.84
69.84
69.84
69.84
132.60
132.60
132.60
296.21
607.32
607.32
377.18
377.18
10.00
10.00
137.61
17.21
643.22
603.88
603.88
603.88
743.82
743.82
353.19
353.19
245.37
245.37
245.37
335.81
335.81
248.72
145.05
145.05
59.47
59.47
611.76
611.76
611.76
607.07
607.07
437.17
437.17
437.17
11.56
11.56
899.07
899.07
137.88
137.88
370.37
210.82
210.82
107.19
107.19
107.19
107.19
107.19
107.19
660.85
660.85
660.85
27.95
167.04
66.73
66.73
187.54
187.54
44.69
44.69
44.69
44.69
181.94
181.94
46.67
46.67
46.67
10.00
10.00
10.00
10.00
10.00
224.01
144.32
144.32
10.00
241.97
280.94
280.94
277.37
277.37
430.92
530.50
338.03
338.03
98.46
98.46
98.46
98.46
311.48
311.48
311.48
311.48
293.32
352.19
352.19
352.19
367.50
400.26
400.26
474.60
474.60
15.59
15.59
368.99
368.99
368.99
275.24
275.24
411.56
411.56
609.67
609.67
672.61
672.61
672.61
57.22
192.84
370.22
370.22
582.68
582.68
582.68
582.68
554.38
587.27
1057.34
342.93
342.93
342.93
146.66
146.66
146.66
477.19
477.19
405.23
405.23
405.23
493.21
493.21
493.21
348.25
348.25
243.10
453.60
453.60
453.60
442.02
442.02
153.80
705.83
805.94
780.32
1156.73
1156.73
1156.73
1156.73
469.56
469.56
469.56
469.56
469.56
559.83
559.83
338.63
338.63
482.62
482.62
734.28
734.28
629.57
629.57
629.57
414.07
443.90
443.90
443.90
93.28
93.28
401.36
596.63
584.24
584.24
584.24
584.24
10.68
10.68
10.68
289.51
289.51
289.51
221.65
221.65
501.55
327.37
222.87
347.90
453.00
496.14
347.86
347.86
347.86
347.86
392.77
281.26
281.26
310.63
310.63
310.63
310.63
389.49
389.49
37.73
37.73
481.97
481.97
69.55
69.55
406.93
492.46
483.51
483.51
410.06
410.06
410.06
284.97
284.97
284.97
284.97
284.97
193.16
193.16
248.04
401.51
457.04
457.04
457.04
80.71
80.71
410.42
422.75
422.75
422.75
209.77
209.77
303.61
303.61
303.61
303.61
26.43
26.43
119.95
119.95
119.95
10.00
24.21
226.74
344.90
586.50
586.50
586.50
586.50
285.85
285.85
312.92
312.92
91.29
91.29
487.54
451.57
450.67
450.67
450.67
178.92
178.92
178.92
178.92
187.06
187.06
276.34
276.34
276.34
88.06
88.06
221.85
221.85
305.14
305.14
305.14
318.50
530.90
530.90
282.06
282.06
260.86
260.86
127.84
127.84
70.85
70.85
70.85
281.28
281.28
281.28
251.51
251.51
251.51
227.98
227.98
227.98
164.90
164.90
190.69
147.77
147.77
31.68
31.68
28.72
73.77
10.00
281.91
249.49
249.49
468.96
411.55
411.55
178.91
178.91
440.88
627.43
627.43
627.43
366.65
366.65
500.16
500.16
500.16
500.16
166.89
166.89
166.89
298.33
298.33
298.33
284.58
285.01
285.01
89.21
89.21
169.63
169.63
299.02
258.35
258.35
190.62
190.62
249.25
249.25
281.25
281.25
257.59
257.59
422.20
422.20
34.12
10.70
10.70
378.47
378.47
104.32
104.32
173.14
173.14
25.74
25.74
44.69
44.69
507.84
507.84
10.00
10.00
10.00
10.00
10.00
201.29
476.42
476.42
38.61
38.61
28.71
28.71
421.79
421.79
87.87
87.87
34.41
581.09
196.88
688.30
688.30
536.10
536.10
536.10
266.03
266.03
544.16
544.16
838.04
838.04
838.04
510.21
510.21
510.21
510.21
81.45
81.45
81.45
81.45
300.52
49.22
49.22
49.22
525.53
587.68
587.68
56.50
56.50
481.13
470.88
237.27
237.27
598.11
736.51
736.51
413.62
413.62
496.45
496.45
496.45
585.29
531.05
568.85
568.85
740.80
740.80
740.80
740.80
11.38
515.24
37.66
143.43
143.43
143.43
536.89
536.89
536.89
590.47
590.47
290.93
290.93
290.93
311.24
311.24
540.81
540.81
548.64
548.64
548.64
364.21
364.21
364.21
437.07
437.07
15.71
584.86
584.86
786.68
786.68
128.47
720.32
720.32
311.10
311.10
497.79
497.79
497.79
497.79
123.01
451.79
451.79
477.77
477.77
477.77
461.10
461.10
461.10
461.10
284.14
284.14
325.23
325.23
458.29
458.29
458.29
283.29
283.29
344.42
455.23
455.23
321.21
321.21
394.15
451.46
451.46
434.85
434.85
434.85
434.85
37.28
242.72
242.72
136.23
43.70
43.70
303.25
303.25
421.15
421.15
439.54
716.18
716.18
799.80
799.80
799.80
125.54
125.54
125.54
125.54
125.54
263.71
263.71
355.87
355.87
355.87
355.87
458.15
458.15
494.57
452.75
452.75
452.75
434.25
434.25
150.87
200.97
39.81
287.32
287.32
187.16
187.16
187.16
187.16
187.16
103.25
103.25
103.25
459.54
459.54
182.20
572.75
572.75
553.78
243.90
243.90
721.06
721.06
10.00
10.00
10.00
10.00
146.61
23.31
620.66
620.66
420.85
420.85
541.67
541.67
517.74
517.74
267.37
267.37
267.37
163.87
163.87
163.87
102.50
102.50
102.50
38.40
38.40
74.75
74.75
74.75
74.75
446.19
446.19
446.19
154.61
154.61
277.01
277.01
277.01
332.42
332.42
332.42
199.94
544.95
632.46
632.46
632.46
46.24
784.08
784.08
832.67
33.73
33.73
237.09
237.09
442.16
442.16
19.27
19.27
218.00
218.00
218.00
218.00
486.28
67.27
67.27
67.27
67.27
16.93
16.93
520.47
520.47
520.47
385.75
99.49
692.56
692.56
692.56
386.18
668.26
668.26
338.41
338.41
338.41
338.41
362.94
362.94
184.35
232.04
232.04
232.04
93.24
93.24
121.64
162.17
162.17
354.67
354.67
354.67
129.57
435.87
435.87
455.45
455.45
455.45
455.45
273.21
273.21
361.04
361.04
361.04
191.12
379.73
152.50
152.50
255.72
255.72
255.72
255.72
97.04
292.79
154.16
428.11
428.11
353.90
353.90
353.90
477.08
331.83
331.83
349.85
349.85
582.53
582.53
521.81
521.81
482.45
482.45
515.03
542.73
542.73
542.73
542.73
175.53
175.53
90.34
90.34
329.47
34.10
34.10
87.41
87.41
622.66
10.00
10.00
10.00
370.98
370.98
640.05
761.33
761.33
761.33
763.80
763.80
581.08
581.08
479.35
479.35
479.35
296.60
296.60
296.60
651.09
651.09
10.00
10.00
459.15
530.28
530.28
711.10
711.10
145.13
145.13
338.39
338.39
338.39
524.19
869.22
869.22
869.22
50.50
50.50
488.46
488.46
486.32
486.32
486.32
571.17
571.17
571.17
593.80
593.80
553.59
189.77
189.77
189.77
101.19
101.19
632.09
632.09
91.40
322.49
322.49
322.49
17.35
642.73
642.73
642.73
47.91
655.21
655.21
20.60
136.92
979.98
979.98
979.98
124.93
810.79
810.79
810.79
203.45
203.45
203.45
203.45
604.30
604.30
604.30
778.05
926.52
926.52
926.52
628.69
586.80
586.80
586.80
592.87
596.18
596.18
803.84
803.84
803.84
803.84
803.84
601.09
601.09
615.02
531.22
615.01
615.01
615.01
848.52
525.78
525.78
525.78
623.11
623.11
462.80
462.80
462.80
621.36
621.36
350.32
350.32
321.40
321.40
609.20
481.06
514.19
514.19
609.67
609.67
481.02
585.93
457.59
457.59
664.91
664.91
764.31
764.31
1063.79
1063.79
563.06
563.06
706.01
706.01
779.75
779.75
10.00
10.00
555.25
555.25
813.64
813.64
813.64
65.72
65.72
202.75
89.32
89.32
470.86
470.86
61.84
61.84
356.90
356.90
417.53
417.53
417.53
417.53
417.53
377.78
337.94
337.94
337.94
337.94
509.45
509.45
509.45
524.10
524.10
475.17
475.17
624.81
624.81
633.98
510.35
510.35
510.35
510.35
510.35
510.35
510.35
510.35
283.20
283.20
283.20
370.21
370.21
386.36
386.36
409.77
409.77
584.43
584.43
584.43
10.00
579.18
579.18
242.52
242.52
493.80
493.80
96.93
96.93
151.18
151.18
151.18
439.76
410.62
410.62
489.06
370.11
735.08
735.08
792.12
792.12
548.96
548.96
548.96
534.77
534.77
534.77
365.23
365.23
365.23
786.15
786.15
466.33
466.33
493.28
493.28
493.28
493.28
226.18
226.18
675.40
675.40
649.08
649.08
649.08
347.12
347.12
347.12
577.69
577.69
421.28
421.28
253.26
660.45
660.45
232.94
232.94
232.94
21.07
21.07
494.09
561.60
561.60
578.48
277.80
277.80
277.80
36.80
36.80
36.80
81.05
81.05
52.90
52.90
55.96
120.94
769.36
769.36
413.74
413.74
334.30
334.30
334.30
512.28
512.28
657.87
657.87
802.56
802.56
833.41
833.41
615.57
615.57
826.89
826.89
10.00
10.00
1086.70
1086.70
673.27
673.27
673.27
533.46
568.14
75.33
357.24
357.24
357.24
532.38
532.38
532.38
541.05
527.26
527.26
769.48
769.48
794.94
794.94
794.94
137.65
137.65
484.00
484.00
499.64
362.77
362.77
413.59
18.97
321.26
321.26
25.01
25.01
24.93
24.93
24.93
181.49
181.49
181.49
10.00
10.00
10.00
10.00
10.00
10.00
495.51
495.51
495.51
188.65
188.65
520.38
520.38
803.42
803.42
276.25
276.25
285.39
662.14
662.14
191.47
191.47
35.18
806.66
1078.39
1078.39
162.18
162.18
495.60
495.60
336.93
336.93
336.93
336.93
336.93
706.00
706.00
706.00
706.00
35.62
35.62
306.96
350.84
350.84
499.15
499.15
365.90
365.90
295.04
295.04
330.70
330.70
401.60
341.47
341.47
641.32
48.11
776.09
669.61
669.61
709.23
709.23
565.62
565.62
383.20
383.20
501.65
542.41
542.41
684.58
684.58
294.07
294.07
416.53
416.53
394.75
394.75
469.94
469.94
359.15
359.15
252.78
252.78
252.78
313.21
313.21
313.21
313.21
175.25
175.25
175.25
195.71
195.71
220.81
220.81
241.98
265.67
265.67
228.01
432.25
432.25
432.25
259.14
446.86
446.86
499.56
413.84
413.84
10.00
10.00
10.00
254.51
183.64
183.64
10.00
10.00
316.46
316.46
316.46
274.71
274.71
149.50
149.50
169.20
169.20
597.14
597.14
267.34
26.41
26.41
117.03
117.03
188.88
188.88
188.88
253.22
253.22
112.53
388.58
388.58
388.58
417.74
417.74
505.62
505.62
505.62
505.62
244.61
244.61
368.53
368.53
417.12
569.53
569.53
712.08
590.42
590.42
590.42
324.16
478.75
478.75
172.86
172.86
549.38
549.38
329.53
329.53
532.53
634.70
634.70
509.69
509.69
324.79
324.79
324.79
229.16
229.16
229.16
364.61
364.61
364.61
176.43
176.43
176.43
778.02
285.75
285.75
899.54
899.54
899.54
262.49
262.49
87.85
87.85
21.82
17.36
17.36
33.59
603.39
20.25
20.25
20.25
20.25
338.25
338.25
503.03
503.03
329.99
301.87
301.87
301.87
301.87
301.87
301.87
301.87
539.94
539.94
539.94
20.68
20.68
172.30
172.30
405.91
127.32
673.81
743.10
743.10
743.10
568.92
35.15
350.07
533.78
140.85
140.85
140.85
140.85
305.73
305.73
305.73
262.92
262.92
262.92
463.07
463.07
463.07
463.07
411.60
411.60
427.48
1229.25
1229.25
507.63
507.63
507.63
507.63
597.62
537.91
537.91
411.87
411.87
1154.86
1154.86
175.95
175.95
547.47
547.47
547.47
526.73
526.73
526.73
279.58
279.58
683.38
1117.25
1117.25
1117.25
1117.25
565.40
565.40
167.22
167.22
604.69
604.69
559.39
526.58
526.58
417.11
417.11
417.11
417.11
10.00
10.00
457.45
1003.25
1003.25
1003.25
417.37
337.30
337.30
568.01
548.43
548.43
548.43
236.57
236.57
10.00
71.41
696.28
696.28
696.28
48.18
48.18
48.18
497.12
497.12
276.44
581.33
482.99
482.99
648.50
522.05
640.12
640.12
10.00
10.00
768.60
768.60
628.96
628.96
989.51
989.51
1205.55
1205.55
1205.55
1205.55
1363.99
1363.99
1268.91
1268.91
984.28
984.28
984.28
984.28
281.31
281.31
281.31
281.31
504.32
504.32
504.32
504.32
504.32
504.32
769.16
688.66
688.66
598.92
1148.77
1148.77
1148.77
367.38
542.21
542.21
387.02
510.61
510.61
510.61
510.61
510.61
510.61
510.61
68.31
68.31
10.00
10.00
225.95
657.89
10.00
10.00
10.00
10.00
884.93
852.66
852.66
777.57
777.57
777.57
232.21
232.21
295.99
295.99
280.60
280.60
280.60
512.96
512.96
408.93
180.38
180.38
260.98
260.98
508.60
508.60
1442.59
1442.59
136.55
623.60
623.60
623.60
355.36
355.36
355.36
410.88
410.88
410.88
423.55
423.55
423.55
1037.82
1037.82
1030.05
1030.05
1030.05
10.00
489.73
11.66
11.66
306.82
306.82
306.82
306.82
345.27
345.27
511.84
511.84
511.84
19.85
983.91
960.08
968.89
968.89
200.10
200.10
20.21
668.44
946.77
10.85
10.85
10.85
171.86
171.86
171.86
171.86
171.86
430.44
789.75
789.75
789.75
789.75
456.32
564.35
564.35
564.35
11.19
11.19
11.19
267.77
267.77
380.72
380.72
380.72
380.72
380.72
380.72
19.34
19.34
19.34
235.81
235.81
10.00
478.74
523.34
627.21
672.83
672.83
158.12
655.93
655.93
655.93
655.93
16.63
16.63
16.63
16.63
16.63
10.00
10.00
10.00
10.00
485.20
612.91
612.91
400.24
400.24
440.34
1039.13
1039.13
571.89
861.90
288.67
1086.25
117.33
1127.01
1102.07
1102.07
1338.22
1338.22
1159.65
1159.65
884.72
884.72
305.52
305.52
323.41
323.41
168.07
168.07
630.63
630.63
634.16
634.16
13.67
13.67
23.36
23.36
257.56
257.56
376.01
376.01
168.71
168.71
367.89
367.89
367.89
301.05
301.05
208.66
208.66
208.66
394.25
394.25
394.25
394.25
167.88
167.88
167.88
478.45
478.45
398.30
398.30
1075.08
1075.08
1075.08
230.45
329.49
329.49
329.49
158.32
158.32
158.32
470.18
981.79
981.79
18.45
18.45
435.34
435.34
435.34
11.57
11.57
667.40
667.40
56.03
56.03
56.03
16.49
16.49
16.49
601.22
601.22
515.68
617.34
617.34
752.03
160.93
10.00
10.00
190.36
190.36
301.86
301.86
301.86
63.92
63.92
63.92
63.92
236.33
236.33
595.65
595.65
510.94
510.94
10.00
917.32
1117.61
1117.61
14.20
76.69
76.69
76.69
76.69
76.69
10.00
127.23
127.23
504.96
504.96
310.69
310.69
882.11
882.11
515.75
636.23
636.23
636.23
516.97
674.44
674.44
674.44
34.61
34.61
34.61
20.16
20.16
622.81
622.81
568.09
568.09
568.09
69.01
69.01
69.01
21.98
52.73
98.70
98.70
229.83
229.83
61.44
61.44
61.44
351.38
351.38
351.38
13.74
13.74
103.32
278.06
278.06
377.77
377.77
450.58
450.58
596.33
596.33
83.94
543.18
543.18
75.22
1082.00
1082.00
547.72
547.72
547.72
550.83
550.83
249.84
249.84
249.84
169.99
169.99
296.57
296.57
29.11
29.11
48.71
48.71
48.71
96.75
96.75
13.60
13.60
36.75
36.75
36.75
438.45
10.00
383.65
462.99
538.16
538.16
538.16
538.16
14.98
14.98
26.32
26.32
17.26
17.26
17.26
17.26
24.68
24.68
97.76
97.76
100.33
100.33
161.72
161.72
208.51
39.90
147.10
269.22
269.22
209.72
341.09
341.09
425.64
425.64
305.58
305.58
305.58
284.20
210.10
210.10
219.59
219.59
219.59
224.81
430.31
430.31
26.00
26.00
286.78
286.78
286.78
30.18
256.37
256.37
256.37
488.50
488.50
272.66
272.66
272.66
254.03
254.03
254.03
275.99
275.99
275.99
40.01
40.01
300.41
300.41
228.08
228.08
363.56
363.56
363.56
111.36
357.86
357.86
234.84
335.98
236.46
236.46
236.46
223.13
232.09
232.09
235.01
33.48
33.48
33.48
267.49
432.42
432.42
432.42
295.53
316.34
316.34
316.34
289.96
610.11
494.49
494.49
462.30
462.30
397.02
22.69
22.69
569.26
569.26
569.26
569.26
293.69
293.69
293.69
776.02
776.02
776.02
467.46
866.73
866.73
376.75
376.75
376.75
35.05
266.18
266.18
29.34
29.34
127.08
127.08
127.08
410.31
410.31
392.79
392.79
625.27
625.27
625.27
625.27
625.27
71.96
71.96
76.05
76.05
180.09
180.09
126.62
126.62
360.39
242.35
242.35
495.88
125.81
125.81
125.81
62.96
204.12
204.12
10.43
10.43
252.80
252.80
252.80
10.00
10.00
40.77
40.77
17.68
154.60
89.78
89.78
310.21
334.69
334.69
57.28
57.28
81.78
81.78
81.78
10.00
369.13
369.13
369.13
274.25
274.25
532.24
308.35
308.35
378.18
378.18
18.06
18.06
203.71
203.71
50.68
50.68
75.04
75.04
272.42
272.42
473.59
473.59
486.39
486.39
304.29
304.29
692.23
692.23
692.23
692.23
10.86
10.86
490.68
490.68
490.68
50.24
50.24
10.00
56.49
56.49
50.70
50.70
50.70
212.21
212.21
48.90
904.61
966.93
966.93
244.19
244.19
244.19
178.60
178.60
178.60
11.04
11.04
11.04
11.04
11.04
190.18
190.18
13.51
305.59
305.59
92.12
224.60
427.04
427.04
350.61
350.61
45.82
745.12
10.00
573.04
15.58
15.58
719.48
719.48
719.48
640.82
640.82
640.82
683.24
62.09
62.09
314.56
314.56
314.56
314.56
314.56
546.54
546.54
400.13
400.13
397.30
397.30
644.53
644.53
215.92
37.49
37.49
10.00
10.00
10.00
65.52
65.52
10.00
10.00
435.70
435.70
189.31
189.31
189.31
205.62
707.84
39.52
708.22
708.22
708.22
88.97
88.97
54.78
54.78
79.68
79.68
79.68
327.41
327.41
452.62
262.85
262.85
262.85
262.85
10.00
10.00
10.00
185.76
185.76
527.93
527.93
604.45
604.45
288.33
641.94
539.55
671.89
671.89
652.86
652.86
145.02
711.57
711.57
711.57
211.83
211.83
211.83
79.03
79.03
20.41
20.41
669.16
105.44
105.44
49.37
49.37
36.83
36.83
583.41
583.41
535.48
535.48
535.48
535.48
376.80
376.80
61.61
61.61
773.37
117.52
1022.21
965.38
429.58
429.58
429.58
589.24
589.24
589.24
600.35
600.35
305.20
705.64
705.64
1161.53
1161.53
1161.53
579.85
579.85
557.79
557.79
557.79
557.79
634.41
755.28
755.28
696.71
696.71
607.32
607.32
607.32
336.62
336.62
336.62
585.23
585.23
964.99
964.99
964.99
540.13
540.13
540.13
529.27
529.27
352.59
352.59
682.59
682.59
911.73
138.09
138.09
141.88
141.88
308.65
443.11
598.64
598.64
206.25
206.25
547.79
547.79
427.06
384.06
384.06
663.89
680.19
731.37
1057.57
1057.57
1057.57
116.97
116.97
618.39
618.39
586.45
586.45
586.45
586.45
879.73
837.98
674.32
674.32
641.90
641.90
641.90
641.90
641.90
469.41
469.41
469.41
469.41
469.41
625.40
625.40
408.04
408.04
601.52
601.52
618.05
618.05
618.05
584.85
584.85
578.54
398.60
398.60
398.60
604.54
604.54
876.75
791.30
791.30
791.30
412.18
414.73
400.00
400.00
400.00
623.27
623.27
935.91
935.91
548.91
548.91
1037.20
1037.20
555.93
555.93
33.32
33.32
963.15
963.15
33.59
33.59
213.84
213.84
637.03
637.03
10.00
10.00
83.64
83.64
91.57
91.57
104.50
104.50
1321.76
1321.76
833.81
833.81
750.92
750.92
182.61
182.61
163.50
163.50
434.51
434.51
267.42
267.42
267.42
267.42
380.33
380.33
380.33
380.33
24.22
24.22
24.22
483.00
483.00
964.00
964.00
600.17
600.17
600.17
244.10
244.10
230.12
230.12
323.78
323.78
140.99
140.99
384.62
384.62
449.76
449.76
449.76
586.77
586.77
516.48
516.48
534.69
387.16
387.16
387.16
952.17
952.17
552.39
552.39
552.39
552.39
522.39
522.39
544.04
544.04
722.35
544.71
544.71
266.29
266.29
266.29
83.62
83.62
23.99
23.99
400.65
400.65
234.96
234.96
391.09
391.09
391.09
367.25
435.73
435.73
605.49
605.49
751.60
751.60
303.02
303.02
488.29
108.51
108.51
108.51
106.98
106.98
458.13
403.29
403.29
447.10
447.10
447.10
447.10
123.92
123.92
34.17
346.97
10.00
10.00
315.55
95.56
360.63
459.12
465.44
465.44
465.44
420.87
420.87
319.70
431.83
431.83
539.83
539.83
539.83
649.24
649.24
304.39
304.39
304.39
453.32
439.92
439.92
518.51
518.51
668.30
668.30
550.45
550.45
483.19
483.19
483.19
539.02
539.02
411.55
411.55
319.08
319.08
712.35
712.35
712.35
493.68
493.68
493.68
441.88
441.88
513.93
513.93
513.93
458.30
458.30
10.00
10.00
604.10
604.10
631.83
936.36
696.50
891.55
891.55
712.15
712.15
33.39
33.39
19.36
19.36
751.71
847.85
534.79
534.79
481.17
481.17
337.71
337.71
337.71
337.71
365.34
365.34
365.34
365.34
300.41
300.41
367.89
367.89
626.30
626.30
626.30
556.03
556.03
199.64
621.11
621.11
438.12
438.12
53.80
53.80
481.36
528.20
429.58
429.58
375.59
375.59
375.59
90.88
90.88
529.80
529.80
522.06
522.06
522.06
153.65
787.39
787.39
659.08
545.04
545.04
34.99
34.99
34.99
44.35
794.78
794.78
680.27
680.27
38.92
38.92
158.26
158.26
20.43
20.43
334.76
334.76
334.76
600.35
600.35
600.35
600.35
600.35
600.35
82.64
82.64
82.64
94.76
94.76
94.76
19.62
19.62
19.62
19.62
19.62
29.62
29.62
192.07
392.49
392.49
392.49
462.17
408.39
408.39
408.39
353.49
552.64
552.64
552.64
519.72
29.74
29.74
29.74
411.91
374.57
374.57
374.57
21.60
21.60
215.74
272.33
272.33
272.91
272.91
272.91
111.75
111.75
14.46
14.46
10.00
27.77
27.77
68.40
68.40
10.00
109.02
109.02
109.02
221.60
221.60
221.60
191.41
191.41
191.41
198.56
198.56
175.23
197.92
197.92
191.53
171.58
171.58
201.95
201.95
305.37
388.77
388.77
471.49
471.49
471.49
309.95
309.95
299.03
392.85
358.00
358.00
330.23
330.23
159.21
159.21
159.21
159.21
159.21
159.21
32.76
32.76
32.76
32.76
253.56
253.56
253.56
11.05
11.05
11.05
11.05
110.93
161.65
86.58
86.58
14.23
151.90
177.87
82.44
171.11
127.43
127.43
146.92
146.92
146.92
146.92
30.21
30.21
30.21
55.88
55.88
55.88
55.88
164.41
25.57
25.57
69.50
69.50
59.44
59.44
12.82
94.57
106.04
106.04
176.16
183.31
183.31
18.50
18.50
18.50
54.42
54.42
36.46
36.46
36.46
126.93
126.93
31.16
130.16
142.10
107.64
107.64
186.61
186.61
51.40
51.40
51.40
46.50
215.07
215.07
215.07
106.40
106.40
106.40
106.40
106.40
10.00
10.00
102.50
178.27
178.27
135.97
136.01
72.37
72.37
133.64
131.47
147.99
147.99
177.09
177.09
177.09
177.09
163.02
163.02
163.02
201.11
201.11
201.11
149.77
149.77
149.77
57.51
57.51
57.51
57.51
66.38
160.24
160.04
160.04
65.64
65.64
248.72
248.72
10.00
10.00
122.97
122.97
122.97
122.97
104.91
21.36
21.36
299.53
299.53
107.89
107.89
393.47
393.47
393.47
78.77
78.77
181.76
181.76
181.76
161.16
161.16
161.16
38.89
151.59
151.59
223.58
14.84
14.84
14.84
14.84
10.00
10.00
10.00
168.30
172.05
133.65
133.65
32.45
107.22
107.22
107.22
93.93
93.93
103.13
132.49
192.54
192.54
262.05
408.19
408.19
344.88
344.88
55.93
55.93
74.04
74.04
333.13
78.40
78.40
78.40
307.39
307.39
213.25
164.83
164.83
164.83
316.87
316.87
465.77
465.77
135.62
135.62
135.62
135.62
10.00
10.00
271.90
271.90
271.90
158.99
158.99
158.99
93.71
93.71
231.98
325.49
251.67
251.67
90.31
90.31
90.31
298.19
298.19
298.19
298.19
184.29
184.29
338.89
309.46
309.46
309.46
310.98
412.09
412.09
412.09
51.51
51.51
51.51
277.35
277.35
278.31
278.31
144.81
144.81
10.00
10.00
396.46
70.67
70.67
332.29
332.29
245.27
245.27
216.80
339.59
339.59
283.72
283.72
10.00
10.00
278.97
278.97
117.65
417.38
417.38
413.50
413.50
341.34
341.34
487.96
487.96
544.50
544.50
544.50
72.44
72.44
324.09
438.78
438.78
438.78
438.78
36.74
440.15
440.15
440.15
276.20
276.20
291.48
291.48
324.25
324.25
131.90
131.90
131.90
216.30
216.30
216.30
216.30
11.67
202.88
128.57
128.57
10.00
10.00
10.00
11.11
23.15
126.79
126.79
68.97
68.97
34.19
34.19
141.64
163.72
236.89
368.08
368.08
10.51
10.51
10.51
46.34
10.00
10.00
10.00
413.27
413.27
413.27
335.92
335.92
335.92
201.85
201.85
201.85
201.85
169.82
294.54
371.89
334.15
334.15
798.87
798.87
10.42
10.42
10.42
28.96
582.42
582.42
819.24
819.24
819.24
819.24
11.43
11.43
310.63
310.63
310.63
310.63
66.97
66.97
16.45
398.02
398.02
427.63
427.63
427.63
469.09
469.09
181.07
181.07
289.17
289.17
641.57
641.57
91.91
589.17
589.17
475.03
475.03
69.51
235.18
235.18
383.42
383.42
383.42
383.42
73.04
73.04
73.04
352.98
352.98
220.23
373.33
373.33
476.05
248.67
248.67
248.67
248.67
248.67
248.67
15.53
15.53
46.03
46.03
159.85
189.45
189.45
169.89
169.89
184.10
190.32
190.32
145.67
145.67
118.20
10.00
10.00
10.00
187.60
171.03
192.12
192.12
10.00
10.00
12.37
12.37
81.19
81.19
216.18
216.18
216.18
285.98
285.98
285.98
11.98
11.98
11.98
60.08
73.38
129.69
129.69
129.69
129.69
103.49
103.49
89.67
191.68
231.59
310.17
310.17
282.32
259.86
185.63
185.63
246.14
246.14
246.14
246.14
247.11
247.11
247.11
152.01
152.01
152.01
70.15
70.15
70.15
62.84
260.27
260.27
289.54
289.54
289.54
17.03
17.03
116.31
198.67
198.67
118.85
118.85
118.85
118.85
118.85
80.92
254.90
254.90
233.51
168.74
168.74
168.74
168.74
128.27
128.27
128.27
18.39
10.00
10.00
26.87
26.87
10.00
514.74
514.74
367.53
29.73
29.73
29.73
324.51
10.00
10.00
10.00
10.00
53.75
53.75
53.75
16.80
16.80
319.35
319.35
165.83
165.83
51.68
51.68
51.68
225.98
225.98
225.98
129.33
225.18
225.18
10.00
10.00
160.71
182.74
182.74
182.74
182.74
210.92
210.92
209.59
209.59
148.96
547.86
547.86
289.85
289.85
169.15
169.15
250.50
250.50
285.22
406.65
406.65
406.65
31.59
31.59
172.29
98.46
98.46
98.46
121.03
121.03
292.24
10.36
307.97
307.97
307.97
307.97
32.28
32.28
28.17
28.17
28.17
437.79
456.09
456.09
486.85
452.44
452.44
132.85
132.85
132.85
205.71
314.61
314.61
473.23
587.12
587.12
535.63
701.08
215.25
215.25
381.60
381.60
381.60
381.60
19.88
19.88
19.88
19.88
59.93
59.93
59.93
59.93
38.82
653.36
561.02
561.02
561.02
94.18
94.18
94.18
171.19
171.19
375.74
375.74
375.74
63.36
63.36
32.80
32.80
32.80
10.00
10.00
302.24
380.80
267.54
267.54
475.62
475.62
475.62
252.78
14.44
393.44
393.44
393.44
846.27
272.38
624.26
624.26
624.26
39.31
39.31
75.00
75.00
54.19
54.19
54.19
54.19
54.19
54.19
54.19
156.04
156.04
57.99
57.99
57.99
568.88
882.33
354.33
354.33
633.02
633.02
633.02
54.48
54.48
54.48
54.48
54.64
54.64
54.64
177.49
410.22
410.22
337.38
360.15
360.15
10.72
10.72
38.18
38.18
10.00
10.00
10.00
136.42
136.42
132.71
276.47
276.47
10.00
265.36
10.97
391.02
391.02
391.02
10.00
10.00
287.71
287.71
27.99
27.99
323.56
274.20
274.20
401.37
401.37
401.37
37.52
37.52
37.52
24.78
24.78
121.86
388.20
388.20
548.04
527.24
527.24
519.84
519.84
519.84
439.19
439.19
439.19
300.35
300.35
300.35
11.69
19.03
29.33
29.33
227.71
325.79
325.79
325.79
494.46
494.46
245.87
245.87
245.87
65.96
69.93
422.80
422.80
422.80
387.52
387.52
505.89
505.89
554.77
554.77
554.77
554.77
564.93
564.93
564.93
824.66
1115.81
210.58
292.58
292.58
490.02
490.02
490.02
114.16
114.16
10.00
562.83
562.83
562.83
440.62
440.62
559.49
559.49
110.06
110.06
22.00
22.00
788.07
101.35
75.06
75.06
75.06
75.06
23.81
23.81
23.81
23.81
23.81
23.81
10.00
10.00
32.43
32.43
32.43
31.66
31.66
31.66
146.81
318.62
252.69
252.69
102.89
102.89
216.54
216.54
96.13
96.13
312.16
312.16
212.94
212.94
339.98
312.86
313.10
313.10
256.39
256.39
289.39
289.39
289.39
258.94
357.82
618.78
409.05
558.90
558.90
687.57
687.57
687.57
986.62
986.62
986.62
549.71
549.71
549.71
549.71
549.71
549.71
549.71
586.70
586.70
572.96
572.96
1098.79
1098.79
183.29
593.18
593.18
575.21
575.21
575.21
575.21
575.21
783.77
783.77
1053.98
515.43
515.43
515.43
12.80
12.80
511.71
511.71
511.71
511.71
473.54
473.54
571.62
571.62
458.41
803.14
803.14
626.30
626.30
626.30
80.73
80.73
170.88
170.88
170.88
170.88
355.48
484.65
838.04
838.04
359.51
359.51
693.20
415.18
711.69
711.69
542.29
542.29
542.29
440.13
440.13
440.13
440.13
157.97
157.97
524.64
494.79
550.54
552.79
552.79
189.74
189.74
909.54
909.54
909.54
30.37
30.37
30.37
351.18
480.90
480.90
480.90
337.14
337.14
337.14
526.57
526.57
559.76
540.51
540.51
540.51
499.02
499.02
499.02
48.91
48.91
48.91
48.91
14.96
14.96
14.96
384.98
622.29
622.29
622.29
29.81
29.81
16.00
16.00
31.53
31.53
31.53
120.70
120.70
199.56
329.97
329.97
329.97
91.44
91.44
49.12
49.12
307.89
307.89
379.81
379.81
52.63
52.63
159.45
159.45
159.45
51.83
51.83
129.90
129.90
10.00
10.00
10.00
66.36
66.36
40.66
438.38
438.38
438.38
11.56
537.86
537.86
537.86
537.86
537.86
537.86
10.00
10.00
10.00
25.83
25.83
358.08
358.08
293.50
293.50
437.27
437.27
82.33
15.91
435.88
514.21
514.21
380.96
238.18
609.52
609.52
609.52
609.52
283.98
283.98
283.98
283.98
190.55
190.55
190.55
401.45
401.45
63.09
451.68
694.83
694.83
196.98
196.98
564.22
564.22
869.88
206.86
206.86
625.43
625.43
901.48
901.48
487.06
323.57
323.57
307.49
307.49
307.49
195.01
195.01
195.01
570.32
570.32
570.32
240.41
240.41
413.34
413.34
259.80
259.80
591.83
591.83
147.75
147.75
432.60
432.60
432.60
432.60
532.95
532.95
532.95
532.95
452.08
563.18
563.18
563.18
492.18
492.18
492.18
448.73
448.73
605.67
619.25
619.25
619.25
502.61
502.61
479.68
616.94
104.44
104.44
867.45
867.45
402.52
402.52
402.52
402.52
101.48
101.48
101.48
324.53
325.39
290.58
290.58
290.58
494.29
494.29
494.29
494.29
494.29
124.45
35.12
35.12
35.12
79.01
79.01
10.19
10.19
470.83
470.83
548.05
491.06
491.06
297.31
440.27
440.27
456.17
377.21
377.21
11.86
375.10
20.25
20.25
20.25
22.77
22.77
22.77
55.27
55.27
55.27
55.27
10.00
10.00
236.33
236.33
377.73
150.87
150.87
150.87
150.87
377.39
377.39
308.23
308.23
57.63
57.63
591.94
207.85
207.85
207.85
537.95
537.95
537.95
172.87
172.87
178.14
178.14
521.25
565.13
565.13
401.78
401.78
401.78
10.00
10.00
383.00
383.00
178.99
604.00
604.00
477.63
477.63
477.63
571.70
228.02
507.72
654.10
556.64
556.64
556.64
279.09
126.28
126.28
424.74
424.74
904.96
904.96
904.96
463.01
595.97
595.97
595.97
595.97
595.97
22.91
22.91
517.08
556.29
556.29
556.29
375.86
375.86
375.86
375.86
194.02
148.10
411.18
411.18
496.15
496.15
571.60
373.09
373.09
349.91
349.91
678.78
512.26
512.26
512.26
512.62
512.62
79.94
827.25
354.67
354.67
354.67
23.07
45.53
45.53
318.75
318.75
616.54
616.54
657.14
657.14
504.46
504.46
335.41
335.41
628.10
628.10
555.25
555.25
555.25
400.66
107.99
107.99
417.06
417.06
479.35
634.64
632.30
632.30
885.83
885.83
885.83
17.33
17.33
17.33
467.26
467.26
319.41
319.41
319.41
192.98
192.98
234.67
469.93
469.93
126.24
126.24
126.24
88.19
88.19
88.19
88.19
88.19
10.00
10.00
21.76
405.58
405.58
48.73
48.73
631.12
631.12
594.83
515.24
713.60
489.56
489.56
489.56
10.00
10.00
10.00
10.00
45.36
45.36
45.36
466.95
101.41
404.26
404.26
404.26
466.39
466.39
466.39
286.08
286.08
413.50
582.24
745.75
855.18
757.56
671.27
671.27
47.78
47.78
952.70
952.70
952.70
952.70
301.02
301.02
339.00
339.00
136.85
136.85
441.35
441.35
441.35
441.35
240.89
240.89
240.89
387.80
387.80
387.80
387.80
210.53
475.66
475.66
475.66
23.26
23.26
23.26
102.14
102.14
371.83
371.83
276.42
276.42
276.42
276.42
23.17
23.17
23.17
138.02
138.02
138.02
67.25
67.25
67.25
32.66
32.66
32.66
57.70
57.70
57.70
331.06
331.06
331.06
220.85
91.79
91.79
91.79
102.77
102.77
202.81
202.81
382.49
10.00
313.47
565.92
565.92
540.07
800.09
776.35
776.35
266.10
417.31
417.31
417.31
522.20
522.20
522.20
613.09
613.09
613.09
11.29
11.29
22.96
22.96
22.96
104.71
104.71
104.71
526.66
526.66
58.38
58.38
58.38
58.38
58.38
58.38
41.56
41.56
41.56
41.56
41.56
41.56
10.00
26.93
121.69
121.69
121.69
155.46
131.46
187.48
187.48
10.00
10.00
10.00
128.56
108.13
108.13
157.88
153.12
153.12
153.12
95.76
123.41
123.41
122.48
132.74
132.74
125.21
125.21
123.95
123.95
19.29
19.29
10.00
164.61
164.61
164.61
10.00
10.00
109.65
109.65
156.46
156.46
173.13
253.29
253.29
430.63
191.95
195.38
195.38
359.55
359.55
359.55
206.16
206.16
206.16
530.02
530.02
477.65
437.60
437.60
437.60
438.04
438.04
30.73
1073.07
1073.07
1073.07
20.50
20.50
10.00
374.09
374.09
441.99
441.99
687.85
687.85
687.85
687.85
549.71
549.71
549.71
605.11
605.11
605.11
392.38
392.38
374.63
509.89
509.89
809.09
681.69
681.69
120.16
120.16
292.49
292.49
185.67
185.67
185.67
640.34
640.34
78.56
78.56
397.64
741.33
672.59
672.59
672.59
672.59
672.59
672.59
10.00
10.00
629.23
629.23
594.39
594.39
637.00
591.11
195.33
195.33
195.33
195.33
195.33
488.58
488.58
488.58
252.80
252.80
728.33
728.33
1101.13
881.87
881.87
881.87
881.87
16.30
24.85
24.85
417.94
417.94
19.55
16.46
16.46
16.46
16.46
20.58
20.58
451.99
451.99
499.34
747.74
10.00
736.04
736.04
212.57
10.00
10.00
10.00
10.00
10.00
48.04
48.04
48.04
48.04
295.42
390.20
354.40
286.47
286.47
286.47
367.51
367.51
211.66
544.99
544.99
543.86
693.86
693.86
623.68
623.68
623.68
623.68
623.68
342.96
464.12
464.12
333.86
333.86
333.86
333.86
430.46
430.46
402.59
402.59
652.21
653.84
653.84
508.66
619.79
619.79
666.04
713.28
713.28
1090.60
858.72
488.14
488.14
647.32
21.85
560.12
705.58
705.58
1189.87
1189.87
564.54
564.54
602.33
602.33
644.92
644.92
769.52
769.52
230.14
230.14
391.77
391.77
225.95
225.95
150.84
150.84
150.84
150.84
178.09
178.09
178.09
105.19
105.19
105.19
105.19
300.17
300.17
10.00
10.00
10.00
10.00
10.00
258.60
258.60
304.25
304.25
325.71
325.71
426.44
426.44
318.50
315.81
315.81
315.81
106.50
449.92
449.92
449.92
449.92
98.25
98.25
187.55
402.42
421.19
563.33
433.76
433.76
35.77
35.77
35.77
35.77
41.24
41.24
41.24
197.24
46.34
12.63
12.63
259.36
259.36
367.74
464.33
782.99
782.99
509.56
509.56
268.71
727.34
727.34
727.34
727.34
727.34
25.07
25.07
557.13
557.22
557.22
557.22
557.22
70.01
70.01
70.01
70.01
70.01
257.73
257.73
257.73
257.73
257.73
257.73
10.00
10.00
15.06
16.15
226.82
388.32
388.32
348.53
348.53
10.00
180.75
180.75
28.91
28.91
100.73
100.73
28.62
15.47
15.47
15.47
105.91
252.97
252.97
300.61
300.61
351.51
395.43
395.43
280.86
280.86
280.86
412.67
412.67
18.14
34.71
34.71
36.82
36.82
36.82
334.44
334.44
334.44
10.00
10.00
10.00
268.99
268.99
268.99
18.39
18.39
222.52
222.52
222.52
60.43
60.43
60.43
16.22
16.22
840.84
840.84
675.62
675.62
460.06
460.06
458.59
757.95
757.95
584.65
244.49
244.49
244.49
525.83
790.63
790.63
570.85
570.85
570.85
57.10
57.10
57.10
502.24
502.24
417.27
417.27
417.27
417.27
318.65
398.67
398.67
287.26
287.26
323.17
323.17
323.17
299.40
223.51
223.51
512.18
512.18
252.82
568.75
568.75
474.19
474.19
474.19
501.23
730.77
811.93
464.29
464.29
502.01
502.01
502.01
502.01
502.01
35.23
35.23
611.88
611.88
611.88
611.88
611.88
611.88
611.88
611.88
611.88
10.00
10.00
282.19
359.52
359.52
359.52
58.55
88.67
335.64
418.13
418.13
305.09
305.09
379.95
379.95
379.95
183.15
183.15
183.15
207.12
203.13
203.13
247.68
247.68
223.72
223.72
223.72
262.37
223.60
223.60
117.01
117.01
117.01
117.01
124.25
250.49
298.01
298.01
365.21
253.72
253.72
223.30
223.30
246.68
142.83
142.83
297.34
315.61
315.61
326.06
326.06
326.06
326.06
365.56
365.56
502.93
174.21
266.52
266.52
266.52
266.52
266.52
221.55
372.44
372.44
223.43
223.43
223.43
148.42
148.42
395.08
395.08
19.50
19.50
89.39
89.39
32.09
32.09
32.09
85.47
428.39
428.39
357.62
357.62
357.62
86.61
354.62
354.62
354.62
267.13
267.13
267.13
267.13
61.60
61.60
302.31
302.31
337.15
469.79
19.71
455.65
455.65
57.43
1019.81
1019.81
307.07
307.07
817.22
817.22
305.33
305.33
136.58
136.58
136.58
595.72
595.72
595.72
595.72
595.72
595.72
10.00
10.00
250.15
250.15
701.93
701.93
48.99
48.99
78.72
78.72
78.72
33.24
669.79
669.79
420.35
420.35
420.35
420.35
490.56
490.56
135.66
135.66
637.27
947.35
94.75
94.75
202.99
202.99
202.99
36.17
36.17
36.17
17.69
17.69
648.32
648.32
210.38
210.38
405.45
405.45
405.45
11.38
11.38
11.38
11.38
142.80
142.80
104.97
104.97
104.97
323.12
323.12
419.11
419.11
21.50
361.09
468.82
364.37
364.37
400.52
427.07
427.07
10.78
694.19
694.19
246.38
233.29
233.29
325.14
556.44
556.44
556.44
34.20
34.20
34.20
119.36
119.36
33.05
33.05
33.05
33.05
33.05
10.00
33.83
68.64
10.35
10.35
88.51
84.30
84.30
25.45
25.45
400.09
400.09
465.75
465.75
244.23
244.23
459.70
537.48
537.48
489.89
489.89
287.73
287.73
287.73
495.47
495.47
495.47
495.47
278.41
278.41
278.41
278.41
19.80
247.63
247.63
361.89
27.39
27.39
58.16
58.16
172.04
172.04
154.79
154.79
154.79
154.79
73.34
73.34
73.34
70.48
70.48
70.48
49.14
49.14
49.14
10.00
10.00
10.00
142.94
148.37
11.09
284.53
295.23
295.23
234.31
367.74
160.20
160.20
382.81
474.29
474.29
474.29
309.96
418.86
763.55
519.44
519.44
116.83
116.83
440.83
440.83
440.83
440.83
171.41
171.41
171.41
171.41
290.88
290.88
290.88
290.88
290.88
10.00
10.00
10.00
10.00
10.00
172.85
124.56
124.56
218.73
218.73
152.28
152.28
183.15
71.43
353.67
407.57
224.70
224.70
623.73
22.02
22.02
22.02
10.00
10.00
86.72
86.72
429.31
429.31
429.31
750.83
750.83
750.83
750.83
126.18
126.18
126.18
12.00
12.00
171.30
171.30
171.30
171.30
10.00
10.00
238.97
351.50
351.50
227.45
227.45
386.58
386.58
261.96
261.96
194.46
204.67
204.67
23.23
23.23
15.09
10.00
250.35
278.72
278.72
188.95
191.77
191.77
358.21
358.21
14.85
14.85
200.84
200.84
282.03
282.03
369.72
369.72
391.12
393.78
393.78
342.20
342.20
342.20
659.76
455.70
455.70
381.44
381.44
381.44
381.44
381.44
10.00
10.00
10.00
10.00
14.97
14.97
14.97
10.00
309.65
304.82
304.82
285.28
285.28
374.59
530.25
530.25
548.25
548.25
284.18
416.23
416.23
416.23
240.82
240.82
528.25
841.10
841.10
800.59
800.59
940.75
940.75
557.59
67.24
19.23
19.23
254.25
254.25
60.48
60.48
641.08
641.08
300.51
300.51
300.51
300.51
13.15
13.15
311.15
333.08
451.97
451.97
324.24
324.24
607.57
607.57
10.00
10.00
523.01
523.01
1061.92
1061.92
1016.78
1016.78
585.23
585.23
786.13
786.13
786.13
11.36
11.36
11.36
11.36
39.04
39.04
540.08
540.08
76.68
76.68
213.66
403.92
10.00
796.96
796.96
489.71
489.71
736.13
736.13
10.00
10.00
1118.72
1118.72
10.00
10.00
17.18
17.18
18.20
18.20
817.26
817.26
643.95
643.95
10.00
10.00
10.00
339.42
938.39
938.39
1077.53
1077.53
884.94
884.94
884.94
884.94
40.08
40.08
40.08
62.08
62.08
62.08
269.42
269.42
269.42
36.56
707.54
707.54
707.54
10.00
10.00
539.91
539.91
886.83
886.83
886.83
886.83
606.77
606.77
606.77
459.98
459.98
601.14
667.65
614.91
731.12
731.12
707.87
707.87
707.87
163.74
163.74
163.74
532.62
532.62
532.62
251.49
409.78
594.95
594.95
709.04
709.04
935.35
935.35
935.35
473.14
473.14
291.53
291.53
291.53
341.46
341.46
341.46
99.22
99.22
99.22
68.87
68.87
525.13
20.90
152.27
152.27
222.24
222.24
222.24
222.24
12.51
12.51
283.50
278.81
278.81
18.68
799.33
549.25
549.25
10.00
10.00
10.00
88.19
235.15
235.15
852.06
852.06
45.33
45.33
311.19
406.45
406.45
406.45
406.45
10.00
10.00
726.22
57.46
57.46
10.00
349.26
349.26
349.26
216.44
216.44
493.25
493.25
735.59
564.41
564.41
82.82
82.82
82.82
152.58
152.58
585.79
585.79
585.79
890.46
890.46
565.83
565.83
565.83
582.37
582.37
582.37
592.83
592.83
592.83
47.42
47.42
54.81
54.81
22.96
22.96
10.00
10.00
144.25
540.53
540.53
540.53
540.53
562.05
562.05
562.05
375.42
566.42
566.42
566.42
596.22
596.22
440.99
440.99
947.01
11.30
11.30
129.80
129.80
129.80
129.80
442.10
45.44
45.44
45.44
20.23
20.23
158.73
158.73
78.87
78.87
25.17
25.17
87.94
37.26
37.26
37.26
37.26
37.26
337.57
582.35
582.35
582.35
629.31
629.31
767.29
760.56
760.56
1075.64
206.83
206.83
609.76
609.76
229.19
229.19
520.69
520.69
10.00
42.74
83.02
74.70
74.70
74.70
74.70
74.70
74.70
74.70
21.15
152.73
152.73
85.99
85.99
294.62
294.62
294.62
499.69
499.69
576.77
180.73
167.50
167.50
167.50
72.14
72.14
72.14
72.14
10.00
36.44
36.44
455.44
611.41
611.41
658.98
31.84
31.84
26.57
26.57
11.01
11.01
125.01
125.01
125.01
515.70
515.70
39.96
39.96
270.22
270.22
270.22
327.83
327.83
327.83
525.16
525.16
50.39
1011.87
1163.21
16.81
16.81
134.53
134.53
559.19
559.19
359.16
359.16
359.16
299.46
299.46
37.89
37.89
37.89
25.93
25.93
10.00
83.41
411.88
411.88
1034.26
1034.26
1034.26
1034.26
1034.26
264.08
264.08
264.08
536.26
536.26
20.39
20.39
642.37
31.12
479.27
479.27
479.27
395.89
395.89
395.89
155.40
155.40
865.60
160.91
160.91
398.26
398.26
95.36
95.36
547.15
547.15
547.15
323.03
133.12
133.12
133.12
629.15
629.15
1205.43
1205.43
535.91
535.91
535.91
503.50
503.50
318.05
318.05
318.05
425.47
425.47
10.00
10.00
721.85
161.62
49.16
38.75
38.75
38.75
38.75
16.56
16.56
447.86
447.86
612.87
658.71
64.63
64.63
64.63
39.99
364.15
364.15
364.15
546.82
546.82
585.49
585.49
585.49
214.23
214.23
65.02
65.02
126.46
126.46
73.72
21.21
21.21
35.03
35.03
35.03
35.03
35.03
566.86
566.86
566.86
566.86
52.78
400.14
400.14
400.14
529.27
529.27
10.46
10.46
1096.33
385.88
385.88
385.88
452.97
452.97
452.97
172.27
172.27
172.27
428.46
428.46
10.00
590.57
590.57
332.90
83.39
83.39
406.42
794.40
794.40
315.71
315.71
121.01
121.01
121.01
34.51
34.51
34.28
34.28
34.28
523.84
637.20
637.20
1026.03
1026.03
81.01
390.42
390.42
390.42
48.30
537.42
537.42
442.95
442.95
442.95
17.91
594.91
594.91
848.30
55.43
1096.71
1096.71
149.19
149.19
149.19
562.86
562.86
562.86
539.29
539.29
566.88
566.88
877.82
26.03
336.16
552.80
552.80
552.80
253.83
253.83
253.83
253.83
253.83
253.83
637.70
637.70
637.70
524.66
524.66
607.01
607.01
391.76
763.79
763.79
447.97
447.97
103.29
103.29
103.29
311.25
311.25
311.25
24.76
24.76
17.59
26.03
26.03
96.49
96.49
39.09
170.75
170.75
137.18
109.63
109.63
109.63
477.67
195.87
820.46
820.46
820.46
119.41
119.41
347.70
347.70
347.70
347.70
62.13
62.13
62.13
23.53
23.53
23.53
279.70
279.70
47.46
47.46
45.32
45.32
738.92
738.92
18.39
597.66
10.00
10.00
10.00
371.00
371.00
371.00
316.92
316.92
29.55
29.55
29.55
173.63
173.63
173.63
184.15
184.15
257.65
93.38
93.38
10.00
803.72
803.72
53.13
1065.96
275.50
275.50
275.50
446.52
446.52
446.52
384.47
384.47
547.12
547.12
547.12
308.18
308.18
10.00
10.00
631.95
631.95
116.67
116.67
23.87
23.87
109.16
109.16
650.26
484.00
484.00
484.00
19.09
19.09
20.80
488.35
488.35
488.35
319.80
319.80
319.80
540.86
540.86
465.63
326.60
326.60
10.85
10.85
26.09
26.09
43.18
43.18
760.40
760.40
292.08
292.08
292.08
57.46
546.71
546.71
393.10
393.10
487.83
487.83
819.61
819.61
41.38
41.38
41.38
32.28
20.53
223.53
223.53
10.67
10.67
143.04
143.04
143.04
80.12
80.12
80.12
35.26
35.26
827.22
689.87
689.87
854.28
854.28
68.81
68.81
405.97
405.97
582.83
582.83
275.99
275.99
386.58
386.58
386.58
553.73
553.73
317.72
367.69
367.69
562.54
556.19
556.19
81.61
678.44
678.44
707.57
707.57
707.57
707.57
18.60
828.30
828.30
828.30
603.30
603.30
44.22
44.22
44.22
21.53
21.53
32.02
32.02
249.03
249.03
768.40
1038.27
273.56
273.56
152.97
152.97
223.61
223.61
19.27
19.27
19.27
562.93
562.93
353.02
353.02
353.02
486.44
517.37
517.37
533.77
533.77
533.77
152.58
506.33
907.88
782.75
885.79
174.99
174.99
174.99
408.23
408.23
891.38
891.38
304.12
304.12
304.12
304.12
304.12
304.12
765.98
765.98
765.98
351.37
386.72
410.18
410.18
487.23
487.23
542.86
542.86
179.36
179.36
1079.71
1079.71
1079.71
63.73
566.51
750.41
427.85
10.00
589.10
627.23
1172.03
1172.03
1169.31
1169.31
723.98
723.98
348.55
348.55
348.55
348.55
551.04
551.04
551.04
551.04
13.46
13.46
13.46
13.46
13.46
921.05
921.05
300.99
300.99
150.32
150.32
11.10
594.44
594.44
89.48
26.36
26.36
26.36
450.77
450.77
450.77
450.77
514.64
514.64
514.64
104.57
104.57
457.82
457.82
457.82
108.72
850.83
908.19
484.50
484.50
767.26
767.26
16.64
254.94
254.94
254.94
834.39
834.39
643.65
643.65
643.65
643.65
417.20
417.20
469.81
209.14
406.10
421.65
421.65
92.28
92.28
92.28
43.65
43.65
43.65
43.65
575.68
575.68
575.68
144.77
144.77
625.45
220.73
220.73
54.80
950.09
950.09
950.09
347.57
