# 1Hz Kbps trace generated by import_real_world_traces.py
2882.84
3981.72
3981.72
3807.21
3807.21
6428.10
6428.10
6268.74
6268.74
5860.46
5860.46
4314.91
4314.91
7057.71
7057.71
9853.39
9853.39
5420.43
5420.43
702.82
702.82
1788.74
1788.74
2071.58
2071.58
163.34
163.34
2332.87
2332.87
2332.87
5139.24
5139.24
4703.90
4703.90
6173.22
7965.77
7965.77
7965.77
4115.82
4115.82
5023.97
5023.97
5889.60
5889.60
76.61
76.61
6626.44
6626.44
6794.31
6794.31
9824.69
9824.69
6916.65
6916.65
3357.28
3357.28
3062.15
3062.15
776.46
6287.20
6287.20
6287.20
3562.45
3562.45
3892.83
3892.83
3515.38
3515.38
4731.02
4731.02
4454.42
4454.42
6664.80
6664.80
5411.97
5411.97
5397.86
5397.86
7696.41
7696.41
2485.60
2485.60
1818.39
4552.98
4552.98
4552.98
5279.39
5279.39
3706.45
3706.45
8729.38
8729.38
2220.09
2220.09
3839.90
3839.90
833.43
833.43
2671.65
2671.65
868.84
868.84
605.72
605.72
1909.09
1909.09
346.65
346.65
3341.82
3341.82
8390.03
8390.03
4291.44
4291.44
5322.30
5322.30
4278.60
4278.60
3458.45
3458.45
8354.23
8354.23
4205.23
4205.23
3744.66
3744.66
25.88
25.88
156.79
156.79
3433.92
3433.92
1509.44
1509.44
3816.67
3816.67
4761.84
4761.84
5477.12
5477.12
2473.89
2473.89
6500.77
6500.77
8437.17
8437.17
8352.87
8352.87
3042.32
3042.32
267.65
267.65
1090.16
1090.16
1823.15
1823.15
2644.21
2644.21
1316.27
1316.27
9340.78
9340.78
70.72
70.72
3721.61
3721.61
2743.29
2743.29
258.90
258.90
339.54
339.54
173.30
173.30
3113.49
3113.49
3487.13
3487.13
5236.79
5236.79
5996.11
5996.11
8987.49
8987.49
7265.30
7265.30
1316.44
1316.44
981.45
981.45
176.33
176.33
1650.60
1650.60
2663.23
2663.23
109.62
109.62
4377.14
4377.14
2905.90
2905.90
4503.32
4503.32
3569.76
3569.76
4806.85
4806.85
7248.12
7248.12
3773.77
3773.77
8167.63
8167.63
5577.55
5577.55
2498.28
2498.28
2024.95
2024.95
7933.32
7933.32
3133.37
3133.37
3126.99
3126.99
1804.57
1804.57
2923.05
2923.05
1699.60
1699.60
990.74
990.74
4960.61
4960.61
1993.53
1993.53
1205.37
1205.37
1054.05
1054.05
3516.39
3516.39
2127.27
2127.27
4439.48
4439.48
1304.68
1304.68
1645.12
1645.12
2236.02
2236.02
2287.52
2287.52
296.07
296.07
2848.94
2848.94
3689.47
3689.47
1230.25
1230.25
3694.20
3694.20
4556.46
4556.46
4650.63
4650.63
6305.36
6305.36
2993.65
2993.65
4396.54
4396.54
5813.25
5813.25
3932.46
3932.46
1610.92
1610.92
3266.07
3266.07
2216.02
2216.02
4345.22
4345.22
2438.69
2438.69
5946.71
5946.71
4927.90
4927.90
7310.77
7310.77
4338.36
4338.36
8054.16
8054.16
4612.62
4612.62
7926.20
7926.20
4554.74
4554.74
3952.14
3952.14
4323.05
4323.05
2079.82
2079.82
1252.77
1252.77
2874.31
2874.31
2627.95
2627.95
3021.47
3021.47
2980.06
2980.06
4068.09
4068.09
3544.15
3544.15
1154.16
1154.16
6200.45
6200.45
5351.47
5351.47
4230.11
4230.11
5687.57
5687.57
3873.88
3873.88
6045.12
6045.12
4186.20
4186.20
8497.20
8497.20
4213.85
4213.85
7674.33
7674.33
5376.78
5376.78
10421.21
10421.21
10421.21
10421.21
10421.21
10421.21
6307.44
6307.44
3894.22
3894.22
3163.78
3163.78
5265.72
5265.72
4720.55
4720.55
4444.18
4444.18
3734.63
3734.63
6719.06
6719.06
3156.93
3156.93
5151.94
5151.94
4079.20
4079.20
2218.47
2218.47
4547.11
4547.11
3223.22
3223.22
3674.80
3674.80
30.96
30.96
8844.79
8844.79
136.96
136.96
5489.93
5489.93
1601.58
1601.58
2621.69
2621.69
2726.57
2726.57
1693.41
1693.41
1996.65
1996.65
695.94
695.94
2634.68
2634.68
2382.02
2382.02
6992.03
6992.03
6794.07
6794.07
4597.33
4597.33
6887.90
6887.90
6615.59
6615.59
4916.65
4916.65
3844.21
3844.21
4857.23
4857.23
2568.70
2568.70
158.79
158.79
421.86
421.86
334.51
334.51
68.80
68.80
46.69
46.69
178.72
178.72
38.01
38.01
7216.39
7216.39
2840.25
2840.25
7712.99
7712.99
24.49
24.49
634.45
634.45
7633.97
7633.97
7942.35
7942.35
521.01
521.01
3695.37
3695.37
1571.18
1571.18
670.06
670.06
576.83
576.83
464.43
464.43
3139.61
3139.61
7903.57
7903.57
6344.43
6344.43
4869.86
4869.86
351.20
351.20
5597.30
5597.30
128.79
128.79
3092.79
3092.79
3034.98
3034.98
6184.64
6184.64
9104.11
9104.11
107.12
107.12
5925.02
5925.02
869.60
869.60
7015.78
7015.78
6270.98
6270.98
4607.28
4607.28
981.21
981.21
7329.08
7329.08
1505.07
1505.07
4328.27
4328.27
2107.20
2107.20
533.17
533.17
132.74
132.74
2478.12
2478.12
6716.09
6716.09
7269.64
7269.64
3639.63
3639.63
6115.98
6115.98
8017.35
8017.35
4710.71
4710.71
984.00
984.00
7900.88
7900.88
527.25
527.25
77.84
77.84
959.15
959.15
6426.16
6426.16
5917.29
5917.29
7120.37
7120.37
3248.90
3248.90
2101.26
2101.26
10.00
10.00
10.00
812.57
1494.47
1494.47
286.68
286.68
270.29
270.29
121.74
121.74
5881.69
5881.69
2745.02
2745.02
5725.87
5725.87
3419.61
3419.61
10.00
10.00
2556.55
2556.55
70.12
70.12
110.12
110.12
8327.55
8327.55
7581.38
7581.38
3712.53
3712.53
3480.48
3480.48
3376.07
3376.07
3280.55
3280.55
9224.80
9224.80
2863.47
2863.47
240.21
240.21
2312.53
2312.53
286.53
286.53
139.16
139.16
3839.34
3839.34
7238.47
7238.47
785.68
785.68
1028.08
1028.08
2809.29
2809.29
2751.62
2751.62
3218.11
3218.11
4776.65
4776.65
358.81
358.81
67.79
67.79
328.04
328.04
226.47
226.47
227.59
227.59
143.88
143.88
97.78
97.78
2108.94
2108.94
9139.41
9139.41
38.18
38.18
362.52
362.52
2626.82
2626.82
171.27
171.27
7219.98
7219.98
3320.68
3320.68
5548.98
5548.98
6893.46
6893.46
156.91
156.91
3924.04
3924.04
3370.34
3370.34
5184.94
5184.94
7133.35
7133.35
607.15
607.15
183.19
183.19
5465.34
5465.34
1408.39
1408.39
20.65
20.65
140.41
140.41
2997.70
2997.70
153.54
153.54
622.07
622.07
189.25
189.25
409.68
409.68
47.79
47.79
105.36
105.36
430.70
430.70
228.23
228.23
1370.98
1370.98
2635.12
2635.12
313.47
313.47
2865.51
2865.51
7233.57
7233.57
481.37
481.37
3418.83
3418.83
6925.07
6925.07
5441.67
5441.67
2170.58
2170.58
107.87
107.87
861.76
861.76
662.09
662.09
85.59
85.59
10.00
10.00
96.36
96.36
1256.16
1256.16
311.06
311.06
42.60
42.60
1072.49
1072.49
3564.44
3564.44
46.48
46.48
393.26
393.26
54.54
54.54
235.78
235.78
285.36
285.36
2014.57
2014.57
3567.78
3567.78
1084.70
1084.70
1222.73
1222.73
10.00
10.00
1274.24
1274.24
5490.17
5490.17
3115.22
3115.22
7206.58
7206.58
1795.56
1795.56
696.54
696.54
435.25
435.25
10.00
10.00
2059.09
2059.09
5839.11
5839.11
6907.99
6907.99
571.14
571.14
32.61
32.61
3119.20
3119.20
290.96
290.96
290.96
825.65
825.65
289.89
289.89
301.47
126.48
126.48
432.21
432.21
1632.54
1632.54
31.47
31.47
2460.44
2460.44
5093.22
5093.22
7581.15
7581.15
3617.00
3617.00
5414.08
5414.08
4811.28
4811.28
930.05
930.05
6920.06
6920.06
3299.80
3299.80
626.58
626.58
33.58
33.58
713.87
713.87
29.27
29.27
2623.62
2623.62
611.06
611.06
209.47
209.47
5863.87
5863.87
141.03
141.03
238.96
238.96
85.47
85.47
3403.06
3403.06
3921.64
3921.64
2993.45
2993.45
466.28
466.28
1388.66
1388.66
3640.62
3640.62
331.01
331.01
2726.63
2726.63
24.09
24.09
248.44
248.44
861.19
861.19
1106.31
1106.31
1682.27
1682.27
7139.54
7139.54
5366.22
5366.22
2764.28
2764.28
157.31
157.31
64.83
64.83
1745.78
1745.78
503.79
503.79
503.79
696.46
696.46
345.14
29.50
29.50
58.76
58.76
48.22
48.22
193.16
193.16
2908.60
2908.60
3626.38
3626.38
284.05
284.05
1553.09
1553.09
97.55
97.55
44.28
44.28
510.89
510.89
4508.23
4508.23
762.78
762.78
6450.75
6450.75
380.95
380.95
190.92
190.92
195.39
195.39
10.00
10.00
2310.21
2310.21
2041.53
2041.53
146.04
146.04
230.55
230.55
320.31
320.31
64.49
64.49
1094.84
1094.84
1094.84
2424.03
2424.03
5438.75
5438.75
8283.80
8283.80
2269.59
2269.59
1997.24
1997.24
3279.73
3279.73
5546.12
5546.12
3026.59
3026.59
11267.11
11267.11
8830.02
8830.02
5351.50
5351.50
1700.77
1700.77
4696.64
4696.64
7124.66
7124.66
3740.09
3740.09
6594.00
6594.00
4735.36
4735.36
6035.50
6035.50
6035.50
6035.50
4924.21
4924.21
4109.42
4109.42
6216.13
6216.13
7701.85
7701.85
7631.57
7631.57
6375.34
6375.34
4531.31
4531.31
6132.35
6132.35
3269.58
3269.58
5537.55
5537.55
9780.97
9780.97
5749.33
5749.33
5200.04
5200.04
8462.79
8462.79
2165.54
2165.54
7994.07
7994.07
4148.89
4148.89
6235.92
6235.92
6693.77
6693.77
9387.57
9387.57
4904.99
4904.99
151.17
151.17
6156.10
6156.10
4794.09
4794.09
7255.40
7255.40
2511.77
2511.77
5227.89
5227.89
8520.69
8520.69
7739.34
7739.34
6569.39
6569.39
6983.35
6983.35
3792.81
3792.81
1189.76
1189.76
4372.05
4372.05
4779.60
4779.60
177.45
177.45
4108.74
4108.74
6123.22
6123.22
3199.14
3199.14
2787.20
2787.20
3124.15
3124.15
988.32
988.32
3192.29
3192.29
606.06
606.06
2031.88
2031.88
578.13
578.13
2616.25
