# 1Hz Kbps trace generated by import_real_world_traces.py
602.24
549.33
624.70
572.78
598.45
201.06
602.38
577.00
577.00
577.00
537.48
537.48
537.48
537.48
613.22
475.19
545.93
545.93
437.00
437.00
614.16
614.16
454.12
454.12
532.85
532.85
595.52
595.52
595.52
576.18
576.18
615.00
615.00
556.30
556.30
556.30
41.12
570.33
618.63
618.63
602.91
602.91
489.21
489.21
567.79
567.79
449.77
449.77
611.94
611.94
611.94
719.12
548.01
548.01
548.01
612.72
612.72
606.81
513.90
513.90
600.58
600.58
547.17
547.17
563.55
563.55
557.38
557.38
570.90
570.90
549.08
549.08
599.40
599.40
594.08
594.08
614.35
614.35
578.05
578.05
624.28
624.28
624.28
624.28
612.36
612.36
619.18
619.18
581.95
581.95
608.21
608.21
548.92
548.92
615.42
615.42
598.95
598.95
615.15
615.15
552.87
552.87
616.60
616.60
508.63
508.63
555.83
555.83
568.09
568.09
615.38
615.38
506.60
506.60
572.75
572.75
612.61
612.61
612.61
612.61
618.87
618.87
527.16
527.16
364.61
364.61
364.61
364.61
364.61
626.13
626.13
626.13
612.97
612.97
422.02
610.47
610.47
463.62
463.62
18.48
502.31
502.31
608.57
608.57
446.68
10.00
10.00
553.17
553.17
553.17
553.17
553.17
62.36
62.36
495.48
556.26
248.48
248.48
621.90
621.90
621.90
621.90
56.82
56.82
84.29
619.73
619.73
619.73
10.00
10.00
10.00
30.75
30.75
30.75
504.98
320.45
320.45
504.06
504.06
504.06
615.04
615.04
615.04
203.55
606.33
556.29
556.29
535.26
476.62
476.62
414.56
414.56
23.36
23.36
24.13
24.13
580.29
580.29
587.65
587.65
587.65
488.03
488.03
83.45
83.45
525.84
525.84
599.39
429.17
429.17
375.67
110.27
110.27
110.27
110.27
110.27
489.94
489.94
546.40
546.40
547.13
547.13
612.17
612.17
544.99
614.57
614.57
621.24
604.45
604.45
553.38
553.38
228.65
228.65
598.88
598.88
598.88
532.82
532.82
372.93
566.45
566.45
13.57
421.13
421.13
617.10
617.10
486.85
486.85
529.62
529.62
529.62
191.00
191.00
142.29
142.29
20.93
619.93
619.93
525.53
525.53
597.84
597.84
626.30
626.30
476.95
476.95
476.95
476.95
611.19
339.75
339.75
530.62
530.62
18.43
18.43
261.11
261.11
261.11
261.11
261.11
604.42
604.42
621.31
