# 1Hz Kbps trace generated by import_real_world_traces.py
116.41
299.57
413.11
413.11
413.11
413.11
413.11
413.11
413.11
413.11
413.11
413.11
438.83
438.83
438.83
438.83
438.83
438.83
438.83
438.83
438.83
438.83
438.83
438.83
438.83
438.83
497.57
497.57
497.57
497.57
497.57
497.57
497.57
497.57
497.57
497.57
617.30
617.30
617.30
617.30
617.30
617.30
617.30
617.30
617.30
869.65
869.65
869.65
869.65
869.65
969.89
969.89
969.89
969.89
2568.33
2568.33
2568.33
2568.33
2568.33
2568.33
2568.33
2568.33
2568.33
2568.33
2568.33
2568.33
2568.33
2568.33
2568.33
2568.33
2568.33
2568.33
2568.33
2568.33
2568.33
2568.33
2568.33
2568.33
2568.33
2568.33
2568.33
2568.33
2568.33
2568.33
2568.33
2568.33
2568.33
2568.33
2568.33
2568.33
2568.33
2568.33
2568.33
2568.33
2568.33
2568.33
2568.33
2568.33
2568.33
2568.33
2568.33
2568.33
2568.33
2568.33
2568.33
2568.33
2568.33
2568.33
2568.33
2568.33
2568.33
2568.33
2568.33
2568.33
2568.33
2568.33
2568.33
2568.33
2568.33
2568.33
2568.33
2568.33
2568.33
2568.33
2568.33
2628.45
2628.45
2628.45
2628.45
2628.45
2628.45
2628.45
2628.45
2628.45
2628.45
3765.46
3765.46
3765.46
3765.46
3765.46
3765.46
3765.46
3765.46
3765.46
3765.46
3765.46
3765.46
3765.46
3765.46
3765.46
3765.46
3765.46
3765.46
3765.46
3765.46
3765.46
3765.46
3765.46
3765.46
3765.46
3765.46
3765.46
3765.46
3765.46
3765.46
3765.46
3765.46
3765.46
3765.46
3765.46
3765.46
3765.46
3765.46
3765.46
3765.46
3765.46
3765.46
3765.46
3765.46
3765.46
3765.46
3765.46
3765.46
3765.46
3765.46
3765.46
3765.46
3765.46
3765.46
3765.46
3765.46
3765.46
3765.46
3765.46
3765.46
3765.46
3765.46
3765.46
3765.46
3765.46
3765.46
3765.46
3765.46
3765.46
3765.46
3765.46
3765.46
3765.46
3765.46
3765.46
3765.46
3765.46
3765.46
3765.46
3765.46
3765.46
3765.46
3765.46
3765.46
3765.46
3765.46
3765.46
3765.46
3765.46
3765.46
3765.46
3765.46
3765.46
3765.46
3765.46
3765.46
3765.46
3765.46
3765.46
3765.46
3765.46
3765.46
3765.46
3765.46
3765.46
3765.46
3765.46
3765.46
3765.46
3765.46
3765.46
3765.46
3765.46
3765.46
3765.46
3765.46
3765.46
3765.46
3765.46
3765.46
3765.46
3765.46
3765.46
3765.46
3765.46
3765.46
3765.46
3765.46
3765.46
3765.46
3765.46
3765.46
3765.46
3765.46
3765.46
3765.46
3765.46
3765.46
3765.46
3765.46
3765.46
3765.46
3765.46
3765.46
3765.46
3765.46
3765.46
3765.46
3765.46
3765.46
3765.46
3765.46
3765.46
3765.46
3765.46
3765.46
3765.46
3765.46
3765.46
3765.46
3765.46
3765.46
3765.46
3765.46
3765.46
3765.46
3765.46
3765.46
3765.46
3765.46
3765.46
3765.46
3765.46
3765.46
3765.46
3765.46
3765.46
3765.46
3765.46
3765.46
3765.46
3765.46
3765.46
3765.46
3765.46
3765.46
3765.46
3765.46
3765.46
3765.46
3765.46
3765.46
3765.46
3765.46
3765.46
3765.46
3765.46
3765.46
3765.46
3765.46
3765.46
3765.46
3765.46
3765.46
3765.46
3765.46
3765.46
3765.46
3765.46
3765.46
3765.46
3765.46
3765.46
3765.46
3765.46
3765.46
3765.46
3765.46
3765.46
3765.46
3765.46
3765.46
3765.46
3765.46
3765.46
3765.46
3765.46
3765.46
3765.46
3765.46
3765.46
3765.46
3765.46
3765.46
3765.46
3765.46
3765.46
3765.46
3765.46
3765.46
3765.46
3765.46
3765.46
3765.46
3765.46
3765.46
3765.46
3765.46
3765.46
3765.46
3765.46
3765.46
3765.46
3765.46
3765.46
454.58
454.58
1492.42
1492.42
3288.85
3288.85
3288.85
3288.85
3288.85
3288.85
3288.85
3288.85
3288.85
3288.85
3288.85
3288.85
3288.85
3288.85
3288.85
3288.85
3288.85
3288.85
3443.77
3443.77
4119.80
4119.80
4119.80
4119.80
4119.80
4119.80
4534.61
4534.61
11383.50
11383.50
1719.52
1719.52
2367.05
2367.05
284.75
284.75
1181.56
1181.56
2021.75
2021.75
2024.38
2024.38
2024.38
2024.38
503.37
503.37
1245.65
1245.65
1245.65
1245.65
2816.92
2816.92
2984.21
2984.21
2984.21
2984.21
2984.21
2984.21
3056.91
3056.91
2703.89
2703.89
2966.14
2966.14
2966.14
2966.14
1889.96
1889.96
1889.96
1889.96
3625.05
3625.05
3625.05
3625.05
3625.05
3625.05
3625.05
3625.05
2624.35
2624.35
2624.35
2624.35
2624.35
2624.35
2624.35
2624.35
2624.35
2624.35
2624.35
2624.35
2624.35
2624.35
2624.35
2624.35
2624.35
2624.35
2624.35
2624.35
2624.35
2624.35
2624.35
2624.35
2624.35
2624.35
3759.78
3759.78
3759.78
3759.78
3925.27
3925.27
3925.27
3925.27
3925.27
3925.27
3925.27
3925.27
3925.27
3925.27
3925.27
3925.27
3925.27
3925.27
3925.27
3925.27
3925.27
3925.27
3925.27
3925.27
3925.27
3925.27
3925.27
3925.27
4236.04
4236.04
4521.06
4521.06
4521.06
4521.06
4521.06
4521.06
4521.06
4521.06
4521.06
4521.06
4521.06
4521.06
4521.06
4521.06
4521.06
4521.06
4521.06
4521.06
4521.06
4521.06
4521.06
4521.06
4450.18
4450.18
4450.18
4450.18
4450.18
4450.18
4450.18
4450.18
4450.18
4450.18
4450.18
4450.18
4450.18
4450.18
4450.18
4450.18
4450.18
4450.18
4450.18
4450.18
4450.18
4450.18
4450.18
4450.18
4450.18
4450.18
4450.18
4450.18
4450.18
4450.18
4450.18
4450.18
4450.18
4450.18
4450.18
4450.18
4450.18
4450.18
4450.18
4450.18
4450.18
4450.18
4450.18
4450.18
4450.18
4450.18
4450.18
4450.18
4450.18
4450.18
340.69
340.69
751.78
751.78
1075.29
1075.29
1122.75
1122.75
1339.24
1339.24
1441.20
1441.20
1700.78
1700.78
2044.39
2044.39
2014.45
2014.45
1990.64
1990.64
2062.85
2062.85
2062.85
2062.85
1981.52
1981.52
2054.79
2054.79
2054.79
2054.79
2040.18
2040.18
2040.18
2040.18
2381.37
2381.37
2459.66
2459.66
2459.66
2459.66
2461.05
2461.05
2612.90
2612.90
2745.87
2745.87
2745.87
2745.87
2745.87
2745.87
2745.87
2745.87
2745.87
2745.87
2745.87
2745.87
2745.87
2745.87
2745.87
2745.87
2745.87
2745.87
2745.87
2745.87
2745.87
2745.87
2745.87
2745.87
2745.87
2745.87
2745.87
2745.87
2745.87
2745.87
2745.87
2745.87
2745.87
2745.87
2745.87
2745.87
2738.35
2738.35
2738.35
2738.35
2738.35
2738.35
2738.35
2738.35
2738.35
2738.35
2738.35
2738.35
2738.35
2738.35
2738.35
2738.35
2738.35
2738.35
2738.35
2738.35
2738.35
2738.35
2738.35
2738.35
2738.35
2738.35
2738.35
2738.35
319.07
319.07
433.66
433.66
600.14
600.14
586.34
586.34
1002.54
1002.54
1183.03
1183.03
1246.48
1246.48
1366.49
1366.49
1536.12
1536.12
1536.12
1536.12
1536.12
1536.12
1536.12
1536.12
1536.12
1536.12
1536.12
1536.12
1536.12
1536.12
1536.12
1536.12
1494.09
1494.09
1494.09
1494.09
1494.09
1494.09
1603.79
1603.79
1570.53
1570.53
1570.53
1570.53
1570.53
1570.53
1937.84
1937.84
1621.80
1621.80
1621.80
1621.80
1621.80
1621.80
1621.80
1621.80
1621.80
1621.80
1621.80
1621.80
1621.80
1621.80
1621.80
1621.80
1621.80
1621.80
1621.80
1621.80
1621.80
1621.80
1621.80
1621.80
1621.80
1621.80
1621.80
1621.80
1843.87
1843.87
1843.87
1843.87
2290.18
2290.18
2194.20
2194.20
2194.20
2194.20
3095.32
3095.32
3095.32
3095.32
3095.32
3095.32
3095.32
3095.32
3095.32
3095.32
3095.32
3095.32
3095.32
3095.32
3095.32
3095.32
3095.32
3095.32
3095.32
3095.32
3095.32
3095.32
3095.32
3095.32
3095.32
3095.32
3120.48
3120.48
3120.48
3120.48
3120.48
3120.48
3234.29
3234.29
3234.29
3234.29
3234.29
3234.29
3262.80
3262.80
3447.53
3447.53
3322.53
3322.53
3322.53
3322.53
3322.53
3322.53
3322.53
3322.53
3322.53
3322.53
3322.53
3322.53
3322.53
3322.53
3322.53
3322.53
3322.53
3322.53
3322.53
3322.53
3322.53
3322.53
3322.53
3322.53
3322.53
3322.53
3322.53
3322.53
3322.53
3322.53
3322.53
3322.53
3322.53
3322.53
3322.53
3322.53
3322.53
3322.53
3322.53
3322.53
3973.93
3973.93
4173.89
4173.89
4173.89
4173.89
4115.36
4115.36
4115.36
4115.36
4115.36
4115.36
4232.93
4232.93
4232.93
4232.93
4232.93
4232.93
4232.93
4232.93
4083.81
4083.81
4083.81
4083.81
4083.81
4083.81
4083.81
4083.81
4083.81
4083.81
4083.81
4083.81
4083.81
4083.81
4083.81
4083.81
4083.81
4083.81
4083.81
4083.81
1075.16
1075.16
1047.15
1047.15
1047.15
1047.15
1165.66
1165.66
1182.27
1182.27
1365.16
1365.16
1475.45
1475.45
1633.07
1633.07
1912.70
1912.70
1912.70
1912.70
1912.70
1912.70
1912.70
1912.70
1912.70
1912.70
1912.70
1912.70
1912.70
1912.70
1912.70
1912.70
1912.70
1912.70
1939.78
1939.78
1939.78
1939.78
1939.78
1939.78
1939.78
1939.78
1939.78
1939.78
1865.40
1865.40
1883.91
1883.91
1883.91
1883.91
2301.20
2301.20
2301.20
2301.20
2301.20
2301.20
2301.20
2301.20
2400.09
2400.09
13.29
13.29
504.42
504.42
844.07
844.07
844.07
844.07
844.07
844.07
844.07
844.07
844.07
844.07
844.07
844.07
844.07
844.07
844.07
844.07
844.07
844.07
844.07
844.07
844.07
844.07
844.07
844.07
844.07
844.07
844.07
844.07
850.27
850.27
1116.89
1116.89
1116.89
1116.89
1116.89
1116.89
1116.89
1116.89
2424.49
2424.49
2424.49
2424.49
2424.49
2424.49
2424.49
2424.49
2424.49
2424.49
2424.49
2424.49
2424.49
2424.49
2424.49
2424.49
2424.49
2424.49
2424.49
2424.49
2424.49
2424.49
2424.49
2424.49
2424.49
2424.49
2424.49
2424.49
2424.49
2424.49
2424.49
2424.49
2424.49
2424.49
2424.49
2424.49
2424.49
2424.49
2424.49
2424.49
2424.49
2424.49
2424.49
2424.49
2424.49
2424.49
2424.49
2424.49
2424.49
2424.49
2424.49
2424.49
2424.49
2424.49
2424.49
2424.49
2424.49
2424.49
2425.39
2425.39
2349.94
2349.94
2835.13
2835.13
2841.23
2841.23
2841.23
2841.23
2841.23
2841.23
2841.23
2841.23
2841.23
2841.23
2841.23
2841.23
2841.23
2841.23
2841.23
2841.23
2841.23
2841.23
2841.23
2841.23
2841.23
2841.23
2841.23
2841.23
2841.23
2841.23
2841.23
2841.23
2841.23
2841.23
2841.23
2841.23
2841.23
2841.23
2841.23
2841.23
2841.23
2841.23
2841.23
2841.23
2841.23
2841.23
2841.23
2841.23
2841.23
2841.23
2841.23
2841.23
2841.23
2841.23
2841.23
2841.23
2841.23
2841.23
2841.23
2841.23
2841.23
2841.23
2841.23
2841.23
2805.18
2805.18
2805.18
2805.18
2805.18
2805.18
2805.18
2805.18
2805.18
2805.18
2805.18
2805.18
3201.40
3201.40
3625.50
3625.50
3691.55
3691.55
4021.90
4021.90
4362.65
4362.65
4362.65
4362.65
4362.65
4362.65
4362.65
4362.65
4362.65
4362.65
4362.65
4362.65
4362.65
4362.65
4362.65
4362.65
4362.65
4362.65
4362.65
4362.65
4362.65
4362.65
4362.65
4362.65
4362.65
4362.65
4362.65
4362.65
4362.65
4362.65
4362.65
4362.65
1998.08
1998.08
2172.10
2172.10
2481.17
2481.17
2531.06
2531.06
2503.64
2503.64
2701.77
2701.77
2701.77
2701.77
2701.77
2701.77
2701.77
2701.77
2701.77
2701.77
2701.77
2701.77
2701.77
2701.77
2701.77
2701.77
2701.77
2701.77
2701.77
2701.77
2701.77
2701.77
2701.77
2701.77
2701.77
2701.77
2701.77
2701.77
2701.77
2735.08
2735.08
2625.95
2625.95
2580.80
2580.80
2665.69
2665.69
2591.90
2733.91
2733.91
2733.91
3266.41
3266.41
3266.41
3266.41
3266.41
3266.41
3266.41
3266.41
3266.41
3266.41
3266.41
3266.41
3266.41
3266.41
3266.41
3266.41
3266.41
3266.41
3266.41
3266.41
3266.41
3266.41
3266.41
3266.41
3266.41
3266.41
3266.41
3266.41
3266.41
3266.41
3266.41
3266.41
3266.41
3266.41
3266.41
3266.41
3629.44
3629.44
3527.29
3527.29
3604.27
3604.27
3631.52
3631.52
3631.52
3631.52
3631.52
3631.52
3631.52
3631.52
3631.52
3631.52
3631.52
3631.52
3631.52
3631.52
3631.52
3631.52
3631.52
3631.52
3631.52
3631.52
3631.52
3631.52
3631.52
3631.52
3631.52
3631.52
3631.52
3631.52
3631.52
3631.52
3631.52
3631.52
3631.52
3631.52
3631.52
3631.52
3631.52
3631.52
3631.52
3631.52
3631.52
3631.52
3631.52
3631.52
3631.52
3631.52
1475.96
1475.96
1558.06
1558.06
1643.35
1702.01
1702.01
1702.01
2025.07
2025.07
1993.16
1993.16
2516.69
2516.69
2975.90
2975.90
3090.59
3090.59
3090.59
3090.59
3090.59
3090.59
3090.59
3090.59
3090.59
3090.59
3090.59
3090.59
3090.59
3090.59
3090.59
3090.59
3090.59
3090.59
3090.59
3090.59
3090.59
3090.59
3090.59
3090.59
3090.59
3090.59
3090.59
3090.59
3090.59
3090.59
3090.59
3090.59
3090.59
3090.59
3090.59
3090.59
3090.59
3090.59
3090.59
3090.59
3090.59
3090.59
3090.59
3090.59
3090.59
3090.59
3090.59
3090.59
3090.59
3090.59
3090.59
3090.59
3090.59
3090.59
3090.59
3090.59
3090.59
3090.59
3090.59
3090.59
3090.59
3090.59
3090.59
3090.59
3090.59
3090.59
3090.59
3090.59
3090.59
3090.59
3067.17
3067.17
3067.17
3067.17
3067.17
3067.17
3067.17
3067.17
3067.17
3067.17
3067.17
3067.17
3067.17
3067.17
3067.17
3067.17
3067.17
3067.17
3067.17
3067.17
3067.17
3067.17
3147.99
3147.99
3147.99
3147.99
3132.69
3132.69
3132.69
3132.69
3132.69
3132.69
3132.69
3132.69
3616.78
3616.78
3667.37
3667.37
3667.37
3667.37
3667.37
3667.37
3988.93
3988.93
3937.76
3937.76
3937.76
3937.76
3937.76
3937.76
3937.76
3937.76
3937.76
3937.76
3937.76
3937.76
3937.76
3937.76
3937.76
3937.76
3937.76
3937.76
3937.76
3937.76
3937.76
3937.76
3937.76
3937.76
3937.76
3937.76
3937.76
3937.76
3937.76
3937.76
3937.76
3937.76
3937.76
3937.76
3937.76
3937.76
3937.76
3937.76
3937.76
3937.76
3937.76
3937.76
3937.76
3937.76
3937.76
3937.76
3937.76
3937.76
3937.76
3937.76
3937.76
3937.76
3937.76
3937.76
3937.76
3937.76
3937.76
3937.76
3937.76
3937.76
3937.76
3937.76
3937.76
3937.76
3937.76
3937.76
4023.74
4023.74
3842.08
3842.08
3842.08
3842.08
3842.08
3842.08
3842.08
3842.08
4017.19
4017.19
4017.19
4017.19
4017.19
4017.19
4017.19
4017.19
4017.19
4017.19
4017.19
4017.19
4017.19
4017.19
4017.19
4017.19
4017.19
4017.19
4017.19
4017.19
4017.19
4017.19
4017.19
4017.19
4017.19
4017.19
4017.19
4017.19
4017.19
4017.19
4017.19
4017.19
4017.19
4017.19
4017.19
4017.19
4017.19
4017.19
4017.19
4017.19
4017.19
4017.19
4017.19
4017.19
4017.19
4017.19
4017.19
4017.19
4017.19
4017.19
4017.19
4017.19
4017.19
4017.19
4017.19
4017.19
4017.19
4017.19
4017.19
4017.19
4017.19
4017.19
4017.19
4017.19
4017.19
4017.19
4017.19
4017.19
4017.19
4017.19
4017.19
4017.19
4017.19
4017.19
4017.19
4017.19
4017.19
4017.19
4017.19
4017.19
4017.19
4017.19
4017.19
4017.19
4017.19
4017.19
4017.19
4017.19
4017.19
4017.19
4017.19
4017.19
4017.19
4017.19
4017.19
4017.19
1385.63
1385.63
1342.37
1342.37
1342.37
1342.37
1342.37
1342.37
1444.80
1444.80
1414.41
1414.41
1414.41
1414.41
1414.41
1414.41
1450.79
1450.79
1450.79
1450.79
1450.79
1450.79
1461.65
1461.65
1340.38
1340.38
1434.29
1434.29
1434.29
1434.29
1434.29
1434.29
1483.44
1483.44
1413.06
1413.06
1413.06
1413.06
1414.50
1414.50
1414.50
1414.50
1440.40
1440.40
1440.40
1440.40
1440.40
1440.40
1457.06
1457.06
1457.06
1438.73
1438.73
1450.09
1450.09
1399.54
1399.54
1540.78
1540.78
1502.08
1502.08
1582.05
1582.05
1582.05
1582.05
1582.05
1582.05
1582.05
1582.05
1582.05
1582.05
1582.05
1582.05
1582.05
1582.05
1582.05
1582.05
1582.05
1582.05
1582.05
1582.05
1582.05
1582.05
1582.05
1582.05
1582.05
1582.05
1582.05
1582.05
1582.05
1582.05
1582.05
1582.05
1582.05
1582.05
1582.05
1582.05
1582.05
1582.05
1582.05
1582.05
1553.70
1553.70
1862.61
1862.61
1844.57
1844.57
2227.82
2227.82
688.48
688.48
1182.27
1182.27
1182.27
1182.27
1182.27
1182.27
1182.27
1182.27
1182.27
1182.27
1182.27
1182.27
1182.27
1182.27
1182.27
1182.27
1182.27
1182.27
1182.27
1182.27
1182.27
1182.27
1182.27
1182.27
1182.27
1182.27
1182.27
1182.27
1182.27
1182.27
1182.27
1182.27
1182.27
1182.27
1182.27
1182.27
1182.27
1182.27
1182.27
1182.27
1182.27
1182.27
2678.56
2678.56
2817.05
2817.05
2817.05
2817.05
2817.05
2817.05
2817.05
2817.05
2817.05
2817.05
2817.05
2817.05
2817.05
2817.05
2817.05
2817.05
2817.05
2817.05
2817.05
2817.05
2817.05
2817.05
2817.05
2817.05
2817.05
2817.05
2817.05
2817.05
2817.05
2817.05
2817.05
2817.05
2817.05
2817.05
2817.05
2817.05
2817.05
2817.05
2817.05
2817.05
2817.05
2817.05
2817.05
2817.05
2817.05
2817.05
2894.09
2894.09
2894.09
2894.09
2894.09
2894.09
2894.09
2894.09
2894.09
2894.09
2894.09
2894.09
2894.09
2894.09
2894.09
2894.09
2894.09
2894.09
2894.09
2894.09
2894.09
2894.09
2894.09
2894.09
2894.09
2894.09
2894.09
2894.09
2894.09
2894.09
2894.09
2894.09
2894.09
2894.09
2894.09
2894.09
2894.09
2894.09
2894.09
2894.09
2894.09
2894.09
2894.09
2894.09
2894.09
2894.09
2894.09
2894.09
2894.09
2894.09
2894.09
2894.09
2894.09
2894.09
2894.09
2894.09
2894.09
2894.09
2894.09
2894.09
2894.09
2894.09
2894.09
2894.09
2894.09
2894.09
2894.09
2894.09
2894.09
2894.09
2894.09
2894.09
2894.09
2894.09
2894.09
2894.09
2894.09
2894.09
2894.09
2894.09
2894.09
2894.09
2865.82
2865.82
2865.82
2865.82
2865.82
2865.82
2865.82
2865.82
2865.82
2865.82
2865.82
2865.82
2865.82
2865.82
2865.82
2865.82
2865.82
2865.82
2865.82
2865.82
2865.82
2865.82
2865.82
2865.82
2865.82
2865.82
2865.82
2865.82
2865.82
2865.82
2865.82
2865.82
2865.82
2865.82
2865.82
2865.82
2865.82
2865.82
2865.82
2865.82
2865.82
2865.82
2865.82
2865.82
2865.82
2865.82
2865.82
2865.82
2865.82
2865.82
2865.82
2865.82
2865.82
2865.82
2865.82
2865.82
2865.82
2865.82
2865.82
2865.82
3390.07
3390.07
3390.07
3390.07
3390.07
3390.07
3390.07
3390.07
3390.07
3390.07
3390.07
3390.07
3390.07
3390.07
3390.07
3390.07
3390.07
3390.07
3390.07
3390.07
3390.07
3390.07
3390.07
3390.07
3390.07
3390.07
3390.07
3390.07
3390.07
3390.07
3390.07
3390.07
3390.07
3390.07
3390.07
3390.07
3390.07
3390.07
3390.07
3390.07
3390.07
3390.07
3390.07
3390.07
3390.07
3390.07
3390.07
3390.07
3390.07
3390.07
3390.07
3390.07
3390.07
3390.07
3390.07
3390.07
3390.07
3390.07
3390.07
3390.07
3390.07
3390.07
3390.07
3390.07
3390.07
3390.07
3390.07
3390.07
3390.07
3390.07
