# 1Hz Kbps trace generated by import_real_world_traces.py
10.00
10.00
168.18
168.18
168.18
168.18
10.00
10.00
175.52
175.52
160.60
183.85
183.85
161.04
161.04
132.88
132.88
10.00
10.00
231.11
187.92
187.92
322.62
398.73
398.73
13.69
13.69
445.21
523.34
523.34
523.34
153.79
153.79
287.69
287.69
520.07
520.07
184.32
184.32
286.08
252.33
252.33
252.33
20.99
20.99
20.99
182.05
182.05
120.31
120.31
120.31
120.31
12.34
179.25
179.25
226.36
226.36
200.13
427.56
427.56
509.60
389.15
389.15
650.87
650.87
844.21
844.21
470.46
470.46
429.74
429.74
608.01
608.01
620.56
620.56
590.66
590.66
743.53
743.53
449.57
605.41
605.41
689.22
854.43
854.43
672.90
672.90
672.90
641.53
212.52
212.52
782.93
782.93
79.97
923.12
923.12
923.12
55.10
55.10
55.10
1056.62
940.78
940.78
491.07
491.07
130.92
130.92
951.26
1241.35
131.50
131.50
131.50
32.43
32.43
1200.44
1200.44
713.39
713.39
955.03
955.03
1023.74
121.92
121.92
814.62
814.62
398.19
398.19
923.39
923.39
1409.85
1409.85
943.80
943.80
12.15
12.15
1044.44
1044.44
479.96
479.96
1015.68
1015.68
1577.85
1577.85
153.44
153.44
1432.21
1432.21
1432.21
167.53
1052.65
1052.65
496.62
496.62
1128.65
1128.65
315.68
315.68
313.75
313.75
11.08
11.08
639.51
639.51
752.48
752.48
1105.31
1105.31
481.15
481.15
744.77
744.77
863.88
863.88
598.04
598.04
810.65
810.65
397.20
397.20
627.41
627.41
798.29
798.29
979.40
979.40
419.32
419.32
550.44
550.44
663.19
663.19
1536.56
1536.56
1745.43
1745.43
1745.27
1745.27
985.59
985.59
1583.95
1583.95
1139.43
1139.43
1139.43
1139.43
1139.43
1139.43
1139.43
1139.43
1699.38
1699.38
844.12
844.12
129.24
129.24
1649.14
1649.14
1579.54
1579.54
1313.69
1313.69
1559.53
1559.53
1770.70
1770.70
13.93
13.93
471.44
471.44
2125.90
2125.90
250.75
250.75
197.33
197.33
34.82
34.82
498.72
498.72
642.78
642.78
1088.47
1088.47
761.27
761.27
1167.82
1167.82
665.92
665.92
1423.02
1423.02
1582.33
1582.33
221.34
221.34
221.34
221.34
285.46
999.14
999.14
1425.46
1425.46
1425.46
616.40
616.40
939.40
823.65
1209.16
1209.16
530.87
530.87
530.87
282.66
282.66
965.68
965.68
35.81
1351.48
1351.48
1618.38
1618.38
1618.38
408.52
820.76
820.76
1435.62
1435.62
526.41
526.41
526.41
129.04
505.62
505.62
639.46
639.46
824.43
824.43
824.43
395.47
395.47
684.24
684.24
843.76
843.76
843.76
83.21
83.21
603.54
603.54
1102.50
981.60
66.45
66.45
66.45
110.55
110.55
110.55
983.27
983.27
983.27
1144.66
1144.66
1144.66
41.05
41.05
41.05
255.52
255.52
135.30
135.30
135.30
323.64
323.64
323.64
323.64
10.00
10.00
544.65
544.65
237.59
13.78
13.78
179.73
833.45
833.45
1124.93
1124.93
694.74
694.74
217.12
1469.41
1028.31
1028.31
1028.31
1201.78
982.52
982.52
764.74
764.74
58.67
1049.43
1115.64
1272.97
1272.97
13.90
13.90
187.30
187.30
187.30
106.87
106.87
478.13
478.13
478.13
576.73
576.73
576.73
310.11
958.37
958.37
1013.85
1013.85
841.85
841.85
53.53
53.53
876.51
876.51
768.78
768.78
768.78
768.78
768.78
38.23
38.23
38.23
322.82
877.47
877.47
1070.42
190.30
190.30
10.00
10.00
292.06
224.83
224.83
219.85
219.85
669.78
669.78
1208.71
1208.71
526.44
526.44
526.44
30.00
27.31
27.31
628.06
628.06
486.96
1278.26
1278.26
1278.26
284.75
284.75
427.90
68.09
68.09
214.17
214.17
467.87
467.87
361.74
361.74
464.52
464.52
931.25
931.25
1647.70
1647.70
1515.25
1515.25
541.20
541.20
1145.39
1145.39
294.15
294.15
563.13
563.13
25.36
25.36
59.69
59.69
259.61
259.61
1026.77
1026.77
1026.77
295.05
295.05
247.92
247.92
1397.88
239.00
239.00
1045.68
1045.68
13.92
13.92
199.83
199.83
392.87
392.87
1273.02
1273.02
277.22
277.22
1167.59
1167.59
1259.93
1259.93
1249.79
1249.79
32.54
32.54
1117.81
1117.81
532.21
532.21
265.28
265.28
490.05
490.05
1636.43
1636.43
1191.65
1191.65
1465.62
1465.62
315.95
315.95
1054.16
1054.16
1489.21
1489.21
94.72
94.72
10.00
10.00
10.00
428.00
428.00
428.00
655.27
655.27
912.16
924.47
1345.11
1345.11
1007.07
1007.07
511.46
511.46
1400.96
1400.96
1239.04
1239.04
1769.38
1769.38
1031.65
1031.65
1324.64
1324.64
687.19
687.19
687.19
687.19
183.64
183.64
17.61
385.86
803.46
803.46
681.50
681.50
108.40
108.40
1606.64
1606.64
223.68
223.68
1108.83
1108.83
1612.33
1612.33
637.64
637.64
273.81
273.81
76.97
76.97
460.19
460.19
1510.96
1510.96
1129.16
1129.16
1300.74
1300.74
272.27
272.27
2020.74
2020.74
1421.38
1421.38
2044.57
2044.57
2840.26
2840.26
1222.82
1222.82
1565.54
1565.54
922.04
922.04
717.91
717.91
37.77
37.77
521.05
521.05
60.01
60.01
332.60
332.60
435.63
435.63
798.65
798.65
913.73
913.73
533.70
533.70
120.11
120.11
1025.23
1025.23
1277.54
1277.54
1047.12
1047.12
1186.31
1186.31
379.66
379.66
1403.47
1403.47
2037.73
2037.73
872.74
872.74
1863.56
1863.56
1758.00
1758.00
10.00
10.00
1060.13
1060.13
105.77
105.77
1981.71
1981.71
1221.33
1221.33
475.15
475.15
628.91
628.91
103.63
103.63
1078.04
1078.04
1864.18
1864.18
497.71
497.71
1977.62
1977.62
1751.03
1751.03
2142.16
2142.16
1436.40
1436.40
250.00
250.00
1743.70
1743.70
97.62
97.62
835.00
835.00
2359.17
2359.17
1533.42
1533.42
2390.01
2390.01
2267.15
2267.15
2060.85
2060.85
1212.72
1212.72
2022.46
2022.46
415.16
415.16
1327.64
1327.64
1245.47
1245.47
1402.66
1402.66
1207.93
1207.93
135.75
135.75
82.76
82.76
1723.69
1723.69
340.66
340.66
47.41
47.41
1629.00
1629.00
1951.70
1951.70
1635.24
1635.24
1872.31
1872.31
2417.91
2417.91
676.49
676.49
1784.14
1784.14
343.06
343.06
130.34
130.34
1703.48
1703.48
778.94
778.94
175.70
175.70
1809.85
1809.85
10.00
10.00
1012.73
1012.73
913.06
913.06
913.06
913.06
17.65
17.65
1476.97
1476.97
502.82
502.82
1300.12
1300.12
1589.84
1589.84
77.72
77.72
2179.04
2179.04
606.48
606.48
2110.40
2110.40
2066.96
2066.96
117.07
117.07
1158.55
1158.55
210.98
210.98
273.10
273.10
271.35
271.35
168.45
168.45
528.94
528.94
715.59
715.59
399.36
399.36
521.39
521.39
779.19
779.19
735.56
735.56
689.31
689.31
774.28
774.28
950.57
950.57
1226.76
1226.76
864.69
864.69
1249.57
1249.57
682.75
682.75
1414.03
1414.03
1314.38
1314.38
1122.67
1122.67
1583.96
1583.96
982.57
982.57
1678.39
1678.39
1826.85
1826.85
2165.07
2165.07
2290.39
2290.39
2302.43
2302.43
2017.74
2017.74
525.14
525.14
2113.39
2113.39
1839.40
1839.40
1498.25
1498.25
2149.77
2149.77
217.70
217.70
2189.65
2189.65
81.11
81.11
456.31
456.31
1460.49
1460.49
582.23
582.23
2983.89
2983.89
1373.42
1373.42
2105.55
2105.55
2118.34
2118.34
2254.61
2254.61
2663.84
2663.84
2667.94
2667.94
2677.13
2677.13
624.60
624.60
1923.74
1923.74
2348.17
2348.17
2007.54
2007.54
2406.75
2406.75
2322.76
2322.76
2082.07
2082.07
1603.71
1603.71
2936.78
2936.78
1708.90
1708.90
1312.69
1312.69
1312.69
1312.69
23.89
23.89
2032.48
2032.48
2382.39
2382.39
2042.88
2042.88
2439.67
2439.67
1375.27
1375.27
699.96
699.96
1145.77
1145.77
1400.44
1400.44
2659.21
2659.21
2659.21
11.44
189.98
189.98
496.73
496.73
681.83
681.83
2283.53
2283.53
1616.71
1616.71
1977.21
1977.21
3318.02
3318.02
790.30
790.30
950.23
950.23
1962.88
1962.88
2559.04
2559.04
1666.96
1666.96
2296.44
2296.44
560.98
560.98
1902.06
1902.06
263.77
263.77
526.37
526.37
779.13
779.13
2429.68
2429.68
1674.60
1674.60
1752.70
1752.70
595.62
595.62
1673.48
1673.48
306.98
306.98
1386.76
1386.76
459.16
459.16
758.95
758.95
97.43
97.43
14.62
14.62
531.86
531.86
65.85
65.85
73.31
73.31
1686.38
1686.38
1905.05
1905.05
341.99
341.99
1244.49
1244.49
2255.72
2255.72
1908.05
1908.05
1467.32
1467.32
405.37
405.37
2151.57
2151.57
2196.01
2196.01
2634.48
2634.48
1474.08
1474.08
179.05
179.05
1448.88
1448.88
1571.80
1571.80
856.77
856.77
1334.35
1334.35
1746.02
1746.02
2516.51
2516.51
1933.79
1933.79
1800.71
1800.71
1081.47
1081.47
1431.76
1431.76
2213.37
2213.37
1936.10
1936.10
2496.68
2496.68
1532.61
1532.61
2355.42
2355.42
2741.75
2741.75
705.30
705.30
1637.26
1637.26
553.92
553.92
1964.47
1964.47
20.39
20.39
815.85
815.85
433.73
433.73
2036.40
2036.40
2210.91
2210.91
2717.42
2717.42
1972.22
1972.22
176.97
176.97
3071.42
3071.42
11.21
11.21
2193.50
2193.50
389.31
389.31
1053.30
1053.30
2181.32
2181.32
13.26
13.26
544.99
544.99
2592.56
2592.56
601.17
601.17
1872.79
1872.79
2342.75
2342.75
159.14
159.14
39.84
39.84
2074.94
2074.94
189.03
189.03
768.68
768.68
1067.24
1067.24
1067.24
1067.24
1067.24
1067.24
1067.24
1067.24
3218.62
3218.62
3218.62
3218.62
932.65
932.65
2227.32
2227.32
297.15
297.15
1961.22
1961.22
424.70
424.70
2912.71
2912.71
2208.57
2208.57
1824.33
1824.33
2403.75
2403.75
2769.78
2769.78
1399.56
1399.56
2404.12
2404.12
2066.17
2066.17
2110.63
2110.63
1788.23
1788.23
10.00
10.00
2738.72
2738.72
2458.99
2458.99
1427.26
1427.26
1990.85
1990.85
2400.34
2400.34
2172.82
2172.82
3041.15
3041.15
555.56
555.56
2180.54
2180.54
2125.79
2125.79
2597.43
2597.43
2597.43
2597.43
2560.48
2560.48
2662.28
2662.28
2499.82
2499.82
2258.59
2258.59
2485.88
2485.88
1694.91
1694.91
798.95
798.95
2866.77
2866.77
2357.49
2357.49
2414.74
2414.74
1290.26
1290.26
2441.00
2441.00
2000.31
2000.31
210.05
210.05
59.27
59.27
121.43
121.43
124.97
124.97
136.54
136.54
180.97
180.97
2384.65
2384.65
820.50
820.50
281.34
281.34
1869.75
1869.75
1882.33
1882.33
1142.74
1142.74
2099.28
2099.28
1736.68
1736.68
2675.23
2675.23
1280.85
1280.85
679.25
679.25
738.23
738.23
1007.29
1007.29
2468.08
2468.08
717.13
717.13
470.25
470.25
851.81
851.81
607.82
607.82
36.83
36.83
617.30
617.30
341.87
341.87
2422.98
2422.98
455.37
455.37
1959.04
1959.04
584.85
584.85
1868.66
1868.66
818.22
818.22
1504.31
1504.31
428.19
428.19
1952.26
1952.26
865.32
865.32
1904.37
1904.37
1477.36
1477.36
545.19
545.19
15.36
15.36
1993.80
1993.80
40.77
40.77
786.42
786.42
390.98
390.98
1505.98
1505.98
863.67
863.67
2407.94
2407.94
1018.87
1018.87
52.34
52.34
191.04
191.04
366.60
366.60
141.37
141.37
1893.91
1893.91
804.92
804.92
1517.70
1517.70
2428.95
2428.95
622.49
622.49
437.15
437.15
442.03
442.03
241.51
241.51
2697.84
2697.84
1913.79
1913.79
2323.96
2323.96
53.21
53.21
462.04
462.04
494.86
494.86
2450.15
2450.15
1337.50
1337.50
2622.92
2622.92
2093.48
2093.48
574.96
574.96
1968.94
1968.94
42.54
42.54
1597.03
1597.03
282.62
282.62
486.35
486.35
855.29
855.29
1579.00
1579.00
72.06
72.06
90.21
90.21
2294.90
2294.90
1862.73
1862.73
12.18
12.18
356.06
356.06
656.37
656.37
656.37
3044.11
3044.11
825.13
825.13
2034.48
2034.48
3125.22
3125.22
2088.82
2088.82
1736.64
1736.64
1213.78
1213.78
2856.82
