# 1Hz Kbps trace generated by import_real_world_traces.py
454.98
2639.29
413.49
1731.17
5073.92
5073.92
2773.07
2773.07
4994.35
4994.35
5136.24
5136.24
4259.03
4259.03
4767.38
4767.38
4767.38
4767.38
4767.38
4767.38
5412.00
5412.00
456.65
456.65
685.66
685.66
2463.01
2463.01
2463.01
2463.01
784.26
784.26
2305.70
2305.70
4340.80
4340.80
5159.70
5159.70
299.76
299.76
2173.76
2173.76
2173.76
2173.76
5083.67
5083.67
5083.67
5083.67
5083.67
5083.67
1437.36
1437.36
2067.19
2067.19
2780.90
2780.90
2780.90
2780.90
2780.90
2780.90
2780.90
2780.90
2828.08
2828.08
4028.03
4028.03
4141.80
4141.80
5395.96
5395.96
5395.96
5395.96
5395.96
5395.96
5395.96
5395.96
5395.96
5395.96
5395.96
5395.96
5395.96
5395.96
5074.25
5074.25
5097.03
5097.03
1238.25
1238.25
5029.57
5029.57
4885.78
4885.78
363.91
363.91
5562.45
5562.45
5159.72
5159.72
10.65
10.65
10.23
10.23
5317.74
5317.74
442.72
442.72
722.64
722.64
1692.64
1692.64
754.37
754.37
3729.30
3729.30
1811.28
1811.28
109.90
109.90
5344.04
5344.04
5138.49
5138.49
3356.98
3356.98
190.90
190.90
108.80
108.80
4360.98
4360.98
635.21
635.21
5045.82
5045.82
5032.60
5032.60
284.79
284.79
3341.29
3341.29
12.77
12.77
625.73
625.73
1270.94
1270.94
52.92
52.92
73.45
73.45
169.54
169.54
4245.86
4245.86
695.03
695.03
314.34
314.34
1522.46
1522.46
760.78
760.78
1778.86
1778.86
67.58
67.58
11.22
11.22
4194.04
4194.04
3562.23
3562.23
344.24
344.24
936.41
936.41
3804.54
3804.54
5408.48
5408.48
4781.07
4781.07
641.77
641.77
1720.65
1720.65
4136.41
4136.41
4599.78
4599.78
10.48
10.48
3553.87
3553.87
4722.97
4722.97
494.34
494.34
3656.09
3656.09
1904.40
1904.40
2787.72
2787.72
131.74
131.74
3550.33
3550.33
1208.70
1208.70
2912.48
2912.48
4819.02
4819.02
14.03
14.03
2647.68
2647.68
3664.39
3664.39
616.08
616.08
1368.20
1368.20
366.54
366.54
3162.24
3162.24
830.64
830.64
462.10
462.10
5119.70
5119.70
4138.93
4138.93
597.20
597.20
3570.58
3570.58
4635.30
4635.30
3171.27
3171.27
2523.09
2523.09
4753.48
4753.48
4060.23
4060.23
254.19
254.19
40.03
40.03
1373.45
1373.45
361.68
361.68
14.35
14.35
1617.24
1617.24
1326.04
1326.04
656.16
656.16
81.98
81.98
4904.07
4904.07
282.00
282.00
1936.32
1936.32
1675.08
1675.08
4626.17
4626.17
666.19
666.19
2196.82
2196.82
3657.58
3657.58
2410.51
2410.51
169.40
169.40
623.64
623.64
1856.06
1856.06
1326.23
1326.23
13.39
13.39
84.43
84.43
784.94
784.94
2136.46
2136.46
546.51
546.51
609.58
609.58
5587.59
5587.59
2906.49
2906.49
847.15
847.15
637.08
637.08
5664.47
5664.47
3356.26
3356.26
3663.90
3663.90
237.30
237.30
1085.78
1085.78
1840.27
1840.27
3885.39
3885.39
2774.53
2774.53
4295.29
4295.29
12.58
12.58
5585.46
5585.46
4292.36
4292.36
50.16
50.16
11.15
11.15
41.50
41.50
3967.05
3967.05
4829.69
4829.69
53.09
53.09
274.12
274.12
833.97
833.97
618.60
618.60
1796.90
1796.90
2562.70
2562.70
5192.64
5192.64
6057.60
6057.60
5186.47
5186.47
5028.22
5028.22
5057.45
5057.45
3132.46
3132.46
801.18
801.18
609.83
609.83
2439.24
2439.24
2997.60
2997.60
2348.71
2348.71
2611.14
2611.14
475.26
475.26
3055.74
3055.74
5138.67
5138.67
5116.24
5116.24
5339.24
5339.24
5339.24
5339.24
5339.24
5339.24
5339.24
5339.24
5339.24
5339.24
3491.16
3491.16
2058.74
2058.74
1435.53
1435.53
2293.43
2293.43
3708.94
3708.94
4773.13
4773.13
4773.13
4773.13
650.22
650.22
2682.06
2682.06
4596.42
4596.42
806.49
806.49
4705.26
4705.26
2742.17
2742.17
1048.83
1048.83
4899.39
4899.39
4899.39
4899.39
1351.67
1351.67
4445.44
4445.44
4642.37
4642.37
367.53
367.53
2625.76
2625.76
400.08
400.08
706.29
706.29
317.49
317.49
2410.52
2410.52
3793.98
3793.98
5334.90
5334.90
5034.06
5034.06
1805.67
1805.67
1284.28
1284.28
4655.74
4655.74
10.14
10.14
1929.80
1929.80
3206.17
3206.17
3206.17
3206.17
3206.17
3206.17
3206.17
3206.17
3206.17
3206.17
3206.17
3206.17
3206.17
3206.17
3206.17
3206.17
759.65
759.65
5172.73
5172.73
474.43
474.43
901.22
901.22
5365.24
5365.24
4011.72
4011.72
157.66
157.66
5577.12
5577.12
167.37
167.37
10.00
10.00
3744.24
3744.24
4648.42
4648.42
5076.87
5076.87
5061.59
5061.59
182.62
182.62
3429.90
3429.90
410.76
410.76
658.05
658.05
3963.45
3963.45
3541.15
3541.15
5425.09
5425.09
26.26
26.26
3011.57
3011.57
1207.57
1207.57
5153.32
5153.32
5123.44
5123.44
4710.12
4710.12
5195.07
5195.07
3239.09
3239.09
3965.77
3965.77
1611.31
1611.31
3082.53
3082.53
1029.09
1029.09
5304.31
5304.31
2376.97
2376.97
2812.01
2812.01
2854.21
2854.21
362.34
362.34
4764.79
4764.79
1791.57
1791.57
4486.78
4486.78
5186.13
5186.13
702.88
702.88
108.63
108.63
4294.55
4294.55
5070.17
5070.17
973.83
973.83
4877.06
4877.06
714.91
714.91
882.06
882.06
146.79
146.79
622.24
622.24
1783.46
1783.46
1065.37
1065.37
5033.34
5033.34
5437.27
5437.27
3767.66
3767.66
3326.29
3326.29
4230.33
4230.33
4067.45
4067.45
3536.07
3536.07
1633.52
1633.52
273.64
273.64
755.08
755.08
4252.22
4252.22
5133.67
5133.67
4213.51
4213.51
4498.98
4498.98
3397.89
3397.89
834.13
834.13
5548.32
5548.32
141.07
141.07
2028.66
2028.66
10.00
10.00
2624.19
2624.19
13.02
13.02
1413.27
1413.27
1671.89
1671.89
49.42
49.42
5563.60
5563.60
13.20
13.20
1274.85
1274.85
1667.30
1667.30
1905.72
1905.72
715.16
715.16
33.06
33.06
1701.80
1701.80
2171.34
2171.34
3277.76
3277.76
2652.82
2652.82
911.05
911.05
884.93
884.93
159.26
159.26
311.78
311.78
810.47
810.47
810.47
1918.90
1643.12
1643.12
5405.95
5405.95
242.27
242.27
13.59
13.59
375.40
375.40
735.31
735.31
2252.65
2252.65
10.00
10.00
2412.86
2412.86
2412.86
2412.86
2412.86
885.26
4566.30
4566.30
18.35
18.35
4677.89
4677.89
10.32
10.32
486.37
486.37
3500.66
3500.66
26.15
26.15
3429.45
3429.45
1618.26
1618.26
1578.62
1578.62
18.17
18.17
4622.89
4622.89
10.00
10.00
441.00
441.00
265.06
265.06
3583.74
3583.74
54.20
54.20
3247.46
3247.46
1019.13
1019.13
5533.74
5533.74
5533.74
5533.74
5533.74
5533.74
5533.74
5533.74
5533.74
5533.74
5533.74
5533.74
5533.74
5533.74
4394.30
4394.30
2769.07
2769.07
4400.97
4400.97
3753.09
3753.09
677.82
677.82
5042.66
5042.66
2227.25
2227.25
3172.80
3172.80
4069.05
4069.05
5180.65
5180.65
4845.53
4845.53
4075.73
4075.73
5310.68
5310.68
3939.89
3939.89
4134.67
4134.67
98.31
98.31
652.16
652.16
3465.56
3465.56
230.73
230.73
4768.06
4768.06
1112.92
1112.92
179.41
179.41
90.37
90.37
611.81
611.81
4966.23
4966.23
366.65
366.65
3979.92
3979.92
4689.08
4689.08
64.44
64.44
4451.96
4451.96
450.11
450.11
816.31
816.31
102.20
102.20
102.20
3392.88
3392.88
310.54
192.61
192.61
10.21
10.21
4524.57
