# 1Hz Kbps trace generated by import_real_world_traces.py
3007.13
478.64
142.84
717.11
1153.49
1153.49
1158.62
1158.62
354.49
354.49
1466.55
1466.55
1277.92
1277.92
440.66
440.66
13.08
13.08
13.72
13.72
873.56
873.56
49.54
49.54
16.09
16.09
111.29
111.29
106.78
106.78
57.25
57.25
403.33
403.33
868.88
868.88
734.10
734.10
1081.61
1081.61
1180.62
1180.62
419.85
419.85
293.96
293.96
810.31
810.31
11.02
11.02
39.13
39.13
75.44
75.44
97.81
97.81
1015.58
1015.58
1015.58
1015.58
1443.15
1443.15
10.00
10.00
2425.28
2425.28
639.57
639.57
16.70
16.70
2412.40
2412.40
347.07
347.07
235.93
235.93
528.75
528.75
1248.84
1248.84
1396.00
1396.00
1446.33
1446.33
331.93
331.93
271.86
271.86
20.79
